field_1,Taxon,Genus,Species,Hybrid,Subspecies,Variety,Origin,Provincial,National.S,latitude,longitude,geoprivacy,private_la,private_lo,id,layer,path
"4764",Ilex aquifolium,Ilex,aquifolium,,,,exotic,unlisted,,48.879056990000002,-123.319142799999995,private,"48.87905699","-123.3191428","2767539",obs_exotic,file:///D:/Simon/Sync/Root/GIS/Biodiversity%20Data/obs_exotic.csv?type=csv&maxFields=10000&detectTypes=yes&xField=longitude&yField=latitude&crs=EPSG:4326&spatialIndex=no&subsetIndex=no&watchFile=no
"74",Lamium galeobdolon ssp. argentatum,Lamium,galeobdolon,,argentatum,,exotic,unlisted,,48.873336000000002,-123.346591000000004,,NA,NA,"125681210",obs_exotic,file:///D:/Simon/Sync/Root/GIS/Biodiversity%20Data/obs_exotic.csv?type=csv&maxFields=10000&detectTypes=yes&xField=longitude&yField=latitude&crs=EPSG:4326&spatialIndex=no&subsetIndex=no&watchFile=no
"13725",Crocus × stellaris,Crocus,,Crocus × stellaris,,,exotic,unlisted,,48.895526570000001,-123.410335000000003,,NA,NA,"38469122",obs_exotic,file:///D:/Simon/Sync/Root/GIS/Biodiversity%20Data/obs_exotic.csv?type=csv&maxFields=10000&detectTypes=yes&xField=longitude&yField=latitude&crs=EPSG:4326&spatialIndex=no&subsetIndex=no&watchFile=no
"13726",Crocus × stellaris,Crocus,,Crocus × stellaris,,,exotic,unlisted,,48.895650000000003,-123.410346700000005,,NA,NA,"70515530",obs_exotic,file:///D:/Simon/Sync/Root/GIS/Biodiversity%20Data/obs_exotic.csv?type=csv&maxFields=10000&detectTypes=yes&xField=longitude&yField=latitude&crs=EPSG:4326&spatialIndex=no&subsetIndex=no&watchFile=no
"17867",Geranium × oxonianum,Geranium,,Geranium × oxonianum,,,exotic,unlisted,,48.872678229999998,-123.348945099999995,,NA,NA,"85291250",obs_exotic,file:///D:/Simon/Sync/Root/GIS/Biodiversity%20Data/obs_exotic.csv?type=csv&maxFields=10000&detectTypes=yes&xField=longitude&yField=latitude&crs=EPSG:4326&spatialIndex=no&subsetIndex=no&watchFile=no
"19320",Hyacinthoides × massartiana,Hyacinthoides,,Hyacinthoides × massartiana,,,exotic,unlisted,,48.892712469999999,-123.391152599999998,,NA,NA,"6047517",obs_exotic,file:///D:/Simon/Sync/Root/GIS/Biodiversity%20Data/obs_exotic.csv?type=csv&maxFields=10000&detectTypes=yes&xField=longitude&yField=latitude&crs=EPSG:4326&spatialIndex=no&subsetIndex=no&watchFile=no
"19321",Hyacinthoides × massartiana,Hyacinthoides,,Hyacinthoides × massartiana,,,exotic,unlisted,,48.872082300000002,-123.312289199999995,,NA,NA,"6425084",obs_exotic,file:///D:/Simon/Sync/Root/GIS/Biodiversity%20Data/obs_exotic.csv?type=csv&maxFields=10000&detectTypes=yes&xField=longitude&yField=latitude&crs=EPSG:4326&spatialIndex=no&subsetIndex=no&watchFile=no
"19322",Hyacinthoides × massartiana,Hyacinthoides,,Hyacinthoides × massartiana,,,exotic,unlisted,,48.872411669999998,-123.311541700000006,,NA,NA,"24701576",obs_exotic,file:///D:/Simon/Sync/Root/GIS/Biodiversity%20Data/obs_exotic.csv?type=csv&maxFields=10000&detectTypes=yes&xField=longitude&yField=latitude&crs=EPSG:4326&spatialIndex=no&subsetIndex=no&watchFile=no
"19323",Hyacinthoides × massartiana,Hyacinthoides,,Hyacinthoides × massartiana,,,exotic,unlisted,,48.871773949999998,-123.310873900000004,,NA,NA,"24713780",obs_exotic,file:///D:/Simon/Sync/Root/GIS/Biodiversity%20Data/obs_exotic.csv?type=csv&maxFields=10000&detectTypes=yes&xField=longitude&yField=latitude&crs=EPSG:4326&spatialIndex=no&subsetIndex=no&watchFile=no
"19324",Hyacinthoides × massartiana,Hyacinthoides,,Hyacinthoides × massartiana,,,exotic,unlisted,,48.868049999999997,-123.387171699999996,,NA,NA,"24768192",obs_exotic,file:///D:/Simon/Sync/Root/GIS/Biodiversity%20Data/obs_exotic.csv?type=csv&maxFields=10000&detectTypes=yes&xField=longitude&yField=latitude&crs=EPSG:4326&spatialIndex=no&subsetIndex=no&watchFile=no
"19325",Hyacinthoides × massartiana,Hyacinthoides,,Hyacinthoides × massartiana,,,exotic,unlisted,,48.868056670000001,-123.387161699999993,,NA,NA,"24768193",obs_exotic,file:///D:/Simon/Sync/Root/GIS/Biodiversity%20Data/obs_exotic.csv?type=csv&maxFields=10000&detectTypes=yes&xField=longitude&yField=latitude&crs=EPSG:4326&spatialIndex=no&subsetIndex=no&watchFile=no
"19326",Hyacinthoides × massartiana,Hyacinthoides,,Hyacinthoides × massartiana,,,exotic,unlisted,,48.871555000000001,-123.311058299999999,,NA,NA,"24874156",obs_exotic,file:///D:/Simon/Sync/Root/GIS/Biodiversity%20Data/obs_exotic.csv?type=csv&maxFields=10000&detectTypes=yes&xField=longitude&yField=latitude&crs=EPSG:4326&spatialIndex=no&subsetIndex=no&watchFile=no
"19327",Hyacinthoides × massartiana,Hyacinthoides,,Hyacinthoides × massartiana,,,exotic,unlisted,,48.871686670000003,-123.312103300000004,,NA,NA,"32125266",obs_exotic,file:///D:/Simon/Sync/Root/GIS/Biodiversity%20Data/obs_exotic.csv?type=csv&maxFields=10000&detectTypes=yes&xField=longitude&yField=latitude&crs=EPSG:4326&spatialIndex=no&subsetIndex=no&watchFile=no
"19328",Hyacinthoides × massartiana,Hyacinthoides,,Hyacinthoides × massartiana,,,exotic,unlisted,,48.898256670000002,-123.401120000000006,,NA,NA,"110820863",obs_exotic,file:///D:/Simon/Sync/Root/GIS/Biodiversity%20Data/obs_exotic.csv?type=csv&maxFields=10000&detectTypes=yes&xField=longitude&yField=latitude&crs=EPSG:4326&spatialIndex=no&subsetIndex=no&watchFile=no
"19329",Hyacinthoides × massartiana,Hyacinthoides,,Hyacinthoides × massartiana,,,exotic,unlisted,,48.871596670000002,-123.311128299999993,,NA,NA,"111111016",obs_exotic,file:///D:/Simon/Sync/Root/GIS/Biodiversity%20Data/obs_exotic.csv?type=csv&maxFields=10000&detectTypes=yes&xField=longitude&yField=latitude&crs=EPSG:4326&spatialIndex=no&subsetIndex=no&watchFile=no
"19730",Iris × hybrida,Iris,,Iris × hybrida,,,exotic,unlisted,,48.868830000000003,-123.312174999999996,,NA,NA,"121538470",obs_exotic,file:///D:/Simon/Sync/Root/GIS/Biodiversity%20Data/obs_exotic.csv?type=csv&maxFields=10000&detectTypes=yes&xField=longitude&yField=latitude&crs=EPSG:4326&spatialIndex=no&subsetIndex=no&watchFile=no
"22710",Achillea millefolium,Achillea,millefolium,,,,exotic,unlisted,,48.926842000000001,-123.469504999999998,,NA,NA,"2621438",obs_exotic,file:///D:/Simon/Sync/Root/GIS/Biodiversity%20Data/obs_exotic.csv?type=csv&maxFields=10000&detectTypes=yes&xField=longitude&yField=latitude&crs=EPSG:4326&spatialIndex=no&subsetIndex=no&watchFile=no
"22810",Achillea millefolium,Achillea,millefolium,,,,exotic,unlisted,,48.867548999999997,-123.339915000000005,,NA,NA,"3040869",obs_exotic,file:///D:/Simon/Sync/Root/GIS/Biodiversity%20Data/obs_exotic.csv?type=csv&maxFields=10000&detectTypes=yes&xField=longitude&yField=latitude&crs=EPSG:4326&spatialIndex=no&subsetIndex=no&watchFile=no
"22910",Achillea millefolium,Achillea,millefolium,,,,exotic,unlisted,,48.915906000000000,-123.422921000000002,,NA,NA,"3123049",obs_exotic,file:///D:/Simon/Sync/Root/GIS/Biodiversity%20Data/obs_exotic.csv?type=csv&maxFields=10000&detectTypes=yes&xField=longitude&yField=latitude&crs=EPSG:4326&spatialIndex=no&subsetIndex=no&watchFile=no
"23010",Achillea millefolium,Achillea,millefolium,,,,exotic,unlisted,,48.915973999999999,-123.424808999999996,,NA,NA,"3296788",obs_exotic,file:///D:/Simon/Sync/Root/GIS/Biodiversity%20Data/obs_exotic.csv?type=csv&maxFields=10000&detectTypes=yes&xField=longitude&yField=latitude&crs=EPSG:4326&spatialIndex=no&subsetIndex=no&watchFile=no
"23110",Achillea millefolium,Achillea,millefolium,,,,exotic,unlisted,,48.932774000000002,-123.485298000000000,,NA,NA,"3317303",obs_exotic,file:///D:/Simon/Sync/Root/GIS/Biodiversity%20Data/obs_exotic.csv?type=csv&maxFields=10000&detectTypes=yes&xField=longitude&yField=latitude&crs=EPSG:4326&spatialIndex=no&subsetIndex=no&watchFile=no
"23210",Achillea millefolium,Achillea,millefolium,,,,exotic,unlisted,,48.932485999999997,-123.483839000000003,,NA,NA,"3317563",obs_exotic,file:///D:/Simon/Sync/Root/GIS/Biodiversity%20Data/obs_exotic.csv?type=csv&maxFields=10000&detectTypes=yes&xField=longitude&yField=latitude&crs=EPSG:4326&spatialIndex=no&subsetIndex=no&watchFile=no
"23310",Achillea millefolium,Achillea,millefolium,,,,exotic,unlisted,,49.014175000000002,-123.573768000000001,,NA,NA,"3542998",obs_exotic,file:///D:/Simon/Sync/Root/GIS/Biodiversity%20Data/obs_exotic.csv?type=csv&maxFields=10000&detectTypes=yes&xField=longitude&yField=latitude&crs=EPSG:4326&spatialIndex=no&subsetIndex=no&watchFile=no
"23410",Achillea millefolium,Achillea,millefolium,,,,exotic,unlisted,,48.898639000000003,-123.338898000000000,,NA,NA,"3636542",obs_exotic,file:///D:/Simon/Sync/Root/GIS/Biodiversity%20Data/obs_exotic.csv?type=csv&maxFields=10000&detectTypes=yes&xField=longitude&yField=latitude&crs=EPSG:4326&spatialIndex=no&subsetIndex=no&watchFile=no
"23510",Achillea millefolium,Achillea,millefolium,,,,exotic,unlisted,,48.898304000000003,-123.407278000000005,,NA,NA,"3652871",obs_exotic,file:///D:/Simon/Sync/Root/GIS/Biodiversity%20Data/obs_exotic.csv?type=csv&maxFields=10000&detectTypes=yes&xField=longitude&yField=latitude&crs=EPSG:4326&spatialIndex=no&subsetIndex=no&watchFile=no
"23610",Achillea millefolium,Achillea,millefolium,,,,exotic,unlisted,,48.958258000000001,-123.532471000000001,,NA,NA,"3681832",obs_exotic,file:///D:/Simon/Sync/Root/GIS/Biodiversity%20Data/obs_exotic.csv?type=csv&maxFields=10000&detectTypes=yes&xField=longitude&yField=latitude&crs=EPSG:4326&spatialIndex=no&subsetIndex=no&watchFile=no
"23710",Achillea millefolium,Achillea,millefolium,,,,exotic,unlisted,,48.898778460000003,-123.407680400000004,,NA,NA,"3700980",obs_exotic,file:///D:/Simon/Sync/Root/GIS/Biodiversity%20Data/obs_exotic.csv?type=csv&maxFields=10000&detectTypes=yes&xField=longitude&yField=latitude&crs=EPSG:4326&spatialIndex=no&subsetIndex=no&watchFile=no
"23810",Achillea millefolium,Achillea,millefolium,,,,exotic,unlisted,,48.866797450000000,-123.381601300000000,,NA,NA,"6471904",obs_exotic,file:///D:/Simon/Sync/Root/GIS/Biodiversity%20Data/obs_exotic.csv?type=csv&maxFields=10000&detectTypes=yes&xField=longitude&yField=latitude&crs=EPSG:4326&spatialIndex=no&subsetIndex=no&watchFile=no
"23910",Achillea millefolium,Achillea,millefolium,,,,exotic,unlisted,,48.939164169999998,-123.500676600000006,,NA,NA,"6601045",obs_exotic,file:///D:/Simon/Sync/Root/GIS/Biodiversity%20Data/obs_exotic.csv?type=csv&maxFields=10000&detectTypes=yes&xField=longitude&yField=latitude&crs=EPSG:4326&spatialIndex=no&subsetIndex=no&watchFile=no
"24010",Achillea millefolium,Achillea,millefolium,,,,exotic,unlisted,,48.867069000000001,-123.337840999999997,,NA,NA,"12755641",obs_exotic,file:///D:/Simon/Sync/Root/GIS/Biodiversity%20Data/obs_exotic.csv?type=csv&maxFields=10000&detectTypes=yes&xField=longitude&yField=latitude&crs=EPSG:4326&spatialIndex=no&subsetIndex=no&watchFile=no
"24110",Achillea millefolium,Achillea,millefolium,,,,exotic,unlisted,,48.867831000000002,-123.340163000000004,,NA,NA,"13979975",obs_exotic,file:///D:/Simon/Sync/Root/GIS/Biodiversity%20Data/obs_exotic.csv?type=csv&maxFields=10000&detectTypes=yes&xField=longitude&yField=latitude&crs=EPSG:4326&spatialIndex=no&subsetIndex=no&watchFile=no
"24210",Achillea millefolium,Achillea,millefolium,,,,exotic,unlisted,,48.958325000000002,-123.532228300000000,,NA,NA,"21351584",obs_exotic,file:///D:/Simon/Sync/Root/GIS/Biodiversity%20Data/obs_exotic.csv?type=csv&maxFields=10000&detectTypes=yes&xField=longitude&yField=latitude&crs=EPSG:4326&spatialIndex=no&subsetIndex=no&watchFile=no
"24310",Achillea millefolium,Achillea,millefolium,,,,exotic,unlisted,,49.012993330000000,-123.572568300000000,,NA,NA,"24497736",obs_exotic,file:///D:/Simon/Sync/Root/GIS/Biodiversity%20Data/obs_exotic.csv?type=csv&maxFields=10000&detectTypes=yes&xField=longitude&yField=latitude&crs=EPSG:4326&spatialIndex=no&subsetIndex=no&watchFile=no
"24410",Achillea millefolium,Achillea,millefolium,,,,exotic,unlisted,,48.897963380000000,-123.406175700000006,,NA,NA,"24609264",obs_exotic,file:///D:/Simon/Sync/Root/GIS/Biodiversity%20Data/obs_exotic.csv?type=csv&maxFields=10000&detectTypes=yes&xField=longitude&yField=latitude&crs=EPSG:4326&spatialIndex=no&subsetIndex=no&watchFile=no
"24510",Achillea millefolium,Achillea,millefolium,,,,exotic,unlisted,,48.869644440000002,-123.379402799999994,,NA,NA,"24688009",obs_exotic,file:///D:/Simon/Sync/Root/GIS/Biodiversity%20Data/obs_exotic.csv?type=csv&maxFields=10000&detectTypes=yes&xField=longitude&yField=latitude&crs=EPSG:4326&spatialIndex=no&subsetIndex=no&watchFile=no
"24610",Achillea millefolium,Achillea,millefolium,,,,exotic,unlisted,,48.871803270000001,-123.310591599999995,,NA,NA,"24689165",obs_exotic,file:///D:/Simon/Sync/Root/GIS/Biodiversity%20Data/obs_exotic.csv?type=csv&maxFields=10000&detectTypes=yes&xField=longitude&yField=latitude&crs=EPSG:4326&spatialIndex=no&subsetIndex=no&watchFile=no
"24710",Achillea millefolium,Achillea,millefolium,,,,exotic,unlisted,,48.871780559999998,-123.310708300000002,,NA,NA,"24697664",obs_exotic,file:///D:/Simon/Sync/Root/GIS/Biodiversity%20Data/obs_exotic.csv?type=csv&maxFields=10000&detectTypes=yes&xField=longitude&yField=latitude&crs=EPSG:4326&spatialIndex=no&subsetIndex=no&watchFile=no
"24810",Achillea millefolium,Achillea,millefolium,,,,exotic,unlisted,,48.957621670000002,-123.541428300000007,,NA,NA,"24699123",obs_exotic,file:///D:/Simon/Sync/Root/GIS/Biodiversity%20Data/obs_exotic.csv?type=csv&maxFields=10000&detectTypes=yes&xField=longitude&yField=latitude&crs=EPSG:4326&spatialIndex=no&subsetIndex=no&watchFile=no
"24910",Achillea millefolium,Achillea,millefolium,,,,exotic,unlisted,,48.896838889999998,-123.406341699999999,,NA,NA,"24701247",obs_exotic,file:///D:/Simon/Sync/Root/GIS/Biodiversity%20Data/obs_exotic.csv?type=csv&maxFields=10000&detectTypes=yes&xField=longitude&yField=latitude&crs=EPSG:4326&spatialIndex=no&subsetIndex=no&watchFile=no
"25010",Achillea millefolium,Achillea,millefolium,,,,exotic,unlisted,,48.893741669999997,-123.403572199999999,,NA,NA,"24701297",obs_exotic,file:///D:/Simon/Sync/Root/GIS/Biodiversity%20Data/obs_exotic.csv?type=csv&maxFields=10000&detectTypes=yes&xField=longitude&yField=latitude&crs=EPSG:4326&spatialIndex=no&subsetIndex=no&watchFile=no
"25110",Achillea millefolium,Achillea,millefolium,,,,exotic,unlisted,,48.871716950000000,-123.310786800000002,,NA,NA,"24707945",obs_exotic,file:///D:/Simon/Sync/Root/GIS/Biodiversity%20Data/obs_exotic.csv?type=csv&maxFields=10000&detectTypes=yes&xField=longitude&yField=latitude&crs=EPSG:4326&spatialIndex=no&subsetIndex=no&watchFile=no
"25210",Achillea millefolium,Achillea,millefolium,,,,exotic,unlisted,,48.872176949999997,-123.311767500000002,,NA,NA,"24710817",obs_exotic,file:///D:/Simon/Sync/Root/GIS/Biodiversity%20Data/obs_exotic.csv?type=csv&maxFields=10000&detectTypes=yes&xField=longitude&yField=latitude&crs=EPSG:4326&spatialIndex=no&subsetIndex=no&watchFile=no
"25310",Achillea millefolium,Achillea,millefolium,,,,exotic,unlisted,,48.895746910000000,-123.410459700000004,,NA,NA,"24937357",obs_exotic,file:///D:/Simon/Sync/Root/GIS/Biodiversity%20Data/obs_exotic.csv?type=csv&maxFields=10000&detectTypes=yes&xField=longitude&yField=latitude&crs=EPSG:4326&spatialIndex=no&subsetIndex=no&watchFile=no
"25410",Achillea millefolium,Achillea,millefolium,,,,exotic,unlisted,,48.867663329999999,-123.339050000000000,,NA,NA,"25085329",obs_exotic,file:///D:/Simon/Sync/Root/GIS/Biodiversity%20Data/obs_exotic.csv?type=csv&maxFields=10000&detectTypes=yes&xField=longitude&yField=latitude&crs=EPSG:4326&spatialIndex=no&subsetIndex=no&watchFile=no
"25510",Achillea millefolium,Achillea,millefolium,,,,exotic,unlisted,,48.899224310000001,-123.407532599999996,,NA,NA,"25200277",obs_exotic,file:///D:/Simon/Sync/Root/GIS/Biodiversity%20Data/obs_exotic.csv?type=csv&maxFields=10000&detectTypes=yes&xField=longitude&yField=latitude&crs=EPSG:4326&spatialIndex=no&subsetIndex=no&watchFile=no
"25610",Achillea millefolium,Achillea,millefolium,,,,exotic,unlisted,,48.867679000000003,-123.340271000000001,,NA,NA,"25398442",obs_exotic,file:///D:/Simon/Sync/Root/GIS/Biodiversity%20Data/obs_exotic.csv?type=csv&maxFields=10000&detectTypes=yes&xField=longitude&yField=latitude&crs=EPSG:4326&spatialIndex=no&subsetIndex=no&watchFile=no
"25710",Achillea millefolium,Achillea,millefolium,,,,exotic,unlisted,,48.898710250000001,-123.406856199999993,,NA,NA,"25476509",obs_exotic,file:///D:/Simon/Sync/Root/GIS/Biodiversity%20Data/obs_exotic.csv?type=csv&maxFields=10000&detectTypes=yes&xField=longitude&yField=latitude&crs=EPSG:4326&spatialIndex=no&subsetIndex=no&watchFile=no
"25810",Achillea millefolium,Achillea,millefolium,,,,exotic,unlisted,,48.896972220000002,-123.406372200000007,,NA,NA,"25656979",obs_exotic,file:///D:/Simon/Sync/Root/GIS/Biodiversity%20Data/obs_exotic.csv?type=csv&maxFields=10000&detectTypes=yes&xField=longitude&yField=latitude&crs=EPSG:4326&spatialIndex=no&subsetIndex=no&watchFile=no
"25910",Achillea millefolium,Achillea,millefolium,,,,exotic,unlisted,,48.933238199999998,-123.486465499999994,,NA,NA,"26417500",obs_exotic,file:///D:/Simon/Sync/Root/GIS/Biodiversity%20Data/obs_exotic.csv?type=csv&maxFields=10000&detectTypes=yes&xField=longitude&yField=latitude&crs=EPSG:4326&spatialIndex=no&subsetIndex=no&watchFile=no
"26010",Achillea millefolium,Achillea,millefolium,,,,exotic,unlisted,,48.952136840000001,-123.519733500000001,,NA,NA,"30700007",obs_exotic,file:///D:/Simon/Sync/Root/GIS/Biodiversity%20Data/obs_exotic.csv?type=csv&maxFields=10000&detectTypes=yes&xField=longitude&yField=latitude&crs=EPSG:4326&spatialIndex=no&subsetIndex=no&watchFile=no
"26110",Achillea millefolium,Achillea,millefolium,,,,exotic,unlisted,,48.901254999999999,-123.405333299999995,,NA,NA,"32128772",obs_exotic,file:///D:/Simon/Sync/Root/GIS/Biodiversity%20Data/obs_exotic.csv?type=csv&maxFields=10000&detectTypes=yes&xField=longitude&yField=latitude&crs=EPSG:4326&spatialIndex=no&subsetIndex=no&watchFile=no
"26210",Achillea millefolium,Achillea,millefolium,,,,exotic,unlisted,,48.938254999999998,-123.499716699999993,,NA,NA,"49134061",obs_exotic,file:///D:/Simon/Sync/Root/GIS/Biodiversity%20Data/obs_exotic.csv?type=csv&maxFields=10000&detectTypes=yes&xField=longitude&yField=latitude&crs=EPSG:4326&spatialIndex=no&subsetIndex=no&watchFile=no
"26310",Achillea millefolium,Achillea,millefolium,,,,exotic,unlisted,,48.952331579999999,-123.519275800000003,,NA,NA,"49627597",obs_exotic,file:///D:/Simon/Sync/Root/GIS/Biodiversity%20Data/obs_exotic.csv?type=csv&maxFields=10000&detectTypes=yes&xField=longitude&yField=latitude&crs=EPSG:4326&spatialIndex=no&subsetIndex=no&watchFile=no
"26410",Achillea millefolium,Achillea,millefolium,,,,exotic,unlisted,,48.871788330000001,-123.310495000000003,,NA,NA,"49684541",obs_exotic,file:///D:/Simon/Sync/Root/GIS/Biodiversity%20Data/obs_exotic.csv?type=csv&maxFields=10000&detectTypes=yes&xField=longitude&yField=latitude&crs=EPSG:4326&spatialIndex=no&subsetIndex=no&watchFile=no
"26510",Achillea millefolium,Achillea,millefolium,,,,exotic,unlisted,,48.887041670000002,-123.373888300000004,,NA,NA,"53022052",obs_exotic,file:///D:/Simon/Sync/Root/GIS/Biodiversity%20Data/obs_exotic.csv?type=csv&maxFields=10000&detectTypes=yes&xField=longitude&yField=latitude&crs=EPSG:4326&spatialIndex=no&subsetIndex=no&watchFile=no
"26610",Achillea millefolium,Achillea,millefolium,,,,exotic,unlisted,,48.933102689999998,-123.486521800000006,,NA,NA,"62565128",obs_exotic,file:///D:/Simon/Sync/Root/GIS/Biodiversity%20Data/obs_exotic.csv?type=csv&maxFields=10000&detectTypes=yes&xField=longitude&yField=latitude&crs=EPSG:4326&spatialIndex=no&subsetIndex=no&watchFile=no
"26710",Achillea millefolium,Achillea,millefolium,,,,exotic,unlisted,,48.954197219999998,-123.524055599999997,,NA,NA,"66238960",obs_exotic,file:///D:/Simon/Sync/Root/GIS/Biodiversity%20Data/obs_exotic.csv?type=csv&maxFields=10000&detectTypes=yes&xField=longitude&yField=latitude&crs=EPSG:4326&spatialIndex=no&subsetIndex=no&watchFile=no
"26810",Achillea millefolium,Achillea,millefolium,,,,exotic,unlisted,,49.010923179999999,-123.575499500000006,,NA,NA,"83604933",obs_exotic,file:///D:/Simon/Sync/Root/GIS/Biodiversity%20Data/obs_exotic.csv?type=csv&maxFields=10000&detectTypes=yes&xField=longitude&yField=latitude&crs=EPSG:4326&spatialIndex=no&subsetIndex=no&watchFile=no
"26910",Achillea millefolium,Achillea,millefolium,,,,exotic,unlisted,,48.928638479999996,-123.468517100000000,,NA,NA,"83854768",obs_exotic,file:///D:/Simon/Sync/Root/GIS/Biodiversity%20Data/obs_exotic.csv?type=csv&maxFields=10000&detectTypes=yes&xField=longitude&yField=latitude&crs=EPSG:4326&spatialIndex=no&subsetIndex=no&watchFile=no
"27010",Achillea millefolium,Achillea,millefolium,,,,exotic,unlisted,,48.927270370000002,-123.469823399999996,,NA,NA,"84001197",obs_exotic,file:///D:/Simon/Sync/Root/GIS/Biodiversity%20Data/obs_exotic.csv?type=csv&maxFields=10000&detectTypes=yes&xField=longitude&yField=latitude&crs=EPSG:4326&spatialIndex=no&subsetIndex=no&watchFile=no
"27110",Achillea millefolium,Achillea,millefolium,,,,exotic,unlisted,,48.930688799999999,-123.468950800000002,,NA,NA,"84009998",obs_exotic,file:///D:/Simon/Sync/Root/GIS/Biodiversity%20Data/obs_exotic.csv?type=csv&maxFields=10000&detectTypes=yes&xField=longitude&yField=latitude&crs=EPSG:4326&spatialIndex=no&subsetIndex=no&watchFile=no
"27210",Achillea millefolium,Achillea,millefolium,,,,exotic,unlisted,,48.928291459999997,-123.467952699999998,,NA,NA,"84061930",obs_exotic,file:///D:/Simon/Sync/Root/GIS/Biodiversity%20Data/obs_exotic.csv?type=csv&maxFields=10000&detectTypes=yes&xField=longitude&yField=latitude&crs=EPSG:4326&spatialIndex=no&subsetIndex=no&watchFile=no
"27310",Achillea millefolium,Achillea,millefolium,,,,exotic,unlisted,,48.926766669999999,-123.466286699999998,,NA,NA,"84312924",obs_exotic,file:///D:/Simon/Sync/Root/GIS/Biodiversity%20Data/obs_exotic.csv?type=csv&maxFields=10000&detectTypes=yes&xField=longitude&yField=latitude&crs=EPSG:4326&spatialIndex=no&subsetIndex=no&watchFile=no
"27410",Achillea millefolium,Achillea,millefolium,,,,exotic,unlisted,,48.929924999999997,-123.467849999999999,,NA,NA,"84498768",obs_exotic,file:///D:/Simon/Sync/Root/GIS/Biodiversity%20Data/obs_exotic.csv?type=csv&maxFields=10000&detectTypes=yes&xField=longitude&yField=latitude&crs=EPSG:4326&spatialIndex=no&subsetIndex=no&watchFile=no
"27510",Achillea millefolium,Achillea,millefolium,,,,exotic,unlisted,,48.931203330000002,-123.475783300000003,,NA,NA,"84580817",obs_exotic,file:///D:/Simon/Sync/Root/GIS/Biodiversity%20Data/obs_exotic.csv?type=csv&maxFields=10000&detectTypes=yes&xField=longitude&yField=latitude&crs=EPSG:4326&spatialIndex=no&subsetIndex=no&watchFile=no
"27610",Achillea millefolium,Achillea,millefolium,,,,exotic,unlisted,,48.931145000000001,-123.475700000000003,,NA,NA,"84652930",obs_exotic,file:///D:/Simon/Sync/Root/GIS/Biodiversity%20Data/obs_exotic.csv?type=csv&maxFields=10000&detectTypes=yes&xField=longitude&yField=latitude&crs=EPSG:4326&spatialIndex=no&subsetIndex=no&watchFile=no
"27710",Achillea millefolium,Achillea,millefolium,,,,exotic,unlisted,,48.928661669999997,-123.468186700000004,,NA,NA,"84750625",obs_exotic,file:///D:/Simon/Sync/Root/GIS/Biodiversity%20Data/obs_exotic.csv?type=csv&maxFields=10000&detectTypes=yes&xField=longitude&yField=latitude&crs=EPSG:4326&spatialIndex=no&subsetIndex=no&watchFile=no
"27810",Achillea millefolium,Achillea,millefolium,,,,exotic,unlisted,,48.898854499999999,-123.407543599999997,,NA,NA,"89269013",obs_exotic,file:///D:/Simon/Sync/Root/GIS/Biodiversity%20Data/obs_exotic.csv?type=csv&maxFields=10000&detectTypes=yes&xField=longitude&yField=latitude&crs=EPSG:4326&spatialIndex=no&subsetIndex=no&watchFile=no
"27910",Achillea millefolium,Achillea,millefolium,,,,exotic,unlisted,,48.991283529999997,-123.551799099999997,,NA,NA,"100641898",obs_exotic,file:///D:/Simon/Sync/Root/GIS/Biodiversity%20Data/obs_exotic.csv?type=csv&maxFields=10000&detectTypes=yes&xField=longitude&yField=latitude&crs=EPSG:4326&spatialIndex=no&subsetIndex=no&watchFile=no
"28010",Achillea millefolium,Achillea,millefolium,,,,exotic,unlisted,,48.896089289999999,-123.383480500000005,,NA,NA,"102152766",obs_exotic,file:///D:/Simon/Sync/Root/GIS/Biodiversity%20Data/obs_exotic.csv?type=csv&maxFields=10000&detectTypes=yes&xField=longitude&yField=latitude&crs=EPSG:4326&spatialIndex=no&subsetIndex=no&watchFile=no
"28110",Achillea millefolium,Achillea,millefolium,,,,exotic,unlisted,,48.957326790000003,-123.530194100000003,,NA,NA,"117203500",obs_exotic,file:///D:/Simon/Sync/Root/GIS/Biodiversity%20Data/obs_exotic.csv?type=csv&maxFields=10000&detectTypes=yes&xField=longitude&yField=latitude&crs=EPSG:4326&spatialIndex=no&subsetIndex=no&watchFile=no
"28210",Achillea millefolium,Achillea,millefolium,,,,exotic,unlisted,,48.929821670000003,-123.467955000000003,,NA,NA,"121541608",obs_exotic,file:///D:/Simon/Sync/Root/GIS/Biodiversity%20Data/obs_exotic.csv?type=csv&maxFields=10000&detectTypes=yes&xField=longitude&yField=latitude&crs=EPSG:4326&spatialIndex=no&subsetIndex=no&watchFile=no
"28310",Achillea millefolium,Achillea,millefolium,,,,exotic,unlisted,,48.871904999999998,-123.311363299999996,,NA,NA,"122839820",obs_exotic,file:///D:/Simon/Sync/Root/GIS/Biodiversity%20Data/obs_exotic.csv?type=csv&maxFields=10000&detectTypes=yes&xField=longitude&yField=latitude&crs=EPSG:4326&spatialIndex=no&subsetIndex=no&watchFile=no
"28410",Achillea millefolium,Achillea,millefolium,,,,exotic,unlisted,,48.929944069999998,-123.466230999999993,,NA,NA,"123185341",obs_exotic,file:///D:/Simon/Sync/Root/GIS/Biodiversity%20Data/obs_exotic.csv?type=csv&maxFields=10000&detectTypes=yes&xField=longitude&yField=latitude&crs=EPSG:4326&spatialIndex=no&subsetIndex=no&watchFile=no
"28510",Achillea millefolium,Achillea,millefolium,,,,exotic,unlisted,,49.013216669999998,-123.573118300000004,,NA,NA,"123934586",obs_exotic,file:///D:/Simon/Sync/Root/GIS/Biodiversity%20Data/obs_exotic.csv?type=csv&maxFields=10000&detectTypes=yes&xField=longitude&yField=latitude&crs=EPSG:4326&spatialIndex=no&subsetIndex=no&watchFile=no
"28610",Achillea millefolium,Achillea,millefolium,,,,exotic,unlisted,,48.898504230000000,-123.407916099999994,,NA,NA,"126114215",obs_exotic,file:///D:/Simon/Sync/Root/GIS/Biodiversity%20Data/obs_exotic.csv?type=csv&maxFields=10000&detectTypes=yes&xField=longitude&yField=latitude&crs=EPSG:4326&spatialIndex=no&subsetIndex=no&watchFile=no
"28710",Achillea millefolium,Achillea,millefolium,,,,exotic,unlisted,,48.897091670000002,-123.405280000000005,,NA,NA,"126354480",obs_exotic,file:///D:/Simon/Sync/Root/GIS/Biodiversity%20Data/obs_exotic.csv?type=csv&maxFields=10000&detectTypes=yes&xField=longitude&yField=latitude&crs=EPSG:4326&spatialIndex=no&subsetIndex=no&watchFile=no
"28810",Achillea millefolium,Achillea,millefolium,,,,exotic,unlisted,,48.871761669999998,-123.310853300000005,,NA,NA,"129443855",obs_exotic,file:///D:/Simon/Sync/Root/GIS/Biodiversity%20Data/obs_exotic.csv?type=csv&maxFields=10000&detectTypes=yes&xField=longitude&yField=latitude&crs=EPSG:4326&spatialIndex=no&subsetIndex=no&watchFile=no
"28910",Achillea millefolium,Achillea,millefolium,,,,exotic,unlisted,,48.895336669999999,-123.392061699999999,,NA,NA,"129712571",obs_exotic,file:///D:/Simon/Sync/Root/GIS/Biodiversity%20Data/obs_exotic.csv?type=csv&maxFields=10000&detectTypes=yes&xField=longitude&yField=latitude&crs=EPSG:4326&spatialIndex=no&subsetIndex=no&watchFile=no
"29010",Achillea millefolium,Achillea,millefolium,,,,exotic,unlisted,,48.896745000000003,-123.406333300000000,,NA,NA,"131413514",obs_exotic,file:///D:/Simon/Sync/Root/GIS/Biodiversity%20Data/obs_exotic.csv?type=csv&maxFields=10000&detectTypes=yes&xField=longitude&yField=latitude&crs=EPSG:4326&spatialIndex=no&subsetIndex=no&watchFile=no
"29110",Achillea millefolium,Achillea,millefolium,,,,exotic,unlisted,,48.898383330000001,-123.402130000000000,,NA,NA,"135832827",obs_exotic,file:///D:/Simon/Sync/Root/GIS/Biodiversity%20Data/obs_exotic.csv?type=csv&maxFields=10000&detectTypes=yes&xField=longitude&yField=latitude&crs=EPSG:4326&spatialIndex=no&subsetIndex=no&watchFile=no
"523",Aesculus hippocastanum,Aesculus,hippocastanum,,,,exotic,unlisted,,48.930613999999998,-123.474698000000004,,NA,NA,"3329680",obs_exotic,file:///D:/Simon/Sync/Root/GIS/Biodiversity%20Data/obs_exotic.csv?type=csv&maxFields=10000&detectTypes=yes&xField=longitude&yField=latitude&crs=EPSG:4326&spatialIndex=no&subsetIndex=no&watchFile=no
"524",Aesculus hippocastanum,Aesculus,hippocastanum,,,,exotic,unlisted,,48.931120919999998,-123.474669800000001,,NA,NA,"118330339",obs_exotic,file:///D:/Simon/Sync/Root/GIS/Biodiversity%20Data/obs_exotic.csv?type=csv&maxFields=10000&detectTypes=yes&xField=longitude&yField=latitude&crs=EPSG:4326&spatialIndex=no&subsetIndex=no&watchFile=no
"525",Aesculus hippocastanum,Aesculus,hippocastanum,,,,exotic,unlisted,,48.909733580000001,-123.412080399999994,,NA,NA,"121635368",obs_exotic,file:///D:/Simon/Sync/Root/GIS/Biodiversity%20Data/obs_exotic.csv?type=csv&maxFields=10000&detectTypes=yes&xField=longitude&yField=latitude&crs=EPSG:4326&spatialIndex=no&subsetIndex=no&watchFile=no
"526",Agrostis capillaris,Agrostis,capillaris,,,,exotic,unlisted,,48.869977400000003,-123.345386899999994,,NA,NA,"13845807",obs_exotic,file:///D:/Simon/Sync/Root/GIS/Biodiversity%20Data/obs_exotic.csv?type=csv&maxFields=10000&detectTypes=yes&xField=longitude&yField=latitude&crs=EPSG:4326&spatialIndex=no&subsetIndex=no&watchFile=no
"527",Agrostis capillaris,Agrostis,capillaris,,,,exotic,unlisted,,48.930098440000002,-123.467224000000002,,NA,NA,"52907413",obs_exotic,file:///D:/Simon/Sync/Root/GIS/Biodiversity%20Data/obs_exotic.csv?type=csv&maxFields=10000&detectTypes=yes&xField=longitude&yField=latitude&crs=EPSG:4326&spatialIndex=no&subsetIndex=no&watchFile=no
"528",Agrostis capillaris,Agrostis,capillaris,,,,exotic,unlisted,,48.930212470000001,-123.467386000000005,,NA,NA,"52922636",obs_exotic,file:///D:/Simon/Sync/Root/GIS/Biodiversity%20Data/obs_exotic.csv?type=csv&maxFields=10000&detectTypes=yes&xField=longitude&yField=latitude&crs=EPSG:4326&spatialIndex=no&subsetIndex=no&watchFile=no
"529",Agrostis capillaris,Agrostis,capillaris,,,,exotic,unlisted,,48.932154509999997,-123.479040400000002,,NA,NA,"53385782",obs_exotic,file:///D:/Simon/Sync/Root/GIS/Biodiversity%20Data/obs_exotic.csv?type=csv&maxFields=10000&detectTypes=yes&xField=longitude&yField=latitude&crs=EPSG:4326&spatialIndex=no&subsetIndex=no&watchFile=no
"530",Agrostis capillaris,Agrostis,capillaris,,,,exotic,unlisted,,48.932171390000001,-123.479292700000002,,NA,NA,"53992651",obs_exotic,file:///D:/Simon/Sync/Root/GIS/Biodiversity%20Data/obs_exotic.csv?type=csv&maxFields=10000&detectTypes=yes&xField=longitude&yField=latitude&crs=EPSG:4326&spatialIndex=no&subsetIndex=no&watchFile=no
"531",Agrostis capillaris,Agrostis,capillaris,,,,exotic,unlisted,,48.938136110000002,-123.477225000000004,,NA,NA,"126017355",obs_exotic,file:///D:/Simon/Sync/Root/GIS/Biodiversity%20Data/obs_exotic.csv?type=csv&maxFields=10000&detectTypes=yes&xField=longitude&yField=latitude&crs=EPSG:4326&spatialIndex=no&subsetIndex=no&watchFile=no
"532",Agrostis capillaris,Agrostis,capillaris,,,,exotic,unlisted,,48.938130559999998,-123.477172199999998,,NA,NA,"126017356",obs_exotic,file:///D:/Simon/Sync/Root/GIS/Biodiversity%20Data/obs_exotic.csv?type=csv&maxFields=10000&detectTypes=yes&xField=longitude&yField=latitude&crs=EPSG:4326&spatialIndex=no&subsetIndex=no&watchFile=no
"533",Agrostis capillaris,Agrostis,capillaris,,,,exotic,unlisted,,48.938847220000000,-123.477813900000001,,NA,NA,"126017362",obs_exotic,file:///D:/Simon/Sync/Root/GIS/Biodiversity%20Data/obs_exotic.csv?type=csv&maxFields=10000&detectTypes=yes&xField=longitude&yField=latitude&crs=EPSG:4326&spatialIndex=no&subsetIndex=no&watchFile=no
"534",Agrostis capillaris,Agrostis,capillaris,,,,exotic,unlisted,,48.910854999999998,-123.415978300000006,,NA,NA,"126022639",obs_exotic,file:///D:/Simon/Sync/Root/GIS/Biodiversity%20Data/obs_exotic.csv?type=csv&maxFields=10000&detectTypes=yes&xField=longitude&yField=latitude&crs=EPSG:4326&spatialIndex=no&subsetIndex=no&watchFile=no
"537",Agrostis gigantea,Agrostis,gigantea,,,,exotic,unlisted,,48.930174670000000,-123.467210499999993,,NA,NA,"52922478",obs_exotic,file:///D:/Simon/Sync/Root/GIS/Biodiversity%20Data/obs_exotic.csv?type=csv&maxFields=10000&detectTypes=yes&xField=longitude&yField=latitude&crs=EPSG:4326&spatialIndex=no&subsetIndex=no&watchFile=no
"538",Agrostis gigantea,Agrostis,gigantea,,,,exotic,unlisted,,48.870300000000000,-123.318981699999995,,NA,NA,"121538407",obs_exotic,file:///D:/Simon/Sync/Root/GIS/Biodiversity%20Data/obs_exotic.csv?type=csv&maxFields=10000&detectTypes=yes&xField=longitude&yField=latitude&crs=EPSG:4326&spatialIndex=no&subsetIndex=no&watchFile=no
"540",Agrostis stolonifera,Agrostis,stolonifera,,,,exotic,unlisted,,48.865013329999996,-123.364171700000000,,NA,NA,"85291237",obs_exotic,file:///D:/Simon/Sync/Root/GIS/Biodiversity%20Data/obs_exotic.csv?type=csv&maxFields=10000&detectTypes=yes&xField=longitude&yField=latitude&crs=EPSG:4326&spatialIndex=no&subsetIndex=no&watchFile=no
"541",Agrostis stolonifera,Agrostis,stolonifera,,,,exotic,unlisted,,48.938161110000003,-123.477347199999997,,NA,NA,"126017354",obs_exotic,file:///D:/Simon/Sync/Root/GIS/Biodiversity%20Data/obs_exotic.csv?type=csv&maxFields=10000&detectTypes=yes&xField=longitude&yField=latitude&crs=EPSG:4326&spatialIndex=no&subsetIndex=no&watchFile=no
"542",Agrostis stolonifera,Agrostis,stolonifera,,,,exotic,unlisted,,48.910825000000003,-123.415854999999993,,NA,NA,"126022570",obs_exotic,file:///D:/Simon/Sync/Root/GIS/Biodiversity%20Data/obs_exotic.csv?type=csv&maxFields=10000&detectTypes=yes&xField=longitude&yField=latitude&crs=EPSG:4326&spatialIndex=no&subsetIndex=no&watchFile=no
"543",Aira caryophyllea,Aira,caryophyllea,,,,exotic,unlisted,,48.923825000000001,-123.460064000000003,,NA,NA,"2625010",obs_exotic,file:///D:/Simon/Sync/Root/GIS/Biodiversity%20Data/obs_exotic.csv?type=csv&maxFields=10000&detectTypes=yes&xField=longitude&yField=latitude&crs=EPSG:4326&spatialIndex=no&subsetIndex=no&watchFile=no
"544",Aira caryophyllea,Aira,caryophyllea,,,,exotic,unlisted,,48.915793000000001,-123.425002000000006,,NA,NA,"3181333",obs_exotic,file:///D:/Simon/Sync/Root/GIS/Biodiversity%20Data/obs_exotic.csv?type=csv&maxFields=10000&detectTypes=yes&xField=longitude&yField=latitude&crs=EPSG:4326&spatialIndex=no&subsetIndex=no&watchFile=no
"545",Aira caryophyllea,Aira,caryophyllea,,,,exotic,unlisted,,48.868361999999998,-123.341702999999995,,NA,NA,"3351063",obs_exotic,file:///D:/Simon/Sync/Root/GIS/Biodiversity%20Data/obs_exotic.csv?type=csv&maxFields=10000&detectTypes=yes&xField=longitude&yField=latitude&crs=EPSG:4326&spatialIndex=no&subsetIndex=no&watchFile=no
"546",Aira caryophyllea,Aira,caryophyllea,,,,exotic,unlisted,,48.866559879999997,-123.335244700000004,,NA,NA,"3649880",obs_exotic,file:///D:/Simon/Sync/Root/GIS/Biodiversity%20Data/obs_exotic.csv?type=csv&maxFields=10000&detectTypes=yes&xField=longitude&yField=latitude&crs=EPSG:4326&spatialIndex=no&subsetIndex=no&watchFile=no
"547",Aira caryophyllea,Aira,caryophyllea,,,,exotic,unlisted,,48.866559879999997,-123.335244700000004,,NA,NA,"3649885",obs_exotic,file:///D:/Simon/Sync/Root/GIS/Biodiversity%20Data/obs_exotic.csv?type=csv&maxFields=10000&detectTypes=yes&xField=longitude&yField=latitude&crs=EPSG:4326&spatialIndex=no&subsetIndex=no&watchFile=no
"548",Aira caryophyllea,Aira,caryophyllea,,,,exotic,unlisted,,48.940345899999997,-123.504352600000004,,NA,NA,"6306976",obs_exotic,file:///D:/Simon/Sync/Root/GIS/Biodiversity%20Data/obs_exotic.csv?type=csv&maxFields=10000&detectTypes=yes&xField=longitude&yField=latitude&crs=EPSG:4326&spatialIndex=no&subsetIndex=no&watchFile=no
"549",Aira caryophyllea,Aira,caryophyllea,,,,exotic,unlisted,,49.012850899999997,-123.573103000000003,,NA,NA,"6309383",obs_exotic,file:///D:/Simon/Sync/Root/GIS/Biodiversity%20Data/obs_exotic.csv?type=csv&maxFields=10000&detectTypes=yes&xField=longitude&yField=latitude&crs=EPSG:4326&spatialIndex=no&subsetIndex=no&watchFile=no
"550",Aira caryophyllea,Aira,caryophyllea,,,,exotic,unlisted,,48.868800149999998,-123.378610600000002,,NA,NA,"6410297",obs_exotic,file:///D:/Simon/Sync/Root/GIS/Biodiversity%20Data/obs_exotic.csv?type=csv&maxFields=10000&detectTypes=yes&xField=longitude&yField=latitude&crs=EPSG:4326&spatialIndex=no&subsetIndex=no&watchFile=no
"551",Aira caryophyllea,Aira,caryophyllea,,,,exotic,unlisted,,48.872082300000002,-123.312289199999995,,NA,NA,"6425078",obs_exotic,file:///D:/Simon/Sync/Root/GIS/Biodiversity%20Data/obs_exotic.csv?type=csv&maxFields=10000&detectTypes=yes&xField=longitude&yField=latitude&crs=EPSG:4326&spatialIndex=no&subsetIndex=no&watchFile=no
"552",Aira caryophyllea,Aira,caryophyllea,,,,exotic,unlisted,,48.872449529999997,-123.310836399999999,,NA,NA,"25199557",obs_exotic,file:///D:/Simon/Sync/Root/GIS/Biodiversity%20Data/obs_exotic.csv?type=csv&maxFields=10000&detectTypes=yes&xField=longitude&yField=latitude&crs=EPSG:4326&spatialIndex=no&subsetIndex=no&watchFile=no
"553",Aira caryophyllea,Aira,caryophyllea,,,,exotic,unlisted,,48.869412969999999,-123.378991900000003,,NA,NA,"52495242",obs_exotic,file:///D:/Simon/Sync/Root/GIS/Biodiversity%20Data/obs_exotic.csv?type=csv&maxFields=10000&detectTypes=yes&xField=longitude&yField=latitude&crs=EPSG:4326&spatialIndex=no&subsetIndex=no&watchFile=no
"554",Aira caryophyllea,Aira,caryophyllea,,,,exotic,unlisted,,48.866081670000000,-123.368951699999997,,NA,NA,"120470351",obs_exotic,file:///D:/Simon/Sync/Root/GIS/Biodiversity%20Data/obs_exotic.csv?type=csv&maxFields=10000&detectTypes=yes&xField=longitude&yField=latitude&crs=EPSG:4326&spatialIndex=no&subsetIndex=no&watchFile=no
"555",Aira caryophyllea,Aira,caryophyllea,,,,exotic,unlisted,,48.931191669999997,-123.473105599999997,,NA,NA,"120618118",obs_exotic,file:///D:/Simon/Sync/Root/GIS/Biodiversity%20Data/obs_exotic.csv?type=csv&maxFields=10000&detectTypes=yes&xField=longitude&yField=latitude&crs=EPSG:4326&spatialIndex=no&subsetIndex=no&watchFile=no
"556",Aira caryophyllea,Aira,caryophyllea,,,,exotic,unlisted,,48.869999929999999,-123.379999999999995,,NA,NA,"121000883",obs_exotic,file:///D:/Simon/Sync/Root/GIS/Biodiversity%20Data/obs_exotic.csv?type=csv&maxFields=10000&detectTypes=yes&xField=longitude&yField=latitude&crs=EPSG:4326&spatialIndex=no&subsetIndex=no&watchFile=no
"557",Aira caryophyllea,Aira,caryophyllea,,,,exotic,unlisted,,48.869999929999999,-123.379999999999995,,NA,NA,"121011158",obs_exotic,file:///D:/Simon/Sync/Root/GIS/Biodiversity%20Data/obs_exotic.csv?type=csv&maxFields=10000&detectTypes=yes&xField=longitude&yField=latitude&crs=EPSG:4326&spatialIndex=no&subsetIndex=no&watchFile=no
"558",Aira caryophyllea,Aira,caryophyllea,,,,exotic,unlisted,,48.910116670000001,-123.374608300000006,,NA,NA,"121538504",obs_exotic,file:///D:/Simon/Sync/Root/GIS/Biodiversity%20Data/obs_exotic.csv?type=csv&maxFields=10000&detectTypes=yes&xField=longitude&yField=latitude&crs=EPSG:4326&spatialIndex=no&subsetIndex=no&watchFile=no
"559",Aira caryophyllea,Aira,caryophyllea,,,,exotic,unlisted,,49.012352780000001,-123.574011100000007,,NA,NA,"123934561",obs_exotic,file:///D:/Simon/Sync/Root/GIS/Biodiversity%20Data/obs_exotic.csv?type=csv&maxFields=10000&detectTypes=yes&xField=longitude&yField=latitude&crs=EPSG:4326&spatialIndex=no&subsetIndex=no&watchFile=no
"560",Aira praecox,Aira,praecox,,,,exotic,unlisted,,48.866897000000002,-123.375530999999995,,NA,NA,"3664526",obs_exotic,file:///D:/Simon/Sync/Root/GIS/Biodiversity%20Data/obs_exotic.csv?type=csv&maxFields=10000&detectTypes=yes&xField=longitude&yField=latitude&crs=EPSG:4326&spatialIndex=no&subsetIndex=no&watchFile=no
"561",Aira praecox,Aira,praecox,,,,exotic,unlisted,,48.868546000000002,-123.378572000000005,,NA,NA,"6217960",obs_exotic,file:///D:/Simon/Sync/Root/GIS/Biodiversity%20Data/obs_exotic.csv?type=csv&maxFields=10000&detectTypes=yes&xField=longitude&yField=latitude&crs=EPSG:4326&spatialIndex=no&subsetIndex=no&watchFile=no
"562",Aira praecox,Aira,praecox,,,,exotic,unlisted,,48.868800149999998,-123.378610600000002,,NA,NA,"6410299",obs_exotic,file:///D:/Simon/Sync/Root/GIS/Biodiversity%20Data/obs_exotic.csv?type=csv&maxFields=10000&detectTypes=yes&xField=longitude&yField=latitude&crs=EPSG:4326&spatialIndex=no&subsetIndex=no&watchFile=no
"563",Aira praecox,Aira,praecox,,,,exotic,unlisted,,48.900696850000003,-123.336124400000003,,NA,NA,"6425212",obs_exotic,file:///D:/Simon/Sync/Root/GIS/Biodiversity%20Data/obs_exotic.csv?type=csv&maxFields=10000&detectTypes=yes&xField=longitude&yField=latitude&crs=EPSG:4326&spatialIndex=no&subsetIndex=no&watchFile=no
"564",Aira praecox,Aira,praecox,,,,exotic,unlisted,,48.872607739999999,-123.311578900000001,,NA,NA,"25199274",obs_exotic,file:///D:/Simon/Sync/Root/GIS/Biodiversity%20Data/obs_exotic.csv?type=csv&maxFields=10000&detectTypes=yes&xField=longitude&yField=latitude&crs=EPSG:4326&spatialIndex=no&subsetIndex=no&watchFile=no
"565",Aira praecox,Aira,praecox,,,,exotic,unlisted,,48.887306819999999,-123.374861300000006,,NA,NA,"53022038",obs_exotic,file:///D:/Simon/Sync/Root/GIS/Biodiversity%20Data/obs_exotic.csv?type=csv&maxFields=10000&detectTypes=yes&xField=longitude&yField=latitude&crs=EPSG:4326&spatialIndex=no&subsetIndex=no&watchFile=no
"566",Aira praecox,Aira,praecox,,,,exotic,unlisted,,48.958776669999999,-123.532966700000003,,NA,NA,"116029587",obs_exotic,file:///D:/Simon/Sync/Root/GIS/Biodiversity%20Data/obs_exotic.csv?type=csv&maxFields=10000&detectTypes=yes&xField=longitude&yField=latitude&crs=EPSG:4326&spatialIndex=no&subsetIndex=no&watchFile=no
"567",Aira praecox,Aira,praecox,,,,exotic,unlisted,,48.958661110000001,-123.532936100000001,,NA,NA,"116033741",obs_exotic,file:///D:/Simon/Sync/Root/GIS/Biodiversity%20Data/obs_exotic.csv?type=csv&maxFields=10000&detectTypes=yes&xField=longitude&yField=latitude&crs=EPSG:4326&spatialIndex=no&subsetIndex=no&watchFile=no
"568",Aira praecox,Aira,praecox,,,,exotic,unlisted,,48.897416669999998,-123.338461699999996,,NA,NA,"120494821",obs_exotic,file:///D:/Simon/Sync/Root/GIS/Biodiversity%20Data/obs_exotic.csv?type=csv&maxFields=10000&detectTypes=yes&xField=longitude&yField=latitude&crs=EPSG:4326&spatialIndex=no&subsetIndex=no&watchFile=no
"569",Aira praecox,Aira,praecox,,,,exotic,unlisted,,48.897419999999997,-123.338466699999998,,NA,NA,"120494827",obs_exotic,file:///D:/Simon/Sync/Root/GIS/Biodiversity%20Data/obs_exotic.csv?type=csv&maxFields=10000&detectTypes=yes&xField=longitude&yField=latitude&crs=EPSG:4326&spatialIndex=no&subsetIndex=no&watchFile=no
"570",Aira praecox,Aira,praecox,,,,exotic,unlisted,,48.873653330000003,-123.383574999999993,,NA,NA,"120922541",obs_exotic,file:///D:/Simon/Sync/Root/GIS/Biodiversity%20Data/obs_exotic.csv?type=csv&maxFields=10000&detectTypes=yes&xField=longitude&yField=latitude&crs=EPSG:4326&spatialIndex=no&subsetIndex=no&watchFile=no
"571",Aira praecox,Aira,praecox,,,,exotic,unlisted,,48.869999929999999,-123.379999999999995,,NA,NA,"121011228",obs_exotic,file:///D:/Simon/Sync/Root/GIS/Biodiversity%20Data/obs_exotic.csv?type=csv&maxFields=10000&detectTypes=yes&xField=longitude&yField=latitude&crs=EPSG:4326&spatialIndex=no&subsetIndex=no&watchFile=no
"572",Ajuga reptans,Ajuga,reptans,,,,exotic,unlisted,,48.929515000000002,-123.475684999999999,,NA,NA,"2567576",obs_exotic,file:///D:/Simon/Sync/Root/GIS/Biodiversity%20Data/obs_exotic.csv?type=csv&maxFields=10000&detectTypes=yes&xField=longitude&yField=latitude&crs=EPSG:4326&spatialIndex=no&subsetIndex=no&watchFile=no
"573",Ajuga reptans,Ajuga,reptans,,,,exotic,unlisted,,48.929695000000002,-123.475470999999999,,NA,NA,"2567978",obs_exotic,file:///D:/Simon/Sync/Root/GIS/Biodiversity%20Data/obs_exotic.csv?type=csv&maxFields=10000&detectTypes=yes&xField=longitude&yField=latitude&crs=EPSG:4326&spatialIndex=no&subsetIndex=no&watchFile=no
"574",Ajuga reptans,Ajuga,reptans,,,,exotic,unlisted,,48.867621000000000,-123.344830999999999,,NA,NA,"2588447",obs_exotic,file:///D:/Simon/Sync/Root/GIS/Biodiversity%20Data/obs_exotic.csv?type=csv&maxFields=10000&detectTypes=yes&xField=longitude&yField=latitude&crs=EPSG:4326&spatialIndex=no&subsetIndex=no&watchFile=no
"575",Ajuga reptans,Ajuga,reptans,,,,exotic,unlisted,,48.942272799999998,-123.485813100000001,,NA,NA,"3650081",obs_exotic,file:///D:/Simon/Sync/Root/GIS/Biodiversity%20Data/obs_exotic.csv?type=csv&maxFields=10000&detectTypes=yes&xField=longitude&yField=latitude&crs=EPSG:4326&spatialIndex=no&subsetIndex=no&watchFile=no
"576",Ajuga reptans,Ajuga,reptans,,,,exotic,unlisted,,48.929872699999997,-123.475674400000003,,NA,NA,"6298767",obs_exotic,file:///D:/Simon/Sync/Root/GIS/Biodiversity%20Data/obs_exotic.csv?type=csv&maxFields=10000&detectTypes=yes&xField=longitude&yField=latitude&crs=EPSG:4326&spatialIndex=no&subsetIndex=no&watchFile=no
"577",Ajuga reptans,Ajuga,reptans,,,,exotic,unlisted,,48.940271000000003,-123.492616999999996,,NA,NA,"12345065",obs_exotic,file:///D:/Simon/Sync/Root/GIS/Biodiversity%20Data/obs_exotic.csv?type=csv&maxFields=10000&detectTypes=yes&xField=longitude&yField=latitude&crs=EPSG:4326&spatialIndex=no&subsetIndex=no&watchFile=no
"578",Ajuga reptans,Ajuga,reptans,,,,exotic,unlisted,,48.893786970000001,-123.349911599999999,,NA,NA,"25347303",obs_exotic,file:///D:/Simon/Sync/Root/GIS/Biodiversity%20Data/obs_exotic.csv?type=csv&maxFields=10000&detectTypes=yes&xField=longitude&yField=latitude&crs=EPSG:4326&spatialIndex=no&subsetIndex=no&watchFile=no
"579",Ajuga reptans,Ajuga,reptans,,,,exotic,unlisted,,48.893880369999998,-123.349744900000005,,NA,NA,"47014335",obs_exotic,file:///D:/Simon/Sync/Root/GIS/Biodiversity%20Data/obs_exotic.csv?type=csv&maxFields=10000&detectTypes=yes&xField=longitude&yField=latitude&crs=EPSG:4326&spatialIndex=no&subsetIndex=no&watchFile=no
"580",Ajuga reptans,Ajuga,reptans,,,,exotic,unlisted,,48.931325000000001,-123.476416700000001,,NA,NA,"120618094",obs_exotic,file:///D:/Simon/Sync/Root/GIS/Biodiversity%20Data/obs_exotic.csv?type=csv&maxFields=10000&detectTypes=yes&xField=longitude&yField=latitude&crs=EPSG:4326&spatialIndex=no&subsetIndex=no&watchFile=no
"663",Allium vineale,Allium,vineale,,,,exotic,unlisted,,48.929623360000001,-123.468123399999996,,NA,NA,"27844109",obs_exotic,file:///D:/Simon/Sync/Root/GIS/Biodiversity%20Data/obs_exotic.csv?type=csv&maxFields=10000&detectTypes=yes&xField=longitude&yField=latitude&crs=EPSG:4326&spatialIndex=no&subsetIndex=no&watchFile=no
"664",Allium vineale,Allium,vineale,,,,exotic,unlisted,,48.931605560000001,-123.475961100000006,,NA,NA,"122335787",obs_exotic,file:///D:/Simon/Sync/Root/GIS/Biodiversity%20Data/obs_exotic.csv?type=csv&maxFields=10000&detectTypes=yes&xField=longitude&yField=latitude&crs=EPSG:4326&spatialIndex=no&subsetIndex=no&watchFile=no
"794",Alopecurus geniculatus,Alopecurus,geniculatus,,,,exotic,unlisted,,48.870343329999997,-123.318973299999996,,NA,NA,"121538413",obs_exotic,file:///D:/Simon/Sync/Root/GIS/Biodiversity%20Data/obs_exotic.csv?type=csv&maxFields=10000&detectTypes=yes&xField=longitude&yField=latitude&crs=EPSG:4326&spatialIndex=no&subsetIndex=no&watchFile=no
"795",Alopecurus pratensis,Alopecurus,pratensis,,,,exotic,unlisted,,48.909907459999999,-123.416615500000006,,NA,NA,"125219486",obs_exotic,file:///D:/Simon/Sync/Root/GIS/Biodiversity%20Data/obs_exotic.csv?type=csv&maxFields=10000&detectTypes=yes&xField=longitude&yField=latitude&crs=EPSG:4326&spatialIndex=no&subsetIndex=no&watchFile=no
"796",Amaranthus powellii,Amaranthus,powellii,,,,exotic,unlisted,,48.864928999999997,-123.350823000000005,,NA,NA,"3786981",obs_exotic,file:///D:/Simon/Sync/Root/GIS/Biodiversity%20Data/obs_exotic.csv?type=csv&maxFields=10000&detectTypes=yes&xField=longitude&yField=latitude&crs=EPSG:4326&spatialIndex=no&subsetIndex=no&watchFile=no
"975",Anthoxanthum odoratum,Anthoxanthum,odoratum,,,,exotic,unlisted,,48.928173000000001,-123.471564999999998,,NA,NA,"2567283",obs_exotic,file:///D:/Simon/Sync/Root/GIS/Biodiversity%20Data/obs_exotic.csv?type=csv&maxFields=10000&detectTypes=yes&xField=longitude&yField=latitude&crs=EPSG:4326&spatialIndex=no&subsetIndex=no&watchFile=no
"976",Anthoxanthum odoratum,Anthoxanthum,odoratum,,,,exotic,unlisted,,48.866413999999999,-123.335059000000001,,NA,NA,"3031082",obs_exotic,file:///D:/Simon/Sync/Root/GIS/Biodiversity%20Data/obs_exotic.csv?type=csv&maxFields=10000&detectTypes=yes&xField=longitude&yField=latitude&crs=EPSG:4326&spatialIndex=no&subsetIndex=no&watchFile=no
"977",Anthoxanthum odoratum,Anthoxanthum,odoratum,,,,exotic,unlisted,,48.915973999999999,-123.425473999999994,,NA,NA,"3181170",obs_exotic,file:///D:/Simon/Sync/Root/GIS/Biodiversity%20Data/obs_exotic.csv?type=csv&maxFields=10000&detectTypes=yes&xField=longitude&yField=latitude&crs=EPSG:4326&spatialIndex=no&subsetIndex=no&watchFile=no
"978",Anthoxanthum odoratum,Anthoxanthum,odoratum,,,,exotic,unlisted,,48.867255520000001,-123.338356000000005,,NA,NA,"6217513",obs_exotic,file:///D:/Simon/Sync/Root/GIS/Biodiversity%20Data/obs_exotic.csv?type=csv&maxFields=10000&detectTypes=yes&xField=longitude&yField=latitude&crs=EPSG:4326&spatialIndex=no&subsetIndex=no&watchFile=no
"979",Anthoxanthum odoratum,Anthoxanthum,odoratum,,,,exotic,unlisted,,48.940345899999997,-123.504352600000004,,NA,NA,"6306973",obs_exotic,file:///D:/Simon/Sync/Root/GIS/Biodiversity%20Data/obs_exotic.csv?type=csv&maxFields=10000&detectTypes=yes&xField=longitude&yField=latitude&crs=EPSG:4326&spatialIndex=no&subsetIndex=no&watchFile=no
"980",Anthoxanthum odoratum,Anthoxanthum,odoratum,,,,exotic,unlisted,,48.874552000000001,-123.383330999999998,,NA,NA,"6817337",obs_exotic,file:///D:/Simon/Sync/Root/GIS/Biodiversity%20Data/obs_exotic.csv?type=csv&maxFields=10000&detectTypes=yes&xField=longitude&yField=latitude&crs=EPSG:4326&spatialIndex=no&subsetIndex=no&watchFile=no
"981",Anthoxanthum odoratum,Anthoxanthum,odoratum,,,,exotic,unlisted,,48.866925999999999,-123.341881000000001,,NA,NA,"12635075",obs_exotic,file:///D:/Simon/Sync/Root/GIS/Biodiversity%20Data/obs_exotic.csv?type=csv&maxFields=10000&detectTypes=yes&xField=longitude&yField=latitude&crs=EPSG:4326&spatialIndex=no&subsetIndex=no&watchFile=no
"982",Anthoxanthum odoratum,Anthoxanthum,odoratum,,,,exotic,unlisted,,48.870607000000000,-123.343086000000000,,NA,NA,"12761983",obs_exotic,file:///D:/Simon/Sync/Root/GIS/Biodiversity%20Data/obs_exotic.csv?type=csv&maxFields=10000&detectTypes=yes&xField=longitude&yField=latitude&crs=EPSG:4326&spatialIndex=no&subsetIndex=no&watchFile=no
"983",Anthoxanthum odoratum,Anthoxanthum,odoratum,,,,exotic,unlisted,,48.880899999999997,-123.333145000000002,,NA,NA,"12774705",obs_exotic,file:///D:/Simon/Sync/Root/GIS/Biodiversity%20Data/obs_exotic.csv?type=csv&maxFields=10000&detectTypes=yes&xField=longitude&yField=latitude&crs=EPSG:4326&spatialIndex=no&subsetIndex=no&watchFile=no
"984",Anthoxanthum odoratum,Anthoxanthum,odoratum,,,,exotic,unlisted,,48.866025999999998,-123.333974999999995,,NA,NA,"12817504",obs_exotic,file:///D:/Simon/Sync/Root/GIS/Biodiversity%20Data/obs_exotic.csv?type=csv&maxFields=10000&detectTypes=yes&xField=longitude&yField=latitude&crs=EPSG:4326&spatialIndex=no&subsetIndex=no&watchFile=no
"985",Anthoxanthum odoratum,Anthoxanthum,odoratum,,,,exotic,unlisted,,48.869641670000000,-123.379280600000001,,NA,NA,"24688001",obs_exotic,file:///D:/Simon/Sync/Root/GIS/Biodiversity%20Data/obs_exotic.csv?type=csv&maxFields=10000&detectTypes=yes&xField=longitude&yField=latitude&crs=EPSG:4326&spatialIndex=no&subsetIndex=no&watchFile=no
"986",Anthoxanthum odoratum,Anthoxanthum,odoratum,,,,exotic,unlisted,,48.871552780000002,-123.311538900000002,,NA,NA,"24806716",obs_exotic,file:///D:/Simon/Sync/Root/GIS/Biodiversity%20Data/obs_exotic.csv?type=csv&maxFields=10000&detectTypes=yes&xField=longitude&yField=latitude&crs=EPSG:4326&spatialIndex=no&subsetIndex=no&watchFile=no
"987",Anthoxanthum odoratum,Anthoxanthum,odoratum,,,,exotic,unlisted,,48.872411110000002,-123.312666699999994,,NA,NA,"24824122",obs_exotic,file:///D:/Simon/Sync/Root/GIS/Biodiversity%20Data/obs_exotic.csv?type=csv&maxFields=10000&detectTypes=yes&xField=longitude&yField=latitude&crs=EPSG:4326&spatialIndex=no&subsetIndex=no&watchFile=no
"988",Anthoxanthum odoratum,Anthoxanthum,odoratum,,,,exotic,unlisted,,48.871844439999997,-123.312697200000002,,NA,NA,"24824169",obs_exotic,file:///D:/Simon/Sync/Root/GIS/Biodiversity%20Data/obs_exotic.csv?type=csv&maxFields=10000&detectTypes=yes&xField=longitude&yField=latitude&crs=EPSG:4326&spatialIndex=no&subsetIndex=no&watchFile=no
"989",Anthoxanthum odoratum,Anthoxanthum,odoratum,,,,exotic,unlisted,,48.963358329999998,-123.519728299999997,,NA,NA,"24870116",obs_exotic,file:///D:/Simon/Sync/Root/GIS/Biodiversity%20Data/obs_exotic.csv?type=csv&maxFields=10000&detectTypes=yes&xField=longitude&yField=latitude&crs=EPSG:4326&spatialIndex=no&subsetIndex=no&watchFile=no
"990",Anthoxanthum odoratum,Anthoxanthum,odoratum,,,,exotic,unlisted,,48.872848329999997,-123.311488299999994,,NA,NA,"24874167",obs_exotic,file:///D:/Simon/Sync/Root/GIS/Biodiversity%20Data/obs_exotic.csv?type=csv&maxFields=10000&detectTypes=yes&xField=longitude&yField=latitude&crs=EPSG:4326&spatialIndex=no&subsetIndex=no&watchFile=no
"991",Anthoxanthum odoratum,Anthoxanthum,odoratum,,,,exotic,unlisted,,48.872858330000000,-123.311470000000000,,NA,NA,"24874168",obs_exotic,file:///D:/Simon/Sync/Root/GIS/Biodiversity%20Data/obs_exotic.csv?type=csv&maxFields=10000&detectTypes=yes&xField=longitude&yField=latitude&crs=EPSG:4326&spatialIndex=no&subsetIndex=no&watchFile=no
"992",Anthoxanthum odoratum,Anthoxanthum,odoratum,,,,exotic,unlisted,,48.871863890000000,-123.312727800000005,,NA,NA,"25048320",obs_exotic,file:///D:/Simon/Sync/Root/GIS/Biodiversity%20Data/obs_exotic.csv?type=csv&maxFields=10000&detectTypes=yes&xField=longitude&yField=latitude&crs=EPSG:4326&spatialIndex=no&subsetIndex=no&watchFile=no
"993",Anthoxanthum odoratum,Anthoxanthum,odoratum,,,,exotic,unlisted,,48.872620230000003,-123.312744899999998,,NA,NA,"25199114",obs_exotic,file:///D:/Simon/Sync/Root/GIS/Biodiversity%20Data/obs_exotic.csv?type=csv&maxFields=10000&detectTypes=yes&xField=longitude&yField=latitude&crs=EPSG:4326&spatialIndex=no&subsetIndex=no&watchFile=no
"994",Anthoxanthum odoratum,Anthoxanthum,odoratum,,,,exotic,unlisted,,48.872408919999998,-123.310884299999998,,NA,NA,"25199560",obs_exotic,file:///D:/Simon/Sync/Root/GIS/Biodiversity%20Data/obs_exotic.csv?type=csv&maxFields=10000&detectTypes=yes&xField=longitude&yField=latitude&crs=EPSG:4326&spatialIndex=no&subsetIndex=no&watchFile=no
"995",Anthoxanthum odoratum,Anthoxanthum,odoratum,,,,exotic,unlisted,,48.863419540000002,-123.329589700000000,,NA,NA,"25483015",obs_exotic,file:///D:/Simon/Sync/Root/GIS/Biodiversity%20Data/obs_exotic.csv?type=csv&maxFields=10000&detectTypes=yes&xField=longitude&yField=latitude&crs=EPSG:4326&spatialIndex=no&subsetIndex=no&watchFile=no
"996",Anthoxanthum odoratum,Anthoxanthum,odoratum,,,,exotic,unlisted,,48.871808330000000,-123.312775000000002,,NA,NA,"32125262",obs_exotic,file:///D:/Simon/Sync/Root/GIS/Biodiversity%20Data/obs_exotic.csv?type=csv&maxFields=10000&detectTypes=yes&xField=longitude&yField=latitude&crs=EPSG:4326&spatialIndex=no&subsetIndex=no&watchFile=no
"997",Anthoxanthum odoratum,Anthoxanthum,odoratum,,,,exotic,unlisted,,48.868679159999999,-123.346326500000004,,NA,NA,"45938861",obs_exotic,file:///D:/Simon/Sync/Root/GIS/Biodiversity%20Data/obs_exotic.csv?type=csv&maxFields=10000&detectTypes=yes&xField=longitude&yField=latitude&crs=EPSG:4326&spatialIndex=no&subsetIndex=no&watchFile=no
"998",Anthoxanthum odoratum,Anthoxanthum,odoratum,,,,exotic,unlisted,,48.866013389999999,-123.350938299999996,,NA,NA,"48408562",obs_exotic,file:///D:/Simon/Sync/Root/GIS/Biodiversity%20Data/obs_exotic.csv?type=csv&maxFields=10000&detectTypes=yes&xField=longitude&yField=latitude&crs=EPSG:4326&spatialIndex=no&subsetIndex=no&watchFile=no
"999",Anthoxanthum odoratum,Anthoxanthum,odoratum,,,,exotic,unlisted,,48.914296669999999,-123.388136700000004,,NA,NA,"52033133",obs_exotic,file:///D:/Simon/Sync/Root/GIS/Biodiversity%20Data/obs_exotic.csv?type=csv&maxFields=10000&detectTypes=yes&xField=longitude&yField=latitude&crs=EPSG:4326&spatialIndex=no&subsetIndex=no&watchFile=no
"1000",Anthoxanthum odoratum,Anthoxanthum,odoratum,,,,exotic,unlisted,,48.927153890000000,-123.468668600000001,,NA,NA,"53333604",obs_exotic,file:///D:/Simon/Sync/Root/GIS/Biodiversity%20Data/obs_exotic.csv?type=csv&maxFields=10000&detectTypes=yes&xField=longitude&yField=latitude&crs=EPSG:4326&spatialIndex=no&subsetIndex=no&watchFile=no
"1001",Anthoxanthum odoratum,Anthoxanthum,odoratum,,,,exotic,unlisted,,48.932440659999997,-123.478821199999999,,NA,NA,"53389737",obs_exotic,file:///D:/Simon/Sync/Root/GIS/Biodiversity%20Data/obs_exotic.csv?type=csv&maxFields=10000&detectTypes=yes&xField=longitude&yField=latitude&crs=EPSG:4326&spatialIndex=no&subsetIndex=no&watchFile=no
"1002",Anthoxanthum odoratum,Anthoxanthum,odoratum,,,,exotic,unlisted,,48.928210569999997,-123.469230600000003,,NA,NA,"54674719",obs_exotic,file:///D:/Simon/Sync/Root/GIS/Biodiversity%20Data/obs_exotic.csv?type=csv&maxFields=10000&detectTypes=yes&xField=longitude&yField=latitude&crs=EPSG:4326&spatialIndex=no&subsetIndex=no&watchFile=no
"1003",Anthoxanthum odoratum,Anthoxanthum,odoratum,,,,exotic,unlisted,,48.928821120000002,-123.469122600000006,,NA,NA,"54691806",obs_exotic,file:///D:/Simon/Sync/Root/GIS/Biodiversity%20Data/obs_exotic.csv?type=csv&maxFields=10000&detectTypes=yes&xField=longitude&yField=latitude&crs=EPSG:4326&spatialIndex=no&subsetIndex=no&watchFile=no
"1004",Anthoxanthum odoratum,Anthoxanthum,odoratum,,,,exotic,unlisted,,49.013716670000001,-123.573706700000002,,NA,NA,"57127974",obs_exotic,file:///D:/Simon/Sync/Root/GIS/Biodiversity%20Data/obs_exotic.csv?type=csv&maxFields=10000&detectTypes=yes&xField=longitude&yField=latitude&crs=EPSG:4326&spatialIndex=no&subsetIndex=no&watchFile=no
"1005",Anthoxanthum odoratum,Anthoxanthum,odoratum,,,,exotic,unlisted,,48.927966670000004,-123.467321699999999,,NA,NA,"84174426",obs_exotic,file:///D:/Simon/Sync/Root/GIS/Biodiversity%20Data/obs_exotic.csv?type=csv&maxFields=10000&detectTypes=yes&xField=longitude&yField=latitude&crs=EPSG:4326&spatialIndex=no&subsetIndex=no&watchFile=no
"1006",Anthoxanthum odoratum,Anthoxanthum,odoratum,,,,exotic,unlisted,,48.904625000000003,-123.368009999999998,,NA,NA,"120891315",obs_exotic,file:///D:/Simon/Sync/Root/GIS/Biodiversity%20Data/obs_exotic.csv?type=csv&maxFields=10000&detectTypes=yes&xField=longitude&yField=latitude&crs=EPSG:4326&spatialIndex=no&subsetIndex=no&watchFile=no
"1007",Anthoxanthum odoratum,Anthoxanthum,odoratum,,,,exotic,unlisted,,48.983188329999997,-123.556106700000001,,NA,NA,"121838570",obs_exotic,file:///D:/Simon/Sync/Root/GIS/Biodiversity%20Data/obs_exotic.csv?type=csv&maxFields=10000&detectTypes=yes&xField=longitude&yField=latitude&crs=EPSG:4326&spatialIndex=no&subsetIndex=no&watchFile=no
"1008",Anthoxanthum odoratum,Anthoxanthum,odoratum,,,,exotic,unlisted,,48.927152780000000,-123.468416700000006,,NA,NA,"122224296",obs_exotic,file:///D:/Simon/Sync/Root/GIS/Biodiversity%20Data/obs_exotic.csv?type=csv&maxFields=10000&detectTypes=yes&xField=longitude&yField=latitude&crs=EPSG:4326&spatialIndex=no&subsetIndex=no&watchFile=no
"1009",Anthoxanthum odoratum,Anthoxanthum,odoratum,,,,exotic,unlisted,,49.012531670000001,-123.575148299999995,,NA,NA,"123934505",obs_exotic,file:///D:/Simon/Sync/Root/GIS/Biodiversity%20Data/obs_exotic.csv?type=csv&maxFields=10000&detectTypes=yes&xField=longitude&yField=latitude&crs=EPSG:4326&spatialIndex=no&subsetIndex=no&watchFile=no
"1010",Anthriscus caucalis,Anthriscus,caucalis,,,,exotic,unlisted,,48.866764000000003,-123.336060000000003,,NA,NA,"3027391",obs_exotic,file:///D:/Simon/Sync/Root/GIS/Biodiversity%20Data/obs_exotic.csv?type=csv&maxFields=10000&detectTypes=yes&xField=longitude&yField=latitude&crs=EPSG:4326&spatialIndex=no&subsetIndex=no&watchFile=no
"1011",Anthriscus caucalis,Anthriscus,caucalis,,,,exotic,unlisted,,48.869520000000001,-123.345909000000006,,NA,NA,"3113972",obs_exotic,file:///D:/Simon/Sync/Root/GIS/Biodiversity%20Data/obs_exotic.csv?type=csv&maxFields=10000&detectTypes=yes&xField=longitude&yField=latitude&crs=EPSG:4326&spatialIndex=no&subsetIndex=no&watchFile=no
"1012",Anthriscus caucalis,Anthriscus,caucalis,,,,exotic,unlisted,,48.873330000000003,-123.324365999999998,,NA,NA,"3116754",obs_exotic,file:///D:/Simon/Sync/Root/GIS/Biodiversity%20Data/obs_exotic.csv?type=csv&maxFields=10000&detectTypes=yes&xField=longitude&yField=latitude&crs=EPSG:4326&spatialIndex=no&subsetIndex=no&watchFile=no
"1013",Anthriscus caucalis,Anthriscus,caucalis,,,,exotic,unlisted,,48.873330000000003,-123.324365999999998,,NA,NA,"3116768",obs_exotic,file:///D:/Simon/Sync/Root/GIS/Biodiversity%20Data/obs_exotic.csv?type=csv&maxFields=10000&detectTypes=yes&xField=longitude&yField=latitude&crs=EPSG:4326&spatialIndex=no&subsetIndex=no&watchFile=no
"1014",Anthriscus caucalis,Anthriscus,caucalis,,,,exotic,unlisted,,48.868441169999997,-123.378095599999995,,NA,NA,"6217024",obs_exotic,file:///D:/Simon/Sync/Root/GIS/Biodiversity%20Data/obs_exotic.csv?type=csv&maxFields=10000&detectTypes=yes&xField=longitude&yField=latitude&crs=EPSG:4326&spatialIndex=no&subsetIndex=no&watchFile=no
"1015",Anthriscus caucalis,Anthriscus,caucalis,,,,exotic,unlisted,,48.871941479999997,-123.311061899999999,,NA,NA,"6230863",obs_exotic,file:///D:/Simon/Sync/Root/GIS/Biodiversity%20Data/obs_exotic.csv?type=csv&maxFields=10000&detectTypes=yes&xField=longitude&yField=latitude&crs=EPSG:4326&spatialIndex=no&subsetIndex=no&watchFile=no
"1016",Anthriscus caucalis,Anthriscus,caucalis,,,,exotic,unlisted,,49.012850899999997,-123.573103000000003,,NA,NA,"6309386",obs_exotic,file:///D:/Simon/Sync/Root/GIS/Biodiversity%20Data/obs_exotic.csv?type=csv&maxFields=10000&detectTypes=yes&xField=longitude&yField=latitude&crs=EPSG:4326&spatialIndex=no&subsetIndex=no&watchFile=no
"1017",Anthriscus caucalis,Anthriscus,caucalis,,,,exotic,unlisted,,49.012850899999997,-123.573103000000003,,NA,NA,"6309396",obs_exotic,file:///D:/Simon/Sync/Root/GIS/Biodiversity%20Data/obs_exotic.csv?type=csv&maxFields=10000&detectTypes=yes&xField=longitude&yField=latitude&crs=EPSG:4326&spatialIndex=no&subsetIndex=no&watchFile=no
"1018",Anthriscus caucalis,Anthriscus,caucalis,,,,exotic,unlisted,,49.012850899999997,-123.573103000000003,,NA,NA,"6309401",obs_exotic,file:///D:/Simon/Sync/Root/GIS/Biodiversity%20Data/obs_exotic.csv?type=csv&maxFields=10000&detectTypes=yes&xField=longitude&yField=latitude&crs=EPSG:4326&spatialIndex=no&subsetIndex=no&watchFile=no
"1019",Anthriscus caucalis,Anthriscus,caucalis,,,,exotic,unlisted,,48.872082300000002,-123.312289199999995,,NA,NA,"6425068",obs_exotic,file:///D:/Simon/Sync/Root/GIS/Biodiversity%20Data/obs_exotic.csv?type=csv&maxFields=10000&detectTypes=yes&xField=longitude&yField=latitude&crs=EPSG:4326&spatialIndex=no&subsetIndex=no&watchFile=no
"1020",Anthriscus caucalis,Anthriscus,caucalis,,,,exotic,unlisted,,48.872675379999997,-123.323378599999998,,NA,NA,"6434856",obs_exotic,file:///D:/Simon/Sync/Root/GIS/Biodiversity%20Data/obs_exotic.csv?type=csv&maxFields=10000&detectTypes=yes&xField=longitude&yField=latitude&crs=EPSG:4326&spatialIndex=no&subsetIndex=no&watchFile=no
"1021",Anthriscus caucalis,Anthriscus,caucalis,,,,exotic,unlisted,,48.869799999999998,-123.319500000000005,,NA,NA,"12183748",obs_exotic,file:///D:/Simon/Sync/Root/GIS/Biodiversity%20Data/obs_exotic.csv?type=csv&maxFields=10000&detectTypes=yes&xField=longitude&yField=latitude&crs=EPSG:4326&spatialIndex=no&subsetIndex=no&watchFile=no
"1022",Anthriscus caucalis,Anthriscus,caucalis,,,,exotic,unlisted,,48.868475629999999,-123.378375500000004,,NA,NA,"17693163",obs_exotic,file:///D:/Simon/Sync/Root/GIS/Biodiversity%20Data/obs_exotic.csv?type=csv&maxFields=10000&detectTypes=yes&xField=longitude&yField=latitude&crs=EPSG:4326&spatialIndex=no&subsetIndex=no&watchFile=no
"1023",Anthriscus caucalis,Anthriscus,caucalis,,,,exotic,unlisted,,48.926783329999999,-123.468841699999999,,NA,NA,"19130370",obs_exotic,file:///D:/Simon/Sync/Root/GIS/Biodiversity%20Data/obs_exotic.csv?type=csv&maxFields=10000&detectTypes=yes&xField=longitude&yField=latitude&crs=EPSG:4326&spatialIndex=no&subsetIndex=no&watchFile=no
"1024",Anthriscus caucalis,Anthriscus,caucalis,,,,exotic,unlisted,,48.871703959999998,-123.310829699999999,,NA,NA,"22799482",obs_exotic,file:///D:/Simon/Sync/Root/GIS/Biodiversity%20Data/obs_exotic.csv?type=csv&maxFields=10000&detectTypes=yes&xField=longitude&yField=latitude&crs=EPSG:4326&spatialIndex=no&subsetIndex=no&watchFile=no
"1025",Anthriscus caucalis,Anthriscus,caucalis,,,,exotic,unlisted,,49.010631689999997,-123.578005300000001,,NA,NA,"24259196",obs_exotic,file:///D:/Simon/Sync/Root/GIS/Biodiversity%20Data/obs_exotic.csv?type=csv&maxFields=10000&detectTypes=yes&xField=longitude&yField=latitude&crs=EPSG:4326&spatialIndex=no&subsetIndex=no&watchFile=no
"1026",Anthriscus caucalis,Anthriscus,caucalis,,,,exotic,unlisted,,49.011755000000001,-123.573936700000004,,NA,NA,"24497733",obs_exotic,file:///D:/Simon/Sync/Root/GIS/Biodiversity%20Data/obs_exotic.csv?type=csv&maxFields=10000&detectTypes=yes&xField=longitude&yField=latitude&crs=EPSG:4326&spatialIndex=no&subsetIndex=no&watchFile=no
"1027",Anthriscus caucalis,Anthriscus,caucalis,,,,exotic,unlisted,,48.899883330000002,-123.406777800000000,,NA,NA,"24672685",obs_exotic,file:///D:/Simon/Sync/Root/GIS/Biodiversity%20Data/obs_exotic.csv?type=csv&maxFields=10000&detectTypes=yes&xField=longitude&yField=latitude&crs=EPSG:4326&spatialIndex=no&subsetIndex=no&watchFile=no
"1028",Anthriscus caucalis,Anthriscus,caucalis,,,,exotic,unlisted,,48.871539790000000,-123.310915300000005,,NA,NA,"24689251",obs_exotic,file:///D:/Simon/Sync/Root/GIS/Biodiversity%20Data/obs_exotic.csv?type=csv&maxFields=10000&detectTypes=yes&xField=longitude&yField=latitude&crs=EPSG:4326&spatialIndex=no&subsetIndex=no&watchFile=no
"1029",Anthriscus caucalis,Anthriscus,caucalis,,,,exotic,unlisted,,48.872055000000003,-123.312233300000003,,NA,NA,"24697521",obs_exotic,file:///D:/Simon/Sync/Root/GIS/Biodiversity%20Data/obs_exotic.csv?type=csv&maxFields=10000&detectTypes=yes&xField=longitude&yField=latitude&crs=EPSG:4326&spatialIndex=no&subsetIndex=no&watchFile=no
"1030",Anthriscus caucalis,Anthriscus,caucalis,,,,exotic,unlisted,,48.894024999999999,-123.403716700000004,,NA,NA,"24701294",obs_exotic,file:///D:/Simon/Sync/Root/GIS/Biodiversity%20Data/obs_exotic.csv?type=csv&maxFields=10000&detectTypes=yes&xField=longitude&yField=latitude&crs=EPSG:4326&spatialIndex=no&subsetIndex=no&watchFile=no
"1031",Anthriscus caucalis,Anthriscus,caucalis,,,,exotic,unlisted,,48.872025530000002,-123.311584499999995,,NA,NA,"24707870",obs_exotic,file:///D:/Simon/Sync/Root/GIS/Biodiversity%20Data/obs_exotic.csv?type=csv&maxFields=10000&detectTypes=yes&xField=longitude&yField=latitude&crs=EPSG:4326&spatialIndex=no&subsetIndex=no&watchFile=no
"1032",Anthriscus caucalis,Anthriscus,caucalis,,,,exotic,unlisted,,48.899421369999999,-123.406459299999995,,NA,NA,"24709419",obs_exotic,file:///D:/Simon/Sync/Root/GIS/Biodiversity%20Data/obs_exotic.csv?type=csv&maxFields=10000&detectTypes=yes&xField=longitude&yField=latitude&crs=EPSG:4326&spatialIndex=no&subsetIndex=no&watchFile=no
"1033",Anthriscus caucalis,Anthriscus,caucalis,,,,exotic,unlisted,,49.013266469999998,-123.573352999999997,,NA,NA,"24711778",obs_exotic,file:///D:/Simon/Sync/Root/GIS/Biodiversity%20Data/obs_exotic.csv?type=csv&maxFields=10000&detectTypes=yes&xField=longitude&yField=latitude&crs=EPSG:4326&spatialIndex=no&subsetIndex=no&watchFile=no
"1034",Anthriscus caucalis,Anthriscus,caucalis,,,,exotic,unlisted,,48.872101350000001,-123.311542799999998,,NA,NA,"24712258",obs_exotic,file:///D:/Simon/Sync/Root/GIS/Biodiversity%20Data/obs_exotic.csv?type=csv&maxFields=10000&detectTypes=yes&xField=longitude&yField=latitude&crs=EPSG:4326&spatialIndex=no&subsetIndex=no&watchFile=no
"1035",Anthriscus caucalis,Anthriscus,caucalis,,,,exotic,unlisted,,48.868053330000002,-123.387171699999996,,NA,NA,"24768191",obs_exotic,file:///D:/Simon/Sync/Root/GIS/Biodiversity%20Data/obs_exotic.csv?type=csv&maxFields=10000&detectTypes=yes&xField=longitude&yField=latitude&crs=EPSG:4326&spatialIndex=no&subsetIndex=no&watchFile=no
"1036",Anthriscus caucalis,Anthriscus,caucalis,,,,exotic,unlisted,,48.871936110000000,-123.312277800000004,,NA,NA,"24806540",obs_exotic,file:///D:/Simon/Sync/Root/GIS/Biodiversity%20Data/obs_exotic.csv?type=csv&maxFields=10000&detectTypes=yes&xField=longitude&yField=latitude&crs=EPSG:4326&spatialIndex=no&subsetIndex=no&watchFile=no
"1037",Anthriscus caucalis,Anthriscus,caucalis,,,,exotic,unlisted,,48.872105560000001,-123.312286099999994,,NA,NA,"24824083",obs_exotic,file:///D:/Simon/Sync/Root/GIS/Biodiversity%20Data/obs_exotic.csv?type=csv&maxFields=10000&detectTypes=yes&xField=longitude&yField=latitude&crs=EPSG:4326&spatialIndex=no&subsetIndex=no&watchFile=no
"1038",Anthriscus caucalis,Anthriscus,caucalis,,,,exotic,unlisted,,48.871983329999999,-123.312294399999999,,NA,NA,"24824105",obs_exotic,file:///D:/Simon/Sync/Root/GIS/Biodiversity%20Data/obs_exotic.csv?type=csv&maxFields=10000&detectTypes=yes&xField=longitude&yField=latitude&crs=EPSG:4326&spatialIndex=no&subsetIndex=no&watchFile=no
"1039",Anthriscus caucalis,Anthriscus,caucalis,,,,exotic,unlisted,,48.871936110000000,-123.312277800000004,,NA,NA,"24824111",obs_exotic,file:///D:/Simon/Sync/Root/GIS/Biodiversity%20Data/obs_exotic.csv?type=csv&maxFields=10000&detectTypes=yes&xField=longitude&yField=latitude&crs=EPSG:4326&spatialIndex=no&subsetIndex=no&watchFile=no
"1040",Anthriscus caucalis,Anthriscus,caucalis,,,,exotic,unlisted,,48.871983329999999,-123.312294399999999,,NA,NA,"24824173",obs_exotic,file:///D:/Simon/Sync/Root/GIS/Biodiversity%20Data/obs_exotic.csv?type=csv&maxFields=10000&detectTypes=yes&xField=longitude&yField=latitude&crs=EPSG:4326&spatialIndex=no&subsetIndex=no&watchFile=no
"1041",Anthriscus caucalis,Anthriscus,caucalis,,,,exotic,unlisted,,48.871936110000000,-123.312277800000004,,NA,NA,"24824178",obs_exotic,file:///D:/Simon/Sync/Root/GIS/Biodiversity%20Data/obs_exotic.csv?type=csv&maxFields=10000&detectTypes=yes&xField=longitude&yField=latitude&crs=EPSG:4326&spatialIndex=no&subsetIndex=no&watchFile=no
"1042",Anthriscus caucalis,Anthriscus,caucalis,,,,exotic,unlisted,,48.872248540000001,-123.312374899999995,,NA,NA,"24939262",obs_exotic,file:///D:/Simon/Sync/Root/GIS/Biodiversity%20Data/obs_exotic.csv?type=csv&maxFields=10000&detectTypes=yes&xField=longitude&yField=latitude&crs=EPSG:4326&spatialIndex=no&subsetIndex=no&watchFile=no
"1043",Anthriscus caucalis,Anthriscus,caucalis,,,,exotic,unlisted,,48.872288890000000,-123.312333300000006,,NA,NA,"25048287",obs_exotic,file:///D:/Simon/Sync/Root/GIS/Biodiversity%20Data/obs_exotic.csv?type=csv&maxFields=10000&detectTypes=yes&xField=longitude&yField=latitude&crs=EPSG:4326&spatialIndex=no&subsetIndex=no&watchFile=no
"1044",Anthriscus caucalis,Anthriscus,caucalis,,,,exotic,unlisted,,48.871966669999999,-123.311578299999994,,NA,NA,"25085771",obs_exotic,file:///D:/Simon/Sync/Root/GIS/Biodiversity%20Data/obs_exotic.csv?type=csv&maxFields=10000&detectTypes=yes&xField=longitude&yField=latitude&crs=EPSG:4326&spatialIndex=no&subsetIndex=no&watchFile=no
"1045",Anthriscus caucalis,Anthriscus,caucalis,,,,exotic,unlisted,,48.872790299999998,-123.313130500000000,,NA,NA,"25199437",obs_exotic,file:///D:/Simon/Sync/Root/GIS/Biodiversity%20Data/obs_exotic.csv?type=csv&maxFields=10000&detectTypes=yes&xField=longitude&yField=latitude&crs=EPSG:4326&spatialIndex=no&subsetIndex=no&watchFile=no
"1046",Anthriscus caucalis,Anthriscus,caucalis,,,,exotic,unlisted,,48.872063709999999,-123.312276499999996,,NA,NA,"25199596",obs_exotic,file:///D:/Simon/Sync/Root/GIS/Biodiversity%20Data/obs_exotic.csv?type=csv&maxFields=10000&detectTypes=yes&xField=longitude&yField=latitude&crs=EPSG:4326&spatialIndex=no&subsetIndex=no&watchFile=no
"1047",Anthriscus caucalis,Anthriscus,caucalis,,,,exotic,unlisted,,48.863494940000002,-123.328777599999995,,NA,NA,"25482986",obs_exotic,file:///D:/Simon/Sync/Root/GIS/Biodiversity%20Data/obs_exotic.csv?type=csv&maxFields=10000&detectTypes=yes&xField=longitude&yField=latitude&crs=EPSG:4326&spatialIndex=no&subsetIndex=no&watchFile=no
"1048",Anthriscus caucalis,Anthriscus,caucalis,,,,exotic,unlisted,,48.864255090000000,-123.330679000000003,,NA,NA,"25483124",obs_exotic,file:///D:/Simon/Sync/Root/GIS/Biodiversity%20Data/obs_exotic.csv?type=csv&maxFields=10000&detectTypes=yes&xField=longitude&yField=latitude&crs=EPSG:4326&spatialIndex=no&subsetIndex=no&watchFile=no
"1049",Anthriscus caucalis,Anthriscus,caucalis,,,,exotic,unlisted,,48.872159099999998,-123.311071900000002,,NA,NA,"25483327",obs_exotic,file:///D:/Simon/Sync/Root/GIS/Biodiversity%20Data/obs_exotic.csv?type=csv&maxFields=10000&detectTypes=yes&xField=longitude&yField=latitude&crs=EPSG:4326&spatialIndex=no&subsetIndex=no&watchFile=no
"1050",Anthriscus caucalis,Anthriscus,caucalis,,,,exotic,unlisted,,48.871560049999999,-123.310904399999998,,NA,NA,"25483398",obs_exotic,file:///D:/Simon/Sync/Root/GIS/Biodiversity%20Data/obs_exotic.csv?type=csv&maxFields=10000&detectTypes=yes&xField=longitude&yField=latitude&crs=EPSG:4326&spatialIndex=no&subsetIndex=no&watchFile=no
"1051",Anthriscus caucalis,Anthriscus,caucalis,,,,exotic,unlisted,,48.867386109999998,-123.375830600000000,,NA,NA,"25561098",obs_exotic,file:///D:/Simon/Sync/Root/GIS/Biodiversity%20Data/obs_exotic.csv?type=csv&maxFields=10000&detectTypes=yes&xField=longitude&yField=latitude&crs=EPSG:4326&spatialIndex=no&subsetIndex=no&watchFile=no
"1052",Anthriscus caucalis,Anthriscus,caucalis,,,,exotic,unlisted,,48.893922220000000,-123.403800000000004,,NA,NA,"25655438",obs_exotic,file:///D:/Simon/Sync/Root/GIS/Biodiversity%20Data/obs_exotic.csv?type=csv&maxFields=10000&detectTypes=yes&xField=longitude&yField=latitude&crs=EPSG:4326&spatialIndex=no&subsetIndex=no&watchFile=no
"1053",Anthriscus caucalis,Anthriscus,caucalis,,,,exotic,unlisted,,48.893904999999997,-123.403738300000001,,NA,NA,"32119790",obs_exotic,file:///D:/Simon/Sync/Root/GIS/Biodiversity%20Data/obs_exotic.csv?type=csv&maxFields=10000&detectTypes=yes&xField=longitude&yField=latitude&crs=EPSG:4326&spatialIndex=no&subsetIndex=no&watchFile=no
"1054",Anthriscus caucalis,Anthriscus,caucalis,,,,exotic,unlisted,,48.872055000000003,-123.312233300000003,,NA,NA,"110291115",obs_exotic,file:///D:/Simon/Sync/Root/GIS/Biodiversity%20Data/obs_exotic.csv?type=csv&maxFields=10000&detectTypes=yes&xField=longitude&yField=latitude&crs=EPSG:4326&spatialIndex=no&subsetIndex=no&watchFile=no
"1055",Anthriscus caucalis,Anthriscus,caucalis,,,,exotic,unlisted,,49.012839999999997,-123.573097000000004,,NA,NA,"110936372",obs_exotic,file:///D:/Simon/Sync/Root/GIS/Biodiversity%20Data/obs_exotic.csv?type=csv&maxFields=10000&detectTypes=yes&xField=longitude&yField=latitude&crs=EPSG:4326&spatialIndex=no&subsetIndex=no&watchFile=no
"1056",Anthriscus caucalis,Anthriscus,caucalis,,,,exotic,unlisted,,48.872703330000000,-123.313124999999999,,NA,NA,"116882199",obs_exotic,file:///D:/Simon/Sync/Root/GIS/Biodiversity%20Data/obs_exotic.csv?type=csv&maxFields=10000&detectTypes=yes&xField=longitude&yField=latitude&crs=EPSG:4326&spatialIndex=no&subsetIndex=no&watchFile=no
"1057",Anthriscus caucalis,Anthriscus,caucalis,,,,exotic,unlisted,,48.893916670000003,-123.403671700000004,,NA,NA,"116919663",obs_exotic,file:///D:/Simon/Sync/Root/GIS/Biodiversity%20Data/obs_exotic.csv?type=csv&maxFields=10000&detectTypes=yes&xField=longitude&yField=latitude&crs=EPSG:4326&spatialIndex=no&subsetIndex=no&watchFile=no
"1058",Anthriscus caucalis,Anthriscus,caucalis,,,,exotic,unlisted,,49.013408329999997,-123.573288300000002,,NA,NA,"117151474",obs_exotic,file:///D:/Simon/Sync/Root/GIS/Biodiversity%20Data/obs_exotic.csv?type=csv&maxFields=10000&detectTypes=yes&xField=longitude&yField=latitude&crs=EPSG:4326&spatialIndex=no&subsetIndex=no&watchFile=no
"1059",Anthriscus caucalis,Anthriscus,caucalis,,,,exotic,unlisted,,48.901296670000001,-123.447013299999995,,NA,NA,"117624566",obs_exotic,file:///D:/Simon/Sync/Root/GIS/Biodiversity%20Data/obs_exotic.csv?type=csv&maxFields=10000&detectTypes=yes&xField=longitude&yField=latitude&crs=EPSG:4326&spatialIndex=no&subsetIndex=no&watchFile=no
"1060",Anthriscus caucalis,Anthriscus,caucalis,,,,exotic,unlisted,,48.873136830000000,-123.314364900000001,,NA,NA,"119369457",obs_exotic,file:///D:/Simon/Sync/Root/GIS/Biodiversity%20Data/obs_exotic.csv?type=csv&maxFields=10000&detectTypes=yes&xField=longitude&yField=latitude&crs=EPSG:4326&spatialIndex=no&subsetIndex=no&watchFile=no
"1061",Anthriscus caucalis,Anthriscus,caucalis,,,,exotic,unlisted,,49.013988890000000,-123.573774999999998,,NA,NA,"119972214",obs_exotic,file:///D:/Simon/Sync/Root/GIS/Biodiversity%20Data/obs_exotic.csv?type=csv&maxFields=10000&detectTypes=yes&xField=longitude&yField=latitude&crs=EPSG:4326&spatialIndex=no&subsetIndex=no&watchFile=no
"1062",Anthriscus caucalis,Anthriscus,caucalis,,,,exotic,unlisted,,49.012241449999998,-123.573845199999994,,NA,NA,"123934546",obs_exotic,file:///D:/Simon/Sync/Root/GIS/Biodiversity%20Data/obs_exotic.csv?type=csv&maxFields=10000&detectTypes=yes&xField=longitude&yField=latitude&crs=EPSG:4326&spatialIndex=no&subsetIndex=no&watchFile=no
"1063",Anthriscus caucalis,Anthriscus,caucalis,,,,exotic,unlisted,,48.898041669999998,-123.406546700000007,,NA,NA,"129506149",obs_exotic,file:///D:/Simon/Sync/Root/GIS/Biodiversity%20Data/obs_exotic.csv?type=csv&maxFields=10000&detectTypes=yes&xField=longitude&yField=latitude&crs=EPSG:4326&spatialIndex=no&subsetIndex=no&watchFile=no
"1064",Antirrhinum majus,Antirrhinum,majus,,,,exotic,unlisted,,48.972405150000000,-123.562616899999995,,NA,NA,"26035340",obs_exotic,file:///D:/Simon/Sync/Root/GIS/Biodiversity%20Data/obs_exotic.csv?type=csv&maxFields=10000&detectTypes=yes&xField=longitude&yField=latitude&crs=EPSG:4326&spatialIndex=no&subsetIndex=no&watchFile=no
"1292",Arctium lappa,Arctium,lappa,,,,exotic,unlisted,,48.930295749999999,-123.467424500000007,,NA,NA,"62565821",obs_exotic,file:///D:/Simon/Sync/Root/GIS/Biodiversity%20Data/obs_exotic.csv?type=csv&maxFields=10000&detectTypes=yes&xField=longitude&yField=latitude&crs=EPSG:4326&spatialIndex=no&subsetIndex=no&watchFile=no
"1293",Arctium minus,Arctium,minus,,,,exotic,unlisted,,48.930619999999998,-123.472767000000005,,NA,NA,"2563307",obs_exotic,file:///D:/Simon/Sync/Root/GIS/Biodiversity%20Data/obs_exotic.csv?type=csv&maxFields=10000&detectTypes=yes&xField=longitude&yField=latitude&crs=EPSG:4326&spatialIndex=no&subsetIndex=no&watchFile=no
"1294",Arctium minus,Arctium,minus,,,,exotic,unlisted,,48.930123999999999,-123.475857000000005,,NA,NA,"2599918",obs_exotic,file:///D:/Simon/Sync/Root/GIS/Biodiversity%20Data/obs_exotic.csv?type=csv&maxFields=10000&detectTypes=yes&xField=longitude&yField=latitude&crs=EPSG:4326&spatialIndex=no&subsetIndex=no&watchFile=no
"1295",Arctium minus,Arctium,minus,,,,exotic,unlisted,,48.875633000000001,-123.350420999999997,,NA,NA,"4102210",obs_exotic,file:///D:/Simon/Sync/Root/GIS/Biodiversity%20Data/obs_exotic.csv?type=csv&maxFields=10000&detectTypes=yes&xField=longitude&yField=latitude&crs=EPSG:4326&spatialIndex=no&subsetIndex=no&watchFile=no
"1352",Armeria maritima,Armeria,maritima,,,,exotic,S4,,48.867858329999997,-123.386916700000000,,NA,NA,"5705865",obs_exotic,file:///D:/Simon/Sync/Root/GIS/Biodiversity%20Data/obs_exotic.csv?type=csv&maxFields=10000&detectTypes=yes&xField=longitude&yField=latitude&crs=EPSG:4326&spatialIndex=no&subsetIndex=no&watchFile=no
"1353",Armeria maritima,Armeria,maritima,,,,exotic,S4,,48.867940089999998,-123.387027399999994,,NA,NA,"5715312",obs_exotic,file:///D:/Simon/Sync/Root/GIS/Biodiversity%20Data/obs_exotic.csv?type=csv&maxFields=10000&detectTypes=yes&xField=longitude&yField=latitude&crs=EPSG:4326&spatialIndex=no&subsetIndex=no&watchFile=no
"1366",Atriplex patula,Atriplex,patula,,,,exotic,unlisted,,48.898220000000002,-123.407278000000005,,NA,NA,"3495353",obs_exotic,file:///D:/Simon/Sync/Root/GIS/Biodiversity%20Data/obs_exotic.csv?type=csv&maxFields=10000&detectTypes=yes&xField=longitude&yField=latitude&crs=EPSG:4326&spatialIndex=no&subsetIndex=no&watchFile=no
"1367",Atriplex patula,Atriplex,patula,,,,exotic,unlisted,,48.898439910000000,-123.407814500000001,,NA,NA,"3701124",obs_exotic,file:///D:/Simon/Sync/Root/GIS/Biodiversity%20Data/obs_exotic.csv?type=csv&maxFields=10000&detectTypes=yes&xField=longitude&yField=latitude&crs=EPSG:4326&spatialIndex=no&subsetIndex=no&watchFile=no
"1368",Atriplex patula,Atriplex,patula,,,,exotic,unlisted,,49.012650000000001,-123.572463900000002,,NA,NA,"3889067",obs_exotic,file:///D:/Simon/Sync/Root/GIS/Biodiversity%20Data/obs_exotic.csv?type=csv&maxFields=10000&detectTypes=yes&xField=longitude&yField=latitude&crs=EPSG:4326&spatialIndex=no&subsetIndex=no&watchFile=no
"1369",Atriplex patula,Atriplex,patula,,,,exotic,unlisted,,48.898175999999999,-123.407838999999996,,NA,NA,"4016993",obs_exotic,file:///D:/Simon/Sync/Root/GIS/Biodiversity%20Data/obs_exotic.csv?type=csv&maxFields=10000&detectTypes=yes&xField=longitude&yField=latitude&crs=EPSG:4326&spatialIndex=no&subsetIndex=no&watchFile=no
"1370",Atriplex patula,Atriplex,patula,,,,exotic,unlisted,,48.898756429999999,-123.407409299999998,,NA,NA,"25476304",obs_exotic,file:///D:/Simon/Sync/Root/GIS/Biodiversity%20Data/obs_exotic.csv?type=csv&maxFields=10000&detectTypes=yes&xField=longitude&yField=latitude&crs=EPSG:4326&spatialIndex=no&subsetIndex=no&watchFile=no
"1371",Atriplex patula,Atriplex,patula,,,,exotic,unlisted,,48.943342889999997,-123.510008499999998,,NA,NA,"30217318",obs_exotic,file:///D:/Simon/Sync/Root/GIS/Biodiversity%20Data/obs_exotic.csv?type=csv&maxFields=10000&detectTypes=yes&xField=longitude&yField=latitude&crs=EPSG:4326&spatialIndex=no&subsetIndex=no&watchFile=no
"1372",Atriplex patula,Atriplex,patula,,,,exotic,unlisted,,48.893353159999997,-123.406009100000006,,NA,NA,"35113338",obs_exotic,file:///D:/Simon/Sync/Root/GIS/Biodiversity%20Data/obs_exotic.csv?type=csv&maxFields=10000&detectTypes=yes&xField=longitude&yField=latitude&crs=EPSG:4326&spatialIndex=no&subsetIndex=no&watchFile=no
"1373",Atriplex patula,Atriplex,patula,,,,exotic,unlisted,,48.896768330000000,-123.405936699999998,,NA,NA,"56194861",obs_exotic,file:///D:/Simon/Sync/Root/GIS/Biodiversity%20Data/obs_exotic.csv?type=csv&maxFields=10000&detectTypes=yes&xField=longitude&yField=latitude&crs=EPSG:4326&spatialIndex=no&subsetIndex=no&watchFile=no
"1374",Atriplex patula,Atriplex,patula,,,,exotic,unlisted,,48.898466669999998,-123.407621700000007,,NA,NA,"56194865",obs_exotic,file:///D:/Simon/Sync/Root/GIS/Biodiversity%20Data/obs_exotic.csv?type=csv&maxFields=10000&detectTypes=yes&xField=longitude&yField=latitude&crs=EPSG:4326&spatialIndex=no&subsetIndex=no&watchFile=no
"1375",Atriplex patula,Atriplex,patula,,,,exotic,unlisted,,48.898465000000002,-123.407593300000002,,NA,NA,"56194867",obs_exotic,file:///D:/Simon/Sync/Root/GIS/Biodiversity%20Data/obs_exotic.csv?type=csv&maxFields=10000&detectTypes=yes&xField=longitude&yField=latitude&crs=EPSG:4326&spatialIndex=no&subsetIndex=no&watchFile=no
"1376",Atriplex prostrata,Atriplex,prostrata,,,,exotic,unlisted,,48.929402000000003,-123.475857000000005,,NA,NA,"2599838",obs_exotic,file:///D:/Simon/Sync/Root/GIS/Biodiversity%20Data/obs_exotic.csv?type=csv&maxFields=10000&detectTypes=yes&xField=longitude&yField=latitude&crs=EPSG:4326&spatialIndex=no&subsetIndex=no&watchFile=no
"1377",Atriplex prostrata,Atriplex,prostrata,,,,exotic,unlisted,,49.012751670000000,-123.572673300000005,,NA,NA,"57099280",obs_exotic,file:///D:/Simon/Sync/Root/GIS/Biodiversity%20Data/obs_exotic.csv?type=csv&maxFields=10000&detectTypes=yes&xField=longitude&yField=latitude&crs=EPSG:4326&spatialIndex=no&subsetIndex=no&watchFile=no
"1378",Atriplex prostrata,Atriplex,prostrata,,,,exotic,unlisted,,48.898896149999999,-123.407855400000003,,NA,NA,"89268585",obs_exotic,file:///D:/Simon/Sync/Root/GIS/Biodiversity%20Data/obs_exotic.csv?type=csv&maxFields=10000&detectTypes=yes&xField=longitude&yField=latitude&crs=EPSG:4326&spatialIndex=no&subsetIndex=no&watchFile=no
"1379",Atriplex prostrata,Atriplex,prostrata,,,,exotic,unlisted,,48.898054530000003,-123.407937799999999,,NA,NA,"101359276",obs_exotic,file:///D:/Simon/Sync/Root/GIS/Biodiversity%20Data/obs_exotic.csv?type=csv&maxFields=10000&detectTypes=yes&xField=longitude&yField=latitude&crs=EPSG:4326&spatialIndex=no&subsetIndex=no&watchFile=no
"1380",Atriplex prostrata,Atriplex,prostrata,,,,exotic,unlisted,,48.990863330000003,-123.579553300000001,,NA,NA,"129715085",obs_exotic,file:///D:/Simon/Sync/Root/GIS/Biodiversity%20Data/obs_exotic.csv?type=csv&maxFields=10000&detectTypes=yes&xField=longitude&yField=latitude&crs=EPSG:4326&spatialIndex=no&subsetIndex=no&watchFile=no
"1381",Atriplex prostrata,Atriplex,prostrata,,,,exotic,unlisted,,48.898350000000001,-123.402436699999996,,NA,NA,"135832641",obs_exotic,file:///D:/Simon/Sync/Root/GIS/Biodiversity%20Data/obs_exotic.csv?type=csv&maxFields=10000&detectTypes=yes&xField=longitude&yField=latitude&crs=EPSG:4326&spatialIndex=no&subsetIndex=no&watchFile=no
"1382",Avena sativa,Avena,sativa,,,,exotic,unlisted,,48.930752779999999,-123.475669400000001,,NA,NA,"125381639",obs_exotic,file:///D:/Simon/Sync/Root/GIS/Biodiversity%20Data/obs_exotic.csv?type=csv&maxFields=10000&detectTypes=yes&xField=longitude&yField=latitude&crs=EPSG:4326&spatialIndex=no&subsetIndex=no&watchFile=no
"1387",Barbarea verna,Barbarea,verna,,,,exotic,unlisted,,48.928025920000003,-123.467745800000003,,NA,NA,"6217457",obs_exotic,file:///D:/Simon/Sync/Root/GIS/Biodiversity%20Data/obs_exotic.csv?type=csv&maxFields=10000&detectTypes=yes&xField=longitude&yField=latitude&crs=EPSG:4326&spatialIndex=no&subsetIndex=no&watchFile=no
"1388",Bellardia viscosa,Bellardia,viscosa,,,,exotic,unlisted,,48.928632000000000,-123.468925999999996,,NA,NA,"2564158",obs_exotic,file:///D:/Simon/Sync/Root/GIS/Biodiversity%20Data/obs_exotic.csv?type=csv&maxFields=10000&detectTypes=yes&xField=longitude&yField=latitude&crs=EPSG:4326&spatialIndex=no&subsetIndex=no&watchFile=no
"1389",Bellardia viscosa,Bellardia,viscosa,,,,exotic,unlisted,,48.871257999999997,-123.321048000000005,,NA,NA,"3505715",obs_exotic,file:///D:/Simon/Sync/Root/GIS/Biodiversity%20Data/obs_exotic.csv?type=csv&maxFields=10000&detectTypes=yes&xField=longitude&yField=latitude&crs=EPSG:4326&spatialIndex=no&subsetIndex=no&watchFile=no
"1390",Bellardia viscosa,Bellardia,viscosa,,,,exotic,unlisted,,48.897432999999999,-123.356314999999995,,NA,NA,"13130808",obs_exotic,file:///D:/Simon/Sync/Root/GIS/Biodiversity%20Data/obs_exotic.csv?type=csv&maxFields=10000&detectTypes=yes&xField=longitude&yField=latitude&crs=EPSG:4326&spatialIndex=no&subsetIndex=no&watchFile=no
"1391",Bellardia viscosa,Bellardia,viscosa,,,,exotic,unlisted,,48.870573329999999,-123.319050000000004,,NA,NA,"121538430",obs_exotic,file:///D:/Simon/Sync/Root/GIS/Biodiversity%20Data/obs_exotic.csv?type=csv&maxFields=10000&detectTypes=yes&xField=longitude&yField=latitude&crs=EPSG:4326&spatialIndex=no&subsetIndex=no&watchFile=no
"1392",Bellardia viscosa,Bellardia,viscosa,,,,exotic,unlisted,,48.931058329999999,-123.476058300000005,,NA,NA,"125381637",obs_exotic,file:///D:/Simon/Sync/Root/GIS/Biodiversity%20Data/obs_exotic.csv?type=csv&maxFields=10000&detectTypes=yes&xField=longitude&yField=latitude&crs=EPSG:4326&spatialIndex=no&subsetIndex=no&watchFile=no
"1393",Bellardia viscosa,Bellardia,viscosa,,,,exotic,unlisted,,48.870674999999999,-123.319388300000000,,NA,NA,"130427080",obs_exotic,file:///D:/Simon/Sync/Root/GIS/Biodiversity%20Data/obs_exotic.csv?type=csv&maxFields=10000&detectTypes=yes&xField=longitude&yField=latitude&crs=EPSG:4326&spatialIndex=no&subsetIndex=no&watchFile=no
"1394",Bellis perennis,Bellis,perennis,,,,exotic,unlisted,,48.872506000000001,-123.312521000000004,,NA,NA,"2569419",obs_exotic,file:///D:/Simon/Sync/Root/GIS/Biodiversity%20Data/obs_exotic.csv?type=csv&maxFields=10000&detectTypes=yes&xField=longitude&yField=latitude&crs=EPSG:4326&spatialIndex=no&subsetIndex=no&watchFile=no
"1395",Bellis perennis,Bellis,perennis,,,,exotic,unlisted,,48.930732999999996,-123.475684999999999,,NA,NA,"2589122",obs_exotic,file:///D:/Simon/Sync/Root/GIS/Biodiversity%20Data/obs_exotic.csv?type=csv&maxFields=10000&detectTypes=yes&xField=longitude&yField=latitude&crs=EPSG:4326&spatialIndex=no&subsetIndex=no&watchFile=no
"1396",Bellis perennis,Bellis,perennis,,,,exotic,unlisted,,48.873086999999998,-123.314172999999997,,NA,NA,"2677491",obs_exotic,file:///D:/Simon/Sync/Root/GIS/Biodiversity%20Data/obs_exotic.csv?type=csv&maxFields=10000&detectTypes=yes&xField=longitude&yField=latitude&crs=EPSG:4326&spatialIndex=no&subsetIndex=no&watchFile=no
"1397",Bellis perennis,Bellis,perennis,,,,exotic,unlisted,,48.899912999999998,-123.406419999999997,,NA,NA,"2679303",obs_exotic,file:///D:/Simon/Sync/Root/GIS/Biodiversity%20Data/obs_exotic.csv?type=csv&maxFields=10000&detectTypes=yes&xField=longitude&yField=latitude&crs=EPSG:4326&spatialIndex=no&subsetIndex=no&watchFile=no
"1398",Bellis perennis,Bellis,perennis,,,,exotic,unlisted,,48.898038999999997,-123.401871000000000,,NA,NA,"2805214",obs_exotic,file:///D:/Simon/Sync/Root/GIS/Biodiversity%20Data/obs_exotic.csv?type=csv&maxFields=10000&detectTypes=yes&xField=longitude&yField=latitude&crs=EPSG:4326&spatialIndex=no&subsetIndex=no&watchFile=no
"1399",Bellis perennis,Bellis,perennis,,,,exotic,unlisted,,48.866764000000003,-123.336060000000003,,NA,NA,"3027299",obs_exotic,file:///D:/Simon/Sync/Root/GIS/Biodiversity%20Data/obs_exotic.csv?type=csv&maxFields=10000&detectTypes=yes&xField=longitude&yField=latitude&crs=EPSG:4326&spatialIndex=no&subsetIndex=no&watchFile=no
"1400",Bellis perennis,Bellis,perennis,,,,exotic,unlisted,,48.919024999999998,-123.430623999999995,,NA,NA,"3114523",obs_exotic,file:///D:/Simon/Sync/Root/GIS/Biodiversity%20Data/obs_exotic.csv?type=csv&maxFields=10000&detectTypes=yes&xField=longitude&yField=latitude&crs=EPSG:4326&spatialIndex=no&subsetIndex=no&watchFile=no
"1401",Bellis perennis,Bellis,perennis,,,,exotic,unlisted,,48.900311000000002,-123.406865999999994,,NA,NA,"5393825",obs_exotic,file:///D:/Simon/Sync/Root/GIS/Biodiversity%20Data/obs_exotic.csv?type=csv&maxFields=10000&detectTypes=yes&xField=longitude&yField=latitude&crs=EPSG:4326&spatialIndex=no&subsetIndex=no&watchFile=no
"1402",Bellis perennis,Bellis,perennis,,,,exotic,unlisted,,48.928899979999997,-123.470020300000002,,NA,NA,"6298765",obs_exotic,file:///D:/Simon/Sync/Root/GIS/Biodiversity%20Data/obs_exotic.csv?type=csv&maxFields=10000&detectTypes=yes&xField=longitude&yField=latitude&crs=EPSG:4326&spatialIndex=no&subsetIndex=no&watchFile=no
"1403",Bellis perennis,Bellis,perennis,,,,exotic,unlisted,,48.962976300000001,-123.548383700000002,,NA,NA,"6391057",obs_exotic,file:///D:/Simon/Sync/Root/GIS/Biodiversity%20Data/obs_exotic.csv?type=csv&maxFields=10000&detectTypes=yes&xField=longitude&yField=latitude&crs=EPSG:4326&spatialIndex=no&subsetIndex=no&watchFile=no
"1404",Bellis perennis,Bellis,perennis,,,,exotic,unlisted,,48.943192879999998,-123.484139400000004,,NA,NA,"6411199",obs_exotic,file:///D:/Simon/Sync/Root/GIS/Biodiversity%20Data/obs_exotic.csv?type=csv&maxFields=10000&detectTypes=yes&xField=longitude&yField=latitude&crs=EPSG:4326&spatialIndex=no&subsetIndex=no&watchFile=no
"1405",Bellis perennis,Bellis,perennis,,,,exotic,unlisted,,48.940176000000001,-123.492289999999997,,NA,NA,"10109066",obs_exotic,file:///D:/Simon/Sync/Root/GIS/Biodiversity%20Data/obs_exotic.csv?type=csv&maxFields=10000&detectTypes=yes&xField=longitude&yField=latitude&crs=EPSG:4326&spatialIndex=no&subsetIndex=no&watchFile=no
"1406",Bellis perennis,Bellis,perennis,,,,exotic,unlisted,,48.880172999999999,-123.338239000000002,,NA,NA,"12790084",obs_exotic,file:///D:/Simon/Sync/Root/GIS/Biodiversity%20Data/obs_exotic.csv?type=csv&maxFields=10000&detectTypes=yes&xField=longitude&yField=latitude&crs=EPSG:4326&spatialIndex=no&subsetIndex=no&watchFile=no
"1407",Bellis perennis,Bellis,perennis,,,,exotic,unlisted,,48.879306669999998,-123.321243300000006,,NA,NA,"23776001",obs_exotic,file:///D:/Simon/Sync/Root/GIS/Biodiversity%20Data/obs_exotic.csv?type=csv&maxFields=10000&detectTypes=yes&xField=longitude&yField=latitude&crs=EPSG:4326&spatialIndex=no&subsetIndex=no&watchFile=no
"1408",Bellis perennis,Bellis,perennis,,,,exotic,unlisted,,49.013240019999998,-123.573031900000004,,NA,NA,"24497729",obs_exotic,file:///D:/Simon/Sync/Root/GIS/Biodiversity%20Data/obs_exotic.csv?type=csv&maxFields=10000&detectTypes=yes&xField=longitude&yField=latitude&crs=EPSG:4326&spatialIndex=no&subsetIndex=no&watchFile=no
"1409",Bellis perennis,Bellis,perennis,,,,exotic,unlisted,,48.900177780000000,-123.406730600000003,,NA,NA,"24672670",obs_exotic,file:///D:/Simon/Sync/Root/GIS/Biodiversity%20Data/obs_exotic.csv?type=csv&maxFields=10000&detectTypes=yes&xField=longitude&yField=latitude&crs=EPSG:4326&spatialIndex=no&subsetIndex=no&watchFile=no
"1410",Bellis perennis,Bellis,perennis,,,,exotic,unlisted,,48.961902780000003,-123.518074999999996,,NA,NA,"24674007",obs_exotic,file:///D:/Simon/Sync/Root/GIS/Biodiversity%20Data/obs_exotic.csv?type=csv&maxFields=10000&detectTypes=yes&xField=longitude&yField=latitude&crs=EPSG:4326&spatialIndex=no&subsetIndex=no&watchFile=no
"1411",Bellis perennis,Bellis,perennis,,,,exotic,unlisted,,48.899708330000003,-123.405777799999996,,NA,NA,"24683972",obs_exotic,file:///D:/Simon/Sync/Root/GIS/Biodiversity%20Data/obs_exotic.csv?type=csv&maxFields=10000&detectTypes=yes&xField=longitude&yField=latitude&crs=EPSG:4326&spatialIndex=no&subsetIndex=no&watchFile=no
"1412",Bellis perennis,Bellis,perennis,,,,exotic,unlisted,,48.962497220000003,-123.519011100000000,,NA,NA,"24694150",obs_exotic,file:///D:/Simon/Sync/Root/GIS/Biodiversity%20Data/obs_exotic.csv?type=csv&maxFields=10000&detectTypes=yes&xField=longitude&yField=latitude&crs=EPSG:4326&spatialIndex=no&subsetIndex=no&watchFile=no
"1413",Bellis perennis,Bellis,perennis,,,,exotic,unlisted,,48.894072219999998,-123.404008300000001,,NA,NA,"24701288",obs_exotic,file:///D:/Simon/Sync/Root/GIS/Biodiversity%20Data/obs_exotic.csv?type=csv&maxFields=10000&detectTypes=yes&xField=longitude&yField=latitude&crs=EPSG:4326&spatialIndex=no&subsetIndex=no&watchFile=no
"1414",Bellis perennis,Bellis,perennis,,,,exotic,unlisted,,48.871686109999999,-123.311822199999995,,NA,NA,"24701400",obs_exotic,file:///D:/Simon/Sync/Root/GIS/Biodiversity%20Data/obs_exotic.csv?type=csv&maxFields=10000&detectTypes=yes&xField=longitude&yField=latitude&crs=EPSG:4326&spatialIndex=no&subsetIndex=no&watchFile=no
"1415",Bellis perennis,Bellis,perennis,,,,exotic,unlisted,,48.866516670000003,-123.331580599999995,,NA,NA,"24702363",obs_exotic,file:///D:/Simon/Sync/Root/GIS/Biodiversity%20Data/obs_exotic.csv?type=csv&maxFields=10000&detectTypes=yes&xField=longitude&yField=latitude&crs=EPSG:4326&spatialIndex=no&subsetIndex=no&watchFile=no
"1416",Bellis perennis,Bellis,perennis,,,,exotic,unlisted,,48.871751070000002,-123.312083099999995,,NA,NA,"24708345",obs_exotic,file:///D:/Simon/Sync/Root/GIS/Biodiversity%20Data/obs_exotic.csv?type=csv&maxFields=10000&detectTypes=yes&xField=longitude&yField=latitude&crs=EPSG:4326&spatialIndex=no&subsetIndex=no&watchFile=no
"1417",Bellis perennis,Bellis,perennis,,,,exotic,unlisted,,48.962468410000000,-123.519114500000001,,NA,NA,"24710449",obs_exotic,file:///D:/Simon/Sync/Root/GIS/Biodiversity%20Data/obs_exotic.csv?type=csv&maxFields=10000&detectTypes=yes&xField=longitude&yField=latitude&crs=EPSG:4326&spatialIndex=no&subsetIndex=no&watchFile=no
"1418",Bellis perennis,Bellis,perennis,,,,exotic,unlisted,,49.013266469999998,-123.573352999999997,,NA,NA,"24711777",obs_exotic,file:///D:/Simon/Sync/Root/GIS/Biodiversity%20Data/obs_exotic.csv?type=csv&maxFields=10000&detectTypes=yes&xField=longitude&yField=latitude&crs=EPSG:4326&spatialIndex=no&subsetIndex=no&watchFile=no
"1419",Bellis perennis,Bellis,perennis,,,,exotic,unlisted,,48.872102190000000,-123.311687000000006,,NA,NA,"24711842",obs_exotic,file:///D:/Simon/Sync/Root/GIS/Biodiversity%20Data/obs_exotic.csv?type=csv&maxFields=10000&detectTypes=yes&xField=longitude&yField=latitude&crs=EPSG:4326&spatialIndex=no&subsetIndex=no&watchFile=no
"1420",Bellis perennis,Bellis,perennis,,,,exotic,unlisted,,48.871645420000000,-123.310794599999994,,NA,NA,"24713809",obs_exotic,file:///D:/Simon/Sync/Root/GIS/Biodiversity%20Data/obs_exotic.csv?type=csv&maxFields=10000&detectTypes=yes&xField=longitude&yField=latitude&crs=EPSG:4326&spatialIndex=no&subsetIndex=no&watchFile=no
"1421",Bellis perennis,Bellis,perennis,,,,exotic,unlisted,,48.871680560000001,-123.311516699999999,,NA,NA,"24806461",obs_exotic,file:///D:/Simon/Sync/Root/GIS/Biodiversity%20Data/obs_exotic.csv?type=csv&maxFields=10000&detectTypes=yes&xField=longitude&yField=latitude&crs=EPSG:4326&spatialIndex=no&subsetIndex=no&watchFile=no
"1422",Bellis perennis,Bellis,perennis,,,,exotic,unlisted,,48.952944969999997,-123.522347499999995,,NA,NA,"24819467",obs_exotic,file:///D:/Simon/Sync/Root/GIS/Biodiversity%20Data/obs_exotic.csv?type=csv&maxFields=10000&detectTypes=yes&xField=longitude&yField=latitude&crs=EPSG:4326&spatialIndex=no&subsetIndex=no&watchFile=no
"1423",Bellis perennis,Bellis,perennis,,,,exotic,unlisted,,48.871680560000001,-123.311516699999999,,NA,NA,"24824121",obs_exotic,file:///D:/Simon/Sync/Root/GIS/Biodiversity%20Data/obs_exotic.csv?type=csv&maxFields=10000&detectTypes=yes&xField=longitude&yField=latitude&crs=EPSG:4326&spatialIndex=no&subsetIndex=no&watchFile=no
"1424",Bellis perennis,Bellis,perennis,,,,exotic,unlisted,,48.871886109999998,-123.312233300000003,,NA,NA,"24824183",obs_exotic,file:///D:/Simon/Sync/Root/GIS/Biodiversity%20Data/obs_exotic.csv?type=csv&maxFields=10000&detectTypes=yes&xField=longitude&yField=latitude&crs=EPSG:4326&spatialIndex=no&subsetIndex=no&watchFile=no
"1425",Bellis perennis,Bellis,perennis,,,,exotic,unlisted,,48.900174479999997,-123.407084400000002,,NA,NA,"24939882",obs_exotic,file:///D:/Simon/Sync/Root/GIS/Biodiversity%20Data/obs_exotic.csv?type=csv&maxFields=10000&detectTypes=yes&xField=longitude&yField=latitude&crs=EPSG:4326&spatialIndex=no&subsetIndex=no&watchFile=no
"1426",Bellis perennis,Bellis,perennis,,,,exotic,unlisted,,48.962427130000002,-123.519104799999994,,NA,NA,"24942156",obs_exotic,file:///D:/Simon/Sync/Root/GIS/Biodiversity%20Data/obs_exotic.csv?type=csv&maxFields=10000&detectTypes=yes&xField=longitude&yField=latitude&crs=EPSG:4326&spatialIndex=no&subsetIndex=no&watchFile=no
"1427",Bellis perennis,Bellis,perennis,,,,exotic,unlisted,,48.872166669999999,-123.312561099999996,,NA,NA,"25048254",obs_exotic,file:///D:/Simon/Sync/Root/GIS/Biodiversity%20Data/obs_exotic.csv?type=csv&maxFields=10000&detectTypes=yes&xField=longitude&yField=latitude&crs=EPSG:4326&spatialIndex=no&subsetIndex=no&watchFile=no
"1428",Bellis perennis,Bellis,perennis,,,,exotic,unlisted,,48.872481010000001,-123.312878900000001,,NA,NA,"25199322",obs_exotic,file:///D:/Simon/Sync/Root/GIS/Biodiversity%20Data/obs_exotic.csv?type=csv&maxFields=10000&detectTypes=yes&xField=longitude&yField=latitude&crs=EPSG:4326&spatialIndex=no&subsetIndex=no&watchFile=no
"1429",Bellis perennis,Bellis,perennis,,,,exotic,unlisted,,48.899201009999999,-123.407597300000006,,NA,NA,"25200279",obs_exotic,file:///D:/Simon/Sync/Root/GIS/Biodiversity%20Data/obs_exotic.csv?type=csv&maxFields=10000&detectTypes=yes&xField=longitude&yField=latitude&crs=EPSG:4326&spatialIndex=no&subsetIndex=no&watchFile=no
"1430",Bellis perennis,Bellis,perennis,,,,exotic,unlisted,,48.900071210000000,-123.407215699999995,,NA,NA,"25477917",obs_exotic,file:///D:/Simon/Sync/Root/GIS/Biodiversity%20Data/obs_exotic.csv?type=csv&maxFields=10000&detectTypes=yes&xField=longitude&yField=latitude&crs=EPSG:4326&spatialIndex=no&subsetIndex=no&watchFile=no
"1431",Bellis perennis,Bellis,perennis,,,,exotic,unlisted,,48.899376269999998,-123.403822500000004,,NA,NA,"25478859",obs_exotic,file:///D:/Simon/Sync/Root/GIS/Biodiversity%20Data/obs_exotic.csv?type=csv&maxFields=10000&detectTypes=yes&xField=longitude&yField=latitude&crs=EPSG:4326&spatialIndex=no&subsetIndex=no&watchFile=no
"1432",Bellis perennis,Bellis,perennis,,,,exotic,unlisted,,48.978663079999997,-123.556117700000001,,NA,NA,"25479360",obs_exotic,file:///D:/Simon/Sync/Root/GIS/Biodiversity%20Data/obs_exotic.csv?type=csv&maxFields=10000&detectTypes=yes&xField=longitude&yField=latitude&crs=EPSG:4326&spatialIndex=no&subsetIndex=no&watchFile=no
"1433",Bellis perennis,Bellis,perennis,,,,exotic,unlisted,,48.900416669999998,-123.406883300000004,,NA,NA,"25540436",obs_exotic,file:///D:/Simon/Sync/Root/GIS/Biodiversity%20Data/obs_exotic.csv?type=csv&maxFields=10000&detectTypes=yes&xField=longitude&yField=latitude&crs=EPSG:4326&spatialIndex=no&subsetIndex=no&watchFile=no
"1434",Bellis perennis,Bellis,perennis,,,,exotic,unlisted,,48.962413890000001,-123.519180599999999,,NA,NA,"25654971",obs_exotic,file:///D:/Simon/Sync/Root/GIS/Biodiversity%20Data/obs_exotic.csv?type=csv&maxFields=10000&detectTypes=yes&xField=longitude&yField=latitude&crs=EPSG:4326&spatialIndex=no&subsetIndex=no&watchFile=no
"1435",Bellis perennis,Bellis,perennis,,,,exotic,unlisted,,48.865088890000003,-123.331794400000007,,NA,NA,"25658007",obs_exotic,file:///D:/Simon/Sync/Root/GIS/Biodiversity%20Data/obs_exotic.csv?type=csv&maxFields=10000&detectTypes=yes&xField=longitude&yField=latitude&crs=EPSG:4326&spatialIndex=no&subsetIndex=no&watchFile=no
"1436",Bellis perennis,Bellis,perennis,,,,exotic,unlisted,,48.949337069999999,-123.487024000000005,,NA,NA,"31529202",obs_exotic,file:///D:/Simon/Sync/Root/GIS/Biodiversity%20Data/obs_exotic.csv?type=csv&maxFields=10000&detectTypes=yes&xField=longitude&yField=latitude&crs=EPSG:4326&spatialIndex=no&subsetIndex=no&watchFile=no
"1437",Bellis perennis,Bellis,perennis,,,,exotic,unlisted,,48.897903329999998,-123.402503300000006,,NA,NA,"32118264",obs_exotic,file:///D:/Simon/Sync/Root/GIS/Biodiversity%20Data/obs_exotic.csv?type=csv&maxFields=10000&detectTypes=yes&xField=longitude&yField=latitude&crs=EPSG:4326&spatialIndex=no&subsetIndex=no&watchFile=no
"1438",Bellis perennis,Bellis,perennis,,,,exotic,unlisted,,48.895108329999999,-123.404441700000007,,NA,NA,"32119788",obs_exotic,file:///D:/Simon/Sync/Root/GIS/Biodiversity%20Data/obs_exotic.csv?type=csv&maxFields=10000&detectTypes=yes&xField=longitude&yField=latitude&crs=EPSG:4326&spatialIndex=no&subsetIndex=no&watchFile=no
"1439",Bellis perennis,Bellis,perennis,,,,exotic,unlisted,,48.885060719999998,-123.322140700000006,,NA,NA,"40413020",obs_exotic,file:///D:/Simon/Sync/Root/GIS/Biodiversity%20Data/obs_exotic.csv?type=csv&maxFields=10000&detectTypes=yes&xField=longitude&yField=latitude&crs=EPSG:4326&spatialIndex=no&subsetIndex=no&watchFile=no
"1440",Bellis perennis,Bellis,perennis,,,,exotic,unlisted,,48.871015000000000,-123.320018000000005,,NA,NA,"44781097",obs_exotic,file:///D:/Simon/Sync/Root/GIS/Biodiversity%20Data/obs_exotic.csv?type=csv&maxFields=10000&detectTypes=yes&xField=longitude&yField=latitude&crs=EPSG:4326&spatialIndex=no&subsetIndex=no&watchFile=no
"1441",Bellis perennis,Bellis,perennis,,,,exotic,unlisted,,49.011498670000002,-123.575510199999997,,NA,NA,"83602977",obs_exotic,file:///D:/Simon/Sync/Root/GIS/Biodiversity%20Data/obs_exotic.csv?type=csv&maxFields=10000&detectTypes=yes&xField=longitude&yField=latitude&crs=EPSG:4326&spatialIndex=no&subsetIndex=no&watchFile=no
"1442",Bellis perennis,Bellis,perennis,,,,exotic,unlisted,,49.005991020000003,-123.569967800000001,,NA,NA,"111965612",obs_exotic,file:///D:/Simon/Sync/Root/GIS/Biodiversity%20Data/obs_exotic.csv?type=csv&maxFields=10000&detectTypes=yes&xField=longitude&yField=latitude&crs=EPSG:4326&spatialIndex=no&subsetIndex=no&watchFile=no
"1443",Bellis perennis,Bellis,perennis,,,,exotic,unlisted,,48.909886669999999,-123.374894999999995,,NA,NA,"114482303",obs_exotic,file:///D:/Simon/Sync/Root/GIS/Biodiversity%20Data/obs_exotic.csv?type=csv&maxFields=10000&detectTypes=yes&xField=longitude&yField=latitude&crs=EPSG:4326&spatialIndex=no&subsetIndex=no&watchFile=no
"1444",Bellis perennis,Bellis,perennis,,,,exotic,unlisted,,49.012298330000000,-123.575576699999999,,NA,NA,"123934525",obs_exotic,file:///D:/Simon/Sync/Root/GIS/Biodiversity%20Data/obs_exotic.csv?type=csv&maxFields=10000&detectTypes=yes&xField=longitude&yField=latitude&crs=EPSG:4326&spatialIndex=no&subsetIndex=no&watchFile=no
"1445",Bellis perennis,Bellis,perennis,,,,exotic,unlisted,,48.897886870000001,-123.408353000000005,,NA,NA,"126113647",obs_exotic,file:///D:/Simon/Sync/Root/GIS/Biodiversity%20Data/obs_exotic.csv?type=csv&maxFields=10000&detectTypes=yes&xField=longitude&yField=latitude&crs=EPSG:4326&spatialIndex=no&subsetIndex=no&watchFile=no
"1446",Bellis perennis,Bellis,perennis,,,,exotic,unlisted,,48.870453329999997,-123.318663299999997,,NA,NA,"130431127",obs_exotic,file:///D:/Simon/Sync/Root/GIS/Biodiversity%20Data/obs_exotic.csv?type=csv&maxFields=10000&detectTypes=yes&xField=longitude&yField=latitude&crs=EPSG:4326&spatialIndex=no&subsetIndex=no&watchFile=no
"1702",Bromus commutatus,Bromus,commutatus,,,,exotic,unlisted,,48.863599999999998,-123.363032000000004,,NA,NA,"6646956",obs_exotic,file:///D:/Simon/Sync/Root/GIS/Biodiversity%20Data/obs_exotic.csv?type=csv&maxFields=10000&detectTypes=yes&xField=longitude&yField=latitude&crs=EPSG:4326&spatialIndex=no&subsetIndex=no&watchFile=no
"1703",Bromus commutatus,Bromus,commutatus,,,,exotic,unlisted,,48.872275000000002,-123.311896700000005,,NA,NA,"120889614",obs_exotic,file:///D:/Simon/Sync/Root/GIS/Biodiversity%20Data/obs_exotic.csv?type=csv&maxFields=10000&detectTypes=yes&xField=longitude&yField=latitude&crs=EPSG:4326&spatialIndex=no&subsetIndex=no&watchFile=no
"1704",Bromus diandrus,Bromus,diandrus,,,,exotic,unlisted,,48.939647219999998,-123.503494399999994,,NA,NA,"120768665",obs_exotic,file:///D:/Simon/Sync/Root/GIS/Biodiversity%20Data/obs_exotic.csv?type=csv&maxFields=10000&detectTypes=yes&xField=longitude&yField=latitude&crs=EPSG:4326&spatialIndex=no&subsetIndex=no&watchFile=no
"1705",Bromus diandrus,Bromus,diandrus,,,,exotic,unlisted,,48.931208329999997,-123.475813900000006,,NA,NA,"125381644",obs_exotic,file:///D:/Simon/Sync/Root/GIS/Biodiversity%20Data/obs_exotic.csv?type=csv&maxFields=10000&detectTypes=yes&xField=longitude&yField=latitude&crs=EPSG:4326&spatialIndex=no&subsetIndex=no&watchFile=no
"1706",Bromus hordeaceus,Bromus,hordeaceus,,,,exotic,unlisted,,48.929209999999998,-123.475427999999994,,NA,NA,"2621496",obs_exotic,file:///D:/Simon/Sync/Root/GIS/Biodiversity%20Data/obs_exotic.csv?type=csv&maxFields=10000&detectTypes=yes&xField=longitude&yField=latitude&crs=EPSG:4326&spatialIndex=no&subsetIndex=no&watchFile=no
"1707",Bromus hordeaceus,Bromus,hordeaceus,,,,exotic,unlisted,,48.928845000000003,-123.469313999999997,,NA,NA,"2621691",obs_exotic,file:///D:/Simon/Sync/Root/GIS/Biodiversity%20Data/obs_exotic.csv?type=csv&maxFields=10000&detectTypes=yes&xField=longitude&yField=latitude&crs=EPSG:4326&spatialIndex=no&subsetIndex=no&watchFile=no
"1708",Bromus hordeaceus,Bromus,hordeaceus,,,,exotic,unlisted,,48.943227000000000,-123.488088000000005,,NA,NA,"3404174",obs_exotic,file:///D:/Simon/Sync/Root/GIS/Biodiversity%20Data/obs_exotic.csv?type=csv&maxFields=10000&detectTypes=yes&xField=longitude&yField=latitude&crs=EPSG:4326&spatialIndex=no&subsetIndex=no&watchFile=no
"1709",Bromus hordeaceus,Bromus,hordeaceus,,,,exotic,unlisted,,48.866634460000000,-123.375670900000003,,NA,NA,"6411599",obs_exotic,file:///D:/Simon/Sync/Root/GIS/Biodiversity%20Data/obs_exotic.csv?type=csv&maxFields=10000&detectTypes=yes&xField=longitude&yField=latitude&crs=EPSG:4326&spatialIndex=no&subsetIndex=no&watchFile=no
"1710",Bromus hordeaceus,Bromus,hordeaceus,,,,exotic,unlisted,,48.867015570000000,-123.337604999999996,,NA,NA,"6434815",obs_exotic,file:///D:/Simon/Sync/Root/GIS/Biodiversity%20Data/obs_exotic.csv?type=csv&maxFields=10000&detectTypes=yes&xField=longitude&yField=latitude&crs=EPSG:4326&spatialIndex=no&subsetIndex=no&watchFile=no
"1711",Bromus hordeaceus,Bromus,hordeaceus,,,,exotic,unlisted,,48.872520129999998,-123.311426600000004,,NA,NA,"6434836",obs_exotic,file:///D:/Simon/Sync/Root/GIS/Biodiversity%20Data/obs_exotic.csv?type=csv&maxFields=10000&detectTypes=yes&xField=longitude&yField=latitude&crs=EPSG:4326&spatialIndex=no&subsetIndex=no&watchFile=no
"1712",Bromus hordeaceus,Bromus,hordeaceus,,,,exotic,unlisted,,48.870148999999998,-123.380413000000004,,NA,NA,"6665171",obs_exotic,file:///D:/Simon/Sync/Root/GIS/Biodiversity%20Data/obs_exotic.csv?type=csv&maxFields=10000&detectTypes=yes&xField=longitude&yField=latitude&crs=EPSG:4326&spatialIndex=no&subsetIndex=no&watchFile=no
"1713",Bromus hordeaceus,Bromus,hordeaceus,,,,exotic,unlisted,,48.870148999999998,-123.380413000000004,,NA,NA,"6665229",obs_exotic,file:///D:/Simon/Sync/Root/GIS/Biodiversity%20Data/obs_exotic.csv?type=csv&maxFields=10000&detectTypes=yes&xField=longitude&yField=latitude&crs=EPSG:4326&spatialIndex=no&subsetIndex=no&watchFile=no
"1714",Bromus hordeaceus,Bromus,hordeaceus,,,,exotic,unlisted,,48.875363999999998,-123.384596999999999,,NA,NA,"6818070",obs_exotic,file:///D:/Simon/Sync/Root/GIS/Biodiversity%20Data/obs_exotic.csv?type=csv&maxFields=10000&detectTypes=yes&xField=longitude&yField=latitude&crs=EPSG:4326&spatialIndex=no&subsetIndex=no&watchFile=no
"1715",Bromus hordeaceus,Bromus,hordeaceus,,,,exotic,unlisted,,48.984238890000000,-123.543488900000000,,NA,NA,"10665775",obs_exotic,file:///D:/Simon/Sync/Root/GIS/Biodiversity%20Data/obs_exotic.csv?type=csv&maxFields=10000&detectTypes=yes&xField=longitude&yField=latitude&crs=EPSG:4326&spatialIndex=no&subsetIndex=no&watchFile=no
"1716",Bromus hordeaceus,Bromus,hordeaceus,,,,exotic,unlisted,,48.868910169999999,-123.378347899999994,,NA,NA,"25539460",obs_exotic,file:///D:/Simon/Sync/Root/GIS/Biodiversity%20Data/obs_exotic.csv?type=csv&maxFields=10000&detectTypes=yes&xField=longitude&yField=latitude&crs=EPSG:4326&spatialIndex=no&subsetIndex=no&watchFile=no
"1717",Bromus hordeaceus,Bromus,hordeaceus,,,,exotic,unlisted,,48.871698330000001,-123.310824999999994,,NA,NA,"119369409",obs_exotic,file:///D:/Simon/Sync/Root/GIS/Biodiversity%20Data/obs_exotic.csv?type=csv&maxFields=10000&detectTypes=yes&xField=longitude&yField=latitude&crs=EPSG:4326&spatialIndex=no&subsetIndex=no&watchFile=no
"1718",Bromus hordeaceus,Bromus,hordeaceus,,,,exotic,unlisted,,48.939833329999999,-123.504149999999996,,NA,NA,"120768658",obs_exotic,file:///D:/Simon/Sync/Root/GIS/Biodiversity%20Data/obs_exotic.csv?type=csv&maxFields=10000&detectTypes=yes&xField=longitude&yField=latitude&crs=EPSG:4326&spatialIndex=no&subsetIndex=no&watchFile=no
"1719",Bromus hordeaceus,Bromus,hordeaceus,,,,exotic,unlisted,,48.869999929999999,-123.379999999999995,,NA,NA,"121003486",obs_exotic,file:///D:/Simon/Sync/Root/GIS/Biodiversity%20Data/obs_exotic.csv?type=csv&maxFields=10000&detectTypes=yes&xField=longitude&yField=latitude&crs=EPSG:4326&spatialIndex=no&subsetIndex=no&watchFile=no
"1720",Bromus hordeaceus,Bromus,hordeaceus,,,,exotic,unlisted,,48.869999929999999,-123.379999999999995,,NA,NA,"121011499",obs_exotic,file:///D:/Simon/Sync/Root/GIS/Biodiversity%20Data/obs_exotic.csv?type=csv&maxFields=10000&detectTypes=yes&xField=longitude&yField=latitude&crs=EPSG:4326&spatialIndex=no&subsetIndex=no&watchFile=no
"1721",Bromus hordeaceus,Bromus,hordeaceus,,,,exotic,unlisted,,48.928162970000002,-123.467771400000004,,NA,NA,"121628662",obs_exotic,file:///D:/Simon/Sync/Root/GIS/Biodiversity%20Data/obs_exotic.csv?type=csv&maxFields=10000&detectTypes=yes&xField=longitude&yField=latitude&crs=EPSG:4326&spatialIndex=no&subsetIndex=no&watchFile=no
"1722",Bromus hordeaceus,Bromus,hordeaceus,,,,exotic,unlisted,,49.012968330000000,-123.576051699999994,,NA,NA,"123934512",obs_exotic,file:///D:/Simon/Sync/Root/GIS/Biodiversity%20Data/obs_exotic.csv?type=csv&maxFields=10000&detectTypes=yes&xField=longitude&yField=latitude&crs=EPSG:4326&spatialIndex=no&subsetIndex=no&watchFile=no
"1723",Bromus racemosus,Bromus,racemosus,,,,exotic,unlisted,,48.909925000000001,-123.373514999999998,,NA,NA,"121538528",obs_exotic,file:///D:/Simon/Sync/Root/GIS/Biodiversity%20Data/obs_exotic.csv?type=csv&maxFields=10000&detectTypes=yes&xField=longitude&yField=latitude&crs=EPSG:4326&spatialIndex=no&subsetIndex=no&watchFile=no
"1724",Bromus secalinus,Bromus,secalinus,,,,exotic,unlisted,,48.909616669999998,-123.372389999999996,,NA,NA,"121538555",obs_exotic,file:///D:/Simon/Sync/Root/GIS/Biodiversity%20Data/obs_exotic.csv?type=csv&maxFields=10000&detectTypes=yes&xField=longitude&yField=latitude&crs=EPSG:4326&spatialIndex=no&subsetIndex=no&watchFile=no
"1730",Bromus sterilis,Bromus,sterilis,,,,exotic,unlisted,,48.930540999999998,-123.478689000000003,,NA,NA,"2567840",obs_exotic,file:///D:/Simon/Sync/Root/GIS/Biodiversity%20Data/obs_exotic.csv?type=csv&maxFields=10000&detectTypes=yes&xField=longitude&yField=latitude&crs=EPSG:4326&spatialIndex=no&subsetIndex=no&watchFile=no
"1731",Bromus sterilis,Bromus,sterilis,,,,exotic,unlisted,,48.928789000000002,-123.469313999999997,,NA,NA,"2621719",obs_exotic,file:///D:/Simon/Sync/Root/GIS/Biodiversity%20Data/obs_exotic.csv?type=csv&maxFields=10000&detectTypes=yes&xField=longitude&yField=latitude&crs=EPSG:4326&spatialIndex=no&subsetIndex=no&watchFile=no
"1732",Bromus sterilis,Bromus,sterilis,,,,exotic,unlisted,,48.867015570000000,-123.337604999999996,,NA,NA,"6434814",obs_exotic,file:///D:/Simon/Sync/Root/GIS/Biodiversity%20Data/obs_exotic.csv?type=csv&maxFields=10000&detectTypes=yes&xField=longitude&yField=latitude&crs=EPSG:4326&spatialIndex=no&subsetIndex=no&watchFile=no
"1733",Bromus sterilis,Bromus,sterilis,,,,exotic,unlisted,,48.867424999999997,-123.376335999999995,,NA,NA,"6665061",obs_exotic,file:///D:/Simon/Sync/Root/GIS/Biodiversity%20Data/obs_exotic.csv?type=csv&maxFields=10000&detectTypes=yes&xField=longitude&yField=latitude&crs=EPSG:4326&spatialIndex=no&subsetIndex=no&watchFile=no
"1734",Bromus sterilis,Bromus,sterilis,,,,exotic,unlisted,,48.871647220000000,-123.310722200000001,,NA,NA,"24697691",obs_exotic,file:///D:/Simon/Sync/Root/GIS/Biodiversity%20Data/obs_exotic.csv?type=csv&maxFields=10000&detectTypes=yes&xField=longitude&yField=latitude&crs=EPSG:4326&spatialIndex=no&subsetIndex=no&watchFile=no
"1735",Bromus sterilis,Bromus,sterilis,,,,exotic,unlisted,,48.871814059999998,-123.311220899999995,,NA,NA,"24707906",obs_exotic,file:///D:/Simon/Sync/Root/GIS/Biodiversity%20Data/obs_exotic.csv?type=csv&maxFields=10000&detectTypes=yes&xField=longitude&yField=latitude&crs=EPSG:4326&spatialIndex=no&subsetIndex=no&watchFile=no
"1736",Bromus sterilis,Bromus,sterilis,,,,exotic,unlisted,,48.871697130000001,-123.310790699999998,,NA,NA,"24707933",obs_exotic,file:///D:/Simon/Sync/Root/GIS/Biodiversity%20Data/obs_exotic.csv?type=csv&maxFields=10000&detectTypes=yes&xField=longitude&yField=latitude&crs=EPSG:4326&spatialIndex=no&subsetIndex=no&watchFile=no
"1737",Bromus sterilis,Bromus,sterilis,,,,exotic,unlisted,,48.869440490000002,-123.378794700000000,,NA,NA,"52495006",obs_exotic,file:///D:/Simon/Sync/Root/GIS/Biodiversity%20Data/obs_exotic.csv?type=csv&maxFields=10000&detectTypes=yes&xField=longitude&yField=latitude&crs=EPSG:4326&spatialIndex=no&subsetIndex=no&watchFile=no
"1738",Bromus sterilis,Bromus,sterilis,,,,exotic,unlisted,,48.928240250000002,-123.467740100000000,,NA,NA,"84752385",obs_exotic,file:///D:/Simon/Sync/Root/GIS/Biodiversity%20Data/obs_exotic.csv?type=csv&maxFields=10000&detectTypes=yes&xField=longitude&yField=latitude&crs=EPSG:4326&spatialIndex=no&subsetIndex=no&watchFile=no
"1739",Bromus sterilis,Bromus,sterilis,,,,exotic,unlisted,,48.897361670000002,-123.338554999999999,,NA,NA,"120494807",obs_exotic,file:///D:/Simon/Sync/Root/GIS/Biodiversity%20Data/obs_exotic.csv?type=csv&maxFields=10000&detectTypes=yes&xField=longitude&yField=latitude&crs=EPSG:4326&spatialIndex=no&subsetIndex=no&watchFile=no
"1740",Bromus sterilis,Bromus,sterilis,,,,exotic,unlisted,,48.904525000000000,-123.367900000000006,,NA,NA,"120891291",obs_exotic,file:///D:/Simon/Sync/Root/GIS/Biodiversity%20Data/obs_exotic.csv?type=csv&maxFields=10000&detectTypes=yes&xField=longitude&yField=latitude&crs=EPSG:4326&spatialIndex=no&subsetIndex=no&watchFile=no
"1741",Bromus sterilis,Bromus,sterilis,,,,exotic,unlisted,,48.869999929999999,-123.379999999999995,,NA,NA,"121001033",obs_exotic,file:///D:/Simon/Sync/Root/GIS/Biodiversity%20Data/obs_exotic.csv?type=csv&maxFields=10000&detectTypes=yes&xField=longitude&yField=latitude&crs=EPSG:4326&spatialIndex=no&subsetIndex=no&watchFile=no
"1742",Bromus sterilis,Bromus,sterilis,,,,exotic,unlisted,,48.869999929999999,-123.379999999999995,,NA,NA,"121011424",obs_exotic,file:///D:/Simon/Sync/Root/GIS/Biodiversity%20Data/obs_exotic.csv?type=csv&maxFields=10000&detectTypes=yes&xField=longitude&yField=latitude&crs=EPSG:4326&spatialIndex=no&subsetIndex=no&watchFile=no
"1743",Bromus sterilis,Bromus,sterilis,,,,exotic,unlisted,,48.926830559999999,-123.465816700000005,,NA,NA,"122868527",obs_exotic,file:///D:/Simon/Sync/Root/GIS/Biodiversity%20Data/obs_exotic.csv?type=csv&maxFields=10000&detectTypes=yes&xField=longitude&yField=latitude&crs=EPSG:4326&spatialIndex=no&subsetIndex=no&watchFile=no
"1744",Bromus sterilis,Bromus,sterilis,,,,exotic,unlisted,,48.910922540000001,-123.416087500000003,,NA,NA,"125219488",obs_exotic,file:///D:/Simon/Sync/Root/GIS/Biodiversity%20Data/obs_exotic.csv?type=csv&maxFields=10000&detectTypes=yes&xField=longitude&yField=latitude&crs=EPSG:4326&spatialIndex=no&subsetIndex=no&watchFile=no
"1745",Bromus sterilis,Bromus,sterilis,,,,exotic,unlisted,,48.931224999999998,-123.475783300000003,,NA,NA,"125381640",obs_exotic,file:///D:/Simon/Sync/Root/GIS/Biodiversity%20Data/obs_exotic.csv?type=csv&maxFields=10000&detectTypes=yes&xField=longitude&yField=latitude&crs=EPSG:4326&spatialIndex=no&subsetIndex=no&watchFile=no
"1746",Bromus tectorum,Bromus,tectorum,,,,exotic,unlisted,,48.866559879999997,-123.335244700000004,,NA,NA,"3649878",obs_exotic,file:///D:/Simon/Sync/Root/GIS/Biodiversity%20Data/obs_exotic.csv?type=csv&maxFields=10000&detectTypes=yes&xField=longitude&yField=latitude&crs=EPSG:4326&spatialIndex=no&subsetIndex=no&watchFile=no
"1747",Bromus tectorum,Bromus,tectorum,,,,exotic,unlisted,,48.868800149999998,-123.378610600000002,,NA,NA,"6410305",obs_exotic,file:///D:/Simon/Sync/Root/GIS/Biodiversity%20Data/obs_exotic.csv?type=csv&maxFields=10000&detectTypes=yes&xField=longitude&yField=latitude&crs=EPSG:4326&spatialIndex=no&subsetIndex=no&watchFile=no
"1748",Bromus tectorum,Bromus,tectorum,,,,exotic,unlisted,,48.867015570000000,-123.337604999999996,,NA,NA,"6434821",obs_exotic,file:///D:/Simon/Sync/Root/GIS/Biodiversity%20Data/obs_exotic.csv?type=csv&maxFields=10000&detectTypes=yes&xField=longitude&yField=latitude&crs=EPSG:4326&spatialIndex=no&subsetIndex=no&watchFile=no
"1749",Bromus tectorum,Bromus,tectorum,,,,exotic,unlisted,,48.868872000000003,-123.380413000000004,,NA,NA,"6665256",obs_exotic,file:///D:/Simon/Sync/Root/GIS/Biodiversity%20Data/obs_exotic.csv?type=csv&maxFields=10000&detectTypes=yes&xField=longitude&yField=latitude&crs=EPSG:4326&spatialIndex=no&subsetIndex=no&watchFile=no
"1750",Bromus tectorum,Bromus,tectorum,,,,exotic,unlisted,,48.868293000000001,-123.379554999999996,,NA,NA,"6665272",obs_exotic,file:///D:/Simon/Sync/Root/GIS/Biodiversity%20Data/obs_exotic.csv?type=csv&maxFields=10000&detectTypes=yes&xField=longitude&yField=latitude&crs=EPSG:4326&spatialIndex=no&subsetIndex=no&watchFile=no
"1751",Bromus tectorum,Bromus,tectorum,,,,exotic,unlisted,,48.874552000000001,-123.383330999999998,,NA,NA,"6817618",obs_exotic,file:///D:/Simon/Sync/Root/GIS/Biodiversity%20Data/obs_exotic.csv?type=csv&maxFields=10000&detectTypes=yes&xField=longitude&yField=latitude&crs=EPSG:4326&spatialIndex=no&subsetIndex=no&watchFile=no
"1752",Bromus tectorum,Bromus,tectorum,,,,exotic,unlisted,,48.872439999999997,-123.311854999999994,,NA,NA,"24708743",obs_exotic,file:///D:/Simon/Sync/Root/GIS/Biodiversity%20Data/obs_exotic.csv?type=csv&maxFields=10000&detectTypes=yes&xField=longitude&yField=latitude&crs=EPSG:4326&spatialIndex=no&subsetIndex=no&watchFile=no
"1753",Bromus tectorum,Bromus,tectorum,,,,exotic,unlisted,,48.871755000000000,-123.310733299999995,,NA,NA,"24874160",obs_exotic,file:///D:/Simon/Sync/Root/GIS/Biodiversity%20Data/obs_exotic.csv?type=csv&maxFields=10000&detectTypes=yes&xField=longitude&yField=latitude&crs=EPSG:4326&spatialIndex=no&subsetIndex=no&watchFile=no
"1754",Bromus tectorum,Bromus,tectorum,,,,exotic,unlisted,,48.867131340000000,-123.375703400000006,,NA,NA,"25148285",obs_exotic,file:///D:/Simon/Sync/Root/GIS/Biodiversity%20Data/obs_exotic.csv?type=csv&maxFields=10000&detectTypes=yes&xField=longitude&yField=latitude&crs=EPSG:4326&spatialIndex=no&subsetIndex=no&watchFile=no
"1755",Bromus tectorum,Bromus,tectorum,,,,exotic,unlisted,,48.867101419999997,-123.375853599999999,,NA,NA,"25478925",obs_exotic,file:///D:/Simon/Sync/Root/GIS/Biodiversity%20Data/obs_exotic.csv?type=csv&maxFields=10000&detectTypes=yes&xField=longitude&yField=latitude&crs=EPSG:4326&spatialIndex=no&subsetIndex=no&watchFile=no
"1756",Bromus tectorum,Bromus,tectorum,,,,exotic,unlisted,,48.868910169999999,-123.378347899999994,,NA,NA,"25539458",obs_exotic,file:///D:/Simon/Sync/Root/GIS/Biodiversity%20Data/obs_exotic.csv?type=csv&maxFields=10000&detectTypes=yes&xField=longitude&yField=latitude&crs=EPSG:4326&spatialIndex=no&subsetIndex=no&watchFile=no
"1757",Bromus tectorum,Bromus,tectorum,,,,exotic,unlisted,,49.014193779999999,-123.573866899999999,,NA,NA,"83604331",obs_exotic,file:///D:/Simon/Sync/Root/GIS/Biodiversity%20Data/obs_exotic.csv?type=csv&maxFields=10000&detectTypes=yes&xField=longitude&yField=latitude&crs=EPSG:4326&spatialIndex=no&subsetIndex=no&watchFile=no
"1758",Bromus tectorum,Bromus,tectorum,,,,exotic,unlisted,,48.869999929999999,-123.379999999999995,,NA,NA,"121004629",obs_exotic,file:///D:/Simon/Sync/Root/GIS/Biodiversity%20Data/obs_exotic.csv?type=csv&maxFields=10000&detectTypes=yes&xField=longitude&yField=latitude&crs=EPSG:4326&spatialIndex=no&subsetIndex=no&watchFile=no
"1759",Bromus tectorum,Bromus,tectorum,,,,exotic,unlisted,,48.869999929999999,-123.379999999999995,,NA,NA,"121012023",obs_exotic,file:///D:/Simon/Sync/Root/GIS/Biodiversity%20Data/obs_exotic.csv?type=csv&maxFields=10000&detectTypes=yes&xField=longitude&yField=latitude&crs=EPSG:4326&spatialIndex=no&subsetIndex=no&watchFile=no
"1782",Buddleja davidii,Buddleja,davidii,,,,exotic,unlisted,,48.930760999999997,-123.475427999999994,,NA,NA,"2564045",obs_exotic,file:///D:/Simon/Sync/Root/GIS/Biodiversity%20Data/obs_exotic.csv?type=csv&maxFields=10000&detectTypes=yes&xField=longitude&yField=latitude&crs=EPSG:4326&spatialIndex=no&subsetIndex=no&watchFile=no
"1783",Buddleja davidii,Buddleja,davidii,,,,exotic,unlisted,,48.900925000000001,-123.362302999999997,,NA,NA,"2763290",obs_exotic,file:///D:/Simon/Sync/Root/GIS/Biodiversity%20Data/obs_exotic.csv?type=csv&maxFields=10000&detectTypes=yes&xField=longitude&yField=latitude&crs=EPSG:4326&spatialIndex=no&subsetIndex=no&watchFile=no
"1784",Buddleja davidii,Buddleja,davidii,,,,exotic,unlisted,,48.916130559999999,-123.421263900000000,,NA,NA,"8602976",obs_exotic,file:///D:/Simon/Sync/Root/GIS/Biodiversity%20Data/obs_exotic.csv?type=csv&maxFields=10000&detectTypes=yes&xField=longitude&yField=latitude&crs=EPSG:4326&spatialIndex=no&subsetIndex=no&watchFile=no
"1785",Buddleja davidii,Buddleja,davidii,,,,exotic,unlisted,,48.909551319999998,-123.392509799999999,,NA,NA,"13932038",obs_exotic,file:///D:/Simon/Sync/Root/GIS/Biodiversity%20Data/obs_exotic.csv?type=csv&maxFields=10000&detectTypes=yes&xField=longitude&yField=latitude&crs=EPSG:4326&spatialIndex=no&subsetIndex=no&watchFile=no
"1786",Buddleja davidii,Buddleja,davidii,,,,exotic,unlisted,,48.911050000000003,-123.394345000000001,,NA,NA,"14220755",obs_exotic,file:///D:/Simon/Sync/Root/GIS/Biodiversity%20Data/obs_exotic.csv?type=csv&maxFields=10000&detectTypes=yes&xField=longitude&yField=latitude&crs=EPSG:4326&spatialIndex=no&subsetIndex=no&watchFile=no
"1787",Buddleja davidii,Buddleja,davidii,,,,exotic,unlisted,,48.897708330000000,-123.356795000000005,,NA,NA,"14220769",obs_exotic,file:///D:/Simon/Sync/Root/GIS/Biodiversity%20Data/obs_exotic.csv?type=csv&maxFields=10000&detectTypes=yes&xField=longitude&yField=latitude&crs=EPSG:4326&spatialIndex=no&subsetIndex=no&watchFile=no
"1788",Buddleja davidii,Buddleja,davidii,,,,exotic,unlisted,,48.866150089999998,-123.339526199999995,,NA,NA,"43253039",obs_exotic,file:///D:/Simon/Sync/Root/GIS/Biodiversity%20Data/obs_exotic.csv?type=csv&maxFields=10000&detectTypes=yes&xField=longitude&yField=latitude&crs=EPSG:4326&spatialIndex=no&subsetIndex=no&watchFile=no
"1789",Buddleja davidii,Buddleja,davidii,,,,exotic,unlisted,,48.890730269999999,-123.345917499999999,,NA,NA,"54322757",obs_exotic,file:///D:/Simon/Sync/Root/GIS/Biodiversity%20Data/obs_exotic.csv?type=csv&maxFields=10000&detectTypes=yes&xField=longitude&yField=latitude&crs=EPSG:4326&spatialIndex=no&subsetIndex=no&watchFile=no
"1790",Buddleja davidii,Buddleja,davidii,,,,exotic,unlisted,,48.879088330000002,-123.318496699999997,,NA,NA,"102694008",obs_exotic,file:///D:/Simon/Sync/Root/GIS/Biodiversity%20Data/obs_exotic.csv?type=csv&maxFields=10000&detectTypes=yes&xField=longitude&yField=latitude&crs=EPSG:4326&spatialIndex=no&subsetIndex=no&watchFile=no
"1791",Buddleja davidii,Buddleja,davidii,,,,exotic,unlisted,,48.990053330000002,-123.566588300000006,,NA,NA,"119680229",obs_exotic,file:///D:/Simon/Sync/Root/GIS/Biodiversity%20Data/obs_exotic.csv?type=csv&maxFields=10000&detectTypes=yes&xField=longitude&yField=latitude&crs=EPSG:4326&spatialIndex=no&subsetIndex=no&watchFile=no
"1792",Buddleja davidii,Buddleja,davidii,,,,exotic,unlisted,,48.888383330000003,-123.336330000000004,,NA,NA,"121538482",obs_exotic,file:///D:/Simon/Sync/Root/GIS/Biodiversity%20Data/obs_exotic.csv?type=csv&maxFields=10000&detectTypes=yes&xField=longitude&yField=latitude&crs=EPSG:4326&spatialIndex=no&subsetIndex=no&watchFile=no
"1793",Calluna vulgaris,Calluna,vulgaris,,,,exotic,unlisted,,48.871338999999999,-123.320706000000001,,NA,NA,"16183635",obs_exotic,file:///D:/Simon/Sync/Root/GIS/Biodiversity%20Data/obs_exotic.csv?type=csv&maxFields=10000&detectTypes=yes&xField=longitude&yField=latitude&crs=EPSG:4326&spatialIndex=no&subsetIndex=no&watchFile=no
"1794",Campanula persicifolia,Campanula,persicifolia,,,,exotic,unlisted,,48.879238999999998,-123.321340000000006,,NA,NA,"3380425",obs_exotic,file:///D:/Simon/Sync/Root/GIS/Biodiversity%20Data/obs_exotic.csv?type=csv&maxFields=10000&detectTypes=yes&xField=longitude&yField=latitude&crs=EPSG:4326&spatialIndex=no&subsetIndex=no&watchFile=no
"1825",Capsella bursa-pastoris,Capsella,bursa-pastoris,,,,exotic,unlisted,,48.873330000000003,-123.324365999999998,,NA,NA,"3116760",obs_exotic,file:///D:/Simon/Sync/Root/GIS/Biodiversity%20Data/obs_exotic.csv?type=csv&maxFields=10000&detectTypes=yes&xField=longitude&yField=latitude&crs=EPSG:4326&spatialIndex=no&subsetIndex=no&watchFile=no
"1826",Capsella bursa-pastoris,Capsella,bursa-pastoris,,,,exotic,unlisted,,48.928025920000003,-123.467745800000003,,NA,NA,"6217456",obs_exotic,file:///D:/Simon/Sync/Root/GIS/Biodiversity%20Data/obs_exotic.csv?type=csv&maxFields=10000&detectTypes=yes&xField=longitude&yField=latitude&crs=EPSG:4326&spatialIndex=no&subsetIndex=no&watchFile=no
"1827",Capsella bursa-pastoris,Capsella,bursa-pastoris,,,,exotic,unlisted,,48.872675379999997,-123.323378599999998,,NA,NA,"6434853",obs_exotic,file:///D:/Simon/Sync/Root/GIS/Biodiversity%20Data/obs_exotic.csv?type=csv&maxFields=10000&detectTypes=yes&xField=longitude&yField=latitude&crs=EPSG:4326&spatialIndex=no&subsetIndex=no&watchFile=no
"1828",Capsella bursa-pastoris,Capsella,bursa-pastoris,,,,exotic,unlisted,,48.939960900000003,-123.492299900000006,,NA,NA,"18417805",obs_exotic,file:///D:/Simon/Sync/Root/GIS/Biodiversity%20Data/obs_exotic.csv?type=csv&maxFields=10000&detectTypes=yes&xField=longitude&yField=latitude&crs=EPSG:4326&spatialIndex=no&subsetIndex=no&watchFile=no
"1829",Capsella bursa-pastoris,Capsella,bursa-pastoris,,,,exotic,unlisted,,48.930991669999997,-123.476044400000006,,NA,NA,"120618089",obs_exotic,file:///D:/Simon/Sync/Root/GIS/Biodiversity%20Data/obs_exotic.csv?type=csv&maxFields=10000&detectTypes=yes&xField=longitude&yField=latitude&crs=EPSG:4326&spatialIndex=no&subsetIndex=no&watchFile=no
"1830",Cardamine flexuosa,Cardamine,flexuosa,,,,exotic,unlisted,,48.874077000000000,-123.342488000000003,,NA,NA,"12791467",obs_exotic,file:///D:/Simon/Sync/Root/GIS/Biodiversity%20Data/obs_exotic.csv?type=csv&maxFields=10000&detectTypes=yes&xField=longitude&yField=latitude&crs=EPSG:4326&spatialIndex=no&subsetIndex=no&watchFile=no
"1831",Cardamine flexuosa,Cardamine,flexuosa,,,,exotic,unlisted,,48.872875999999998,-123.344408000000001,,NA,NA,"17784800",obs_exotic,file:///D:/Simon/Sync/Root/GIS/Biodiversity%20Data/obs_exotic.csv?type=csv&maxFields=10000&detectTypes=yes&xField=longitude&yField=latitude&crs=EPSG:4326&spatialIndex=no&subsetIndex=no&watchFile=no
"1832",Cardamine flexuosa,Cardamine,flexuosa,,,,exotic,unlisted,,48.899959320000001,-123.406658600000000,,NA,NA,"24919529",obs_exotic,file:///D:/Simon/Sync/Root/GIS/Biodiversity%20Data/obs_exotic.csv?type=csv&maxFields=10000&detectTypes=yes&xField=longitude&yField=latitude&crs=EPSG:4326&spatialIndex=no&subsetIndex=no&watchFile=no
"1833",Cardamine flexuosa,Cardamine,flexuosa,,,,exotic,unlisted,,48.899838449999997,-123.405372900000003,,NA,NA,"25478522",obs_exotic,file:///D:/Simon/Sync/Root/GIS/Biodiversity%20Data/obs_exotic.csv?type=csv&maxFields=10000&detectTypes=yes&xField=longitude&yField=latitude&crs=EPSG:4326&spatialIndex=no&subsetIndex=no&watchFile=no
"1834",Cardamine flexuosa,Cardamine,flexuosa,,,,exotic,unlisted,,48.867700780000000,-123.383974300000006,,NA,NA,"79116834",obs_exotic,file:///D:/Simon/Sync/Root/GIS/Biodiversity%20Data/obs_exotic.csv?type=csv&maxFields=10000&detectTypes=yes&xField=longitude&yField=latitude&crs=EPSG:4326&spatialIndex=no&subsetIndex=no&watchFile=no
"1835",Cardamine flexuosa,Cardamine,flexuosa,,,,exotic,unlisted,,48.927058330000001,-123.468288900000005,,NA,NA,"122225474",obs_exotic,file:///D:/Simon/Sync/Root/GIS/Biodiversity%20Data/obs_exotic.csv?type=csv&maxFields=10000&detectTypes=yes&xField=longitude&yField=latitude&crs=EPSG:4326&spatialIndex=no&subsetIndex=no&watchFile=no
"1836",Cardamine hirsuta,Cardamine,hirsuta,,,,exotic,unlisted,,48.932310999999999,-123.483968000000004,,NA,NA,"2566329",obs_exotic,file:///D:/Simon/Sync/Root/GIS/Biodiversity%20Data/obs_exotic.csv?type=csv&maxFields=10000&detectTypes=yes&xField=longitude&yField=latitude&crs=EPSG:4326&spatialIndex=no&subsetIndex=no&watchFile=no
"1837",Cardamine hirsuta,Cardamine,hirsuta,,,,exotic,unlisted,,48.929040999999998,-123.471479000000002,,NA,NA,"2566507",obs_exotic,file:///D:/Simon/Sync/Root/GIS/Biodiversity%20Data/obs_exotic.csv?type=csv&maxFields=10000&detectTypes=yes&xField=longitude&yField=latitude&crs=EPSG:4326&spatialIndex=no&subsetIndex=no&watchFile=no
"1838",Cardamine hirsuta,Cardamine,hirsuta,,,,exotic,unlisted,,48.933382999999999,-123.482894999999999,,NA,NA,"2566551",obs_exotic,file:///D:/Simon/Sync/Root/GIS/Biodiversity%20Data/obs_exotic.csv?type=csv&maxFields=10000&detectTypes=yes&xField=longitude&yField=latitude&crs=EPSG:4326&spatialIndex=no&subsetIndex=no&watchFile=no
"1839",Cardamine hirsuta,Cardamine,hirsuta,,,,exotic,unlisted,,48.932260999999997,-123.482938000000004,,NA,NA,"2567891",obs_exotic,file:///D:/Simon/Sync/Root/GIS/Biodiversity%20Data/obs_exotic.csv?type=csv&maxFields=10000&detectTypes=yes&xField=longitude&yField=latitude&crs=EPSG:4326&spatialIndex=no&subsetIndex=no&watchFile=no
"1840",Cardamine hirsuta,Cardamine,hirsuta,,,,exotic,unlisted,,48.879232000000002,-123.319649999999996,,NA,NA,"2610883",obs_exotic,file:///D:/Simon/Sync/Root/GIS/Biodiversity%20Data/obs_exotic.csv?type=csv&maxFields=10000&detectTypes=yes&xField=longitude&yField=latitude&crs=EPSG:4326&spatialIndex=no&subsetIndex=no&watchFile=no
"1841",Cardamine hirsuta,Cardamine,hirsuta,,,,exotic,unlisted,,48.929667999999999,-123.475691999999995,,NA,NA,"2632556",obs_exotic,file:///D:/Simon/Sync/Root/GIS/Biodiversity%20Data/obs_exotic.csv?type=csv&maxFields=10000&detectTypes=yes&xField=longitude&yField=latitude&crs=EPSG:4326&spatialIndex=no&subsetIndex=no&watchFile=no
"1842",Cardamine hirsuta,Cardamine,hirsuta,,,,exotic,unlisted,,48.872114000000003,-123.312434999999994,,NA,NA,"2677486",obs_exotic,file:///D:/Simon/Sync/Root/GIS/Biodiversity%20Data/obs_exotic.csv?type=csv&maxFields=10000&detectTypes=yes&xField=longitude&yField=latitude&crs=EPSG:4326&spatialIndex=no&subsetIndex=no&watchFile=no
"1843",Cardamine hirsuta,Cardamine,hirsuta,,,,exotic,unlisted,,48.932062999999999,-123.483238000000000,,NA,NA,"2692252",obs_exotic,file:///D:/Simon/Sync/Root/GIS/Biodiversity%20Data/obs_exotic.csv?type=csv&maxFields=10000&detectTypes=yes&xField=longitude&yField=latitude&crs=EPSG:4326&spatialIndex=no&subsetIndex=no&watchFile=no
"1844",Cardamine hirsuta,Cardamine,hirsuta,,,,exotic,unlisted,,48.879223000000003,-123.319905000000006,,NA,NA,"2710635",obs_exotic,file:///D:/Simon/Sync/Root/GIS/Biodiversity%20Data/obs_exotic.csv?type=csv&maxFields=10000&detectTypes=yes&xField=longitude&yField=latitude&crs=EPSG:4326&spatialIndex=no&subsetIndex=no&watchFile=no
"1845",Cardamine hirsuta,Cardamine,hirsuta,,,,exotic,unlisted,,48.879232999999999,-123.319642000000002,,NA,NA,"2710694",obs_exotic,file:///D:/Simon/Sync/Root/GIS/Biodiversity%20Data/obs_exotic.csv?type=csv&maxFields=10000&detectTypes=yes&xField=longitude&yField=latitude&crs=EPSG:4326&spatialIndex=no&subsetIndex=no&watchFile=no
"1846",Cardamine hirsuta,Cardamine,hirsuta,,,,exotic,unlisted,,48.906683000000001,-123.356465999999998,,NA,NA,"2763195",obs_exotic,file:///D:/Simon/Sync/Root/GIS/Biodiversity%20Data/obs_exotic.csv?type=csv&maxFields=10000&detectTypes=yes&xField=longitude&yField=latitude&crs=EPSG:4326&spatialIndex=no&subsetIndex=no&watchFile=no
"1847",Cardamine hirsuta,Cardamine,hirsuta,,,,exotic,unlisted,,48.928196999999997,-123.446166000000005,,NA,NA,"2958792",obs_exotic,file:///D:/Simon/Sync/Root/GIS/Biodiversity%20Data/obs_exotic.csv?type=csv&maxFields=10000&detectTypes=yes&xField=longitude&yField=latitude&crs=EPSG:4326&spatialIndex=no&subsetIndex=no&watchFile=no
"1848",Cardamine hirsuta,Cardamine,hirsuta,,,,exotic,unlisted,,48.866396999999999,-123.334338000000002,,NA,NA,"5228401",obs_exotic,file:///D:/Simon/Sync/Root/GIS/Biodiversity%20Data/obs_exotic.csv?type=csv&maxFields=10000&detectTypes=yes&xField=longitude&yField=latitude&crs=EPSG:4326&spatialIndex=no&subsetIndex=no&watchFile=no
"1849",Cardamine hirsuta,Cardamine,hirsuta,,,,exotic,unlisted,,48.867537820000003,-123.339021200000005,,NA,NA,"5411693",obs_exotic,file:///D:/Simon/Sync/Root/GIS/Biodiversity%20Data/obs_exotic.csv?type=csv&maxFields=10000&detectTypes=yes&xField=longitude&yField=latitude&crs=EPSG:4326&spatialIndex=no&subsetIndex=no&watchFile=no
"1850",Cardamine hirsuta,Cardamine,hirsuta,,,,exotic,unlisted,,48.863977650000002,-123.330009700000005,,NA,NA,"5412456",obs_exotic,file:///D:/Simon/Sync/Root/GIS/Biodiversity%20Data/obs_exotic.csv?type=csv&maxFields=10000&detectTypes=yes&xField=longitude&yField=latitude&crs=EPSG:4326&spatialIndex=no&subsetIndex=no&watchFile=no
"1851",Cardamine hirsuta,Cardamine,hirsuta,,,,exotic,unlisted,,48.867880999999997,-123.340723999999994,,NA,NA,"5450407",obs_exotic,file:///D:/Simon/Sync/Root/GIS/Biodiversity%20Data/obs_exotic.csv?type=csv&maxFields=10000&detectTypes=yes&xField=longitude&yField=latitude&crs=EPSG:4326&spatialIndex=no&subsetIndex=no&watchFile=no
"1852",Cardamine hirsuta,Cardamine,hirsuta,,,,exotic,unlisted,,48.867880999999997,-123.340723999999994,,NA,NA,"5450603",obs_exotic,file:///D:/Simon/Sync/Root/GIS/Biodiversity%20Data/obs_exotic.csv?type=csv&maxFields=10000&detectTypes=yes&xField=longitude&yField=latitude&crs=EPSG:4326&spatialIndex=no&subsetIndex=no&watchFile=no
"1853",Cardamine hirsuta,Cardamine,hirsuta,,,,exotic,unlisted,,48.867739999999998,-123.376864999999995,,NA,NA,"5472777",obs_exotic,file:///D:/Simon/Sync/Root/GIS/Biodiversity%20Data/obs_exotic.csv?type=csv&maxFields=10000&detectTypes=yes&xField=longitude&yField=latitude&crs=EPSG:4326&spatialIndex=no&subsetIndex=no&watchFile=no
"1854",Cardamine hirsuta,Cardamine,hirsuta,,,,exotic,unlisted,,48.869039000000001,-123.378924999999995,,NA,NA,"5472787",obs_exotic,file:///D:/Simon/Sync/Root/GIS/Biodiversity%20Data/obs_exotic.csv?type=csv&maxFields=10000&detectTypes=yes&xField=longitude&yField=latitude&crs=EPSG:4326&spatialIndex=no&subsetIndex=no&watchFile=no
"1855",Cardamine hirsuta,Cardamine,hirsuta,,,,exotic,unlisted,,48.869773000000002,-123.379868999999999,,NA,NA,"5472805",obs_exotic,file:///D:/Simon/Sync/Root/GIS/Biodiversity%20Data/obs_exotic.csv?type=csv&maxFields=10000&detectTypes=yes&xField=longitude&yField=latitude&crs=EPSG:4326&spatialIndex=no&subsetIndex=no&watchFile=no
"1856",Cardamine hirsuta,Cardamine,hirsuta,,,,exotic,unlisted,,48.864677999999998,-123.367013999999998,,NA,NA,"5516482",obs_exotic,file:///D:/Simon/Sync/Root/GIS/Biodiversity%20Data/obs_exotic.csv?type=csv&maxFields=10000&detectTypes=yes&xField=longitude&yField=latitude&crs=EPSG:4326&spatialIndex=no&subsetIndex=no&watchFile=no
"1857",Cardamine hirsuta,Cardamine,hirsuta,,,,exotic,unlisted,,48.879131870000002,-123.319966800000003,,NA,NA,"5655026",obs_exotic,file:///D:/Simon/Sync/Root/GIS/Biodiversity%20Data/obs_exotic.csv?type=csv&maxFields=10000&detectTypes=yes&xField=longitude&yField=latitude&crs=EPSG:4326&spatialIndex=no&subsetIndex=no&watchFile=no
"1858",Cardamine hirsuta,Cardamine,hirsuta,,,,exotic,unlisted,,48.879131870000002,-123.319966800000003,,NA,NA,"5655027",obs_exotic,file:///D:/Simon/Sync/Root/GIS/Biodiversity%20Data/obs_exotic.csv?type=csv&maxFields=10000&detectTypes=yes&xField=longitude&yField=latitude&crs=EPSG:4326&spatialIndex=no&subsetIndex=no&watchFile=no
"1859",Cardamine hirsuta,Cardamine,hirsuta,,,,exotic,unlisted,,48.868568199999999,-123.385638000000000,,NA,NA,"5715302",obs_exotic,file:///D:/Simon/Sync/Root/GIS/Biodiversity%20Data/obs_exotic.csv?type=csv&maxFields=10000&detectTypes=yes&xField=longitude&yField=latitude&crs=EPSG:4326&spatialIndex=no&subsetIndex=no&watchFile=no
"1860",Cardamine hirsuta,Cardamine,hirsuta,,,,exotic,unlisted,,48.868568199999999,-123.385638000000000,,NA,NA,"5715305",obs_exotic,file:///D:/Simon/Sync/Root/GIS/Biodiversity%20Data/obs_exotic.csv?type=csv&maxFields=10000&detectTypes=yes&xField=longitude&yField=latitude&crs=EPSG:4326&spatialIndex=no&subsetIndex=no&watchFile=no
"1861",Cardamine hirsuta,Cardamine,hirsuta,,,,exotic,unlisted,,48.868568199999999,-123.385638000000000,,NA,NA,"5715325",obs_exotic,file:///D:/Simon/Sync/Root/GIS/Biodiversity%20Data/obs_exotic.csv?type=csv&maxFields=10000&detectTypes=yes&xField=longitude&yField=latitude&crs=EPSG:4326&spatialIndex=no&subsetIndex=no&watchFile=no
"1862",Cardamine hirsuta,Cardamine,hirsuta,,,,exotic,unlisted,,48.913954300000000,-123.387536999999995,,NA,NA,"5885306",obs_exotic,file:///D:/Simon/Sync/Root/GIS/Biodiversity%20Data/obs_exotic.csv?type=csv&maxFields=10000&detectTypes=yes&xField=longitude&yField=latitude&crs=EPSG:4326&spatialIndex=no&subsetIndex=no&watchFile=no
"1863",Cardamine hirsuta,Cardamine,hirsuta,,,,exotic,unlisted,,48.906225919999997,-123.360671999999994,,NA,NA,"5885577",obs_exotic,file:///D:/Simon/Sync/Root/GIS/Biodiversity%20Data/obs_exotic.csv?type=csv&maxFields=10000&detectTypes=yes&xField=longitude&yField=latitude&crs=EPSG:4326&spatialIndex=no&subsetIndex=no&watchFile=no
"1864",Cardamine hirsuta,Cardamine,hirsuta,,,,exotic,unlisted,,48.906225919999997,-123.360671999999994,,NA,NA,"5885586",obs_exotic,file:///D:/Simon/Sync/Root/GIS/Biodiversity%20Data/obs_exotic.csv?type=csv&maxFields=10000&detectTypes=yes&xField=longitude&yField=latitude&crs=EPSG:4326&spatialIndex=no&subsetIndex=no&watchFile=no
"1865",Cardamine hirsuta,Cardamine,hirsuta,,,,exotic,unlisted,,48.913672259999998,-123.389146299999993,,NA,NA,"5964578",obs_exotic,file:///D:/Simon/Sync/Root/GIS/Biodiversity%20Data/obs_exotic.csv?type=csv&maxFields=10000&detectTypes=yes&xField=longitude&yField=latitude&crs=EPSG:4326&spatialIndex=no&subsetIndex=no&watchFile=no
"1866",Cardamine hirsuta,Cardamine,hirsuta,,,,exotic,unlisted,,48.867607000000000,-123.376234999999994,,NA,NA,"9843087",obs_exotic,file:///D:/Simon/Sync/Root/GIS/Biodiversity%20Data/obs_exotic.csv?type=csv&maxFields=10000&detectTypes=yes&xField=longitude&yField=latitude&crs=EPSG:4326&spatialIndex=no&subsetIndex=no&watchFile=no
"1867",Cardamine hirsuta,Cardamine,hirsuta,,,,exotic,unlisted,,48.897420959999998,-123.339008300000003,,NA,NA,"10191929",obs_exotic,file:///D:/Simon/Sync/Root/GIS/Biodiversity%20Data/obs_exotic.csv?type=csv&maxFields=10000&detectTypes=yes&xField=longitude&yField=latitude&crs=EPSG:4326&spatialIndex=no&subsetIndex=no&watchFile=no
"1868",Cardamine hirsuta,Cardamine,hirsuta,,,,exotic,unlisted,,48.868786170000000,-123.346098200000000,,NA,NA,"10500320",obs_exotic,file:///D:/Simon/Sync/Root/GIS/Biodiversity%20Data/obs_exotic.csv?type=csv&maxFields=10000&detectTypes=yes&xField=longitude&yField=latitude&crs=EPSG:4326&spatialIndex=no&subsetIndex=no&watchFile=no
"1869",Cardamine hirsuta,Cardamine,hirsuta,,,,exotic,unlisted,,48.869691000000003,-123.319850000000002,,NA,NA,"10999382",obs_exotic,file:///D:/Simon/Sync/Root/GIS/Biodiversity%20Data/obs_exotic.csv?type=csv&maxFields=10000&detectTypes=yes&xField=longitude&yField=latitude&crs=EPSG:4326&spatialIndex=no&subsetIndex=no&watchFile=no
"1870",Cardamine hirsuta,Cardamine,hirsuta,,,,exotic,unlisted,,48.872402999999998,-123.342645000000005,,NA,NA,"12762639",obs_exotic,file:///D:/Simon/Sync/Root/GIS/Biodiversity%20Data/obs_exotic.csv?type=csv&maxFields=10000&detectTypes=yes&xField=longitude&yField=latitude&crs=EPSG:4326&spatialIndex=no&subsetIndex=no&watchFile=no
"1871",Cardamine hirsuta,Cardamine,hirsuta,,,,exotic,unlisted,,48.880899999999997,-123.333145000000002,,NA,NA,"12775099",obs_exotic,file:///D:/Simon/Sync/Root/GIS/Biodiversity%20Data/obs_exotic.csv?type=csv&maxFields=10000&detectTypes=yes&xField=longitude&yField=latitude&crs=EPSG:4326&spatialIndex=no&subsetIndex=no&watchFile=no
"1872",Cardamine hirsuta,Cardamine,hirsuta,,,,exotic,unlisted,,48.868475629999999,-123.378375500000004,,NA,NA,"17693170",obs_exotic,file:///D:/Simon/Sync/Root/GIS/Biodiversity%20Data/obs_exotic.csv?type=csv&maxFields=10000&detectTypes=yes&xField=longitude&yField=latitude&crs=EPSG:4326&spatialIndex=no&subsetIndex=no&watchFile=no
"1873",Cardamine hirsuta,Cardamine,hirsuta,,,,exotic,unlisted,,48.939960900000003,-123.492299900000006,,NA,NA,"18417801",obs_exotic,file:///D:/Simon/Sync/Root/GIS/Biodiversity%20Data/obs_exotic.csv?type=csv&maxFields=10000&detectTypes=yes&xField=longitude&yField=latitude&crs=EPSG:4326&spatialIndex=no&subsetIndex=no&watchFile=no
"1874",Cardamine hirsuta,Cardamine,hirsuta,,,,exotic,unlisted,,48.879498349999999,-123.319934599999996,,NA,NA,"21306261",obs_exotic,file:///D:/Simon/Sync/Root/GIS/Biodiversity%20Data/obs_exotic.csv?type=csv&maxFields=10000&detectTypes=yes&xField=longitude&yField=latitude&crs=EPSG:4326&spatialIndex=no&subsetIndex=no&watchFile=no
"1875",Cardamine hirsuta,Cardamine,hirsuta,,,,exotic,unlisted,,48.874213330000003,-123.326928300000006,,NA,NA,"23824017",obs_exotic,file:///D:/Simon/Sync/Root/GIS/Biodiversity%20Data/obs_exotic.csv?type=csv&maxFields=10000&detectTypes=yes&xField=longitude&yField=latitude&crs=EPSG:4326&spatialIndex=no&subsetIndex=no&watchFile=no
"1876",Cardamine hirsuta,Cardamine,hirsuta,,,,exotic,unlisted,,48.962202779999998,-123.518111099999999,,NA,NA,"24663895",obs_exotic,file:///D:/Simon/Sync/Root/GIS/Biodiversity%20Data/obs_exotic.csv?type=csv&maxFields=10000&detectTypes=yes&xField=longitude&yField=latitude&crs=EPSG:4326&spatialIndex=no&subsetIndex=no&watchFile=no
"1877",Cardamine hirsuta,Cardamine,hirsuta,,,,exotic,unlisted,,48.965016669999997,-123.516450000000006,,NA,NA,"24666588",obs_exotic,file:///D:/Simon/Sync/Root/GIS/Biodiversity%20Data/obs_exotic.csv?type=csv&maxFields=10000&detectTypes=yes&xField=longitude&yField=latitude&crs=EPSG:4326&spatialIndex=no&subsetIndex=no&watchFile=no
"1878",Cardamine hirsuta,Cardamine,hirsuta,,,,exotic,unlisted,,48.964397220000002,-123.516158300000001,,NA,NA,"24666591",obs_exotic,file:///D:/Simon/Sync/Root/GIS/Biodiversity%20Data/obs_exotic.csv?type=csv&maxFields=10000&detectTypes=yes&xField=longitude&yField=latitude&crs=EPSG:4326&spatialIndex=no&subsetIndex=no&watchFile=no
"1879",Cardamine hirsuta,Cardamine,hirsuta,,,,exotic,unlisted,,48.964833329999998,-123.516791699999999,,NA,NA,"24666626",obs_exotic,file:///D:/Simon/Sync/Root/GIS/Biodiversity%20Data/obs_exotic.csv?type=csv&maxFields=10000&detectTypes=yes&xField=longitude&yField=latitude&crs=EPSG:4326&spatialIndex=no&subsetIndex=no&watchFile=no
"1880",Cardamine hirsuta,Cardamine,hirsuta,,,,exotic,unlisted,,48.899933330000003,-123.406783300000001,,NA,NA,"24672688",obs_exotic,file:///D:/Simon/Sync/Root/GIS/Biodiversity%20Data/obs_exotic.csv?type=csv&maxFields=10000&detectTypes=yes&xField=longitude&yField=latitude&crs=EPSG:4326&spatialIndex=no&subsetIndex=no&watchFile=no
"1881",Cardamine hirsuta,Cardamine,hirsuta,,,,exotic,unlisted,,48.962158330000001,-123.518180599999994,,NA,NA,"24683998",obs_exotic,file:///D:/Simon/Sync/Root/GIS/Biodiversity%20Data/obs_exotic.csv?type=csv&maxFields=10000&detectTypes=yes&xField=longitude&yField=latitude&crs=EPSG:4326&spatialIndex=no&subsetIndex=no&watchFile=no
"1882",Cardamine hirsuta,Cardamine,hirsuta,,,,exotic,unlisted,,48.962422220000001,-123.517822199999998,,NA,NA,"24684039",obs_exotic,file:///D:/Simon/Sync/Root/GIS/Biodiversity%20Data/obs_exotic.csv?type=csv&maxFields=10000&detectTypes=yes&xField=longitude&yField=latitude&crs=EPSG:4326&spatialIndex=no&subsetIndex=no&watchFile=no
"1883",Cardamine hirsuta,Cardamine,hirsuta,,,,exotic,unlisted,,48.962444439999999,-123.517783300000005,,NA,NA,"24684042",obs_exotic,file:///D:/Simon/Sync/Root/GIS/Biodiversity%20Data/obs_exotic.csv?type=csv&maxFields=10000&detectTypes=yes&xField=longitude&yField=latitude&crs=EPSG:4326&spatialIndex=no&subsetIndex=no&watchFile=no
"1884",Cardamine hirsuta,Cardamine,hirsuta,,,,exotic,unlisted,,48.963058330000003,-123.516983300000007,,NA,NA,"24690160",obs_exotic,file:///D:/Simon/Sync/Root/GIS/Biodiversity%20Data/obs_exotic.csv?type=csv&maxFields=10000&detectTypes=yes&xField=longitude&yField=latitude&crs=EPSG:4326&spatialIndex=no&subsetIndex=no&watchFile=no
"1885",Cardamine hirsuta,Cardamine,hirsuta,,,,exotic,unlisted,,48.957700000000003,-123.541978299999997,,NA,NA,"24699160",obs_exotic,file:///D:/Simon/Sync/Root/GIS/Biodiversity%20Data/obs_exotic.csv?type=csv&maxFields=10000&detectTypes=yes&xField=longitude&yField=latitude&crs=EPSG:4326&spatialIndex=no&subsetIndex=no&watchFile=no
"1886",Cardamine hirsuta,Cardamine,hirsuta,,,,exotic,unlisted,,48.899355020000002,-123.403774200000001,,NA,NA,"25478866",obs_exotic,file:///D:/Simon/Sync/Root/GIS/Biodiversity%20Data/obs_exotic.csv?type=csv&maxFields=10000&detectTypes=yes&xField=longitude&yField=latitude&crs=EPSG:4326&spatialIndex=no&subsetIndex=no&watchFile=no
"1887",Cardamine hirsuta,Cardamine,hirsuta,,,,exotic,unlisted,,48.978342349999998,-123.556338499999995,,NA,NA,"25479314",obs_exotic,file:///D:/Simon/Sync/Root/GIS/Biodiversity%20Data/obs_exotic.csv?type=csv&maxFields=10000&detectTypes=yes&xField=longitude&yField=latitude&crs=EPSG:4326&spatialIndex=no&subsetIndex=no&watchFile=no
"1888",Cardamine hirsuta,Cardamine,hirsuta,,,,exotic,unlisted,,48.900813890000002,-123.403977800000007,,NA,NA,"25542473",obs_exotic,file:///D:/Simon/Sync/Root/GIS/Biodiversity%20Data/obs_exotic.csv?type=csv&maxFields=10000&detectTypes=yes&xField=longitude&yField=latitude&crs=EPSG:4326&spatialIndex=no&subsetIndex=no&watchFile=no
"1889",Cardamine hirsuta,Cardamine,hirsuta,,,,exotic,unlisted,,48.962802779999997,-123.517113899999998,,NA,NA,"25578146",obs_exotic,file:///D:/Simon/Sync/Root/GIS/Biodiversity%20Data/obs_exotic.csv?type=csv&maxFields=10000&detectTypes=yes&xField=longitude&yField=latitude&crs=EPSG:4326&spatialIndex=no&subsetIndex=no&watchFile=no
"1890",Cardamine hirsuta,Cardamine,hirsuta,,,,exotic,unlisted,,48.964961109999997,-123.516752800000006,,NA,NA,"25599939",obs_exotic,file:///D:/Simon/Sync/Root/GIS/Biodiversity%20Data/obs_exotic.csv?type=csv&maxFields=10000&detectTypes=yes&xField=longitude&yField=latitude&crs=EPSG:4326&spatialIndex=no&subsetIndex=no&watchFile=no
"1891",Cardamine hirsuta,Cardamine,hirsuta,,,,exotic,unlisted,,48.895108329999999,-123.404441700000007,,NA,NA,"32119784",obs_exotic,file:///D:/Simon/Sync/Root/GIS/Biodiversity%20Data/obs_exotic.csv?type=csv&maxFields=10000&detectTypes=yes&xField=longitude&yField=latitude&crs=EPSG:4326&spatialIndex=no&subsetIndex=no&watchFile=no
"1892",Cardamine hirsuta,Cardamine,hirsuta,,,,exotic,unlisted,,48.901670140000000,-123.404859799999997,,NA,NA,"32128795",obs_exotic,file:///D:/Simon/Sync/Root/GIS/Biodiversity%20Data/obs_exotic.csv?type=csv&maxFields=10000&detectTypes=yes&xField=longitude&yField=latitude&crs=EPSG:4326&spatialIndex=no&subsetIndex=no&watchFile=no
"1893",Cardamine hirsuta,Cardamine,hirsuta,,,,exotic,unlisted,,48.885060719999998,-123.322140700000006,,NA,NA,"40413021",obs_exotic,file:///D:/Simon/Sync/Root/GIS/Biodiversity%20Data/obs_exotic.csv?type=csv&maxFields=10000&detectTypes=yes&xField=longitude&yField=latitude&crs=EPSG:4326&spatialIndex=no&subsetIndex=no&watchFile=no
"1894",Cardamine hirsuta,Cardamine,hirsuta,,,,exotic,unlisted,,48.866585000000001,-123.368996699999997,,NA,NA,"41788590",obs_exotic,file:///D:/Simon/Sync/Root/GIS/Biodiversity%20Data/obs_exotic.csv?type=csv&maxFields=10000&detectTypes=yes&xField=longitude&yField=latitude&crs=EPSG:4326&spatialIndex=no&subsetIndex=no&watchFile=no
"1895",Cardamine hirsuta,Cardamine,hirsuta,,,,exotic,unlisted,,48.910322219999998,-123.375219400000006,,NA,NA,"41879776",obs_exotic,file:///D:/Simon/Sync/Root/GIS/Biodiversity%20Data/obs_exotic.csv?type=csv&maxFields=10000&detectTypes=yes&xField=longitude&yField=latitude&crs=EPSG:4326&spatialIndex=no&subsetIndex=no&watchFile=no
"1896",Cardamine hirsuta,Cardamine,hirsuta,,,,exotic,unlisted,,48.911497220000001,-123.380594400000007,,NA,NA,"41879820",obs_exotic,file:///D:/Simon/Sync/Root/GIS/Biodiversity%20Data/obs_exotic.csv?type=csv&maxFields=10000&detectTypes=yes&xField=longitude&yField=latitude&crs=EPSG:4326&spatialIndex=no&subsetIndex=no&watchFile=no
"1897",Cardamine hirsuta,Cardamine,hirsuta,,,,exotic,unlisted,,48.871044439999999,-123.348919400000000,,NA,NA,"42363902",obs_exotic,file:///D:/Simon/Sync/Root/GIS/Biodiversity%20Data/obs_exotic.csv?type=csv&maxFields=10000&detectTypes=yes&xField=longitude&yField=latitude&crs=EPSG:4326&spatialIndex=no&subsetIndex=no&watchFile=no
"1898",Cardamine hirsuta,Cardamine,hirsuta,,,,exotic,unlisted,,48.865646669999997,-123.365210000000005,,NA,NA,"42637617",obs_exotic,file:///D:/Simon/Sync/Root/GIS/Biodiversity%20Data/obs_exotic.csv?type=csv&maxFields=10000&detectTypes=yes&xField=longitude&yField=latitude&crs=EPSG:4326&spatialIndex=no&subsetIndex=no&watchFile=no
"1899",Cardamine hirsuta,Cardamine,hirsuta,,,,exotic,unlisted,,48.978863890000000,-123.567988900000003,,NA,NA,"42813433",obs_exotic,file:///D:/Simon/Sync/Root/GIS/Biodiversity%20Data/obs_exotic.csv?type=csv&maxFields=10000&detectTypes=yes&xField=longitude&yField=latitude&crs=EPSG:4326&spatialIndex=no&subsetIndex=no&watchFile=no
"1900",Cardamine hirsuta,Cardamine,hirsuta,,,,exotic,unlisted,,48.915001670000002,-123.426308300000002,,NA,NA,"45445995",obs_exotic,file:///D:/Simon/Sync/Root/GIS/Biodiversity%20Data/obs_exotic.csv?type=csv&maxFields=10000&detectTypes=yes&xField=longitude&yField=latitude&crs=EPSG:4326&spatialIndex=no&subsetIndex=no&watchFile=no
"1901",Cardamine hirsuta,Cardamine,hirsuta,,,,exotic,unlisted,,48.900444999999998,-123.444746699999996,,NA,NA,"107319087",obs_exotic,file:///D:/Simon/Sync/Root/GIS/Biodiversity%20Data/obs_exotic.csv?type=csv&maxFields=10000&detectTypes=yes&xField=longitude&yField=latitude&crs=EPSG:4326&spatialIndex=no&subsetIndex=no&watchFile=no
"1902",Cardamine hirsuta,Cardamine,hirsuta,,,,exotic,unlisted,,48.928429989999998,-123.468253000000004,,NA,NA,"109615947",obs_exotic,file:///D:/Simon/Sync/Root/GIS/Biodiversity%20Data/obs_exotic.csv?type=csv&maxFields=10000&detectTypes=yes&xField=longitude&yField=latitude&crs=EPSG:4326&spatialIndex=no&subsetIndex=no&watchFile=no
"1903",Cardamine hirsuta,Cardamine,hirsuta,,,,exotic,unlisted,,48.867699000000002,-123.339523000000000,,NA,NA,"110937709",obs_exotic,file:///D:/Simon/Sync/Root/GIS/Biodiversity%20Data/obs_exotic.csv?type=csv&maxFields=10000&detectTypes=yes&xField=longitude&yField=latitude&crs=EPSG:4326&spatialIndex=no&subsetIndex=no&watchFile=no
"1904",Cardamine hirsuta,Cardamine,hirsuta,,,,exotic,unlisted,,49.014031670000001,-123.573700000000002,,NA,NA,"123934600",obs_exotic,file:///D:/Simon/Sync/Root/GIS/Biodiversity%20Data/obs_exotic.csv?type=csv&maxFields=10000&detectTypes=yes&xField=longitude&yField=latitude&crs=EPSG:4326&spatialIndex=no&subsetIndex=no&watchFile=no
"2052",Carex pallescens,Carex,pallescens,,,,exotic,unlisted,,48.884230000000002,-123.343112000000005,,NA,NA,"12944880",obs_exotic,file:///D:/Simon/Sync/Root/GIS/Biodiversity%20Data/obs_exotic.csv?type=csv&maxFields=10000&detectTypes=yes&xField=longitude&yField=latitude&crs=EPSG:4326&spatialIndex=no&subsetIndex=no&watchFile=no
"2053",Carex pallescens,Carex,pallescens,,,,exotic,unlisted,,48.972124999999998,-123.554191700000004,,NA,NA,"119972208",obs_exotic,file:///D:/Simon/Sync/Root/GIS/Biodiversity%20Data/obs_exotic.csv?type=csv&maxFields=10000&detectTypes=yes&xField=longitude&yField=latitude&crs=EPSG:4326&spatialIndex=no&subsetIndex=no&watchFile=no
"2054",Carex pallescens,Carex,pallescens,,,,exotic,unlisted,,48.870418330000000,-123.321228300000001,,NA,NA,"121538443",obs_exotic,file:///D:/Simon/Sync/Root/GIS/Biodiversity%20Data/obs_exotic.csv?type=csv&maxFields=10000&detectTypes=yes&xField=longitude&yField=latitude&crs=EPSG:4326&spatialIndex=no&subsetIndex=no&watchFile=no
"2055",Carex pallescens,Carex,pallescens,,,,exotic,unlisted,,48.929838330000003,-123.467658299999997,,NA,NA,"128764360",obs_exotic,file:///D:/Simon/Sync/Root/GIS/Biodiversity%20Data/obs_exotic.csv?type=csv&maxFields=10000&detectTypes=yes&xField=longitude&yField=latitude&crs=EPSG:4326&spatialIndex=no&subsetIndex=no&watchFile=no
"2058",Carex sylvatica,Carex,sylvatica,,,,exotic,unlisted,,48.865066669999997,-123.352206699999996,,NA,NA,"121538574",obs_exotic,file:///D:/Simon/Sync/Root/GIS/Biodiversity%20Data/obs_exotic.csv?type=csv&maxFields=10000&detectTypes=yes&xField=longitude&yField=latitude&crs=EPSG:4326&spatialIndex=no&subsetIndex=no&watchFile=no
"2140",Centaurea cyanus,Centaurea,cyanus,,,,exotic,unlisted,,48.881870419999998,-123.324700600000000,,NA,NA,"3445649",obs_exotic,file:///D:/Simon/Sync/Root/GIS/Biodiversity%20Data/obs_exotic.csv?type=csv&maxFields=10000&detectTypes=yes&xField=longitude&yField=latitude&crs=EPSG:4326&spatialIndex=no&subsetIndex=no&watchFile=no
"2141",Centaurea cyanus,Centaurea,cyanus,,,,exotic,unlisted,,48.881881190000001,-123.324858300000002,,NA,NA,"3445679",obs_exotic,file:///D:/Simon/Sync/Root/GIS/Biodiversity%20Data/obs_exotic.csv?type=csv&maxFields=10000&detectTypes=yes&xField=longitude&yField=latitude&crs=EPSG:4326&spatialIndex=no&subsetIndex=no&watchFile=no
"2142",Centaurea cyanus,Centaurea,cyanus,,,,exotic,unlisted,,48.939923069999999,-123.503365500000001,,NA,NA,"13198935",obs_exotic,file:///D:/Simon/Sync/Root/GIS/Biodiversity%20Data/obs_exotic.csv?type=csv&maxFields=10000&detectTypes=yes&xField=longitude&yField=latitude&crs=EPSG:4326&spatialIndex=no&subsetIndex=no&watchFile=no
"2143",Centaurea cyanus,Centaurea,cyanus,,,,exotic,unlisted,,48.939836470000003,-123.504103700000002,,NA,NA,"16307020",obs_exotic,file:///D:/Simon/Sync/Root/GIS/Biodiversity%20Data/obs_exotic.csv?type=csv&maxFields=10000&detectTypes=yes&xField=longitude&yField=latitude&crs=EPSG:4326&spatialIndex=no&subsetIndex=no&watchFile=no
"2144",Centaurea cyanus,Centaurea,cyanus,,,,exotic,unlisted,,48.933138749999998,-123.479361699999998,,NA,NA,"27584424",obs_exotic,file:///D:/Simon/Sync/Root/GIS/Biodiversity%20Data/obs_exotic.csv?type=csv&maxFields=10000&detectTypes=yes&xField=longitude&yField=latitude&crs=EPSG:4326&spatialIndex=no&subsetIndex=no&watchFile=no
"2145",Centaurea cyanus,Centaurea,cyanus,,,,exotic,unlisted,,48.939777909999997,-123.504309399999997,,NA,NA,"30217321",obs_exotic,file:///D:/Simon/Sync/Root/GIS/Biodiversity%20Data/obs_exotic.csv?type=csv&maxFields=10000&detectTypes=yes&xField=longitude&yField=latitude&crs=EPSG:4326&spatialIndex=no&subsetIndex=no&watchFile=no
"2146",Centaurea cyanus,Centaurea,cyanus,,,,exotic,unlisted,,48.959946100000003,-123.508848400000005,,NA,NA,"67857857",obs_exotic,file:///D:/Simon/Sync/Root/GIS/Biodiversity%20Data/obs_exotic.csv?type=csv&maxFields=10000&detectTypes=yes&xField=longitude&yField=latitude&crs=EPSG:4326&spatialIndex=no&subsetIndex=no&watchFile=no
"2147",Centaurea cyanus,Centaurea,cyanus,,,,exotic,unlisted,,48.900161670000003,-123.444999999999993,,NA,NA,"124889526",obs_exotic,file:///D:/Simon/Sync/Root/GIS/Biodiversity%20Data/obs_exotic.csv?type=csv&maxFields=10000&detectTypes=yes&xField=longitude&yField=latitude&crs=EPSG:4326&spatialIndex=no&subsetIndex=no&watchFile=no
"2148",Centaurea cyanus,Centaurea,cyanus,,,,exotic,unlisted,,48.998651359999997,-123.588005100000004,,NA,NA,"125702618",obs_exotic,file:///D:/Simon/Sync/Root/GIS/Biodiversity%20Data/obs_exotic.csv?type=csv&maxFields=10000&detectTypes=yes&xField=longitude&yField=latitude&crs=EPSG:4326&spatialIndex=no&subsetIndex=no&watchFile=no
"2149",Centaurium erythraea,Centaurium,erythraea,,,,exotic,unlisted,,48.928730999999999,-123.469656000000001,,NA,NA,"2561859",obs_exotic,file:///D:/Simon/Sync/Root/GIS/Biodiversity%20Data/obs_exotic.csv?type=csv&maxFields=10000&detectTypes=yes&xField=longitude&yField=latitude&crs=EPSG:4326&spatialIndex=no&subsetIndex=no&watchFile=no
"2150",Centaurium erythraea,Centaurium,erythraea,,,,exotic,unlisted,,48.930760999999997,-123.475427999999994,,NA,NA,"2564068",obs_exotic,file:///D:/Simon/Sync/Root/GIS/Biodiversity%20Data/obs_exotic.csv?type=csv&maxFields=10000&detectTypes=yes&xField=longitude&yField=latitude&crs=EPSG:4326&spatialIndex=no&subsetIndex=no&watchFile=no
"2151",Centaurium erythraea,Centaurium,erythraea,,,,exotic,unlisted,,48.931371669999997,-123.474096700000004,,NA,NA,"3563958",obs_exotic,file:///D:/Simon/Sync/Root/GIS/Biodiversity%20Data/obs_exotic.csv?type=csv&maxFields=10000&detectTypes=yes&xField=longitude&yField=latitude&crs=EPSG:4326&spatialIndex=no&subsetIndex=no&watchFile=no
"2152",Centaurium erythraea,Centaurium,erythraea,,,,exotic,unlisted,,48.985295999999998,-123.557446999999996,,NA,NA,"3680993",obs_exotic,file:///D:/Simon/Sync/Root/GIS/Biodiversity%20Data/obs_exotic.csv?type=csv&maxFields=10000&detectTypes=yes&xField=longitude&yField=latitude&crs=EPSG:4326&spatialIndex=no&subsetIndex=no&watchFile=no
"2153",Centaurium erythraea,Centaurium,erythraea,,,,exotic,unlisted,,48.930157000000001,-123.475534999999994,,NA,NA,"3719881",obs_exotic,file:///D:/Simon/Sync/Root/GIS/Biodiversity%20Data/obs_exotic.csv?type=csv&maxFields=10000&detectTypes=yes&xField=longitude&yField=latitude&crs=EPSG:4326&spatialIndex=no&subsetIndex=no&watchFile=no
"2154",Centaurium erythraea,Centaurium,erythraea,,,,exotic,unlisted,,48.909546669999997,-123.392791700000004,,NA,NA,"7729776",obs_exotic,file:///D:/Simon/Sync/Root/GIS/Biodiversity%20Data/obs_exotic.csv?type=csv&maxFields=10000&detectTypes=yes&xField=longitude&yField=latitude&crs=EPSG:4326&spatialIndex=no&subsetIndex=no&watchFile=no
"2155",Centaurium erythraea,Centaurium,erythraea,,,,exotic,unlisted,,48.884115190000003,-123.342573999999999,,NA,NA,"14033377",obs_exotic,file:///D:/Simon/Sync/Root/GIS/Biodiversity%20Data/obs_exotic.csv?type=csv&maxFields=10000&detectTypes=yes&xField=longitude&yField=latitude&crs=EPSG:4326&spatialIndex=no&subsetIndex=no&watchFile=no
"2156",Centaurium erythraea,Centaurium,erythraea,,,,exotic,unlisted,,48.899266670000003,-123.361755000000002,,NA,NA,"14220759",obs_exotic,file:///D:/Simon/Sync/Root/GIS/Biodiversity%20Data/obs_exotic.csv?type=csv&maxFields=10000&detectTypes=yes&xField=longitude&yField=latitude&crs=EPSG:4326&spatialIndex=no&subsetIndex=no&watchFile=no
"2157",Centaurium erythraea,Centaurium,erythraea,,,,exotic,unlisted,,48.908974999999998,-123.385863299999997,,NA,NA,"31421057",obs_exotic,file:///D:/Simon/Sync/Root/GIS/Biodiversity%20Data/obs_exotic.csv?type=csv&maxFields=10000&detectTypes=yes&xField=longitude&yField=latitude&crs=EPSG:4326&spatialIndex=no&subsetIndex=no&watchFile=no
"2158",Centaurium erythraea,Centaurium,erythraea,,,,exotic,unlisted,,48.943894129999997,-123.507455199999995,,NA,NA,"51434518",obs_exotic,file:///D:/Simon/Sync/Root/GIS/Biodiversity%20Data/obs_exotic.csv?type=csv&maxFields=10000&detectTypes=yes&xField=longitude&yField=latitude&crs=EPSG:4326&spatialIndex=no&subsetIndex=no&watchFile=no
"2159",Centaurium erythraea,Centaurium,erythraea,,,,exotic,unlisted,,48.941670790000003,-123.510709000000006,,NA,NA,"51791117",obs_exotic,file:///D:/Simon/Sync/Root/GIS/Biodiversity%20Data/obs_exotic.csv?type=csv&maxFields=10000&detectTypes=yes&xField=longitude&yField=latitude&crs=EPSG:4326&spatialIndex=no&subsetIndex=no&watchFile=no
"2160",Centaurium erythraea,Centaurium,erythraea,,,,exotic,unlisted,,48.928295130000002,-123.467956500000000,,NA,NA,"84344864",obs_exotic,file:///D:/Simon/Sync/Root/GIS/Biodiversity%20Data/obs_exotic.csv?type=csv&maxFields=10000&detectTypes=yes&xField=longitude&yField=latitude&crs=EPSG:4326&spatialIndex=no&subsetIndex=no&watchFile=no
"2161",Centaurium erythraea,Centaurium,erythraea,,,,exotic,unlisted,,48.927832549999998,-123.467830699999993,,NA,NA,"84376230",obs_exotic,file:///D:/Simon/Sync/Root/GIS/Biodiversity%20Data/obs_exotic.csv?type=csv&maxFields=10000&detectTypes=yes&xField=longitude&yField=latitude&crs=EPSG:4326&spatialIndex=no&subsetIndex=no&watchFile=no
"2162",Centaurium erythraea,Centaurium,erythraea,,,,exotic,unlisted,,48.930599549999997,-123.469628499999999,,NA,NA,"84388550",obs_exotic,file:///D:/Simon/Sync/Root/GIS/Biodiversity%20Data/obs_exotic.csv?type=csv&maxFields=10000&detectTypes=yes&xField=longitude&yField=latitude&crs=EPSG:4326&spatialIndex=no&subsetIndex=no&watchFile=no
"2163",Centaurium erythraea,Centaurium,erythraea,,,,exotic,unlisted,,48.928291670000000,-123.467950000000002,,NA,NA,"84464687",obs_exotic,file:///D:/Simon/Sync/Root/GIS/Biodiversity%20Data/obs_exotic.csv?type=csv&maxFields=10000&detectTypes=yes&xField=longitude&yField=latitude&crs=EPSG:4326&spatialIndex=no&subsetIndex=no&watchFile=no
"2164",Centaurium erythraea,Centaurium,erythraea,,,,exotic,unlisted,,48.928117110000002,-123.467761899999999,,NA,NA,"84499567",obs_exotic,file:///D:/Simon/Sync/Root/GIS/Biodiversity%20Data/obs_exotic.csv?type=csv&maxFields=10000&detectTypes=yes&xField=longitude&yField=latitude&crs=EPSG:4326&spatialIndex=no&subsetIndex=no&watchFile=no
"2165",Centaurium erythraea,Centaurium,erythraea,,,,exotic,unlisted,,48.928113920000001,-123.467937699999993,,NA,NA,"84598442",obs_exotic,file:///D:/Simon/Sync/Root/GIS/Biodiversity%20Data/obs_exotic.csv?type=csv&maxFields=10000&detectTypes=yes&xField=longitude&yField=latitude&crs=EPSG:4326&spatialIndex=no&subsetIndex=no&watchFile=no
"2166",Centaurium erythraea,Centaurium,erythraea,,,,exotic,unlisted,,48.907049999999998,-123.389021700000001,,NA,NA,"127237092",obs_exotic,file:///D:/Simon/Sync/Root/GIS/Biodiversity%20Data/obs_exotic.csv?type=csv&maxFields=10000&detectTypes=yes&xField=longitude&yField=latitude&crs=EPSG:4326&spatialIndex=no&subsetIndex=no&watchFile=no
"2167",Centaurium erythraea,Centaurium,erythraea,,,,exotic,unlisted,,48.978583329999999,-123.567178299999995,,NA,NA,"129729817",obs_exotic,file:///D:/Simon/Sync/Root/GIS/Biodiversity%20Data/obs_exotic.csv?type=csv&maxFields=10000&detectTypes=yes&xField=longitude&yField=latitude&crs=EPSG:4326&spatialIndex=no&subsetIndex=no&watchFile=no
"2168",Centaurium erythraea,Centaurium,erythraea,,,,exotic,unlisted,,48.871386670000000,-123.320703300000005,,NA,NA,"130442921",obs_exotic,file:///D:/Simon/Sync/Root/GIS/Biodiversity%20Data/obs_exotic.csv?type=csv&maxFields=10000&detectTypes=yes&xField=longitude&yField=latitude&crs=EPSG:4326&spatialIndex=no&subsetIndex=no&watchFile=no
"2169",Centranthus ruber,Centranthus,ruber,,,,exotic,unlisted,,48.924027619999997,-123.460933499999996,,NA,NA,"24543874",obs_exotic,file:///D:/Simon/Sync/Root/GIS/Biodiversity%20Data/obs_exotic.csv?type=csv&maxFields=10000&detectTypes=yes&xField=longitude&yField=latitude&crs=EPSG:4326&spatialIndex=no&subsetIndex=no&watchFile=no
"2170",Cerastium glomeratum,Cerastium,glomeratum,,,,exotic,unlisted,,48.879227999999998,-123.319609999999997,,NA,NA,"2610623",obs_exotic,file:///D:/Simon/Sync/Root/GIS/Biodiversity%20Data/obs_exotic.csv?type=csv&maxFields=10000&detectTypes=yes&xField=longitude&yField=latitude&crs=EPSG:4326&spatialIndex=no&subsetIndex=no&watchFile=no
"2171",Cerastium glomeratum,Cerastium,glomeratum,,,,exotic,unlisted,,48.928789000000002,-123.469313999999997,,NA,NA,"2621726",obs_exotic,file:///D:/Simon/Sync/Root/GIS/Biodiversity%20Data/obs_exotic.csv?type=csv&maxFields=10000&detectTypes=yes&xField=longitude&yField=latitude&crs=EPSG:4326&spatialIndex=no&subsetIndex=no&watchFile=no
"2172",Cerastium glomeratum,Cerastium,glomeratum,,,,exotic,unlisted,,48.928789000000002,-123.469313999999997,,NA,NA,"2621728",obs_exotic,file:///D:/Simon/Sync/Root/GIS/Biodiversity%20Data/obs_exotic.csv?type=csv&maxFields=10000&detectTypes=yes&xField=longitude&yField=latitude&crs=EPSG:4326&spatialIndex=no&subsetIndex=no&watchFile=no
"2173",Cerastium glomeratum,Cerastium,glomeratum,,,,exotic,unlisted,,48.867548999999997,-123.339915000000005,,NA,NA,"3040958",obs_exotic,file:///D:/Simon/Sync/Root/GIS/Biodiversity%20Data/obs_exotic.csv?type=csv&maxFields=10000&detectTypes=yes&xField=longitude&yField=latitude&crs=EPSG:4326&spatialIndex=no&subsetIndex=no&watchFile=no
"2174",Cerastium glomeratum,Cerastium,glomeratum,,,,exotic,unlisted,,48.916645000000003,-123.424272999999999,,NA,NA,"3094007",obs_exotic,file:///D:/Simon/Sync/Root/GIS/Biodiversity%20Data/obs_exotic.csv?type=csv&maxFields=10000&detectTypes=yes&xField=longitude&yField=latitude&crs=EPSG:4326&spatialIndex=no&subsetIndex=no&watchFile=no
"2175",Cerastium glomeratum,Cerastium,glomeratum,,,,exotic,unlisted,,48.932485999999997,-123.483839000000003,,NA,NA,"3318516",obs_exotic,file:///D:/Simon/Sync/Root/GIS/Biodiversity%20Data/obs_exotic.csv?type=csv&maxFields=10000&detectTypes=yes&xField=longitude&yField=latitude&crs=EPSG:4326&spatialIndex=no&subsetIndex=no&watchFile=no
"2176",Cerastium glomeratum,Cerastium,glomeratum,,,,exotic,unlisted,,48.932485999999997,-123.483839000000003,,NA,NA,"3318743",obs_exotic,file:///D:/Simon/Sync/Root/GIS/Biodiversity%20Data/obs_exotic.csv?type=csv&maxFields=10000&detectTypes=yes&xField=longitude&yField=latitude&crs=EPSG:4326&spatialIndex=no&subsetIndex=no&watchFile=no
"2177",Cerastium glomeratum,Cerastium,glomeratum,,,,exotic,unlisted,,48.906719549999998,-123.358397499999995,,NA,NA,"5885860",obs_exotic,file:///D:/Simon/Sync/Root/GIS/Biodiversity%20Data/obs_exotic.csv?type=csv&maxFields=10000&detectTypes=yes&xField=longitude&yField=latitude&crs=EPSG:4326&spatialIndex=no&subsetIndex=no&watchFile=no
"2178",Cerastium glomeratum,Cerastium,glomeratum,,,,exotic,unlisted,,48.896253399999999,-123.359395300000003,,NA,NA,"5993213",obs_exotic,file:///D:/Simon/Sync/Root/GIS/Biodiversity%20Data/obs_exotic.csv?type=csv&maxFields=10000&detectTypes=yes&xField=longitude&yField=latitude&crs=EPSG:4326&spatialIndex=no&subsetIndex=no&watchFile=no
"2179",Cerastium glomeratum,Cerastium,glomeratum,,,,exotic,unlisted,,48.904561620000003,-123.413457899999997,,NA,NA,"6047529",obs_exotic,file:///D:/Simon/Sync/Root/GIS/Biodiversity%20Data/obs_exotic.csv?type=csv&maxFields=10000&detectTypes=yes&xField=longitude&yField=latitude&crs=EPSG:4326&spatialIndex=no&subsetIndex=no&watchFile=no
"2180",Cerastium glomeratum,Cerastium,glomeratum,,,,exotic,unlisted,,48.916417000000003,-123.393739999999994,,NA,NA,"10943980",obs_exotic,file:///D:/Simon/Sync/Root/GIS/Biodiversity%20Data/obs_exotic.csv?type=csv&maxFields=10000&detectTypes=yes&xField=longitude&yField=latitude&crs=EPSG:4326&spatialIndex=no&subsetIndex=no&watchFile=no
"2181",Cerastium glomeratum,Cerastium,glomeratum,,,,exotic,unlisted,,48.983707000000003,-123.568044999999998,,NA,NA,"11579620",obs_exotic,file:///D:/Simon/Sync/Root/GIS/Biodiversity%20Data/obs_exotic.csv?type=csv&maxFields=10000&detectTypes=yes&xField=longitude&yField=latitude&crs=EPSG:4326&spatialIndex=no&subsetIndex=no&watchFile=no
"2182",Cerastium glomeratum,Cerastium,glomeratum,,,,exotic,unlisted,,48.876389000000003,-123.326132000000001,,NA,NA,"12256535",obs_exotic,file:///D:/Simon/Sync/Root/GIS/Biodiversity%20Data/obs_exotic.csv?type=csv&maxFields=10000&detectTypes=yes&xField=longitude&yField=latitude&crs=EPSG:4326&spatialIndex=no&subsetIndex=no&watchFile=no
"2183",Cerastium glomeratum,Cerastium,glomeratum,,,,exotic,unlisted,,48.869675999999998,-123.320020000000000,,NA,NA,"13030634",obs_exotic,file:///D:/Simon/Sync/Root/GIS/Biodiversity%20Data/obs_exotic.csv?type=csv&maxFields=10000&detectTypes=yes&xField=longitude&yField=latitude&crs=EPSG:4326&spatialIndex=no&subsetIndex=no&watchFile=no
"2184",Cerastium glomeratum,Cerastium,glomeratum,,,,exotic,unlisted,,48.884191870000002,-123.341092900000007,,NA,NA,"16307472",obs_exotic,file:///D:/Simon/Sync/Root/GIS/Biodiversity%20Data/obs_exotic.csv?type=csv&maxFields=10000&detectTypes=yes&xField=longitude&yField=latitude&crs=EPSG:4326&spatialIndex=no&subsetIndex=no&watchFile=no
"2185",Cerastium glomeratum,Cerastium,glomeratum,,,,exotic,unlisted,,48.912463809999998,-123.387128099999998,,NA,NA,"24653156",obs_exotic,file:///D:/Simon/Sync/Root/GIS/Biodiversity%20Data/obs_exotic.csv?type=csv&maxFields=10000&detectTypes=yes&xField=longitude&yField=latitude&crs=EPSG:4326&spatialIndex=no&subsetIndex=no&watchFile=no
"2186",Cerastium glomeratum,Cerastium,glomeratum,,,,exotic,unlisted,,48.962830560000000,-123.517852800000000,,NA,NA,"24663906",obs_exotic,file:///D:/Simon/Sync/Root/GIS/Biodiversity%20Data/obs_exotic.csv?type=csv&maxFields=10000&detectTypes=yes&xField=longitude&yField=latitude&crs=EPSG:4326&spatialIndex=no&subsetIndex=no&watchFile=no
"2187",Cerastium glomeratum,Cerastium,glomeratum,,,,exotic,unlisted,,48.963025000000002,-123.516724999999994,,NA,NA,"24665083",obs_exotic,file:///D:/Simon/Sync/Root/GIS/Biodiversity%20Data/obs_exotic.csv?type=csv&maxFields=10000&detectTypes=yes&xField=longitude&yField=latitude&crs=EPSG:4326&spatialIndex=no&subsetIndex=no&watchFile=no
"2188",Cerastium glomeratum,Cerastium,glomeratum,,,,exotic,unlisted,,48.963130560000003,-123.515808300000003,,NA,NA,"24665259",obs_exotic,file:///D:/Simon/Sync/Root/GIS/Biodiversity%20Data/obs_exotic.csv?type=csv&maxFields=10000&detectTypes=yes&xField=longitude&yField=latitude&crs=EPSG:4326&spatialIndex=no&subsetIndex=no&watchFile=no
"2189",Cerastium glomeratum,Cerastium,glomeratum,,,,exotic,unlisted,,48.962211109999998,-123.518372200000002,,NA,NA,"24683977",obs_exotic,file:///D:/Simon/Sync/Root/GIS/Biodiversity%20Data/obs_exotic.csv?type=csv&maxFields=10000&detectTypes=yes&xField=longitude&yField=latitude&crs=EPSG:4326&spatialIndex=no&subsetIndex=no&watchFile=no
"2190",Cerastium glomeratum,Cerastium,glomeratum,,,,exotic,unlisted,,48.963477779999998,-123.519530599999996,,NA,NA,"24694125",obs_exotic,file:///D:/Simon/Sync/Root/GIS/Biodiversity%20Data/obs_exotic.csv?type=csv&maxFields=10000&detectTypes=yes&xField=longitude&yField=latitude&crs=EPSG:4326&spatialIndex=no&subsetIndex=no&watchFile=no
"2191",Cerastium glomeratum,Cerastium,glomeratum,,,,exotic,unlisted,,48.963577540000003,-123.514621599999998,,NA,NA,"24941397",obs_exotic,file:///D:/Simon/Sync/Root/GIS/Biodiversity%20Data/obs_exotic.csv?type=csv&maxFields=10000&detectTypes=yes&xField=longitude&yField=latitude&crs=EPSG:4326&spatialIndex=no&subsetIndex=no&watchFile=no
"2192",Cerastium glomeratum,Cerastium,glomeratum,,,,exotic,unlisted,,48.899532510000000,-123.407454400000006,,NA,NA,"25200246",obs_exotic,file:///D:/Simon/Sync/Root/GIS/Biodiversity%20Data/obs_exotic.csv?type=csv&maxFields=10000&detectTypes=yes&xField=longitude&yField=latitude&crs=EPSG:4326&spatialIndex=no&subsetIndex=no&watchFile=no
"2193",Cerastium glomeratum,Cerastium,glomeratum,,,,exotic,unlisted,,48.979133730000001,-123.557411599999995,,NA,NA,"25480180",obs_exotic,file:///D:/Simon/Sync/Root/GIS/Biodiversity%20Data/obs_exotic.csv?type=csv&maxFields=10000&detectTypes=yes&xField=longitude&yField=latitude&crs=EPSG:4326&spatialIndex=no&subsetIndex=no&watchFile=no
"2194",Cerastium glomeratum,Cerastium,glomeratum,,,,exotic,unlisted,,48.979125680000003,-123.557440200000002,,NA,NA,"25480283",obs_exotic,file:///D:/Simon/Sync/Root/GIS/Biodiversity%20Data/obs_exotic.csv?type=csv&maxFields=10000&detectTypes=yes&xField=longitude&yField=latitude&crs=EPSG:4326&spatialIndex=no&subsetIndex=no&watchFile=no
"2195",Cerastium glomeratum,Cerastium,glomeratum,,,,exotic,unlisted,,48.901049999999998,-123.406569399999995,,NA,NA,"25542476",obs_exotic,file:///D:/Simon/Sync/Root/GIS/Biodiversity%20Data/obs_exotic.csv?type=csv&maxFields=10000&detectTypes=yes&xField=longitude&yField=latitude&crs=EPSG:4326&spatialIndex=no&subsetIndex=no&watchFile=no
"2196",Cerastium glomeratum,Cerastium,glomeratum,,,,exotic,unlisted,,48.914138889999997,-123.386988900000006,,NA,NA,"42681999",obs_exotic,file:///D:/Simon/Sync/Root/GIS/Biodiversity%20Data/obs_exotic.csv?type=csv&maxFields=10000&detectTypes=yes&xField=longitude&yField=latitude&crs=EPSG:4326&spatialIndex=no&subsetIndex=no&watchFile=no
"2197",Cerastium glomeratum,Cerastium,glomeratum,,,,exotic,unlisted,,48.909025000000000,-123.368033299999993,,NA,NA,"44950136",obs_exotic,file:///D:/Simon/Sync/Root/GIS/Biodiversity%20Data/obs_exotic.csv?type=csv&maxFields=10000&detectTypes=yes&xField=longitude&yField=latitude&crs=EPSG:4326&spatialIndex=no&subsetIndex=no&watchFile=no
"2198",Cerastium glomeratum,Cerastium,glomeratum,,,,exotic,unlisted,,48.952308330000001,-123.533500000000004,,NA,NA,"111107913",obs_exotic,file:///D:/Simon/Sync/Root/GIS/Biodiversity%20Data/obs_exotic.csv?type=csv&maxFields=10000&detectTypes=yes&xField=longitude&yField=latitude&crs=EPSG:4326&spatialIndex=no&subsetIndex=no&watchFile=no
"2199",Cerastium glomeratum,Cerastium,glomeratum,,,,exotic,unlisted,,48.861798329999999,-123.366918299999995,,NA,NA,"111867235",obs_exotic,file:///D:/Simon/Sync/Root/GIS/Biodiversity%20Data/obs_exotic.csv?type=csv&maxFields=10000&detectTypes=yes&xField=longitude&yField=latitude&crs=EPSG:4326&spatialIndex=no&subsetIndex=no&watchFile=no
"2200",Cerastium glomeratum,Cerastium,glomeratum,,,,exotic,unlisted,,48.901253330000003,-123.446899999999999,,NA,NA,"117624923",obs_exotic,file:///D:/Simon/Sync/Root/GIS/Biodiversity%20Data/obs_exotic.csv?type=csv&maxFields=10000&detectTypes=yes&xField=longitude&yField=latitude&crs=EPSG:4326&spatialIndex=no&subsetIndex=no&watchFile=no
"2201",Cerastium glomeratum,Cerastium,glomeratum,,,,exotic,unlisted,,48.865535000000001,-123.367803300000006,,NA,NA,"120470365",obs_exotic,file:///D:/Simon/Sync/Root/GIS/Biodiversity%20Data/obs_exotic.csv?type=csv&maxFields=10000&detectTypes=yes&xField=longitude&yField=latitude&crs=EPSG:4326&spatialIndex=no&subsetIndex=no&watchFile=no
"2202",Cerastium glomeratum,Cerastium,glomeratum,,,,exotic,unlisted,,48.897353330000001,-123.338605000000001,,NA,NA,"120494803",obs_exotic,file:///D:/Simon/Sync/Root/GIS/Biodiversity%20Data/obs_exotic.csv?type=csv&maxFields=10000&detectTypes=yes&xField=longitude&yField=latitude&crs=EPSG:4326&spatialIndex=no&subsetIndex=no&watchFile=no
"2203",Cerastium glomeratum,Cerastium,glomeratum,,,,exotic,unlisted,,48.904828330000001,-123.368151699999999,,NA,NA,"120891327",obs_exotic,file:///D:/Simon/Sync/Root/GIS/Biodiversity%20Data/obs_exotic.csv?type=csv&maxFields=10000&detectTypes=yes&xField=longitude&yField=latitude&crs=EPSG:4326&spatialIndex=no&subsetIndex=no&watchFile=no
"2204",Cerastium glomeratum,Cerastium,glomeratum,,,,exotic,unlisted,,49.014011670000002,-123.573864999999998,,NA,NA,"123934615",obs_exotic,file:///D:/Simon/Sync/Root/GIS/Biodiversity%20Data/obs_exotic.csv?type=csv&maxFields=10000&detectTypes=yes&xField=longitude&yField=latitude&crs=EPSG:4326&spatialIndex=no&subsetIndex=no&watchFile=no
"2205",Cerastium pumilum,Cerastium,pumilum,,,,exotic,unlisted,,48.913954300000000,-123.387536999999995,,NA,NA,"5885311",obs_exotic,file:///D:/Simon/Sync/Root/GIS/Biodiversity%20Data/obs_exotic.csv?type=csv&maxFields=10000&detectTypes=yes&xField=longitude&yField=latitude&crs=EPSG:4326&spatialIndex=no&subsetIndex=no&watchFile=no
"2206",Cerastium tomentosum,Cerastium,tomentosum,,,,exotic,unlisted,,48.900800539999999,-123.341875999999999,,NA,NA,"26288932",obs_exotic,file:///D:/Simon/Sync/Root/GIS/Biodiversity%20Data/obs_exotic.csv?type=csv&maxFields=10000&detectTypes=yes&xField=longitude&yField=latitude&crs=EPSG:4326&spatialIndex=no&subsetIndex=no&watchFile=no
"2207",Cerastium tomentosum,Cerastium,tomentosum,,,,exotic,unlisted,,48.877885030000002,-123.316482899999997,,NA,NA,"26372176",obs_exotic,file:///D:/Simon/Sync/Root/GIS/Biodiversity%20Data/obs_exotic.csv?type=csv&maxFields=10000&detectTypes=yes&xField=longitude&yField=latitude&crs=EPSG:4326&spatialIndex=no&subsetIndex=no&watchFile=no
"2208",Cerastium tomentosum,Cerastium,tomentosum,,,,exotic,unlisted,,48.900238330000001,-123.342003300000002,,NA,NA,"79062665",obs_exotic,file:///D:/Simon/Sync/Root/GIS/Biodiversity%20Data/obs_exotic.csv?type=csv&maxFields=10000&detectTypes=yes&xField=longitude&yField=latitude&crs=EPSG:4326&spatialIndex=no&subsetIndex=no&watchFile=no
"2226",Chenopodium album,Chenopodium,album,,,,exotic,unlisted,,48.864928999999997,-123.350823000000005,,NA,NA,"3786976",obs_exotic,file:///D:/Simon/Sync/Root/GIS/Biodiversity%20Data/obs_exotic.csv?type=csv&maxFields=10000&detectTypes=yes&xField=longitude&yField=latitude&crs=EPSG:4326&spatialIndex=no&subsetIndex=no&watchFile=no
"2227",Cichorium intybus,Cichorium,intybus,,,,exotic,unlisted,,48.972852000000003,-123.557446999999996,,NA,NA,"3681048",obs_exotic,file:///D:/Simon/Sync/Root/GIS/Biodiversity%20Data/obs_exotic.csv?type=csv&maxFields=10000&detectTypes=yes&xField=longitude&yField=latitude&crs=EPSG:4326&spatialIndex=no&subsetIndex=no&watchFile=no
"2228",Cichorium intybus,Cichorium,intybus,,,,exotic,unlisted,,48.906971440000000,-123.364305000000002,,NA,NA,"3784913",obs_exotic,file:///D:/Simon/Sync/Root/GIS/Biodiversity%20Data/obs_exotic.csv?type=csv&maxFields=10000&detectTypes=yes&xField=longitude&yField=latitude&crs=EPSG:4326&spatialIndex=no&subsetIndex=no&watchFile=no
"2259",Cirsium arvense,Cirsium,arvense,,,,exotic,unlisted,,48.933326000000001,-123.483238000000000,,NA,NA,"2561799",obs_exotic,file:///D:/Simon/Sync/Root/GIS/Biodiversity%20Data/obs_exotic.csv?type=csv&maxFields=10000&detectTypes=yes&xField=longitude&yField=latitude&crs=EPSG:4326&spatialIndex=no&subsetIndex=no&watchFile=no
"2260",Cirsium arvense,Cirsium,arvense,,,,exotic,unlisted,,48.928702999999999,-123.468131999999997,,NA,NA,"2563918",obs_exotic,file:///D:/Simon/Sync/Root/GIS/Biodiversity%20Data/obs_exotic.csv?type=csv&maxFields=10000&detectTypes=yes&xField=longitude&yField=latitude&crs=EPSG:4326&spatialIndex=no&subsetIndex=no&watchFile=no
"2261",Cirsium arvense,Cirsium,arvense,,,,exotic,unlisted,,48.930760999999997,-123.475427999999994,,NA,NA,"2564070",obs_exotic,file:///D:/Simon/Sync/Root/GIS/Biodiversity%20Data/obs_exotic.csv?type=csv&maxFields=10000&detectTypes=yes&xField=longitude&yField=latitude&crs=EPSG:4326&spatialIndex=no&subsetIndex=no&watchFile=no
"2262",Cirsium arvense,Cirsium,arvense,,,,exotic,unlisted,,48.928632000000000,-123.468925999999996,,NA,NA,"2564130",obs_exotic,file:///D:/Simon/Sync/Root/GIS/Biodiversity%20Data/obs_exotic.csv?type=csv&maxFields=10000&detectTypes=yes&xField=longitude&yField=latitude&crs=EPSG:4326&spatialIndex=no&subsetIndex=no&watchFile=no
"2263",Cirsium arvense,Cirsium,arvense,,,,exotic,unlisted,,48.930123999999999,-123.475857000000005,,NA,NA,"2599920",obs_exotic,file:///D:/Simon/Sync/Root/GIS/Biodiversity%20Data/obs_exotic.csv?type=csv&maxFields=10000&detectTypes=yes&xField=longitude&yField=latitude&crs=EPSG:4326&spatialIndex=no&subsetIndex=no&watchFile=no
"2264",Cirsium arvense,Cirsium,arvense,,,,exotic,unlisted,,48.929277999999996,-123.468089000000006,,NA,NA,"3641699",obs_exotic,file:///D:/Simon/Sync/Root/GIS/Biodiversity%20Data/obs_exotic.csv?type=csv&maxFields=10000&detectTypes=yes&xField=longitude&yField=latitude&crs=EPSG:4326&spatialIndex=no&subsetIndex=no&watchFile=no
"2265",Cirsium arvense,Cirsium,arvense,,,,exotic,unlisted,,48.928059390000001,-123.467742900000005,,NA,NA,"6387123",obs_exotic,file:///D:/Simon/Sync/Root/GIS/Biodiversity%20Data/obs_exotic.csv?type=csv&maxFields=10000&detectTypes=yes&xField=longitude&yField=latitude&crs=EPSG:4326&spatialIndex=no&subsetIndex=no&watchFile=no
"2266",Cirsium arvense,Cirsium,arvense,,,,exotic,unlisted,,48.870352779999997,-123.318930600000002,,NA,NA,"13981025",obs_exotic,file:///D:/Simon/Sync/Root/GIS/Biodiversity%20Data/obs_exotic.csv?type=csv&maxFields=10000&detectTypes=yes&xField=longitude&yField=latitude&crs=EPSG:4326&spatialIndex=no&subsetIndex=no&watchFile=no
"2267",Cirsium arvense,Cirsium,arvense,,,,exotic,unlisted,,48.979853310000003,-123.557780399999999,,NA,NA,"25482674",obs_exotic,file:///D:/Simon/Sync/Root/GIS/Biodiversity%20Data/obs_exotic.csv?type=csv&maxFields=10000&detectTypes=yes&xField=longitude&yField=latitude&crs=EPSG:4326&spatialIndex=no&subsetIndex=no&watchFile=no
"2268",Cirsium arvense,Cirsium,arvense,,,,exotic,unlisted,,48.963591670000000,-123.515158299999996,,NA,NA,"25595833",obs_exotic,file:///D:/Simon/Sync/Root/GIS/Biodiversity%20Data/obs_exotic.csv?type=csv&maxFields=10000&detectTypes=yes&xField=longitude&yField=latitude&crs=EPSG:4326&spatialIndex=no&subsetIndex=no&watchFile=no
"2269",Cirsium arvense,Cirsium,arvense,,,,exotic,unlisted,,48.983357630000000,-123.556067700000000,,NA,NA,"31255487",obs_exotic,file:///D:/Simon/Sync/Root/GIS/Biodiversity%20Data/obs_exotic.csv?type=csv&maxFields=10000&detectTypes=yes&xField=longitude&yField=latitude&crs=EPSG:4326&spatialIndex=no&subsetIndex=no&watchFile=no
"2270",Cirsium arvense,Cirsium,arvense,,,,exotic,unlisted,,48.930107839999998,-123.467137800000003,,NA,NA,"52601003",obs_exotic,file:///D:/Simon/Sync/Root/GIS/Biodiversity%20Data/obs_exotic.csv?type=csv&maxFields=10000&detectTypes=yes&xField=longitude&yField=latitude&crs=EPSG:4326&spatialIndex=no&subsetIndex=no&watchFile=no
"2271",Cirsium arvense,Cirsium,arvense,,,,exotic,unlisted,,48.930268179999999,-123.467319399999994,,NA,NA,"52922806",obs_exotic,file:///D:/Simon/Sync/Root/GIS/Biodiversity%20Data/obs_exotic.csv?type=csv&maxFields=10000&detectTypes=yes&xField=longitude&yField=latitude&crs=EPSG:4326&spatialIndex=no&subsetIndex=no&watchFile=no
"2272",Cirsium arvense,Cirsium,arvense,,,,exotic,unlisted,,48.928713100000003,-123.468954699999998,,NA,NA,"54689421",obs_exotic,file:///D:/Simon/Sync/Root/GIS/Biodiversity%20Data/obs_exotic.csv?type=csv&maxFields=10000&detectTypes=yes&xField=longitude&yField=latitude&crs=EPSG:4326&spatialIndex=no&subsetIndex=no&watchFile=no
"2273",Cirsium arvense,Cirsium,arvense,,,,exotic,unlisted,,48.928802689999998,-123.468967599999999,,NA,NA,"54691782",obs_exotic,file:///D:/Simon/Sync/Root/GIS/Biodiversity%20Data/obs_exotic.csv?type=csv&maxFields=10000&detectTypes=yes&xField=longitude&yField=latitude&crs=EPSG:4326&spatialIndex=no&subsetIndex=no&watchFile=no
"2274",Cirsium arvense,Cirsium,arvense,,,,exotic,unlisted,,48.928260670000000,-123.469442000000001,,NA,NA,"84107417",obs_exotic,file:///D:/Simon/Sync/Root/GIS/Biodiversity%20Data/obs_exotic.csv?type=csv&maxFields=10000&detectTypes=yes&xField=longitude&yField=latitude&crs=EPSG:4326&spatialIndex=no&subsetIndex=no&watchFile=no
"2275",Cirsium arvense,Cirsium,arvense,,,,exotic,unlisted,,48.927983330000004,-123.467438299999998,,NA,NA,"84182503",obs_exotic,file:///D:/Simon/Sync/Root/GIS/Biodiversity%20Data/obs_exotic.csv?type=csv&maxFields=10000&detectTypes=yes&xField=longitude&yField=latitude&crs=EPSG:4326&spatialIndex=no&subsetIndex=no&watchFile=no
"2276",Cirsium arvense,Cirsium,arvense,,,,exotic,unlisted,,48.928296400000001,-123.467957900000002,,NA,NA,"84185600",obs_exotic,file:///D:/Simon/Sync/Root/GIS/Biodiversity%20Data/obs_exotic.csv?type=csv&maxFields=10000&detectTypes=yes&xField=longitude&yField=latitude&crs=EPSG:4326&spatialIndex=no&subsetIndex=no&watchFile=no
"2277",Cirsium arvense,Cirsium,arvense,,,,exotic,unlisted,,48.928242009999998,-123.467901600000005,,NA,NA,"84307356",obs_exotic,file:///D:/Simon/Sync/Root/GIS/Biodiversity%20Data/obs_exotic.csv?type=csv&maxFields=10000&detectTypes=yes&xField=longitude&yField=latitude&crs=EPSG:4326&spatialIndex=no&subsetIndex=no&watchFile=no
"2278",Cirsium arvense,Cirsium,arvense,,,,exotic,unlisted,,48.928179999999998,-123.467429999999993,,NA,NA,"84308250",obs_exotic,file:///D:/Simon/Sync/Root/GIS/Biodiversity%20Data/obs_exotic.csv?type=csv&maxFields=10000&detectTypes=yes&xField=longitude&yField=latitude&crs=EPSG:4326&spatialIndex=no&subsetIndex=no&watchFile=no
"2279",Cirsium arvense,Cirsium,arvense,,,,exotic,unlisted,,48.874344999999998,-123.319498300000006,,NA,NA,"86360345",obs_exotic,file:///D:/Simon/Sync/Root/GIS/Biodiversity%20Data/obs_exotic.csv?type=csv&maxFields=10000&detectTypes=yes&xField=longitude&yField=latitude&crs=EPSG:4326&spatialIndex=no&subsetIndex=no&watchFile=no
"2280",Cirsium arvense,Cirsium,arvense,,,,exotic,unlisted,,48.990494390000002,-123.551235399999996,,NA,NA,"100641857",obs_exotic,file:///D:/Simon/Sync/Root/GIS/Biodiversity%20Data/obs_exotic.csv?type=csv&maxFields=10000&detectTypes=yes&xField=longitude&yField=latitude&crs=EPSG:4326&spatialIndex=no&subsetIndex=no&watchFile=no
"2281",Cirsium arvense,Cirsium,arvense,,,,exotic,unlisted,,48.990094460000002,-123.566741800000003,,NA,NA,"119680224",obs_exotic,file:///D:/Simon/Sync/Root/GIS/Biodiversity%20Data/obs_exotic.csv?type=csv&maxFields=10000&detectTypes=yes&xField=longitude&yField=latitude&crs=EPSG:4326&spatialIndex=no&subsetIndex=no&watchFile=no
"2282",Cirsium arvense,Cirsium,arvense,,,,exotic,unlisted,,48.990038329999997,-123.566578300000003,,NA,NA,"119680233",obs_exotic,file:///D:/Simon/Sync/Root/GIS/Biodiversity%20Data/obs_exotic.csv?type=csv&maxFields=10000&detectTypes=yes&xField=longitude&yField=latitude&crs=EPSG:4326&spatialIndex=no&subsetIndex=no&watchFile=no
"2283",Cirsium arvense,Cirsium,arvense,,,,exotic,unlisted,,48.862311669999997,-123.323938299999995,,NA,NA,"127180963",obs_exotic,file:///D:/Simon/Sync/Root/GIS/Biodiversity%20Data/obs_exotic.csv?type=csv&maxFields=10000&detectTypes=yes&xField=longitude&yField=latitude&crs=EPSG:4326&spatialIndex=no&subsetIndex=no&watchFile=no
"2293",Cirsium vulgare,Cirsium,vulgare,,,,exotic,unlisted,,48.930123999999999,-123.475857000000005,,NA,NA,"2599922",obs_exotic,file:///D:/Simon/Sync/Root/GIS/Biodiversity%20Data/obs_exotic.csv?type=csv&maxFields=10000&detectTypes=yes&xField=longitude&yField=latitude&crs=EPSG:4326&spatialIndex=no&subsetIndex=no&watchFile=no
"2294",Cirsium vulgare,Cirsium,vulgare,,,,exotic,unlisted,,48.930974999999997,-123.469740999999999,,NA,NA,"2599950",obs_exotic,file:///D:/Simon/Sync/Root/GIS/Biodiversity%20Data/obs_exotic.csv?type=csv&maxFields=10000&detectTypes=yes&xField=longitude&yField=latitude&crs=EPSG:4326&spatialIndex=no&subsetIndex=no&watchFile=no
"2295",Cirsium vulgare,Cirsium,vulgare,,,,exotic,unlisted,,48.930259000000000,-123.467488000000003,,NA,NA,"2599967",obs_exotic,file:///D:/Simon/Sync/Root/GIS/Biodiversity%20Data/obs_exotic.csv?type=csv&maxFields=10000&detectTypes=yes&xField=longitude&yField=latitude&crs=EPSG:4326&spatialIndex=no&subsetIndex=no&watchFile=no
"2296",Cirsium vulgare,Cirsium,vulgare,,,,exotic,unlisted,,48.870730999999999,-123.329611999999997,,NA,NA,"2790756",obs_exotic,file:///D:/Simon/Sync/Root/GIS/Biodiversity%20Data/obs_exotic.csv?type=csv&maxFields=10000&detectTypes=yes&xField=longitude&yField=latitude&crs=EPSG:4326&spatialIndex=no&subsetIndex=no&watchFile=no
"2297",Cirsium vulgare,Cirsium,vulgare,,,,exotic,unlisted,,48.916645000000003,-123.424272999999999,,NA,NA,"3094191",obs_exotic,file:///D:/Simon/Sync/Root/GIS/Biodiversity%20Data/obs_exotic.csv?type=csv&maxFields=10000&detectTypes=yes&xField=longitude&yField=latitude&crs=EPSG:4326&spatialIndex=no&subsetIndex=no&watchFile=no
"2298",Cirsium vulgare,Cirsium,vulgare,,,,exotic,unlisted,,48.934064999999997,-123.471800999999999,,NA,NA,"3105954",obs_exotic,file:///D:/Simon/Sync/Root/GIS/Biodiversity%20Data/obs_exotic.csv?type=csv&maxFields=10000&detectTypes=yes&xField=longitude&yField=latitude&crs=EPSG:4326&spatialIndex=no&subsetIndex=no&watchFile=no
"2299",Cirsium vulgare,Cirsium,vulgare,,,,exotic,unlisted,,48.896949999999997,-123.406677000000002,,NA,NA,"3310760",obs_exotic,file:///D:/Simon/Sync/Root/GIS/Biodiversity%20Data/obs_exotic.csv?type=csv&maxFields=10000&detectTypes=yes&xField=longitude&yField=latitude&crs=EPSG:4326&spatialIndex=no&subsetIndex=no&watchFile=no
"2300",Cirsium vulgare,Cirsium,vulgare,,,,exotic,unlisted,,48.898764350000000,-123.407766199999998,,NA,NA,"3700977",obs_exotic,file:///D:/Simon/Sync/Root/GIS/Biodiversity%20Data/obs_exotic.csv?type=csv&maxFields=10000&detectTypes=yes&xField=longitude&yField=latitude&crs=EPSG:4326&spatialIndex=no&subsetIndex=no&watchFile=no
"2301",Cirsium vulgare,Cirsium,vulgare,,,,exotic,unlisted,,48.906225919999997,-123.360671999999994,,NA,NA,"5885599",obs_exotic,file:///D:/Simon/Sync/Root/GIS/Biodiversity%20Data/obs_exotic.csv?type=csv&maxFields=10000&detectTypes=yes&xField=longitude&yField=latitude&crs=EPSG:4326&spatialIndex=no&subsetIndex=no&watchFile=no
"2302",Cirsium vulgare,Cirsium,vulgare,,,,exotic,unlisted,,48.876257000000003,-123.381474999999995,,NA,NA,"7328915",obs_exotic,file:///D:/Simon/Sync/Root/GIS/Biodiversity%20Data/obs_exotic.csv?type=csv&maxFields=10000&detectTypes=yes&xField=longitude&yField=latitude&crs=EPSG:4326&spatialIndex=no&subsetIndex=no&watchFile=no
"2303",Cirsium vulgare,Cirsium,vulgare,,,,exotic,unlisted,,48.869926999999997,-123.335448999999997,,NA,NA,"12792592",obs_exotic,file:///D:/Simon/Sync/Root/GIS/Biodiversity%20Data/obs_exotic.csv?type=csv&maxFields=10000&detectTypes=yes&xField=longitude&yField=latitude&crs=EPSG:4326&spatialIndex=no&subsetIndex=no&watchFile=no
"2304",Cirsium vulgare,Cirsium,vulgare,,,,exotic,unlisted,,48.963019439999997,-123.516249999999999,,NA,NA,"24665180",obs_exotic,file:///D:/Simon/Sync/Root/GIS/Biodiversity%20Data/obs_exotic.csv?type=csv&maxFields=10000&detectTypes=yes&xField=longitude&yField=latitude&crs=EPSG:4326&spatialIndex=no&subsetIndex=no&watchFile=no
"2305",Cirsium vulgare,Cirsium,vulgare,,,,exotic,unlisted,,48.964347220000001,-123.516227799999996,,NA,NA,"24666598",obs_exotic,file:///D:/Simon/Sync/Root/GIS/Biodiversity%20Data/obs_exotic.csv?type=csv&maxFields=10000&detectTypes=yes&xField=longitude&yField=latitude&crs=EPSG:4326&spatialIndex=no&subsetIndex=no&watchFile=no
"2306",Cirsium vulgare,Cirsium,vulgare,,,,exotic,unlisted,,48.964163890000002,-123.515961099999998,,NA,NA,"24666702",obs_exotic,file:///D:/Simon/Sync/Root/GIS/Biodiversity%20Data/obs_exotic.csv?type=csv&maxFields=10000&detectTypes=yes&xField=longitude&yField=latitude&crs=EPSG:4326&spatialIndex=no&subsetIndex=no&watchFile=no
"2307",Cirsium vulgare,Cirsium,vulgare,,,,exotic,unlisted,,48.963480560000001,-123.514633300000000,,NA,NA,"24666712",obs_exotic,file:///D:/Simon/Sync/Root/GIS/Biodiversity%20Data/obs_exotic.csv?type=csv&maxFields=10000&detectTypes=yes&xField=longitude&yField=latitude&crs=EPSG:4326&spatialIndex=no&subsetIndex=no&watchFile=no
"2308",Cirsium vulgare,Cirsium,vulgare,,,,exotic,unlisted,,48.964347220000001,-123.516227799999996,,NA,NA,"24666758",obs_exotic,file:///D:/Simon/Sync/Root/GIS/Biodiversity%20Data/obs_exotic.csv?type=csv&maxFields=10000&detectTypes=yes&xField=longitude&yField=latitude&crs=EPSG:4326&spatialIndex=no&subsetIndex=no&watchFile=no
"2309",Cirsium vulgare,Cirsium,vulgare,,,,exotic,unlisted,,48.899594440000001,-123.406836100000007,,NA,NA,"24683965",obs_exotic,file:///D:/Simon/Sync/Root/GIS/Biodiversity%20Data/obs_exotic.csv?type=csv&maxFields=10000&detectTypes=yes&xField=longitude&yField=latitude&crs=EPSG:4326&spatialIndex=no&subsetIndex=no&watchFile=no
"2310",Cirsium vulgare,Cirsium,vulgare,,,,exotic,unlisted,,48.963947220000001,-123.514716699999994,,NA,NA,"24690282",obs_exotic,file:///D:/Simon/Sync/Root/GIS/Biodiversity%20Data/obs_exotic.csv?type=csv&maxFields=10000&detectTypes=yes&xField=longitude&yField=latitude&crs=EPSG:4326&spatialIndex=no&subsetIndex=no&watchFile=no
"2311",Cirsium vulgare,Cirsium,vulgare,,,,exotic,unlisted,,48.901066270000001,-123.406081400000005,,NA,NA,"24715316",obs_exotic,file:///D:/Simon/Sync/Root/GIS/Biodiversity%20Data/obs_exotic.csv?type=csv&maxFields=10000&detectTypes=yes&xField=longitude&yField=latitude&crs=EPSG:4326&spatialIndex=no&subsetIndex=no&watchFile=no
"2312",Cirsium vulgare,Cirsium,vulgare,,,,exotic,unlisted,,48.899748809999998,-123.407078900000002,,NA,NA,"24939896",obs_exotic,file:///D:/Simon/Sync/Root/GIS/Biodiversity%20Data/obs_exotic.csv?type=csv&maxFields=10000&detectTypes=yes&xField=longitude&yField=latitude&crs=EPSG:4326&spatialIndex=no&subsetIndex=no&watchFile=no
"2313",Cirsium vulgare,Cirsium,vulgare,,,,exotic,unlisted,,48.964860979999997,-123.516709100000000,,NA,NA,"24941733",obs_exotic,file:///D:/Simon/Sync/Root/GIS/Biodiversity%20Data/obs_exotic.csv?type=csv&maxFields=10000&detectTypes=yes&xField=longitude&yField=latitude&crs=EPSG:4326&spatialIndex=no&subsetIndex=no&watchFile=no
"2314",Cirsium vulgare,Cirsium,vulgare,,,,exotic,unlisted,,48.899167390000002,-123.407499299999998,,NA,NA,"25200291",obs_exotic,file:///D:/Simon/Sync/Root/GIS/Biodiversity%20Data/obs_exotic.csv?type=csv&maxFields=10000&detectTypes=yes&xField=longitude&yField=latitude&crs=EPSG:4326&spatialIndex=no&subsetIndex=no&watchFile=no
"2315",Cirsium vulgare,Cirsium,vulgare,,,,exotic,unlisted,,48.898747340000000,-123.407002700000007,,NA,NA,"25476497",obs_exotic,file:///D:/Simon/Sync/Root/GIS/Biodiversity%20Data/obs_exotic.csv?type=csv&maxFields=10000&detectTypes=yes&xField=longitude&yField=latitude&crs=EPSG:4326&spatialIndex=no&subsetIndex=no&watchFile=no
"2316",Cirsium vulgare,Cirsium,vulgare,,,,exotic,unlisted,,48.979393309999999,-123.557678699999997,,NA,NA,"25479988",obs_exotic,file:///D:/Simon/Sync/Root/GIS/Biodiversity%20Data/obs_exotic.csv?type=csv&maxFields=10000&detectTypes=yes&xField=longitude&yField=latitude&crs=EPSG:4326&spatialIndex=no&subsetIndex=no&watchFile=no
"2317",Cirsium vulgare,Cirsium,vulgare,,,,exotic,unlisted,,48.899963890000002,-123.406625000000005,,NA,NA,"25542478",obs_exotic,file:///D:/Simon/Sync/Root/GIS/Biodiversity%20Data/obs_exotic.csv?type=csv&maxFields=10000&detectTypes=yes&xField=longitude&yField=latitude&crs=EPSG:4326&spatialIndex=no&subsetIndex=no&watchFile=no
"2318",Cirsium vulgare,Cirsium,vulgare,,,,exotic,unlisted,,48.963486109999998,-123.514838900000001,,NA,NA,"25561096",obs_exotic,file:///D:/Simon/Sync/Root/GIS/Biodiversity%20Data/obs_exotic.csv?type=csv&maxFields=10000&detectTypes=yes&xField=longitude&yField=latitude&crs=EPSG:4326&spatialIndex=no&subsetIndex=no&watchFile=no
"2319",Cirsium vulgare,Cirsium,vulgare,,,,exotic,unlisted,,48.870316619999997,-123.384877900000006,,NA,NA,"27470974",obs_exotic,file:///D:/Simon/Sync/Root/GIS/Biodiversity%20Data/obs_exotic.csv?type=csv&maxFields=10000&detectTypes=yes&xField=longitude&yField=latitude&crs=EPSG:4326&spatialIndex=no&subsetIndex=no&watchFile=no
"2320",Cirsium vulgare,Cirsium,vulgare,,,,exotic,unlisted,,48.892505950000000,-123.389607600000005,,NA,NA,"29759536",obs_exotic,file:///D:/Simon/Sync/Root/GIS/Biodiversity%20Data/obs_exotic.csv?type=csv&maxFields=10000&detectTypes=yes&xField=longitude&yField=latitude&crs=EPSG:4326&spatialIndex=no&subsetIndex=no&watchFile=no
"2321",Cirsium vulgare,Cirsium,vulgare,,,,exotic,unlisted,,49.011049999999997,-123.578445000000002,,NA,NA,"31010270",obs_exotic,file:///D:/Simon/Sync/Root/GIS/Biodiversity%20Data/obs_exotic.csv?type=csv&maxFields=10000&detectTypes=yes&xField=longitude&yField=latitude&crs=EPSG:4326&spatialIndex=no&subsetIndex=no&watchFile=no
"2322",Cirsium vulgare,Cirsium,vulgare,,,,exotic,unlisted,,48.997036670000000,-123.564920000000001,,NA,NA,"31535907",obs_exotic,file:///D:/Simon/Sync/Root/GIS/Biodiversity%20Data/obs_exotic.csv?type=csv&maxFields=10000&detectTypes=yes&xField=longitude&yField=latitude&crs=EPSG:4326&spatialIndex=no&subsetIndex=no&watchFile=no
"2323",Cirsium vulgare,Cirsium,vulgare,,,,exotic,unlisted,,48.899971669999999,-123.406120000000001,,NA,NA,"32128804",obs_exotic,file:///D:/Simon/Sync/Root/GIS/Biodiversity%20Data/obs_exotic.csv?type=csv&maxFields=10000&detectTypes=yes&xField=longitude&yField=latitude&crs=EPSG:4326&spatialIndex=no&subsetIndex=no&watchFile=no
"2324",Cirsium vulgare,Cirsium,vulgare,,,,exotic,unlisted,,48.866036670000000,-123.350549999999998,,NA,NA,"48304582",obs_exotic,file:///D:/Simon/Sync/Root/GIS/Biodiversity%20Data/obs_exotic.csv?type=csv&maxFields=10000&detectTypes=yes&xField=longitude&yField=latitude&crs=EPSG:4326&spatialIndex=no&subsetIndex=no&watchFile=no
"2325",Cirsium vulgare,Cirsium,vulgare,,,,exotic,unlisted,,48.897464790000001,-123.403285900000000,,NA,NA,"49173254",obs_exotic,file:///D:/Simon/Sync/Root/GIS/Biodiversity%20Data/obs_exotic.csv?type=csv&maxFields=10000&detectTypes=yes&xField=longitude&yField=latitude&crs=EPSG:4326&spatialIndex=no&subsetIndex=no&watchFile=no
"2326",Cirsium vulgare,Cirsium,vulgare,,,,exotic,unlisted,,48.930206710000000,-123.467135299999995,,NA,NA,"52921855",obs_exotic,file:///D:/Simon/Sync/Root/GIS/Biodiversity%20Data/obs_exotic.csv?type=csv&maxFields=10000&detectTypes=yes&xField=longitude&yField=latitude&crs=EPSG:4326&spatialIndex=no&subsetIndex=no&watchFile=no
"2327",Cirsium vulgare,Cirsium,vulgare,,,,exotic,unlisted,,48.943260709999997,-123.507582299999996,,NA,NA,"52950141",obs_exotic,file:///D:/Simon/Sync/Root/GIS/Biodiversity%20Data/obs_exotic.csv?type=csv&maxFields=10000&detectTypes=yes&xField=longitude&yField=latitude&crs=EPSG:4326&spatialIndex=no&subsetIndex=no&watchFile=no
"2328",Cirsium vulgare,Cirsium,vulgare,,,,exotic,unlisted,,48.866131920000001,-123.352978800000002,,NA,NA,"53215324",obs_exotic,file:///D:/Simon/Sync/Root/GIS/Biodiversity%20Data/obs_exotic.csv?type=csv&maxFields=10000&detectTypes=yes&xField=longitude&yField=latitude&crs=EPSG:4326&spatialIndex=no&subsetIndex=no&watchFile=no
"2329",Cirsium vulgare,Cirsium,vulgare,,,,exotic,unlisted,,48.928546810000000,-123.469089199999999,,NA,NA,"54689695",obs_exotic,file:///D:/Simon/Sync/Root/GIS/Biodiversity%20Data/obs_exotic.csv?type=csv&maxFields=10000&detectTypes=yes&xField=longitude&yField=latitude&crs=EPSG:4326&spatialIndex=no&subsetIndex=no&watchFile=no
"2330",Cirsium vulgare,Cirsium,vulgare,,,,exotic,unlisted,,48.928900839999997,-123.468994699999996,,NA,NA,"54691597",obs_exotic,file:///D:/Simon/Sync/Root/GIS/Biodiversity%20Data/obs_exotic.csv?type=csv&maxFields=10000&detectTypes=yes&xField=longitude&yField=latitude&crs=EPSG:4326&spatialIndex=no&subsetIndex=no&watchFile=no
"2331",Cirsium vulgare,Cirsium,vulgare,,,,exotic,unlisted,,48.959851999999998,-123.509135000000001,,NA,NA,"55326221",obs_exotic,file:///D:/Simon/Sync/Root/GIS/Biodiversity%20Data/obs_exotic.csv?type=csv&maxFields=10000&detectTypes=yes&xField=longitude&yField=latitude&crs=EPSG:4326&spatialIndex=no&subsetIndex=no&watchFile=no
"2332",Cirsium vulgare,Cirsium,vulgare,,,,exotic,unlisted,,48.900095000000000,-123.406651699999998,,NA,NA,"85701683",obs_exotic,file:///D:/Simon/Sync/Root/GIS/Biodiversity%20Data/obs_exotic.csv?type=csv&maxFields=10000&detectTypes=yes&xField=longitude&yField=latitude&crs=EPSG:4326&spatialIndex=no&subsetIndex=no&watchFile=no
"2333",Cirsium vulgare,Cirsium,vulgare,,,,exotic,unlisted,,48.874386670000000,-123.319676700000002,,NA,NA,"86360369",obs_exotic,file:///D:/Simon/Sync/Root/GIS/Biodiversity%20Data/obs_exotic.csv?type=csv&maxFields=10000&detectTypes=yes&xField=longitude&yField=latitude&crs=EPSG:4326&spatialIndex=no&subsetIndex=no&watchFile=no
"2334",Cirsium vulgare,Cirsium,vulgare,,,,exotic,unlisted,,48.984606669999998,-123.557098300000007,,NA,NA,"89513125",obs_exotic,file:///D:/Simon/Sync/Root/GIS/Biodiversity%20Data/obs_exotic.csv?type=csv&maxFields=10000&detectTypes=yes&xField=longitude&yField=latitude&crs=EPSG:4326&spatialIndex=no&subsetIndex=no&watchFile=no
"2335",Cirsium vulgare,Cirsium,vulgare,,,,exotic,unlisted,,48.979206830000003,-123.557561300000003,,NA,NA,"89513401",obs_exotic,file:///D:/Simon/Sync/Root/GIS/Biodiversity%20Data/obs_exotic.csv?type=csv&maxFields=10000&detectTypes=yes&xField=longitude&yField=latitude&crs=EPSG:4326&spatialIndex=no&subsetIndex=no&watchFile=no
"2336",Cirsium vulgare,Cirsium,vulgare,,,,exotic,unlisted,,49.000308330000003,-123.560622199999997,,NA,NA,"94679679",obs_exotic,file:///D:/Simon/Sync/Root/GIS/Biodiversity%20Data/obs_exotic.csv?type=csv&maxFields=10000&detectTypes=yes&xField=longitude&yField=latitude&crs=EPSG:4326&spatialIndex=no&subsetIndex=no&watchFile=no
"2337",Cirsium vulgare,Cirsium,vulgare,,,,exotic,unlisted,,49.000273329999999,-123.560763300000005,,NA,NA,"94679683",obs_exotic,file:///D:/Simon/Sync/Root/GIS/Biodiversity%20Data/obs_exotic.csv?type=csv&maxFields=10000&detectTypes=yes&xField=longitude&yField=latitude&crs=EPSG:4326&spatialIndex=no&subsetIndex=no&watchFile=no
"2338",Cirsium vulgare,Cirsium,vulgare,,,,exotic,unlisted,,48.903153330000002,-123.403313900000001,,NA,NA,"95900455",obs_exotic,file:///D:/Simon/Sync/Root/GIS/Biodiversity%20Data/obs_exotic.csv?type=csv&maxFields=10000&detectTypes=yes&xField=longitude&yField=latitude&crs=EPSG:4326&spatialIndex=no&subsetIndex=no&watchFile=no
"2339",Cirsium vulgare,Cirsium,vulgare,,,,exotic,unlisted,,48.888600830000001,-123.350081900000006,,NA,NA,"97226877",obs_exotic,file:///D:/Simon/Sync/Root/GIS/Biodiversity%20Data/obs_exotic.csv?type=csv&maxFields=10000&detectTypes=yes&xField=longitude&yField=latitude&crs=EPSG:4326&spatialIndex=no&subsetIndex=no&watchFile=no
"2340",Cirsium vulgare,Cirsium,vulgare,,,,exotic,unlisted,,48.878504999999997,-123.320044999999993,,NA,NA,"102691909",obs_exotic,file:///D:/Simon/Sync/Root/GIS/Biodiversity%20Data/obs_exotic.csv?type=csv&maxFields=10000&detectTypes=yes&xField=longitude&yField=latitude&crs=EPSG:4326&spatialIndex=no&subsetIndex=no&watchFile=no
"2341",Cirsium vulgare,Cirsium,vulgare,,,,exotic,unlisted,,48.867629999999998,-123.339169999999996,,NA,NA,"110820825",obs_exotic,file:///D:/Simon/Sync/Root/GIS/Biodiversity%20Data/obs_exotic.csv?type=csv&maxFields=10000&detectTypes=yes&xField=longitude&yField=latitude&crs=EPSG:4326&spatialIndex=no&subsetIndex=no&watchFile=no
"2342",Cirsium vulgare,Cirsium,vulgare,,,,exotic,unlisted,,48.866271670000003,-123.374961700000000,,NA,NA,"114122124",obs_exotic,file:///D:/Simon/Sync/Root/GIS/Biodiversity%20Data/obs_exotic.csv?type=csv&maxFields=10000&detectTypes=yes&xField=longitude&yField=latitude&crs=EPSG:4326&spatialIndex=no&subsetIndex=no&watchFile=no
"2343",Cirsium vulgare,Cirsium,vulgare,,,,exotic,unlisted,,48.957397489999998,-123.528921900000000,,NA,NA,"116029600",obs_exotic,file:///D:/Simon/Sync/Root/GIS/Biodiversity%20Data/obs_exotic.csv?type=csv&maxFields=10000&detectTypes=yes&xField=longitude&yField=latitude&crs=EPSG:4326&spatialIndex=no&subsetIndex=no&watchFile=no
"2344",Cirsium vulgare,Cirsium,vulgare,,,,exotic,unlisted,,48.904625000000003,-123.368006699999995,,NA,NA,"120891314",obs_exotic,file:///D:/Simon/Sync/Root/GIS/Biodiversity%20Data/obs_exotic.csv?type=csv&maxFields=10000&detectTypes=yes&xField=longitude&yField=latitude&crs=EPSG:4326&spatialIndex=no&subsetIndex=no&watchFile=no
"2345",Cirsium vulgare,Cirsium,vulgare,,,,exotic,unlisted,,48.916081869999999,-123.420242700000003,,NA,NA,"121638290",obs_exotic,file:///D:/Simon/Sync/Root/GIS/Biodiversity%20Data/obs_exotic.csv?type=csv&maxFields=10000&detectTypes=yes&xField=longitude&yField=latitude&crs=EPSG:4326&spatialIndex=no&subsetIndex=no&watchFile=no
"2346",Cirsium vulgare,Cirsium,vulgare,,,,exotic,unlisted,,49.011960000000002,-123.573644999999999,,NA,NA,"124067903",obs_exotic,file:///D:/Simon/Sync/Root/GIS/Biodiversity%20Data/obs_exotic.csv?type=csv&maxFields=10000&detectTypes=yes&xField=longitude&yField=latitude&crs=EPSG:4326&spatialIndex=no&subsetIndex=no&watchFile=no
"2347",Cirsium vulgare,Cirsium,vulgare,,,,exotic,unlisted,,48.879921670000002,-123.319946700000003,,NA,NA,"127183991",obs_exotic,file:///D:/Simon/Sync/Root/GIS/Biodiversity%20Data/obs_exotic.csv?type=csv&maxFields=10000&detectTypes=yes&xField=longitude&yField=latitude&crs=EPSG:4326&spatialIndex=no&subsetIndex=no&watchFile=no
"2348",Cirsium vulgare,Cirsium,vulgare,,,,exotic,unlisted,,48.878055000000003,-123.367958299999998,,NA,NA,"129712374",obs_exotic,file:///D:/Simon/Sync/Root/GIS/Biodiversity%20Data/obs_exotic.csv?type=csv&maxFields=10000&detectTypes=yes&xField=longitude&yField=latitude&crs=EPSG:4326&spatialIndex=no&subsetIndex=no&watchFile=no
"2349",Cirsium vulgare,Cirsium,vulgare,,,,exotic,unlisted,,48.878030000000003,-123.367030000000000,,NA,NA,"129778429",obs_exotic,file:///D:/Simon/Sync/Root/GIS/Biodiversity%20Data/obs_exotic.csv?type=csv&maxFields=10000&detectTypes=yes&xField=longitude&yField=latitude&crs=EPSG:4326&spatialIndex=no&subsetIndex=no&watchFile=no
"2563",Clematis vitalba,Clematis,vitalba,,,,exotic,unlisted,,48.928711669999998,-123.469025000000002,,NA,NA,"28650048",obs_exotic,file:///D:/Simon/Sync/Root/GIS/Biodiversity%20Data/obs_exotic.csv?type=csv&maxFields=10000&detectTypes=yes&xField=longitude&yField=latitude&crs=EPSG:4326&spatialIndex=no&subsetIndex=no&watchFile=no
"2564",Clematis vitalba,Clematis,vitalba,,,,exotic,unlisted,,48.999581669999998,-123.561128299999993,,NA,NA,"94679675",obs_exotic,file:///D:/Simon/Sync/Root/GIS/Biodiversity%20Data/obs_exotic.csv?type=csv&maxFields=10000&detectTypes=yes&xField=longitude&yField=latitude&crs=EPSG:4326&spatialIndex=no&subsetIndex=no&watchFile=no
"2565",Clematis vitalba,Clematis,vitalba,,,,exotic,unlisted,,48.908887510000000,-123.376176500000000,,NA,NA,"128735849",obs_exotic,file:///D:/Simon/Sync/Root/GIS/Biodiversity%20Data/obs_exotic.csv?type=csv&maxFields=10000&detectTypes=yes&xField=longitude&yField=latitude&crs=EPSG:4326&spatialIndex=no&subsetIndex=no&watchFile=no
"2826",Conium maculatum,Conium,maculatum,,,,exotic,unlisted,,48.887661110000003,-123.378249999999994,,NA,NA,"27254709",obs_exotic,file:///D:/Simon/Sync/Root/GIS/Biodiversity%20Data/obs_exotic.csv?type=csv&maxFields=10000&detectTypes=yes&xField=longitude&yField=latitude&crs=EPSG:4326&spatialIndex=no&subsetIndex=no&watchFile=no
"2827",Conium maculatum,Conium,maculatum,,,,exotic,unlisted,,48.865992040000002,-123.350395300000002,,NA,NA,"43531304",obs_exotic,file:///D:/Simon/Sync/Root/GIS/Biodiversity%20Data/obs_exotic.csv?type=csv&maxFields=10000&detectTypes=yes&xField=longitude&yField=latitude&crs=EPSG:4326&spatialIndex=no&subsetIndex=no&watchFile=no
"2828",Conium maculatum,Conium,maculatum,,,,exotic,unlisted,,48.865719509999998,-123.350019099999997,,NA,NA,"43531328",obs_exotic,file:///D:/Simon/Sync/Root/GIS/Biodiversity%20Data/obs_exotic.csv?type=csv&maxFields=10000&detectTypes=yes&xField=longitude&yField=latitude&crs=EPSG:4326&spatialIndex=no&subsetIndex=no&watchFile=no
"2829",Conium maculatum,Conium,maculatum,,,,exotic,unlisted,,48.866005559999998,-123.350447200000005,,NA,NA,"48408563",obs_exotic,file:///D:/Simon/Sync/Root/GIS/Biodiversity%20Data/obs_exotic.csv?type=csv&maxFields=10000&detectTypes=yes&xField=longitude&yField=latitude&crs=EPSG:4326&spatialIndex=no&subsetIndex=no&watchFile=no
"2830",Conium maculatum,Conium,maculatum,,,,exotic,unlisted,,48.865990940000003,-123.350510600000007,,NA,NA,"130272356",obs_exotic,file:///D:/Simon/Sync/Root/GIS/Biodiversity%20Data/obs_exotic.csv?type=csv&maxFields=10000&detectTypes=yes&xField=longitude&yField=latitude&crs=EPSG:4326&spatialIndex=no&subsetIndex=no&watchFile=no
"2831",Conium maculatum,Conium,maculatum,,,,exotic,unlisted,,48.866050000000001,-123.350516700000000,,NA,NA,"135586495",obs_exotic,file:///D:/Simon/Sync/Root/GIS/Biodiversity%20Data/obs_exotic.csv?type=csv&maxFields=10000&detectTypes=yes&xField=longitude&yField=latitude&crs=EPSG:4326&spatialIndex=no&subsetIndex=no&watchFile=no
"2832",Convolvulus arvensis,Convolvulus,arvensis,,,,exotic,unlisted,,48.871099999999998,-123.319436699999997,,NA,NA,"3816774",obs_exotic,file:///D:/Simon/Sync/Root/GIS/Biodiversity%20Data/obs_exotic.csv?type=csv&maxFields=10000&detectTypes=yes&xField=longitude&yField=latitude&crs=EPSG:4326&spatialIndex=no&subsetIndex=no&watchFile=no
"2833",Convolvulus arvensis,Convolvulus,arvensis,,,,exotic,unlisted,,48.871105000000000,-123.319313300000005,,NA,NA,"130442404",obs_exotic,file:///D:/Simon/Sync/Root/GIS/Biodiversity%20Data/obs_exotic.csv?type=csv&maxFields=10000&detectTypes=yes&xField=longitude&yField=latitude&crs=EPSG:4326&spatialIndex=no&subsetIndex=no&watchFile=no
"2834",Convolvulus arvensis,Convolvulus,arvensis,,,,exotic,unlisted,,48.871262000000002,-123.320077999999995,,NA,NA,"132188665",obs_exotic,file:///D:/Simon/Sync/Root/GIS/Biodiversity%20Data/obs_exotic.csv?type=csv&maxFields=10000&detectTypes=yes&xField=longitude&yField=latitude&crs=EPSG:4326&spatialIndex=no&subsetIndex=no&watchFile=no
"2851",Cotoneaster franchetii,Cotoneaster,franchetii,,,,exotic,unlisted,,48.910105000000001,-123.374358299999997,,NA,NA,"121538520",obs_exotic,file:///D:/Simon/Sync/Root/GIS/Biodiversity%20Data/obs_exotic.csv?type=csv&maxFields=10000&detectTypes=yes&xField=longitude&yField=latitude&crs=EPSG:4326&spatialIndex=no&subsetIndex=no&watchFile=no
"2852",Cotoneaster franchetii,Cotoneaster,franchetii,,,,exotic,unlisted,,48.909703329999999,-123.374875000000003,,NA,NA,"121538567",obs_exotic,file:///D:/Simon/Sync/Root/GIS/Biodiversity%20Data/obs_exotic.csv?type=csv&maxFields=10000&detectTypes=yes&xField=longitude&yField=latitude&crs=EPSG:4326&spatialIndex=no&subsetIndex=no&watchFile=no
"2853",Cotoneaster horizontalis,Cotoneaster,horizontalis,,,,exotic,unlisted,,48.901474999999998,-123.377611999999999,,NA,NA,"13130562",obs_exotic,file:///D:/Simon/Sync/Root/GIS/Biodiversity%20Data/obs_exotic.csv?type=csv&maxFields=10000&detectTypes=yes&xField=longitude&yField=latitude&crs=EPSG:4326&spatialIndex=no&subsetIndex=no&watchFile=no
"2854",Cotoneaster horizontalis,Cotoneaster,horizontalis,,,,exotic,unlisted,,48.899231370000003,-123.395400199999997,,NA,NA,"97390114",obs_exotic,file:///D:/Simon/Sync/Root/GIS/Biodiversity%20Data/obs_exotic.csv?type=csv&maxFields=10000&detectTypes=yes&xField=longitude&yField=latitude&crs=EPSG:4326&spatialIndex=no&subsetIndex=no&watchFile=no
"2855",Cotoneaster simonsii,Cotoneaster,simonsii,,,,exotic,unlisted,,48.909623330000002,-123.374920000000003,,NA,NA,"121538499",obs_exotic,file:///D:/Simon/Sync/Root/GIS/Biodiversity%20Data/obs_exotic.csv?type=csv&maxFields=10000&detectTypes=yes&xField=longitude&yField=latitude&crs=EPSG:4326&spatialIndex=no&subsetIndex=no&watchFile=no
"2867",Crepis capillaris,Crepis,capillaris,,,,exotic,unlisted,,48.930916000000003,-123.476307000000006,,NA,NA,"2561817",obs_exotic,file:///D:/Simon/Sync/Root/GIS/Biodiversity%20Data/obs_exotic.csv?type=csv&maxFields=10000&detectTypes=yes&xField=longitude&yField=latitude&crs=EPSG:4326&spatialIndex=no&subsetIndex=no&watchFile=no
"2868",Crepis capillaris,Crepis,capillaris,,,,exotic,unlisted,,48.931550000000001,-123.478003000000001,,NA,NA,"2564076",obs_exotic,file:///D:/Simon/Sync/Root/GIS/Biodiversity%20Data/obs_exotic.csv?type=csv&maxFields=10000&detectTypes=yes&xField=longitude&yField=latitude&crs=EPSG:4326&spatialIndex=no&subsetIndex=no&watchFile=no
"2869",Crepis capillaris,Crepis,capillaris,,,,exotic,unlisted,,48.928632000000000,-123.468925999999996,,NA,NA,"2564134",obs_exotic,file:///D:/Simon/Sync/Root/GIS/Biodiversity%20Data/obs_exotic.csv?type=csv&maxFields=10000&detectTypes=yes&xField=longitude&yField=latitude&crs=EPSG:4326&spatialIndex=no&subsetIndex=no&watchFile=no
"2870",Crepis capillaris,Crepis,capillaris,,,,exotic,unlisted,,48.879218999999999,-123.319612000000006,,NA,NA,"2610650",obs_exotic,file:///D:/Simon/Sync/Root/GIS/Biodiversity%20Data/obs_exotic.csv?type=csv&maxFields=10000&detectTypes=yes&xField=longitude&yField=latitude&crs=EPSG:4326&spatialIndex=no&subsetIndex=no&watchFile=no
"2871",Crepis capillaris,Crepis,capillaris,,,,exotic,unlisted,,48.946078999999997,-123.480749000000003,,NA,NA,"3404397",obs_exotic,file:///D:/Simon/Sync/Root/GIS/Biodiversity%20Data/obs_exotic.csv?type=csv&maxFields=10000&detectTypes=yes&xField=longitude&yField=latitude&crs=EPSG:4326&spatialIndex=no&subsetIndex=no&watchFile=no
"2872",Crepis capillaris,Crepis,capillaris,,,,exotic,unlisted,,48.886983330000000,-123.353613899999999,,NA,NA,"3889108",obs_exotic,file:///D:/Simon/Sync/Root/GIS/Biodiversity%20Data/obs_exotic.csv?type=csv&maxFields=10000&detectTypes=yes&xField=longitude&yField=latitude&crs=EPSG:4326&spatialIndex=no&subsetIndex=no&watchFile=no
"2873",Crepis capillaris,Crepis,capillaris,,,,exotic,unlisted,,48.942568999999999,-123.498975000000002,,NA,NA,"3903116",obs_exotic,file:///D:/Simon/Sync/Root/GIS/Biodiversity%20Data/obs_exotic.csv?type=csv&maxFields=10000&detectTypes=yes&xField=longitude&yField=latitude&crs=EPSG:4326&spatialIndex=no&subsetIndex=no&watchFile=no
"2874",Crepis capillaris,Crepis,capillaris,,,,exotic,unlisted,,48.996027910000002,-123.566837300000003,,NA,NA,"3948561",obs_exotic,file:///D:/Simon/Sync/Root/GIS/Biodiversity%20Data/obs_exotic.csv?type=csv&maxFields=10000&detectTypes=yes&xField=longitude&yField=latitude&crs=EPSG:4326&spatialIndex=no&subsetIndex=no&watchFile=no
"2875",Crepis capillaris,Crepis,capillaris,,,,exotic,unlisted,,48.992375310000000,-123.575098499999996,,NA,NA,"4005343",obs_exotic,file:///D:/Simon/Sync/Root/GIS/Biodiversity%20Data/obs_exotic.csv?type=csv&maxFields=10000&detectTypes=yes&xField=longitude&yField=latitude&crs=EPSG:4326&spatialIndex=no&subsetIndex=no&watchFile=no
"2876",Crepis capillaris,Crepis,capillaris,,,,exotic,unlisted,,48.897868000000003,-123.356810999999993,,NA,NA,"13130712",obs_exotic,file:///D:/Simon/Sync/Root/GIS/Biodiversity%20Data/obs_exotic.csv?type=csv&maxFields=10000&detectTypes=yes&xField=longitude&yField=latitude&crs=EPSG:4326&spatialIndex=no&subsetIndex=no&watchFile=no
"2877",Crepis capillaris,Crepis,capillaris,,,,exotic,unlisted,,48.890549000000000,-123.375608999999997,,NA,NA,"13133433",obs_exotic,file:///D:/Simon/Sync/Root/GIS/Biodiversity%20Data/obs_exotic.csv?type=csv&maxFields=10000&detectTypes=yes&xField=longitude&yField=latitude&crs=EPSG:4326&spatialIndex=no&subsetIndex=no&watchFile=no
"2878",Crepis capillaris,Crepis,capillaris,,,,exotic,unlisted,,48.957859530000000,-123.531814600000004,,NA,NA,"14222186",obs_exotic,file:///D:/Simon/Sync/Root/GIS/Biodiversity%20Data/obs_exotic.csv?type=csv&maxFields=10000&detectTypes=yes&xField=longitude&yField=latitude&crs=EPSG:4326&spatialIndex=no&subsetIndex=no&watchFile=no
"2879",Crepis capillaris,Crepis,capillaris,,,,exotic,unlisted,,48.983658740000003,-123.568015299999999,,NA,NA,"14503129",obs_exotic,file:///D:/Simon/Sync/Root/GIS/Biodiversity%20Data/obs_exotic.csv?type=csv&maxFields=10000&detectTypes=yes&xField=longitude&yField=latitude&crs=EPSG:4326&spatialIndex=no&subsetIndex=no&watchFile=no
"2880",Crepis capillaris,Crepis,capillaris,,,,exotic,unlisted,,48.868857679999998,-123.348590500000000,,NA,NA,"35113785",obs_exotic,file:///D:/Simon/Sync/Root/GIS/Biodiversity%20Data/obs_exotic.csv?type=csv&maxFields=10000&detectTypes=yes&xField=longitude&yField=latitude&crs=EPSG:4326&spatialIndex=no&subsetIndex=no&watchFile=no
"2881",Crepis capillaris,Crepis,capillaris,,,,exotic,unlisted,,48.884099089999999,-123.370022000000006,,NA,NA,"53020587",obs_exotic,file:///D:/Simon/Sync/Root/GIS/Biodiversity%20Data/obs_exotic.csv?type=csv&maxFields=10000&detectTypes=yes&xField=longitude&yField=latitude&crs=EPSG:4326&spatialIndex=no&subsetIndex=no&watchFile=no
"2882",Crepis capillaris,Crepis,capillaris,,,,exotic,unlisted,,48.928556059999998,-123.468995500000005,,NA,NA,"54675099",obs_exotic,file:///D:/Simon/Sync/Root/GIS/Biodiversity%20Data/obs_exotic.csv?type=csv&maxFields=10000&detectTypes=yes&xField=longitude&yField=latitude&crs=EPSG:4326&spatialIndex=no&subsetIndex=no&watchFile=no
"2883",Crepis capillaris,Crepis,capillaris,,,,exotic,unlisted,,48.892933329999998,-123.355346699999998,,NA,NA,"84307581",obs_exotic,file:///D:/Simon/Sync/Root/GIS/Biodiversity%20Data/obs_exotic.csv?type=csv&maxFields=10000&detectTypes=yes&xField=longitude&yField=latitude&crs=EPSG:4326&spatialIndex=no&subsetIndex=no&watchFile=no
"2884",Crepis capillaris,Crepis,capillaris,,,,exotic,unlisted,,48.928248230000001,-123.467907999999994,,NA,NA,"84310726",obs_exotic,file:///D:/Simon/Sync/Root/GIS/Biodiversity%20Data/obs_exotic.csv?type=csv&maxFields=10000&detectTypes=yes&xField=longitude&yField=latitude&crs=EPSG:4326&spatialIndex=no&subsetIndex=no&watchFile=no
"2885",Crepis capillaris,Crepis,capillaris,,,,exotic,unlisted,,48.927641670000000,-123.469513300000003,,NA,NA,"84635393",obs_exotic,file:///D:/Simon/Sync/Root/GIS/Biodiversity%20Data/obs_exotic.csv?type=csv&maxFields=10000&detectTypes=yes&xField=longitude&yField=latitude&crs=EPSG:4326&spatialIndex=no&subsetIndex=no&watchFile=no
"2886",Crepis capillaris,Crepis,capillaris,,,,exotic,unlisted,,48.900166669999997,-123.444808300000005,,NA,NA,"122122104",obs_exotic,file:///D:/Simon/Sync/Root/GIS/Biodiversity%20Data/obs_exotic.csv?type=csv&maxFields=10000&detectTypes=yes&xField=longitude&yField=latitude&crs=EPSG:4326&spatialIndex=no&subsetIndex=no&watchFile=no
"2898",Crocus vernus,Crocus,vernus,,,,exotic,unlisted,,48.996988330000001,-123.567588299999997,,NA,NA,"21351316",obs_exotic,file:///D:/Simon/Sync/Root/GIS/Biodiversity%20Data/obs_exotic.csv?type=csv&maxFields=10000&detectTypes=yes&xField=longitude&yField=latitude&crs=EPSG:4326&spatialIndex=no&subsetIndex=no&watchFile=no
"2899",Cymbalaria muralis,Cymbalaria,muralis,,,,exotic,unlisted,,48.974441089999999,-123.562593800000002,,NA,NA,"22631582",obs_exotic,file:///D:/Simon/Sync/Root/GIS/Biodiversity%20Data/obs_exotic.csv?type=csv&maxFields=10000&detectTypes=yes&xField=longitude&yField=latitude&crs=EPSG:4326&spatialIndex=no&subsetIndex=no&watchFile=no
"2900",Cymbalaria muralis,Cymbalaria,muralis,,,,exotic,unlisted,,48.885138329999997,-123.331641700000006,,NA,NA,"76003981",obs_exotic,file:///D:/Simon/Sync/Root/GIS/Biodiversity%20Data/obs_exotic.csv?type=csv&maxFields=10000&detectTypes=yes&xField=longitude&yField=latitude&crs=EPSG:4326&spatialIndex=no&subsetIndex=no&watchFile=no
"2901",Cymbalaria muralis,Cymbalaria,muralis,,,,exotic,unlisted,,48.987503330000003,-123.575883300000001,,NA,NA,"83903155",obs_exotic,file:///D:/Simon/Sync/Root/GIS/Biodiversity%20Data/obs_exotic.csv?type=csv&maxFields=10000&detectTypes=yes&xField=longitude&yField=latitude&crs=EPSG:4326&spatialIndex=no&subsetIndex=no&watchFile=no
"2902",Cynosurus cristatus,Cynosurus,cristatus,,,,exotic,unlisted,,48.878087999999998,-123.350362000000004,,NA,NA,"6531949",obs_exotic,file:///D:/Simon/Sync/Root/GIS/Biodiversity%20Data/obs_exotic.csv?type=csv&maxFields=10000&detectTypes=yes&xField=longitude&yField=latitude&crs=EPSG:4326&spatialIndex=no&subsetIndex=no&watchFile=no
"2903",Cynosurus cristatus,Cynosurus,cristatus,,,,exotic,unlisted,,48.927196950000003,-123.468558900000005,,NA,NA,"53336913",obs_exotic,file:///D:/Simon/Sync/Root/GIS/Biodiversity%20Data/obs_exotic.csv?type=csv&maxFields=10000&detectTypes=yes&xField=longitude&yField=latitude&crs=EPSG:4326&spatialIndex=no&subsetIndex=no&watchFile=no
"2904",Cynosurus cristatus,Cynosurus,cristatus,,,,exotic,unlisted,,48.870996669999997,-123.321196700000002,,NA,NA,"121538459",obs_exotic,file:///D:/Simon/Sync/Root/GIS/Biodiversity%20Data/obs_exotic.csv?type=csv&maxFields=10000&detectTypes=yes&xField=longitude&yField=latitude&crs=EPSG:4326&spatialIndex=no&subsetIndex=no&watchFile=no
"2905",Cynosurus cristatus,Cynosurus,cristatus,,,,exotic,unlisted,,49.011238329999998,-123.573729999999998,,NA,NA,"124067888",obs_exotic,file:///D:/Simon/Sync/Root/GIS/Biodiversity%20Data/obs_exotic.csv?type=csv&maxFields=10000&detectTypes=yes&xField=longitude&yField=latitude&crs=EPSG:4326&spatialIndex=no&subsetIndex=no&watchFile=no
"2906",Cynosurus cristatus,Cynosurus,cristatus,,,,exotic,unlisted,,48.909725000000002,-123.416327800000005,,NA,NA,"125189730",obs_exotic,file:///D:/Simon/Sync/Root/GIS/Biodiversity%20Data/obs_exotic.csv?type=csv&maxFields=10000&detectTypes=yes&xField=longitude&yField=latitude&crs=EPSG:4326&spatialIndex=no&subsetIndex=no&watchFile=no
"2907",Cynosurus echinatus,Cynosurus,echinatus,,,,exotic,unlisted,,48.868808000000001,-123.347025000000002,,NA,NA,"2561516",obs_exotic,file:///D:/Simon/Sync/Root/GIS/Biodiversity%20Data/obs_exotic.csv?type=csv&maxFields=10000&detectTypes=yes&xField=longitude&yField=latitude&crs=EPSG:4326&spatialIndex=no&subsetIndex=no&watchFile=no
"2908",Cynosurus echinatus,Cynosurus,echinatus,,,,exotic,unlisted,,49.000166000000000,-123.589100000000002,,NA,NA,"2588511",obs_exotic,file:///D:/Simon/Sync/Root/GIS/Biodiversity%20Data/obs_exotic.csv?type=csv&maxFields=10000&detectTypes=yes&xField=longitude&yField=latitude&crs=EPSG:4326&spatialIndex=no&subsetIndex=no&watchFile=no
"2909",Cynosurus echinatus,Cynosurus,echinatus,,,,exotic,unlisted,,48.930368000000001,-123.476265999999995,,NA,NA,"2617629",obs_exotic,file:///D:/Simon/Sync/Root/GIS/Biodiversity%20Data/obs_exotic.csv?type=csv&maxFields=10000&detectTypes=yes&xField=longitude&yField=latitude&crs=EPSG:4326&spatialIndex=no&subsetIndex=no&watchFile=no
"2910",Cynosurus echinatus,Cynosurus,echinatus,,,,exotic,unlisted,,48.926842000000001,-123.469504999999998,,NA,NA,"2621468",obs_exotic,file:///D:/Simon/Sync/Root/GIS/Biodiversity%20Data/obs_exotic.csv?type=csv&maxFields=10000&detectTypes=yes&xField=longitude&yField=latitude&crs=EPSG:4326&spatialIndex=no&subsetIndex=no&watchFile=no
"2911",Cynosurus echinatus,Cynosurus,echinatus,,,,exotic,unlisted,,48.952294999999999,-123.532870000000003,,NA,NA,"3340996",obs_exotic,file:///D:/Simon/Sync/Root/GIS/Biodiversity%20Data/obs_exotic.csv?type=csv&maxFields=10000&detectTypes=yes&xField=longitude&yField=latitude&crs=EPSG:4326&spatialIndex=no&subsetIndex=no&watchFile=no
"2912",Cynosurus echinatus,Cynosurus,echinatus,,,,exotic,unlisted,,48.952294999999999,-123.532870000000003,,NA,NA,"3341000",obs_exotic,file:///D:/Simon/Sync/Root/GIS/Biodiversity%20Data/obs_exotic.csv?type=csv&maxFields=10000&detectTypes=yes&xField=longitude&yField=latitude&crs=EPSG:4326&spatialIndex=no&subsetIndex=no&watchFile=no
"2913",Cynosurus echinatus,Cynosurus,echinatus,,,,exotic,unlisted,,48.939049429999997,-123.500519699999998,,NA,NA,"6571116",obs_exotic,file:///D:/Simon/Sync/Root/GIS/Biodiversity%20Data/obs_exotic.csv?type=csv&maxFields=10000&detectTypes=yes&xField=longitude&yField=latitude&crs=EPSG:4326&spatialIndex=no&subsetIndex=no&watchFile=no
"2914",Cynosurus echinatus,Cynosurus,echinatus,,,,exotic,unlisted,,48.867424999999997,-123.376335999999995,,NA,NA,"6665062",obs_exotic,file:///D:/Simon/Sync/Root/GIS/Biodiversity%20Data/obs_exotic.csv?type=csv&maxFields=10000&detectTypes=yes&xField=longitude&yField=latitude&crs=EPSG:4326&spatialIndex=no&subsetIndex=no&watchFile=no
"2915",Cynosurus echinatus,Cynosurus,echinatus,,,,exotic,unlisted,,48.875250999999999,-123.385756000000001,,NA,NA,"6818022",obs_exotic,file:///D:/Simon/Sync/Root/GIS/Biodiversity%20Data/obs_exotic.csv?type=csv&maxFields=10000&detectTypes=yes&xField=longitude&yField=latitude&crs=EPSG:4326&spatialIndex=no&subsetIndex=no&watchFile=no
"2916",Cynosurus echinatus,Cynosurus,echinatus,,,,exotic,unlisted,,48.867976259999999,-123.387284899999997,,NA,NA,"9044047",obs_exotic,file:///D:/Simon/Sync/Root/GIS/Biodiversity%20Data/obs_exotic.csv?type=csv&maxFields=10000&detectTypes=yes&xField=longitude&yField=latitude&crs=EPSG:4326&spatialIndex=no&subsetIndex=no&watchFile=no
"2917",Cynosurus echinatus,Cynosurus,echinatus,,,,exotic,unlisted,,48.866925999999999,-123.341881000000001,,NA,NA,"12635149",obs_exotic,file:///D:/Simon/Sync/Root/GIS/Biodiversity%20Data/obs_exotic.csv?type=csv&maxFields=10000&detectTypes=yes&xField=longitude&yField=latitude&crs=EPSG:4326&spatialIndex=no&subsetIndex=no&watchFile=no
"2918",Cynosurus echinatus,Cynosurus,echinatus,,,,exotic,unlisted,,48.963624000000003,-123.549929000000006,,NA,NA,"12840439",obs_exotic,file:///D:/Simon/Sync/Root/GIS/Biodiversity%20Data/obs_exotic.csv?type=csv&maxFields=10000&detectTypes=yes&xField=longitude&yField=latitude&crs=EPSG:4326&spatialIndex=no&subsetIndex=no&watchFile=no
"2919",Cynosurus echinatus,Cynosurus,echinatus,,,,exotic,unlisted,,48.871569440000002,-123.310416700000005,,NA,NA,"24697682",obs_exotic,file:///D:/Simon/Sync/Root/GIS/Biodiversity%20Data/obs_exotic.csv?type=csv&maxFields=10000&detectTypes=yes&xField=longitude&yField=latitude&crs=EPSG:4326&spatialIndex=no&subsetIndex=no&watchFile=no
"2920",Cynosurus echinatus,Cynosurus,echinatus,,,,exotic,unlisted,,48.893684999999998,-123.403988299999995,,NA,NA,"24873176",obs_exotic,file:///D:/Simon/Sync/Root/GIS/Biodiversity%20Data/obs_exotic.csv?type=csv&maxFields=10000&detectTypes=yes&xField=longitude&yField=latitude&crs=EPSG:4326&spatialIndex=no&subsetIndex=no&watchFile=no
"2921",Cynosurus echinatus,Cynosurus,echinatus,,,,exotic,unlisted,,48.893723330000000,-123.404251700000003,,NA,NA,"24873200",obs_exotic,file:///D:/Simon/Sync/Root/GIS/Biodiversity%20Data/obs_exotic.csv?type=csv&maxFields=10000&detectTypes=yes&xField=longitude&yField=latitude&crs=EPSG:4326&spatialIndex=no&subsetIndex=no&watchFile=no
"2922",Cynosurus echinatus,Cynosurus,echinatus,,,,exotic,unlisted,,48.872682009999998,-123.312088500000002,,NA,NA,"25148339",obs_exotic,file:///D:/Simon/Sync/Root/GIS/Biodiversity%20Data/obs_exotic.csv?type=csv&maxFields=10000&detectTypes=yes&xField=longitude&yField=latitude&crs=EPSG:4326&spatialIndex=no&subsetIndex=no&watchFile=no
"2923",Cynosurus echinatus,Cynosurus,echinatus,,,,exotic,unlisted,,48.938283329999997,-123.499733300000003,,NA,NA,"49134109",obs_exotic,file:///D:/Simon/Sync/Root/GIS/Biodiversity%20Data/obs_exotic.csv?type=csv&maxFields=10000&detectTypes=yes&xField=longitude&yField=latitude&crs=EPSG:4326&spatialIndex=no&subsetIndex=no&watchFile=no
"2924",Cynosurus echinatus,Cynosurus,echinatus,,,,exotic,unlisted,,48.897530580000002,-123.403318700000000,,NA,NA,"49173330",obs_exotic,file:///D:/Simon/Sync/Root/GIS/Biodiversity%20Data/obs_exotic.csv?type=csv&maxFields=10000&detectTypes=yes&xField=longitude&yField=latitude&crs=EPSG:4326&spatialIndex=no&subsetIndex=no&watchFile=no
"2925",Cynosurus echinatus,Cynosurus,echinatus,,,,exotic,unlisted,,48.866984879999997,-123.337144800000004,,NA,NA,"51953912",obs_exotic,file:///D:/Simon/Sync/Root/GIS/Biodiversity%20Data/obs_exotic.csv?type=csv&maxFields=10000&detectTypes=yes&xField=longitude&yField=latitude&crs=EPSG:4326&spatialIndex=no&subsetIndex=no&watchFile=no
"2926",Cynosurus echinatus,Cynosurus,echinatus,,,,exotic,unlisted,,48.932327620000002,-123.479349799999994,,NA,NA,"53391174",obs_exotic,file:///D:/Simon/Sync/Root/GIS/Biodiversity%20Data/obs_exotic.csv?type=csv&maxFields=10000&detectTypes=yes&xField=longitude&yField=latitude&crs=EPSG:4326&spatialIndex=no&subsetIndex=no&watchFile=no
"2927",Cynosurus echinatus,Cynosurus,echinatus,,,,exotic,unlisted,,49.013383330000003,-123.573626700000005,,NA,NA,"57127972",obs_exotic,file:///D:/Simon/Sync/Root/GIS/Biodiversity%20Data/obs_exotic.csv?type=csv&maxFields=10000&detectTypes=yes&xField=longitude&yField=latitude&crs=EPSG:4326&spatialIndex=no&subsetIndex=no&watchFile=no
"2928",Cynosurus echinatus,Cynosurus,echinatus,,,,exotic,unlisted,,48.875693329999997,-123.384408300000004,,NA,NA,"83738321",obs_exotic,file:///D:/Simon/Sync/Root/GIS/Biodiversity%20Data/obs_exotic.csv?type=csv&maxFields=10000&detectTypes=yes&xField=longitude&yField=latitude&crs=EPSG:4326&spatialIndex=no&subsetIndex=no&watchFile=no
"2929",Cynosurus echinatus,Cynosurus,echinatus,,,,exotic,unlisted,,48.927548440000002,-123.468256600000004,,NA,NA,"84494633",obs_exotic,file:///D:/Simon/Sync/Root/GIS/Biodiversity%20Data/obs_exotic.csv?type=csv&maxFields=10000&detectTypes=yes&xField=longitude&yField=latitude&crs=EPSG:4326&spatialIndex=no&subsetIndex=no&watchFile=no
"2930",Cynosurus echinatus,Cynosurus,echinatus,,,,exotic,unlisted,,48.957071669999998,-123.529646700000001,,NA,NA,"99435842",obs_exotic,file:///D:/Simon/Sync/Root/GIS/Biodiversity%20Data/obs_exotic.csv?type=csv&maxFields=10000&detectTypes=yes&xField=longitude&yField=latitude&crs=EPSG:4326&spatialIndex=no&subsetIndex=no&watchFile=no
"2931",Cynosurus echinatus,Cynosurus,echinatus,,,,exotic,unlisted,,48.863655500000000,-123.362481200000005,,NA,NA,"100647353",obs_exotic,file:///D:/Simon/Sync/Root/GIS/Biodiversity%20Data/obs_exotic.csv?type=csv&maxFields=10000&detectTypes=yes&xField=longitude&yField=latitude&crs=EPSG:4326&spatialIndex=no&subsetIndex=no&watchFile=no
"2932",Cynosurus echinatus,Cynosurus,echinatus,,,,exotic,unlisted,,48.927468099999999,-123.437060799999998,,NA,NA,"102153052",obs_exotic,file:///D:/Simon/Sync/Root/GIS/Biodiversity%20Data/obs_exotic.csv?type=csv&maxFields=10000&detectTypes=yes&xField=longitude&yField=latitude&crs=EPSG:4326&spatialIndex=no&subsetIndex=no&watchFile=no
"2933",Cynosurus echinatus,Cynosurus,echinatus,,,,exotic,unlisted,,49.013911110000002,-123.573533299999994,,NA,NA,"119972216",obs_exotic,file:///D:/Simon/Sync/Root/GIS/Biodiversity%20Data/obs_exotic.csv?type=csv&maxFields=10000&detectTypes=yes&xField=longitude&yField=latitude&crs=EPSG:4326&spatialIndex=no&subsetIndex=no&watchFile=no
"2934",Cynosurus echinatus,Cynosurus,echinatus,,,,exotic,unlisted,,48.869999929999999,-123.379999999999995,,NA,NA,"121000694",obs_exotic,file:///D:/Simon/Sync/Root/GIS/Biodiversity%20Data/obs_exotic.csv?type=csv&maxFields=10000&detectTypes=yes&xField=longitude&yField=latitude&crs=EPSG:4326&spatialIndex=no&subsetIndex=no&watchFile=no
"2935",Cynosurus echinatus,Cynosurus,echinatus,,,,exotic,unlisted,,48.869999929999999,-123.379999999999995,,NA,NA,"121011615",obs_exotic,file:///D:/Simon/Sync/Root/GIS/Biodiversity%20Data/obs_exotic.csv?type=csv&maxFields=10000&detectTypes=yes&xField=longitude&yField=latitude&crs=EPSG:4326&spatialIndex=no&subsetIndex=no&watchFile=no
"2936",Cynosurus echinatus,Cynosurus,echinatus,,,,exotic,unlisted,,48.867170000000002,-123.319016700000006,,NA,NA,"122258290",obs_exotic,file:///D:/Simon/Sync/Root/GIS/Biodiversity%20Data/obs_exotic.csv?type=csv&maxFields=10000&detectTypes=yes&xField=longitude&yField=latitude&crs=EPSG:4326&spatialIndex=no&subsetIndex=no&watchFile=no
"2937",Cynosurus echinatus,Cynosurus,echinatus,,,,exotic,unlisted,,49.012369440000001,-123.573908299999999,,NA,NA,"123934555",obs_exotic,file:///D:/Simon/Sync/Root/GIS/Biodiversity%20Data/obs_exotic.csv?type=csv&maxFields=10000&detectTypes=yes&xField=longitude&yField=latitude&crs=EPSG:4326&spatialIndex=no&subsetIndex=no&watchFile=no
"2938",Cynosurus echinatus,Cynosurus,echinatus,,,,exotic,unlisted,,48.867058329999999,-123.336258299999997,,NA,NA,"126387957",obs_exotic,file:///D:/Simon/Sync/Root/GIS/Biodiversity%20Data/obs_exotic.csv?type=csv&maxFields=10000&detectTypes=yes&xField=longitude&yField=latitude&crs=EPSG:4326&spatialIndex=no&subsetIndex=no&watchFile=no
"2939",Cynosurus echinatus,Cynosurus,echinatus,,,,exotic,unlisted,,48.897743230000003,-123.401855499999996,,NA,NA,"127779689",obs_exotic,file:///D:/Simon/Sync/Root/GIS/Biodiversity%20Data/obs_exotic.csv?type=csv&maxFields=10000&detectTypes=yes&xField=longitude&yField=latitude&crs=EPSG:4326&spatialIndex=no&subsetIndex=no&watchFile=no
"2940",Cynosurus echinatus,Cynosurus,echinatus,,,,exotic,unlisted,,48.869546669999998,-123.341438299999993,,NA,NA,"131900641",obs_exotic,file:///D:/Simon/Sync/Root/GIS/Biodiversity%20Data/obs_exotic.csv?type=csv&maxFields=10000&detectTypes=yes&xField=longitude&yField=latitude&crs=EPSG:4326&spatialIndex=no&subsetIndex=no&watchFile=no
"2941",Cynosurus echinatus,Cynosurus,echinatus,,,,exotic,unlisted,,49.011741669999999,-123.573538299999996,,NA,NA,"137666274",obs_exotic,file:///D:/Simon/Sync/Root/GIS/Biodiversity%20Data/obs_exotic.csv?type=csv&maxFields=10000&detectTypes=yes&xField=longitude&yField=latitude&crs=EPSG:4326&spatialIndex=no&subsetIndex=no&watchFile=no
"2946",Cytisus scoparius,Cytisus,scoparius,,,,exotic,unlisted,,48.927919000000003,-123.471179000000006,,NA,NA,"2565281",obs_exotic,file:///D:/Simon/Sync/Root/GIS/Biodiversity%20Data/obs_exotic.csv?type=csv&maxFields=10000&detectTypes=yes&xField=longitude&yField=latitude&crs=EPSG:4326&spatialIndex=no&subsetIndex=no&watchFile=no
"2947",Cytisus scoparius,Cytisus,scoparius,,,,exotic,unlisted,,48.929887000000001,-123.475684999999999,,NA,NA,"2566225",obs_exotic,file:///D:/Simon/Sync/Root/GIS/Biodiversity%20Data/obs_exotic.csv?type=csv&maxFields=10000&detectTypes=yes&xField=longitude&yField=latitude&crs=EPSG:4326&spatialIndex=no&subsetIndex=no&watchFile=no
"2948",Cytisus scoparius,Cytisus,scoparius,,,,exotic,unlisted,,48.927041000000003,-123.466395000000006,,NA,NA,"2617758",obs_exotic,file:///D:/Simon/Sync/Root/GIS/Biodiversity%20Data/obs_exotic.csv?type=csv&maxFields=10000&detectTypes=yes&xField=longitude&yField=latitude&crs=EPSG:4326&spatialIndex=no&subsetIndex=no&watchFile=no
"2949",Cytisus scoparius,Cytisus,scoparius,,,,exotic,unlisted,,48.868653330000001,-123.385536700000003,,NA,NA,"2672641",obs_exotic,file:///D:/Simon/Sync/Root/GIS/Biodiversity%20Data/obs_exotic.csv?type=csv&maxFields=10000&detectTypes=yes&xField=longitude&yField=latitude&crs=EPSG:4326&spatialIndex=no&subsetIndex=no&watchFile=no
"2950",Cytisus scoparius,Cytisus,scoparius,,,,exotic,unlisted,,48.871907999999998,-123.310772000000000,,NA,NA,"2677432",obs_exotic,file:///D:/Simon/Sync/Root/GIS/Biodiversity%20Data/obs_exotic.csv?type=csv&maxFields=10000&detectTypes=yes&xField=longitude&yField=latitude&crs=EPSG:4326&spatialIndex=no&subsetIndex=no&watchFile=no
"2951",Cytisus scoparius,Cytisus,scoparius,,,,exotic,unlisted,,48.914850999999999,-123.396034000000000,,NA,NA,"2732378",obs_exotic,file:///D:/Simon/Sync/Root/GIS/Biodiversity%20Data/obs_exotic.csv?type=csv&maxFields=10000&detectTypes=yes&xField=longitude&yField=latitude&crs=EPSG:4326&spatialIndex=no&subsetIndex=no&watchFile=no
"2952",Cytisus scoparius,Cytisus,scoparius,,,,exotic,unlisted,,48.866764000000003,-123.336060000000003,,NA,NA,"3027559",obs_exotic,file:///D:/Simon/Sync/Root/GIS/Biodiversity%20Data/obs_exotic.csv?type=csv&maxFields=10000&detectTypes=yes&xField=longitude&yField=latitude&crs=EPSG:4326&spatialIndex=no&subsetIndex=no&watchFile=no
"2953",Cytisus scoparius,Cytisus,scoparius,,,,exotic,unlisted,,48.915906000000000,-123.422921000000002,,NA,NA,"3123056",obs_exotic,file:///D:/Simon/Sync/Root/GIS/Biodiversity%20Data/obs_exotic.csv?type=csv&maxFields=10000&detectTypes=yes&xField=longitude&yField=latitude&crs=EPSG:4326&spatialIndex=no&subsetIndex=no&watchFile=no
"2954",Cytisus scoparius,Cytisus,scoparius,,,,exotic,unlisted,,48.915973999999999,-123.424808999999996,,NA,NA,"3296786",obs_exotic,file:///D:/Simon/Sync/Root/GIS/Biodiversity%20Data/obs_exotic.csv?type=csv&maxFields=10000&detectTypes=yes&xField=longitude&yField=latitude&crs=EPSG:4326&spatialIndex=no&subsetIndex=no&watchFile=no
"2955",Cytisus scoparius,Cytisus,scoparius,,,,exotic,unlisted,,48.915652000000001,-123.426826000000005,,NA,NA,"3335336",obs_exotic,file:///D:/Simon/Sync/Root/GIS/Biodiversity%20Data/obs_exotic.csv?type=csv&maxFields=10000&detectTypes=yes&xField=longitude&yField=latitude&crs=EPSG:4326&spatialIndex=no&subsetIndex=no&watchFile=no
"2956",Cytisus scoparius,Cytisus,scoparius,,,,exotic,unlisted,,48.970653650000003,-123.559531000000007,,NA,NA,"5237372",obs_exotic,file:///D:/Simon/Sync/Root/GIS/Biodiversity%20Data/obs_exotic.csv?type=csv&maxFields=10000&detectTypes=yes&xField=longitude&yField=latitude&crs=EPSG:4326&spatialIndex=no&subsetIndex=no&watchFile=no
"2957",Cytisus scoparius,Cytisus,scoparius,,,,exotic,unlisted,,48.906141290000001,-123.359899499999997,,NA,NA,"5646943",obs_exotic,file:///D:/Simon/Sync/Root/GIS/Biodiversity%20Data/obs_exotic.csv?type=csv&maxFields=10000&detectTypes=yes&xField=longitude&yField=latitude&crs=EPSG:4326&spatialIndex=no&subsetIndex=no&watchFile=no
"2958",Cytisus scoparius,Cytisus,scoparius,,,,exotic,unlisted,,48.906225919999997,-123.360671999999994,,NA,NA,"5885592",obs_exotic,file:///D:/Simon/Sync/Root/GIS/Biodiversity%20Data/obs_exotic.csv?type=csv&maxFields=10000&detectTypes=yes&xField=longitude&yField=latitude&crs=EPSG:4326&spatialIndex=no&subsetIndex=no&watchFile=no
"2959",Cytisus scoparius,Cytisus,scoparius,,,,exotic,unlisted,,48.906042560000003,-123.358268699999996,,NA,NA,"5886282",obs_exotic,file:///D:/Simon/Sync/Root/GIS/Biodiversity%20Data/obs_exotic.csv?type=csv&maxFields=10000&detectTypes=yes&xField=longitude&yField=latitude&crs=EPSG:4326&spatialIndex=no&subsetIndex=no&watchFile=no
"2960",Cytisus scoparius,Cytisus,scoparius,,,,exotic,unlisted,,48.900723999999997,-123.362584999999996,,NA,NA,"5935175",obs_exotic,file:///D:/Simon/Sync/Root/GIS/Biodiversity%20Data/obs_exotic.csv?type=csv&maxFields=10000&detectTypes=yes&xField=longitude&yField=latitude&crs=EPSG:4326&spatialIndex=no&subsetIndex=no&watchFile=no
"2961",Cytisus scoparius,Cytisus,scoparius,,,,exotic,unlisted,,48.898665610000002,-123.363965699999994,,NA,NA,"5993168",obs_exotic,file:///D:/Simon/Sync/Root/GIS/Biodiversity%20Data/obs_exotic.csv?type=csv&maxFields=10000&detectTypes=yes&xField=longitude&yField=latitude&crs=EPSG:4326&spatialIndex=no&subsetIndex=no&watchFile=no
"2962",Cytisus scoparius,Cytisus,scoparius,,,,exotic,unlisted,,48.898679710000003,-123.362978699999999,,NA,NA,"5993173",obs_exotic,file:///D:/Simon/Sync/Root/GIS/Biodiversity%20Data/obs_exotic.csv?type=csv&maxFields=10000&detectTypes=yes&xField=longitude&yField=latitude&crs=EPSG:4326&spatialIndex=no&subsetIndex=no&watchFile=no
"2963",Cytisus scoparius,Cytisus,scoparius,,,,exotic,unlisted,,48.896253399999999,-123.359395300000003,,NA,NA,"5993210",obs_exotic,file:///D:/Simon/Sync/Root/GIS/Biodiversity%20Data/obs_exotic.csv?type=csv&maxFields=10000&detectTypes=yes&xField=longitude&yField=latitude&crs=EPSG:4326&spatialIndex=no&subsetIndex=no&watchFile=no
"2964",Cytisus scoparius,Cytisus,scoparius,,,,exotic,unlisted,,48.896253399999999,-123.359395300000003,,NA,NA,"5993212",obs_exotic,file:///D:/Simon/Sync/Root/GIS/Biodiversity%20Data/obs_exotic.csv?type=csv&maxFields=10000&detectTypes=yes&xField=longitude&yField=latitude&crs=EPSG:4326&spatialIndex=no&subsetIndex=no&watchFile=no
"2965",Cytisus scoparius,Cytisus,scoparius,,,,exotic,unlisted,,48.904561620000003,-123.413457899999997,,NA,NA,"6047535",obs_exotic,file:///D:/Simon/Sync/Root/GIS/Biodiversity%20Data/obs_exotic.csv?type=csv&maxFields=10000&detectTypes=yes&xField=longitude&yField=latitude&crs=EPSG:4326&spatialIndex=no&subsetIndex=no&watchFile=no
"2966",Cytisus scoparius,Cytisus,scoparius,,,,exotic,unlisted,,48.927067260000001,-123.466544200000001,,NA,NA,"6217231",obs_exotic,file:///D:/Simon/Sync/Root/GIS/Biodiversity%20Data/obs_exotic.csv?type=csv&maxFields=10000&detectTypes=yes&xField=longitude&yField=latitude&crs=EPSG:4326&spatialIndex=no&subsetIndex=no&watchFile=no
"2967",Cytisus scoparius,Cytisus,scoparius,,,,exotic,unlisted,,48.905923000000001,-123.416912999999994,,NA,NA,"6297993",obs_exotic,file:///D:/Simon/Sync/Root/GIS/Biodiversity%20Data/obs_exotic.csv?type=csv&maxFields=10000&detectTypes=yes&xField=longitude&yField=latitude&crs=EPSG:4326&spatialIndex=no&subsetIndex=no&watchFile=no
"2968",Cytisus scoparius,Cytisus,scoparius,,,,exotic,unlisted,,48.861693910000000,-123.323292699999996,,NA,NA,"6425099",obs_exotic,file:///D:/Simon/Sync/Root/GIS/Biodiversity%20Data/obs_exotic.csv?type=csv&maxFields=10000&detectTypes=yes&xField=longitude&yField=latitude&crs=EPSG:4326&spatialIndex=no&subsetIndex=no&watchFile=no
"2969",Cytisus scoparius,Cytisus,scoparius,,,,exotic,unlisted,,48.900696850000003,-123.336124400000003,,NA,NA,"6425181",obs_exotic,file:///D:/Simon/Sync/Root/GIS/Biodiversity%20Data/obs_exotic.csv?type=csv&maxFields=10000&detectTypes=yes&xField=longitude&yField=latitude&crs=EPSG:4326&spatialIndex=no&subsetIndex=no&watchFile=no
"2970",Cytisus scoparius,Cytisus,scoparius,,,,exotic,unlisted,,48.876598770000001,-123.383266899999995,,NA,NA,"6714899",obs_exotic,file:///D:/Simon/Sync/Root/GIS/Biodiversity%20Data/obs_exotic.csv?type=csv&maxFields=10000&detectTypes=yes&xField=longitude&yField=latitude&crs=EPSG:4326&spatialIndex=no&subsetIndex=no&watchFile=no
"2971",Cytisus scoparius,Cytisus,scoparius,,,,exotic,unlisted,,48.875363999999998,-123.384596999999999,,NA,NA,"6818076",obs_exotic,file:///D:/Simon/Sync/Root/GIS/Biodiversity%20Data/obs_exotic.csv?type=csv&maxFields=10000&detectTypes=yes&xField=longitude&yField=latitude&crs=EPSG:4326&spatialIndex=no&subsetIndex=no&watchFile=no
"2972",Cytisus scoparius,Cytisus,scoparius,,,,exotic,unlisted,,48.867060000000002,-123.341279999999998,,NA,NA,"11974851",obs_exotic,file:///D:/Simon/Sync/Root/GIS/Biodiversity%20Data/obs_exotic.csv?type=csv&maxFields=10000&detectTypes=yes&xField=longitude&yField=latitude&crs=EPSG:4326&spatialIndex=no&subsetIndex=no&watchFile=no
"2973",Cytisus scoparius,Cytisus,scoparius,,,,exotic,unlisted,,48.916389000000002,-123.393894000000003,,NA,NA,"12152638",obs_exotic,file:///D:/Simon/Sync/Root/GIS/Biodiversity%20Data/obs_exotic.csv?type=csv&maxFields=10000&detectTypes=yes&xField=longitude&yField=latitude&crs=EPSG:4326&spatialIndex=no&subsetIndex=no&watchFile=no
"2974",Cytisus scoparius,Cytisus,scoparius,,,,exotic,unlisted,,48.926836999999999,-123.465755999999999,,NA,NA,"12258734",obs_exotic,file:///D:/Simon/Sync/Root/GIS/Biodiversity%20Data/obs_exotic.csv?type=csv&maxFields=10000&detectTypes=yes&xField=longitude&yField=latitude&crs=EPSG:4326&spatialIndex=no&subsetIndex=no&watchFile=no
"2975",Cytisus scoparius,Cytisus,scoparius,,,,exotic,unlisted,,48.875779000000001,-123.380555999999999,,NA,NA,"13031527",obs_exotic,file:///D:/Simon/Sync/Root/GIS/Biodiversity%20Data/obs_exotic.csv?type=csv&maxFields=10000&detectTypes=yes&xField=longitude&yField=latitude&crs=EPSG:4326&spatialIndex=no&subsetIndex=no&watchFile=no
"2976",Cytisus scoparius,Cytisus,scoparius,,,,exotic,unlisted,,48.876147000000003,-123.325879000000000,,NA,NA,"13067992",obs_exotic,file:///D:/Simon/Sync/Root/GIS/Biodiversity%20Data/obs_exotic.csv?type=csv&maxFields=10000&detectTypes=yes&xField=longitude&yField=latitude&crs=EPSG:4326&spatialIndex=no&subsetIndex=no&watchFile=no
"2977",Cytisus scoparius,Cytisus,scoparius,,,,exotic,unlisted,,48.948460300000001,-123.501826800000003,,NA,NA,"13198902",obs_exotic,file:///D:/Simon/Sync/Root/GIS/Biodiversity%20Data/obs_exotic.csv?type=csv&maxFields=10000&detectTypes=yes&xField=longitude&yField=latitude&crs=EPSG:4326&spatialIndex=no&subsetIndex=no&watchFile=no
"2978",Cytisus scoparius,Cytisus,scoparius,,,,exotic,unlisted,,48.870975000000001,-123.321036100000001,,NA,NA,"13955477",obs_exotic,file:///D:/Simon/Sync/Root/GIS/Biodiversity%20Data/obs_exotic.csv?type=csv&maxFields=10000&detectTypes=yes&xField=longitude&yField=latitude&crs=EPSG:4326&spatialIndex=no&subsetIndex=no&watchFile=no
"2979",Cytisus scoparius,Cytisus,scoparius,,,,exotic,unlisted,,48.884493329999998,-123.342098300000004,,NA,NA,"15435756",obs_exotic,file:///D:/Simon/Sync/Root/GIS/Biodiversity%20Data/obs_exotic.csv?type=csv&maxFields=10000&detectTypes=yes&xField=longitude&yField=latitude&crs=EPSG:4326&spatialIndex=no&subsetIndex=no&watchFile=no
"2980",Cytisus scoparius,Cytisus,scoparius,,,,exotic,unlisted,,48.884248309999997,-123.342332099999993,,NA,NA,"16307478",obs_exotic,file:///D:/Simon/Sync/Root/GIS/Biodiversity%20Data/obs_exotic.csv?type=csv&maxFields=10000&detectTypes=yes&xField=longitude&yField=latitude&crs=EPSG:4326&spatialIndex=no&subsetIndex=no&watchFile=no
"2981",Cytisus scoparius,Cytisus,scoparius,,,,exotic,unlisted,,48.926970179999998,-123.465532899999999,,NA,NA,"16307951",obs_exotic,file:///D:/Simon/Sync/Root/GIS/Biodiversity%20Data/obs_exotic.csv?type=csv&maxFields=10000&detectTypes=yes&xField=longitude&yField=latitude&crs=EPSG:4326&spatialIndex=no&subsetIndex=no&watchFile=no
"2982",Cytisus scoparius,Cytisus,scoparius,,,,exotic,unlisted,,48.866956060000000,-123.341274999999996,,NA,NA,"16310356",obs_exotic,file:///D:/Simon/Sync/Root/GIS/Biodiversity%20Data/obs_exotic.csv?type=csv&maxFields=10000&detectTypes=yes&xField=longitude&yField=latitude&crs=EPSG:4326&spatialIndex=no&subsetIndex=no&watchFile=no
"2983",Cytisus scoparius,Cytisus,scoparius,,,,exotic,unlisted,,48.994720000000001,-123.572013299999995,,NA,NA,"21351246",obs_exotic,file:///D:/Simon/Sync/Root/GIS/Biodiversity%20Data/obs_exotic.csv?type=csv&maxFields=10000&detectTypes=yes&xField=longitude&yField=latitude&crs=EPSG:4326&spatialIndex=no&subsetIndex=no&watchFile=no
"2984",Cytisus scoparius,Cytisus,scoparius,,,,exotic,unlisted,,48.869316670000003,-123.372380000000007,,NA,NA,"21817807",obs_exotic,file:///D:/Simon/Sync/Root/GIS/Biodiversity%20Data/obs_exotic.csv?type=csv&maxFields=10000&detectTypes=yes&xField=longitude&yField=latitude&crs=EPSG:4326&spatialIndex=no&subsetIndex=no&watchFile=no
"2985",Cytisus scoparius,Cytisus,scoparius,,,,exotic,unlisted,,48.866474029999999,-123.333663500000000,,NA,NA,"23447158",obs_exotic,file:///D:/Simon/Sync/Root/GIS/Biodiversity%20Data/obs_exotic.csv?type=csv&maxFields=10000&detectTypes=yes&xField=longitude&yField=latitude&crs=EPSG:4326&spatialIndex=no&subsetIndex=no&watchFile=no
"2986",Cytisus scoparius,Cytisus,scoparius,,,,exotic,unlisted,,48.874594999999999,-123.325941700000001,,NA,NA,"23819942",obs_exotic,file:///D:/Simon/Sync/Root/GIS/Biodiversity%20Data/obs_exotic.csv?type=csv&maxFields=10000&detectTypes=yes&xField=longitude&yField=latitude&crs=EPSG:4326&spatialIndex=no&subsetIndex=no&watchFile=no
"2987",Cytisus scoparius,Cytisus,scoparius,,,,exotic,unlisted,,48.868108329999998,-123.348993300000004,,NA,NA,"23846956",obs_exotic,file:///D:/Simon/Sync/Root/GIS/Biodiversity%20Data/obs_exotic.csv?type=csv&maxFields=10000&detectTypes=yes&xField=longitude&yField=latitude&crs=EPSG:4326&spatialIndex=no&subsetIndex=no&watchFile=no
"2988",Cytisus scoparius,Cytisus,scoparius,,,,exotic,unlisted,,48.863151670000001,-123.351418300000006,,NA,NA,"24090260",obs_exotic,file:///D:/Simon/Sync/Root/GIS/Biodiversity%20Data/obs_exotic.csv?type=csv&maxFields=10000&detectTypes=yes&xField=longitude&yField=latitude&crs=EPSG:4326&spatialIndex=no&subsetIndex=no&watchFile=no
"2989",Cytisus scoparius,Cytisus,scoparius,,,,exotic,unlisted,,48.872520000000002,-123.312600000000003,,NA,NA,"24640014",obs_exotic,file:///D:/Simon/Sync/Root/GIS/Biodiversity%20Data/obs_exotic.csv?type=csv&maxFields=10000&detectTypes=yes&xField=longitude&yField=latitude&crs=EPSG:4326&spatialIndex=no&subsetIndex=no&watchFile=no
"2990",Cytisus scoparius,Cytisus,scoparius,,,,exotic,unlisted,,48.898952049999998,-123.407748900000001,,NA,NA,"24653159",obs_exotic,file:///D:/Simon/Sync/Root/GIS/Biodiversity%20Data/obs_exotic.csv?type=csv&maxFields=10000&detectTypes=yes&xField=longitude&yField=latitude&crs=EPSG:4326&spatialIndex=no&subsetIndex=no&watchFile=no
"2991",Cytisus scoparius,Cytisus,scoparius,,,,exotic,unlisted,,48.963005559999999,-123.517297200000002,,NA,NA,"24665159",obs_exotic,file:///D:/Simon/Sync/Root/GIS/Biodiversity%20Data/obs_exotic.csv?type=csv&maxFields=10000&detectTypes=yes&xField=longitude&yField=latitude&crs=EPSG:4326&spatialIndex=no&subsetIndex=no&watchFile=no
"2992",Cytisus scoparius,Cytisus,scoparius,,,,exotic,unlisted,,48.963008330000001,-123.517333300000004,,NA,NA,"24665234",obs_exotic,file:///D:/Simon/Sync/Root/GIS/Biodiversity%20Data/obs_exotic.csv?type=csv&maxFields=10000&detectTypes=yes&xField=longitude&yField=latitude&crs=EPSG:4326&spatialIndex=no&subsetIndex=no&watchFile=no
"2993",Cytisus scoparius,Cytisus,scoparius,,,,exotic,unlisted,,48.963302779999999,-123.520088900000005,,NA,NA,"24674150",obs_exotic,file:///D:/Simon/Sync/Root/GIS/Biodiversity%20Data/obs_exotic.csv?type=csv&maxFields=10000&detectTypes=yes&xField=longitude&yField=latitude&crs=EPSG:4326&spatialIndex=no&subsetIndex=no&watchFile=no
"2994",Cytisus scoparius,Cytisus,scoparius,,,,exotic,unlisted,,48.901147219999999,-123.405747199999993,,NA,NA,"24676920",obs_exotic,file:///D:/Simon/Sync/Root/GIS/Biodiversity%20Data/obs_exotic.csv?type=csv&maxFields=10000&detectTypes=yes&xField=longitude&yField=latitude&crs=EPSG:4326&spatialIndex=no&subsetIndex=no&watchFile=no
"2995",Cytisus scoparius,Cytisus,scoparius,,,,exotic,unlisted,,48.901088889999997,-123.405738900000003,,NA,NA,"24676925",obs_exotic,file:///D:/Simon/Sync/Root/GIS/Biodiversity%20Data/obs_exotic.csv?type=csv&maxFields=10000&detectTypes=yes&xField=longitude&yField=latitude&crs=EPSG:4326&spatialIndex=no&subsetIndex=no&watchFile=no
"2996",Cytisus scoparius,Cytisus,scoparius,,,,exotic,unlisted,,48.901402779999998,-123.405572199999995,,NA,NA,"24684077",obs_exotic,file:///D:/Simon/Sync/Root/GIS/Biodiversity%20Data/obs_exotic.csv?type=csv&maxFields=10000&detectTypes=yes&xField=longitude&yField=latitude&crs=EPSG:4326&spatialIndex=no&subsetIndex=no&watchFile=no
"2997",Cytisus scoparius,Cytisus,scoparius,,,,exotic,unlisted,,48.868727780000000,-123.377525000000006,,NA,NA,"24687978",obs_exotic,file:///D:/Simon/Sync/Root/GIS/Biodiversity%20Data/obs_exotic.csv?type=csv&maxFields=10000&detectTypes=yes&xField=longitude&yField=latitude&crs=EPSG:4326&spatialIndex=no&subsetIndex=no&watchFile=no
"2998",Cytisus scoparius,Cytisus,scoparius,,,,exotic,unlisted,,48.872256499999999,-123.310989199999995,,NA,NA,"24689078",obs_exotic,file:///D:/Simon/Sync/Root/GIS/Biodiversity%20Data/obs_exotic.csv?type=csv&maxFields=10000&detectTypes=yes&xField=longitude&yField=latitude&crs=EPSG:4326&spatialIndex=no&subsetIndex=no&watchFile=no
"2999",Cytisus scoparius,Cytisus,scoparius,,,,exotic,unlisted,,48.871547690000000,-123.310914600000004,,NA,NA,"24689245",obs_exotic,file:///D:/Simon/Sync/Root/GIS/Biodiversity%20Data/obs_exotic.csv?type=csv&maxFields=10000&detectTypes=yes&xField=longitude&yField=latitude&crs=EPSG:4326&spatialIndex=no&subsetIndex=no&watchFile=no
"3000",Cytisus scoparius,Cytisus,scoparius,,,,exotic,unlisted,,48.963066670000003,-123.517005600000005,,NA,NA,"24690175",obs_exotic,file:///D:/Simon/Sync/Root/GIS/Biodiversity%20Data/obs_exotic.csv?type=csv&maxFields=10000&detectTypes=yes&xField=longitude&yField=latitude&crs=EPSG:4326&spatialIndex=no&subsetIndex=no&watchFile=no
"3001",Cytisus scoparius,Cytisus,scoparius,,,,exotic,unlisted,,48.872208329999999,-123.311088900000001,,NA,NA,"24697537",obs_exotic,file:///D:/Simon/Sync/Root/GIS/Biodiversity%20Data/obs_exotic.csv?type=csv&maxFields=10000&detectTypes=yes&xField=longitude&yField=latitude&crs=EPSG:4326&spatialIndex=no&subsetIndex=no&watchFile=no
"3002",Cytisus scoparius,Cytisus,scoparius,,,,exotic,unlisted,,48.872486109999997,-123.310888899999995,,NA,NA,"24697590",obs_exotic,file:///D:/Simon/Sync/Root/GIS/Biodiversity%20Data/obs_exotic.csv?type=csv&maxFields=10000&detectTypes=yes&xField=longitude&yField=latitude&crs=EPSG:4326&spatialIndex=no&subsetIndex=no&watchFile=no
"3003",Cytisus scoparius,Cytisus,scoparius,,,,exotic,unlisted,,48.871594440000003,-123.310827799999998,,NA,NA,"24697684",obs_exotic,file:///D:/Simon/Sync/Root/GIS/Biodiversity%20Data/obs_exotic.csv?type=csv&maxFields=10000&detectTypes=yes&xField=longitude&yField=latitude&crs=EPSG:4326&spatialIndex=no&subsetIndex=no&watchFile=no
"3004",Cytisus scoparius,Cytisus,scoparius,,,,exotic,unlisted,,48.957695000000001,-123.542021700000006,,NA,NA,"24699233",obs_exotic,file:///D:/Simon/Sync/Root/GIS/Biodiversity%20Data/obs_exotic.csv?type=csv&maxFields=10000&detectTypes=yes&xField=longitude&yField=latitude&crs=EPSG:4326&spatialIndex=no&subsetIndex=no&watchFile=no
"3005",Cytisus scoparius,Cytisus,scoparius,,,,exotic,unlisted,,48.899250000000002,-123.407483299999996,,NA,NA,"24700113",obs_exotic,file:///D:/Simon/Sync/Root/GIS/Biodiversity%20Data/obs_exotic.csv?type=csv&maxFields=10000&detectTypes=yes&xField=longitude&yField=latitude&crs=EPSG:4326&spatialIndex=no&subsetIndex=no&watchFile=no
"3006",Cytisus scoparius,Cytisus,scoparius,,,,exotic,unlisted,,48.895138889999998,-123.404061100000007,,NA,NA,"24701281",obs_exotic,file:///D:/Simon/Sync/Root/GIS/Biodiversity%20Data/obs_exotic.csv?type=csv&maxFields=10000&detectTypes=yes&xField=longitude&yField=latitude&crs=EPSG:4326&spatialIndex=no&subsetIndex=no&watchFile=no
"3007",Cytisus scoparius,Cytisus,scoparius,,,,exotic,unlisted,,48.871677779999999,-123.311347200000000,,NA,NA,"24701397",obs_exotic,file:///D:/Simon/Sync/Root/GIS/Biodiversity%20Data/obs_exotic.csv?type=csv&maxFields=10000&detectTypes=yes&xField=longitude&yField=latitude&crs=EPSG:4326&spatialIndex=no&subsetIndex=no&watchFile=no
"3008",Cytisus scoparius,Cytisus,scoparius,,,,exotic,unlisted,,48.866694440000003,-123.329300000000003,,NA,NA,"24701436",obs_exotic,file:///D:/Simon/Sync/Root/GIS/Biodiversity%20Data/obs_exotic.csv?type=csv&maxFields=10000&detectTypes=yes&xField=longitude&yField=latitude&crs=EPSG:4326&spatialIndex=no&subsetIndex=no&watchFile=no
"3009",Cytisus scoparius,Cytisus,scoparius,,,,exotic,unlisted,,48.871801670000004,-123.312626699999996,,NA,NA,"24701545",obs_exotic,file:///D:/Simon/Sync/Root/GIS/Biodiversity%20Data/obs_exotic.csv?type=csv&maxFields=10000&detectTypes=yes&xField=longitude&yField=latitude&crs=EPSG:4326&spatialIndex=no&subsetIndex=no&watchFile=no
"3010",Cytisus scoparius,Cytisus,scoparius,,,,exotic,unlisted,,48.865816670000001,-123.331763899999999,,NA,NA,"24702380",obs_exotic,file:///D:/Simon/Sync/Root/GIS/Biodiversity%20Data/obs_exotic.csv?type=csv&maxFields=10000&detectTypes=yes&xField=longitude&yField=latitude&crs=EPSG:4326&spatialIndex=no&subsetIndex=no&watchFile=no
"3011",Cytisus scoparius,Cytisus,scoparius,,,,exotic,unlisted,,48.871738960000002,-123.310777599999994,,NA,NA,"24708017",obs_exotic,file:///D:/Simon/Sync/Root/GIS/Biodiversity%20Data/obs_exotic.csv?type=csv&maxFields=10000&detectTypes=yes&xField=longitude&yField=latitude&crs=EPSG:4326&spatialIndex=no&subsetIndex=no&watchFile=no
"3012",Cytisus scoparius,Cytisus,scoparius,,,,exotic,unlisted,,48.871738960000002,-123.310777599999994,,NA,NA,"24708025",obs_exotic,file:///D:/Simon/Sync/Root/GIS/Biodiversity%20Data/obs_exotic.csv?type=csv&maxFields=10000&detectTypes=yes&xField=longitude&yField=latitude&crs=EPSG:4326&spatialIndex=no&subsetIndex=no&watchFile=no
"3013",Cytisus scoparius,Cytisus,scoparius,,,,exotic,unlisted,,48.900713099999997,-123.404439999999994,,NA,NA,"24709131",obs_exotic,file:///D:/Simon/Sync/Root/GIS/Biodiversity%20Data/obs_exotic.csv?type=csv&maxFields=10000&detectTypes=yes&xField=longitude&yField=latitude&crs=EPSG:4326&spatialIndex=no&subsetIndex=no&watchFile=no
"3014",Cytisus scoparius,Cytisus,scoparius,,,,exotic,unlisted,,48.962157730000001,-123.518311900000000,,NA,NA,"24709480",obs_exotic,file:///D:/Simon/Sync/Root/GIS/Biodiversity%20Data/obs_exotic.csv?type=csv&maxFields=10000&detectTypes=yes&xField=longitude&yField=latitude&crs=EPSG:4326&spatialIndex=no&subsetIndex=no&watchFile=no
"3015",Cytisus scoparius,Cytisus,scoparius,,,,exotic,unlisted,,48.963104999999999,-123.516853299999994,,NA,NA,"24709792",obs_exotic,file:///D:/Simon/Sync/Root/GIS/Biodiversity%20Data/obs_exotic.csv?type=csv&maxFields=10000&detectTypes=yes&xField=longitude&yField=latitude&crs=EPSG:4326&spatialIndex=no&subsetIndex=no&watchFile=no
"3016",Cytisus scoparius,Cytisus,scoparius,,,,exotic,unlisted,,48.872194510000000,-123.311651400000002,,NA,NA,"24710838",obs_exotic,file:///D:/Simon/Sync/Root/GIS/Biodiversity%20Data/obs_exotic.csv?type=csv&maxFields=10000&detectTypes=yes&xField=longitude&yField=latitude&crs=EPSG:4326&spatialIndex=no&subsetIndex=no&watchFile=no
"3017",Cytisus scoparius,Cytisus,scoparius,,,,exotic,unlisted,,48.872258170000002,-123.311701600000006,,NA,NA,"24712009",obs_exotic,file:///D:/Simon/Sync/Root/GIS/Biodiversity%20Data/obs_exotic.csv?type=csv&maxFields=10000&detectTypes=yes&xField=longitude&yField=latitude&crs=EPSG:4326&spatialIndex=no&subsetIndex=no&watchFile=no
"3018",Cytisus scoparius,Cytisus,scoparius,,,,exotic,unlisted,,48.901007049999997,-123.407059200000006,,NA,NA,"24715379",obs_exotic,file:///D:/Simon/Sync/Root/GIS/Biodiversity%20Data/obs_exotic.csv?type=csv&maxFields=10000&detectTypes=yes&xField=longitude&yField=latitude&crs=EPSG:4326&spatialIndex=no&subsetIndex=no&watchFile=no
"3019",Cytisus scoparius,Cytisus,scoparius,,,,exotic,unlisted,,48.901326449999999,-123.405620099999993,,NA,NA,"24715467",obs_exotic,file:///D:/Simon/Sync/Root/GIS/Biodiversity%20Data/obs_exotic.csv?type=csv&maxFields=10000&detectTypes=yes&xField=longitude&yField=latitude&crs=EPSG:4326&spatialIndex=no&subsetIndex=no&watchFile=no
"3020",Cytisus scoparius,Cytisus,scoparius,,,,exotic,unlisted,,48.900935850000003,-123.406005399999998,,NA,NA,"24715509",obs_exotic,file:///D:/Simon/Sync/Root/GIS/Biodiversity%20Data/obs_exotic.csv?type=csv&maxFields=10000&detectTypes=yes&xField=longitude&yField=latitude&crs=EPSG:4326&spatialIndex=no&subsetIndex=no&watchFile=no
"3021",Cytisus scoparius,Cytisus,scoparius,,,,exotic,unlisted,,49.013491549999998,-123.573181300000002,,NA,NA,"24748329",obs_exotic,file:///D:/Simon/Sync/Root/GIS/Biodiversity%20Data/obs_exotic.csv?type=csv&maxFields=10000&detectTypes=yes&xField=longitude&yField=latitude&crs=EPSG:4326&spatialIndex=no&subsetIndex=no&watchFile=no
"3022",Cytisus scoparius,Cytisus,scoparius,,,,exotic,unlisted,,48.859748330000002,-123.352074999999999,,NA,NA,"24768132",obs_exotic,file:///D:/Simon/Sync/Root/GIS/Biodiversity%20Data/obs_exotic.csv?type=csv&maxFields=10000&detectTypes=yes&xField=longitude&yField=latitude&crs=EPSG:4326&spatialIndex=no&subsetIndex=no&watchFile=no
"3023",Cytisus scoparius,Cytisus,scoparius,,,,exotic,unlisted,,48.859526670000001,-123.353224999999995,,NA,NA,"24768168",obs_exotic,file:///D:/Simon/Sync/Root/GIS/Biodiversity%20Data/obs_exotic.csv?type=csv&maxFields=10000&detectTypes=yes&xField=longitude&yField=latitude&crs=EPSG:4326&spatialIndex=no&subsetIndex=no&watchFile=no
"3024",Cytisus scoparius,Cytisus,scoparius,,,,exotic,unlisted,,48.871780559999998,-123.312141699999998,,NA,NA,"24806511",obs_exotic,file:///D:/Simon/Sync/Root/GIS/Biodiversity%20Data/obs_exotic.csv?type=csv&maxFields=10000&detectTypes=yes&xField=longitude&yField=latitude&crs=EPSG:4326&spatialIndex=no&subsetIndex=no&watchFile=no
"3025",Cytisus scoparius,Cytisus,scoparius,,,,exotic,unlisted,,48.871891669999997,-123.312813899999995,,NA,NA,"24806541",obs_exotic,file:///D:/Simon/Sync/Root/GIS/Biodiversity%20Data/obs_exotic.csv?type=csv&maxFields=10000&detectTypes=yes&xField=longitude&yField=latitude&crs=EPSG:4326&spatialIndex=no&subsetIndex=no&watchFile=no
"3026",Cytisus scoparius,Cytisus,scoparius,,,,exotic,unlisted,,48.871677779999999,-123.311744399999995,,NA,NA,"24806542",obs_exotic,file:///D:/Simon/Sync/Root/GIS/Biodiversity%20Data/obs_exotic.csv?type=csv&maxFields=10000&detectTypes=yes&xField=longitude&yField=latitude&crs=EPSG:4326&spatialIndex=no&subsetIndex=no&watchFile=no
"3027",Cytisus scoparius,Cytisus,scoparius,,,,exotic,unlisted,,48.872444440000002,-123.311219399999999,,NA,NA,"24806718",obs_exotic,file:///D:/Simon/Sync/Root/GIS/Biodiversity%20Data/obs_exotic.csv?type=csv&maxFields=10000&detectTypes=yes&xField=longitude&yField=latitude&crs=EPSG:4326&spatialIndex=no&subsetIndex=no&watchFile=no
"3028",Cytisus scoparius,Cytisus,scoparius,,,,exotic,unlisted,,48.871783330000000,-123.312338900000000,,NA,NA,"24824074",obs_exotic,file:///D:/Simon/Sync/Root/GIS/Biodiversity%20Data/obs_exotic.csv?type=csv&maxFields=10000&detectTypes=yes&xField=longitude&yField=latitude&crs=EPSG:4326&spatialIndex=no&subsetIndex=no&watchFile=no
"3029",Cytisus scoparius,Cytisus,scoparius,,,,exotic,unlisted,,48.871844439999997,-123.312697200000002,,NA,NA,"24824101",obs_exotic,file:///D:/Simon/Sync/Root/GIS/Biodiversity%20Data/obs_exotic.csv?type=csv&maxFields=10000&detectTypes=yes&xField=longitude&yField=latitude&crs=EPSG:4326&spatialIndex=no&subsetIndex=no&watchFile=no
"3030",Cytisus scoparius,Cytisus,scoparius,,,,exotic,unlisted,,48.872344439999999,-123.312788900000001,,NA,NA,"24824114",obs_exotic,file:///D:/Simon/Sync/Root/GIS/Biodiversity%20Data/obs_exotic.csv?type=csv&maxFields=10000&detectTypes=yes&xField=longitude&yField=latitude&crs=EPSG:4326&spatialIndex=no&subsetIndex=no&watchFile=no
"3031",Cytisus scoparius,Cytisus,scoparius,,,,exotic,unlisted,,48.962105850000000,-123.518377299999997,,NA,NA,"24919593",obs_exotic,file:///D:/Simon/Sync/Root/GIS/Biodiversity%20Data/obs_exotic.csv?type=csv&maxFields=10000&detectTypes=yes&xField=longitude&yField=latitude&crs=EPSG:4326&spatialIndex=no&subsetIndex=no&watchFile=no
"3032",Cytisus scoparius,Cytisus,scoparius,,,,exotic,unlisted,,48.962966999999999,-123.516865100000004,,NA,NA,"24919984",obs_exotic,file:///D:/Simon/Sync/Root/GIS/Biodiversity%20Data/obs_exotic.csv?type=csv&maxFields=10000&detectTypes=yes&xField=longitude&yField=latitude&crs=EPSG:4326&spatialIndex=no&subsetIndex=no&watchFile=no
"3033",Cytisus scoparius,Cytisus,scoparius,,,,exotic,unlisted,,48.963108660000003,-123.519739700000002,,NA,NA,"24920335",obs_exotic,file:///D:/Simon/Sync/Root/GIS/Biodiversity%20Data/obs_exotic.csv?type=csv&maxFields=10000&detectTypes=yes&xField=longitude&yField=latitude&crs=EPSG:4326&spatialIndex=no&subsetIndex=no&watchFile=no
"3034",Cytisus scoparius,Cytisus,scoparius,,,,exotic,unlisted,,48.962088749999999,-123.518394499999999,,NA,NA,"24940025",obs_exotic,file:///D:/Simon/Sync/Root/GIS/Biodiversity%20Data/obs_exotic.csv?type=csv&maxFields=10000&detectTypes=yes&xField=longitude&yField=latitude&crs=EPSG:4326&spatialIndex=no&subsetIndex=no&watchFile=no
"3035",Cytisus scoparius,Cytisus,scoparius,,,,exotic,unlisted,,48.872291670000003,-123.312486100000001,,NA,NA,"25048309",obs_exotic,file:///D:/Simon/Sync/Root/GIS/Biodiversity%20Data/obs_exotic.csv?type=csv&maxFields=10000&detectTypes=yes&xField=longitude&yField=latitude&crs=EPSG:4326&spatialIndex=no&subsetIndex=no&watchFile=no
"3036",Cytisus scoparius,Cytisus,scoparius,,,,exotic,unlisted,,48.867273619999999,-123.376054199999999,,NA,NA,"25148263",obs_exotic,file:///D:/Simon/Sync/Root/GIS/Biodiversity%20Data/obs_exotic.csv?type=csv&maxFields=10000&detectTypes=yes&xField=longitude&yField=latitude&crs=EPSG:4326&spatialIndex=no&subsetIndex=no&watchFile=no
"3037",Cytisus scoparius,Cytisus,scoparius,,,,exotic,unlisted,,48.872556910000000,-123.311850300000003,,NA,NA,"25148305",obs_exotic,file:///D:/Simon/Sync/Root/GIS/Biodiversity%20Data/obs_exotic.csv?type=csv&maxFields=10000&detectTypes=yes&xField=longitude&yField=latitude&crs=EPSG:4326&spatialIndex=no&subsetIndex=no&watchFile=no
"3038",Cytisus scoparius,Cytisus,scoparius,,,,exotic,unlisted,,48.872661639999997,-123.312123600000007,,NA,NA,"25199037",obs_exotic,file:///D:/Simon/Sync/Root/GIS/Biodiversity%20Data/obs_exotic.csv?type=csv&maxFields=10000&detectTypes=yes&xField=longitude&yField=latitude&crs=EPSG:4326&spatialIndex=no&subsetIndex=no&watchFile=no
"3039",Cytisus scoparius,Cytisus,scoparius,,,,exotic,unlisted,,48.872840879999998,-123.312019899999996,,NA,NA,"25199218",obs_exotic,file:///D:/Simon/Sync/Root/GIS/Biodiversity%20Data/obs_exotic.csv?type=csv&maxFields=10000&detectTypes=yes&xField=longitude&yField=latitude&crs=EPSG:4326&spatialIndex=no&subsetIndex=no&watchFile=no
"3040",Cytisus scoparius,Cytisus,scoparius,,,,exotic,unlisted,,48.872416840000000,-123.312635900000004,,NA,NA,"25199464",obs_exotic,file:///D:/Simon/Sync/Root/GIS/Biodiversity%20Data/obs_exotic.csv?type=csv&maxFields=10000&detectTypes=yes&xField=longitude&yField=latitude&crs=EPSG:4326&spatialIndex=no&subsetIndex=no&watchFile=no
"3041",Cytisus scoparius,Cytisus,scoparius,,,,exotic,unlisted,,48.898483890000001,-123.407369399999993,,NA,NA,"25476371",obs_exotic,file:///D:/Simon/Sync/Root/GIS/Biodiversity%20Data/obs_exotic.csv?type=csv&maxFields=10000&detectTypes=yes&xField=longitude&yField=latitude&crs=EPSG:4326&spatialIndex=no&subsetIndex=no&watchFile=no
"3042",Cytisus scoparius,Cytisus,scoparius,,,,exotic,unlisted,,48.863214480000003,-123.326785099999995,,NA,NA,"25482809",obs_exotic,file:///D:/Simon/Sync/Root/GIS/Biodiversity%20Data/obs_exotic.csv?type=csv&maxFields=10000&detectTypes=yes&xField=longitude&yField=latitude&crs=EPSG:4326&spatialIndex=no&subsetIndex=no&watchFile=no
"3043",Cytisus scoparius,Cytisus,scoparius,,,,exotic,unlisted,,48.863701550000002,-123.329871900000001,,NA,NA,"25483030",obs_exotic,file:///D:/Simon/Sync/Root/GIS/Biodiversity%20Data/obs_exotic.csv?type=csv&maxFields=10000&detectTypes=yes&xField=longitude&yField=latitude&crs=EPSG:4326&spatialIndex=no&subsetIndex=no&watchFile=no
"3044",Cytisus scoparius,Cytisus,scoparius,,,,exotic,unlisted,,48.864179239999999,-123.330551299999996,,NA,NA,"25483095",obs_exotic,file:///D:/Simon/Sync/Root/GIS/Biodiversity%20Data/obs_exotic.csv?type=csv&maxFields=10000&detectTypes=yes&xField=longitude&yField=latitude&crs=EPSG:4326&spatialIndex=no&subsetIndex=no&watchFile=no
"3045",Cytisus scoparius,Cytisus,scoparius,,,,exotic,unlisted,,48.872499529999999,-123.310790900000001,,NA,NA,"25483246",obs_exotic,file:///D:/Simon/Sync/Root/GIS/Biodiversity%20Data/obs_exotic.csv?type=csv&maxFields=10000&detectTypes=yes&xField=longitude&yField=latitude&crs=EPSG:4326&spatialIndex=no&subsetIndex=no&watchFile=no
"3046",Cytisus scoparius,Cytisus,scoparius,,,,exotic,unlisted,,48.872502879999999,-123.310936499999997,,NA,NA,"25483275",obs_exotic,file:///D:/Simon/Sync/Root/GIS/Biodiversity%20Data/obs_exotic.csv?type=csv&maxFields=10000&detectTypes=yes&xField=longitude&yField=latitude&crs=EPSG:4326&spatialIndex=no&subsetIndex=no&watchFile=no
"3047",Cytisus scoparius,Cytisus,scoparius,,,,exotic,unlisted,,48.871553630000001,-123.310928599999997,,NA,NA,"25483404",obs_exotic,file:///D:/Simon/Sync/Root/GIS/Biodiversity%20Data/obs_exotic.csv?type=csv&maxFields=10000&detectTypes=yes&xField=longitude&yField=latitude&crs=EPSG:4326&spatialIndex=no&subsetIndex=no&watchFile=no
"3048",Cytisus scoparius,Cytisus,scoparius,,,,exotic,unlisted,,48.901249999999997,-123.406486099999995,,NA,NA,"25540440",obs_exotic,file:///D:/Simon/Sync/Root/GIS/Biodiversity%20Data/obs_exotic.csv?type=csv&maxFields=10000&detectTypes=yes&xField=longitude&yField=latitude&crs=EPSG:4326&spatialIndex=no&subsetIndex=no&watchFile=no
"3049",Cytisus scoparius,Cytisus,scoparius,,,,exotic,unlisted,,48.867541670000001,-123.375916700000005,,NA,NA,"25578153",obs_exotic,file:///D:/Simon/Sync/Root/GIS/Biodiversity%20Data/obs_exotic.csv?type=csv&maxFields=10000&detectTypes=yes&xField=longitude&yField=latitude&crs=EPSG:4326&spatialIndex=no&subsetIndex=no&watchFile=no
"3050",Cytisus scoparius,Cytisus,scoparius,,,,exotic,unlisted,,48.963030560000000,-123.516874999999999,,NA,NA,"25578154",obs_exotic,file:///D:/Simon/Sync/Root/GIS/Biodiversity%20Data/obs_exotic.csv?type=csv&maxFields=10000&detectTypes=yes&xField=longitude&yField=latitude&crs=EPSG:4326&spatialIndex=no&subsetIndex=no&watchFile=no
"3051",Cytisus scoparius,Cytisus,scoparius,,,,exotic,unlisted,,48.894925000000001,-123.404519399999998,,NA,NA,"25655031",obs_exotic,file:///D:/Simon/Sync/Root/GIS/Biodiversity%20Data/obs_exotic.csv?type=csv&maxFields=10000&detectTypes=yes&xField=longitude&yField=latitude&crs=EPSG:4326&spatialIndex=no&subsetIndex=no&watchFile=no
"3052",Cytisus scoparius,Cytisus,scoparius,,,,exotic,unlisted,,48.866597220000003,-123.330169400000003,,NA,NA,"25658027",obs_exotic,file:///D:/Simon/Sync/Root/GIS/Biodiversity%20Data/obs_exotic.csv?type=csv&maxFields=10000&detectTypes=yes&xField=longitude&yField=latitude&crs=EPSG:4326&spatialIndex=no&subsetIndex=no&watchFile=no
"3053",Cytisus scoparius,Cytisus,scoparius,,,,exotic,unlisted,,48.975223079999999,-123.532087899999993,,NA,NA,"31535571",obs_exotic,file:///D:/Simon/Sync/Root/GIS/Biodiversity%20Data/obs_exotic.csv?type=csv&maxFields=10000&detectTypes=yes&xField=longitude&yField=latitude&crs=EPSG:4326&spatialIndex=no&subsetIndex=no&watchFile=no
"3054",Cytisus scoparius,Cytisus,scoparius,,,,exotic,unlisted,,48.898136670000000,-123.401200000000003,,NA,NA,"32118270",obs_exotic,file:///D:/Simon/Sync/Root/GIS/Biodiversity%20Data/obs_exotic.csv?type=csv&maxFields=10000&detectTypes=yes&xField=longitude&yField=latitude&crs=EPSG:4326&spatialIndex=no&subsetIndex=no&watchFile=no
"3055",Cytisus scoparius,Cytisus,scoparius,,,,exotic,unlisted,,48.901111669999999,-123.405388299999998,,NA,NA,"32125285",obs_exotic,file:///D:/Simon/Sync/Root/GIS/Biodiversity%20Data/obs_exotic.csv?type=csv&maxFields=10000&detectTypes=yes&xField=longitude&yField=latitude&crs=EPSG:4326&spatialIndex=no&subsetIndex=no&watchFile=no
"3056",Cytisus scoparius,Cytisus,scoparius,,,,exotic,unlisted,,48.901221669999998,-123.405686700000004,,NA,NA,"32125297",obs_exotic,file:///D:/Simon/Sync/Root/GIS/Biodiversity%20Data/obs_exotic.csv?type=csv&maxFields=10000&detectTypes=yes&xField=longitude&yField=latitude&crs=EPSG:4326&spatialIndex=no&subsetIndex=no&watchFile=no
"3057",Cytisus scoparius,Cytisus,scoparius,,,,exotic,unlisted,,48.866354770000001,-123.334295800000007,,NA,NA,"33282407",obs_exotic,file:///D:/Simon/Sync/Root/GIS/Biodiversity%20Data/obs_exotic.csv?type=csv&maxFields=10000&detectTypes=yes&xField=longitude&yField=latitude&crs=EPSG:4326&spatialIndex=no&subsetIndex=no&watchFile=no
"3058",Cytisus scoparius,Cytisus,scoparius,,,,exotic,unlisted,,48.952519299999999,-123.533293599999993,,NA,NA,"38207181",obs_exotic,file:///D:/Simon/Sync/Root/GIS/Biodiversity%20Data/obs_exotic.csv?type=csv&maxFields=10000&detectTypes=yes&xField=longitude&yField=latitude&crs=EPSG:4326&spatialIndex=no&subsetIndex=no&watchFile=no
"3059",Cytisus scoparius,Cytisus,scoparius,,,,exotic,unlisted,,48.865613330000002,-123.365070000000003,,NA,NA,"42637610",obs_exotic,file:///D:/Simon/Sync/Root/GIS/Biodiversity%20Data/obs_exotic.csv?type=csv&maxFields=10000&detectTypes=yes&xField=longitude&yField=latitude&crs=EPSG:4326&spatialIndex=no&subsetIndex=no&watchFile=no
"3060",Cytisus scoparius,Cytisus,scoparius,,,,exotic,unlisted,,48.864322219999998,-123.360027799999997,,NA,NA,"42637644",obs_exotic,file:///D:/Simon/Sync/Root/GIS/Biodiversity%20Data/obs_exotic.csv?type=csv&maxFields=10000&detectTypes=yes&xField=longitude&yField=latitude&crs=EPSG:4326&spatialIndex=no&subsetIndex=no&watchFile=no
"3061",Cytisus scoparius,Cytisus,scoparius,,,,exotic,unlisted,,48.866150089999998,-123.339526199999995,,NA,NA,"43253051",obs_exotic,file:///D:/Simon/Sync/Root/GIS/Biodiversity%20Data/obs_exotic.csv?type=csv&maxFields=10000&detectTypes=yes&xField=longitude&yField=latitude&crs=EPSG:4326&spatialIndex=no&subsetIndex=no&watchFile=no
"3062",Cytisus scoparius,Cytisus,scoparius,,,,exotic,unlisted,,48.866043910000002,-123.350611799999996,,NA,NA,"43555508",obs_exotic,file:///D:/Simon/Sync/Root/GIS/Biodiversity%20Data/obs_exotic.csv?type=csv&maxFields=10000&detectTypes=yes&xField=longitude&yField=latitude&crs=EPSG:4326&spatialIndex=no&subsetIndex=no&watchFile=no
"3063",Cytisus scoparius,Cytisus,scoparius,,,,exotic,unlisted,,48.906235819999999,-123.369752300000002,,NA,NA,"44951284",obs_exotic,file:///D:/Simon/Sync/Root/GIS/Biodiversity%20Data/obs_exotic.csv?type=csv&maxFields=10000&detectTypes=yes&xField=longitude&yField=latitude&crs=EPSG:4326&spatialIndex=no&subsetIndex=no&watchFile=no
"3064",Cytisus scoparius,Cytisus,scoparius,,,,exotic,unlisted,,48.866911260000002,-123.341152899999997,,NA,NA,"45751466",obs_exotic,file:///D:/Simon/Sync/Root/GIS/Biodiversity%20Data/obs_exotic.csv?type=csv&maxFields=10000&detectTypes=yes&xField=longitude&yField=latitude&crs=EPSG:4326&spatialIndex=no&subsetIndex=no&watchFile=no
"3065",Cytisus scoparius,Cytisus,scoparius,,,,exotic,unlisted,,48.995470050000002,-123.585292999999993,,NA,NA,"47176579",obs_exotic,file:///D:/Simon/Sync/Root/GIS/Biodiversity%20Data/obs_exotic.csv?type=csv&maxFields=10000&detectTypes=yes&xField=longitude&yField=latitude&crs=EPSG:4326&spatialIndex=no&subsetIndex=no&watchFile=no
"3066",Cytisus scoparius,Cytisus,scoparius,,,,exotic,unlisted,,48.930216770000001,-123.467241000000001,,NA,NA,"52925066",obs_exotic,file:///D:/Simon/Sync/Root/GIS/Biodiversity%20Data/obs_exotic.csv?type=csv&maxFields=10000&detectTypes=yes&xField=longitude&yField=latitude&crs=EPSG:4326&spatialIndex=no&subsetIndex=no&watchFile=no
"3067",Cytisus scoparius,Cytisus,scoparius,,,,exotic,unlisted,,48.871504719999997,-123.312190000000001,,NA,NA,"59943211",obs_exotic,file:///D:/Simon/Sync/Root/GIS/Biodiversity%20Data/obs_exotic.csv?type=csv&maxFields=10000&detectTypes=yes&xField=longitude&yField=latitude&crs=EPSG:4326&spatialIndex=no&subsetIndex=no&watchFile=no
"3068",Cytisus scoparius,Cytisus,scoparius,,,,exotic,unlisted,,48.951990940000002,-123.518100700000005,,NA,NA,"60492149",obs_exotic,file:///D:/Simon/Sync/Root/GIS/Biodiversity%20Data/obs_exotic.csv?type=csv&maxFields=10000&detectTypes=yes&xField=longitude&yField=latitude&crs=EPSG:4326&spatialIndex=no&subsetIndex=no&watchFile=no
"3069",Cytisus scoparius,Cytisus,scoparius,,,,exotic,unlisted,,48.941581669999998,-123.501418299999997,,NA,NA,"70065800",obs_exotic,file:///D:/Simon/Sync/Root/GIS/Biodiversity%20Data/obs_exotic.csv?type=csv&maxFields=10000&detectTypes=yes&xField=longitude&yField=latitude&crs=EPSG:4326&spatialIndex=no&subsetIndex=no&watchFile=no
"3070",Cytisus scoparius,Cytisus,scoparius,,,,exotic,unlisted,,48.948193330000002,-123.501199999999997,,NA,NA,"70065812",obs_exotic,file:///D:/Simon/Sync/Root/GIS/Biodiversity%20Data/obs_exotic.csv?type=csv&maxFields=10000&detectTypes=yes&xField=longitude&yField=latitude&crs=EPSG:4326&spatialIndex=no&subsetIndex=no&watchFile=no
"3071",Cytisus scoparius,Cytisus,scoparius,,,,exotic,unlisted,,48.872429900000000,-123.312551600000006,,NA,NA,"72314737",obs_exotic,file:///D:/Simon/Sync/Root/GIS/Biodiversity%20Data/obs_exotic.csv?type=csv&maxFields=10000&detectTypes=yes&xField=longitude&yField=latitude&crs=EPSG:4326&spatialIndex=no&subsetIndex=no&watchFile=no
"3072",Cytisus scoparius,Cytisus,scoparius,,,,exotic,unlisted,,48.927066670000002,-123.469261700000004,,NA,NA,"75549159",obs_exotic,file:///D:/Simon/Sync/Root/GIS/Biodiversity%20Data/obs_exotic.csv?type=csv&maxFields=10000&detectTypes=yes&xField=longitude&yField=latitude&crs=EPSG:4326&spatialIndex=no&subsetIndex=no&watchFile=no
"3073",Cytisus scoparius,Cytisus,scoparius,,,,exotic,unlisted,,48.929091669999998,-123.468095000000005,,NA,NA,"75549465",obs_exotic,file:///D:/Simon/Sync/Root/GIS/Biodiversity%20Data/obs_exotic.csv?type=csv&maxFields=10000&detectTypes=yes&xField=longitude&yField=latitude&crs=EPSG:4326&spatialIndex=no&subsetIndex=no&watchFile=no
"3074",Cytisus scoparius,Cytisus,scoparius,,,,exotic,unlisted,,48.875373330000002,-123.385053299999996,,NA,NA,"77854401",obs_exotic,file:///D:/Simon/Sync/Root/GIS/Biodiversity%20Data/obs_exotic.csv?type=csv&maxFields=10000&detectTypes=yes&xField=longitude&yField=latitude&crs=EPSG:4326&spatialIndex=no&subsetIndex=no&watchFile=no
"3075",Cytisus scoparius,Cytisus,scoparius,,,,exotic,unlisted,,48.927814450000000,-123.465587600000006,,NA,NA,"84499656",obs_exotic,file:///D:/Simon/Sync/Root/GIS/Biodiversity%20Data/obs_exotic.csv?type=csv&maxFields=10000&detectTypes=yes&xField=longitude&yField=latitude&crs=EPSG:4326&spatialIndex=no&subsetIndex=no&watchFile=no
"3076",Cytisus scoparius,Cytisus,scoparius,,,,exotic,unlisted,,48.927985460000002,-123.467834900000000,,NA,NA,"84756473",obs_exotic,file:///D:/Simon/Sync/Root/GIS/Biodiversity%20Data/obs_exotic.csv?type=csv&maxFields=10000&detectTypes=yes&xField=longitude&yField=latitude&crs=EPSG:4326&spatialIndex=no&subsetIndex=no&watchFile=no
"3077",Cytisus scoparius,Cytisus,scoparius,,,,exotic,unlisted,,48.928129419999998,-123.467454900000007,,NA,NA,"84759770",obs_exotic,file:///D:/Simon/Sync/Root/GIS/Biodiversity%20Data/obs_exotic.csv?type=csv&maxFields=10000&detectTypes=yes&xField=longitude&yField=latitude&crs=EPSG:4326&spatialIndex=no&subsetIndex=no&watchFile=no
"3078",Cytisus scoparius,Cytisus,scoparius,,,,exotic,unlisted,,48.989676670000001,-123.550648300000006,,NA,NA,"100641838",obs_exotic,file:///D:/Simon/Sync/Root/GIS/Biodiversity%20Data/obs_exotic.csv?type=csv&maxFields=10000&detectTypes=yes&xField=longitude&yField=latitude&crs=EPSG:4326&spatialIndex=no&subsetIndex=no&watchFile=no
"3079",Cytisus scoparius,Cytisus,scoparius,,,,exotic,unlisted,,48.990494390000002,-123.551235399999996,,NA,NA,"100641853",obs_exotic,file:///D:/Simon/Sync/Root/GIS/Biodiversity%20Data/obs_exotic.csv?type=csv&maxFields=10000&detectTypes=yes&xField=longitude&yField=latitude&crs=EPSG:4326&spatialIndex=no&subsetIndex=no&watchFile=no
"3080",Cytisus scoparius,Cytisus,scoparius,,,,exotic,unlisted,,48.863576700000003,-123.362295000000003,,NA,NA,"100647291",obs_exotic,file:///D:/Simon/Sync/Root/GIS/Biodiversity%20Data/obs_exotic.csv?type=csv&maxFields=10000&detectTypes=yes&xField=longitude&yField=latitude&crs=EPSG:4326&spatialIndex=no&subsetIndex=no&watchFile=no
"3081",Cytisus scoparius,Cytisus,scoparius,,,,exotic,unlisted,,48.958125799999998,-123.523077099999995,,NA,NA,"102153588",obs_exotic,file:///D:/Simon/Sync/Root/GIS/Biodiversity%20Data/obs_exotic.csv?type=csv&maxFields=10000&detectTypes=yes&xField=longitude&yField=latitude&crs=EPSG:4326&spatialIndex=no&subsetIndex=no&watchFile=no
"3082",Cytisus scoparius,Cytisus,scoparius,,,,exotic,unlisted,,48.878783339999998,-123.317353299999994,,NA,NA,"102641513",obs_exotic,file:///D:/Simon/Sync/Root/GIS/Biodiversity%20Data/obs_exotic.csv?type=csv&maxFields=10000&detectTypes=yes&xField=longitude&yField=latitude&crs=EPSG:4326&spatialIndex=no&subsetIndex=no&watchFile=no
"3083",Cytisus scoparius,Cytisus,scoparius,,,,exotic,unlisted,,48.887779999999999,-123.353804999999994,,NA,NA,"105894040",obs_exotic,file:///D:/Simon/Sync/Root/GIS/Biodiversity%20Data/obs_exotic.csv?type=csv&maxFields=10000&detectTypes=yes&xField=longitude&yField=latitude&crs=EPSG:4326&spatialIndex=no&subsetIndex=no&watchFile=no
"3084",Cytisus scoparius,Cytisus,scoparius,,,,exotic,unlisted,,48.946206670000002,-123.501978300000005,,NA,NA,"107022579",obs_exotic,file:///D:/Simon/Sync/Root/GIS/Biodiversity%20Data/obs_exotic.csv?type=csv&maxFields=10000&detectTypes=yes&xField=longitude&yField=latitude&crs=EPSG:4326&spatialIndex=no&subsetIndex=no&watchFile=no
"3085",Cytisus scoparius,Cytisus,scoparius,,,,exotic,unlisted,,48.866346000000000,-123.350738000000007,,NA,NA,"107672368",obs_exotic,file:///D:/Simon/Sync/Root/GIS/Biodiversity%20Data/obs_exotic.csv?type=csv&maxFields=10000&detectTypes=yes&xField=longitude&yField=latitude&crs=EPSG:4326&spatialIndex=no&subsetIndex=no&watchFile=no
"3086",Cytisus scoparius,Cytisus,scoparius,,,,exotic,unlisted,,48.867752000000003,-123.339371000000000,,NA,NA,"110937713",obs_exotic,file:///D:/Simon/Sync/Root/GIS/Biodiversity%20Data/obs_exotic.csv?type=csv&maxFields=10000&detectTypes=yes&xField=longitude&yField=latitude&crs=EPSG:4326&spatialIndex=no&subsetIndex=no&watchFile=no
"3087",Cytisus scoparius,Cytisus,scoparius,,,,exotic,unlisted,,48.866151670000001,-123.368778300000002,,NA,NA,"111609887",obs_exotic,file:///D:/Simon/Sync/Root/GIS/Biodiversity%20Data/obs_exotic.csv?type=csv&maxFields=10000&detectTypes=yes&xField=longitude&yField=latitude&crs=EPSG:4326&spatialIndex=no&subsetIndex=no&watchFile=no
"3088",Cytisus scoparius,Cytisus,scoparius,,,,exotic,unlisted,,48.861301670000003,-123.365216700000005,,NA,NA,"111867210",obs_exotic,file:///D:/Simon/Sync/Root/GIS/Biodiversity%20Data/obs_exotic.csv?type=csv&maxFields=10000&detectTypes=yes&xField=longitude&yField=latitude&crs=EPSG:4326&spatialIndex=no&subsetIndex=no&watchFile=no
"3089",Cytisus scoparius,Cytisus,scoparius,,,,exotic,unlisted,,48.861693330000001,-123.366335000000007,,NA,NA,"111867231",obs_exotic,file:///D:/Simon/Sync/Root/GIS/Biodiversity%20Data/obs_exotic.csv?type=csv&maxFields=10000&detectTypes=yes&xField=longitude&yField=latitude&crs=EPSG:4326&spatialIndex=no&subsetIndex=no&watchFile=no
"3090",Cytisus scoparius,Cytisus,scoparius,,,,exotic,unlisted,,48.909296670000003,-123.370493300000007,,NA,NA,"114482183",obs_exotic,file:///D:/Simon/Sync/Root/GIS/Biodiversity%20Data/obs_exotic.csv?type=csv&maxFields=10000&detectTypes=yes&xField=longitude&yField=latitude&crs=EPSG:4326&spatialIndex=no&subsetIndex=no&watchFile=no
"3091",Cytisus scoparius,Cytisus,scoparius,,,,exotic,unlisted,,48.863658330000000,-123.329948299999998,,NA,NA,"114482556",obs_exotic,file:///D:/Simon/Sync/Root/GIS/Biodiversity%20Data/obs_exotic.csv?type=csv&maxFields=10000&detectTypes=yes&xField=longitude&yField=latitude&crs=EPSG:4326&spatialIndex=no&subsetIndex=no&watchFile=no
"3092",Cytisus scoparius,Cytisus,scoparius,,,,exotic,unlisted,,48.864867220000001,-123.313506300000000,,NA,NA,"116212929",obs_exotic,file:///D:/Simon/Sync/Root/GIS/Biodiversity%20Data/obs_exotic.csv?type=csv&maxFields=10000&detectTypes=yes&xField=longitude&yField=latitude&crs=EPSG:4326&spatialIndex=no&subsetIndex=no&watchFile=no
"3093",Cytisus scoparius,Cytisus,scoparius,,,,exotic,unlisted,,48.866237910000002,-123.313568399999994,,NA,NA,"116212931",obs_exotic,file:///D:/Simon/Sync/Root/GIS/Biodiversity%20Data/obs_exotic.csv?type=csv&maxFields=10000&detectTypes=yes&xField=longitude&yField=latitude&crs=EPSG:4326&spatialIndex=no&subsetIndex=no&watchFile=no
"3094",Cytisus scoparius,Cytisus,scoparius,,,,exotic,unlisted,,48.861566670000002,-123.327567400000007,,NA,NA,"118456799",obs_exotic,file:///D:/Simon/Sync/Root/GIS/Biodiversity%20Data/obs_exotic.csv?type=csv&maxFields=10000&detectTypes=yes&xField=longitude&yField=latitude&crs=EPSG:4326&spatialIndex=no&subsetIndex=no&watchFile=no
"3095",Cytisus scoparius,Cytisus,scoparius,,,,exotic,unlisted,,48.871586669999999,-123.312049999999999,,NA,NA,"119369432",obs_exotic,file:///D:/Simon/Sync/Root/GIS/Biodiversity%20Data/obs_exotic.csv?type=csv&maxFields=10000&detectTypes=yes&xField=longitude&yField=latitude&crs=EPSG:4326&spatialIndex=no&subsetIndex=no&watchFile=no
"3096",Cytisus scoparius,Cytisus,scoparius,,,,exotic,unlisted,,48.990073080000002,-123.566564000000000,,NA,NA,"119680212",obs_exotic,file:///D:/Simon/Sync/Root/GIS/Biodiversity%20Data/obs_exotic.csv?type=csv&maxFields=10000&detectTypes=yes&xField=longitude&yField=latitude&crs=EPSG:4326&spatialIndex=no&subsetIndex=no&watchFile=no
"3097",Cytisus scoparius,Cytisus,scoparius,,,,exotic,unlisted,,48.863696670000003,-123.362853299999998,,NA,NA,"120572470",obs_exotic,file:///D:/Simon/Sync/Root/GIS/Biodiversity%20Data/obs_exotic.csv?type=csv&maxFields=10000&detectTypes=yes&xField=longitude&yField=latitude&crs=EPSG:4326&spatialIndex=no&subsetIndex=no&watchFile=no
"3098",Cytisus scoparius,Cytisus,scoparius,,,,exotic,unlisted,,48.870654999999999,-123.320973300000006,,NA,NA,"121538449",obs_exotic,file:///D:/Simon/Sync/Root/GIS/Biodiversity%20Data/obs_exotic.csv?type=csv&maxFields=10000&detectTypes=yes&xField=longitude&yField=latitude&crs=EPSG:4326&spatialIndex=no&subsetIndex=no&watchFile=no
"3099",Cytisus scoparius,Cytisus,scoparius,,,,exotic,unlisted,,48.888385000000000,-123.336299999999994,,NA,NA,"121538485",obs_exotic,file:///D:/Simon/Sync/Root/GIS/Biodiversity%20Data/obs_exotic.csv?type=csv&maxFields=10000&detectTypes=yes&xField=longitude&yField=latitude&crs=EPSG:4326&spatialIndex=no&subsetIndex=no&watchFile=no
"3100",Cytisus scoparius,Cytisus,scoparius,,,,exotic,unlisted,,48.910215000000001,-123.375186700000000,,NA,NA,"121538515",obs_exotic,file:///D:/Simon/Sync/Root/GIS/Biodiversity%20Data/obs_exotic.csv?type=csv&maxFields=10000&detectTypes=yes&xField=longitude&yField=latitude&crs=EPSG:4326&spatialIndex=no&subsetIndex=no&watchFile=no
"3101",Cytisus scoparius,Cytisus,scoparius,,,,exotic,unlisted,,48.863781930000002,-123.363757500000006,,NA,NA,"121926247",obs_exotic,file:///D:/Simon/Sync/Root/GIS/Biodiversity%20Data/obs_exotic.csv?type=csv&maxFields=10000&detectTypes=yes&xField=longitude&yField=latitude&crs=EPSG:4326&spatialIndex=no&subsetIndex=no&watchFile=no
"3102",Cytisus scoparius,Cytisus,scoparius,,,,exotic,unlisted,,48.885966670000002,-123.333695000000006,,NA,NA,"122080646",obs_exotic,file:///D:/Simon/Sync/Root/GIS/Biodiversity%20Data/obs_exotic.csv?type=csv&maxFields=10000&detectTypes=yes&xField=longitude&yField=latitude&crs=EPSG:4326&spatialIndex=no&subsetIndex=no&watchFile=no
"3103",Cytisus scoparius,Cytisus,scoparius,,,,exotic,unlisted,,48.871625000000002,-123.311875000000001,,NA,NA,"122839601",obs_exotic,file:///D:/Simon/Sync/Root/GIS/Biodiversity%20Data/obs_exotic.csv?type=csv&maxFields=10000&detectTypes=yes&xField=longitude&yField=latitude&crs=EPSG:4326&spatialIndex=no&subsetIndex=no&watchFile=no
"3104",Cytisus scoparius,Cytisus,scoparius,,,,exotic,unlisted,,48.995294999999999,-123.584145000000007,,NA,NA,"124067923",obs_exotic,file:///D:/Simon/Sync/Root/GIS/Biodiversity%20Data/obs_exotic.csv?type=csv&maxFields=10000&detectTypes=yes&xField=longitude&yField=latitude&crs=EPSG:4326&spatialIndex=no&subsetIndex=no&watchFile=no
"3105",Cytisus scoparius,Cytisus,scoparius,,,,exotic,unlisted,,48.952563329999997,-123.519446700000003,,NA,NA,"124667698",obs_exotic,file:///D:/Simon/Sync/Root/GIS/Biodiversity%20Data/obs_exotic.csv?type=csv&maxFields=10000&detectTypes=yes&xField=longitude&yField=latitude&crs=EPSG:4326&spatialIndex=no&subsetIndex=no&watchFile=no
"3106",Cytisus scoparius,Cytisus,scoparius,,,,exotic,unlisted,,48.862263329999998,-123.322938300000004,,NA,NA,"127180953",obs_exotic,file:///D:/Simon/Sync/Root/GIS/Biodiversity%20Data/obs_exotic.csv?type=csv&maxFields=10000&detectTypes=yes&xField=longitude&yField=latitude&crs=EPSG:4326&spatialIndex=no&subsetIndex=no&watchFile=no
"3107",Cytisus scoparius,Cytisus,scoparius,,,,exotic,unlisted,,48.881126670000000,-123.323853299999996,,NA,NA,"127184011",obs_exotic,file:///D:/Simon/Sync/Root/GIS/Biodiversity%20Data/obs_exotic.csv?type=csv&maxFields=10000&detectTypes=yes&xField=longitude&yField=latitude&crs=EPSG:4326&spatialIndex=no&subsetIndex=no&watchFile=no
"3108",Cytisus scoparius,Cytisus,scoparius,,,,exotic,unlisted,,48.888734069999998,-123.381331599999996,,NA,NA,"129713222",obs_exotic,file:///D:/Simon/Sync/Root/GIS/Biodiversity%20Data/obs_exotic.csv?type=csv&maxFields=10000&detectTypes=yes&xField=longitude&yField=latitude&crs=EPSG:4326&spatialIndex=no&subsetIndex=no&watchFile=no
"3109",Cytisus scoparius,Cytisus,scoparius,,,,exotic,unlisted,,48.869903330000000,-123.319275000000005,,NA,NA,"130446823",obs_exotic,file:///D:/Simon/Sync/Root/GIS/Biodiversity%20Data/obs_exotic.csv?type=csv&maxFields=10000&detectTypes=yes&xField=longitude&yField=latitude&crs=EPSG:4326&spatialIndex=no&subsetIndex=no&watchFile=no
"3110",Dactylis glomerata,Dactylis,glomerata,,,,exotic,unlisted,,48.868715999999999,-123.346960999999993,,NA,NA,"2561534",obs_exotic,file:///D:/Simon/Sync/Root/GIS/Biodiversity%20Data/obs_exotic.csv?type=csv&maxFields=10000&detectTypes=yes&xField=longitude&yField=latitude&crs=EPSG:4326&spatialIndex=no&subsetIndex=no&watchFile=no
"3111",Dactylis glomerata,Dactylis,glomerata,,,,exotic,unlisted,,48.928733000000001,-123.469485000000006,,NA,NA,"2621743",obs_exotic,file:///D:/Simon/Sync/Root/GIS/Biodiversity%20Data/obs_exotic.csv?type=csv&maxFields=10000&detectTypes=yes&xField=longitude&yField=latitude&crs=EPSG:4326&spatialIndex=no&subsetIndex=no&watchFile=no
"3112",Dactylis glomerata,Dactylis,glomerata,,,,exotic,unlisted,,48.923825000000001,-123.460064000000003,,NA,NA,"2625019",obs_exotic,file:///D:/Simon/Sync/Root/GIS/Biodiversity%20Data/obs_exotic.csv?type=csv&maxFields=10000&detectTypes=yes&xField=longitude&yField=latitude&crs=EPSG:4326&spatialIndex=no&subsetIndex=no&watchFile=no
"3113",Dactylis glomerata,Dactylis,glomerata,,,,exotic,unlisted,,48.916442000000004,-123.425903000000005,,NA,NA,"3190621",obs_exotic,file:///D:/Simon/Sync/Root/GIS/Biodiversity%20Data/obs_exotic.csv?type=csv&maxFields=10000&detectTypes=yes&xField=longitude&yField=latitude&crs=EPSG:4326&spatialIndex=no&subsetIndex=no&watchFile=no
"3114",Dactylis glomerata,Dactylis,glomerata,,,,exotic,unlisted,,48.896949999999997,-123.406677000000002,,NA,NA,"3311013",obs_exotic,file:///D:/Simon/Sync/Root/GIS/Biodiversity%20Data/obs_exotic.csv?type=csv&maxFields=10000&detectTypes=yes&xField=longitude&yField=latitude&crs=EPSG:4326&spatialIndex=no&subsetIndex=no&watchFile=no
"3115",Dactylis glomerata,Dactylis,glomerata,,,,exotic,unlisted,,48.871721000000001,-123.310760999999999,,NA,NA,"3404566",obs_exotic,file:///D:/Simon/Sync/Root/GIS/Biodiversity%20Data/obs_exotic.csv?type=csv&maxFields=10000&detectTypes=yes&xField=longitude&yField=latitude&crs=EPSG:4326&spatialIndex=no&subsetIndex=no&watchFile=no
"3116",Dactylis glomerata,Dactylis,glomerata,,,,exotic,unlisted,,48.948452000000003,-123.502377999999993,,NA,NA,"3414671",obs_exotic,file:///D:/Simon/Sync/Root/GIS/Biodiversity%20Data/obs_exotic.csv?type=csv&maxFields=10000&detectTypes=yes&xField=longitude&yField=latitude&crs=EPSG:4326&spatialIndex=no&subsetIndex=no&watchFile=no
"3117",Dactylis glomerata,Dactylis,glomerata,,,,exotic,unlisted,,48.866559879999997,-123.335244700000004,,NA,NA,"3649879",obs_exotic,file:///D:/Simon/Sync/Root/GIS/Biodiversity%20Data/obs_exotic.csv?type=csv&maxFields=10000&detectTypes=yes&xField=longitude&yField=latitude&crs=EPSG:4326&spatialIndex=no&subsetIndex=no&watchFile=no
"3118",Dactylis glomerata,Dactylis,glomerata,,,,exotic,unlisted,,48.866559879999997,-123.335244700000004,,NA,NA,"3649881",obs_exotic,file:///D:/Simon/Sync/Root/GIS/Biodiversity%20Data/obs_exotic.csv?type=csv&maxFields=10000&detectTypes=yes&xField=longitude&yField=latitude&crs=EPSG:4326&spatialIndex=no&subsetIndex=no&watchFile=no
"3119",Dactylis glomerata,Dactylis,glomerata,,,,exotic,unlisted,,48.900449999999999,-123.441188999999994,,NA,NA,"6505030",obs_exotic,file:///D:/Simon/Sync/Root/GIS/Biodiversity%20Data/obs_exotic.csv?type=csv&maxFields=10000&detectTypes=yes&xField=longitude&yField=latitude&crs=EPSG:4326&spatialIndex=no&subsetIndex=no&watchFile=no
"3120",Dactylis glomerata,Dactylis,glomerata,,,,exotic,unlisted,,48.880876999999998,-123.333112999999997,,NA,NA,"12788808",obs_exotic,file:///D:/Simon/Sync/Root/GIS/Biodiversity%20Data/obs_exotic.csv?type=csv&maxFields=10000&detectTypes=yes&xField=longitude&yField=latitude&crs=EPSG:4326&spatialIndex=no&subsetIndex=no&watchFile=no
"3121",Dactylis glomerata,Dactylis,glomerata,,,,exotic,unlisted,,48.962683329999997,-123.519211100000007,,NA,NA,"24694144",obs_exotic,file:///D:/Simon/Sync/Root/GIS/Biodiversity%20Data/obs_exotic.csv?type=csv&maxFields=10000&detectTypes=yes&xField=longitude&yField=latitude&crs=EPSG:4326&spatialIndex=no&subsetIndex=no&watchFile=no
"3122",Dactylis glomerata,Dactylis,glomerata,,,,exotic,unlisted,,48.871966669999999,-123.310783299999997,,NA,NA,"24697646",obs_exotic,file:///D:/Simon/Sync/Root/GIS/Biodiversity%20Data/obs_exotic.csv?type=csv&maxFields=10000&detectTypes=yes&xField=longitude&yField=latitude&crs=EPSG:4326&spatialIndex=no&subsetIndex=no&watchFile=no
"3123",Dactylis glomerata,Dactylis,glomerata,,,,exotic,unlisted,,48.894030559999997,-123.403816699999993,,NA,NA,"24701291",obs_exotic,file:///D:/Simon/Sync/Root/GIS/Biodiversity%20Data/obs_exotic.csv?type=csv&maxFields=10000&detectTypes=yes&xField=longitude&yField=latitude&crs=EPSG:4326&spatialIndex=no&subsetIndex=no&watchFile=no
"3124",Dactylis glomerata,Dactylis,glomerata,,,,exotic,unlisted,,48.872186169999999,-123.311837900000000,,NA,NA,"24707767",obs_exotic,file:///D:/Simon/Sync/Root/GIS/Biodiversity%20Data/obs_exotic.csv?type=csv&maxFields=10000&detectTypes=yes&xField=longitude&yField=latitude&crs=EPSG:4326&spatialIndex=no&subsetIndex=no&watchFile=no
"3125",Dactylis glomerata,Dactylis,glomerata,,,,exotic,unlisted,,48.962680470000002,-123.519495199999994,,NA,NA,"24710411",obs_exotic,file:///D:/Simon/Sync/Root/GIS/Biodiversity%20Data/obs_exotic.csv?type=csv&maxFields=10000&detectTypes=yes&xField=longitude&yField=latitude&crs=EPSG:4326&spatialIndex=no&subsetIndex=no&watchFile=no
"3126",Dactylis glomerata,Dactylis,glomerata,,,,exotic,unlisted,,48.962616670000003,-123.519316700000005,,NA,NA,"24710424",obs_exotic,file:///D:/Simon/Sync/Root/GIS/Biodiversity%20Data/obs_exotic.csv?type=csv&maxFields=10000&detectTypes=yes&xField=longitude&yField=latitude&crs=EPSG:4326&spatialIndex=no&subsetIndex=no&watchFile=no
"3127",Dactylis glomerata,Dactylis,glomerata,,,,exotic,unlisted,,48.962825000000002,-123.519019999999998,,NA,NA,"24870109",obs_exotic,file:///D:/Simon/Sync/Root/GIS/Biodiversity%20Data/obs_exotic.csv?type=csv&maxFields=10000&detectTypes=yes&xField=longitude&yField=latitude&crs=EPSG:4326&spatialIndex=no&subsetIndex=no&watchFile=no
"3128",Dactylis glomerata,Dactylis,glomerata,,,,exotic,unlisted,,48.872908330000001,-123.311638299999998,,NA,NA,"24874163",obs_exotic,file:///D:/Simon/Sync/Root/GIS/Biodiversity%20Data/obs_exotic.csv?type=csv&maxFields=10000&detectTypes=yes&xField=longitude&yField=latitude&crs=EPSG:4326&spatialIndex=no&subsetIndex=no&watchFile=no
"3129",Dactylis glomerata,Dactylis,glomerata,,,,exotic,unlisted,,48.871983329999999,-123.310955000000007,,NA,NA,"24874164",obs_exotic,file:///D:/Simon/Sync/Root/GIS/Biodiversity%20Data/obs_exotic.csv?type=csv&maxFields=10000&detectTypes=yes&xField=longitude&yField=latitude&crs=EPSG:4326&spatialIndex=no&subsetIndex=no&watchFile=no
"3130",Dactylis glomerata,Dactylis,glomerata,,,,exotic,unlisted,,48.962693170000001,-123.519445300000001,,NA,NA,"24936913",obs_exotic,file:///D:/Simon/Sync/Root/GIS/Biodiversity%20Data/obs_exotic.csv?type=csv&maxFields=10000&detectTypes=yes&xField=longitude&yField=latitude&crs=EPSG:4326&spatialIndex=no&subsetIndex=no&watchFile=no
"3131",Dactylis glomerata,Dactylis,glomerata,,,,exotic,unlisted,,48.872629529999998,-123.311888199999999,,NA,NA,"25148309",obs_exotic,file:///D:/Simon/Sync/Root/GIS/Biodiversity%20Data/obs_exotic.csv?type=csv&maxFields=10000&detectTypes=yes&xField=longitude&yField=latitude&crs=EPSG:4326&spatialIndex=no&subsetIndex=no&watchFile=no
"3132",Dactylis glomerata,Dactylis,glomerata,,,,exotic,unlisted,,48.898903240000003,-123.407717899999994,,NA,NA,"25476238",obs_exotic,file:///D:/Simon/Sync/Root/GIS/Biodiversity%20Data/obs_exotic.csv?type=csv&maxFields=10000&detectTypes=yes&xField=longitude&yField=latitude&crs=EPSG:4326&spatialIndex=no&subsetIndex=no&watchFile=no
"3133",Dactylis glomerata,Dactylis,glomerata,,,,exotic,unlisted,,48.962580559999999,-123.519438899999997,,NA,NA,"25654978",obs_exotic,file:///D:/Simon/Sync/Root/GIS/Biodiversity%20Data/obs_exotic.csv?type=csv&maxFields=10000&detectTypes=yes&xField=longitude&yField=latitude&crs=EPSG:4326&spatialIndex=no&subsetIndex=no&watchFile=no
"3134",Dactylis glomerata,Dactylis,glomerata,,,,exotic,unlisted,,48.866033330000000,-123.350558300000003,,NA,NA,"48304575",obs_exotic,file:///D:/Simon/Sync/Root/GIS/Biodiversity%20Data/obs_exotic.csv?type=csv&maxFields=10000&detectTypes=yes&xField=longitude&yField=latitude&crs=EPSG:4326&spatialIndex=no&subsetIndex=no&watchFile=no
"3135",Dactylis glomerata,Dactylis,glomerata,,,,exotic,unlisted,,48.938225000000003,-123.499754999999993,,NA,NA,"49133725",obs_exotic,file:///D:/Simon/Sync/Root/GIS/Biodiversity%20Data/obs_exotic.csv?type=csv&maxFields=10000&detectTypes=yes&xField=longitude&yField=latitude&crs=EPSG:4326&spatialIndex=no&subsetIndex=no&watchFile=no
"3136",Dactylis glomerata,Dactylis,glomerata,,,,exotic,unlisted,,48.927225860000000,-123.468482300000005,,NA,NA,"53336916",obs_exotic,file:///D:/Simon/Sync/Root/GIS/Biodiversity%20Data/obs_exotic.csv?type=csv&maxFields=10000&detectTypes=yes&xField=longitude&yField=latitude&crs=EPSG:4326&spatialIndex=no&subsetIndex=no&watchFile=no
"3137",Dactylis glomerata,Dactylis,glomerata,,,,exotic,unlisted,,48.932636559999999,-123.480125500000000,,NA,NA,"53383778",obs_exotic,file:///D:/Simon/Sync/Root/GIS/Biodiversity%20Data/obs_exotic.csv?type=csv&maxFields=10000&detectTypes=yes&xField=longitude&yField=latitude&crs=EPSG:4326&spatialIndex=no&subsetIndex=no&watchFile=no
"3138",Dactylis glomerata,Dactylis,glomerata,,,,exotic,unlisted,,48.932286400000002,-123.479375500000003,,NA,NA,"53398517",obs_exotic,file:///D:/Simon/Sync/Root/GIS/Biodiversity%20Data/obs_exotic.csv?type=csv&maxFields=10000&detectTypes=yes&xField=longitude&yField=latitude&crs=EPSG:4326&spatialIndex=no&subsetIndex=no&watchFile=no
"3139",Dactylis glomerata,Dactylis,glomerata,,,,exotic,unlisted,,48.868415100000000,-123.343911100000000,,NA,NA,"83597095",obs_exotic,file:///D:/Simon/Sync/Root/GIS/Biodiversity%20Data/obs_exotic.csv?type=csv&maxFields=10000&detectTypes=yes&xField=longitude&yField=latitude&crs=EPSG:4326&spatialIndex=no&subsetIndex=no&watchFile=no
"3140",Dactylis glomerata,Dactylis,glomerata,,,,exotic,unlisted,,48.873253329999997,-123.314674999999994,,NA,NA,"105893573",obs_exotic,file:///D:/Simon/Sync/Root/GIS/Biodiversity%20Data/obs_exotic.csv?type=csv&maxFields=10000&detectTypes=yes&xField=longitude&yField=latitude&crs=EPSG:4326&spatialIndex=no&subsetIndex=no&watchFile=no
"3141",Dactylis glomerata,Dactylis,glomerata,,,,exotic,unlisted,,48.930875000000000,-123.475494400000002,,NA,NA,"120618112",obs_exotic,file:///D:/Simon/Sync/Root/GIS/Biodiversity%20Data/obs_exotic.csv?type=csv&maxFields=10000&detectTypes=yes&xField=longitude&yField=latitude&crs=EPSG:4326&spatialIndex=no&subsetIndex=no&watchFile=no
"3142",Dactylis glomerata,Dactylis,glomerata,,,,exotic,unlisted,,48.871446669999997,-123.314644999999999,,NA,NA,"121538464",obs_exotic,file:///D:/Simon/Sync/Root/GIS/Biodiversity%20Data/obs_exotic.csv?type=csv&maxFields=10000&detectTypes=yes&xField=longitude&yField=latitude&crs=EPSG:4326&spatialIndex=no&subsetIndex=no&watchFile=no
"3143",Dactylis glomerata,Dactylis,glomerata,,,,exotic,unlisted,,48.926813889999998,-123.465994400000000,,NA,NA,"122868943",obs_exotic,file:///D:/Simon/Sync/Root/GIS/Biodiversity%20Data/obs_exotic.csv?type=csv&maxFields=10000&detectTypes=yes&xField=longitude&yField=latitude&crs=EPSG:4326&spatialIndex=no&subsetIndex=no&watchFile=no
"3144",Dactylis glomerata,Dactylis,glomerata,,,,exotic,unlisted,,49.012050000000002,-123.574541699999997,,NA,NA,"123934488",obs_exotic,file:///D:/Simon/Sync/Root/GIS/Biodiversity%20Data/obs_exotic.csv?type=csv&maxFields=10000&detectTypes=yes&xField=longitude&yField=latitude&crs=EPSG:4326&spatialIndex=no&subsetIndex=no&watchFile=no
"3152",Danthonia decumbens,Danthonia,decumbens,,,,exotic,unlisted,,48.870558330000001,-123.319086700000000,,NA,NA,"121538436",obs_exotic,file:///D:/Simon/Sync/Root/GIS/Biodiversity%20Data/obs_exotic.csv?type=csv&maxFields=10000&detectTypes=yes&xField=longitude&yField=latitude&crs=EPSG:4326&spatialIndex=no&subsetIndex=no&watchFile=no
"3153",Daphne laureola,Daphne,laureola,,,,exotic,unlisted,,48.867939000000000,-123.348527000000004,,NA,NA,"2602959",obs_exotic,file:///D:/Simon/Sync/Root/GIS/Biodiversity%20Data/obs_exotic.csv?type=csv&maxFields=10000&detectTypes=yes&xField=longitude&yField=latitude&crs=EPSG:4326&spatialIndex=no&subsetIndex=no&watchFile=no
"3154",Daphne laureola,Daphne,laureola,,,,exotic,unlisted,,48.866580999999996,-123.350264999999993,,NA,NA,"2603447",obs_exotic,file:///D:/Simon/Sync/Root/GIS/Biodiversity%20Data/obs_exotic.csv?type=csv&maxFields=10000&detectTypes=yes&xField=longitude&yField=latitude&crs=EPSG:4326&spatialIndex=no&subsetIndex=no&watchFile=no
"3155",Daphne laureola,Daphne,laureola,,,,exotic,unlisted,,48.869699650000001,-123.344095400000000,,NA,NA,"2647780",obs_exotic,file:///D:/Simon/Sync/Root/GIS/Biodiversity%20Data/obs_exotic.csv?type=csv&maxFields=10000&detectTypes=yes&xField=longitude&yField=latitude&crs=EPSG:4326&spatialIndex=no&subsetIndex=no&watchFile=no
"3156",Daphne laureola,Daphne,laureola,,,,exotic,unlisted,,48.861991670000002,-123.358199999999997,,NA,NA,"2647969",obs_exotic,file:///D:/Simon/Sync/Root/GIS/Biodiversity%20Data/obs_exotic.csv?type=csv&maxFields=10000&detectTypes=yes&xField=longitude&yField=latitude&crs=EPSG:4326&spatialIndex=no&subsetIndex=no&watchFile=no
"3157",Daphne laureola,Daphne,laureola,,,,exotic,unlisted,,48.897594150000003,-123.340281500000003,,NA,NA,"2648001",obs_exotic,file:///D:/Simon/Sync/Root/GIS/Biodiversity%20Data/obs_exotic.csv?type=csv&maxFields=10000&detectTypes=yes&xField=longitude&yField=latitude&crs=EPSG:4326&spatialIndex=no&subsetIndex=no&watchFile=no
"3158",Daphne laureola,Daphne,laureola,,,,exotic,unlisted,,48.892518000000003,-123.355072000000007,,NA,NA,"2772982",obs_exotic,file:///D:/Simon/Sync/Root/GIS/Biodiversity%20Data/obs_exotic.csv?type=csv&maxFields=10000&detectTypes=yes&xField=longitude&yField=latitude&crs=EPSG:4326&spatialIndex=no&subsetIndex=no&watchFile=no
"3159",Daphne laureola,Daphne,laureola,,,,exotic,unlisted,,48.900019780000001,-123.361401599999994,,NA,NA,"5647009",obs_exotic,file:///D:/Simon/Sync/Root/GIS/Biodiversity%20Data/obs_exotic.csv?type=csv&maxFields=10000&detectTypes=yes&xField=longitude&yField=latitude&crs=EPSG:4326&spatialIndex=no&subsetIndex=no&watchFile=no
"3160",Daphne laureola,Daphne,laureola,,,,exotic,unlisted,,48.869607000000002,-123.342412999999993,,NA,NA,"12634793",obs_exotic,file:///D:/Simon/Sync/Root/GIS/Biodiversity%20Data/obs_exotic.csv?type=csv&maxFields=10000&detectTypes=yes&xField=longitude&yField=latitude&crs=EPSG:4326&spatialIndex=no&subsetIndex=no&watchFile=no
"3161",Daphne laureola,Daphne,laureola,,,,exotic,unlisted,,48.866025999999998,-123.333974999999995,,NA,NA,"12817516",obs_exotic,file:///D:/Simon/Sync/Root/GIS/Biodiversity%20Data/obs_exotic.csv?type=csv&maxFields=10000&detectTypes=yes&xField=longitude&yField=latitude&crs=EPSG:4326&spatialIndex=no&subsetIndex=no&watchFile=no
"3162",Daphne laureola,Daphne,laureola,,,,exotic,unlisted,,48.867174849999998,-123.342318100000000,,NA,NA,"17164370",obs_exotic,file:///D:/Simon/Sync/Root/GIS/Biodiversity%20Data/obs_exotic.csv?type=csv&maxFields=10000&detectTypes=yes&xField=longitude&yField=latitude&crs=EPSG:4326&spatialIndex=no&subsetIndex=no&watchFile=no
"3163",Daphne laureola,Daphne,laureola,,,,exotic,unlisted,,48.874234999999999,-123.330008300000003,,NA,NA,"23830511",obs_exotic,file:///D:/Simon/Sync/Root/GIS/Biodiversity%20Data/obs_exotic.csv?type=csv&maxFields=10000&detectTypes=yes&xField=longitude&yField=latitude&crs=EPSG:4326&spatialIndex=no&subsetIndex=no&watchFile=no
"3164",Daphne laureola,Daphne,laureola,,,,exotic,unlisted,,48.871924999999997,-123.312958300000005,,NA,NA,"24701415",obs_exotic,file:///D:/Simon/Sync/Root/GIS/Biodiversity%20Data/obs_exotic.csv?type=csv&maxFields=10000&detectTypes=yes&xField=longitude&yField=latitude&crs=EPSG:4326&spatialIndex=no&subsetIndex=no&watchFile=no
"3165",Daphne laureola,Daphne,laureola,,,,exotic,unlisted,,48.871905560000002,-123.312263900000005,,NA,NA,"24824115",obs_exotic,file:///D:/Simon/Sync/Root/GIS/Biodiversity%20Data/obs_exotic.csv?type=csv&maxFields=10000&detectTypes=yes&xField=longitude&yField=latitude&crs=EPSG:4326&spatialIndex=no&subsetIndex=no&watchFile=no
"3166",Daphne laureola,Daphne,laureola,,,,exotic,unlisted,,48.871780559999998,-123.312333300000006,,NA,NA,"24824149",obs_exotic,file:///D:/Simon/Sync/Root/GIS/Biodiversity%20Data/obs_exotic.csv?type=csv&maxFields=10000&detectTypes=yes&xField=longitude&yField=latitude&crs=EPSG:4326&spatialIndex=no&subsetIndex=no&watchFile=no
"3167",Daphne laureola,Daphne,laureola,,,,exotic,unlisted,,48.871930560000003,-123.312408300000001,,NA,NA,"24824164",obs_exotic,file:///D:/Simon/Sync/Root/GIS/Biodiversity%20Data/obs_exotic.csv?type=csv&maxFields=10000&detectTypes=yes&xField=longitude&yField=latitude&crs=EPSG:4326&spatialIndex=no&subsetIndex=no&watchFile=no
"3168",Daphne laureola,Daphne,laureola,,,,exotic,unlisted,,48.871941669999998,-123.312919399999998,,NA,NA,"25048317",obs_exotic,file:///D:/Simon/Sync/Root/GIS/Biodiversity%20Data/obs_exotic.csv?type=csv&maxFields=10000&detectTypes=yes&xField=longitude&yField=latitude&crs=EPSG:4326&spatialIndex=no&subsetIndex=no&watchFile=no
"3169",Daphne laureola,Daphne,laureola,,,,exotic,unlisted,,48.869001339999997,-123.312528799999995,,NA,NA,"25482798",obs_exotic,file:///D:/Simon/Sync/Root/GIS/Biodiversity%20Data/obs_exotic.csv?type=csv&maxFields=10000&detectTypes=yes&xField=longitude&yField=latitude&crs=EPSG:4326&spatialIndex=no&subsetIndex=no&watchFile=no
"3170",Daphne laureola,Daphne,laureola,,,,exotic,unlisted,,48.885259150000003,-123.321748400000004,,NA,NA,"40413019",obs_exotic,file:///D:/Simon/Sync/Root/GIS/Biodiversity%20Data/obs_exotic.csv?type=csv&maxFields=10000&detectTypes=yes&xField=longitude&yField=latitude&crs=EPSG:4326&spatialIndex=no&subsetIndex=no&watchFile=no
"3171",Daphne laureola,Daphne,laureola,,,,exotic,unlisted,,48.866043910000002,-123.350611799999996,,NA,NA,"43555511",obs_exotic,file:///D:/Simon/Sync/Root/GIS/Biodiversity%20Data/obs_exotic.csv?type=csv&maxFields=10000&detectTypes=yes&xField=longitude&yField=latitude&crs=EPSG:4326&spatialIndex=no&subsetIndex=no&watchFile=no
"3172",Daphne laureola,Daphne,laureola,,,,exotic,unlisted,,48.911088720000002,-123.397677299999998,,NA,NA,"47174806",obs_exotic,file:///D:/Simon/Sync/Root/GIS/Biodiversity%20Data/obs_exotic.csv?type=csv&maxFields=10000&detectTypes=yes&xField=longitude&yField=latitude&crs=EPSG:4326&spatialIndex=no&subsetIndex=no&watchFile=no
"3173",Daphne laureola,Daphne,laureola,,,,exotic,unlisted,,48.866027780000003,-123.350555600000007,,NA,NA,"48304580",obs_exotic,file:///D:/Simon/Sync/Root/GIS/Biodiversity%20Data/obs_exotic.csv?type=csv&maxFields=10000&detectTypes=yes&xField=longitude&yField=latitude&crs=EPSG:4326&spatialIndex=no&subsetIndex=no&watchFile=no
"3174",Daphne laureola,Daphne,laureola,,,,exotic,unlisted,,48.872374999999998,-123.312796700000007,,NA,NA,"57789504",obs_exotic,file:///D:/Simon/Sync/Root/GIS/Biodiversity%20Data/obs_exotic.csv?type=csv&maxFields=10000&detectTypes=yes&xField=longitude&yField=latitude&crs=EPSG:4326&spatialIndex=no&subsetIndex=no&watchFile=no
"3175",Daphne laureola,Daphne,laureola,,,,exotic,unlisted,,48.865243589999999,-123.352306200000001,,NA,NA,"66860040",obs_exotic,file:///D:/Simon/Sync/Root/GIS/Biodiversity%20Data/obs_exotic.csv?type=csv&maxFields=10000&detectTypes=yes&xField=longitude&yField=latitude&crs=EPSG:4326&spatialIndex=no&subsetIndex=no&watchFile=no
"3176",Daphne laureola,Daphne,laureola,,,,exotic,unlisted,,48.865676000000001,-123.350314999999995,,NA,NA,"70958452",obs_exotic,file:///D:/Simon/Sync/Root/GIS/Biodiversity%20Data/obs_exotic.csv?type=csv&maxFields=10000&detectTypes=yes&xField=longitude&yField=latitude&crs=EPSG:4326&spatialIndex=no&subsetIndex=no&watchFile=no
"3177",Daphne laureola,Daphne,laureola,,,,exotic,unlisted,,48.865158370000003,-123.352688200000003,,NA,NA,"83596910",obs_exotic,file:///D:/Simon/Sync/Root/GIS/Biodiversity%20Data/obs_exotic.csv?type=csv&maxFields=10000&detectTypes=yes&xField=longitude&yField=latitude&crs=EPSG:4326&spatialIndex=no&subsetIndex=no&watchFile=no
"3178",Daphne laureola,Daphne,laureola,,,,exotic,unlisted,,48.864948329999997,-123.364255000000000,,NA,NA,"85291247",obs_exotic,file:///D:/Simon/Sync/Root/GIS/Biodiversity%20Data/obs_exotic.csv?type=csv&maxFields=10000&detectTypes=yes&xField=longitude&yField=latitude&crs=EPSG:4326&spatialIndex=no&subsetIndex=no&watchFile=no
"3179",Daphne laureola,Daphne,laureola,,,,exotic,unlisted,,48.874346670000001,-123.319641700000005,,NA,NA,"86360299",obs_exotic,file:///D:/Simon/Sync/Root/GIS/Biodiversity%20Data/obs_exotic.csv?type=csv&maxFields=10000&detectTypes=yes&xField=longitude&yField=latitude&crs=EPSG:4326&spatialIndex=no&subsetIndex=no&watchFile=no
"3180",Daphne laureola,Daphne,laureola,,,,exotic,unlisted,,48.900101970000001,-123.342186999999996,,NA,NA,"100435204",obs_exotic,file:///D:/Simon/Sync/Root/GIS/Biodiversity%20Data/obs_exotic.csv?type=csv&maxFields=10000&detectTypes=yes&xField=longitude&yField=latitude&crs=EPSG:4326&spatialIndex=no&subsetIndex=no&watchFile=no
"3181",Daphne laureola,Daphne,laureola,,,,exotic,unlisted,,48.903317880000003,-123.373982900000001,,NA,NA,"114056464",obs_exotic,file:///D:/Simon/Sync/Root/GIS/Biodiversity%20Data/obs_exotic.csv?type=csv&maxFields=10000&detectTypes=yes&xField=longitude&yField=latitude&crs=EPSG:4326&spatialIndex=no&subsetIndex=no&watchFile=no
"3182",Daphne laureola,Daphne,laureola,,,,exotic,unlisted,,48.863399999999999,-123.329890000000006,,NA,NA,"114482578",obs_exotic,file:///D:/Simon/Sync/Root/GIS/Biodiversity%20Data/obs_exotic.csv?type=csv&maxFields=10000&detectTypes=yes&xField=longitude&yField=latitude&crs=EPSG:4326&spatialIndex=no&subsetIndex=no&watchFile=no
"3183",Daphne laureola,Daphne,laureola,,,,exotic,unlisted,,48.863963329999997,-123.316329999999994,,NA,NA,"116784815",obs_exotic,file:///D:/Simon/Sync/Root/GIS/Biodiversity%20Data/obs_exotic.csv?type=csv&maxFields=10000&detectTypes=yes&xField=longitude&yField=latitude&crs=EPSG:4326&spatialIndex=no&subsetIndex=no&watchFile=no
"3184",Daphne laureola,Daphne,laureola,,,,exotic,unlisted,,48.862846670000003,-123.350463300000001,,NA,NA,"121538577",obs_exotic,file:///D:/Simon/Sync/Root/GIS/Biodiversity%20Data/obs_exotic.csv?type=csv&maxFields=10000&detectTypes=yes&xField=longitude&yField=latitude&crs=EPSG:4326&spatialIndex=no&subsetIndex=no&watchFile=no
"3185",Daphne laureola,Daphne,laureola,,,,exotic,unlisted,,48.862843779999999,-123.351224599999995,,NA,NA,"122258266",obs_exotic,file:///D:/Simon/Sync/Root/GIS/Biodiversity%20Data/obs_exotic.csv?type=csv&maxFields=10000&detectTypes=yes&xField=longitude&yField=latitude&crs=EPSG:4326&spatialIndex=no&subsetIndex=no&watchFile=no
"3186",Daphne laureola,Daphne,laureola,,,,exotic,unlisted,,48.862630000000003,-123.351311699999997,,NA,NA,"122258273",obs_exotic,file:///D:/Simon/Sync/Root/GIS/Biodiversity%20Data/obs_exotic.csv?type=csv&maxFields=10000&detectTypes=yes&xField=longitude&yField=latitude&crs=EPSG:4326&spatialIndex=no&subsetIndex=no&watchFile=no
"3187",Daphne laureola,Daphne,laureola,,,,exotic,unlisted,,48.872264870000002,-123.311630199999996,,NA,NA,"123644174",obs_exotic,file:///D:/Simon/Sync/Root/GIS/Biodiversity%20Data/obs_exotic.csv?type=csv&maxFields=10000&detectTypes=yes&xField=longitude&yField=latitude&crs=EPSG:4326&spatialIndex=no&subsetIndex=no&watchFile=no
"3188",Daphne laureola,Daphne,laureola,,,,exotic,unlisted,,48.881106670000001,-123.323845000000006,,NA,NA,"127184008",obs_exotic,file:///D:/Simon/Sync/Root/GIS/Biodiversity%20Data/obs_exotic.csv?type=csv&maxFields=10000&detectTypes=yes&xField=longitude&yField=latitude&crs=EPSG:4326&spatialIndex=no&subsetIndex=no&watchFile=no
"3189",Daphne laureola,Daphne,laureola,,,,exotic,unlisted,,48.866075940000002,-123.351331900000005,,NA,NA,"130272697",obs_exotic,file:///D:/Simon/Sync/Root/GIS/Biodiversity%20Data/obs_exotic.csv?type=csv&maxFields=10000&detectTypes=yes&xField=longitude&yField=latitude&crs=EPSG:4326&spatialIndex=no&subsetIndex=no&watchFile=no
"3190",Daphne laureola,Daphne,laureola,,,,exotic,unlisted,,48.870175000000003,-123.319366700000003,,NA,NA,"130334829",obs_exotic,file:///D:/Simon/Sync/Root/GIS/Biodiversity%20Data/obs_exotic.csv?type=csv&maxFields=10000&detectTypes=yes&xField=longitude&yField=latitude&crs=EPSG:4326&spatialIndex=no&subsetIndex=no&watchFile=no
"3191",Daucus carota,Daucus,carota,,,,exotic,unlisted,,48.892907000000001,-123.390765999999999,,NA,NA,"3652719",obs_exotic,file:///D:/Simon/Sync/Root/GIS/Biodiversity%20Data/obs_exotic.csv?type=csv&maxFields=10000&detectTypes=yes&xField=longitude&yField=latitude&crs=EPSG:4326&spatialIndex=no&subsetIndex=no&watchFile=no
"3192",Daucus carota,Daucus,carota,,,,exotic,unlisted,,48.892460999999997,-123.389296999999999,,NA,NA,"3657397",obs_exotic,file:///D:/Simon/Sync/Root/GIS/Biodiversity%20Data/obs_exotic.csv?type=csv&maxFields=10000&detectTypes=yes&xField=longitude&yField=latitude&crs=EPSG:4326&spatialIndex=no&subsetIndex=no&watchFile=no
"3193",Daucus carota,Daucus,carota,,,,exotic,unlisted,,48.894743949999999,-123.405110800000003,,NA,NA,"3701042",obs_exotic,file:///D:/Simon/Sync/Root/GIS/Biodiversity%20Data/obs_exotic.csv?type=csv&maxFields=10000&detectTypes=yes&xField=longitude&yField=latitude&crs=EPSG:4326&spatialIndex=no&subsetIndex=no&watchFile=no
"3194",Daucus carota,Daucus,carota,,,,exotic,unlisted,,48.899122929999997,-123.407595299999997,,NA,NA,"25476201",obs_exotic,file:///D:/Simon/Sync/Root/GIS/Biodiversity%20Data/obs_exotic.csv?type=csv&maxFields=10000&detectTypes=yes&xField=longitude&yField=latitude&crs=EPSG:4326&spatialIndex=no&subsetIndex=no&watchFile=no
"3195",Daucus carota,Daucus,carota,,,,exotic,unlisted,,48.911697259999997,-123.387063499999996,,NA,NA,"60492349",obs_exotic,file:///D:/Simon/Sync/Root/GIS/Biodiversity%20Data/obs_exotic.csv?type=csv&maxFields=10000&detectTypes=yes&xField=longitude&yField=latitude&crs=EPSG:4326&spatialIndex=no&subsetIndex=no&watchFile=no
"3196",Daucus carota,Daucus,carota,,,,exotic,unlisted,,48.928427050000003,-123.468193999999997,,NA,NA,"83974818",obs_exotic,file:///D:/Simon/Sync/Root/GIS/Biodiversity%20Data/obs_exotic.csv?type=csv&maxFields=10000&detectTypes=yes&xField=longitude&yField=latitude&crs=EPSG:4326&spatialIndex=no&subsetIndex=no&watchFile=no
"3197",Daucus carota,Daucus,carota,,,,exotic,unlisted,,48.887088329999997,-123.407721699999996,,NA,NA,"94501200",obs_exotic,file:///D:/Simon/Sync/Root/GIS/Biodiversity%20Data/obs_exotic.csv?type=csv&maxFields=10000&detectTypes=yes&xField=longitude&yField=latitude&crs=EPSG:4326&spatialIndex=no&subsetIndex=no&watchFile=no
"3198",Daucus carota,Daucus,carota,,,,exotic,unlisted,,48.883887219999998,-123.351246399999994,,NA,NA,"97226931",obs_exotic,file:///D:/Simon/Sync/Root/GIS/Biodiversity%20Data/obs_exotic.csv?type=csv&maxFields=10000&detectTypes=yes&xField=longitude&yField=latitude&crs=EPSG:4326&spatialIndex=no&subsetIndex=no&watchFile=no
"3199",Daucus carota,Daucus,carota,,,,exotic,unlisted,,48.978553329999997,-123.566108299999996,,NA,NA,"130423819",obs_exotic,file:///D:/Simon/Sync/Root/GIS/Biodiversity%20Data/obs_exotic.csv?type=csv&maxFields=10000&detectTypes=yes&xField=longitude&yField=latitude&crs=EPSG:4326&spatialIndex=no&subsetIndex=no&watchFile=no
"3200",Daucus carota,Daucus,carota,,,,exotic,unlisted,,48.871146670000002,-123.319328299999995,,NA,NA,"130445158",obs_exotic,file:///D:/Simon/Sync/Root/GIS/Biodiversity%20Data/obs_exotic.csv?type=csv&maxFields=10000&detectTypes=yes&xField=longitude&yField=latitude&crs=EPSG:4326&spatialIndex=no&subsetIndex=no&watchFile=no
"3201",Daucus carota,Daucus,carota,,,,exotic,unlisted,,48.983847699999998,-123.571998399999998,,NA,NA,"134738958",obs_exotic,file:///D:/Simon/Sync/Root/GIS/Biodiversity%20Data/obs_exotic.csv?type=csv&maxFields=10000&detectTypes=yes&xField=longitude&yField=latitude&crs=EPSG:4326&spatialIndex=no&subsetIndex=no&watchFile=no
"3273",Dianthus armeria,Dianthus,armeria,,,,exotic,unlisted,,48.899206669999998,-123.361806700000002,,NA,NA,"14220758",obs_exotic,file:///D:/Simon/Sync/Root/GIS/Biodiversity%20Data/obs_exotic.csv?type=csv&maxFields=10000&detectTypes=yes&xField=longitude&yField=latitude&crs=EPSG:4326&spatialIndex=no&subsetIndex=no&watchFile=no
"3274",Dianthus armeria,Dianthus,armeria,,,,exotic,unlisted,,48.992428330000003,-123.574791700000006,,NA,NA,"97254373",obs_exotic,file:///D:/Simon/Sync/Root/GIS/Biodiversity%20Data/obs_exotic.csv?type=csv&maxFields=10000&detectTypes=yes&xField=longitude&yField=latitude&crs=EPSG:4326&spatialIndex=no&subsetIndex=no&watchFile=no
"3275",Dianthus armeria,Dianthus,armeria,,,,exotic,unlisted,,48.913339160000000,-123.412623499999995,,NA,NA,"125882227",obs_exotic,file:///D:/Simon/Sync/Root/GIS/Biodiversity%20Data/obs_exotic.csv?type=csv&maxFields=10000&detectTypes=yes&xField=longitude&yField=latitude&crs=EPSG:4326&spatialIndex=no&subsetIndex=no&watchFile=no
"3276",Digitalis purpurea,Digitalis,purpurea,,,,exotic,unlisted,,48.932622000000002,-123.474827000000005,,NA,NA,"2563742",obs_exotic,file:///D:/Simon/Sync/Root/GIS/Biodiversity%20Data/obs_exotic.csv?type=csv&maxFields=10000&detectTypes=yes&xField=longitude&yField=latitude&crs=EPSG:4326&spatialIndex=no&subsetIndex=no&watchFile=no
"3277",Digitalis purpurea,Digitalis,purpurea,,,,exotic,unlisted,,48.933044000000002,-123.475083999999995,,NA,NA,"2563867",obs_exotic,file:///D:/Simon/Sync/Root/GIS/Biodiversity%20Data/obs_exotic.csv?type=csv&maxFields=10000&detectTypes=yes&xField=longitude&yField=latitude&crs=EPSG:4326&spatialIndex=no&subsetIndex=no&watchFile=no
"3278",Digitalis purpurea,Digitalis,purpurea,,,,exotic,unlisted,,48.930885000000004,-123.473765000000000,,NA,NA,"2583291",obs_exotic,file:///D:/Simon/Sync/Root/GIS/Biodiversity%20Data/obs_exotic.csv?type=csv&maxFields=10000&detectTypes=yes&xField=longitude&yField=latitude&crs=EPSG:4326&spatialIndex=no&subsetIndex=no&watchFile=no
"3279",Digitalis purpurea,Digitalis,purpurea,,,,exotic,unlisted,,48.930368000000001,-123.476265999999995,,NA,NA,"2617631",obs_exotic,file:///D:/Simon/Sync/Root/GIS/Biodiversity%20Data/obs_exotic.csv?type=csv&maxFields=10000&detectTypes=yes&xField=longitude&yField=latitude&crs=EPSG:4326&spatialIndex=no&subsetIndex=no&watchFile=no
"3280",Digitalis purpurea,Digitalis,purpurea,,,,exotic,unlisted,,48.930112000000001,-123.467187999999993,,NA,NA,"2629772",obs_exotic,file:///D:/Simon/Sync/Root/GIS/Biodiversity%20Data/obs_exotic.csv?type=csv&maxFields=10000&detectTypes=yes&xField=longitude&yField=latitude&crs=EPSG:4326&spatialIndex=no&subsetIndex=no&watchFile=no
"3281",Digitalis purpurea,Digitalis,purpurea,,,,exotic,unlisted,,48.920330999999997,-123.450632999999996,,NA,NA,"2635129",obs_exotic,file:///D:/Simon/Sync/Root/GIS/Biodiversity%20Data/obs_exotic.csv?type=csv&maxFields=10000&detectTypes=yes&xField=longitude&yField=latitude&crs=EPSG:4326&spatialIndex=no&subsetIndex=no&watchFile=no
"3282",Digitalis purpurea,Digitalis,purpurea,,,,exotic,unlisted,,48.931071000000003,-123.473367999999994,,NA,NA,"2663821",obs_exotic,file:///D:/Simon/Sync/Root/GIS/Biodiversity%20Data/obs_exotic.csv?type=csv&maxFields=10000&detectTypes=yes&xField=longitude&yField=latitude&crs=EPSG:4326&spatialIndex=no&subsetIndex=no&watchFile=no
"3283",Digitalis purpurea,Digitalis,purpurea,,,,exotic,unlisted,,48.892518000000003,-123.355072000000007,,NA,NA,"2772994",obs_exotic,file:///D:/Simon/Sync/Root/GIS/Biodiversity%20Data/obs_exotic.csv?type=csv&maxFields=10000&detectTypes=yes&xField=longitude&yField=latitude&crs=EPSG:4326&spatialIndex=no&subsetIndex=no&watchFile=no
"3284",Digitalis purpurea,Digitalis,purpurea,,,,exotic,unlisted,,48.915906000000000,-123.422921000000002,,NA,NA,"3123109",obs_exotic,file:///D:/Simon/Sync/Root/GIS/Biodiversity%20Data/obs_exotic.csv?type=csv&maxFields=10000&detectTypes=yes&xField=longitude&yField=latitude&crs=EPSG:4326&spatialIndex=no&subsetIndex=no&watchFile=no
"3285",Digitalis purpurea,Digitalis,purpurea,,,,exotic,unlisted,,48.916442000000004,-123.425903000000005,,NA,NA,"3190708",obs_exotic,file:///D:/Simon/Sync/Root/GIS/Biodiversity%20Data/obs_exotic.csv?type=csv&maxFields=10000&detectTypes=yes&xField=longitude&yField=latitude&crs=EPSG:4326&spatialIndex=no&subsetIndex=no&watchFile=no
"3286",Digitalis purpurea,Digitalis,purpurea,,,,exotic,unlisted,,48.985883999999999,-123.559541999999993,,NA,NA,"3296566",obs_exotic,file:///D:/Simon/Sync/Root/GIS/Biodiversity%20Data/obs_exotic.csv?type=csv&maxFields=10000&detectTypes=yes&xField=longitude&yField=latitude&crs=EPSG:4326&spatialIndex=no&subsetIndex=no&watchFile=no
"3287",Digitalis purpurea,Digitalis,purpurea,,,,exotic,unlisted,,48.932811000000001,-123.481447000000003,,NA,NA,"3329652",obs_exotic,file:///D:/Simon/Sync/Root/GIS/Biodiversity%20Data/obs_exotic.csv?type=csv&maxFields=10000&detectTypes=yes&xField=longitude&yField=latitude&crs=EPSG:4326&spatialIndex=no&subsetIndex=no&watchFile=no
"3288",Digitalis purpurea,Digitalis,purpurea,,,,exotic,unlisted,,48.915652000000001,-123.426826000000005,,NA,NA,"3335386",obs_exotic,file:///D:/Simon/Sync/Root/GIS/Biodiversity%20Data/obs_exotic.csv?type=csv&maxFields=10000&detectTypes=yes&xField=longitude&yField=latitude&crs=EPSG:4326&spatialIndex=no&subsetIndex=no&watchFile=no
"3289",Digitalis purpurea,Digitalis,purpurea,,,,exotic,unlisted,,48.915652000000001,-123.426826000000005,,NA,NA,"3335393",obs_exotic,file:///D:/Simon/Sync/Root/GIS/Biodiversity%20Data/obs_exotic.csv?type=csv&maxFields=10000&detectTypes=yes&xField=longitude&yField=latitude&crs=EPSG:4326&spatialIndex=no&subsetIndex=no&watchFile=no
"3290",Digitalis purpurea,Digitalis,purpurea,,,,exotic,unlisted,,48.963624000000003,-123.550100000000000,,NA,NA,"3517762",obs_exotic,file:///D:/Simon/Sync/Root/GIS/Biodiversity%20Data/obs_exotic.csv?type=csv&maxFields=10000&detectTypes=yes&xField=longitude&yField=latitude&crs=EPSG:4326&spatialIndex=no&subsetIndex=no&watchFile=no
"3291",Digitalis purpurea,Digitalis,purpurea,,,,exotic,unlisted,,48.897001060000001,-123.376808199999999,,NA,NA,"5185536",obs_exotic,file:///D:/Simon/Sync/Root/GIS/Biodiversity%20Data/obs_exotic.csv?type=csv&maxFields=10000&detectTypes=yes&xField=longitude&yField=latitude&crs=EPSG:4326&spatialIndex=no&subsetIndex=no&watchFile=no
"3292",Digitalis purpurea,Digitalis,purpurea,,,,exotic,unlisted,,48.900019780000001,-123.361401599999994,,NA,NA,"5647007",obs_exotic,file:///D:/Simon/Sync/Root/GIS/Biodiversity%20Data/obs_exotic.csv?type=csv&maxFields=10000&detectTypes=yes&xField=longitude&yField=latitude&crs=EPSG:4326&spatialIndex=no&subsetIndex=no&watchFile=no
"3293",Digitalis purpurea,Digitalis,purpurea,,,,exotic,unlisted,,48.906282330000003,-123.358955399999999,,NA,NA,"5885682",obs_exotic,file:///D:/Simon/Sync/Root/GIS/Biodiversity%20Data/obs_exotic.csv?type=csv&maxFields=10000&detectTypes=yes&xField=longitude&yField=latitude&crs=EPSG:4326&spatialIndex=no&subsetIndex=no&watchFile=no
"3294",Digitalis purpurea,Digitalis,purpurea,,,,exotic,unlisted,,48.897903870000000,-123.362978699999999,,NA,NA,"5993180",obs_exotic,file:///D:/Simon/Sync/Root/GIS/Biodiversity%20Data/obs_exotic.csv?type=csv&maxFields=10000&detectTypes=yes&xField=longitude&yField=latitude&crs=EPSG:4326&spatialIndex=no&subsetIndex=no&watchFile=no
"3295",Digitalis purpurea,Digitalis,purpurea,,,,exotic,unlisted,,48.930267420000000,-123.475706599999995,,NA,NA,"6411217",obs_exotic,file:///D:/Simon/Sync/Root/GIS/Biodiversity%20Data/obs_exotic.csv?type=csv&maxFields=10000&detectTypes=yes&xField=longitude&yField=latitude&crs=EPSG:4326&spatialIndex=no&subsetIndex=no&watchFile=no
"3296",Digitalis purpurea,Digitalis,purpurea,,,,exotic,unlisted,,48.866500000000002,-123.350668999999996,,NA,NA,"6531979",obs_exotic,file:///D:/Simon/Sync/Root/GIS/Biodiversity%20Data/obs_exotic.csv?type=csv&maxFields=10000&detectTypes=yes&xField=longitude&yField=latitude&crs=EPSG:4326&spatialIndex=no&subsetIndex=no&watchFile=no
"3297",Digitalis purpurea,Digitalis,purpurea,,,,exotic,unlisted,,48.876598770000001,-123.383266899999995,,NA,NA,"6714905",obs_exotic,file:///D:/Simon/Sync/Root/GIS/Biodiversity%20Data/obs_exotic.csv?type=csv&maxFields=10000&detectTypes=yes&xField=longitude&yField=latitude&crs=EPSG:4326&spatialIndex=no&subsetIndex=no&watchFile=no
"3298",Digitalis purpurea,Digitalis,purpurea,,,,exotic,unlisted,,48.876746949999998,-123.381378699999999,,NA,NA,"6714921",obs_exotic,file:///D:/Simon/Sync/Root/GIS/Biodiversity%20Data/obs_exotic.csv?type=csv&maxFields=10000&detectTypes=yes&xField=longitude&yField=latitude&crs=EPSG:4326&spatialIndex=no&subsetIndex=no&watchFile=no
"3299",Digitalis purpurea,Digitalis,purpurea,,,,exotic,unlisted,,48.874552000000001,-123.383330999999998,,NA,NA,"6817527",obs_exotic,file:///D:/Simon/Sync/Root/GIS/Biodiversity%20Data/obs_exotic.csv?type=csv&maxFields=10000&detectTypes=yes&xField=longitude&yField=latitude&crs=EPSG:4326&spatialIndex=no&subsetIndex=no&watchFile=no
"3300",Digitalis purpurea,Digitalis,purpurea,,,,exotic,unlisted,,48.875363999999998,-123.384596999999999,,NA,NA,"6818145",obs_exotic,file:///D:/Simon/Sync/Root/GIS/Biodiversity%20Data/obs_exotic.csv?type=csv&maxFields=10000&detectTypes=yes&xField=longitude&yField=latitude&crs=EPSG:4326&spatialIndex=no&subsetIndex=no&watchFile=no
"3301",Digitalis purpurea,Digitalis,purpurea,,,,exotic,unlisted,,48.875116949999999,-123.378760799999995,,NA,NA,"7280616",obs_exotic,file:///D:/Simon/Sync/Root/GIS/Biodiversity%20Data/obs_exotic.csv?type=csv&maxFields=10000&detectTypes=yes&xField=longitude&yField=latitude&crs=EPSG:4326&spatialIndex=no&subsetIndex=no&watchFile=no
"3302",Digitalis purpurea,Digitalis,purpurea,,,,exotic,unlisted,,48.915683330000000,-123.396308300000001,,NA,NA,"11578133",obs_exotic,file:///D:/Simon/Sync/Root/GIS/Biodiversity%20Data/obs_exotic.csv?type=csv&maxFields=10000&detectTypes=yes&xField=longitude&yField=latitude&crs=EPSG:4326&spatialIndex=no&subsetIndex=no&watchFile=no
"3303",Digitalis purpurea,Digitalis,purpurea,,,,exotic,unlisted,,48.889881000000003,-123.376003999999995,,NA,NA,"12944911",obs_exotic,file:///D:/Simon/Sync/Root/GIS/Biodiversity%20Data/obs_exotic.csv?type=csv&maxFields=10000&detectTypes=yes&xField=longitude&yField=latitude&crs=EPSG:4326&spatialIndex=no&subsetIndex=no&watchFile=no
"3304",Digitalis purpurea,Digitalis,purpurea,,,,exotic,unlisted,,48.867342000000001,-123.375662000000005,,NA,NA,"13031442",obs_exotic,file:///D:/Simon/Sync/Root/GIS/Biodiversity%20Data/obs_exotic.csv?type=csv&maxFields=10000&detectTypes=yes&xField=longitude&yField=latitude&crs=EPSG:4326&spatialIndex=no&subsetIndex=no&watchFile=no
"3305",Digitalis purpurea,Digitalis,purpurea,,,,exotic,unlisted,,48.927897999999999,-123.442724999999996,,NA,NA,"13167379",obs_exotic,file:///D:/Simon/Sync/Root/GIS/Biodiversity%20Data/obs_exotic.csv?type=csv&maxFields=10000&detectTypes=yes&xField=longitude&yField=latitude&crs=EPSG:4326&spatialIndex=no&subsetIndex=no&watchFile=no
"3306",Digitalis purpurea,Digitalis,purpurea,,,,exotic,unlisted,,48.877100839999997,-123.319714300000001,,NA,NA,"13198321",obs_exotic,file:///D:/Simon/Sync/Root/GIS/Biodiversity%20Data/obs_exotic.csv?type=csv&maxFields=10000&detectTypes=yes&xField=longitude&yField=latitude&crs=EPSG:4326&spatialIndex=no&subsetIndex=no&watchFile=no
"3307",Digitalis purpurea,Digitalis,purpurea,,,,exotic,unlisted,,48.941774660000000,-123.478167799999994,,NA,NA,"13198953",obs_exotic,file:///D:/Simon/Sync/Root/GIS/Biodiversity%20Data/obs_exotic.csv?type=csv&maxFields=10000&detectTypes=yes&xField=longitude&yField=latitude&crs=EPSG:4326&spatialIndex=no&subsetIndex=no&watchFile=no
"3308",Digitalis purpurea,Digitalis,purpurea,,,,exotic,unlisted,,48.979329190000001,-123.558008299999997,,NA,NA,"13319977",obs_exotic,file:///D:/Simon/Sync/Root/GIS/Biodiversity%20Data/obs_exotic.csv?type=csv&maxFields=10000&detectTypes=yes&xField=longitude&yField=latitude&crs=EPSG:4326&spatialIndex=no&subsetIndex=no&watchFile=no
"3309",Digitalis purpurea,Digitalis,purpurea,,,,exotic,unlisted,,48.880108999999997,-123.341578999999996,,NA,NA,"13964906",obs_exotic,file:///D:/Simon/Sync/Root/GIS/Biodiversity%20Data/obs_exotic.csv?type=csv&maxFields=10000&detectTypes=yes&xField=longitude&yField=latitude&crs=EPSG:4326&spatialIndex=no&subsetIndex=no&watchFile=no
"3310",Digitalis purpurea,Digitalis,purpurea,,,,exotic,unlisted,,48.961341670000003,-123.517595000000000,,NA,NA,"24633848",obs_exotic,file:///D:/Simon/Sync/Root/GIS/Biodiversity%20Data/obs_exotic.csv?type=csv&maxFields=10000&detectTypes=yes&xField=longitude&yField=latitude&crs=EPSG:4326&spatialIndex=no&subsetIndex=no&watchFile=no
"3311",Digitalis purpurea,Digitalis,purpurea,,,,exotic,unlisted,,48.962997219999998,-123.517027799999994,,NA,NA,"24663863",obs_exotic,file:///D:/Simon/Sync/Root/GIS/Biodiversity%20Data/obs_exotic.csv?type=csv&maxFields=10000&detectTypes=yes&xField=longitude&yField=latitude&crs=EPSG:4326&spatialIndex=no&subsetIndex=no&watchFile=no
"3312",Digitalis purpurea,Digitalis,purpurea,,,,exotic,unlisted,,48.963027779999997,-123.517333300000004,,NA,NA,"24665089",obs_exotic,file:///D:/Simon/Sync/Root/GIS/Biodiversity%20Data/obs_exotic.csv?type=csv&maxFields=10000&detectTypes=yes&xField=longitude&yField=latitude&crs=EPSG:4326&spatialIndex=no&subsetIndex=no&watchFile=no
"3313",Digitalis purpurea,Digitalis,purpurea,,,,exotic,unlisted,,48.962944440000001,-123.517005600000005,,NA,NA,"24665138",obs_exotic,file:///D:/Simon/Sync/Root/GIS/Biodiversity%20Data/obs_exotic.csv?type=csv&maxFields=10000&detectTypes=yes&xField=longitude&yField=latitude&crs=EPSG:4326&spatialIndex=no&subsetIndex=no&watchFile=no
"3314",Digitalis purpurea,Digitalis,purpurea,,,,exotic,unlisted,,48.963836110000003,-123.515961099999998,,NA,NA,"24665192",obs_exotic,file:///D:/Simon/Sync/Root/GIS/Biodiversity%20Data/obs_exotic.csv?type=csv&maxFields=10000&detectTypes=yes&xField=longitude&yField=latitude&crs=EPSG:4326&spatialIndex=no&subsetIndex=no&watchFile=no
"3315",Digitalis purpurea,Digitalis,purpurea,,,,exotic,unlisted,,48.963019439999997,-123.517158300000006,,NA,NA,"24665217",obs_exotic,file:///D:/Simon/Sync/Root/GIS/Biodiversity%20Data/obs_exotic.csv?type=csv&maxFields=10000&detectTypes=yes&xField=longitude&yField=latitude&crs=EPSG:4326&spatialIndex=no&subsetIndex=no&watchFile=no
"3316",Digitalis purpurea,Digitalis,purpurea,,,,exotic,unlisted,,48.963013889999999,-123.517333300000004,,NA,NA,"24665220",obs_exotic,file:///D:/Simon/Sync/Root/GIS/Biodiversity%20Data/obs_exotic.csv?type=csv&maxFields=10000&detectTypes=yes&xField=longitude&yField=latitude&crs=EPSG:4326&spatialIndex=no&subsetIndex=no&watchFile=no
"3317",Digitalis purpurea,Digitalis,purpurea,,,,exotic,unlisted,,48.963008330000001,-123.516602800000001,,NA,NA,"24665249",obs_exotic,file:///D:/Simon/Sync/Root/GIS/Biodiversity%20Data/obs_exotic.csv?type=csv&maxFields=10000&detectTypes=yes&xField=longitude&yField=latitude&crs=EPSG:4326&spatialIndex=no&subsetIndex=no&watchFile=no
"3318",Digitalis purpurea,Digitalis,purpurea,,,,exotic,unlisted,,48.961341670000003,-123.517594399999993,,NA,NA,"24674046",obs_exotic,file:///D:/Simon/Sync/Root/GIS/Biodiversity%20Data/obs_exotic.csv?type=csv&maxFields=10000&detectTypes=yes&xField=longitude&yField=latitude&crs=EPSG:4326&spatialIndex=no&subsetIndex=no&watchFile=no
"3319",Digitalis purpurea,Digitalis,purpurea,,,,exotic,unlisted,,48.961913889999998,-123.520036099999999,,NA,NA,"24674057",obs_exotic,file:///D:/Simon/Sync/Root/GIS/Biodiversity%20Data/obs_exotic.csv?type=csv&maxFields=10000&detectTypes=yes&xField=longitude&yField=latitude&crs=EPSG:4326&spatialIndex=no&subsetIndex=no&watchFile=no
"3320",Digitalis purpurea,Digitalis,purpurea,,,,exotic,unlisted,,48.964505559999999,-123.516930599999995,,NA,NA,"24674088",obs_exotic,file:///D:/Simon/Sync/Root/GIS/Biodiversity%20Data/obs_exotic.csv?type=csv&maxFields=10000&detectTypes=yes&xField=longitude&yField=latitude&crs=EPSG:4326&spatialIndex=no&subsetIndex=no&watchFile=no
"3321",Digitalis purpurea,Digitalis,purpurea,,,,exotic,unlisted,,48.964725000000001,-123.516900000000007,,NA,NA,"24674117",obs_exotic,file:///D:/Simon/Sync/Root/GIS/Biodiversity%20Data/obs_exotic.csv?type=csv&maxFields=10000&detectTypes=yes&xField=longitude&yField=latitude&crs=EPSG:4326&spatialIndex=no&subsetIndex=no&watchFile=no
"3322",Digitalis purpurea,Digitalis,purpurea,,,,exotic,unlisted,,48.962472220000002,-123.517538900000005,,NA,NA,"24684054",obs_exotic,file:///D:/Simon/Sync/Root/GIS/Biodiversity%20Data/obs_exotic.csv?type=csv&maxFields=10000&detectTypes=yes&xField=longitude&yField=latitude&crs=EPSG:4326&spatialIndex=no&subsetIndex=no&watchFile=no
"3323",Digitalis purpurea,Digitalis,purpurea,,,,exotic,unlisted,,48.964561670000002,-123.517120000000006,,NA,NA,"24697868",obs_exotic,file:///D:/Simon/Sync/Root/GIS/Biodiversity%20Data/obs_exotic.csv?type=csv&maxFields=10000&detectTypes=yes&xField=longitude&yField=latitude&crs=EPSG:4326&spatialIndex=no&subsetIndex=no&watchFile=no
"3324",Digitalis purpurea,Digitalis,purpurea,,,,exotic,unlisted,,48.866794440000000,-123.331147200000004,,NA,NA,"24702336",obs_exotic,file:///D:/Simon/Sync/Root/GIS/Biodiversity%20Data/obs_exotic.csv?type=csv&maxFields=10000&detectTypes=yes&xField=longitude&yField=latitude&crs=EPSG:4326&spatialIndex=no&subsetIndex=no&watchFile=no
"3325",Digitalis purpurea,Digitalis,purpurea,,,,exotic,unlisted,,48.963168130000000,-123.517600900000005,,NA,NA,"24709696",obs_exotic,file:///D:/Simon/Sync/Root/GIS/Biodiversity%20Data/obs_exotic.csv?type=csv&maxFields=10000&detectTypes=yes&xField=longitude&yField=latitude&crs=EPSG:4326&spatialIndex=no&subsetIndex=no&watchFile=no
"3326",Digitalis purpurea,Digitalis,purpurea,,,,exotic,unlisted,,48.962482530000003,-123.517436099999998,,NA,NA,"24919829",obs_exotic,file:///D:/Simon/Sync/Root/GIS/Biodiversity%20Data/obs_exotic.csv?type=csv&maxFields=10000&detectTypes=yes&xField=longitude&yField=latitude&crs=EPSG:4326&spatialIndex=no&subsetIndex=no&watchFile=no
"3327",Digitalis purpurea,Digitalis,purpurea,,,,exotic,unlisted,,48.962847600000003,-123.517093599999995,,NA,NA,"24919933",obs_exotic,file:///D:/Simon/Sync/Root/GIS/Biodiversity%20Data/obs_exotic.csv?type=csv&maxFields=10000&detectTypes=yes&xField=longitude&yField=latitude&crs=EPSG:4326&spatialIndex=no&subsetIndex=no&watchFile=no
"3328",Digitalis purpurea,Digitalis,purpurea,,,,exotic,unlisted,,48.962592919999999,-123.517763900000006,,NA,NA,"24940435",obs_exotic,file:///D:/Simon/Sync/Root/GIS/Biodiversity%20Data/obs_exotic.csv?type=csv&maxFields=10000&detectTypes=yes&xField=longitude&yField=latitude&crs=EPSG:4326&spatialIndex=no&subsetIndex=no&watchFile=no
"3329",Digitalis purpurea,Digitalis,purpurea,,,,exotic,unlisted,,48.963422389999998,-123.517942399999995,,NA,NA,"24940698",obs_exotic,file:///D:/Simon/Sync/Root/GIS/Biodiversity%20Data/obs_exotic.csv?type=csv&maxFields=10000&detectTypes=yes&xField=longitude&yField=latitude&crs=EPSG:4326&spatialIndex=no&subsetIndex=no&watchFile=no
"3330",Digitalis purpurea,Digitalis,purpurea,,,,exotic,unlisted,,48.964577079999998,-123.516944499999994,,NA,NA,"24941831",obs_exotic,file:///D:/Simon/Sync/Root/GIS/Biodiversity%20Data/obs_exotic.csv?type=csv&maxFields=10000&detectTypes=yes&xField=longitude&yField=latitude&crs=EPSG:4326&spatialIndex=no&subsetIndex=no&watchFile=no
"3331",Digitalis purpurea,Digitalis,purpurea,,,,exotic,unlisted,,48.979101120000003,-123.557379699999998,,NA,NA,"25480192",obs_exotic,file:///D:/Simon/Sync/Root/GIS/Biodiversity%20Data/obs_exotic.csv?type=csv&maxFields=10000&detectTypes=yes&xField=longitude&yField=latitude&crs=EPSG:4326&spatialIndex=no&subsetIndex=no&watchFile=no
"3332",Digitalis purpurea,Digitalis,purpurea,,,,exotic,unlisted,,48.979317629999997,-123.557445000000001,,NA,NA,"25480259",obs_exotic,file:///D:/Simon/Sync/Root/GIS/Biodiversity%20Data/obs_exotic.csv?type=csv&maxFields=10000&detectTypes=yes&xField=longitude&yField=latitude&crs=EPSG:4326&spatialIndex=no&subsetIndex=no&watchFile=no
"3333",Digitalis purpurea,Digitalis,purpurea,,,,exotic,unlisted,,48.979120320000000,-123.557565299999993,,NA,NA,"25480409",obs_exotic,file:///D:/Simon/Sync/Root/GIS/Biodiversity%20Data/obs_exotic.csv?type=csv&maxFields=10000&detectTypes=yes&xField=longitude&yField=latitude&crs=EPSG:4326&spatialIndex=no&subsetIndex=no&watchFile=no
"3334",Digitalis purpurea,Digitalis,purpurea,,,,exotic,unlisted,,48.963016670000002,-123.516874999999999,,NA,NA,"25578158",obs_exotic,file:///D:/Simon/Sync/Root/GIS/Biodiversity%20Data/obs_exotic.csv?type=csv&maxFields=10000&detectTypes=yes&xField=longitude&yField=latitude&crs=EPSG:4326&spatialIndex=no&subsetIndex=no&watchFile=no
"3335",Digitalis purpurea,Digitalis,purpurea,,,,exotic,unlisted,,48.962580559999999,-123.517647199999999,,NA,NA,"25578160",obs_exotic,file:///D:/Simon/Sync/Root/GIS/Biodiversity%20Data/obs_exotic.csv?type=csv&maxFields=10000&detectTypes=yes&xField=longitude&yField=latitude&crs=EPSG:4326&spatialIndex=no&subsetIndex=no&watchFile=no
"3336",Digitalis purpurea,Digitalis,purpurea,,,,exotic,unlisted,,48.963875000000002,-123.515861099999995,,NA,NA,"25578163",obs_exotic,file:///D:/Simon/Sync/Root/GIS/Biodiversity%20Data/obs_exotic.csv?type=csv&maxFields=10000&detectTypes=yes&xField=longitude&yField=latitude&crs=EPSG:4326&spatialIndex=no&subsetIndex=no&watchFile=no
"3337",Digitalis purpurea,Digitalis,purpurea,,,,exotic,unlisted,,48.866702779999997,-123.331213899999995,,NA,NA,"25658107",obs_exotic,file:///D:/Simon/Sync/Root/GIS/Biodiversity%20Data/obs_exotic.csv?type=csv&maxFields=10000&detectTypes=yes&xField=longitude&yField=latitude&crs=EPSG:4326&spatialIndex=no&subsetIndex=no&watchFile=no
"3338",Digitalis purpurea,Digitalis,purpurea,,,,exotic,unlisted,,48.866797220000002,-123.331038899999996,,NA,NA,"25658109",obs_exotic,file:///D:/Simon/Sync/Root/GIS/Biodiversity%20Data/obs_exotic.csv?type=csv&maxFields=10000&detectTypes=yes&xField=longitude&yField=latitude&crs=EPSG:4326&spatialIndex=no&subsetIndex=no&watchFile=no
"3339",Digitalis purpurea,Digitalis,purpurea,,,,exotic,unlisted,,48.943008280000001,-123.487036799999998,,NA,NA,"38440259",obs_exotic,file:///D:/Simon/Sync/Root/GIS/Biodiversity%20Data/obs_exotic.csv?type=csv&maxFields=10000&detectTypes=yes&xField=longitude&yField=latitude&crs=EPSG:4326&spatialIndex=no&subsetIndex=no&watchFile=no
"3340",Digitalis purpurea,Digitalis,purpurea,,,,exotic,unlisted,,48.864100000000001,-123.360230599999994,,NA,NA,"42637643",obs_exotic,file:///D:/Simon/Sync/Root/GIS/Biodiversity%20Data/obs_exotic.csv?type=csv&maxFields=10000&detectTypes=yes&xField=longitude&yField=latitude&crs=EPSG:4326&spatialIndex=no&subsetIndex=no&watchFile=no
"3341",Digitalis purpurea,Digitalis,purpurea,,,,exotic,unlisted,,48.865958220000003,-123.350283800000000,,NA,NA,"48408552",obs_exotic,file:///D:/Simon/Sync/Root/GIS/Biodiversity%20Data/obs_exotic.csv?type=csv&maxFields=10000&detectTypes=yes&xField=longitude&yField=latitude&crs=EPSG:4326&spatialIndex=no&subsetIndex=no&watchFile=no
"3342",Digitalis purpurea,Digitalis,purpurea,,,,exotic,unlisted,,48.939358329999997,-123.471436699999998,,NA,NA,"49173910",obs_exotic,file:///D:/Simon/Sync/Root/GIS/Biodiversity%20Data/obs_exotic.csv?type=csv&maxFields=10000&detectTypes=yes&xField=longitude&yField=latitude&crs=EPSG:4326&spatialIndex=no&subsetIndex=no&watchFile=no
"3343",Digitalis purpurea,Digitalis,purpurea,,,,exotic,unlisted,,48.877319999999997,-123.401058300000003,,NA,NA,"50736159",obs_exotic,file:///D:/Simon/Sync/Root/GIS/Biodiversity%20Data/obs_exotic.csv?type=csv&maxFields=10000&detectTypes=yes&xField=longitude&yField=latitude&crs=EPSG:4326&spatialIndex=no&subsetIndex=no&watchFile=no
"3344",Digitalis purpurea,Digitalis,purpurea,,,,exotic,unlisted,,48.929908699999999,-123.467186200000000,,NA,NA,"52906515",obs_exotic,file:///D:/Simon/Sync/Root/GIS/Biodiversity%20Data/obs_exotic.csv?type=csv&maxFields=10000&detectTypes=yes&xField=longitude&yField=latitude&crs=EPSG:4326&spatialIndex=no&subsetIndex=no&watchFile=no
"3345",Digitalis purpurea,Digitalis,purpurea,,,,exotic,unlisted,,48.930270080000000,-123.467332299999995,,NA,NA,"52922754",obs_exotic,file:///D:/Simon/Sync/Root/GIS/Biodiversity%20Data/obs_exotic.csv?type=csv&maxFields=10000&detectTypes=yes&xField=longitude&yField=latitude&crs=EPSG:4326&spatialIndex=no&subsetIndex=no&watchFile=no
"3346",Digitalis purpurea,Digitalis,purpurea,,,,exotic,unlisted,,48.928504779999997,-123.468953299999995,,NA,NA,"54673652",obs_exotic,file:///D:/Simon/Sync/Root/GIS/Biodiversity%20Data/obs_exotic.csv?type=csv&maxFields=10000&detectTypes=yes&xField=longitude&yField=latitude&crs=EPSG:4326&spatialIndex=no&subsetIndex=no&watchFile=no
"3347",Digitalis purpurea,Digitalis,purpurea,,,,exotic,unlisted,,48.928720579999997,-123.469028800000004,,NA,NA,"54691950",obs_exotic,file:///D:/Simon/Sync/Root/GIS/Biodiversity%20Data/obs_exotic.csv?type=csv&maxFields=10000&detectTypes=yes&xField=longitude&yField=latitude&crs=EPSG:4326&spatialIndex=no&subsetIndex=no&watchFile=no
"3348",Digitalis purpurea,Digitalis,purpurea,,,,exotic,unlisted,,48.973631920000003,-123.550638000000006,,NA,NA,"60964816",obs_exotic,file:///D:/Simon/Sync/Root/GIS/Biodiversity%20Data/obs_exotic.csv?type=csv&maxFields=10000&detectTypes=yes&xField=longitude&yField=latitude&crs=EPSG:4326&spatialIndex=no&subsetIndex=no&watchFile=no
"3349",Digitalis purpurea,Digitalis,purpurea,,,,exotic,unlisted,,48.899696540000001,-123.405367400000003,,NA,NA,"62090897",obs_exotic,file:///D:/Simon/Sync/Root/GIS/Biodiversity%20Data/obs_exotic.csv?type=csv&maxFields=10000&detectTypes=yes&xField=longitude&yField=latitude&crs=EPSG:4326&spatialIndex=no&subsetIndex=no&watchFile=no
"3350",Digitalis purpurea,Digitalis,purpurea,,,,exotic,unlisted,,48.865620999999997,-123.350177000000002,,NA,NA,"70957158",obs_exotic,file:///D:/Simon/Sync/Root/GIS/Biodiversity%20Data/obs_exotic.csv?type=csv&maxFields=10000&detectTypes=yes&xField=longitude&yField=latitude&crs=EPSG:4326&spatialIndex=no&subsetIndex=no&watchFile=no
"3351",Digitalis purpurea,Digitalis,purpurea,,,,exotic,unlisted,,48.972817089999999,-123.550316600000002,,NA,NA,"72213745",obs_exotic,file:///D:/Simon/Sync/Root/GIS/Biodiversity%20Data/obs_exotic.csv?type=csv&maxFields=10000&detectTypes=yes&xField=longitude&yField=latitude&crs=EPSG:4326&spatialIndex=no&subsetIndex=no&watchFile=no
"3352",Digitalis purpurea,Digitalis,purpurea,,,,exotic,unlisted,,48.870547219999999,-123.318619400000003,,NA,NA,"80278235",obs_exotic,file:///D:/Simon/Sync/Root/GIS/Biodiversity%20Data/obs_exotic.csv?type=csv&maxFields=10000&detectTypes=yes&xField=longitude&yField=latitude&crs=EPSG:4326&spatialIndex=no&subsetIndex=no&watchFile=no
"3353",Digitalis purpurea,Digitalis,purpurea,,,,exotic,unlisted,,48.958657000000002,-123.514218999999997,,NA,NA,"81751210",obs_exotic,file:///D:/Simon/Sync/Root/GIS/Biodiversity%20Data/obs_exotic.csv?type=csv&maxFields=10000&detectTypes=yes&xField=longitude&yField=latitude&crs=EPSG:4326&spatialIndex=no&subsetIndex=no&watchFile=no
"3354",Digitalis purpurea,Digitalis,purpurea,,,,exotic,unlisted,,48.866721669999997,-123.316536700000000,,NA,NA,"82604429",obs_exotic,file:///D:/Simon/Sync/Root/GIS/Biodiversity%20Data/obs_exotic.csv?type=csv&maxFields=10000&detectTypes=yes&xField=longitude&yField=latitude&crs=EPSG:4326&spatialIndex=no&subsetIndex=no&watchFile=no
"3355",Digitalis purpurea,Digitalis,purpurea,,,,exotic,unlisted,,48.884759090000003,-123.356272399999995,,NA,NA,"83097976",obs_exotic,file:///D:/Simon/Sync/Root/GIS/Biodiversity%20Data/obs_exotic.csv?type=csv&maxFields=10000&detectTypes=yes&xField=longitude&yField=latitude&crs=EPSG:4326&spatialIndex=no&subsetIndex=no&watchFile=no
"3356",Digitalis purpurea,Digitalis,purpurea,,,,exotic,unlisted,,48.999350329999999,-123.563284600000003,,NA,NA,"83602818",obs_exotic,file:///D:/Simon/Sync/Root/GIS/Biodiversity%20Data/obs_exotic.csv?type=csv&maxFields=10000&detectTypes=yes&xField=longitude&yField=latitude&crs=EPSG:4326&spatialIndex=no&subsetIndex=no&watchFile=no
"3357",Digitalis purpurea,Digitalis,purpurea,,,,exotic,unlisted,,48.928000310000002,-123.467941699999997,,NA,NA,"83803223",obs_exotic,file:///D:/Simon/Sync/Root/GIS/Biodiversity%20Data/obs_exotic.csv?type=csv&maxFields=10000&detectTypes=yes&xField=longitude&yField=latitude&crs=EPSG:4326&spatialIndex=no&subsetIndex=no&watchFile=no
"3358",Digitalis purpurea,Digitalis,purpurea,,,,exotic,unlisted,,48.927898839999997,-123.468383500000002,,NA,NA,"83973106",obs_exotic,file:///D:/Simon/Sync/Root/GIS/Biodiversity%20Data/obs_exotic.csv?type=csv&maxFields=10000&detectTypes=yes&xField=longitude&yField=latitude&crs=EPSG:4326&spatialIndex=no&subsetIndex=no&watchFile=no
"3359",Digitalis purpurea,Digitalis,purpurea,,,,exotic,unlisted,,48.927840850000003,-123.467768100000001,,NA,NA,"83993149",obs_exotic,file:///D:/Simon/Sync/Root/GIS/Biodiversity%20Data/obs_exotic.csv?type=csv&maxFields=10000&detectTypes=yes&xField=longitude&yField=latitude&crs=EPSG:4326&spatialIndex=no&subsetIndex=no&watchFile=no
"3360",Digitalis purpurea,Digitalis,purpurea,,,,exotic,unlisted,,48.932188330000002,-123.478866699999998,,NA,NA,"83994580",obs_exotic,file:///D:/Simon/Sync/Root/GIS/Biodiversity%20Data/obs_exotic.csv?type=csv&maxFields=10000&detectTypes=yes&xField=longitude&yField=latitude&crs=EPSG:4326&spatialIndex=no&subsetIndex=no&watchFile=no
"3361",Digitalis purpurea,Digitalis,purpurea,,,,exotic,unlisted,,48.930321390000003,-123.467447000000007,,NA,NA,"84092985",obs_exotic,file:///D:/Simon/Sync/Root/GIS/Biodiversity%20Data/obs_exotic.csv?type=csv&maxFields=10000&detectTypes=yes&xField=longitude&yField=latitude&crs=EPSG:4326&spatialIndex=no&subsetIndex=no&watchFile=no
"3362",Digitalis purpurea,Digitalis,purpurea,,,,exotic,unlisted,,48.928069999999998,-123.467566700000006,,NA,NA,"84095574",obs_exotic,file:///D:/Simon/Sync/Root/GIS/Biodiversity%20Data/obs_exotic.csv?type=csv&maxFields=10000&detectTypes=yes&xField=longitude&yField=latitude&crs=EPSG:4326&spatialIndex=no&subsetIndex=no&watchFile=no
"3363",Digitalis purpurea,Digitalis,purpurea,,,,exotic,unlisted,,48.927813329999999,-123.467055000000002,,NA,NA,"84096295",obs_exotic,file:///D:/Simon/Sync/Root/GIS/Biodiversity%20Data/obs_exotic.csv?type=csv&maxFields=10000&detectTypes=yes&xField=longitude&yField=latitude&crs=EPSG:4326&spatialIndex=no&subsetIndex=no&watchFile=no
"3364",Digitalis purpurea,Digitalis,purpurea,,,,exotic,unlisted,,48.927891670000001,-123.466933299999994,,NA,NA,"84174338",obs_exotic,file:///D:/Simon/Sync/Root/GIS/Biodiversity%20Data/obs_exotic.csv?type=csv&maxFields=10000&detectTypes=yes&xField=longitude&yField=latitude&crs=EPSG:4326&spatialIndex=no&subsetIndex=no&watchFile=no
"3365",Digitalis purpurea,Digitalis,purpurea,,,,exotic,unlisted,,48.928294999999999,-123.467955000000003,,NA,NA,"84182233",obs_exotic,file:///D:/Simon/Sync/Root/GIS/Biodiversity%20Data/obs_exotic.csv?type=csv&maxFields=10000&detectTypes=yes&xField=longitude&yField=latitude&crs=EPSG:4326&spatialIndex=no&subsetIndex=no&watchFile=no
"3366",Digitalis purpurea,Digitalis,purpurea,,,,exotic,unlisted,,48.928004889999997,-123.468009699999996,,NA,NA,"84269492",obs_exotic,file:///D:/Simon/Sync/Root/GIS/Biodiversity%20Data/obs_exotic.csv?type=csv&maxFields=10000&detectTypes=yes&xField=longitude&yField=latitude&crs=EPSG:4326&spatialIndex=no&subsetIndex=no&watchFile=no
"3367",Digitalis purpurea,Digitalis,purpurea,,,,exotic,unlisted,,48.930186329999998,-123.473517700000002,,NA,NA,"84493633",obs_exotic,file:///D:/Simon/Sync/Root/GIS/Biodiversity%20Data/obs_exotic.csv?type=csv&maxFields=10000&detectTypes=yes&xField=longitude&yField=latitude&crs=EPSG:4326&spatialIndex=no&subsetIndex=no&watchFile=no
"3368",Digitalis purpurea,Digitalis,purpurea,,,,exotic,unlisted,,49.003945219999999,-123.566374300000007,,NA,NA,"85685716",obs_exotic,file:///D:/Simon/Sync/Root/GIS/Biodiversity%20Data/obs_exotic.csv?type=csv&maxFields=10000&detectTypes=yes&xField=longitude&yField=latitude&crs=EPSG:4326&spatialIndex=no&subsetIndex=no&watchFile=no
"3369",Digitalis purpurea,Digitalis,purpurea,,,,exotic,unlisted,,48.929058329999997,-123.451346700000002,,NA,NA,"90751022",obs_exotic,file:///D:/Simon/Sync/Root/GIS/Biodiversity%20Data/obs_exotic.csv?type=csv&maxFields=10000&detectTypes=yes&xField=longitude&yField=latitude&crs=EPSG:4326&spatialIndex=no&subsetIndex=no&watchFile=no
"3370",Digitalis purpurea,Digitalis,purpurea,,,,exotic,unlisted,,48.998116670000002,-123.586258299999997,,NA,NA,"94283859",obs_exotic,file:///D:/Simon/Sync/Root/GIS/Biodiversity%20Data/obs_exotic.csv?type=csv&maxFields=10000&detectTypes=yes&xField=longitude&yField=latitude&crs=EPSG:4326&spatialIndex=no&subsetIndex=no&watchFile=no
"3371",Digitalis purpurea,Digitalis,purpurea,,,,exotic,unlisted,,48.985391669999998,-123.560095000000004,,NA,NA,"96542257",obs_exotic,file:///D:/Simon/Sync/Root/GIS/Biodiversity%20Data/obs_exotic.csv?type=csv&maxFields=10000&detectTypes=yes&xField=longitude&yField=latitude&crs=EPSG:4326&spatialIndex=no&subsetIndex=no&watchFile=no
"3372",Digitalis purpurea,Digitalis,purpurea,,,,exotic,unlisted,,48.990494390000002,-123.551235399999996,,NA,NA,"100641854",obs_exotic,file:///D:/Simon/Sync/Root/GIS/Biodiversity%20Data/obs_exotic.csv?type=csv&maxFields=10000&detectTypes=yes&xField=longitude&yField=latitude&crs=EPSG:4326&spatialIndex=no&subsetIndex=no&watchFile=no
"3373",Digitalis purpurea,Digitalis,purpurea,,,,exotic,unlisted,,48.879291670000001,-123.319878299999999,,NA,NA,"102692003",obs_exotic,file:///D:/Simon/Sync/Root/GIS/Biodiversity%20Data/obs_exotic.csv?type=csv&maxFields=10000&detectTypes=yes&xField=longitude&yField=latitude&crs=EPSG:4326&spatialIndex=no&subsetIndex=no&watchFile=no
"3374",Digitalis purpurea,Digitalis,purpurea,,,,exotic,unlisted,,48.898000000000003,-123.341999999999999,,NA,NA,"103173305",obs_exotic,file:///D:/Simon/Sync/Root/GIS/Biodiversity%20Data/obs_exotic.csv?type=csv&maxFields=10000&detectTypes=yes&xField=longitude&yField=latitude&crs=EPSG:4326&spatialIndex=no&subsetIndex=no&watchFile=no
"3375",Digitalis purpurea,Digitalis,purpurea,,,,exotic,unlisted,,48.865994440000001,-123.350333300000003,,NA,NA,"109396843",obs_exotic,file:///D:/Simon/Sync/Root/GIS/Biodiversity%20Data/obs_exotic.csv?type=csv&maxFields=10000&detectTypes=yes&xField=longitude&yField=latitude&crs=EPSG:4326&spatialIndex=no&subsetIndex=no&watchFile=no
"3376",Digitalis purpurea,Digitalis,purpurea,,,,exotic,unlisted,,48.880148329999997,-123.380994999999999,,NA,NA,"118718711",obs_exotic,file:///D:/Simon/Sync/Root/GIS/Biodiversity%20Data/obs_exotic.csv?type=csv&maxFields=10000&detectTypes=yes&xField=longitude&yField=latitude&crs=EPSG:4326&spatialIndex=no&subsetIndex=no&watchFile=no
"3377",Digitalis purpurea,Digitalis,purpurea,,,,exotic,unlisted,,48.928221669999999,-123.467658299999997,,NA,NA,"121737908",obs_exotic,file:///D:/Simon/Sync/Root/GIS/Biodiversity%20Data/obs_exotic.csv?type=csv&maxFields=10000&detectTypes=yes&xField=longitude&yField=latitude&crs=EPSG:4326&spatialIndex=no&subsetIndex=no&watchFile=no
"3378",Digitalis purpurea,Digitalis,purpurea,,,,exotic,unlisted,,48.908694460000000,-123.368555400000005,,NA,NA,"124612761",obs_exotic,file:///D:/Simon/Sync/Root/GIS/Biodiversity%20Data/obs_exotic.csv?type=csv&maxFields=10000&detectTypes=yes&xField=longitude&yField=latitude&crs=EPSG:4326&spatialIndex=no&subsetIndex=no&watchFile=no
"3379",Digitalis purpurea,Digitalis,purpurea,,,,exotic,unlisted,,48.972753330000003,-123.550291700000002,,NA,NA,"124667883",obs_exotic,file:///D:/Simon/Sync/Root/GIS/Biodiversity%20Data/obs_exotic.csv?type=csv&maxFields=10000&detectTypes=yes&xField=longitude&yField=latitude&crs=EPSG:4326&spatialIndex=no&subsetIndex=no&watchFile=no
"3380",Digitalis purpurea,Digitalis,purpurea,,,,exotic,unlisted,,48.879336670000001,-123.325858299999993,,NA,NA,"126535217",obs_exotic,file:///D:/Simon/Sync/Root/GIS/Biodiversity%20Data/obs_exotic.csv?type=csv&maxFields=10000&detectTypes=yes&xField=longitude&yField=latitude&crs=EPSG:4326&spatialIndex=no&subsetIndex=no&watchFile=no
"3381",Dipsacus fullonum,Dipsacus,fullonum,,,,exotic,unlisted,,48.871066669999998,-123.319938899999997,,NA,NA,"8581801",obs_exotic,file:///D:/Simon/Sync/Root/GIS/Biodiversity%20Data/obs_exotic.csv?type=csv&maxFields=10000&detectTypes=yes&xField=longitude&yField=latitude&crs=EPSG:4326&spatialIndex=no&subsetIndex=no&watchFile=no
"3382",Dipsacus fullonum,Dipsacus,fullonum,,,,exotic,unlisted,,48.871144440000002,-123.319969400000005,,NA,NA,"13955136",obs_exotic,file:///D:/Simon/Sync/Root/GIS/Biodiversity%20Data/obs_exotic.csv?type=csv&maxFields=10000&detectTypes=yes&xField=longitude&yField=latitude&crs=EPSG:4326&spatialIndex=no&subsetIndex=no&watchFile=no
"3383",Dipsacus fullonum,Dipsacus,fullonum,,,,exotic,unlisted,,48.937215029999997,-123.477813600000005,,NA,NA,"128215605",obs_exotic,file:///D:/Simon/Sync/Root/GIS/Biodiversity%20Data/obs_exotic.csv?type=csv&maxFields=10000&detectTypes=yes&xField=longitude&yField=latitude&crs=EPSG:4326&spatialIndex=no&subsetIndex=no&watchFile=no
"3384",Dipsacus fullonum,Dipsacus,fullonum,,,,exotic,unlisted,,48.937106450000002,-123.477924099999996,,NA,NA,"128764630",obs_exotic,file:///D:/Simon/Sync/Root/GIS/Biodiversity%20Data/obs_exotic.csv?type=csv&maxFields=10000&detectTypes=yes&xField=longitude&yField=latitude&crs=EPSG:4326&spatialIndex=no&subsetIndex=no&watchFile=no
"3393",Draba verna,Draba,verna,,,,exotic,unlisted,,48.871943000000002,-123.310621999999995,,NA,NA,"2677436",obs_exotic,file:///D:/Simon/Sync/Root/GIS/Biodiversity%20Data/obs_exotic.csv?type=csv&maxFields=10000&detectTypes=yes&xField=longitude&yField=latitude&crs=EPSG:4326&spatialIndex=no&subsetIndex=no&watchFile=no
"3394",Draba verna,Draba,verna,,,,exotic,unlisted,,48.892518000000003,-123.355072000000007,,NA,NA,"2772973",obs_exotic,file:///D:/Simon/Sync/Root/GIS/Biodiversity%20Data/obs_exotic.csv?type=csv&maxFields=10000&detectTypes=yes&xField=longitude&yField=latitude&crs=EPSG:4326&spatialIndex=no&subsetIndex=no&watchFile=no
"3395",Draba verna,Draba,verna,,,,exotic,unlisted,,48.871662000000001,-123.310485999999997,,NA,NA,"5150984",obs_exotic,file:///D:/Simon/Sync/Root/GIS/Biodiversity%20Data/obs_exotic.csv?type=csv&maxFields=10000&detectTypes=yes&xField=longitude&yField=latitude&crs=EPSG:4326&spatialIndex=no&subsetIndex=no&watchFile=no
"3396",Draba verna,Draba,verna,,,,exotic,unlisted,,48.864132920000003,-123.330084700000000,,NA,NA,"5412222",obs_exotic,file:///D:/Simon/Sync/Root/GIS/Biodiversity%20Data/obs_exotic.csv?type=csv&maxFields=10000&detectTypes=yes&xField=longitude&yField=latitude&crs=EPSG:4326&spatialIndex=no&subsetIndex=no&watchFile=no
"3397",Draba verna,Draba,verna,,,,exotic,unlisted,,48.952103999999999,-123.519559000000001,,NA,NA,"5483381",obs_exotic,file:///D:/Simon/Sync/Root/GIS/Biodiversity%20Data/obs_exotic.csv?type=csv&maxFields=10000&detectTypes=yes&xField=longitude&yField=latitude&crs=EPSG:4326&spatialIndex=no&subsetIndex=no&watchFile=no
"3398",Draba verna,Draba,verna,,,,exotic,unlisted,,48.863430000000001,-123.362044999999995,,NA,NA,"5516501",obs_exotic,file:///D:/Simon/Sync/Root/GIS/Biodiversity%20Data/obs_exotic.csv?type=csv&maxFields=10000&detectTypes=yes&xField=longitude&yField=latitude&crs=EPSG:4326&spatialIndex=no&subsetIndex=no&watchFile=no
"3399",Draba verna,Draba,verna,,,,exotic,unlisted,,48.906141290000001,-123.359899499999997,,NA,NA,"5646995",obs_exotic,file:///D:/Simon/Sync/Root/GIS/Biodiversity%20Data/obs_exotic.csv?type=csv&maxFields=10000&detectTypes=yes&xField=longitude&yField=latitude&crs=EPSG:4326&spatialIndex=no&subsetIndex=no&watchFile=no
"3400",Draba verna,Draba,verna,,,,exotic,unlisted,,48.928068000000003,-123.467596000000000,,NA,NA,"5850364",obs_exotic,file:///D:/Simon/Sync/Root/GIS/Biodiversity%20Data/obs_exotic.csv?type=csv&maxFields=10000&detectTypes=yes&xField=longitude&yField=latitude&crs=EPSG:4326&spatialIndex=no&subsetIndex=no&watchFile=no
"3401",Draba verna,Draba,verna,,,,exotic,unlisted,,48.867574759999997,-123.339291299999999,,NA,NA,"13879376",obs_exotic,file:///D:/Simon/Sync/Root/GIS/Biodiversity%20Data/obs_exotic.csv?type=csv&maxFields=10000&detectTypes=yes&xField=longitude&yField=latitude&crs=EPSG:4326&spatialIndex=no&subsetIndex=no&watchFile=no
"3402",Draba verna,Draba,verna,,,,exotic,unlisted,,48.939960900000003,-123.492299900000006,,NA,NA,"18417799",obs_exotic,file:///D:/Simon/Sync/Root/GIS/Biodiversity%20Data/obs_exotic.csv?type=csv&maxFields=10000&detectTypes=yes&xField=longitude&yField=latitude&crs=EPSG:4326&spatialIndex=no&subsetIndex=no&watchFile=no
"3403",Draba verna,Draba,verna,,,,exotic,unlisted,,48.867612129999998,-123.339456700000000,,NA,NA,"21350297",obs_exotic,file:///D:/Simon/Sync/Root/GIS/Biodiversity%20Data/obs_exotic.csv?type=csv&maxFields=10000&detectTypes=yes&xField=longitude&yField=latitude&crs=EPSG:4326&spatialIndex=no&subsetIndex=no&watchFile=no
"3404",Draba verna,Draba,verna,,,,exotic,unlisted,,48.957774999999998,-123.531013299999998,,NA,NA,"21351569",obs_exotic,file:///D:/Simon/Sync/Root/GIS/Biodiversity%20Data/obs_exotic.csv?type=csv&maxFields=10000&detectTypes=yes&xField=longitude&yField=latitude&crs=EPSG:4326&spatialIndex=no&subsetIndex=no&watchFile=no
"3405",Draba verna,Draba,verna,,,,exotic,unlisted,,48.941788330000001,-123.491036699999995,,NA,NA,"22099302",obs_exotic,file:///D:/Simon/Sync/Root/GIS/Biodiversity%20Data/obs_exotic.csv?type=csv&maxFields=10000&detectTypes=yes&xField=longitude&yField=latitude&crs=EPSG:4326&spatialIndex=no&subsetIndex=no&watchFile=no
"3406",Draba verna,Draba,verna,,,,exotic,unlisted,,48.866468329999996,-123.331428299999999,,NA,NA,"22799460",obs_exotic,file:///D:/Simon/Sync/Root/GIS/Biodiversity%20Data/obs_exotic.csv?type=csv&maxFields=10000&detectTypes=yes&xField=longitude&yField=latitude&crs=EPSG:4326&spatialIndex=no&subsetIndex=no&watchFile=no
"3407",Draba verna,Draba,verna,,,,exotic,unlisted,,48.898018329999999,-123.407726699999998,,NA,NA,"24653199",obs_exotic,file:///D:/Simon/Sync/Root/GIS/Biodiversity%20Data/obs_exotic.csv?type=csv&maxFields=10000&detectTypes=yes&xField=longitude&yField=latitude&crs=EPSG:4326&spatialIndex=no&subsetIndex=no&watchFile=no
"3408",Draba verna,Draba,verna,,,,exotic,unlisted,,48.911675000000002,-123.386030000000005,,NA,NA,"41879844",obs_exotic,file:///D:/Simon/Sync/Root/GIS/Biodiversity%20Data/obs_exotic.csv?type=csv&maxFields=10000&detectTypes=yes&xField=longitude&yField=latitude&crs=EPSG:4326&spatialIndex=no&subsetIndex=no&watchFile=no
"3409",Draba verna,Draba,verna,,,,exotic,unlisted,,48.868213619999999,-123.348970100000003,,NA,NA,"43555482",obs_exotic,file:///D:/Simon/Sync/Root/GIS/Biodiversity%20Data/obs_exotic.csv?type=csv&maxFields=10000&detectTypes=yes&xField=longitude&yField=latitude&crs=EPSG:4326&spatialIndex=no&subsetIndex=no&watchFile=no
"3410",Draba verna,Draba,verna,,,,exotic,unlisted,,48.958092980000004,-123.512431699999993,,NA,NA,"44569674",obs_exotic,file:///D:/Simon/Sync/Root/GIS/Biodiversity%20Data/obs_exotic.csv?type=csv&maxFields=10000&detectTypes=yes&xField=longitude&yField=latitude&crs=EPSG:4326&spatialIndex=no&subsetIndex=no&watchFile=no
"3411",Draba verna,Draba,verna,,,,exotic,unlisted,,48.871641670000002,-123.310621699999999,,NA,NA,"47709119",obs_exotic,file:///D:/Simon/Sync/Root/GIS/Biodiversity%20Data/obs_exotic.csv?type=csv&maxFields=10000&detectTypes=yes&xField=longitude&yField=latitude&crs=EPSG:4326&spatialIndex=no&subsetIndex=no&watchFile=no
"3412",Draba verna,Draba,verna,,,,exotic,unlisted,,48.929071669999999,-123.468879999999999,,NA,NA,"84752455",obs_exotic,file:///D:/Simon/Sync/Root/GIS/Biodiversity%20Data/obs_exotic.csv?type=csv&maxFields=10000&detectTypes=yes&xField=longitude&yField=latitude&crs=EPSG:4326&spatialIndex=no&subsetIndex=no&watchFile=no
"3413",Draba verna,Draba,verna,,,,exotic,unlisted,,48.924908330000001,-123.462288900000004,,NA,NA,"107400658",obs_exotic,file:///D:/Simon/Sync/Root/GIS/Biodiversity%20Data/obs_exotic.csv?type=csv&maxFields=10000&detectTypes=yes&xField=longitude&yField=latitude&crs=EPSG:4326&spatialIndex=no&subsetIndex=no&watchFile=no
"3436",Echinochloa crus-galli,Echinochloa,crus-galli,,,,exotic,unlisted,,48.910795000000000,-123.416053300000002,,NA,NA,"133277968",obs_exotic,file:///D:/Simon/Sync/Root/GIS/Biodiversity%20Data/obs_exotic.csv?type=csv&maxFields=10000&detectTypes=yes&xField=longitude&yField=latitude&crs=EPSG:4326&spatialIndex=no&subsetIndex=no&watchFile=no
"3437",Echium vulgare,Echium,vulgare,,,,exotic,unlisted,,48.884154000000002,-123.359172999999998,,NA,NA,"50324752",obs_exotic,file:///D:/Simon/Sync/Root/GIS/Biodiversity%20Data/obs_exotic.csv?type=csv&maxFields=10000&detectTypes=yes&xField=longitude&yField=latitude&crs=EPSG:4326&spatialIndex=no&subsetIndex=no&watchFile=no
"3442",Elymus repens,Elymus,repens,,,,exotic,unlisted,,48.909816669999998,-123.415925000000001,,NA,NA,"125189744",obs_exotic,file:///D:/Simon/Sync/Root/GIS/Biodiversity%20Data/obs_exotic.csv?type=csv&maxFields=10000&detectTypes=yes&xField=longitude&yField=latitude&crs=EPSG:4326&spatialIndex=no&subsetIndex=no&watchFile=no
"3497",Epipactis helleborine,Epipactis,helleborine,,,,exotic,unlisted,,48.915652000000001,-123.426826000000005,,NA,NA,"3335437",obs_exotic,file:///D:/Simon/Sync/Root/GIS/Biodiversity%20Data/obs_exotic.csv?type=csv&maxFields=10000&detectTypes=yes&xField=longitude&yField=latitude&crs=EPSG:4326&spatialIndex=no&subsetIndex=no&watchFile=no
"3498",Epipactis helleborine,Epipactis,helleborine,,,,exotic,unlisted,,48.915652000000001,-123.426826000000005,,NA,NA,"3336067",obs_exotic,file:///D:/Simon/Sync/Root/GIS/Biodiversity%20Data/obs_exotic.csv?type=csv&maxFields=10000&detectTypes=yes&xField=longitude&yField=latitude&crs=EPSG:4326&spatialIndex=no&subsetIndex=no&watchFile=no
"3499",Epipactis helleborine,Epipactis,helleborine,,,,exotic,unlisted,,48.915861000000000,-123.426643999999996,,NA,NA,"3641010",obs_exotic,file:///D:/Simon/Sync/Root/GIS/Biodiversity%20Data/obs_exotic.csv?type=csv&maxFields=10000&detectTypes=yes&xField=longitude&yField=latitude&crs=EPSG:4326&spatialIndex=no&subsetIndex=no&watchFile=no
"3500",Epipactis helleborine,Epipactis,helleborine,,,,exotic,unlisted,,48.900511000000002,-123.342819000000006,,NA,NA,"3713521",obs_exotic,file:///D:/Simon/Sync/Root/GIS/Biodiversity%20Data/obs_exotic.csv?type=csv&maxFields=10000&detectTypes=yes&xField=longitude&yField=latitude&crs=EPSG:4326&spatialIndex=no&subsetIndex=no&watchFile=no
"3501",Epipactis helleborine,Epipactis,helleborine,,,,exotic,unlisted,,48.890571000000001,-123.384317999999993,,NA,NA,"3787558",obs_exotic,file:///D:/Simon/Sync/Root/GIS/Biodiversity%20Data/obs_exotic.csv?type=csv&maxFields=10000&detectTypes=yes&xField=longitude&yField=latitude&crs=EPSG:4326&spatialIndex=no&subsetIndex=no&watchFile=no
"3502",Epipactis helleborine,Epipactis,helleborine,,,,exotic,unlisted,,48.869361509999997,-123.321768899999995,,NA,NA,"6967282",obs_exotic,file:///D:/Simon/Sync/Root/GIS/Biodiversity%20Data/obs_exotic.csv?type=csv&maxFields=10000&detectTypes=yes&xField=longitude&yField=latitude&crs=EPSG:4326&spatialIndex=no&subsetIndex=no&watchFile=no
"3503",Epipactis helleborine,Epipactis,helleborine,,,,exotic,unlisted,,48.946213999999998,-123.495103999999998,,NA,NA,"8231594",obs_exotic,file:///D:/Simon/Sync/Root/GIS/Biodiversity%20Data/obs_exotic.csv?type=csv&maxFields=10000&detectTypes=yes&xField=longitude&yField=latitude&crs=EPSG:4326&spatialIndex=no&subsetIndex=no&watchFile=no
"3504",Epipactis helleborine,Epipactis,helleborine,,,,exotic,unlisted,,48.907458329999997,-123.375074999999995,,NA,NA,"26696971",obs_exotic,file:///D:/Simon/Sync/Root/GIS/Biodiversity%20Data/obs_exotic.csv?type=csv&maxFields=10000&detectTypes=yes&xField=longitude&yField=latitude&crs=EPSG:4326&spatialIndex=no&subsetIndex=no&watchFile=no
"3505",Epipactis helleborine,Epipactis,helleborine,,,,exotic,unlisted,,48.889889910000001,-123.318534799999995,,NA,NA,"45944572",obs_exotic,file:///D:/Simon/Sync/Root/GIS/Biodiversity%20Data/obs_exotic.csv?type=csv&maxFields=10000&detectTypes=yes&xField=longitude&yField=latitude&crs=EPSG:4326&spatialIndex=no&subsetIndex=no&watchFile=no
"3506",Epipactis helleborine,Epipactis,helleborine,,,,exotic,unlisted,,48.868671900000002,-123.345979600000007,,NA,NA,"47695977",obs_exotic,file:///D:/Simon/Sync/Root/GIS/Biodiversity%20Data/obs_exotic.csv?type=csv&maxFields=10000&detectTypes=yes&xField=longitude&yField=latitude&crs=EPSG:4326&spatialIndex=no&subsetIndex=no&watchFile=no
"3507",Epipactis helleborine,Epipactis,helleborine,,,,exotic,unlisted,,48.885316170000003,-123.355071199999998,,NA,NA,"83098045",obs_exotic,file:///D:/Simon/Sync/Root/GIS/Biodiversity%20Data/obs_exotic.csv?type=csv&maxFields=10000&detectTypes=yes&xField=longitude&yField=latitude&crs=EPSG:4326&spatialIndex=no&subsetIndex=no&watchFile=no
"3508",Epipactis helleborine,Epipactis,helleborine,,,,exotic,unlisted,,48.885436669999997,-123.354591700000000,,NA,NA,"83099756",obs_exotic,file:///D:/Simon/Sync/Root/GIS/Biodiversity%20Data/obs_exotic.csv?type=csv&maxFields=10000&detectTypes=yes&xField=longitude&yField=latitude&crs=EPSG:4326&spatialIndex=no&subsetIndex=no&watchFile=no
"3509",Epipactis helleborine,Epipactis,helleborine,,,,exotic,unlisted,,48.929695000000002,-123.450821700000006,,NA,NA,"83199137",obs_exotic,file:///D:/Simon/Sync/Root/GIS/Biodiversity%20Data/obs_exotic.csv?type=csv&maxFields=10000&detectTypes=yes&xField=longitude&yField=latitude&crs=EPSG:4326&spatialIndex=no&subsetIndex=no&watchFile=no
"3510",Epipactis helleborine,Epipactis,helleborine,,,,exotic,unlisted,,48.865158370000003,-123.352688200000003,,NA,NA,"83596909",obs_exotic,file:///D:/Simon/Sync/Root/GIS/Biodiversity%20Data/obs_exotic.csv?type=csv&maxFields=10000&detectTypes=yes&xField=longitude&yField=latitude&crs=EPSG:4326&spatialIndex=no&subsetIndex=no&watchFile=no
"3511",Epipactis helleborine,Epipactis,helleborine,,,,exotic,unlisted,,48.862921669999999,-123.350593300000000,,NA,NA,"121538580",obs_exotic,file:///D:/Simon/Sync/Root/GIS/Biodiversity%20Data/obs_exotic.csv?type=csv&maxFields=10000&detectTypes=yes&xField=longitude&yField=latitude&crs=EPSG:4326&spatialIndex=no&subsetIndex=no&watchFile=no
"3512",Epipactis helleborine,Epipactis,helleborine,,,,exotic,unlisted,,48.934603379999999,-123.474031999999994,,NA,NA,"125105123",obs_exotic,file:///D:/Simon/Sync/Root/GIS/Biodiversity%20Data/obs_exotic.csv?type=csv&maxFields=10000&detectTypes=yes&xField=longitude&yField=latitude&crs=EPSG:4326&spatialIndex=no&subsetIndex=no&watchFile=no
"3724",Eschscholzia californica,Eschscholzia,californica,,,,exotic,unlisted,,48.878404760000002,-123.316965300000007,,NA,NA,"46413709",obs_exotic,file:///D:/Simon/Sync/Root/GIS/Biodiversity%20Data/obs_exotic.csv?type=csv&maxFields=10000&detectTypes=yes&xField=longitude&yField=latitude&crs=EPSG:4326&spatialIndex=no&subsetIndex=no&watchFile=no
"3725",Eschscholzia californica,Eschscholzia,californica,,,,exotic,unlisted,,48.877443059999997,-123.317891399999993,,NA,NA,"59943230",obs_exotic,file:///D:/Simon/Sync/Root/GIS/Biodiversity%20Data/obs_exotic.csv?type=csv&maxFields=10000&detectTypes=yes&xField=longitude&yField=latitude&crs=EPSG:4326&spatialIndex=no&subsetIndex=no&watchFile=no
"3726",Eschscholzia californica,Eschscholzia,californica,,,,exotic,unlisted,,48.931450220000002,-123.475744399999996,,NA,NA,"120581706",obs_exotic,file:///D:/Simon/Sync/Root/GIS/Biodiversity%20Data/obs_exotic.csv?type=csv&maxFields=10000&detectTypes=yes&xField=longitude&yField=latitude&crs=EPSG:4326&spatialIndex=no&subsetIndex=no&watchFile=no
"3727",Euphorbia cyparissias,Euphorbia,cyparissias,,,,exotic,unlisted,,48.930789019999999,-123.475298899999999,,NA,NA,"6217454",obs_exotic,file:///D:/Simon/Sync/Root/GIS/Biodiversity%20Data/obs_exotic.csv?type=csv&maxFields=10000&detectTypes=yes&xField=longitude&yField=latitude&crs=EPSG:4326&spatialIndex=no&subsetIndex=no&watchFile=no
"3728",Euphorbia cyparissias,Euphorbia,cyparissias,,,,exotic,unlisted,,48.906996049999997,-123.364544699999996,,NA,NA,"13952421",obs_exotic,file:///D:/Simon/Sync/Root/GIS/Biodiversity%20Data/obs_exotic.csv?type=csv&maxFields=10000&detectTypes=yes&xField=longitude&yField=latitude&crs=EPSG:4326&spatialIndex=no&subsetIndex=no&watchFile=no
"3729",Euphorbia cyparissias,Euphorbia,cyparissias,,,,exotic,unlisted,,48.873108330000001,-123.320081700000003,,NA,NA,"48489327",obs_exotic,file:///D:/Simon/Sync/Root/GIS/Biodiversity%20Data/obs_exotic.csv?type=csv&maxFields=10000&detectTypes=yes&xField=longitude&yField=latitude&crs=EPSG:4326&spatialIndex=no&subsetIndex=no&watchFile=no
"3730",Euphorbia myrsinites,Euphorbia,myrsinites,,,,exotic,unlisted,,48.867085619999997,-123.375765299999998,,NA,NA,"25479034",obs_exotic,file:///D:/Simon/Sync/Root/GIS/Biodiversity%20Data/obs_exotic.csv?type=csv&maxFields=10000&detectTypes=yes&xField=longitude&yField=latitude&crs=EPSG:4326&spatialIndex=no&subsetIndex=no&watchFile=no
"3731",Euphorbia myrsinites,Euphorbia,myrsinites,,,,exotic,unlisted,,48.867202780000000,-123.375769399999996,,NA,NA,"25595329",obs_exotic,file:///D:/Simon/Sync/Root/GIS/Biodiversity%20Data/obs_exotic.csv?type=csv&maxFields=10000&detectTypes=yes&xField=longitude&yField=latitude&crs=EPSG:4326&spatialIndex=no&subsetIndex=no&watchFile=no
"3732",Euphorbia peplus,Euphorbia,peplus,,,,exotic,unlisted,,48.892840000000000,-123.391332000000006,,NA,NA,"3382906",obs_exotic,file:///D:/Simon/Sync/Root/GIS/Biodiversity%20Data/obs_exotic.csv?type=csv&maxFields=10000&detectTypes=yes&xField=longitude&yField=latitude&crs=EPSG:4326&spatialIndex=no&subsetIndex=no&watchFile=no
"3733",Euphorbia peplus,Euphorbia,peplus,,,,exotic,unlisted,,48.861834999999999,-123.351059000000006,,NA,NA,"5635232",obs_exotic,file:///D:/Simon/Sync/Root/GIS/Biodiversity%20Data/obs_exotic.csv?type=csv&maxFields=10000&detectTypes=yes&xField=longitude&yField=latitude&crs=EPSG:4326&spatialIndex=no&subsetIndex=no&watchFile=no
"3734",Euphrasia nemorosa,Euphrasia,nemorosa,,,,exotic,unlisted,,48.991633999999998,-123.574451999999994,,NA,NA,"3882096",obs_exotic,file:///D:/Simon/Sync/Root/GIS/Biodiversity%20Data/obs_exotic.csv?type=csv&maxFields=10000&detectTypes=yes&xField=longitude&yField=latitude&crs=EPSG:4326&spatialIndex=no&subsetIndex=no&watchFile=no
"3735",Euphrasia nemorosa,Euphrasia,nemorosa,,,,exotic,unlisted,,48.992263889999997,-123.574997199999999,,NA,NA,"3889096",obs_exotic,file:///D:/Simon/Sync/Root/GIS/Biodiversity%20Data/obs_exotic.csv?type=csv&maxFields=10000&detectTypes=yes&xField=longitude&yField=latitude&crs=EPSG:4326&spatialIndex=no&subsetIndex=no&watchFile=no
"3736",Euphrasia nemorosa,Euphrasia,nemorosa,,,,exotic,unlisted,,48.991111009999997,-123.574049099999996,,NA,NA,"30789995",obs_exotic,file:///D:/Simon/Sync/Root/GIS/Biodiversity%20Data/obs_exotic.csv?type=csv&maxFields=10000&detectTypes=yes&xField=longitude&yField=latitude&crs=EPSG:4326&spatialIndex=no&subsetIndex=no&watchFile=no
"3737",Euphrasia nemorosa,Euphrasia,nemorosa,,,,exotic,unlisted,,48.916713330000000,-123.418166700000000,,NA,NA,"95337909",obs_exotic,file:///D:/Simon/Sync/Root/GIS/Biodiversity%20Data/obs_exotic.csv?type=csv&maxFields=10000&detectTypes=yes&xField=longitude&yField=latitude&crs=EPSG:4326&spatialIndex=no&subsetIndex=no&watchFile=no
"3738",Euphrasia nemorosa,Euphrasia,nemorosa,,,,exotic,unlisted,,48.990291669999998,-123.573578299999994,,NA,NA,"97254542",obs_exotic,file:///D:/Simon/Sync/Root/GIS/Biodiversity%20Data/obs_exotic.csv?type=csv&maxFields=10000&detectTypes=yes&xField=longitude&yField=latitude&crs=EPSG:4326&spatialIndex=no&subsetIndex=no&watchFile=no
"3739",Festuca bromoides,Festuca,bromoides,,,,exotic,unlisted,,48.867016669999998,-123.319026699999995,,NA,NA,"122258299",obs_exotic,file:///D:/Simon/Sync/Root/GIS/Biodiversity%20Data/obs_exotic.csv?type=csv&maxFields=10000&detectTypes=yes&xField=longitude&yField=latitude&crs=EPSG:4326&spatialIndex=no&subsetIndex=no&watchFile=no
"3740",Festuca myuros,Festuca,myuros,,,,exotic,unlisted,,48.887090000000001,-123.374756700000006,,NA,NA,"53022046",obs_exotic,file:///D:/Simon/Sync/Root/GIS/Biodiversity%20Data/obs_exotic.csv?type=csv&maxFields=10000&detectTypes=yes&xField=longitude&yField=latitude&crs=EPSG:4326&spatialIndex=no&subsetIndex=no&watchFile=no
"3741",Festuca myuros,Festuca,myuros,,,,exotic,unlisted,,48.871231670000000,-123.314811700000007,,NA,NA,"121538465",obs_exotic,file:///D:/Simon/Sync/Root/GIS/Biodiversity%20Data/obs_exotic.csv?type=csv&maxFields=10000&detectTypes=yes&xField=longitude&yField=latitude&crs=EPSG:4326&spatialIndex=no&subsetIndex=no&watchFile=no
"3742",Festuca myuros,Festuca,myuros,,,,exotic,unlisted,,48.909578330000002,-123.375065000000006,,NA,NA,"121538498",obs_exotic,file:///D:/Simon/Sync/Root/GIS/Biodiversity%20Data/obs_exotic.csv?type=csv&maxFields=10000&detectTypes=yes&xField=longitude&yField=latitude&crs=EPSG:4326&spatialIndex=no&subsetIndex=no&watchFile=no
"3743",Festuca myuros,Festuca,myuros,,,,exotic,unlisted,,48.928124470000000,-123.467769500000003,,NA,NA,"121628874",obs_exotic,file:///D:/Simon/Sync/Root/GIS/Biodiversity%20Data/obs_exotic.csv?type=csv&maxFields=10000&detectTypes=yes&xField=longitude&yField=latitude&crs=EPSG:4326&spatialIndex=no&subsetIndex=no&watchFile=no
"3744",Festuca myuros,Festuca,myuros,,,,exotic,unlisted,,48.866914999999999,-123.319508299999995,,NA,NA,"122258302",obs_exotic,file:///D:/Simon/Sync/Root/GIS/Biodiversity%20Data/obs_exotic.csv?type=csv&maxFields=10000&detectTypes=yes&xField=longitude&yField=latitude&crs=EPSG:4326&spatialIndex=no&subsetIndex=no&watchFile=no
"3745",Festuca myuros,Festuca,myuros,,,,exotic,unlisted,,49.012511670000002,-123.575158299999998,,NA,NA,"123934504",obs_exotic,file:///D:/Simon/Sync/Root/GIS/Biodiversity%20Data/obs_exotic.csv?type=csv&maxFields=10000&detectTypes=yes&xField=longitude&yField=latitude&crs=EPSG:4326&spatialIndex=no&subsetIndex=no&watchFile=no
"3746",Festuca myuros,Festuca,myuros,,,,exotic,unlisted,,48.934472220000004,-123.473891699999996,,NA,NA,"125105125",obs_exotic,file:///D:/Simon/Sync/Root/GIS/Biodiversity%20Data/obs_exotic.csv?type=csv&maxFields=10000&detectTypes=yes&xField=longitude&yField=latitude&crs=EPSG:4326&spatialIndex=no&subsetIndex=no&watchFile=no
"3771",Festuca trachyphylla,Festuca,trachyphylla,,,,exotic,unlisted,,48.931075000000000,-123.475661099999996,,NA,NA,"83060940",obs_exotic,file:///D:/Simon/Sync/Root/GIS/Biodiversity%20Data/obs_exotic.csv?type=csv&maxFields=10000&detectTypes=yes&xField=longitude&yField=latitude&crs=EPSG:4326&spatialIndex=no&subsetIndex=no&watchFile=no
"3772",Filago germanica,Filago,germanica,,,,exotic,unlisted,,48.948452000000003,-123.502377999999993,,NA,NA,"3413966",obs_exotic,file:///D:/Simon/Sync/Root/GIS/Biodiversity%20Data/obs_exotic.csv?type=csv&maxFields=10000&detectTypes=yes&xField=longitude&yField=latitude&crs=EPSG:4326&spatialIndex=no&subsetIndex=no&watchFile=no
"3773",Filago germanica,Filago,germanica,,,,exotic,unlisted,,48.866211000000000,-123.370714199999995,,NA,NA,"6409654",obs_exotic,file:///D:/Simon/Sync/Root/GIS/Biodiversity%20Data/obs_exotic.csv?type=csv&maxFields=10000&detectTypes=yes&xField=longitude&yField=latitude&crs=EPSG:4326&spatialIndex=no&subsetIndex=no&watchFile=no
"3774",Filago germanica,Filago,germanica,,,,exotic,unlisted,,48.899618330000003,-123.358741699999996,,NA,NA,"14220762",obs_exotic,file:///D:/Simon/Sync/Root/GIS/Biodiversity%20Data/obs_exotic.csv?type=csv&maxFields=10000&detectTypes=yes&xField=longitude&yField=latitude&crs=EPSG:4326&spatialIndex=no&subsetIndex=no&watchFile=no
"3775",Filago germanica,Filago,germanica,,,,exotic,unlisted,,48.899608330000000,-123.358778299999997,,NA,NA,"14220764",obs_exotic,file:///D:/Simon/Sync/Root/GIS/Biodiversity%20Data/obs_exotic.csv?type=csv&maxFields=10000&detectTypes=yes&xField=longitude&yField=latitude&crs=EPSG:4326&spatialIndex=no&subsetIndex=no&watchFile=no
"3776",Filago germanica,Filago,germanica,,,,exotic,unlisted,,48.887225000000001,-123.374741700000001,,NA,NA,"53022044",obs_exotic,file:///D:/Simon/Sync/Root/GIS/Biodiversity%20Data/obs_exotic.csv?type=csv&maxFields=10000&detectTypes=yes&xField=longitude&yField=latitude&crs=EPSG:4326&spatialIndex=no&subsetIndex=no&watchFile=no
"3777",Filago germanica,Filago,germanica,,,,exotic,unlisted,,48.971803330000000,-123.543459999999996,,NA,NA,"53064632",obs_exotic,file:///D:/Simon/Sync/Root/GIS/Biodiversity%20Data/obs_exotic.csv?type=csv&maxFields=10000&detectTypes=yes&xField=longitude&yField=latitude&crs=EPSG:4326&spatialIndex=no&subsetIndex=no&watchFile=no
"3778",Filago germanica,Filago,germanica,,,,exotic,unlisted,,48.886444439999998,-123.358455599999999,,NA,NA,"83098019",obs_exotic,file:///D:/Simon/Sync/Root/GIS/Biodiversity%20Data/obs_exotic.csv?type=csv&maxFields=10000&detectTypes=yes&xField=longitude&yField=latitude&crs=EPSG:4326&spatialIndex=no&subsetIndex=no&watchFile=no
"3779",Filago germanica,Filago,germanica,,,,exotic,unlisted,,48.885253329999998,-123.358230000000006,,NA,NA,"83168564",obs_exotic,file:///D:/Simon/Sync/Root/GIS/Biodiversity%20Data/obs_exotic.csv?type=csv&maxFields=10000&detectTypes=yes&xField=longitude&yField=latitude&crs=EPSG:4326&spatialIndex=no&subsetIndex=no&watchFile=no
"3780",Filago germanica,Filago,germanica,,,,exotic,unlisted,,48.978243999999997,-123.567188500000000,,NA,NA,"124878818",obs_exotic,file:///D:/Simon/Sync/Root/GIS/Biodiversity%20Data/obs_exotic.csv?type=csv&maxFields=10000&detectTypes=yes&xField=longitude&yField=latitude&crs=EPSG:4326&spatialIndex=no&subsetIndex=no&watchFile=no
"3781",Filago germanica,Filago,germanica,,,,exotic,unlisted,,48.929838889999999,-123.467688899999999,,NA,NA,"125105111",obs_exotic,file:///D:/Simon/Sync/Root/GIS/Biodiversity%20Data/obs_exotic.csv?type=csv&maxFields=10000&detectTypes=yes&xField=longitude&yField=latitude&crs=EPSG:4326&spatialIndex=no&subsetIndex=no&watchFile=no
"3860",Fumaria muralis,Fumaria,muralis,,,,exotic,unlisted,,48.870564999999999,-123.318594000000004,,NA,NA,"121917751",obs_exotic,file:///D:/Simon/Sync/Root/GIS/Biodiversity%20Data/obs_exotic.csv?type=csv&maxFields=10000&detectTypes=yes&xField=longitude&yField=latitude&crs=EPSG:4326&spatialIndex=no&subsetIndex=no&watchFile=no
"3861",Fumaria muralis,Fumaria,muralis,,,,exotic,unlisted,,48.870572220000000,-123.318588899999995,,NA,NA,"122258297",obs_exotic,file:///D:/Simon/Sync/Root/GIS/Biodiversity%20Data/obs_exotic.csv?type=csv&maxFields=10000&detectTypes=yes&xField=longitude&yField=latitude&crs=EPSG:4326&spatialIndex=no&subsetIndex=no&watchFile=no
"3862",Fumaria muralis,Fumaria,muralis,,,,exotic,unlisted,,48.870708329999999,-123.318511700000002,,NA,NA,"130439827",obs_exotic,file:///D:/Simon/Sync/Root/GIS/Biodiversity%20Data/obs_exotic.csv?type=csv&maxFields=10000&detectTypes=yes&xField=longitude&yField=latitude&crs=EPSG:4326&spatialIndex=no&subsetIndex=no&watchFile=no
"3863",Galanthus nivalis,Galanthus,nivalis,,,,exotic,unlisted,,48.868728330000003,-123.385688299999998,,NA,NA,"5155134",obs_exotic,file:///D:/Simon/Sync/Root/GIS/Biodiversity%20Data/obs_exotic.csv?type=csv&maxFields=10000&detectTypes=yes&xField=longitude&yField=latitude&crs=EPSG:4326&spatialIndex=no&subsetIndex=no&watchFile=no
"3864",Galanthus nivalis,Galanthus,nivalis,,,,exotic,unlisted,,48.977944999999998,-123.566580000000002,,NA,NA,"19950711",obs_exotic,file:///D:/Simon/Sync/Root/GIS/Biodiversity%20Data/obs_exotic.csv?type=csv&maxFields=10000&detectTypes=yes&xField=longitude&yField=latitude&crs=EPSG:4326&spatialIndex=no&subsetIndex=no&watchFile=no
"3865",Galinsoga quadriradiata,Galinsoga,quadriradiata,,,,exotic,unlisted,,48.864928999999997,-123.350823000000005,,NA,NA,"3786954",obs_exotic,file:///D:/Simon/Sync/Root/GIS/Biodiversity%20Data/obs_exotic.csv?type=csv&maxFields=10000&detectTypes=yes&xField=longitude&yField=latitude&crs=EPSG:4326&spatialIndex=no&subsetIndex=no&watchFile=no
"3866",Galinsoga quadriradiata,Galinsoga,quadriradiata,,,,exotic,unlisted,,48.991733330000002,-123.570366699999994,,NA,NA,"14335444",obs_exotic,file:///D:/Simon/Sync/Root/GIS/Biodiversity%20Data/obs_exotic.csv?type=csv&maxFields=10000&detectTypes=yes&xField=longitude&yField=latitude&crs=EPSG:4326&spatialIndex=no&subsetIndex=no&watchFile=no
"3867",Galinsoga quadriradiata,Galinsoga,quadriradiata,,,,exotic,unlisted,,48.928505000000001,-123.468313300000005,,NA,NA,"28650107",obs_exotic,file:///D:/Simon/Sync/Root/GIS/Biodiversity%20Data/obs_exotic.csv?type=csv&maxFields=10000&detectTypes=yes&xField=longitude&yField=latitude&crs=EPSG:4326&spatialIndex=no&subsetIndex=no&watchFile=no
"4259",Geranium dissectum,Geranium,dissectum,,,,exotic,unlisted,,48.931126999999996,-123.480663000000007,,NA,NA,"2625746",obs_exotic,file:///D:/Simon/Sync/Root/GIS/Biodiversity%20Data/obs_exotic.csv?type=csv&maxFields=10000&detectTypes=yes&xField=longitude&yField=latitude&crs=EPSG:4326&spatialIndex=no&subsetIndex=no&watchFile=no
"4260",Geranium dissectum,Geranium,dissectum,,,,exotic,unlisted,,48.933199000000002,-123.483098999999996,,NA,NA,"3328599",obs_exotic,file:///D:/Simon/Sync/Root/GIS/Biodiversity%20Data/obs_exotic.csv?type=csv&maxFields=10000&detectTypes=yes&xField=longitude&yField=latitude&crs=EPSG:4326&spatialIndex=no&subsetIndex=no&watchFile=no
"4261",Geranium dissectum,Geranium,dissectum,,,,exotic,unlisted,,48.929407490000003,-123.470749900000001,,NA,NA,"6217450",obs_exotic,file:///D:/Simon/Sync/Root/GIS/Biodiversity%20Data/obs_exotic.csv?type=csv&maxFields=10000&detectTypes=yes&xField=longitude&yField=latitude&crs=EPSG:4326&spatialIndex=no&subsetIndex=no&watchFile=no
"4262",Geranium dissectum,Geranium,dissectum,,,,exotic,unlisted,,48.928059390000001,-123.467742900000005,,NA,NA,"6387268",obs_exotic,file:///D:/Simon/Sync/Root/GIS/Biodiversity%20Data/obs_exotic.csv?type=csv&maxFields=10000&detectTypes=yes&xField=longitude&yField=latitude&crs=EPSG:4326&spatialIndex=no&subsetIndex=no&watchFile=no
"4263",Geranium dissectum,Geranium,dissectum,,,,exotic,unlisted,,48.869611790000000,-123.374114599999999,,NA,NA,"6469284",obs_exotic,file:///D:/Simon/Sync/Root/GIS/Biodiversity%20Data/obs_exotic.csv?type=csv&maxFields=10000&detectTypes=yes&xField=longitude&yField=latitude&crs=EPSG:4326&spatialIndex=no&subsetIndex=no&watchFile=no
"4264",Geranium dissectum,Geranium,dissectum,,,,exotic,unlisted,,48.891150000000003,-123.375641999999999,,NA,NA,"13133137",obs_exotic,file:///D:/Simon/Sync/Root/GIS/Biodiversity%20Data/obs_exotic.csv?type=csv&maxFields=10000&detectTypes=yes&xField=longitude&yField=latitude&crs=EPSG:4326&spatialIndex=no&subsetIndex=no&watchFile=no
"4265",Geranium dissectum,Geranium,dissectum,,,,exotic,unlisted,,48.926895999999999,-123.465663000000006,,NA,NA,"13166431",obs_exotic,file:///D:/Simon/Sync/Root/GIS/Biodiversity%20Data/obs_exotic.csv?type=csv&maxFields=10000&detectTypes=yes&xField=longitude&yField=latitude&crs=EPSG:4326&spatialIndex=no&subsetIndex=no&watchFile=no
"4266",Geranium dissectum,Geranium,dissectum,,,,exotic,unlisted,,48.928525000000000,-123.444861700000004,,NA,NA,"14276834",obs_exotic,file:///D:/Simon/Sync/Root/GIS/Biodiversity%20Data/obs_exotic.csv?type=csv&maxFields=10000&detectTypes=yes&xField=longitude&yField=latitude&crs=EPSG:4326&spatialIndex=no&subsetIndex=no&watchFile=no
"4267",Geranium dissectum,Geranium,dissectum,,,,exotic,unlisted,,48.869623539999999,-123.319987900000001,,NA,NA,"14277886",obs_exotic,file:///D:/Simon/Sync/Root/GIS/Biodiversity%20Data/obs_exotic.csv?type=csv&maxFields=10000&detectTypes=yes&xField=longitude&yField=latitude&crs=EPSG:4326&spatialIndex=no&subsetIndex=no&watchFile=no
"4268",Geranium dissectum,Geranium,dissectum,,,,exotic,unlisted,,48.926805909999999,-123.465324100000004,,NA,NA,"14281192",obs_exotic,file:///D:/Simon/Sync/Root/GIS/Biodiversity%20Data/obs_exotic.csv?type=csv&maxFields=10000&detectTypes=yes&xField=longitude&yField=latitude&crs=EPSG:4326&spatialIndex=no&subsetIndex=no&watchFile=no
"4269",Geranium dissectum,Geranium,dissectum,,,,exotic,unlisted,,48.872505560000000,-123.310827799999998,,NA,NA,"24697580",obs_exotic,file:///D:/Simon/Sync/Root/GIS/Biodiversity%20Data/obs_exotic.csv?type=csv&maxFields=10000&detectTypes=yes&xField=longitude&yField=latitude&crs=EPSG:4326&spatialIndex=no&subsetIndex=no&watchFile=no
"4270",Geranium dissectum,Geranium,dissectum,,,,exotic,unlisted,,48.872500000000002,-123.310844399999993,,NA,NA,"24697583",obs_exotic,file:///D:/Simon/Sync/Root/GIS/Biodiversity%20Data/obs_exotic.csv?type=csv&maxFields=10000&detectTypes=yes&xField=longitude&yField=latitude&crs=EPSG:4326&spatialIndex=no&subsetIndex=no&watchFile=no
"4271",Geranium dissectum,Geranium,dissectum,,,,exotic,unlisted,,48.872740850000000,-123.311900100000003,,NA,NA,"25148338",obs_exotic,file:///D:/Simon/Sync/Root/GIS/Biodiversity%20Data/obs_exotic.csv?type=csv&maxFields=10000&detectTypes=yes&xField=longitude&yField=latitude&crs=EPSG:4326&spatialIndex=no&subsetIndex=no&watchFile=no
"4272",Geranium dissectum,Geranium,dissectum,,,,exotic,unlisted,,48.872794110000001,-123.313380899999999,,NA,NA,"25199425",obs_exotic,file:///D:/Simon/Sync/Root/GIS/Biodiversity%20Data/obs_exotic.csv?type=csv&maxFields=10000&detectTypes=yes&xField=longitude&yField=latitude&crs=EPSG:4326&spatialIndex=no&subsetIndex=no&watchFile=no
"4273",Geranium dissectum,Geranium,dissectum,,,,exotic,unlisted,,48.994751669999999,-123.583648299999993,,NA,NA,"121373884",obs_exotic,file:///D:/Simon/Sync/Root/GIS/Biodiversity%20Data/obs_exotic.csv?type=csv&maxFields=10000&detectTypes=yes&xField=longitude&yField=latitude&crs=EPSG:4326&spatialIndex=no&subsetIndex=no&watchFile=no
"4274",Geranium dissectum,Geranium,dissectum,,,,exotic,unlisted,,48.926872220000000,-123.465972199999996,,NA,NA,"122868379",obs_exotic,file:///D:/Simon/Sync/Root/GIS/Biodiversity%20Data/obs_exotic.csv?type=csv&maxFields=10000&detectTypes=yes&xField=longitude&yField=latitude&crs=EPSG:4326&spatialIndex=no&subsetIndex=no&watchFile=no
"4275",Geranium molle,Geranium,molle,,,,exotic,unlisted,,48.868695000000002,-123.346231000000003,,NA,NA,"2570663",obs_exotic,file:///D:/Simon/Sync/Root/GIS/Biodiversity%20Data/obs_exotic.csv?type=csv&maxFields=10000&detectTypes=yes&xField=longitude&yField=latitude&crs=EPSG:4326&spatialIndex=no&subsetIndex=no&watchFile=no
"4276",Geranium molle,Geranium,molle,,,,exotic,unlisted,,48.926808000000001,-123.466395000000006,,NA,NA,"2621626",obs_exotic,file:///D:/Simon/Sync/Root/GIS/Biodiversity%20Data/obs_exotic.csv?type=csv&maxFields=10000&detectTypes=yes&xField=longitude&yField=latitude&crs=EPSG:4326&spatialIndex=no&subsetIndex=no&watchFile=no
"4277",Geranium molle,Geranium,molle,,,,exotic,unlisted,,48.928507000000003,-123.468969999999999,,NA,NA,"2621783",obs_exotic,file:///D:/Simon/Sync/Root/GIS/Biodiversity%20Data/obs_exotic.csv?type=csv&maxFields=10000&detectTypes=yes&xField=longitude&yField=latitude&crs=EPSG:4326&spatialIndex=no&subsetIndex=no&watchFile=no
"4278",Geranium molle,Geranium,molle,,,,exotic,unlisted,,48.872523000000001,-123.312864000000005,,NA,NA,"2677396",obs_exotic,file:///D:/Simon/Sync/Root/GIS/Biodiversity%20Data/obs_exotic.csv?type=csv&maxFields=10000&detectTypes=yes&xField=longitude&yField=latitude&crs=EPSG:4326&spatialIndex=no&subsetIndex=no&watchFile=no
"4279",Geranium molle,Geranium,molle,,,,exotic,unlisted,,48.871738000000001,-123.311491000000004,,NA,NA,"2942574",obs_exotic,file:///D:/Simon/Sync/Root/GIS/Biodiversity%20Data/obs_exotic.csv?type=csv&maxFields=10000&detectTypes=yes&xField=longitude&yField=latitude&crs=EPSG:4326&spatialIndex=no&subsetIndex=no&watchFile=no
"4280",Geranium molle,Geranium,molle,,,,exotic,unlisted,,48.866764000000003,-123.336060000000003,,NA,NA,"3027590",obs_exotic,file:///D:/Simon/Sync/Root/GIS/Biodiversity%20Data/obs_exotic.csv?type=csv&maxFields=10000&detectTypes=yes&xField=longitude&yField=latitude&crs=EPSG:4326&spatialIndex=no&subsetIndex=no&watchFile=no
"4281",Geranium molle,Geranium,molle,,,,exotic,unlisted,,48.864714999999997,-123.359984999999995,,NA,NA,"3070175",obs_exotic,file:///D:/Simon/Sync/Root/GIS/Biodiversity%20Data/obs_exotic.csv?type=csv&maxFields=10000&detectTypes=yes&xField=longitude&yField=latitude&crs=EPSG:4326&spatialIndex=no&subsetIndex=no&watchFile=no
"4282",Geranium molle,Geranium,molle,,,,exotic,unlisted,,48.901881699999997,-123.364008699999999,,NA,NA,"5935158",obs_exotic,file:///D:/Simon/Sync/Root/GIS/Biodiversity%20Data/obs_exotic.csv?type=csv&maxFields=10000&detectTypes=yes&xField=longitude&yField=latitude&crs=EPSG:4326&spatialIndex=no&subsetIndex=no&watchFile=no
"4283",Geranium molle,Geranium,molle,,,,exotic,unlisted,,48.892751269999998,-123.391195499999995,,NA,NA,"6047557",obs_exotic,file:///D:/Simon/Sync/Root/GIS/Biodiversity%20Data/obs_exotic.csv?type=csv&maxFields=10000&detectTypes=yes&xField=longitude&yField=latitude&crs=EPSG:4326&spatialIndex=no&subsetIndex=no&watchFile=no
"4284",Geranium molle,Geranium,molle,,,,exotic,unlisted,,48.867255520000001,-123.338141399999998,,NA,NA,"6217222",obs_exotic,file:///D:/Simon/Sync/Root/GIS/Biodiversity%20Data/obs_exotic.csv?type=csv&maxFields=10000&detectTypes=yes&xField=longitude&yField=latitude&crs=EPSG:4326&spatialIndex=no&subsetIndex=no&watchFile=no
"4285",Geranium molle,Geranium,molle,,,,exotic,unlisted,,48.900696850000003,-123.336124400000003,,NA,NA,"6425158",obs_exotic,file:///D:/Simon/Sync/Root/GIS/Biodiversity%20Data/obs_exotic.csv?type=csv&maxFields=10000&detectTypes=yes&xField=longitude&yField=latitude&crs=EPSG:4326&spatialIndex=no&subsetIndex=no&watchFile=no
"4286",Geranium molle,Geranium,molle,,,,exotic,unlisted,,48.867575000000002,-123.340235000000007,,NA,NA,"11252654",obs_exotic,file:///D:/Simon/Sync/Root/GIS/Biodiversity%20Data/obs_exotic.csv?type=csv&maxFields=10000&detectTypes=yes&xField=longitude&yField=latitude&crs=EPSG:4326&spatialIndex=no&subsetIndex=no&watchFile=no
"4287",Geranium molle,Geranium,molle,,,,exotic,unlisted,,48.866355560000002,-123.334252800000002,,NA,NA,"11457575",obs_exotic,file:///D:/Simon/Sync/Root/GIS/Biodiversity%20Data/obs_exotic.csv?type=csv&maxFields=10000&detectTypes=yes&xField=longitude&yField=latitude&crs=EPSG:4326&spatialIndex=no&subsetIndex=no&watchFile=no
"4288",Geranium molle,Geranium,molle,,,,exotic,unlisted,,48.862416670000002,-123.372978300000000,,NA,NA,"11578997",obs_exotic,file:///D:/Simon/Sync/Root/GIS/Biodiversity%20Data/obs_exotic.csv?type=csv&maxFields=10000&detectTypes=yes&xField=longitude&yField=latitude&crs=EPSG:4326&spatialIndex=no&subsetIndex=no&watchFile=no
"4289",Geranium molle,Geranium,molle,,,,exotic,unlisted,,48.867060000000002,-123.341279999999998,,NA,NA,"11974792",obs_exotic,file:///D:/Simon/Sync/Root/GIS/Biodiversity%20Data/obs_exotic.csv?type=csv&maxFields=10000&detectTypes=yes&xField=longitude&yField=latitude&crs=EPSG:4326&spatialIndex=no&subsetIndex=no&watchFile=no
"4290",Geranium molle,Geranium,molle,,,,exotic,unlisted,,48.869700000000002,-123.320999999999998,,NA,NA,"12183981",obs_exotic,file:///D:/Simon/Sync/Root/GIS/Biodiversity%20Data/obs_exotic.csv?type=csv&maxFields=10000&detectTypes=yes&xField=longitude&yField=latitude&crs=EPSG:4326&spatialIndex=no&subsetIndex=no&watchFile=no
"4291",Geranium molle,Geranium,molle,,,,exotic,unlisted,,48.926805909999999,-123.465324100000004,,NA,NA,"14281191",obs_exotic,file:///D:/Simon/Sync/Root/GIS/Biodiversity%20Data/obs_exotic.csv?type=csv&maxFields=10000&detectTypes=yes&xField=longitude&yField=latitude&crs=EPSG:4326&spatialIndex=no&subsetIndex=no&watchFile=no
"4292",Geranium molle,Geranium,molle,,,,exotic,unlisted,,48.867407739999997,-123.338571299999998,,NA,NA,"16307968",obs_exotic,file:///D:/Simon/Sync/Root/GIS/Biodiversity%20Data/obs_exotic.csv?type=csv&maxFields=10000&detectTypes=yes&xField=longitude&yField=latitude&crs=EPSG:4326&spatialIndex=no&subsetIndex=no&watchFile=no
"4293",Geranium molle,Geranium,molle,,,,exotic,unlisted,,48.866956060000000,-123.341274999999996,,NA,NA,"16310354",obs_exotic,file:///D:/Simon/Sync/Root/GIS/Biodiversity%20Data/obs_exotic.csv?type=csv&maxFields=10000&detectTypes=yes&xField=longitude&yField=latitude&crs=EPSG:4326&spatialIndex=no&subsetIndex=no&watchFile=no
"4294",Geranium molle,Geranium,molle,,,,exotic,unlisted,,48.868475629999999,-123.378375500000004,,NA,NA,"17693150",obs_exotic,file:///D:/Simon/Sync/Root/GIS/Biodiversity%20Data/obs_exotic.csv?type=csv&maxFields=10000&detectTypes=yes&xField=longitude&yField=latitude&crs=EPSG:4326&spatialIndex=no&subsetIndex=no&watchFile=no
"4295",Geranium molle,Geranium,molle,,,,exotic,unlisted,,49.012565899999998,-123.585617099999993,,NA,NA,"19615100",obs_exotic,file:///D:/Simon/Sync/Root/GIS/Biodiversity%20Data/obs_exotic.csv?type=csv&maxFields=10000&detectTypes=yes&xField=longitude&yField=latitude&crs=EPSG:4326&spatialIndex=no&subsetIndex=no&watchFile=no
"4296",Geranium molle,Geranium,molle,,,,exotic,unlisted,,48.865630000000003,-123.351678300000003,,NA,NA,"23859008",obs_exotic,file:///D:/Simon/Sync/Root/GIS/Biodiversity%20Data/obs_exotic.csv?type=csv&maxFields=10000&detectTypes=yes&xField=longitude&yField=latitude&crs=EPSG:4326&spatialIndex=no&subsetIndex=no&watchFile=no
"4297",Geranium molle,Geranium,molle,,,,exotic,unlisted,,49.013315249999998,-123.572630399999994,,NA,NA,"24497684",obs_exotic,file:///D:/Simon/Sync/Root/GIS/Biodiversity%20Data/obs_exotic.csv?type=csv&maxFields=10000&detectTypes=yes&xField=longitude&yField=latitude&crs=EPSG:4326&spatialIndex=no&subsetIndex=no&watchFile=no
"4298",Geranium molle,Geranium,molle,,,,exotic,unlisted,,48.900278669999999,-123.407014000000004,,NA,NA,"24536081",obs_exotic,file:///D:/Simon/Sync/Root/GIS/Biodiversity%20Data/obs_exotic.csv?type=csv&maxFields=10000&detectTypes=yes&xField=longitude&yField=latitude&crs=EPSG:4326&spatialIndex=no&subsetIndex=no&watchFile=no
"4299",Geranium molle,Geranium,molle,,,,exotic,unlisted,,48.911711680000003,-123.387142200000000,,NA,NA,"24653151",obs_exotic,file:///D:/Simon/Sync/Root/GIS/Biodiversity%20Data/obs_exotic.csv?type=csv&maxFields=10000&detectTypes=yes&xField=longitude&yField=latitude&crs=EPSG:4326&spatialIndex=no&subsetIndex=no&watchFile=no
"4300",Geranium molle,Geranium,molle,,,,exotic,unlisted,,48.963030560000000,-123.517144400000006,,NA,NA,"24665086",obs_exotic,file:///D:/Simon/Sync/Root/GIS/Biodiversity%20Data/obs_exotic.csv?type=csv&maxFields=10000&detectTypes=yes&xField=longitude&yField=latitude&crs=EPSG:4326&spatialIndex=no&subsetIndex=no&watchFile=no
"4301",Geranium molle,Geranium,molle,,,,exotic,unlisted,,48.962958329999999,-123.517280600000007,,NA,NA,"24665271",obs_exotic,file:///D:/Simon/Sync/Root/GIS/Biodiversity%20Data/obs_exotic.csv?type=csv&maxFields=10000&detectTypes=yes&xField=longitude&yField=latitude&crs=EPSG:4326&spatialIndex=no&subsetIndex=no&watchFile=no
"4302",Geranium molle,Geranium,molle,,,,exotic,unlisted,,48.964399999999998,-123.517219400000002,,NA,NA,"24674061",obs_exotic,file:///D:/Simon/Sync/Root/GIS/Biodiversity%20Data/obs_exotic.csv?type=csv&maxFields=10000&detectTypes=yes&xField=longitude&yField=latitude&crs=EPSG:4326&spatialIndex=no&subsetIndex=no&watchFile=no
"4303",Geranium molle,Geranium,molle,,,,exotic,unlisted,,48.964399999999998,-123.517219400000002,,NA,NA,"24674140",obs_exotic,file:///D:/Simon/Sync/Root/GIS/Biodiversity%20Data/obs_exotic.csv?type=csv&maxFields=10000&detectTypes=yes&xField=longitude&yField=latitude&crs=EPSG:4326&spatialIndex=no&subsetIndex=no&watchFile=no
"4304",Geranium molle,Geranium,molle,,,,exotic,unlisted,,48.898727780000002,-123.408050000000003,,NA,NA,"24677367",obs_exotic,file:///D:/Simon/Sync/Root/GIS/Biodiversity%20Data/obs_exotic.csv?type=csv&maxFields=10000&detectTypes=yes&xField=longitude&yField=latitude&crs=EPSG:4326&spatialIndex=no&subsetIndex=no&watchFile=no
"4305",Geranium molle,Geranium,molle,,,,exotic,unlisted,,48.962161109999997,-123.518311100000005,,NA,NA,"24683983",obs_exotic,file:///D:/Simon/Sync/Root/GIS/Biodiversity%20Data/obs_exotic.csv?type=csv&maxFields=10000&detectTypes=yes&xField=longitude&yField=latitude&crs=EPSG:4326&spatialIndex=no&subsetIndex=no&watchFile=no
"4306",Geranium molle,Geranium,molle,,,,exotic,unlisted,,48.869452780000003,-123.378752800000001,,NA,NA,"24688015",obs_exotic,file:///D:/Simon/Sync/Root/GIS/Biodiversity%20Data/obs_exotic.csv?type=csv&maxFields=10000&detectTypes=yes&xField=longitude&yField=latitude&crs=EPSG:4326&spatialIndex=no&subsetIndex=no&watchFile=no
"4307",Geranium molle,Geranium,molle,,,,exotic,unlisted,,48.963333329999998,-123.519347199999999,,NA,NA,"24694137",obs_exotic,file:///D:/Simon/Sync/Root/GIS/Biodiversity%20Data/obs_exotic.csv?type=csv&maxFields=10000&detectTypes=yes&xField=longitude&yField=latitude&crs=EPSG:4326&spatialIndex=no&subsetIndex=no&watchFile=no
"4308",Geranium molle,Geranium,molle,,,,exotic,unlisted,,48.962422220000001,-123.518891699999998,,NA,NA,"24694145",obs_exotic,file:///D:/Simon/Sync/Root/GIS/Biodiversity%20Data/obs_exotic.csv?type=csv&maxFields=10000&detectTypes=yes&xField=longitude&yField=latitude&crs=EPSG:4326&spatialIndex=no&subsetIndex=no&watchFile=no
"4309",Geranium molle,Geranium,molle,,,,exotic,unlisted,,48.871508329999997,-123.310708300000002,,NA,NA,"24697710",obs_exotic,file:///D:/Simon/Sync/Root/GIS/Biodiversity%20Data/obs_exotic.csv?type=csv&maxFields=10000&detectTypes=yes&xField=longitude&yField=latitude&crs=EPSG:4326&spatialIndex=no&subsetIndex=no&watchFile=no
"4310",Geranium molle,Geranium,molle,,,,exotic,unlisted,,48.898830560000000,-123.407683300000002,,NA,NA,"24701221",obs_exotic,file:///D:/Simon/Sync/Root/GIS/Biodiversity%20Data/obs_exotic.csv?type=csv&maxFields=10000&detectTypes=yes&xField=longitude&yField=latitude&crs=EPSG:4326&spatialIndex=no&subsetIndex=no&watchFile=no
"4311",Geranium molle,Geranium,molle,,,,exotic,unlisted,,48.872513890000000,-123.312605599999998,,NA,NA,"24701374",obs_exotic,file:///D:/Simon/Sync/Root/GIS/Biodiversity%20Data/obs_exotic.csv?type=csv&maxFields=10000&detectTypes=yes&xField=longitude&yField=latitude&crs=EPSG:4326&spatialIndex=no&subsetIndex=no&watchFile=no
"4312",Geranium molle,Geranium,molle,,,,exotic,unlisted,,48.871702780000000,-123.311599999999999,,NA,NA,"24701401",obs_exotic,file:///D:/Simon/Sync/Root/GIS/Biodiversity%20Data/obs_exotic.csv?type=csv&maxFields=10000&detectTypes=yes&xField=longitude&yField=latitude&crs=EPSG:4326&spatialIndex=no&subsetIndex=no&watchFile=no
"4313",Geranium molle,Geranium,molle,,,,exotic,unlisted,,48.866780560000002,-123.330924999999993,,NA,NA,"24702325",obs_exotic,file:///D:/Simon/Sync/Root/GIS/Biodiversity%20Data/obs_exotic.csv?type=csv&maxFields=10000&detectTypes=yes&xField=longitude&yField=latitude&crs=EPSG:4326&spatialIndex=no&subsetIndex=no&watchFile=no
"4314",Geranium molle,Geranium,molle,,,,exotic,unlisted,,48.871902489999997,-123.311157899999998,,NA,NA,"24707885",obs_exotic,file:///D:/Simon/Sync/Root/GIS/Biodiversity%20Data/obs_exotic.csv?type=csv&maxFields=10000&detectTypes=yes&xField=longitude&yField=latitude&crs=EPSG:4326&spatialIndex=no&subsetIndex=no&watchFile=no
"4315",Geranium molle,Geranium,molle,,,,exotic,unlisted,,48.871992890000001,-123.310910399999997,,NA,NA,"24708526",obs_exotic,file:///D:/Simon/Sync/Root/GIS/Biodiversity%20Data/obs_exotic.csv?type=csv&maxFields=10000&detectTypes=yes&xField=longitude&yField=latitude&crs=EPSG:4326&spatialIndex=no&subsetIndex=no&watchFile=no
"4316",Geranium molle,Geranium,molle,,,,exotic,unlisted,,48.962446669999999,-123.519096700000006,,NA,NA,"24710439",obs_exotic,file:///D:/Simon/Sync/Root/GIS/Biodiversity%20Data/obs_exotic.csv?type=csv&maxFields=10000&detectTypes=yes&xField=longitude&yField=latitude&crs=EPSG:4326&spatialIndex=no&subsetIndex=no&watchFile=no
"4317",Geranium molle,Geranium,molle,,,,exotic,unlisted,,48.962445729999999,-123.519043199999999,,NA,NA,"24710446",obs_exotic,file:///D:/Simon/Sync/Root/GIS/Biodiversity%20Data/obs_exotic.csv?type=csv&maxFields=10000&detectTypes=yes&xField=longitude&yField=latitude&crs=EPSG:4326&spatialIndex=no&subsetIndex=no&watchFile=no
"4318",Geranium molle,Geranium,molle,,,,exotic,unlisted,,48.872009190000000,-123.311485099999999,,NA,NA,"24711700",obs_exotic,file:///D:/Simon/Sync/Root/GIS/Biodiversity%20Data/obs_exotic.csv?type=csv&maxFields=10000&detectTypes=yes&xField=longitude&yField=latitude&crs=EPSG:4326&spatialIndex=no&subsetIndex=no&watchFile=no
"4319",Geranium molle,Geranium,molle,,,,exotic,unlisted,,48.899664999999999,-123.405235000000005,,NA,NA,"24712568",obs_exotic,file:///D:/Simon/Sync/Root/GIS/Biodiversity%20Data/obs_exotic.csv?type=csv&maxFields=10000&detectTypes=yes&xField=longitude&yField=latitude&crs=EPSG:4326&spatialIndex=no&subsetIndex=no&watchFile=no
"4320",Geranium molle,Geranium,molle,,,,exotic,unlisted,,49.013491549999998,-123.573181300000002,,NA,NA,"24748311",obs_exotic,file:///D:/Simon/Sync/Root/GIS/Biodiversity%20Data/obs_exotic.csv?type=csv&maxFields=10000&detectTypes=yes&xField=longitude&yField=latitude&crs=EPSG:4326&spatialIndex=no&subsetIndex=no&watchFile=no
"4321",Geranium molle,Geranium,molle,,,,exotic,unlisted,,48.907269999999997,-123.459776700000006,,NA,NA,"24768232",obs_exotic,file:///D:/Simon/Sync/Root/GIS/Biodiversity%20Data/obs_exotic.csv?type=csv&maxFields=10000&detectTypes=yes&xField=longitude&yField=latitude&crs=EPSG:4326&spatialIndex=no&subsetIndex=no&watchFile=no
"4322",Geranium molle,Geranium,molle,,,,exotic,unlisted,,48.962018010000001,-123.518469199999998,,NA,NA,"24919605",obs_exotic,file:///D:/Simon/Sync/Root/GIS/Biodiversity%20Data/obs_exotic.csv?type=csv&maxFields=10000&detectTypes=yes&xField=longitude&yField=latitude&crs=EPSG:4326&spatialIndex=no&subsetIndex=no&watchFile=no
"4323",Geranium molle,Geranium,molle,,,,exotic,unlisted,,48.962612700000001,-123.519270399999996,,NA,NA,"24936955",obs_exotic,file:///D:/Simon/Sync/Root/GIS/Biodiversity%20Data/obs_exotic.csv?type=csv&maxFields=10000&detectTypes=yes&xField=longitude&yField=latitude&crs=EPSG:4326&spatialIndex=no&subsetIndex=no&watchFile=no
"4324",Geranium molle,Geranium,molle,,,,exotic,unlisted,,48.962384800000002,-123.519147099999998,,NA,NA,"24942098",obs_exotic,file:///D:/Simon/Sync/Root/GIS/Biodiversity%20Data/obs_exotic.csv?type=csv&maxFields=10000&detectTypes=yes&xField=longitude&yField=latitude&crs=EPSG:4326&spatialIndex=no&subsetIndex=no&watchFile=no
"4325",Geranium molle,Geranium,molle,,,,exotic,unlisted,,48.872630559999998,-123.312674999999999,,NA,NA,"25048264",obs_exotic,file:///D:/Simon/Sync/Root/GIS/Biodiversity%20Data/obs_exotic.csv?type=csv&maxFields=10000&detectTypes=yes&xField=longitude&yField=latitude&crs=EPSG:4326&spatialIndex=no&subsetIndex=no&watchFile=no
"4326",Geranium molle,Geranium,molle,,,,exotic,unlisted,,48.872208329999999,-123.312744400000000,,NA,NA,"25048265",obs_exotic,file:///D:/Simon/Sync/Root/GIS/Biodiversity%20Data/obs_exotic.csv?type=csv&maxFields=10000&detectTypes=yes&xField=longitude&yField=latitude&crs=EPSG:4326&spatialIndex=no&subsetIndex=no&watchFile=no
"4327",Geranium molle,Geranium,molle,,,,exotic,unlisted,,48.872782000000001,-123.312164499999994,,NA,NA,"25199056",obs_exotic,file:///D:/Simon/Sync/Root/GIS/Biodiversity%20Data/obs_exotic.csv?type=csv&maxFields=10000&detectTypes=yes&xField=longitude&yField=latitude&crs=EPSG:4326&spatialIndex=no&subsetIndex=no&watchFile=no
"4328",Geranium molle,Geranium,molle,,,,exotic,unlisted,,48.872706149999999,-123.312444299999996,,NA,NA,"25199108",obs_exotic,file:///D:/Simon/Sync/Root/GIS/Biodiversity%20Data/obs_exotic.csv?type=csv&maxFields=10000&detectTypes=yes&xField=longitude&yField=latitude&crs=EPSG:4326&spatialIndex=no&subsetIndex=no&watchFile=no
"4329",Geranium molle,Geranium,molle,,,,exotic,unlisted,,48.872600370000001,-123.312573799999996,,NA,NA,"25199138",obs_exotic,file:///D:/Simon/Sync/Root/GIS/Biodiversity%20Data/obs_exotic.csv?type=csv&maxFields=10000&detectTypes=yes&xField=longitude&yField=latitude&crs=EPSG:4326&spatialIndex=no&subsetIndex=no&watchFile=no
"4330",Geranium molle,Geranium,molle,,,,exotic,unlisted,,48.872557700000002,-123.312733199999997,,NA,NA,"25199453",obs_exotic,file:///D:/Simon/Sync/Root/GIS/Biodiversity%20Data/obs_exotic.csv?type=csv&maxFields=10000&detectTypes=yes&xField=longitude&yField=latitude&crs=EPSG:4326&spatialIndex=no&subsetIndex=no&watchFile=no
"4331",Geranium molle,Geranium,molle,,,,exotic,unlisted,,48.863893830000002,-123.330283199999997,,NA,NA,"25483065",obs_exotic,file:///D:/Simon/Sync/Root/GIS/Biodiversity%20Data/obs_exotic.csv?type=csv&maxFields=10000&detectTypes=yes&xField=longitude&yField=latitude&crs=EPSG:4326&spatialIndex=no&subsetIndex=no&watchFile=no
"4332",Geranium molle,Geranium,molle,,,,exotic,unlisted,,48.900588890000002,-123.407105599999994,,NA,NA,"25540442",obs_exotic,file:///D:/Simon/Sync/Root/GIS/Biodiversity%20Data/obs_exotic.csv?type=csv&maxFields=10000&detectTypes=yes&xField=longitude&yField=latitude&crs=EPSG:4326&spatialIndex=no&subsetIndex=no&watchFile=no
"4333",Geranium molle,Geranium,molle,,,,exotic,unlisted,,48.962416670000003,-123.517258299999995,,NA,NA,"25578171",obs_exotic,file:///D:/Simon/Sync/Root/GIS/Biodiversity%20Data/obs_exotic.csv?type=csv&maxFields=10000&detectTypes=yes&xField=longitude&yField=latitude&crs=EPSG:4326&spatialIndex=no&subsetIndex=no&watchFile=no
"4334",Geranium molle,Geranium,molle,,,,exotic,unlisted,,48.962474999999998,-123.519211100000007,,NA,NA,"25654981",obs_exotic,file:///D:/Simon/Sync/Root/GIS/Biodiversity%20Data/obs_exotic.csv?type=csv&maxFields=10000&detectTypes=yes&xField=longitude&yField=latitude&crs=EPSG:4326&spatialIndex=no&subsetIndex=no&watchFile=no
"4335",Geranium molle,Geranium,molle,,,,exotic,unlisted,,48.963097220000002,-123.519583299999994,,NA,NA,"25654982",obs_exotic,file:///D:/Simon/Sync/Root/GIS/Biodiversity%20Data/obs_exotic.csv?type=csv&maxFields=10000&detectTypes=yes&xField=longitude&yField=latitude&crs=EPSG:4326&spatialIndex=no&subsetIndex=no&watchFile=no
"4336",Geranium molle,Geranium,molle,,,,exotic,unlisted,,48.894866669999999,-123.404533299999997,,NA,NA,"25655040",obs_exotic,file:///D:/Simon/Sync/Root/GIS/Biodiversity%20Data/obs_exotic.csv?type=csv&maxFields=10000&detectTypes=yes&xField=longitude&yField=latitude&crs=EPSG:4326&spatialIndex=no&subsetIndex=no&watchFile=no
"4337",Geranium molle,Geranium,molle,,,,exotic,unlisted,,48.866844440000001,-123.331091700000002,,NA,NA,"25658043",obs_exotic,file:///D:/Simon/Sync/Root/GIS/Biodiversity%20Data/obs_exotic.csv?type=csv&maxFields=10000&detectTypes=yes&xField=longitude&yField=latitude&crs=EPSG:4326&spatialIndex=no&subsetIndex=no&watchFile=no
"4338",Geranium molle,Geranium,molle,,,,exotic,unlisted,,48.866877780000003,-123.329011100000002,,NA,NA,"25658044",obs_exotic,file:///D:/Simon/Sync/Root/GIS/Biodiversity%20Data/obs_exotic.csv?type=csv&maxFields=10000&detectTypes=yes&xField=longitude&yField=latitude&crs=EPSG:4326&spatialIndex=no&subsetIndex=no&watchFile=no
"4339",Geranium molle,Geranium,molle,,,,exotic,unlisted,,48.898083329999999,-123.400833300000002,,NA,NA,"32118266",obs_exotic,file:///D:/Simon/Sync/Root/GIS/Biodiversity%20Data/obs_exotic.csv?type=csv&maxFields=10000&detectTypes=yes&xField=longitude&yField=latitude&crs=EPSG:4326&spatialIndex=no&subsetIndex=no&watchFile=no
"4340",Geranium molle,Geranium,molle,,,,exotic,unlisted,,48.871658330000002,-123.312333300000006,,NA,NA,"32125263",obs_exotic,file:///D:/Simon/Sync/Root/GIS/Biodiversity%20Data/obs_exotic.csv?type=csv&maxFields=10000&detectTypes=yes&xField=longitude&yField=latitude&crs=EPSG:4326&spatialIndex=no&subsetIndex=no&watchFile=no
"4341",Geranium molle,Geranium,molle,,,,exotic,unlisted,,48.877048250000001,-123.317892499999999,,NA,NA,"33435742",obs_exotic,file:///D:/Simon/Sync/Root/GIS/Biodiversity%20Data/obs_exotic.csv?type=csv&maxFields=10000&detectTypes=yes&xField=longitude&yField=latitude&crs=EPSG:4326&spatialIndex=no&subsetIndex=no&watchFile=no
"4342",Geranium molle,Geranium,molle,,,,exotic,unlisted,,48.868161479999998,-123.341018099999999,,NA,NA,"43252955",obs_exotic,file:///D:/Simon/Sync/Root/GIS/Biodiversity%20Data/obs_exotic.csv?type=csv&maxFields=10000&detectTypes=yes&xField=longitude&yField=latitude&crs=EPSG:4326&spatialIndex=no&subsetIndex=no&watchFile=no
"4343",Geranium molle,Geranium,molle,,,,exotic,unlisted,,48.865814999999998,-123.350719999999995,,NA,NA,"48304592",obs_exotic,file:///D:/Simon/Sync/Root/GIS/Biodiversity%20Data/obs_exotic.csv?type=csv&maxFields=10000&detectTypes=yes&xField=longitude&yField=latitude&crs=EPSG:4326&spatialIndex=no&subsetIndex=no&watchFile=no
"4344",Geranium molle,Geranium,molle,,,,exotic,unlisted,,49.012375900000002,-123.575668500000006,,NA,NA,"83604160",obs_exotic,file:///D:/Simon/Sync/Root/GIS/Biodiversity%20Data/obs_exotic.csv?type=csv&maxFields=10000&detectTypes=yes&xField=longitude&yField=latitude&crs=EPSG:4326&spatialIndex=no&subsetIndex=no&watchFile=no
"4345",Geranium molle,Geranium,molle,,,,exotic,unlisted,,48.928130000000003,-123.467521700000006,,NA,NA,"84221882",obs_exotic,file:///D:/Simon/Sync/Root/GIS/Biodiversity%20Data/obs_exotic.csv?type=csv&maxFields=10000&detectTypes=yes&xField=longitude&yField=latitude&crs=EPSG:4326&spatialIndex=no&subsetIndex=no&watchFile=no
"4346",Geranium molle,Geranium,molle,,,,exotic,unlisted,,48.950960490000000,-123.502234599999994,,NA,NA,"99437183",obs_exotic,file:///D:/Simon/Sync/Root/GIS/Biodiversity%20Data/obs_exotic.csv?type=csv&maxFields=10000&detectTypes=yes&xField=longitude&yField=latitude&crs=EPSG:4326&spatialIndex=no&subsetIndex=no&watchFile=no
"4347",Geranium molle,Geranium,molle,,,,exotic,unlisted,,48.990924999999997,-123.551410000000004,,NA,NA,"100641888",obs_exotic,file:///D:/Simon/Sync/Root/GIS/Biodiversity%20Data/obs_exotic.csv?type=csv&maxFields=10000&detectTypes=yes&xField=longitude&yField=latitude&crs=EPSG:4326&spatialIndex=no&subsetIndex=no&watchFile=no
"4348",Geranium molle,Geranium,molle,,,,exotic,unlisted,,48.887736670000002,-123.351936699999996,,NA,NA,"105893815",obs_exotic,file:///D:/Simon/Sync/Root/GIS/Biodiversity%20Data/obs_exotic.csv?type=csv&maxFields=10000&detectTypes=yes&xField=longitude&yField=latitude&crs=EPSG:4326&spatialIndex=no&subsetIndex=no&watchFile=no
"4349",Geranium molle,Geranium,molle,,,,exotic,unlisted,,49.013022999999997,-123.573143000000002,,NA,NA,"110936379",obs_exotic,file:///D:/Simon/Sync/Root/GIS/Biodiversity%20Data/obs_exotic.csv?type=csv&maxFields=10000&detectTypes=yes&xField=longitude&yField=latitude&crs=EPSG:4326&spatialIndex=no&subsetIndex=no&watchFile=no
"4350",Geranium molle,Geranium,molle,,,,exotic,unlisted,,48.861603330000001,-123.366126699999995,,NA,NA,"111867230",obs_exotic,file:///D:/Simon/Sync/Root/GIS/Biodiversity%20Data/obs_exotic.csv?type=csv&maxFields=10000&detectTypes=yes&xField=longitude&yField=latitude&crs=EPSG:4326&spatialIndex=no&subsetIndex=no&watchFile=no
"4351",Geranium molle,Geranium,molle,,,,exotic,unlisted,,48.927733330000002,-123.467055000000002,,NA,NA,"113299562",obs_exotic,file:///D:/Simon/Sync/Root/GIS/Biodiversity%20Data/obs_exotic.csv?type=csv&maxFields=10000&detectTypes=yes&xField=longitude&yField=latitude&crs=EPSG:4326&spatialIndex=no&subsetIndex=no&watchFile=no
"4352",Geranium molle,Geranium,molle,,,,exotic,unlisted,,48.908741280000001,-123.370841100000007,,NA,NA,"113951966",obs_exotic,file:///D:/Simon/Sync/Root/GIS/Biodiversity%20Data/obs_exotic.csv?type=csv&maxFields=10000&detectTypes=yes&xField=longitude&yField=latitude&crs=EPSG:4326&spatialIndex=no&subsetIndex=no&watchFile=no
"4353",Geranium molle,Geranium,molle,,,,exotic,unlisted,,48.863526669999999,-123.329785000000001,,NA,NA,"114482558",obs_exotic,file:///D:/Simon/Sync/Root/GIS/Biodiversity%20Data/obs_exotic.csv?type=csv&maxFields=10000&detectTypes=yes&xField=longitude&yField=latitude&crs=EPSG:4326&spatialIndex=no&subsetIndex=no&watchFile=no
"4354",Geranium molle,Geranium,molle,,,,exotic,unlisted,,48.863641629999996,-123.331162500000005,,NA,NA,"114482716",obs_exotic,file:///D:/Simon/Sync/Root/GIS/Biodiversity%20Data/obs_exotic.csv?type=csv&maxFields=10000&detectTypes=yes&xField=longitude&yField=latitude&crs=EPSG:4326&spatialIndex=no&subsetIndex=no&watchFile=no
"4355",Geranium molle,Geranium,molle,,,,exotic,unlisted,,48.867754439999999,-123.339973999999998,,NA,NA,"115214592",obs_exotic,file:///D:/Simon/Sync/Root/GIS/Biodiversity%20Data/obs_exotic.csv?type=csv&maxFields=10000&detectTypes=yes&xField=longitude&yField=latitude&crs=EPSG:4326&spatialIndex=no&subsetIndex=no&watchFile=no
"4356",Geranium molle,Geranium,molle,,,,exotic,unlisted,,49.013399999999997,-123.573271700000006,,NA,NA,"117151475",obs_exotic,file:///D:/Simon/Sync/Root/GIS/Biodiversity%20Data/obs_exotic.csv?type=csv&maxFields=10000&detectTypes=yes&xField=longitude&yField=latitude&crs=EPSG:4326&spatialIndex=no&subsetIndex=no&watchFile=no
"4357",Geranium molle,Geranium,molle,,,,exotic,unlisted,,48.867663329999999,-123.339578299999999,,NA,NA,"117305603",obs_exotic,file:///D:/Simon/Sync/Root/GIS/Biodiversity%20Data/obs_exotic.csv?type=csv&maxFields=10000&detectTypes=yes&xField=longitude&yField=latitude&crs=EPSG:4326&spatialIndex=no&subsetIndex=no&watchFile=no
"4358",Geranium molle,Geranium,molle,,,,exotic,unlisted,,48.998546230000002,-123.587882399999998,,NA,NA,"118444017",obs_exotic,file:///D:/Simon/Sync/Root/GIS/Biodiversity%20Data/obs_exotic.csv?type=csv&maxFields=10000&detectTypes=yes&xField=longitude&yField=latitude&crs=EPSG:4326&spatialIndex=no&subsetIndex=no&watchFile=no
"4359",Geranium molle,Geranium,molle,,,,exotic,unlisted,,48.863828110000000,-123.363685500000003,,NA,NA,"118701125",obs_exotic,file:///D:/Simon/Sync/Root/GIS/Biodiversity%20Data/obs_exotic.csv?type=csv&maxFields=10000&detectTypes=yes&xField=longitude&yField=latitude&crs=EPSG:4326&spatialIndex=no&subsetIndex=no&watchFile=no
"4360",Geranium molle,Geranium,molle,,,,exotic,unlisted,,48.871586669999999,-123.312049999999999,,NA,NA,"119369448",obs_exotic,file:///D:/Simon/Sync/Root/GIS/Biodiversity%20Data/obs_exotic.csv?type=csv&maxFields=10000&detectTypes=yes&xField=longitude&yField=latitude&crs=EPSG:4326&spatialIndex=no&subsetIndex=no&watchFile=no
"4361",Geranium molle,Geranium,molle,,,,exotic,unlisted,,48.897352779999999,-123.338536099999999,,NA,NA,"120494806",obs_exotic,file:///D:/Simon/Sync/Root/GIS/Biodiversity%20Data/obs_exotic.csv?type=csv&maxFields=10000&detectTypes=yes&xField=longitude&yField=latitude&crs=EPSG:4326&spatialIndex=no&subsetIndex=no&watchFile=no
"4362",Geranium molle,Geranium,molle,,,,exotic,unlisted,,48.897416669999998,-123.338471699999999,,NA,NA,"120494824",obs_exotic,file:///D:/Simon/Sync/Root/GIS/Biodiversity%20Data/obs_exotic.csv?type=csv&maxFields=10000&detectTypes=yes&xField=longitude&yField=latitude&crs=EPSG:4326&spatialIndex=no&subsetIndex=no&watchFile=no
"4363",Geranium molle,Geranium,molle,,,,exotic,unlisted,,48.869999929999999,-123.379999999999995,,NA,NA,"121007311",obs_exotic,file:///D:/Simon/Sync/Root/GIS/Biodiversity%20Data/obs_exotic.csv?type=csv&maxFields=10000&detectTypes=yes&xField=longitude&yField=latitude&crs=EPSG:4326&spatialIndex=no&subsetIndex=no&watchFile=no
"4364",Geranium molle,Geranium,molle,,,,exotic,unlisted,,48.898400469999999,-123.407987800000001,,NA,NA,"126114177",obs_exotic,file:///D:/Simon/Sync/Root/GIS/Biodiversity%20Data/obs_exotic.csv?type=csv&maxFields=10000&detectTypes=yes&xField=longitude&yField=latitude&crs=EPSG:4326&spatialIndex=no&subsetIndex=no&watchFile=no
"4365",Geranium robertianum,Geranium,robertianum,,,,exotic,unlisted,,48.879140000000000,-123.319535999999999,,NA,NA,"2610857",obs_exotic,file:///D:/Simon/Sync/Root/GIS/Biodiversity%20Data/obs_exotic.csv?type=csv&maxFields=10000&detectTypes=yes&xField=longitude&yField=latitude&crs=EPSG:4326&spatialIndex=no&subsetIndex=no&watchFile=no
"4366",Geranium robertianum,Geranium,robertianum,,,,exotic,unlisted,,48.943227000000000,-123.488088000000005,,NA,NA,"3403128",obs_exotic,file:///D:/Simon/Sync/Root/GIS/Biodiversity%20Data/obs_exotic.csv?type=csv&maxFields=10000&detectTypes=yes&xField=longitude&yField=latitude&crs=EPSG:4326&spatialIndex=no&subsetIndex=no&watchFile=no
"4367",Geranium robertianum,Geranium,robertianum,,,,exotic,unlisted,,48.874979000000003,-123.349975000000001,,NA,NA,"4296001",obs_exotic,file:///D:/Simon/Sync/Root/GIS/Biodiversity%20Data/obs_exotic.csv?type=csv&maxFields=10000&detectTypes=yes&xField=longitude&yField=latitude&crs=EPSG:4326&spatialIndex=no&subsetIndex=no&watchFile=no
"4368",Geranium robertianum,Geranium,robertianum,,,,exotic,unlisted,,48.940352949999998,-123.503301100000002,,NA,NA,"6299009",obs_exotic,file:///D:/Simon/Sync/Root/GIS/Biodiversity%20Data/obs_exotic.csv?type=csv&maxFields=10000&detectTypes=yes&xField=longitude&yField=latitude&crs=EPSG:4326&spatialIndex=no&subsetIndex=no&watchFile=no
"4369",Geranium robertianum,Geranium,robertianum,,,,exotic,unlisted,,48.942950000000003,-123.490303299999994,,NA,NA,"6386925",obs_exotic,file:///D:/Simon/Sync/Root/GIS/Biodiversity%20Data/obs_exotic.csv?type=csv&maxFields=10000&detectTypes=yes&xField=longitude&yField=latitude&crs=EPSG:4326&spatialIndex=no&subsetIndex=no&watchFile=no
"4370",Geranium robertianum,Geranium,robertianum,,,,exotic,unlisted,,48.901345700000000,-123.363590200000004,,NA,NA,"6413836",obs_exotic,file:///D:/Simon/Sync/Root/GIS/Biodiversity%20Data/obs_exotic.csv?type=csv&maxFields=10000&detectTypes=yes&xField=longitude&yField=latitude&crs=EPSG:4326&spatialIndex=no&subsetIndex=no&watchFile=no
"4371",Geranium robertianum,Geranium,robertianum,,,,exotic,unlisted,,48.943641999999997,-123.490651000000000,,NA,NA,"8906244",obs_exotic,file:///D:/Simon/Sync/Root/GIS/Biodiversity%20Data/obs_exotic.csv?type=csv&maxFields=10000&detectTypes=yes&xField=longitude&yField=latitude&crs=EPSG:4326&spatialIndex=no&subsetIndex=no&watchFile=no
"4372",Geranium robertianum,Geranium,robertianum,,,,exotic,unlisted,,48.882977140000001,-123.385627299999996,,NA,NA,"8910429",obs_exotic,file:///D:/Simon/Sync/Root/GIS/Biodiversity%20Data/obs_exotic.csv?type=csv&maxFields=10000&detectTypes=yes&xField=longitude&yField=latitude&crs=EPSG:4326&spatialIndex=no&subsetIndex=no&watchFile=no
"4373",Geranium robertianum,Geranium,robertianum,,,,exotic,unlisted,,48.872669000000002,-123.370613000000006,,NA,NA,"12315374",obs_exotic,file:///D:/Simon/Sync/Root/GIS/Biodiversity%20Data/obs_exotic.csv?type=csv&maxFields=10000&detectTypes=yes&xField=longitude&yField=latitude&crs=EPSG:4326&spatialIndex=no&subsetIndex=no&watchFile=no
"4374",Geranium robertianum,Geranium,robertianum,,,,exotic,unlisted,,48.866787000000002,-123.338927999999996,,NA,NA,"12819752",obs_exotic,file:///D:/Simon/Sync/Root/GIS/Biodiversity%20Data/obs_exotic.csv?type=csv&maxFields=10000&detectTypes=yes&xField=longitude&yField=latitude&crs=EPSG:4326&spatialIndex=no&subsetIndex=no&watchFile=no
"4375",Geranium robertianum,Geranium,robertianum,,,,exotic,unlisted,,48.872722000000003,-123.370444000000006,,NA,NA,"13031988",obs_exotic,file:///D:/Simon/Sync/Root/GIS/Biodiversity%20Data/obs_exotic.csv?type=csv&maxFields=10000&detectTypes=yes&xField=longitude&yField=latitude&crs=EPSG:4326&spatialIndex=no&subsetIndex=no&watchFile=no
"4376",Geranium robertianum,Geranium,robertianum,,,,exotic,unlisted,,48.908453160000001,-123.394084399999997,,NA,NA,"13931475",obs_exotic,file:///D:/Simon/Sync/Root/GIS/Biodiversity%20Data/obs_exotic.csv?type=csv&maxFields=10000&detectTypes=yes&xField=longitude&yField=latitude&crs=EPSG:4326&spatialIndex=no&subsetIndex=no&watchFile=no
"4377",Geranium robertianum,Geranium,robertianum,,,,exotic,unlisted,,48.962566670000001,-123.519874999999999,,NA,NA,"24673972",obs_exotic,file:///D:/Simon/Sync/Root/GIS/Biodiversity%20Data/obs_exotic.csv?type=csv&maxFields=10000&detectTypes=yes&xField=longitude&yField=latitude&crs=EPSG:4326&spatialIndex=no&subsetIndex=no&watchFile=no
"4378",Geranium robertianum,Geranium,robertianum,,,,exotic,unlisted,,48.962486110000000,-123.519883300000004,,NA,NA,"24674017",obs_exotic,file:///D:/Simon/Sync/Root/GIS/Biodiversity%20Data/obs_exotic.csv?type=csv&maxFields=10000&detectTypes=yes&xField=longitude&yField=latitude&crs=EPSG:4326&spatialIndex=no&subsetIndex=no&watchFile=no
"4379",Geranium robertianum,Geranium,robertianum,,,,exotic,unlisted,,48.962586109999997,-123.519844399999997,,NA,NA,"24674068",obs_exotic,file:///D:/Simon/Sync/Root/GIS/Biodiversity%20Data/obs_exotic.csv?type=csv&maxFields=10000&detectTypes=yes&xField=longitude&yField=latitude&crs=EPSG:4326&spatialIndex=no&subsetIndex=no&watchFile=no
"4380",Geranium robertianum,Geranium,robertianum,,,,exotic,unlisted,,48.962486110000000,-123.519883300000004,,NA,NA,"24674085",obs_exotic,file:///D:/Simon/Sync/Root/GIS/Biodiversity%20Data/obs_exotic.csv?type=csv&maxFields=10000&detectTypes=yes&xField=longitude&yField=latitude&crs=EPSG:4326&spatialIndex=no&subsetIndex=no&watchFile=no
"4381",Geranium robertianum,Geranium,robertianum,,,,exotic,unlisted,,48.896099999999997,-123.349541700000003,,NA,NA,"25189200",obs_exotic,file:///D:/Simon/Sync/Root/GIS/Biodiversity%20Data/obs_exotic.csv?type=csv&maxFields=10000&detectTypes=yes&xField=longitude&yField=latitude&crs=EPSG:4326&spatialIndex=no&subsetIndex=no&watchFile=no
"4382",Geranium robertianum,Geranium,robertianum,,,,exotic,unlisted,,48.899628319999998,-123.403847900000002,,NA,NA,"25478413",obs_exotic,file:///D:/Simon/Sync/Root/GIS/Biodiversity%20Data/obs_exotic.csv?type=csv&maxFields=10000&detectTypes=yes&xField=longitude&yField=latitude&crs=EPSG:4326&spatialIndex=no&subsetIndex=no&watchFile=no
"4383",Geranium robertianum,Geranium,robertianum,,,,exotic,unlisted,,48.868262440000002,-123.347821400000001,,NA,NA,"43555458",obs_exotic,file:///D:/Simon/Sync/Root/GIS/Biodiversity%20Data/obs_exotic.csv?type=csv&maxFields=10000&detectTypes=yes&xField=longitude&yField=latitude&crs=EPSG:4326&spatialIndex=no&subsetIndex=no&watchFile=no
"4384",Geranium robertianum,Geranium,robertianum,,,,exotic,unlisted,,48.866043910000002,-123.350611799999996,,NA,NA,"43555522",obs_exotic,file:///D:/Simon/Sync/Root/GIS/Biodiversity%20Data/obs_exotic.csv?type=csv&maxFields=10000&detectTypes=yes&xField=longitude&yField=latitude&crs=EPSG:4326&spatialIndex=no&subsetIndex=no&watchFile=no
"4385",Geranium robertianum,Geranium,robertianum,,,,exotic,unlisted,,48.893036670000001,-123.346603299999998,,NA,NA,"45070162",obs_exotic,file:///D:/Simon/Sync/Root/GIS/Biodiversity%20Data/obs_exotic.csv?type=csv&maxFields=10000&detectTypes=yes&xField=longitude&yField=latitude&crs=EPSG:4326&spatialIndex=no&subsetIndex=no&watchFile=no
"4386",Geranium robertianum,Geranium,robertianum,,,,exotic,unlisted,,48.869708330000002,-123.319916699999993,,NA,NA,"46034001",obs_exotic,file:///D:/Simon/Sync/Root/GIS/Biodiversity%20Data/obs_exotic.csv?type=csv&maxFields=10000&detectTypes=yes&xField=longitude&yField=latitude&crs=EPSG:4326&spatialIndex=no&subsetIndex=no&watchFile=no
"4387",Geranium robertianum,Geranium,robertianum,,,,exotic,unlisted,,48.878722459999999,-123.319920999999994,,NA,NA,"46518418",obs_exotic,file:///D:/Simon/Sync/Root/GIS/Biodiversity%20Data/obs_exotic.csv?type=csv&maxFields=10000&detectTypes=yes&xField=longitude&yField=latitude&crs=EPSG:4326&spatialIndex=no&subsetIndex=no&watchFile=no
"4388",Geranium robertianum,Geranium,robertianum,,,,exotic,unlisted,,48.866036110000003,-123.350552800000003,,NA,NA,"48304581",obs_exotic,file:///D:/Simon/Sync/Root/GIS/Biodiversity%20Data/obs_exotic.csv?type=csv&maxFields=10000&detectTypes=yes&xField=longitude&yField=latitude&crs=EPSG:4326&spatialIndex=no&subsetIndex=no&watchFile=no
"4389",Geranium robertianum,Geranium,robertianum,,,,exotic,unlisted,,49.006006790000001,-123.584863100000007,,NA,NA,"53845050",obs_exotic,file:///D:/Simon/Sync/Root/GIS/Biodiversity%20Data/obs_exotic.csv?type=csv&maxFields=10000&detectTypes=yes&xField=longitude&yField=latitude&crs=EPSG:4326&spatialIndex=no&subsetIndex=no&watchFile=no
"4390",Geranium robertianum,Geranium,robertianum,,,,exotic,unlisted,,48.946003330000003,-123.500190000000003,,NA,NA,"70065825",obs_exotic,file:///D:/Simon/Sync/Root/GIS/Biodiversity%20Data/obs_exotic.csv?type=csv&maxFields=10000&detectTypes=yes&xField=longitude&yField=latitude&crs=EPSG:4326&spatialIndex=no&subsetIndex=no&watchFile=no
"4391",Geranium robertianum,Geranium,robertianum,,,,exotic,unlisted,,48.944882780000000,-123.491770399999993,,NA,NA,"84485664",obs_exotic,file:///D:/Simon/Sync/Root/GIS/Biodiversity%20Data/obs_exotic.csv?type=csv&maxFields=10000&detectTypes=yes&xField=longitude&yField=latitude&crs=EPSG:4326&spatialIndex=no&subsetIndex=no&watchFile=no
"4392",Geranium robertianum,Geranium,robertianum,,,,exotic,unlisted,,48.945013330000002,-123.490729999999999,,NA,NA,"84497910",obs_exotic,file:///D:/Simon/Sync/Root/GIS/Biodiversity%20Data/obs_exotic.csv?type=csv&maxFields=10000&detectTypes=yes&xField=longitude&yField=latitude&crs=EPSG:4326&spatialIndex=no&subsetIndex=no&watchFile=no
"4393",Geranium robertianum,Geranium,robertianum,,,,exotic,unlisted,,48.874383330000001,-123.319595000000007,,NA,NA,"86360372",obs_exotic,file:///D:/Simon/Sync/Root/GIS/Biodiversity%20Data/obs_exotic.csv?type=csv&maxFields=10000&detectTypes=yes&xField=longitude&yField=latitude&crs=EPSG:4326&spatialIndex=no&subsetIndex=no&watchFile=no
"4394",Geranium robertianum,Geranium,robertianum,,,,exotic,unlisted,,48.940799130000002,-123.503227400000000,,NA,NA,"97178765",obs_exotic,file:///D:/Simon/Sync/Root/GIS/Biodiversity%20Data/obs_exotic.csv?type=csv&maxFields=10000&detectTypes=yes&xField=longitude&yField=latitude&crs=EPSG:4326&spatialIndex=no&subsetIndex=no&watchFile=no
"4412",Glechoma hederacea,Glechoma,hederacea,,,,exotic,unlisted,,48.912861669999998,-123.424295000000001,,NA,NA,"38875624",obs_exotic,file:///D:/Simon/Sync/Root/GIS/Biodiversity%20Data/obs_exotic.csv?type=csv&maxFields=10000&detectTypes=yes&xField=longitude&yField=latitude&crs=EPSG:4326&spatialIndex=no&subsetIndex=no&watchFile=no
"4424",Gnaphalium uliginosum,Gnaphalium,uliginosum,,,,exotic,unlisted,,48.939931250000001,-123.491725599999995,,NA,NA,"14281204",obs_exotic,file:///D:/Simon/Sync/Root/GIS/Biodiversity%20Data/obs_exotic.csv?type=csv&maxFields=10000&detectTypes=yes&xField=longitude&yField=latitude&crs=EPSG:4326&spatialIndex=no&subsetIndex=no&watchFile=no
"4425",Gnaphalium uliginosum,Gnaphalium,uliginosum,,,,exotic,unlisted,,48.984536669999997,-123.557951700000004,,NA,NA,"14335441",obs_exotic,file:///D:/Simon/Sync/Root/GIS/Biodiversity%20Data/obs_exotic.csv?type=csv&maxFields=10000&detectTypes=yes&xField=longitude&yField=latitude&crs=EPSG:4326&spatialIndex=no&subsetIndex=no&watchFile=no
"4426",Gnaphalium uliginosum,Gnaphalium,uliginosum,,,,exotic,unlisted,,48.929875000000003,-123.467553300000006,,NA,NA,"89747303",obs_exotic,file:///D:/Simon/Sync/Root/GIS/Biodiversity%20Data/obs_exotic.csv?type=csv&maxFields=10000&detectTypes=yes&xField=longitude&yField=latitude&crs=EPSG:4326&spatialIndex=no&subsetIndex=no&watchFile=no
"4427",Gnaphalium uliginosum,Gnaphalium,uliginosum,,,,exotic,unlisted,,48.870538330000002,-123.318908300000004,,NA,NA,"121538427",obs_exotic,file:///D:/Simon/Sync/Root/GIS/Biodiversity%20Data/obs_exotic.csv?type=csv&maxFields=10000&detectTypes=yes&xField=longitude&yField=latitude&crs=EPSG:4326&spatialIndex=no&subsetIndex=no&watchFile=no
"4428",Gnaphalium uliginosum,Gnaphalium,uliginosum,,,,exotic,unlisted,,48.870573329999999,-123.319051700000003,,NA,NA,"121538431",obs_exotic,file:///D:/Simon/Sync/Root/GIS/Biodiversity%20Data/obs_exotic.csv?type=csv&maxFields=10000&detectTypes=yes&xField=longitude&yField=latitude&crs=EPSG:4326&spatialIndex=no&subsetIndex=no&watchFile=no
"4429",Gnaphalium uliginosum,Gnaphalium,uliginosum,,,,exotic,unlisted,,48.870591670000003,-123.319063299999996,,NA,NA,"121538434",obs_exotic,file:///D:/Simon/Sync/Root/GIS/Biodiversity%20Data/obs_exotic.csv?type=csv&maxFields=10000&detectTypes=yes&xField=longitude&yField=latitude&crs=EPSG:4326&spatialIndex=no&subsetIndex=no&watchFile=no
"4430",Gnaphalium uliginosum,Gnaphalium,uliginosum,,,,exotic,unlisted,,48.870616669999997,-123.318986699999996,,NA,NA,"129516047",obs_exotic,file:///D:/Simon/Sync/Root/GIS/Biodiversity%20Data/obs_exotic.csv?type=csv&maxFields=10000&detectTypes=yes&xField=longitude&yField=latitude&crs=EPSG:4326&spatialIndex=no&subsetIndex=no&watchFile=no
"4578",Hedera helix,Hedera,helix,,,,exotic,unlisted,,49.011847660000001,-123.574068499999996,,NA,NA,"3948552",obs_exotic,file:///D:/Simon/Sync/Root/GIS/Biodiversity%20Data/obs_exotic.csv?type=csv&maxFields=10000&detectTypes=yes&xField=longitude&yField=latitude&crs=EPSG:4326&spatialIndex=no&subsetIndex=no&watchFile=no
"4579",Hedera helix,Hedera,helix,,,,exotic,unlisted,,48.873958000000002,-123.342725999999999,,NA,NA,"13963098",obs_exotic,file:///D:/Simon/Sync/Root/GIS/Biodiversity%20Data/obs_exotic.csv?type=csv&maxFields=10000&detectTypes=yes&xField=longitude&yField=latitude&crs=EPSG:4326&spatialIndex=no&subsetIndex=no&watchFile=no
"4580",Hedera helix,Hedera,helix,,,,exotic,unlisted,,48.876699299999999,-123.315126800000002,,NA,NA,"24755393",obs_exotic,file:///D:/Simon/Sync/Root/GIS/Biodiversity%20Data/obs_exotic.csv?type=csv&maxFields=10000&detectTypes=yes&xField=longitude&yField=latitude&crs=EPSG:4326&spatialIndex=no&subsetIndex=no&watchFile=no
"4581",Hedera helix,Hedera,helix,,,,exotic,unlisted,,48.879161109999998,-123.319649999999996,,NA,NA,"25658019",obs_exotic,file:///D:/Simon/Sync/Root/GIS/Biodiversity%20Data/obs_exotic.csv?type=csv&maxFields=10000&detectTypes=yes&xField=longitude&yField=latitude&crs=EPSG:4326&spatialIndex=no&subsetIndex=no&watchFile=no
"4582",Hedera helix,Hedera,helix,,,,exotic,unlisted,,48.991316689999998,-123.580048000000005,,NA,NA,"28440160",obs_exotic,file:///D:/Simon/Sync/Root/GIS/Biodiversity%20Data/obs_exotic.csv?type=csv&maxFields=10000&detectTypes=yes&xField=longitude&yField=latitude&crs=EPSG:4326&spatialIndex=no&subsetIndex=no&watchFile=no
"4583",Hedera helix,Hedera,helix,,,,exotic,unlisted,,49.011169449999997,-123.585983299999995,,NA,NA,"31535659",obs_exotic,file:///D:/Simon/Sync/Root/GIS/Biodiversity%20Data/obs_exotic.csv?type=csv&maxFields=10000&detectTypes=yes&xField=longitude&yField=latitude&crs=EPSG:4326&spatialIndex=no&subsetIndex=no&watchFile=no
"4584",Hedera helix,Hedera,helix,,,,exotic,unlisted,,48.876914579999998,-123.317525799999999,,NA,NA,"33435442",obs_exotic,file:///D:/Simon/Sync/Root/GIS/Biodiversity%20Data/obs_exotic.csv?type=csv&maxFields=10000&detectTypes=yes&xField=longitude&yField=latitude&crs=EPSG:4326&spatialIndex=no&subsetIndex=no&watchFile=no
"4585",Hedera helix,Hedera,helix,,,,exotic,unlisted,,49.009953830000001,-123.576678200000003,,NA,NA,"83602627",obs_exotic,file:///D:/Simon/Sync/Root/GIS/Biodiversity%20Data/obs_exotic.csv?type=csv&maxFields=10000&detectTypes=yes&xField=longitude&yField=latitude&crs=EPSG:4326&spatialIndex=no&subsetIndex=no&watchFile=no
"4586",Hedera helix,Hedera,helix,,,,exotic,unlisted,,48.900341670000003,-123.442628299999996,,NA,NA,"104449252",obs_exotic,file:///D:/Simon/Sync/Root/GIS/Biodiversity%20Data/obs_exotic.csv?type=csv&maxFields=10000&detectTypes=yes&xField=longitude&yField=latitude&crs=EPSG:4326&spatialIndex=no&subsetIndex=no&watchFile=no
"4587",Hedera helix,Hedera,helix,,,,exotic,unlisted,,48.871780000000001,-123.310805000000002,,NA,NA,"122839724",obs_exotic,file:///D:/Simon/Sync/Root/GIS/Biodiversity%20Data/obs_exotic.csv?type=csv&maxFields=10000&detectTypes=yes&xField=longitude&yField=latitude&crs=EPSG:4326&spatialIndex=no&subsetIndex=no&watchFile=no
"4588",Hedera helix,Hedera,helix,,,,exotic,unlisted,,48.881213330000001,-123.323523300000005,,NA,NA,"127183995",obs_exotic,file:///D:/Simon/Sync/Root/GIS/Biodiversity%20Data/obs_exotic.csv?type=csv&maxFields=10000&detectTypes=yes&xField=longitude&yField=latitude&crs=EPSG:4326&spatialIndex=no&subsetIndex=no&watchFile=no
"4589",Hedera helix,Hedera,helix,,,,exotic,unlisted,,49.001530559999999,-123.589653299999995,,NA,NA,"137666504",obs_exotic,file:///D:/Simon/Sync/Root/GIS/Biodiversity%20Data/obs_exotic.csv?type=csv&maxFields=10000&detectTypes=yes&xField=longitude&yField=latitude&crs=EPSG:4326&spatialIndex=no&subsetIndex=no&watchFile=no
"4590",Hedera hibernica,Hedera,hibernica,,,,exotic,unlisted,,49.012131670000002,-123.574614999999994,,NA,NA,"123934484",obs_exotic,file:///D:/Simon/Sync/Root/GIS/Biodiversity%20Data/obs_exotic.csv?type=csv&maxFields=10000&detectTypes=yes&xField=longitude&yField=latitude&crs=EPSG:4326&spatialIndex=no&subsetIndex=no&watchFile=no
"4591",Hedera hibernica,Hedera,hibernica,,,,exotic,unlisted,,49.011928330000003,-123.573954999999998,,NA,NA,"124067893",obs_exotic,file:///D:/Simon/Sync/Root/GIS/Biodiversity%20Data/obs_exotic.csv?type=csv&maxFields=10000&detectTypes=yes&xField=longitude&yField=latitude&crs=EPSG:4326&spatialIndex=no&subsetIndex=no&watchFile=no
"4592",Hesperis matronalis,Hesperis,matronalis,,,,exotic,unlisted,,48.887647510000001,-123.378481899999997,,NA,NA,"6411585",obs_exotic,file:///D:/Simon/Sync/Root/GIS/Biodiversity%20Data/obs_exotic.csv?type=csv&maxFields=10000&detectTypes=yes&xField=longitude&yField=latitude&crs=EPSG:4326&spatialIndex=no&subsetIndex=no&watchFile=no
"4593",Hesperis matronalis,Hesperis,matronalis,,,,exotic,unlisted,,48.872722000000003,-123.370444000000006,,NA,NA,"13031728",obs_exotic,file:///D:/Simon/Sync/Root/GIS/Biodiversity%20Data/obs_exotic.csv?type=csv&maxFields=10000&detectTypes=yes&xField=longitude&yField=latitude&crs=EPSG:4326&spatialIndex=no&subsetIndex=no&watchFile=no
"4594",Hesperis matronalis,Hesperis,matronalis,,,,exotic,unlisted,,48.939725099999997,-123.500243999999995,,NA,NA,"13198904",obs_exotic,file:///D:/Simon/Sync/Root/GIS/Biodiversity%20Data/obs_exotic.csv?type=csv&maxFields=10000&detectTypes=yes&xField=longitude&yField=latitude&crs=EPSG:4326&spatialIndex=no&subsetIndex=no&watchFile=no
"4617",Holcus lanatus,Holcus,lanatus,,,,exotic,unlisted,,48.929209999999998,-123.475427999999994,,NA,NA,"2621500",obs_exotic,file:///D:/Simon/Sync/Root/GIS/Biodiversity%20Data/obs_exotic.csv?type=csv&maxFields=10000&detectTypes=yes&xField=longitude&yField=latitude&crs=EPSG:4326&spatialIndex=no&subsetIndex=no&watchFile=no
"4618",Holcus lanatus,Holcus,lanatus,,,,exotic,unlisted,,48.927123999999999,-123.469548000000003,,NA,NA,"2631671",obs_exotic,file:///D:/Simon/Sync/Root/GIS/Biodiversity%20Data/obs_exotic.csv?type=csv&maxFields=10000&detectTypes=yes&xField=longitude&yField=latitude&crs=EPSG:4326&spatialIndex=no&subsetIndex=no&watchFile=no
"4619",Holcus lanatus,Holcus,lanatus,,,,exotic,unlisted,,48.929209999999998,-123.468131999999997,,NA,NA,"2632629",obs_exotic,file:///D:/Simon/Sync/Root/GIS/Biodiversity%20Data/obs_exotic.csv?type=csv&maxFields=10000&detectTypes=yes&xField=longitude&yField=latitude&crs=EPSG:4326&spatialIndex=no&subsetIndex=no&watchFile=no
"4620",Holcus lanatus,Holcus,lanatus,,,,exotic,unlisted,,48.927688000000003,-123.466930000000005,,NA,NA,"2663824",obs_exotic,file:///D:/Simon/Sync/Root/GIS/Biodiversity%20Data/obs_exotic.csv?type=csv&maxFields=10000&detectTypes=yes&xField=longitude&yField=latitude&crs=EPSG:4326&spatialIndex=no&subsetIndex=no&watchFile=no
"4621",Holcus lanatus,Holcus,lanatus,,,,exotic,unlisted,,48.915973999999999,-123.425473999999994,,NA,NA,"3181218",obs_exotic,file:///D:/Simon/Sync/Root/GIS/Biodiversity%20Data/obs_exotic.csv?type=csv&maxFields=10000&detectTypes=yes&xField=longitude&yField=latitude&crs=EPSG:4326&spatialIndex=no&subsetIndex=no&watchFile=no
"4622",Holcus lanatus,Holcus,lanatus,,,,exotic,unlisted,,48.948452000000003,-123.502377999999993,,NA,NA,"3414681",obs_exotic,file:///D:/Simon/Sync/Root/GIS/Biodiversity%20Data/obs_exotic.csv?type=csv&maxFields=10000&detectTypes=yes&xField=longitude&yField=latitude&crs=EPSG:4326&spatialIndex=no&subsetIndex=no&watchFile=no
"4623",Holcus lanatus,Holcus,lanatus,,,,exotic,unlisted,,48.992375310000000,-123.575098499999996,,NA,NA,"4005331",obs_exotic,file:///D:/Simon/Sync/Root/GIS/Biodiversity%20Data/obs_exotic.csv?type=csv&maxFields=10000&detectTypes=yes&xField=longitude&yField=latitude&crs=EPSG:4326&spatialIndex=no&subsetIndex=no&watchFile=no
"4624",Holcus lanatus,Holcus,lanatus,,,,exotic,unlisted,,48.863500999999999,-123.363161000000005,,NA,NA,"6646987",obs_exotic,file:///D:/Simon/Sync/Root/GIS/Biodiversity%20Data/obs_exotic.csv?type=csv&maxFields=10000&detectTypes=yes&xField=longitude&yField=latitude&crs=EPSG:4326&spatialIndex=no&subsetIndex=no&watchFile=no
"4625",Holcus lanatus,Holcus,lanatus,,,,exotic,unlisted,,48.874552000000001,-123.383330999999998,,NA,NA,"6817305",obs_exotic,file:///D:/Simon/Sync/Root/GIS/Biodiversity%20Data/obs_exotic.csv?type=csv&maxFields=10000&detectTypes=yes&xField=longitude&yField=latitude&crs=EPSG:4326&spatialIndex=no&subsetIndex=no&watchFile=no
"4626",Holcus lanatus,Holcus,lanatus,,,,exotic,unlisted,,48.877363330000001,-123.401038299999996,,NA,NA,"50736651",obs_exotic,file:///D:/Simon/Sync/Root/GIS/Biodiversity%20Data/obs_exotic.csv?type=csv&maxFields=10000&detectTypes=yes&xField=longitude&yField=latitude&crs=EPSG:4326&spatialIndex=no&subsetIndex=no&watchFile=no
"4627",Holcus lanatus,Holcus,lanatus,,,,exotic,unlisted,,48.930054519999999,-123.467136999999994,,NA,NA,"52906567",obs_exotic,file:///D:/Simon/Sync/Root/GIS/Biodiversity%20Data/obs_exotic.csv?type=csv&maxFields=10000&detectTypes=yes&xField=longitude&yField=latitude&crs=EPSG:4326&spatialIndex=no&subsetIndex=no&watchFile=no
"4628",Holcus lanatus,Holcus,lanatus,,,,exotic,unlisted,,48.930302120000000,-123.467355100000006,,NA,NA,"52921960",obs_exotic,file:///D:/Simon/Sync/Root/GIS/Biodiversity%20Data/obs_exotic.csv?type=csv&maxFields=10000&detectTypes=yes&xField=longitude&yField=latitude&crs=EPSG:4326&spatialIndex=no&subsetIndex=no&watchFile=no
"4629",Holcus lanatus,Holcus,lanatus,,,,exotic,unlisted,,48.932220670000000,-123.479172899999995,,NA,NA,"53389388",obs_exotic,file:///D:/Simon/Sync/Root/GIS/Biodiversity%20Data/obs_exotic.csv?type=csv&maxFields=10000&detectTypes=yes&xField=longitude&yField=latitude&crs=EPSG:4326&spatialIndex=no&subsetIndex=no&watchFile=no
"4630",Holcus lanatus,Holcus,lanatus,,,,exotic,unlisted,,48.928557300000001,-123.469127700000001,,NA,NA,"54690502",obs_exotic,file:///D:/Simon/Sync/Root/GIS/Biodiversity%20Data/obs_exotic.csv?type=csv&maxFields=10000&detectTypes=yes&xField=longitude&yField=latitude&crs=EPSG:4326&spatialIndex=no&subsetIndex=no&watchFile=no
"4631",Holcus lanatus,Holcus,lanatus,,,,exotic,unlisted,,48.928994969999998,-123.469377399999999,,NA,NA,"54691838",obs_exotic,file:///D:/Simon/Sync/Root/GIS/Biodiversity%20Data/obs_exotic.csv?type=csv&maxFields=10000&detectTypes=yes&xField=longitude&yField=latitude&crs=EPSG:4326&spatialIndex=no&subsetIndex=no&watchFile=no
"4632",Holcus lanatus,Holcus,lanatus,,,,exotic,unlisted,,48.872991669999998,-123.315944999999999,,NA,NA,"119369464",obs_exotic,file:///D:/Simon/Sync/Root/GIS/Biodiversity%20Data/obs_exotic.csv?type=csv&maxFields=10000&detectTypes=yes&xField=longitude&yField=latitude&crs=EPSG:4326&spatialIndex=no&subsetIndex=no&watchFile=no
"4633",Holcus lanatus,Holcus,lanatus,,,,exotic,unlisted,,48.872976670000000,-123.315958300000005,,NA,NA,"119369466",obs_exotic,file:///D:/Simon/Sync/Root/GIS/Biodiversity%20Data/obs_exotic.csv?type=csv&maxFields=10000&detectTypes=yes&xField=longitude&yField=latitude&crs=EPSG:4326&spatialIndex=no&subsetIndex=no&watchFile=no
"4634",Holcus lanatus,Holcus,lanatus,,,,exotic,unlisted,,48.910130000000002,-123.374571700000004,,NA,NA,"121538507",obs_exotic,file:///D:/Simon/Sync/Root/GIS/Biodiversity%20Data/obs_exotic.csv?type=csv&maxFields=10000&detectTypes=yes&xField=longitude&yField=latitude&crs=EPSG:4326&spatialIndex=no&subsetIndex=no&watchFile=no
"4635",Holcus lanatus,Holcus,lanatus,,,,exotic,unlisted,,48.909706669999998,-123.372273300000003,,NA,NA,"121538554",obs_exotic,file:///D:/Simon/Sync/Root/GIS/Biodiversity%20Data/obs_exotic.csv?type=csv&maxFields=10000&detectTypes=yes&xField=longitude&yField=latitude&crs=EPSG:4326&spatialIndex=no&subsetIndex=no&watchFile=no
"4636",Holcus lanatus,Holcus,lanatus,,,,exotic,unlisted,,48.872471670000003,-123.312346700000006,,NA,NA,"123183605",obs_exotic,file:///D:/Simon/Sync/Root/GIS/Biodiversity%20Data/obs_exotic.csv?type=csv&maxFields=10000&detectTypes=yes&xField=longitude&yField=latitude&crs=EPSG:4326&spatialIndex=no&subsetIndex=no&watchFile=no
"4637",Holcus lanatus,Holcus,lanatus,,,,exotic,unlisted,,48.871619440000003,-123.311149999999998,,NA,NA,"125105119",obs_exotic,file:///D:/Simon/Sync/Root/GIS/Biodiversity%20Data/obs_exotic.csv?type=csv&maxFields=10000&detectTypes=yes&xField=longitude&yField=latitude&crs=EPSG:4326&spatialIndex=no&subsetIndex=no&watchFile=no
"4638",Hyacinthoides hispanica,Hyacinthoides,hispanica,,,,exotic,unlisted,,48.871738000000001,-123.311491000000004,,NA,NA,"2942494",obs_exotic,file:///D:/Simon/Sync/Root/GIS/Biodiversity%20Data/obs_exotic.csv?type=csv&maxFields=10000&detectTypes=yes&xField=longitude&yField=latitude&crs=EPSG:4326&spatialIndex=no&subsetIndex=no&watchFile=no
"4639",Hyacinthoides hispanica,Hyacinthoides,hispanica,,,,exotic,unlisted,,48.904382990000002,-123.345319099999998,,NA,NA,"24237249",obs_exotic,file:///D:/Simon/Sync/Root/GIS/Biodiversity%20Data/obs_exotic.csv?type=csv&maxFields=10000&detectTypes=yes&xField=longitude&yField=latitude&crs=EPSG:4326&spatialIndex=no&subsetIndex=no&watchFile=no
"4640",Hyacinthoides hispanica,Hyacinthoides,hispanica,,,,exotic,unlisted,,48.871575000000000,-123.310852800000006,,NA,NA,"24701395",obs_exotic,file:///D:/Simon/Sync/Root/GIS/Biodiversity%20Data/obs_exotic.csv?type=csv&maxFields=10000&detectTypes=yes&xField=longitude&yField=latitude&crs=EPSG:4326&spatialIndex=no&subsetIndex=no&watchFile=no
"4641",Hyacinthoides hispanica,Hyacinthoides,hispanica,,,,exotic,unlisted,,48.872503330000001,-123.311686699999996,,NA,NA,"24708782",obs_exotic,file:///D:/Simon/Sync/Root/GIS/Biodiversity%20Data/obs_exotic.csv?type=csv&maxFields=10000&detectTypes=yes&xField=longitude&yField=latitude&crs=EPSG:4326&spatialIndex=no&subsetIndex=no&watchFile=no
"4642",Hyacinthoides hispanica,Hyacinthoides,hispanica,,,,exotic,unlisted,,48.872555400000003,-123.311616999999998,,NA,NA,"25199298",obs_exotic,file:///D:/Simon/Sync/Root/GIS/Biodiversity%20Data/obs_exotic.csv?type=csv&maxFields=10000&detectTypes=yes&xField=longitude&yField=latitude&crs=EPSG:4326&spatialIndex=no&subsetIndex=no&watchFile=no
"4643",Hyacinthoides hispanica,Hyacinthoides,hispanica,,,,exotic,unlisted,,48.871578569999997,-123.310837599999999,,NA,NA,"25483385",obs_exotic,file:///D:/Simon/Sync/Root/GIS/Biodiversity%20Data/obs_exotic.csv?type=csv&maxFields=10000&detectTypes=yes&xField=longitude&yField=latitude&crs=EPSG:4326&spatialIndex=no&subsetIndex=no&watchFile=no
"4644",Hyacinthoides hispanica,Hyacinthoides,hispanica,,,,exotic,unlisted,,48.871240999999998,-123.319778999999997,,NA,NA,"111715250",obs_exotic,file:///D:/Simon/Sync/Root/GIS/Biodiversity%20Data/obs_exotic.csv?type=csv&maxFields=10000&detectTypes=yes&xField=longitude&yField=latitude&crs=EPSG:4326&spatialIndex=no&subsetIndex=no&watchFile=no
"4657",Hypericum androsaemum,Hypericum,androsaemum,,,,exotic,unlisted,,48.863611110000001,-123.316944399999997,,NA,NA,"68356741",obs_exotic,file:///D:/Simon/Sync/Root/GIS/Biodiversity%20Data/obs_exotic.csv?type=csv&maxFields=10000&detectTypes=yes&xField=longitude&yField=latitude&crs=EPSG:4326&spatialIndex=no&subsetIndex=no&watchFile=no
"4658",Hypericum calycinum,Hypericum,calycinum,,,,exotic,unlisted,,48.866866000000002,-123.316941000000000,,NA,NA,"3382761",obs_exotic,file:///D:/Simon/Sync/Root/GIS/Biodiversity%20Data/obs_exotic.csv?type=csv&maxFields=10000&detectTypes=yes&xField=longitude&yField=latitude&crs=EPSG:4326&spatialIndex=no&subsetIndex=no&watchFile=no
"4659",Hypericum calycinum,Hypericum,calycinum,,,,exotic,unlisted,,48.898688329999999,-123.407561700000002,,NA,NA,"49790670",obs_exotic,file:///D:/Simon/Sync/Root/GIS/Biodiversity%20Data/obs_exotic.csv?type=csv&maxFields=10000&detectTypes=yes&xField=longitude&yField=latitude&crs=EPSG:4326&spatialIndex=no&subsetIndex=no&watchFile=no
"4660",Hypericum calycinum,Hypericum,calycinum,,,,exotic,unlisted,,48.893166940000000,-123.391999100000007,,NA,NA,"129227367",obs_exotic,file:///D:/Simon/Sync/Root/GIS/Biodiversity%20Data/obs_exotic.csv?type=csv&maxFields=10000&detectTypes=yes&xField=longitude&yField=latitude&crs=EPSG:4326&spatialIndex=no&subsetIndex=no&watchFile=no
"4661",Hypericum perforatum,Hypericum,perforatum,,,,exotic,unlisted,,48.928632000000000,-123.468925999999996,,NA,NA,"2564145",obs_exotic,file:///D:/Simon/Sync/Root/GIS/Biodiversity%20Data/obs_exotic.csv?type=csv&maxFields=10000&detectTypes=yes&xField=longitude&yField=latitude&crs=EPSG:4326&spatialIndex=no&subsetIndex=no&watchFile=no
"4662",Hypericum perforatum,Hypericum,perforatum,,,,exotic,unlisted,,48.928519000000001,-123.468969999999999,,NA,NA,"2622495",obs_exotic,file:///D:/Simon/Sync/Root/GIS/Biodiversity%20Data/obs_exotic.csv?type=csv&maxFields=10000&detectTypes=yes&xField=longitude&yField=latitude&crs=EPSG:4326&spatialIndex=no&subsetIndex=no&watchFile=no
"4663",Hypericum perforatum,Hypericum,perforatum,,,,exotic,unlisted,,48.985295999999998,-123.557446999999996,,NA,NA,"3680968",obs_exotic,file:///D:/Simon/Sync/Root/GIS/Biodiversity%20Data/obs_exotic.csv?type=csv&maxFields=10000&detectTypes=yes&xField=longitude&yField=latitude&crs=EPSG:4326&spatialIndex=no&subsetIndex=no&watchFile=no
"4664",Hypericum perforatum,Hypericum,perforatum,,,,exotic,unlisted,,48.985295999999998,-123.557446999999996,,NA,NA,"3681001",obs_exotic,file:///D:/Simon/Sync/Root/GIS/Biodiversity%20Data/obs_exotic.csv?type=csv&maxFields=10000&detectTypes=yes&xField=longitude&yField=latitude&crs=EPSG:4326&spatialIndex=no&subsetIndex=no&watchFile=no
"4665",Hypericum perforatum,Hypericum,perforatum,,,,exotic,unlisted,,48.955609000000003,-123.527106000000003,,NA,NA,"3682229",obs_exotic,file:///D:/Simon/Sync/Root/GIS/Biodiversity%20Data/obs_exotic.csv?type=csv&maxFields=10000&detectTypes=yes&xField=longitude&yField=latitude&crs=EPSG:4326&spatialIndex=no&subsetIndex=no&watchFile=no
"4666",Hypericum perforatum,Hypericum,perforatum,,,,exotic,unlisted,,48.992352779999997,-123.575333299999997,,NA,NA,"3889094",obs_exotic,file:///D:/Simon/Sync/Root/GIS/Biodiversity%20Data/obs_exotic.csv?type=csv&maxFields=10000&detectTypes=yes&xField=longitude&yField=latitude&crs=EPSG:4326&spatialIndex=no&subsetIndex=no&watchFile=no
"4667",Hypericum perforatum,Hypericum,perforatum,,,,exotic,unlisted,,48.992375310000000,-123.575098499999996,,NA,NA,"4005333",obs_exotic,file:///D:/Simon/Sync/Root/GIS/Biodiversity%20Data/obs_exotic.csv?type=csv&maxFields=10000&detectTypes=yes&xField=longitude&yField=latitude&crs=EPSG:4326&spatialIndex=no&subsetIndex=no&watchFile=no
"4668",Hypericum perforatum,Hypericum,perforatum,,,,exotic,unlisted,,48.992375310000000,-123.575098499999996,,NA,NA,"4005340",obs_exotic,file:///D:/Simon/Sync/Root/GIS/Biodiversity%20Data/obs_exotic.csv?type=csv&maxFields=10000&detectTypes=yes&xField=longitude&yField=latitude&crs=EPSG:4326&spatialIndex=no&subsetIndex=no&watchFile=no
"4669",Hypericum perforatum,Hypericum,perforatum,,,,exotic,unlisted,,48.911408330000000,-123.394215000000003,,NA,NA,"14220757",obs_exotic,file:///D:/Simon/Sync/Root/GIS/Biodiversity%20Data/obs_exotic.csv?type=csv&maxFields=10000&detectTypes=yes&xField=longitude&yField=latitude&crs=EPSG:4326&spatialIndex=no&subsetIndex=no&watchFile=no
"4670",Hypericum perforatum,Hypericum,perforatum,,,,exotic,unlisted,,48.869588829999998,-123.320558500000004,,NA,NA,"14250021",obs_exotic,file:///D:/Simon/Sync/Root/GIS/Biodiversity%20Data/obs_exotic.csv?type=csv&maxFields=10000&detectTypes=yes&xField=longitude&yField=latitude&crs=EPSG:4326&spatialIndex=no&subsetIndex=no&watchFile=no
"4671",Hypericum perforatum,Hypericum,perforatum,,,,exotic,unlisted,,48.948196639999999,-123.501691500000007,,NA,NA,"14300225",obs_exotic,file:///D:/Simon/Sync/Root/GIS/Biodiversity%20Data/obs_exotic.csv?type=csv&maxFields=10000&detectTypes=yes&xField=longitude&yField=latitude&crs=EPSG:4326&spatialIndex=no&subsetIndex=no&watchFile=no
"4672",Hypericum perforatum,Hypericum,perforatum,,,,exotic,unlisted,,48.973124360000000,-123.561272200000005,,NA,NA,"14629075",obs_exotic,file:///D:/Simon/Sync/Root/GIS/Biodiversity%20Data/obs_exotic.csv?type=csv&maxFields=10000&detectTypes=yes&xField=longitude&yField=latitude&crs=EPSG:4326&spatialIndex=no&subsetIndex=no&watchFile=no
"4673",Hypericum perforatum,Hypericum,perforatum,,,,exotic,unlisted,,48.913383330000002,-123.386863300000002,,NA,NA,"31531263",obs_exotic,file:///D:/Simon/Sync/Root/GIS/Biodiversity%20Data/obs_exotic.csv?type=csv&maxFields=10000&detectTypes=yes&xField=longitude&yField=latitude&crs=EPSG:4326&spatialIndex=no&subsetIndex=no&watchFile=no
"4674",Hypericum perforatum,Hypericum,perforatum,,,,exotic,unlisted,,48.930607039999998,-123.475745399999994,,NA,NA,"84705394",obs_exotic,file:///D:/Simon/Sync/Root/GIS/Biodiversity%20Data/obs_exotic.csv?type=csv&maxFields=10000&detectTypes=yes&xField=longitude&yField=latitude&crs=EPSG:4326&spatialIndex=no&subsetIndex=no&watchFile=no
"4675",Hypochaeris glabra,Hypochaeris,glabra,,,,exotic,unlisted,,48.868751690000003,-123.379125599999995,,NA,NA,"6217961",obs_exotic,file:///D:/Simon/Sync/Root/GIS/Biodiversity%20Data/obs_exotic.csv?type=csv&maxFields=10000&detectTypes=yes&xField=longitude&yField=latitude&crs=EPSG:4326&spatialIndex=no&subsetIndex=no&watchFile=no
"4676",Hypochaeris glabra,Hypochaeris,glabra,,,,exotic,unlisted,,48.868800149999998,-123.378610600000002,,NA,NA,"6410325",obs_exotic,file:///D:/Simon/Sync/Root/GIS/Biodiversity%20Data/obs_exotic.csv?type=csv&maxFields=10000&detectTypes=yes&xField=longitude&yField=latitude&crs=EPSG:4326&spatialIndex=no&subsetIndex=no&watchFile=no
"4677",Hypochaeris glabra,Hypochaeris,glabra,,,,exotic,unlisted,,48.867622509999997,-123.339643499999994,,NA,NA,"6434807",obs_exotic,file:///D:/Simon/Sync/Root/GIS/Biodiversity%20Data/obs_exotic.csv?type=csv&maxFields=10000&detectTypes=yes&xField=longitude&yField=latitude&crs=EPSG:4326&spatialIndex=no&subsetIndex=no&watchFile=no
"4678",Hypochaeris glabra,Hypochaeris,glabra,,,,exotic,unlisted,,48.863599999999998,-123.363032000000004,,NA,NA,"6646904",obs_exotic,file:///D:/Simon/Sync/Root/GIS/Biodiversity%20Data/obs_exotic.csv?type=csv&maxFields=10000&detectTypes=yes&xField=longitude&yField=latitude&crs=EPSG:4326&spatialIndex=no&subsetIndex=no&watchFile=no
"4679",Hypochaeris glabra,Hypochaeris,glabra,,,,exotic,unlisted,,48.958745000000000,-123.533368999999993,,NA,NA,"12373640",obs_exotic,file:///D:/Simon/Sync/Root/GIS/Biodiversity%20Data/obs_exotic.csv?type=csv&maxFields=10000&detectTypes=yes&xField=longitude&yField=latitude&crs=EPSG:4326&spatialIndex=no&subsetIndex=no&watchFile=no
"4680",Hypochaeris glabra,Hypochaeris,glabra,,,,exotic,unlisted,,48.866925999999999,-123.341881000000001,,NA,NA,"12635249",obs_exotic,file:///D:/Simon/Sync/Root/GIS/Biodiversity%20Data/obs_exotic.csv?type=csv&maxFields=10000&detectTypes=yes&xField=longitude&yField=latitude&crs=EPSG:4326&spatialIndex=no&subsetIndex=no&watchFile=no
"4681",Hypochaeris glabra,Hypochaeris,glabra,,,,exotic,unlisted,,48.866821670000000,-123.341044999999994,,NA,NA,"43252990",obs_exotic,file:///D:/Simon/Sync/Root/GIS/Biodiversity%20Data/obs_exotic.csv?type=csv&maxFields=10000&detectTypes=yes&xField=longitude&yField=latitude&crs=EPSG:4326&spatialIndex=no&subsetIndex=no&watchFile=no
"4682",Hypochaeris glabra,Hypochaeris,glabra,,,,exotic,unlisted,,48.866911260000002,-123.341152899999997,,NA,NA,"45751471",obs_exotic,file:///D:/Simon/Sync/Root/GIS/Biodiversity%20Data/obs_exotic.csv?type=csv&maxFields=10000&detectTypes=yes&xField=longitude&yField=latitude&crs=EPSG:4326&spatialIndex=no&subsetIndex=no&watchFile=no
"4683",Hypochaeris glabra,Hypochaeris,glabra,,,,exotic,unlisted,,48.870079099999998,-123.380222799999999,,NA,NA,"47483094",obs_exotic,file:///D:/Simon/Sync/Root/GIS/Biodiversity%20Data/obs_exotic.csv?type=csv&maxFields=10000&detectTypes=yes&xField=longitude&yField=latitude&crs=EPSG:4326&spatialIndex=no&subsetIndex=no&watchFile=no
"4684",Hypochaeris glabra,Hypochaeris,glabra,,,,exotic,unlisted,,48.869435449999997,-123.379006899999993,,NA,NA,"52496719",obs_exotic,file:///D:/Simon/Sync/Root/GIS/Biodiversity%20Data/obs_exotic.csv?type=csv&maxFields=10000&detectTypes=yes&xField=longitude&yField=latitude&crs=EPSG:4326&spatialIndex=no&subsetIndex=no&watchFile=no
"4685",Hypochaeris glabra,Hypochaeris,glabra,,,,exotic,unlisted,,48.871702249999998,-123.382610000000000,,NA,NA,"81147054",obs_exotic,file:///D:/Simon/Sync/Root/GIS/Biodiversity%20Data/obs_exotic.csv?type=csv&maxFields=10000&detectTypes=yes&xField=longitude&yField=latitude&crs=EPSG:4326&spatialIndex=no&subsetIndex=no&watchFile=no
"4686",Hypochaeris glabra,Hypochaeris,glabra,,,,exotic,unlisted,,48.958733330000001,-123.533097200000000,,NA,NA,"116029584",obs_exotic,file:///D:/Simon/Sync/Root/GIS/Biodiversity%20Data/obs_exotic.csv?type=csv&maxFields=10000&detectTypes=yes&xField=longitude&yField=latitude&crs=EPSG:4326&spatialIndex=no&subsetIndex=no&watchFile=no
"4687",Hypochaeris glabra,Hypochaeris,glabra,,,,exotic,unlisted,,48.863373330000002,-123.363285000000005,,NA,NA,"116636229",obs_exotic,file:///D:/Simon/Sync/Root/GIS/Biodiversity%20Data/obs_exotic.csv?type=csv&maxFields=10000&detectTypes=yes&xField=longitude&yField=latitude&crs=EPSG:4326&spatialIndex=no&subsetIndex=no&watchFile=no
"4688",Hypochaeris glabra,Hypochaeris,glabra,,,,exotic,unlisted,,48.863413330000000,-123.363228300000003,,NA,NA,"116636246",obs_exotic,file:///D:/Simon/Sync/Root/GIS/Biodiversity%20Data/obs_exotic.csv?type=csv&maxFields=10000&detectTypes=yes&xField=longitude&yField=latitude&crs=EPSG:4326&spatialIndex=no&subsetIndex=no&watchFile=no
"4689",Hypochaeris glabra,Hypochaeris,glabra,,,,exotic,unlisted,,48.863478330000000,-123.363550000000004,,NA,NA,"120470377",obs_exotic,file:///D:/Simon/Sync/Root/GIS/Biodiversity%20Data/obs_exotic.csv?type=csv&maxFields=10000&detectTypes=yes&xField=longitude&yField=latitude&crs=EPSG:4326&spatialIndex=no&subsetIndex=no&watchFile=no
"4690",Hypochaeris glabra,Hypochaeris,glabra,,,,exotic,unlisted,,48.869999929999999,-123.379999999999995,,NA,NA,"121005846",obs_exotic,file:///D:/Simon/Sync/Root/GIS/Biodiversity%20Data/obs_exotic.csv?type=csv&maxFields=10000&detectTypes=yes&xField=longitude&yField=latitude&crs=EPSG:4326&spatialIndex=no&subsetIndex=no&watchFile=no
"4691",Hypochaeris glabra,Hypochaeris,glabra,,,,exotic,unlisted,,48.869999929999999,-123.379999999999995,,NA,NA,"121007938",obs_exotic,file:///D:/Simon/Sync/Root/GIS/Biodiversity%20Data/obs_exotic.csv?type=csv&maxFields=10000&detectTypes=yes&xField=longitude&yField=latitude&crs=EPSG:4326&spatialIndex=no&subsetIndex=no&watchFile=no
"4692",Hypochaeris glabra,Hypochaeris,glabra,,,,exotic,unlisted,,48.989686669999998,-123.577478299999996,,NA,NA,"129716167",obs_exotic,file:///D:/Simon/Sync/Root/GIS/Biodiversity%20Data/obs_exotic.csv?type=csv&maxFields=10000&detectTypes=yes&xField=longitude&yField=latitude&crs=EPSG:4326&spatialIndex=no&subsetIndex=no&watchFile=no
"4693",Hypochaeris radicata,Hypochaeris,radicata,,,,exotic,unlisted,,48.929633000000003,-123.475513000000007,,NA,NA,"2563991",obs_exotic,file:///D:/Simon/Sync/Root/GIS/Biodiversity%20Data/obs_exotic.csv?type=csv&maxFields=10000&detectTypes=yes&xField=longitude&yField=latitude&crs=EPSG:4326&spatialIndex=no&subsetIndex=no&watchFile=no
"4694",Hypochaeris radicata,Hypochaeris,radicata,,,,exotic,unlisted,,48.928632000000000,-123.468925999999996,,NA,NA,"2564146",obs_exotic,file:///D:/Simon/Sync/Root/GIS/Biodiversity%20Data/obs_exotic.csv?type=csv&maxFields=10000&detectTypes=yes&xField=longitude&yField=latitude&crs=EPSG:4326&spatialIndex=no&subsetIndex=no&watchFile=no
"4695",Hypochaeris radicata,Hypochaeris,radicata,,,,exotic,unlisted,,48.929718000000001,-123.467617000000004,,NA,NA,"2663714",obs_exotic,file:///D:/Simon/Sync/Root/GIS/Biodiversity%20Data/obs_exotic.csv?type=csv&maxFields=10000&detectTypes=yes&xField=longitude&yField=latitude&crs=EPSG:4326&spatialIndex=no&subsetIndex=no&watchFile=no
"4696",Hypochaeris radicata,Hypochaeris,radicata,,,,exotic,unlisted,,48.867718000000004,-123.340086999999997,,NA,NA,"3041179",obs_exotic,file:///D:/Simon/Sync/Root/GIS/Biodiversity%20Data/obs_exotic.csv?type=csv&maxFields=10000&detectTypes=yes&xField=longitude&yField=latitude&crs=EPSG:4326&spatialIndex=no&subsetIndex=no&watchFile=no
"4697",Hypochaeris radicata,Hypochaeris,radicata,,,,exotic,unlisted,,48.916442000000004,-123.425903000000005,,NA,NA,"3190542",obs_exotic,file:///D:/Simon/Sync/Root/GIS/Biodiversity%20Data/obs_exotic.csv?type=csv&maxFields=10000&detectTypes=yes&xField=longitude&yField=latitude&crs=EPSG:4326&spatialIndex=no&subsetIndex=no&watchFile=no
"4698",Hypochaeris radicata,Hypochaeris,radicata,,,,exotic,unlisted,,48.867548999999997,-123.338527999999997,,NA,NA,"3351085",obs_exotic,file:///D:/Simon/Sync/Root/GIS/Biodiversity%20Data/obs_exotic.csv?type=csv&maxFields=10000&detectTypes=yes&xField=longitude&yField=latitude&crs=EPSG:4326&spatialIndex=no&subsetIndex=no&watchFile=no
"4699",Hypochaeris radicata,Hypochaeris,radicata,,,,exotic,unlisted,,48.871943999999999,-123.311942000000002,,NA,NA,"3404469",obs_exotic,file:///D:/Simon/Sync/Root/GIS/Biodiversity%20Data/obs_exotic.csv?type=csv&maxFields=10000&detectTypes=yes&xField=longitude&yField=latitude&crs=EPSG:4326&spatialIndex=no&subsetIndex=no&watchFile=no
"4700",Hypochaeris radicata,Hypochaeris,radicata,,,,exotic,unlisted,,48.867271000000002,-123.338217000000000,,NA,NA,"3461572",obs_exotic,file:///D:/Simon/Sync/Root/GIS/Biodiversity%20Data/obs_exotic.csv?type=csv&maxFields=10000&detectTypes=yes&xField=longitude&yField=latitude&crs=EPSG:4326&spatialIndex=no&subsetIndex=no&watchFile=no
"4701",Hypochaeris radicata,Hypochaeris,radicata,,,,exotic,unlisted,,48.898027999999996,-123.405991000000000,,NA,NA,"3493777",obs_exotic,file:///D:/Simon/Sync/Root/GIS/Biodiversity%20Data/obs_exotic.csv?type=csv&maxFields=10000&detectTypes=yes&xField=longitude&yField=latitude&crs=EPSG:4326&spatialIndex=no&subsetIndex=no&watchFile=no
"4702",Hypochaeris radicata,Hypochaeris,radicata,,,,exotic,unlisted,,48.875377999999998,-123.384533000000005,,NA,NA,"6817633",obs_exotic,file:///D:/Simon/Sync/Root/GIS/Biodiversity%20Data/obs_exotic.csv?type=csv&maxFields=10000&detectTypes=yes&xField=longitude&yField=latitude&crs=EPSG:4326&spatialIndex=no&subsetIndex=no&watchFile=no
"4703",Hypochaeris radicata,Hypochaeris,radicata,,,,exotic,unlisted,,48.867078999999997,-123.337926999999993,,NA,NA,"6844728",obs_exotic,file:///D:/Simon/Sync/Root/GIS/Biodiversity%20Data/obs_exotic.csv?type=csv&maxFields=10000&detectTypes=yes&xField=longitude&yField=latitude&crs=EPSG:4326&spatialIndex=no&subsetIndex=no&watchFile=no
"4704",Hypochaeris radicata,Hypochaeris,radicata,,,,exotic,unlisted,,48.867272999999997,-123.337508000000000,,NA,NA,"6844914",obs_exotic,file:///D:/Simon/Sync/Root/GIS/Biodiversity%20Data/obs_exotic.csv?type=csv&maxFields=10000&detectTypes=yes&xField=longitude&yField=latitude&crs=EPSG:4326&spatialIndex=no&subsetIndex=no&watchFile=no
"4705",Hypochaeris radicata,Hypochaeris,radicata,,,,exotic,unlisted,,48.866925999999999,-123.341881000000001,,NA,NA,"12635205",obs_exotic,file:///D:/Simon/Sync/Root/GIS/Biodiversity%20Data/obs_exotic.csv?type=csv&maxFields=10000&detectTypes=yes&xField=longitude&yField=latitude&crs=EPSG:4326&spatialIndex=no&subsetIndex=no&watchFile=no
"4706",Hypochaeris radicata,Hypochaeris,radicata,,,,exotic,unlisted,,48.866945000000001,-123.341328000000004,,NA,NA,"12817805",obs_exotic,file:///D:/Simon/Sync/Root/GIS/Biodiversity%20Data/obs_exotic.csv?type=csv&maxFields=10000&detectTypes=yes&xField=longitude&yField=latitude&crs=EPSG:4326&spatialIndex=no&subsetIndex=no&watchFile=no
"4707",Hypochaeris radicata,Hypochaeris,radicata,,,,exotic,unlisted,,48.957759000000003,-123.531672000000000,,NA,NA,"13026947",obs_exotic,file:///D:/Simon/Sync/Root/GIS/Biodiversity%20Data/obs_exotic.csv?type=csv&maxFields=10000&detectTypes=yes&xField=longitude&yField=latitude&crs=EPSG:4326&spatialIndex=no&subsetIndex=no&watchFile=no
"4708",Hypochaeris radicata,Hypochaeris,radicata,,,,exotic,unlisted,,48.875779000000001,-123.380555999999999,,NA,NA,"13031614",obs_exotic,file:///D:/Simon/Sync/Root/GIS/Biodiversity%20Data/obs_exotic.csv?type=csv&maxFields=10000&detectTypes=yes&xField=longitude&yField=latitude&crs=EPSG:4326&spatialIndex=no&subsetIndex=no&watchFile=no
"4709",Hypochaeris radicata,Hypochaeris,radicata,,,,exotic,unlisted,,48.910836089999997,-123.395243199999996,,NA,NA,"13102177",obs_exotic,file:///D:/Simon/Sync/Root/GIS/Biodiversity%20Data/obs_exotic.csv?type=csv&maxFields=10000&detectTypes=yes&xField=longitude&yField=latitude&crs=EPSG:4326&spatialIndex=no&subsetIndex=no&watchFile=no
"4710",Hypochaeris radicata,Hypochaeris,radicata,,,,exotic,unlisted,,48.957859530000000,-123.531814600000004,,NA,NA,"14222185",obs_exotic,file:///D:/Simon/Sync/Root/GIS/Biodiversity%20Data/obs_exotic.csv?type=csv&maxFields=10000&detectTypes=yes&xField=longitude&yField=latitude&crs=EPSG:4326&spatialIndex=no&subsetIndex=no&watchFile=no
"4711",Hypochaeris radicata,Hypochaeris,radicata,,,,exotic,unlisted,,48.942623330000004,-123.482100000000003,,NA,NA,"15336549",obs_exotic,file:///D:/Simon/Sync/Root/GIS/Biodiversity%20Data/obs_exotic.csv?type=csv&maxFields=10000&detectTypes=yes&xField=longitude&yField=latitude&crs=EPSG:4326&spatialIndex=no&subsetIndex=no&watchFile=no
"4712",Hypochaeris radicata,Hypochaeris,radicata,,,,exotic,unlisted,,48.870053020000000,-123.320454400000003,,NA,NA,"16400800",obs_exotic,file:///D:/Simon/Sync/Root/GIS/Biodiversity%20Data/obs_exotic.csv?type=csv&maxFields=10000&detectTypes=yes&xField=longitude&yField=latitude&crs=EPSG:4326&spatialIndex=no&subsetIndex=no&watchFile=no
"4713",Hypochaeris radicata,Hypochaeris,radicata,,,,exotic,unlisted,,48.897512999999996,-123.356093999999999,,NA,NA,"17481477",obs_exotic,file:///D:/Simon/Sync/Root/GIS/Biodiversity%20Data/obs_exotic.csv?type=csv&maxFields=10000&detectTypes=yes&xField=longitude&yField=latitude&crs=EPSG:4326&spatialIndex=no&subsetIndex=no&watchFile=no
"4714",Hypochaeris radicata,Hypochaeris,radicata,,,,exotic,unlisted,,48.868475629999999,-123.378375500000004,,NA,NA,"17693152",obs_exotic,file:///D:/Simon/Sync/Root/GIS/Biodiversity%20Data/obs_exotic.csv?type=csv&maxFields=10000&detectTypes=yes&xField=longitude&yField=latitude&crs=EPSG:4326&spatialIndex=no&subsetIndex=no&watchFile=no
"4715",Hypochaeris radicata,Hypochaeris,radicata,,,,exotic,unlisted,,48.869644440000002,-123.379402799999994,,NA,NA,"24688005",obs_exotic,file:///D:/Simon/Sync/Root/GIS/Biodiversity%20Data/obs_exotic.csv?type=csv&maxFields=10000&detectTypes=yes&xField=longitude&yField=latitude&crs=EPSG:4326&spatialIndex=no&subsetIndex=no&watchFile=no
"4716",Hypochaeris radicata,Hypochaeris,radicata,,,,exotic,unlisted,,48.872208329999999,-123.311088900000001,,NA,NA,"24697533",obs_exotic,file:///D:/Simon/Sync/Root/GIS/Biodiversity%20Data/obs_exotic.csv?type=csv&maxFields=10000&detectTypes=yes&xField=longitude&yField=latitude&crs=EPSG:4326&spatialIndex=no&subsetIndex=no&watchFile=no
"4717",Hypochaeris radicata,Hypochaeris,radicata,,,,exotic,unlisted,,48.872588890000003,-123.310691700000007,,NA,NA,"24697557",obs_exotic,file:///D:/Simon/Sync/Root/GIS/Biodiversity%20Data/obs_exotic.csv?type=csv&maxFields=10000&detectTypes=yes&xField=longitude&yField=latitude&crs=EPSG:4326&spatialIndex=no&subsetIndex=no&watchFile=no
"4718",Hypochaeris radicata,Hypochaeris,radicata,,,,exotic,unlisted,,48.871852449999999,-123.311845500000004,,NA,NA,"24711137",obs_exotic,file:///D:/Simon/Sync/Root/GIS/Biodiversity%20Data/obs_exotic.csv?type=csv&maxFields=10000&detectTypes=yes&xField=longitude&yField=latitude&crs=EPSG:4326&spatialIndex=no&subsetIndex=no&watchFile=no
"4719",Hypochaeris radicata,Hypochaeris,radicata,,,,exotic,unlisted,,48.872159940000003,-123.311766700000007,,NA,NA,"24711499",obs_exotic,file:///D:/Simon/Sync/Root/GIS/Biodiversity%20Data/obs_exotic.csv?type=csv&maxFields=10000&detectTypes=yes&xField=longitude&yField=latitude&crs=EPSG:4326&spatialIndex=no&subsetIndex=no&watchFile=no
"4720",Hypochaeris radicata,Hypochaeris,radicata,,,,exotic,unlisted,,48.859511670000003,-123.353241699999998,,NA,NA,"24768156",obs_exotic,file:///D:/Simon/Sync/Root/GIS/Biodiversity%20Data/obs_exotic.csv?type=csv&maxFields=10000&detectTypes=yes&xField=longitude&yField=latitude&crs=EPSG:4326&spatialIndex=no&subsetIndex=no&watchFile=no
"4721",Hypochaeris radicata,Hypochaeris,radicata,,,,exotic,unlisted,,48.859641670000002,-123.353226699999993,,NA,NA,"24768175",obs_exotic,file:///D:/Simon/Sync/Root/GIS/Biodiversity%20Data/obs_exotic.csv?type=csv&maxFields=10000&detectTypes=yes&xField=longitude&yField=latitude&crs=EPSG:4326&spatialIndex=no&subsetIndex=no&watchFile=no
"4722",Hypochaeris radicata,Hypochaeris,radicata,,,,exotic,unlisted,,48.871841670000002,-123.312697200000002,,NA,NA,"24824106",obs_exotic,file:///D:/Simon/Sync/Root/GIS/Biodiversity%20Data/obs_exotic.csv?type=csv&maxFields=10000&detectTypes=yes&xField=longitude&yField=latitude&crs=EPSG:4326&spatialIndex=no&subsetIndex=no&watchFile=no
"4723",Hypochaeris radicata,Hypochaeris,radicata,,,,exotic,unlisted,,48.871916669999997,-123.312705600000001,,NA,NA,"25048258",obs_exotic,file:///D:/Simon/Sync/Root/GIS/Biodiversity%20Data/obs_exotic.csv?type=csv&maxFields=10000&detectTypes=yes&xField=longitude&yField=latitude&crs=EPSG:4326&spatialIndex=no&subsetIndex=no&watchFile=no
"4724",Hypochaeris radicata,Hypochaeris,radicata,,,,exotic,unlisted,,48.872677019999998,-123.311887200000001,,NA,NA,"25148315",obs_exotic,file:///D:/Simon/Sync/Root/GIS/Biodiversity%20Data/obs_exotic.csv?type=csv&maxFields=10000&detectTypes=yes&xField=longitude&yField=latitude&crs=EPSG:4326&spatialIndex=no&subsetIndex=no&watchFile=no
"4725",Hypochaeris radicata,Hypochaeris,radicata,,,,exotic,unlisted,,48.872457500000003,-123.311491500000002,,NA,NA,"25199280",obs_exotic,file:///D:/Simon/Sync/Root/GIS/Biodiversity%20Data/obs_exotic.csv?type=csv&maxFields=10000&detectTypes=yes&xField=longitude&yField=latitude&crs=EPSG:4326&spatialIndex=no&subsetIndex=no&watchFile=no
"4726",Hypochaeris radicata,Hypochaeris,radicata,,,,exotic,unlisted,,48.898627429999998,-123.407103100000000,,NA,NA,"25476415",obs_exotic,file:///D:/Simon/Sync/Root/GIS/Biodiversity%20Data/obs_exotic.csv?type=csv&maxFields=10000&detectTypes=yes&xField=longitude&yField=latitude&crs=EPSG:4326&spatialIndex=no&subsetIndex=no&watchFile=no
"4727",Hypochaeris radicata,Hypochaeris,radicata,,,,exotic,unlisted,,48.863697530000003,-123.330231200000000,,NA,NA,"25483147",obs_exotic,file:///D:/Simon/Sync/Root/GIS/Biodiversity%20Data/obs_exotic.csv?type=csv&maxFields=10000&detectTypes=yes&xField=longitude&yField=latitude&crs=EPSG:4326&spatialIndex=no&subsetIndex=no&watchFile=no
"4728",Hypochaeris radicata,Hypochaeris,radicata,,,,exotic,unlisted,,48.897713889999999,-123.399047199999998,,NA,NA,"25655025",obs_exotic,file:///D:/Simon/Sync/Root/GIS/Biodiversity%20Data/obs_exotic.csv?type=csv&maxFields=10000&detectTypes=yes&xField=longitude&yField=latitude&crs=EPSG:4326&spatialIndex=no&subsetIndex=no&watchFile=no
"4729",Hypochaeris radicata,Hypochaeris,radicata,,,,exotic,unlisted,,48.872863889999998,-123.311438899999999,,NA,NA,"25657931",obs_exotic,file:///D:/Simon/Sync/Root/GIS/Biodiversity%20Data/obs_exotic.csv?type=csv&maxFields=10000&detectTypes=yes&xField=longitude&yField=latitude&crs=EPSG:4326&spatialIndex=no&subsetIndex=no&watchFile=no
"4730",Hypochaeris radicata,Hypochaeris,radicata,,,,exotic,unlisted,,48.872877780000003,-123.311438899999999,,NA,NA,"25657932",obs_exotic,file:///D:/Simon/Sync/Root/GIS/Biodiversity%20Data/obs_exotic.csv?type=csv&maxFields=10000&detectTypes=yes&xField=longitude&yField=latitude&crs=EPSG:4326&spatialIndex=no&subsetIndex=no&watchFile=no
"4731",Hypochaeris radicata,Hypochaeris,radicata,,,,exotic,unlisted,,48.870388329999997,-123.318183300000001,,NA,NA,"29521110",obs_exotic,file:///D:/Simon/Sync/Root/GIS/Biodiversity%20Data/obs_exotic.csv?type=csv&maxFields=10000&detectTypes=yes&xField=longitude&yField=latitude&crs=EPSG:4326&spatialIndex=no&subsetIndex=no&watchFile=no
"4732",Hypochaeris radicata,Hypochaeris,radicata,,,,exotic,unlisted,,48.866944820000001,-123.337084500000003,,NA,NA,"36154975",obs_exotic,file:///D:/Simon/Sync/Root/GIS/Biodiversity%20Data/obs_exotic.csv?type=csv&maxFields=10000&detectTypes=yes&xField=longitude&yField=latitude&crs=EPSG:4326&spatialIndex=no&subsetIndex=no&watchFile=no
"4733",Hypochaeris radicata,Hypochaeris,radicata,,,,exotic,unlisted,,48.866368880000003,-123.340588400000001,,NA,NA,"43253030",obs_exotic,file:///D:/Simon/Sync/Root/GIS/Biodiversity%20Data/obs_exotic.csv?type=csv&maxFields=10000&detectTypes=yes&xField=longitude&yField=latitude&crs=EPSG:4326&spatialIndex=no&subsetIndex=no&watchFile=no
"4734",Hypochaeris radicata,Hypochaeris,radicata,,,,exotic,unlisted,,48.897505440000003,-123.403291600000003,,NA,NA,"49173299",obs_exotic,file:///D:/Simon/Sync/Root/GIS/Biodiversity%20Data/obs_exotic.csv?type=csv&maxFields=10000&detectTypes=yes&xField=longitude&yField=latitude&crs=EPSG:4326&spatialIndex=no&subsetIndex=no&watchFile=no
"4735",Hypochaeris radicata,Hypochaeris,radicata,,,,exotic,unlisted,,48.930212349999998,-123.467263399999993,,NA,NA,"52921780",obs_exotic,file:///D:/Simon/Sync/Root/GIS/Biodiversity%20Data/obs_exotic.csv?type=csv&maxFields=10000&detectTypes=yes&xField=longitude&yField=latitude&crs=EPSG:4326&spatialIndex=no&subsetIndex=no&watchFile=no
"4736",Hypochaeris radicata,Hypochaeris,radicata,,,,exotic,unlisted,,48.927238010000003,-123.468490399999993,,NA,NA,"53333327",obs_exotic,file:///D:/Simon/Sync/Root/GIS/Biodiversity%20Data/obs_exotic.csv?type=csv&maxFields=10000&detectTypes=yes&xField=longitude&yField=latitude&crs=EPSG:4326&spatialIndex=no&subsetIndex=no&watchFile=no
"4737",Hypochaeris radicata,Hypochaeris,radicata,,,,exotic,unlisted,,48.927318329999999,-123.468445099999997,,NA,NA,"53380573",obs_exotic,file:///D:/Simon/Sync/Root/GIS/Biodiversity%20Data/obs_exotic.csv?type=csv&maxFields=10000&detectTypes=yes&xField=longitude&yField=latitude&crs=EPSG:4326&spatialIndex=no&subsetIndex=no&watchFile=no
"4738",Hypochaeris radicata,Hypochaeris,radicata,,,,exotic,unlisted,,48.932202179999997,-123.479009599999998,,NA,NA,"53386206",obs_exotic,file:///D:/Simon/Sync/Root/GIS/Biodiversity%20Data/obs_exotic.csv?type=csv&maxFields=10000&detectTypes=yes&xField=longitude&yField=latitude&crs=EPSG:4326&spatialIndex=no&subsetIndex=no&watchFile=no
"4739",Hypochaeris radicata,Hypochaeris,radicata,,,,exotic,unlisted,,48.932242430000002,-123.479417600000005,,NA,NA,"54409552",obs_exotic,file:///D:/Simon/Sync/Root/GIS/Biodiversity%20Data/obs_exotic.csv?type=csv&maxFields=10000&detectTypes=yes&xField=longitude&yField=latitude&crs=EPSG:4326&spatialIndex=no&subsetIndex=no&watchFile=no
"4740",Hypochaeris radicata,Hypochaeris,radicata,,,,exotic,unlisted,,48.868584220000002,-123.341281199999997,,NA,NA,"54665232",obs_exotic,file:///D:/Simon/Sync/Root/GIS/Biodiversity%20Data/obs_exotic.csv?type=csv&maxFields=10000&detectTypes=yes&xField=longitude&yField=latitude&crs=EPSG:4326&spatialIndex=no&subsetIndex=no&watchFile=no
"4741",Hypochaeris radicata,Hypochaeris,radicata,,,,exotic,unlisted,,48.928523790000000,-123.469099400000005,,NA,NA,"54689336",obs_exotic,file:///D:/Simon/Sync/Root/GIS/Biodiversity%20Data/obs_exotic.csv?type=csv&maxFields=10000&detectTypes=yes&xField=longitude&yField=latitude&crs=EPSG:4326&spatialIndex=no&subsetIndex=no&watchFile=no
"4742",Hypochaeris radicata,Hypochaeris,radicata,,,,exotic,unlisted,,48.928786049999999,-123.468762999999996,,NA,NA,"54692016",obs_exotic,file:///D:/Simon/Sync/Root/GIS/Biodiversity%20Data/obs_exotic.csv?type=csv&maxFields=10000&detectTypes=yes&xField=longitude&yField=latitude&crs=EPSG:4326&spatialIndex=no&subsetIndex=no&watchFile=no
"4743",Hypochaeris radicata,Hypochaeris,radicata,,,,exotic,unlisted,,48.864041669999999,-123.377390000000005,,NA,NA,"79112159",obs_exotic,file:///D:/Simon/Sync/Root/GIS/Biodiversity%20Data/obs_exotic.csv?type=csv&maxFields=10000&detectTypes=yes&xField=longitude&yField=latitude&crs=EPSG:4326&spatialIndex=no&subsetIndex=no&watchFile=no
"4744",Hypochaeris radicata,Hypochaeris,radicata,,,,exotic,unlisted,,48.868348330000003,-123.378036699999996,,NA,NA,"81146978",obs_exotic,file:///D:/Simon/Sync/Root/GIS/Biodiversity%20Data/obs_exotic.csv?type=csv&maxFields=10000&detectTypes=yes&xField=longitude&yField=latitude&crs=EPSG:4326&spatialIndex=no&subsetIndex=no&watchFile=no
"4745",Hypochaeris radicata,Hypochaeris,radicata,,,,exotic,unlisted,,48.926796130000000,-123.468248599999995,,NA,NA,"84595129",obs_exotic,file:///D:/Simon/Sync/Root/GIS/Biodiversity%20Data/obs_exotic.csv?type=csv&maxFields=10000&detectTypes=yes&xField=longitude&yField=latitude&crs=EPSG:4326&spatialIndex=no&subsetIndex=no&watchFile=no
"4746",Hypochaeris radicata,Hypochaeris,radicata,,,,exotic,unlisted,,48.927967410000001,-123.467944399999993,,NA,NA,"84759477",obs_exotic,file:///D:/Simon/Sync/Root/GIS/Biodiversity%20Data/obs_exotic.csv?type=csv&maxFields=10000&detectTypes=yes&xField=longitude&yField=latitude&crs=EPSG:4326&spatialIndex=no&subsetIndex=no&watchFile=no
"4747",Hypochaeris radicata,Hypochaeris,radicata,,,,exotic,unlisted,,48.973491670000001,-123.543944999999994,,NA,NA,"96324073",obs_exotic,file:///D:/Simon/Sync/Root/GIS/Biodiversity%20Data/obs_exotic.csv?type=csv&maxFields=10000&detectTypes=yes&xField=longitude&yField=latitude&crs=EPSG:4326&spatialIndex=no&subsetIndex=no&watchFile=no
"4748",Hypochaeris radicata,Hypochaeris,radicata,,,,exotic,unlisted,,48.863655970000003,-123.362481000000002,,NA,NA,"100647324",obs_exotic,file:///D:/Simon/Sync/Root/GIS/Biodiversity%20Data/obs_exotic.csv?type=csv&maxFields=10000&detectTypes=yes&xField=longitude&yField=latitude&crs=EPSG:4326&spatialIndex=no&subsetIndex=no&watchFile=no
"4749",Hypochaeris radicata,Hypochaeris,radicata,,,,exotic,unlisted,,49.013022999999997,-123.573143000000002,,NA,NA,"110936383",obs_exotic,file:///D:/Simon/Sync/Root/GIS/Biodiversity%20Data/obs_exotic.csv?type=csv&maxFields=10000&detectTypes=yes&xField=longitude&yField=latitude&crs=EPSG:4326&spatialIndex=no&subsetIndex=no&watchFile=no
"4750",Hypochaeris radicata,Hypochaeris,radicata,,,,exotic,unlisted,,48.866326669999999,-123.334253300000000,,NA,NA,"114482495",obs_exotic,file:///D:/Simon/Sync/Root/GIS/Biodiversity%20Data/obs_exotic.csv?type=csv&maxFields=10000&detectTypes=yes&xField=longitude&yField=latitude&crs=EPSG:4326&spatialIndex=no&subsetIndex=no&watchFile=no
"4751",Hypochaeris radicata,Hypochaeris,radicata,,,,exotic,unlisted,,48.869443330000003,-123.378782500000000,,NA,NA,"120861385",obs_exotic,file:///D:/Simon/Sync/Root/GIS/Biodiversity%20Data/obs_exotic.csv?type=csv&maxFields=10000&detectTypes=yes&xField=longitude&yField=latitude&crs=EPSG:4326&spatialIndex=no&subsetIndex=no&watchFile=no
"4752",Hypochaeris radicata,Hypochaeris,radicata,,,,exotic,unlisted,,48.904838329999997,-123.368165000000005,,NA,NA,"120891322",obs_exotic,file:///D:/Simon/Sync/Root/GIS/Biodiversity%20Data/obs_exotic.csv?type=csv&maxFields=10000&detectTypes=yes&xField=longitude&yField=latitude&crs=EPSG:4326&spatialIndex=no&subsetIndex=no&watchFile=no
"4753",Hypochaeris radicata,Hypochaeris,radicata,,,,exotic,unlisted,,48.869999929999999,-123.379999999999995,,NA,NA,"121005778",obs_exotic,file:///D:/Simon/Sync/Root/GIS/Biodiversity%20Data/obs_exotic.csv?type=csv&maxFields=10000&detectTypes=yes&xField=longitude&yField=latitude&crs=EPSG:4326&spatialIndex=no&subsetIndex=no&watchFile=no
"4754",Hypochaeris radicata,Hypochaeris,radicata,,,,exotic,unlisted,,48.869999929999999,-123.379999999999995,,NA,NA,"121007758",obs_exotic,file:///D:/Simon/Sync/Root/GIS/Biodiversity%20Data/obs_exotic.csv?type=csv&maxFields=10000&detectTypes=yes&xField=longitude&yField=latitude&crs=EPSG:4326&spatialIndex=no&subsetIndex=no&watchFile=no
"4755",Hypochaeris radicata,Hypochaeris,radicata,,,,exotic,unlisted,,48.931280000000001,-123.476403300000001,,NA,NA,"121835105",obs_exotic,file:///D:/Simon/Sync/Root/GIS/Biodiversity%20Data/obs_exotic.csv?type=csv&maxFields=10000&detectTypes=yes&xField=longitude&yField=latitude&crs=EPSG:4326&spatialIndex=no&subsetIndex=no&watchFile=no
"4756",Hypochaeris radicata,Hypochaeris,radicata,,,,exotic,unlisted,,48.872504999999997,-123.312461700000000,,NA,NA,"123183505",obs_exotic,file:///D:/Simon/Sync/Root/GIS/Biodiversity%20Data/obs_exotic.csv?type=csv&maxFields=10000&detectTypes=yes&xField=longitude&yField=latitude&crs=EPSG:4326&spatialIndex=no&subsetIndex=no&watchFile=no
"4757",Hypochaeris radicata,Hypochaeris,radicata,,,,exotic,unlisted,,49.012366669999999,-123.573961699999998,,NA,NA,"123934554",obs_exotic,file:///D:/Simon/Sync/Root/GIS/Biodiversity%20Data/obs_exotic.csv?type=csv&maxFields=10000&detectTypes=yes&xField=longitude&yField=latitude&crs=EPSG:4326&spatialIndex=no&subsetIndex=no&watchFile=no
"4762",Ilex aquifolium,Ilex,aquifolium,,,,exotic,unlisted,,48.933242000000000,-123.481263999999996,,NA,NA,"2566288",obs_exotic,file:///D:/Simon/Sync/Root/GIS/Biodiversity%20Data/obs_exotic.csv?type=csv&maxFields=10000&detectTypes=yes&xField=longitude&yField=latitude&crs=EPSG:4326&spatialIndex=no&subsetIndex=no&watchFile=no
"4763",Ilex aquifolium,Ilex,aquifolium,,,,exotic,unlisted,,48.866047000000002,-123.350543999999999,,NA,NA,"2603516",obs_exotic,file:///D:/Simon/Sync/Root/GIS/Biodiversity%20Data/obs_exotic.csv?type=csv&maxFields=10000&detectTypes=yes&xField=longitude&yField=latitude&crs=EPSG:4326&spatialIndex=no&subsetIndex=no&watchFile=no
"4765",Ilex aquifolium,Ilex,aquifolium,,,,exotic,unlisted,,48.905323250000002,-123.356401899999994,,NA,NA,"5646977",obs_exotic,file:///D:/Simon/Sync/Root/GIS/Biodiversity%20Data/obs_exotic.csv?type=csv&maxFields=10000&detectTypes=yes&xField=longitude&yField=latitude&crs=EPSG:4326&spatialIndex=no&subsetIndex=no&watchFile=no
"4766",Ilex aquifolium,Ilex,aquifolium,,,,exotic,unlisted,,48.900281210000003,-123.441060399999998,,NA,NA,"6329069",obs_exotic,file:///D:/Simon/Sync/Root/GIS/Biodiversity%20Data/obs_exotic.csv?type=csv&maxFields=10000&detectTypes=yes&xField=longitude&yField=latitude&crs=EPSG:4326&spatialIndex=no&subsetIndex=no&watchFile=no
"4767",Ilex aquifolium,Ilex,aquifolium,,,,exotic,unlisted,,48.997381980000000,-123.567846200000005,,NA,NA,"6570639",obs_exotic,file:///D:/Simon/Sync/Root/GIS/Biodiversity%20Data/obs_exotic.csv?type=csv&maxFields=10000&detectTypes=yes&xField=longitude&yField=latitude&crs=EPSG:4326&spatialIndex=no&subsetIndex=no&watchFile=no
"4768",Ilex aquifolium,Ilex,aquifolium,,,,exotic,unlisted,,48.875757999999998,-123.342499000000004,,NA,NA,"12631103",obs_exotic,file:///D:/Simon/Sync/Root/GIS/Biodiversity%20Data/obs_exotic.csv?type=csv&maxFields=10000&detectTypes=yes&xField=longitude&yField=latitude&crs=EPSG:4326&spatialIndex=no&subsetIndex=no&watchFile=no
"4769",Ilex aquifolium,Ilex,aquifolium,,,,exotic,unlisted,,48.872402999999998,-123.342645000000005,,NA,NA,"12762419",obs_exotic,file:///D:/Simon/Sync/Root/GIS/Biodiversity%20Data/obs_exotic.csv?type=csv&maxFields=10000&detectTypes=yes&xField=longitude&yField=latitude&crs=EPSG:4326&spatialIndex=no&subsetIndex=no&watchFile=no
"4770",Ilex aquifolium,Ilex,aquifolium,,,,exotic,unlisted,,48.878470000000000,-123.341813000000002,,NA,NA,"12790579",obs_exotic,file:///D:/Simon/Sync/Root/GIS/Biodiversity%20Data/obs_exotic.csv?type=csv&maxFields=10000&detectTypes=yes&xField=longitude&yField=latitude&crs=EPSG:4326&spatialIndex=no&subsetIndex=no&watchFile=no
"4771",Ilex aquifolium,Ilex,aquifolium,,,,exotic,unlisted,,48.875983329999997,-123.337463900000003,,NA,NA,"13963924",obs_exotic,file:///D:/Simon/Sync/Root/GIS/Biodiversity%20Data/obs_exotic.csv?type=csv&maxFields=10000&detectTypes=yes&xField=longitude&yField=latitude&crs=EPSG:4326&spatialIndex=no&subsetIndex=no&watchFile=no
"4772",Ilex aquifolium,Ilex,aquifolium,,,,exotic,unlisted,,48.868311089999999,-123.343289100000007,,NA,NA,"17164371",obs_exotic,file:///D:/Simon/Sync/Root/GIS/Biodiversity%20Data/obs_exotic.csv?type=csv&maxFields=10000&detectTypes=yes&xField=longitude&yField=latitude&crs=EPSG:4326&spatialIndex=no&subsetIndex=no&watchFile=no
"4773",Ilex aquifolium,Ilex,aquifolium,,,,exotic,unlisted,,48.866500100000003,-123.350668900000002,,NA,NA,"20313580",obs_exotic,file:///D:/Simon/Sync/Root/GIS/Biodiversity%20Data/obs_exotic.csv?type=csv&maxFields=10000&detectTypes=yes&xField=longitude&yField=latitude&crs=EPSG:4326&spatialIndex=no&subsetIndex=no&watchFile=no
"4774",Ilex aquifolium,Ilex,aquifolium,,,,exotic,unlisted,,48.873621669999999,-123.331778299999996,,NA,NA,"23831671",obs_exotic,file:///D:/Simon/Sync/Root/GIS/Biodiversity%20Data/obs_exotic.csv?type=csv&maxFields=10000&detectTypes=yes&xField=longitude&yField=latitude&crs=EPSG:4326&spatialIndex=no&subsetIndex=no&watchFile=no
"4775",Ilex aquifolium,Ilex,aquifolium,,,,exotic,unlisted,,48.962966670000000,-123.518097200000000,,NA,NA,"24663885",obs_exotic,file:///D:/Simon/Sync/Root/GIS/Biodiversity%20Data/obs_exotic.csv?type=csv&maxFields=10000&detectTypes=yes&xField=longitude&yField=latitude&crs=EPSG:4326&spatialIndex=no&subsetIndex=no&watchFile=no
"4776",Ilex aquifolium,Ilex,aquifolium,,,,exotic,unlisted,,48.961352779999999,-123.519797199999999,,NA,NA,"24673925",obs_exotic,file:///D:/Simon/Sync/Root/GIS/Biodiversity%20Data/obs_exotic.csv?type=csv&maxFields=10000&detectTypes=yes&xField=longitude&yField=latitude&crs=EPSG:4326&spatialIndex=no&subsetIndex=no&watchFile=no
"4777",Ilex aquifolium,Ilex,aquifolium,,,,exotic,unlisted,,48.963733329999997,-123.518600000000006,,NA,NA,"24673993",obs_exotic,file:///D:/Simon/Sync/Root/GIS/Biodiversity%20Data/obs_exotic.csv?type=csv&maxFields=10000&detectTypes=yes&xField=longitude&yField=latitude&crs=EPSG:4326&spatialIndex=no&subsetIndex=no&watchFile=no
"4778",Ilex aquifolium,Ilex,aquifolium,,,,exotic,unlisted,,48.963527780000000,-123.520141699999996,,NA,NA,"24674104",obs_exotic,file:///D:/Simon/Sync/Root/GIS/Biodiversity%20Data/obs_exotic.csv?type=csv&maxFields=10000&detectTypes=yes&xField=longitude&yField=latitude&crs=EPSG:4326&spatialIndex=no&subsetIndex=no&watchFile=no
"4779",Ilex aquifolium,Ilex,aquifolium,,,,exotic,unlisted,,48.961422220000003,-123.519827800000002,,NA,NA,"24674106",obs_exotic,file:///D:/Simon/Sync/Root/GIS/Biodiversity%20Data/obs_exotic.csv?type=csv&maxFields=10000&detectTypes=yes&xField=longitude&yField=latitude&crs=EPSG:4326&spatialIndex=no&subsetIndex=no&watchFile=no
"4780",Ilex aquifolium,Ilex,aquifolium,,,,exotic,unlisted,,48.963527780000000,-123.520141699999996,,NA,NA,"24674169",obs_exotic,file:///D:/Simon/Sync/Root/GIS/Biodiversity%20Data/obs_exotic.csv?type=csv&maxFields=10000&detectTypes=yes&xField=longitude&yField=latitude&crs=EPSG:4326&spatialIndex=no&subsetIndex=no&watchFile=no
"4781",Ilex aquifolium,Ilex,aquifolium,,,,exotic,unlisted,,48.896861110000003,-123.407905600000007,,NA,NA,"24677381",obs_exotic,file:///D:/Simon/Sync/Root/GIS/Biodiversity%20Data/obs_exotic.csv?type=csv&maxFields=10000&detectTypes=yes&xField=longitude&yField=latitude&crs=EPSG:4326&spatialIndex=no&subsetIndex=no&watchFile=no
"4782",Ilex aquifolium,Ilex,aquifolium,,,,exotic,unlisted,,48.896216670000001,-123.407530600000001,,NA,NA,"24677438",obs_exotic,file:///D:/Simon/Sync/Root/GIS/Biodiversity%20Data/obs_exotic.csv?type=csv&maxFields=10000&detectTypes=yes&xField=longitude&yField=latitude&crs=EPSG:4326&spatialIndex=no&subsetIndex=no&watchFile=no
"4783",Ilex aquifolium,Ilex,aquifolium,,,,exotic,unlisted,,48.962441669999997,-123.517416699999998,,NA,NA,"24684060",obs_exotic,file:///D:/Simon/Sync/Root/GIS/Biodiversity%20Data/obs_exotic.csv?type=csv&maxFields=10000&detectTypes=yes&xField=longitude&yField=latitude&crs=EPSG:4326&spatialIndex=no&subsetIndex=no&watchFile=no
"4784",Ilex aquifolium,Ilex,aquifolium,,,,exotic,unlisted,,48.962421669999998,-123.517303299999995,,NA,NA,"24698513",obs_exotic,file:///D:/Simon/Sync/Root/GIS/Biodiversity%20Data/obs_exotic.csv?type=csv&maxFields=10000&detectTypes=yes&xField=longitude&yField=latitude&crs=EPSG:4326&spatialIndex=no&subsetIndex=no&watchFile=no
"4785",Ilex aquifolium,Ilex,aquifolium,,,,exotic,unlisted,,48.901713940000000,-123.404798600000007,,NA,NA,"24715704",obs_exotic,file:///D:/Simon/Sync/Root/GIS/Biodiversity%20Data/obs_exotic.csv?type=csv&maxFields=10000&detectTypes=yes&xField=longitude&yField=latitude&crs=EPSG:4326&spatialIndex=no&subsetIndex=no&watchFile=no
"4786",Ilex aquifolium,Ilex,aquifolium,,,,exotic,unlisted,,48.962327510000001,-123.518944599999998,,NA,NA,"24916179",obs_exotic,file:///D:/Simon/Sync/Root/GIS/Biodiversity%20Data/obs_exotic.csv?type=csv&maxFields=10000&detectTypes=yes&xField=longitude&yField=latitude&crs=EPSG:4326&spatialIndex=no&subsetIndex=no&watchFile=no
"4787",Ilex aquifolium,Ilex,aquifolium,,,,exotic,unlisted,,48.901009899999998,-123.403917500000006,,NA,NA,"24919258",obs_exotic,file:///D:/Simon/Sync/Root/GIS/Biodiversity%20Data/obs_exotic.csv?type=csv&maxFields=10000&detectTypes=yes&xField=longitude&yField=latitude&crs=EPSG:4326&spatialIndex=no&subsetIndex=no&watchFile=no
"4788",Ilex aquifolium,Ilex,aquifolium,,,,exotic,unlisted,,48.962722130000003,-123.517751899999993,,NA,NA,"24919862",obs_exotic,file:///D:/Simon/Sync/Root/GIS/Biodiversity%20Data/obs_exotic.csv?type=csv&maxFields=10000&detectTypes=yes&xField=longitude&yField=latitude&crs=EPSG:4326&spatialIndex=no&subsetIndex=no&watchFile=no
"4789",Ilex aquifolium,Ilex,aquifolium,,,,exotic,unlisted,,48.962863190000000,-123.517028400000001,,NA,NA,"24919903",obs_exotic,file:///D:/Simon/Sync/Root/GIS/Biodiversity%20Data/obs_exotic.csv?type=csv&maxFields=10000&detectTypes=yes&xField=longitude&yField=latitude&crs=EPSG:4326&spatialIndex=no&subsetIndex=no&watchFile=no
"4790",Ilex aquifolium,Ilex,aquifolium,,,,exotic,unlisted,,48.963460150000003,-123.519865800000005,,NA,NA,"24920321",obs_exotic,file:///D:/Simon/Sync/Root/GIS/Biodiversity%20Data/obs_exotic.csv?type=csv&maxFields=10000&detectTypes=yes&xField=longitude&yField=latitude&crs=EPSG:4326&spatialIndex=no&subsetIndex=no&watchFile=no
"4791",Ilex aquifolium,Ilex,aquifolium,,,,exotic,unlisted,,48.962850000000003,-123.517158300000006,,NA,NA,"25578156",obs_exotic,file:///D:/Simon/Sync/Root/GIS/Biodiversity%20Data/obs_exotic.csv?type=csv&maxFields=10000&detectTypes=yes&xField=longitude&yField=latitude&crs=EPSG:4326&spatialIndex=no&subsetIndex=no&watchFile=no
"4792",Ilex aquifolium,Ilex,aquifolium,,,,exotic,unlisted,,48.866043910000002,-123.350611799999996,,NA,NA,"43555518",obs_exotic,file:///D:/Simon/Sync/Root/GIS/Biodiversity%20Data/obs_exotic.csv?type=csv&maxFields=10000&detectTypes=yes&xField=longitude&yField=latitude&crs=EPSG:4326&spatialIndex=no&subsetIndex=no&watchFile=no
"4793",Ilex aquifolium,Ilex,aquifolium,,,,exotic,unlisted,,48.866076669999998,-123.350549999999998,,NA,NA,"48304574",obs_exotic,file:///D:/Simon/Sync/Root/GIS/Biodiversity%20Data/obs_exotic.csv?type=csv&maxFields=10000&detectTypes=yes&xField=longitude&yField=latitude&crs=EPSG:4326&spatialIndex=no&subsetIndex=no&watchFile=no
"4794",Ilex aquifolium,Ilex,aquifolium,,,,exotic,unlisted,,48.932238169999998,-123.479056099999994,,NA,NA,"53389821",obs_exotic,file:///D:/Simon/Sync/Root/GIS/Biodiversity%20Data/obs_exotic.csv?type=csv&maxFields=10000&detectTypes=yes&xField=longitude&yField=latitude&crs=EPSG:4326&spatialIndex=no&subsetIndex=no&watchFile=no
"4795",Ilex aquifolium,Ilex,aquifolium,,,,exotic,unlisted,,48.928494219999997,-123.468829099999994,,NA,NA,"54691095",obs_exotic,file:///D:/Simon/Sync/Root/GIS/Biodiversity%20Data/obs_exotic.csv?type=csv&maxFields=10000&detectTypes=yes&xField=longitude&yField=latitude&crs=EPSG:4326&spatialIndex=no&subsetIndex=no&watchFile=no
"4796",Ilex aquifolium,Ilex,aquifolium,,,,exotic,unlisted,,48.865707000000000,-123.350115000000002,,NA,NA,"70956090",obs_exotic,file:///D:/Simon/Sync/Root/GIS/Biodiversity%20Data/obs_exotic.csv?type=csv&maxFields=10000&detectTypes=yes&xField=longitude&yField=latitude&crs=EPSG:4326&spatialIndex=no&subsetIndex=no&watchFile=no
"4797",Ilex aquifolium,Ilex,aquifolium,,,,exotic,unlisted,,49.003557860000001,-123.568204899999998,,NA,NA,"72228502",obs_exotic,file:///D:/Simon/Sync/Root/GIS/Biodiversity%20Data/obs_exotic.csv?type=csv&maxFields=10000&detectTypes=yes&xField=longitude&yField=latitude&crs=EPSG:4326&spatialIndex=no&subsetIndex=no&watchFile=no
"4798",Ilex aquifolium,Ilex,aquifolium,,,,exotic,unlisted,,48.887183329999999,-123.362721699999994,,NA,NA,"83097997",obs_exotic,file:///D:/Simon/Sync/Root/GIS/Biodiversity%20Data/obs_exotic.csv?type=csv&maxFields=10000&detectTypes=yes&xField=longitude&yField=latitude&crs=EPSG:4326&spatialIndex=no&subsetIndex=no&watchFile=no
"4799",Ilex aquifolium,Ilex,aquifolium,,,,exotic,unlisted,,48.928854999999999,-123.466508300000001,,NA,NA,"84224614",obs_exotic,file:///D:/Simon/Sync/Root/GIS/Biodiversity%20Data/obs_exotic.csv?type=csv&maxFields=10000&detectTypes=yes&xField=longitude&yField=latitude&crs=EPSG:4326&spatialIndex=no&subsetIndex=no&watchFile=no
"4800",Ilex aquifolium,Ilex,aquifolium,,,,exotic,unlisted,,48.874248330000000,-123.319595000000007,,NA,NA,"86360305",obs_exotic,file:///D:/Simon/Sync/Root/GIS/Biodiversity%20Data/obs_exotic.csv?type=csv&maxFields=10000&detectTypes=yes&xField=longitude&yField=latitude&crs=EPSG:4326&spatialIndex=no&subsetIndex=no&watchFile=no
"4801",Ilex aquifolium,Ilex,aquifolium,,,,exotic,unlisted,,48.873818329999999,-123.343765000000005,,NA,NA,"87960711",obs_exotic,file:///D:/Simon/Sync/Root/GIS/Biodiversity%20Data/obs_exotic.csv?type=csv&maxFields=10000&detectTypes=yes&xField=longitude&yField=latitude&crs=EPSG:4326&spatialIndex=no&subsetIndex=no&watchFile=no
"4802",Ilex aquifolium,Ilex,aquifolium,,,,exotic,unlisted,,48.902538329999999,-123.447145000000006,,NA,NA,"91886458",obs_exotic,file:///D:/Simon/Sync/Root/GIS/Biodiversity%20Data/obs_exotic.csv?type=csv&maxFields=10000&detectTypes=yes&xField=longitude&yField=latitude&crs=EPSG:4326&spatialIndex=no&subsetIndex=no&watchFile=no
"4803",Ilex aquifolium,Ilex,aquifolium,,,,exotic,unlisted,,48.900005970000002,-123.342607000000001,,NA,NA,"100435169",obs_exotic,file:///D:/Simon/Sync/Root/GIS/Biodiversity%20Data/obs_exotic.csv?type=csv&maxFields=10000&detectTypes=yes&xField=longitude&yField=latitude&crs=EPSG:4326&spatialIndex=no&subsetIndex=no&watchFile=no
"4804",Ilex aquifolium,Ilex,aquifolium,,,,exotic,unlisted,,48.900050000000000,-123.342494500000001,,NA,NA,"100435278",obs_exotic,file:///D:/Simon/Sync/Root/GIS/Biodiversity%20Data/obs_exotic.csv?type=csv&maxFields=10000&detectTypes=yes&xField=longitude&yField=latitude&crs=EPSG:4326&spatialIndex=no&subsetIndex=no&watchFile=no
"4805",Ilex aquifolium,Ilex,aquifolium,,,,exotic,unlisted,,49.003641670000000,-123.568161700000005,,NA,NA,"107595648",obs_exotic,file:///D:/Simon/Sync/Root/GIS/Biodiversity%20Data/obs_exotic.csv?type=csv&maxFields=10000&detectTypes=yes&xField=longitude&yField=latitude&crs=EPSG:4326&spatialIndex=no&subsetIndex=no&watchFile=no
"4806",Ilex aquifolium,Ilex,aquifolium,,,,exotic,unlisted,,48.867908000000000,-123.349721700000003,,NA,NA,"107672233",obs_exotic,file:///D:/Simon/Sync/Root/GIS/Biodiversity%20Data/obs_exotic.csv?type=csv&maxFields=10000&detectTypes=yes&xField=longitude&yField=latitude&crs=EPSG:4326&spatialIndex=no&subsetIndex=no&watchFile=no
"4807",Ilex aquifolium,Ilex,aquifolium,,,,exotic,unlisted,,48.880397680000002,-123.331307800000005,,NA,NA,"108031584",obs_exotic,file:///D:/Simon/Sync/Root/GIS/Biodiversity%20Data/obs_exotic.csv?type=csv&maxFields=10000&detectTypes=yes&xField=longitude&yField=latitude&crs=EPSG:4326&spatialIndex=no&subsetIndex=no&watchFile=no
"4808",Ilex aquifolium,Ilex,aquifolium,,,,exotic,unlisted,,48.897910000000003,-123.401430000000005,,NA,NA,"109867657",obs_exotic,file:///D:/Simon/Sync/Root/GIS/Biodiversity%20Data/obs_exotic.csv?type=csv&maxFields=10000&detectTypes=yes&xField=longitude&yField=latitude&crs=EPSG:4326&spatialIndex=no&subsetIndex=no&watchFile=no
"4809",Ilex aquifolium,Ilex,aquifolium,,,,exotic,unlisted,,48.862871669999997,-123.350463300000001,,NA,NA,"121538578",obs_exotic,file:///D:/Simon/Sync/Root/GIS/Biodiversity%20Data/obs_exotic.csv?type=csv&maxFields=10000&detectTypes=yes&xField=longitude&yField=latitude&crs=EPSG:4326&spatialIndex=no&subsetIndex=no&watchFile=no
"4810",Ilex aquifolium,Ilex,aquifolium,,,,exotic,unlisted,,48.862736669999997,-123.351381700000005,,NA,NA,"122258270",obs_exotic,file:///D:/Simon/Sync/Root/GIS/Biodiversity%20Data/obs_exotic.csv?type=csv&maxFields=10000&detectTypes=yes&xField=longitude&yField=latitude&crs=EPSG:4326&spatialIndex=no&subsetIndex=no&watchFile=no
"4811",Impatiens capensis,Impatiens,capensis,,,,exotic,unlisted,,48.900185280000002,-123.342100799999997,,NA,NA,"62566046",obs_exotic,file:///D:/Simon/Sync/Root/GIS/Biodiversity%20Data/obs_exotic.csv?type=csv&maxFields=10000&detectTypes=yes&xField=longitude&yField=latitude&crs=EPSG:4326&spatialIndex=no&subsetIndex=no&watchFile=no
"4812",Iris pseudacorus,Iris,pseudacorus,,,,exotic,unlisted,,48.930253000000000,-123.472638000000003,,NA,NA,"2629732",obs_exotic,file:///D:/Simon/Sync/Root/GIS/Biodiversity%20Data/obs_exotic.csv?type=csv&maxFields=10000&detectTypes=yes&xField=longitude&yField=latitude&crs=EPSG:4326&spatialIndex=no&subsetIndex=no&watchFile=no
"4813",Iris pseudacorus,Iris,pseudacorus,,,,exotic,unlisted,,48.982436000000000,-123.556194000000005,,NA,NA,"6671308",obs_exotic,file:///D:/Simon/Sync/Root/GIS/Biodiversity%20Data/obs_exotic.csv?type=csv&maxFields=10000&detectTypes=yes&xField=longitude&yField=latitude&crs=EPSG:4326&spatialIndex=no&subsetIndex=no&watchFile=no
"4814",Iris pseudacorus,Iris,pseudacorus,,,,exotic,unlisted,,48.982674299999999,-123.557299000000000,,NA,NA,"12932760",obs_exotic,file:///D:/Simon/Sync/Root/GIS/Biodiversity%20Data/obs_exotic.csv?type=csv&maxFields=10000&detectTypes=yes&xField=longitude&yField=latitude&crs=EPSG:4326&spatialIndex=no&subsetIndex=no&watchFile=no
"4815",Iris pseudacorus,Iris,pseudacorus,,,,exotic,unlisted,,48.867342000000001,-123.375662000000005,,NA,NA,"13031451",obs_exotic,file:///D:/Simon/Sync/Root/GIS/Biodiversity%20Data/obs_exotic.csv?type=csv&maxFields=10000&detectTypes=yes&xField=longitude&yField=latitude&crs=EPSG:4326&spatialIndex=no&subsetIndex=no&watchFile=no
"4816",Iris pseudacorus,Iris,pseudacorus,,,,exotic,unlisted,,48.948460300000001,-123.501826800000003,,NA,NA,"13198899",obs_exotic,file:///D:/Simon/Sync/Root/GIS/Biodiversity%20Data/obs_exotic.csv?type=csv&maxFields=10000&detectTypes=yes&xField=longitude&yField=latitude&crs=EPSG:4326&spatialIndex=no&subsetIndex=no&watchFile=no
"4817",Iris pseudacorus,Iris,pseudacorus,,,,exotic,unlisted,,48.979102380000000,-123.557774499999994,,NA,NA,"25480380",obs_exotic,file:///D:/Simon/Sync/Root/GIS/Biodiversity%20Data/obs_exotic.csv?type=csv&maxFields=10000&detectTypes=yes&xField=longitude&yField=latitude&crs=EPSG:4326&spatialIndex=no&subsetIndex=no&watchFile=no
"4818",Iris pseudacorus,Iris,pseudacorus,,,,exotic,unlisted,,48.979874100000004,-123.557299499999999,,NA,NA,"25482641",obs_exotic,file:///D:/Simon/Sync/Root/GIS/Biodiversity%20Data/obs_exotic.csv?type=csv&maxFields=10000&detectTypes=yes&xField=longitude&yField=latitude&crs=EPSG:4326&spatialIndex=no&subsetIndex=no&watchFile=no
"4819",Iris pseudacorus,Iris,pseudacorus,,,,exotic,unlisted,,48.981760530000003,-123.557332700000003,,NA,NA,"25482757",obs_exotic,file:///D:/Simon/Sync/Root/GIS/Biodiversity%20Data/obs_exotic.csv?type=csv&maxFields=10000&detectTypes=yes&xField=longitude&yField=latitude&crs=EPSG:4326&spatialIndex=no&subsetIndex=no&watchFile=no
"4820",Iris pseudacorus,Iris,pseudacorus,,,,exotic,unlisted,,48.897392760000002,-123.338793400000000,,NA,NA,"26288924",obs_exotic,file:///D:/Simon/Sync/Root/GIS/Biodiversity%20Data/obs_exotic.csv?type=csv&maxFields=10000&detectTypes=yes&xField=longitude&yField=latitude&crs=EPSG:4326&spatialIndex=no&subsetIndex=no&watchFile=no
"4821",Iris pseudacorus,Iris,pseudacorus,,,,exotic,unlisted,,48.897219999999997,-123.339058300000005,,NA,NA,"26767057",obs_exotic,file:///D:/Simon/Sync/Root/GIS/Biodiversity%20Data/obs_exotic.csv?type=csv&maxFields=10000&detectTypes=yes&xField=longitude&yField=latitude&crs=EPSG:4326&spatialIndex=no&subsetIndex=no&watchFile=no
"4822",Iris pseudacorus,Iris,pseudacorus,,,,exotic,unlisted,,48.973688889999998,-123.549019400000006,,NA,NA,"48979779",obs_exotic,file:///D:/Simon/Sync/Root/GIS/Biodiversity%20Data/obs_exotic.csv?type=csv&maxFields=10000&detectTypes=yes&xField=longitude&yField=latitude&crs=EPSG:4326&spatialIndex=no&subsetIndex=no&watchFile=no
"4823",Iris pseudacorus,Iris,pseudacorus,,,,exotic,unlisted,,48.971571369999999,-123.553525399999998,,NA,NA,"80932650",obs_exotic,file:///D:/Simon/Sync/Root/GIS/Biodiversity%20Data/obs_exotic.csv?type=csv&maxFields=10000&detectTypes=yes&xField=longitude&yField=latitude&crs=EPSG:4326&spatialIndex=no&subsetIndex=no&watchFile=no
"4824",Iris pseudacorus,Iris,pseudacorus,,,,exotic,unlisted,,48.997853329999998,-123.570678299999997,,NA,NA,"84265098",obs_exotic,file:///D:/Simon/Sync/Root/GIS/Biodiversity%20Data/obs_exotic.csv?type=csv&maxFields=10000&detectTypes=yes&xField=longitude&yField=latitude&crs=EPSG:4326&spatialIndex=no&subsetIndex=no&watchFile=no
"4825",Iris pseudacorus,Iris,pseudacorus,,,,exotic,unlisted,,48.981763330000000,-123.557204999999996,,NA,NA,"121739992",obs_exotic,file:///D:/Simon/Sync/Root/GIS/Biodiversity%20Data/obs_exotic.csv?type=csv&maxFields=10000&detectTypes=yes&xField=longitude&yField=latitude&crs=EPSG:4326&spatialIndex=no&subsetIndex=no&watchFile=no
"4826",Jacobaea vulgaris,Jacobaea,vulgaris,,,,exotic,unlisted,,48.930653999999997,-123.475256000000002,,NA,NA,"2599937",obs_exotic,file:///D:/Simon/Sync/Root/GIS/Biodiversity%20Data/obs_exotic.csv?type=csv&maxFields=10000&detectTypes=yes&xField=longitude&yField=latitude&crs=EPSG:4326&spatialIndex=no&subsetIndex=no&watchFile=no
"4827",Jacobaea vulgaris,Jacobaea,vulgaris,,,,exotic,unlisted,,48.930653999999997,-123.475256000000002,,NA,NA,"2599941",obs_exotic,file:///D:/Simon/Sync/Root/GIS/Biodiversity%20Data/obs_exotic.csv?type=csv&maxFields=10000&detectTypes=yes&xField=longitude&yField=latitude&crs=EPSG:4326&spatialIndex=no&subsetIndex=no&watchFile=no
"4828",Jacobaea vulgaris,Jacobaea,vulgaris,,,,exotic,unlisted,,48.930653999999997,-123.475256000000002,,NA,NA,"2599943",obs_exotic,file:///D:/Simon/Sync/Root/GIS/Biodiversity%20Data/obs_exotic.csv?type=csv&maxFields=10000&detectTypes=yes&xField=longitude&yField=latitude&crs=EPSG:4326&spatialIndex=no&subsetIndex=no&watchFile=no
"4829",Jacobaea vulgaris,Jacobaea,vulgaris,,,,exotic,unlisted,,48.927123999999999,-123.469548000000003,,NA,NA,"2631684",obs_exotic,file:///D:/Simon/Sync/Root/GIS/Biodiversity%20Data/obs_exotic.csv?type=csv&maxFields=10000&detectTypes=yes&xField=longitude&yField=latitude&crs=EPSG:4326&spatialIndex=no&subsetIndex=no&watchFile=no
"4830",Jacobaea vulgaris,Jacobaea,vulgaris,,,,exotic,unlisted,,48.908307999999998,-123.389683000000005,,NA,NA,"2809029",obs_exotic,file:///D:/Simon/Sync/Root/GIS/Biodiversity%20Data/obs_exotic.csv?type=csv&maxFields=10000&detectTypes=yes&xField=longitude&yField=latitude&crs=EPSG:4326&spatialIndex=no&subsetIndex=no&watchFile=no
"4831",Jacobaea vulgaris,Jacobaea,vulgaris,,,,exotic,unlisted,,48.912933000000002,-123.393116000000006,,NA,NA,"2809066",obs_exotic,file:///D:/Simon/Sync/Root/GIS/Biodiversity%20Data/obs_exotic.csv?type=csv&maxFields=10000&detectTypes=yes&xField=longitude&yField=latitude&crs=EPSG:4326&spatialIndex=no&subsetIndex=no&watchFile=no
"4832",Jacobaea vulgaris,Jacobaea,vulgaris,,,,exotic,unlisted,,48.915906000000000,-123.422921000000002,,NA,NA,"3123079",obs_exotic,file:///D:/Simon/Sync/Root/GIS/Biodiversity%20Data/obs_exotic.csv?type=csv&maxFields=10000&detectTypes=yes&xField=longitude&yField=latitude&crs=EPSG:4326&spatialIndex=no&subsetIndex=no&watchFile=no
"4833",Jacobaea vulgaris,Jacobaea,vulgaris,,,,exotic,unlisted,,48.915973999999999,-123.424808999999996,,NA,NA,"3296783",obs_exotic,file:///D:/Simon/Sync/Root/GIS/Biodiversity%20Data/obs_exotic.csv?type=csv&maxFields=10000&detectTypes=yes&xField=longitude&yField=latitude&crs=EPSG:4326&spatialIndex=no&subsetIndex=no&watchFile=no
"4834",Jacobaea vulgaris,Jacobaea,vulgaris,,,,exotic,unlisted,,48.998663999999998,-123.563078000000004,,NA,NA,"3680814",obs_exotic,file:///D:/Simon/Sync/Root/GIS/Biodiversity%20Data/obs_exotic.csv?type=csv&maxFields=10000&detectTypes=yes&xField=longitude&yField=latitude&crs=EPSG:4326&spatialIndex=no&subsetIndex=no&watchFile=no
"4835",Jacobaea vulgaris,Jacobaea,vulgaris,,,,exotic,unlisted,,48.906042560000003,-123.358268699999996,,NA,NA,"5886269",obs_exotic,file:///D:/Simon/Sync/Root/GIS/Biodiversity%20Data/obs_exotic.csv?type=csv&maxFields=10000&detectTypes=yes&xField=longitude&yField=latitude&crs=EPSG:4326&spatialIndex=no&subsetIndex=no&watchFile=no
"4836",Jacobaea vulgaris,Jacobaea,vulgaris,,,,exotic,unlisted,,48.866500000000002,-123.350668999999996,,NA,NA,"6532165",obs_exotic,file:///D:/Simon/Sync/Root/GIS/Biodiversity%20Data/obs_exotic.csv?type=csv&maxFields=10000&detectTypes=yes&xField=longitude&yField=latitude&crs=EPSG:4326&spatialIndex=no&subsetIndex=no&watchFile=no
"4837",Jacobaea vulgaris,Jacobaea,vulgaris,,,,exotic,unlisted,,48.876598770000001,-123.383266899999995,,NA,NA,"6714904",obs_exotic,file:///D:/Simon/Sync/Root/GIS/Biodiversity%20Data/obs_exotic.csv?type=csv&maxFields=10000&detectTypes=yes&xField=longitude&yField=latitude&crs=EPSG:4326&spatialIndex=no&subsetIndex=no&watchFile=no
"4838",Jacobaea vulgaris,Jacobaea,vulgaris,,,,exotic,unlisted,,48.978912469999997,-123.556287900000001,,NA,NA,"10820343",obs_exotic,file:///D:/Simon/Sync/Root/GIS/Biodiversity%20Data/obs_exotic.csv?type=csv&maxFields=10000&detectTypes=yes&xField=longitude&yField=latitude&crs=EPSG:4326&spatialIndex=no&subsetIndex=no&watchFile=no
"4839",Jacobaea vulgaris,Jacobaea,vulgaris,,,,exotic,unlisted,,48.983405640000001,-123.555617400000003,,NA,NA,"14335424",obs_exotic,file:///D:/Simon/Sync/Root/GIS/Biodiversity%20Data/obs_exotic.csv?type=csv&maxFields=10000&detectTypes=yes&xField=longitude&yField=latitude&crs=EPSG:4326&spatialIndex=no&subsetIndex=no&watchFile=no
"4840",Jacobaea vulgaris,Jacobaea,vulgaris,,,,exotic,unlisted,,48.982595000000003,-123.556871700000002,,NA,NA,"14335434",obs_exotic,file:///D:/Simon/Sync/Root/GIS/Biodiversity%20Data/obs_exotic.csv?type=csv&maxFields=10000&detectTypes=yes&xField=longitude&yField=latitude&crs=EPSG:4326&spatialIndex=no&subsetIndex=no&watchFile=no
"4841",Jacobaea vulgaris,Jacobaea,vulgaris,,,,exotic,unlisted,,48.963013889999999,-123.517272199999994,,NA,NA,"24665270",obs_exotic,file:///D:/Simon/Sync/Root/GIS/Biodiversity%20Data/obs_exotic.csv?type=csv&maxFields=10000&detectTypes=yes&xField=longitude&yField=latitude&crs=EPSG:4326&spatialIndex=no&subsetIndex=no&watchFile=no
"4842",Jacobaea vulgaris,Jacobaea,vulgaris,,,,exotic,unlisted,,48.963058330000003,-123.516944400000000,,NA,NA,"24690171",obs_exotic,file:///D:/Simon/Sync/Root/GIS/Biodiversity%20Data/obs_exotic.csv?type=csv&maxFields=10000&detectTypes=yes&xField=longitude&yField=latitude&crs=EPSG:4326&spatialIndex=no&subsetIndex=no&watchFile=no
"4843",Jacobaea vulgaris,Jacobaea,vulgaris,,,,exotic,unlisted,,48.963008330000001,-123.516730600000002,,NA,NA,"24690223",obs_exotic,file:///D:/Simon/Sync/Root/GIS/Biodiversity%20Data/obs_exotic.csv?type=csv&maxFields=10000&detectTypes=yes&xField=longitude&yField=latitude&crs=EPSG:4326&spatialIndex=no&subsetIndex=no&watchFile=no
"4844",Jacobaea vulgaris,Jacobaea,vulgaris,,,,exotic,unlisted,,48.962825000000002,-123.519729999999996,,NA,NA,"24697723",obs_exotic,file:///D:/Simon/Sync/Root/GIS/Biodiversity%20Data/obs_exotic.csv?type=csv&maxFields=10000&detectTypes=yes&xField=longitude&yField=latitude&crs=EPSG:4326&spatialIndex=no&subsetIndex=no&watchFile=no
"4845",Jacobaea vulgaris,Jacobaea,vulgaris,,,,exotic,unlisted,,48.963034649999997,-123.516948700000000,,NA,NA,"24919951",obs_exotic,file:///D:/Simon/Sync/Root/GIS/Biodiversity%20Data/obs_exotic.csv?type=csv&maxFields=10000&detectTypes=yes&xField=longitude&yField=latitude&crs=EPSG:4326&spatialIndex=no&subsetIndex=no&watchFile=no
"4846",Jacobaea vulgaris,Jacobaea,vulgaris,,,,exotic,unlisted,,48.963231710000002,-123.518274700000006,,NA,NA,"24940616",obs_exotic,file:///D:/Simon/Sync/Root/GIS/Biodiversity%20Data/obs_exotic.csv?type=csv&maxFields=10000&detectTypes=yes&xField=longitude&yField=latitude&crs=EPSG:4326&spatialIndex=no&subsetIndex=no&watchFile=no
"4847",Jacobaea vulgaris,Jacobaea,vulgaris,,,,exotic,unlisted,,48.906860049999999,-123.391500100000002,,NA,NA,"25469182",obs_exotic,file:///D:/Simon/Sync/Root/GIS/Biodiversity%20Data/obs_exotic.csv?type=csv&maxFields=10000&detectTypes=yes&xField=longitude&yField=latitude&crs=EPSG:4326&spatialIndex=no&subsetIndex=no&watchFile=no
"4848",Jacobaea vulgaris,Jacobaea,vulgaris,,,,exotic,unlisted,,48.978574490000000,-123.555983100000006,,NA,NA,"25479647",obs_exotic,file:///D:/Simon/Sync/Root/GIS/Biodiversity%20Data/obs_exotic.csv?type=csv&maxFields=10000&detectTypes=yes&xField=longitude&yField=latitude&crs=EPSG:4326&spatialIndex=no&subsetIndex=no&watchFile=no
"4849",Jacobaea vulgaris,Jacobaea,vulgaris,,,,exotic,unlisted,,48.979760730000002,-123.557678899999999,,NA,NA,"25482617",obs_exotic,file:///D:/Simon/Sync/Root/GIS/Biodiversity%20Data/obs_exotic.csv?type=csv&maxFields=10000&detectTypes=yes&xField=longitude&yField=latitude&crs=EPSG:4326&spatialIndex=no&subsetIndex=no&watchFile=no
"4850",Jacobaea vulgaris,Jacobaea,vulgaris,,,,exotic,unlisted,,48.962977780000003,-123.516686100000001,,NA,NA,"25595848",obs_exotic,file:///D:/Simon/Sync/Root/GIS/Biodiversity%20Data/obs_exotic.csv?type=csv&maxFields=10000&detectTypes=yes&xField=longitude&yField=latitude&crs=EPSG:4326&spatialIndex=no&subsetIndex=no&watchFile=no
"4851",Jacobaea vulgaris,Jacobaea,vulgaris,,,,exotic,unlisted,,48.963383329999999,-123.519700000000000,,NA,NA,"25655004",obs_exotic,file:///D:/Simon/Sync/Root/GIS/Biodiversity%20Data/obs_exotic.csv?type=csv&maxFields=10000&detectTypes=yes&xField=longitude&yField=latitude&crs=EPSG:4326&spatialIndex=no&subsetIndex=no&watchFile=no
"4852",Jacobaea vulgaris,Jacobaea,vulgaris,,,,exotic,unlisted,,48.927640230000002,-123.450418600000006,,NA,NA,"54751401",obs_exotic,file:///D:/Simon/Sync/Root/GIS/Biodiversity%20Data/obs_exotic.csv?type=csv&maxFields=10000&detectTypes=yes&xField=longitude&yField=latitude&crs=EPSG:4326&spatialIndex=no&subsetIndex=no&watchFile=no
"4853",Jacobaea vulgaris,Jacobaea,vulgaris,,,,exotic,unlisted,,48.972334310000001,-123.556115199999994,,NA,NA,"55244030",obs_exotic,file:///D:/Simon/Sync/Root/GIS/Biodiversity%20Data/obs_exotic.csv?type=csv&maxFields=10000&detectTypes=yes&xField=longitude&yField=latitude&crs=EPSG:4326&spatialIndex=no&subsetIndex=no&watchFile=no
"4854",Jacobaea vulgaris,Jacobaea,vulgaris,,,,exotic,unlisted,,48.976430000000001,-123.560420600000000,,NA,NA,"55834035",obs_exotic,file:///D:/Simon/Sync/Root/GIS/Biodiversity%20Data/obs_exotic.csv?type=csv&maxFields=10000&detectTypes=yes&xField=longitude&yField=latitude&crs=EPSG:4326&spatialIndex=no&subsetIndex=no&watchFile=no
"4855",Jacobaea vulgaris,Jacobaea,vulgaris,,,,exotic,unlisted,,48.975650000000002,-123.549696699999998,,NA,NA,"57300829",obs_exotic,file:///D:/Simon/Sync/Root/GIS/Biodiversity%20Data/obs_exotic.csv?type=csv&maxFields=10000&detectTypes=yes&xField=longitude&yField=latitude&crs=EPSG:4326&spatialIndex=no&subsetIndex=no&watchFile=no
"4856",Jacobaea vulgaris,Jacobaea,vulgaris,,,,exotic,unlisted,,48.958038729999998,-123.512223700000007,,NA,NA,"59895740",obs_exotic,file:///D:/Simon/Sync/Root/GIS/Biodiversity%20Data/obs_exotic.csv?type=csv&maxFields=10000&detectTypes=yes&xField=longitude&yField=latitude&crs=EPSG:4326&spatialIndex=no&subsetIndex=no&watchFile=no
"4857",Jacobaea vulgaris,Jacobaea,vulgaris,,,,exotic,unlisted,,48.911779359999997,-123.387624799999998,,NA,NA,"60492357",obs_exotic,file:///D:/Simon/Sync/Root/GIS/Biodiversity%20Data/obs_exotic.csv?type=csv&maxFields=10000&detectTypes=yes&xField=longitude&yField=latitude&crs=EPSG:4326&spatialIndex=no&subsetIndex=no&watchFile=no
"4858",Jacobaea vulgaris,Jacobaea,vulgaris,,,,exotic,unlisted,,48.892913329999999,-123.355558299999998,,NA,NA,"79684047",obs_exotic,file:///D:/Simon/Sync/Root/GIS/Biodiversity%20Data/obs_exotic.csv?type=csv&maxFields=10000&detectTypes=yes&xField=longitude&yField=latitude&crs=EPSG:4326&spatialIndex=no&subsetIndex=no&watchFile=no
"4859",Jacobaea vulgaris,Jacobaea,vulgaris,,,,exotic,unlisted,,48.928983019999997,-123.466623600000005,,NA,NA,"84500011",obs_exotic,file:///D:/Simon/Sync/Root/GIS/Biodiversity%20Data/obs_exotic.csv?type=csv&maxFields=10000&detectTypes=yes&xField=longitude&yField=latitude&crs=EPSG:4326&spatialIndex=no&subsetIndex=no&watchFile=no
"4860",Jacobaea vulgaris,Jacobaea,vulgaris,,,,exotic,unlisted,,48.984868329999998,-123.557206699999995,,NA,NA,"89513110",obs_exotic,file:///D:/Simon/Sync/Root/GIS/Biodiversity%20Data/obs_exotic.csv?type=csv&maxFields=10000&detectTypes=yes&xField=longitude&yField=latitude&crs=EPSG:4326&spatialIndex=no&subsetIndex=no&watchFile=no
"4861",Jacobaea vulgaris,Jacobaea,vulgaris,,,,exotic,unlisted,,48.990272370000000,-123.562509199999994,,NA,NA,"96542262",obs_exotic,file:///D:/Simon/Sync/Root/GIS/Biodiversity%20Data/obs_exotic.csv?type=csv&maxFields=10000&detectTypes=yes&xField=longitude&yField=latitude&crs=EPSG:4326&spatialIndex=no&subsetIndex=no&watchFile=no
"4862",Jacobaea vulgaris,Jacobaea,vulgaris,,,,exotic,unlisted,,48.927895069999998,-123.468413400000003,,NA,NA,"101446640",obs_exotic,file:///D:/Simon/Sync/Root/GIS/Biodiversity%20Data/obs_exotic.csv?type=csv&maxFields=10000&detectTypes=yes&xField=longitude&yField=latitude&crs=EPSG:4326&spatialIndex=no&subsetIndex=no&watchFile=no
"4863",Jacobaea vulgaris,Jacobaea,vulgaris,,,,exotic,unlisted,,48.985050000000001,-123.557228300000006,,NA,NA,"109623734",obs_exotic,file:///D:/Simon/Sync/Root/GIS/Biodiversity%20Data/obs_exotic.csv?type=csv&maxFields=10000&detectTypes=yes&xField=longitude&yField=latitude&crs=EPSG:4326&spatialIndex=no&subsetIndex=no&watchFile=no
"4864",Jacobaea vulgaris,Jacobaea,vulgaris,,,,exotic,unlisted,,48.950218980000002,-123.503792000000004,,NA,NA,"126692883",obs_exotic,file:///D:/Simon/Sync/Root/GIS/Biodiversity%20Data/obs_exotic.csv?type=csv&maxFields=10000&detectTypes=yes&xField=longitude&yField=latitude&crs=EPSG:4326&spatialIndex=no&subsetIndex=no&watchFile=no
"4865",Jacobaea vulgaris,Jacobaea,vulgaris,,,,exotic,unlisted,,48.929838330000003,-123.467658299999997,,NA,NA,"128764859",obs_exotic,file:///D:/Simon/Sync/Root/GIS/Biodiversity%20Data/obs_exotic.csv?type=csv&maxFields=10000&detectTypes=yes&xField=longitude&yField=latitude&crs=EPSG:4326&spatialIndex=no&subsetIndex=no&watchFile=no
"4866",Jacobaea vulgaris,Jacobaea,vulgaris,,,,exotic,unlisted,,48.959871319999998,-123.508814700000002,,NA,NA,"136055331",obs_exotic,file:///D:/Simon/Sync/Root/GIS/Biodiversity%20Data/obs_exotic.csv?type=csv&maxFields=10000&detectTypes=yes&xField=longitude&yField=latitude&crs=EPSG:4326&spatialIndex=no&subsetIndex=no&watchFile=no
"4951",Laburnum anagyroides,Laburnum,anagyroides,,,,exotic,unlisted,,48.877536769999999,-123.318061799999995,,NA,NA,"13889967",obs_exotic,file:///D:/Simon/Sync/Root/GIS/Biodiversity%20Data/obs_exotic.csv?type=csv&maxFields=10000&detectTypes=yes&xField=longitude&yField=latitude&crs=EPSG:4326&spatialIndex=no&subsetIndex=no&watchFile=no
"4952",Laburnum anagyroides,Laburnum,anagyroides,,,,exotic,unlisted,,48.939587600000003,-123.498721300000000,,NA,NA,"78307687",obs_exotic,file:///D:/Simon/Sync/Root/GIS/Biodiversity%20Data/obs_exotic.csv?type=csv&maxFields=10000&detectTypes=yes&xField=longitude&yField=latitude&crs=EPSG:4326&spatialIndex=no&subsetIndex=no&watchFile=no
"4953",Lactuca serriola,Lactuca,serriola,,,,exotic,unlisted,,48.892842000000002,-123.392106999999996,,NA,NA,"3382774",obs_exotic,file:///D:/Simon/Sync/Root/GIS/Biodiversity%20Data/obs_exotic.csv?type=csv&maxFields=10000&detectTypes=yes&xField=longitude&yField=latitude&crs=EPSG:4326&spatialIndex=no&subsetIndex=no&watchFile=no
"4954",Lamium purpureum,Lamium,purpureum,,,,exotic,unlisted,,48.872515999999997,-123.311958000000004,,NA,NA,"2569431",obs_exotic,file:///D:/Simon/Sync/Root/GIS/Biodiversity%20Data/obs_exotic.csv?type=csv&maxFields=10000&detectTypes=yes&xField=longitude&yField=latitude&crs=EPSG:4326&spatialIndex=no&subsetIndex=no&watchFile=no
"4955",Lamium purpureum,Lamium,purpureum,,,,exotic,unlisted,,48.878998000000003,-123.319173000000006,,NA,NA,"2569451",obs_exotic,file:///D:/Simon/Sync/Root/GIS/Biodiversity%20Data/obs_exotic.csv?type=csv&maxFields=10000&detectTypes=yes&xField=longitude&yField=latitude&crs=EPSG:4326&spatialIndex=no&subsetIndex=no&watchFile=no
"4956",Lamium purpureum,Lamium,purpureum,,,,exotic,unlisted,,48.872523000000001,-123.312864000000005,,NA,NA,"2677415",obs_exotic,file:///D:/Simon/Sync/Root/GIS/Biodiversity%20Data/obs_exotic.csv?type=csv&maxFields=10000&detectTypes=yes&xField=longitude&yField=latitude&crs=EPSG:4326&spatialIndex=no&subsetIndex=no&watchFile=no
"4957",Lamium purpureum,Lamium,purpureum,,,,exotic,unlisted,,48.870885000000001,-123.323832999999993,,NA,NA,"2738454",obs_exotic,file:///D:/Simon/Sync/Root/GIS/Biodiversity%20Data/obs_exotic.csv?type=csv&maxFields=10000&detectTypes=yes&xField=longitude&yField=latitude&crs=EPSG:4326&spatialIndex=no&subsetIndex=no&watchFile=no
"4958",Lamium purpureum,Lamium,purpureum,,,,exotic,unlisted,,48.872494000000003,-123.312635000000000,,NA,NA,"5296352",obs_exotic,file:///D:/Simon/Sync/Root/GIS/Biodiversity%20Data/obs_exotic.csv?type=csv&maxFields=10000&detectTypes=yes&xField=longitude&yField=latitude&crs=EPSG:4326&spatialIndex=no&subsetIndex=no&watchFile=no
"4959",Lamium purpureum,Lamium,purpureum,,,,exotic,unlisted,,48.869061670000001,-123.388199999999998,,NA,NA,"5591830",obs_exotic,file:///D:/Simon/Sync/Root/GIS/Biodiversity%20Data/obs_exotic.csv?type=csv&maxFields=10000&detectTypes=yes&xField=longitude&yField=latitude&crs=EPSG:4326&spatialIndex=no&subsetIndex=no&watchFile=no
"4960",Lamium purpureum,Lamium,purpureum,,,,exotic,unlisted,,48.868903160000002,-123.346136000000001,,NA,NA,"5653166",obs_exotic,file:///D:/Simon/Sync/Root/GIS/Biodiversity%20Data/obs_exotic.csv?type=csv&maxFields=10000&detectTypes=yes&xField=longitude&yField=latitude&crs=EPSG:4326&spatialIndex=no&subsetIndex=no&watchFile=no
"4961",Lamium purpureum,Lamium,purpureum,,,,exotic,unlisted,,48.940345899999997,-123.504352600000004,,NA,NA,"6306970",obs_exotic,file:///D:/Simon/Sync/Root/GIS/Biodiversity%20Data/obs_exotic.csv?type=csv&maxFields=10000&detectTypes=yes&xField=longitude&yField=latitude&crs=EPSG:4326&spatialIndex=no&subsetIndex=no&watchFile=no
"4962",Lamium purpureum,Lamium,purpureum,,,,exotic,unlisted,,48.948478999999999,-123.501727000000002,,NA,NA,"11249799",obs_exotic,file:///D:/Simon/Sync/Root/GIS/Biodiversity%20Data/obs_exotic.csv?type=csv&maxFields=10000&detectTypes=yes&xField=longitude&yField=latitude&crs=EPSG:4326&spatialIndex=no&subsetIndex=no&watchFile=no
"4963",Lamium purpureum,Lamium,purpureum,,,,exotic,unlisted,,48.941505999999997,-123.476962999999998,,NA,NA,"11305328",obs_exotic,file:///D:/Simon/Sync/Root/GIS/Biodiversity%20Data/obs_exotic.csv?type=csv&maxFields=10000&detectTypes=yes&xField=longitude&yField=latitude&crs=EPSG:4326&spatialIndex=no&subsetIndex=no&watchFile=no
"4964",Lamium purpureum,Lamium,purpureum,,,,exotic,unlisted,,48.868780690000001,-123.346017500000002,,NA,NA,"21817816",obs_exotic,file:///D:/Simon/Sync/Root/GIS/Biodiversity%20Data/obs_exotic.csv?type=csv&maxFields=10000&detectTypes=yes&xField=longitude&yField=latitude&crs=EPSG:4326&spatialIndex=no&subsetIndex=no&watchFile=no
"4965",Lamium purpureum,Lamium,purpureum,,,,exotic,unlisted,,48.898015000000001,-123.407963300000006,,NA,NA,"24653200",obs_exotic,file:///D:/Simon/Sync/Root/GIS/Biodiversity%20Data/obs_exotic.csv?type=csv&maxFields=10000&detectTypes=yes&xField=longitude&yField=latitude&crs=EPSG:4326&spatialIndex=no&subsetIndex=no&watchFile=no
"4966",Lamium purpureum,Lamium,purpureum,,,,exotic,unlisted,,48.898238890000002,-123.408027799999999,,NA,NA,"24677554",obs_exotic,file:///D:/Simon/Sync/Root/GIS/Biodiversity%20Data/obs_exotic.csv?type=csv&maxFields=10000&detectTypes=yes&xField=longitude&yField=latitude&crs=EPSG:4326&spatialIndex=no&subsetIndex=no&watchFile=no
"4967",Lamium purpureum,Lamium,purpureum,,,,exotic,unlisted,,48.897836110000000,-123.408211100000003,,NA,NA,"24701350",obs_exotic,file:///D:/Simon/Sync/Root/GIS/Biodiversity%20Data/obs_exotic.csv?type=csv&maxFields=10000&detectTypes=yes&xField=longitude&yField=latitude&crs=EPSG:4326&spatialIndex=no&subsetIndex=no&watchFile=no
"4968",Lamium purpureum,Lamium,purpureum,,,,exotic,unlisted,,48.871813889999999,-123.311027800000005,,NA,NA,"24701396",obs_exotic,file:///D:/Simon/Sync/Root/GIS/Biodiversity%20Data/obs_exotic.csv?type=csv&maxFields=10000&detectTypes=yes&xField=longitude&yField=latitude&crs=EPSG:4326&spatialIndex=no&subsetIndex=no&watchFile=no
"4969",Lamium purpureum,Lamium,purpureum,,,,exotic,unlisted,,48.898390390000003,-123.407990499999997,,NA,NA,"24711733",obs_exotic,file:///D:/Simon/Sync/Root/GIS/Biodiversity%20Data/obs_exotic.csv?type=csv&maxFields=10000&detectTypes=yes&xField=longitude&yField=latitude&crs=EPSG:4326&spatialIndex=no&subsetIndex=no&watchFile=no
"4970",Lamium purpureum,Lamium,purpureum,,,,exotic,unlisted,,48.872252779999997,-123.312788900000001,,NA,NA,"24824176",obs_exotic,file:///D:/Simon/Sync/Root/GIS/Biodiversity%20Data/obs_exotic.csv?type=csv&maxFields=10000&detectTypes=yes&xField=longitude&yField=latitude&crs=EPSG:4326&spatialIndex=no&subsetIndex=no&watchFile=no
"4971",Lamium purpureum,Lamium,purpureum,,,,exotic,unlisted,,48.872494629999998,-123.312605599999998,,NA,NA,"25199170",obs_exotic,file:///D:/Simon/Sync/Root/GIS/Biodiversity%20Data/obs_exotic.csv?type=csv&maxFields=10000&detectTypes=yes&xField=longitude&yField=latitude&crs=EPSG:4326&spatialIndex=no&subsetIndex=no&watchFile=no
"4972",Lamium purpureum,Lamium,purpureum,,,,exotic,unlisted,,48.873044899999996,-123.313220999999999,,NA,NA,"25199400",obs_exotic,file:///D:/Simon/Sync/Root/GIS/Biodiversity%20Data/obs_exotic.csv?type=csv&maxFields=10000&detectTypes=yes&xField=longitude&yField=latitude&crs=EPSG:4326&spatialIndex=no&subsetIndex=no&watchFile=no
"4973",Lamium purpureum,Lamium,purpureum,,,,exotic,unlisted,,48.872502630000000,-123.312691000000001,,NA,NA,"25199458",obs_exotic,file:///D:/Simon/Sync/Root/GIS/Biodiversity%20Data/obs_exotic.csv?type=csv&maxFields=10000&detectTypes=yes&xField=longitude&yField=latitude&crs=EPSG:4326&spatialIndex=no&subsetIndex=no&watchFile=no
"4974",Lamium purpureum,Lamium,purpureum,,,,exotic,unlisted,,48.898211060000001,-123.408100599999997,,NA,NA,"25477865",obs_exotic,file:///D:/Simon/Sync/Root/GIS/Biodiversity%20Data/obs_exotic.csv?type=csv&maxFields=10000&detectTypes=yes&xField=longitude&yField=latitude&crs=EPSG:4326&spatialIndex=no&subsetIndex=no&watchFile=no
"4975",Lamium purpureum,Lamium,purpureum,,,,exotic,unlisted,,48.898316670000000,-123.408088899999996,,NA,NA,"25656474",obs_exotic,file:///D:/Simon/Sync/Root/GIS/Biodiversity%20Data/obs_exotic.csv?type=csv&maxFields=10000&detectTypes=yes&xField=longitude&yField=latitude&crs=EPSG:4326&spatialIndex=no&subsetIndex=no&watchFile=no
"4976",Lamium purpureum,Lamium,purpureum,,,,exotic,unlisted,,48.897961670000001,-123.408346699999996,,NA,NA,"32120964",obs_exotic,file:///D:/Simon/Sync/Root/GIS/Biodiversity%20Data/obs_exotic.csv?type=csv&maxFields=10000&detectTypes=yes&xField=longitude&yField=latitude&crs=EPSG:4326&spatialIndex=no&subsetIndex=no&watchFile=no
"4977",Lamium purpureum,Lamium,purpureum,,,,exotic,unlisted,,48.872169999999997,-123.312696700000004,,NA,NA,"32120981",obs_exotic,file:///D:/Simon/Sync/Root/GIS/Biodiversity%20Data/obs_exotic.csv?type=csv&maxFields=10000&detectTypes=yes&xField=longitude&yField=latitude&crs=EPSG:4326&spatialIndex=no&subsetIndex=no&watchFile=no
"4978",Lamium purpureum,Lamium,purpureum,,,,exotic,unlisted,,48.898081359999999,-123.408294400000003,,NA,NA,"39195653",obs_exotic,file:///D:/Simon/Sync/Root/GIS/Biodiversity%20Data/obs_exotic.csv?type=csv&maxFields=10000&detectTypes=yes&xField=longitude&yField=latitude&crs=EPSG:4326&spatialIndex=no&subsetIndex=no&watchFile=no
"4979",Lamium purpureum,Lamium,purpureum,,,,exotic,unlisted,,48.884849070000001,-123.321936899999997,,NA,NA,"40412982",obs_exotic,file:///D:/Simon/Sync/Root/GIS/Biodiversity%20Data/obs_exotic.csv?type=csv&maxFields=10000&detectTypes=yes&xField=longitude&yField=latitude&crs=EPSG:4326&spatialIndex=no&subsetIndex=no&watchFile=no
"4980",Lamium purpureum,Lamium,purpureum,,,,exotic,unlisted,,48.897430679999999,-123.340203599999995,,NA,NA,"41404641",obs_exotic,file:///D:/Simon/Sync/Root/GIS/Biodiversity%20Data/obs_exotic.csv?type=csv&maxFields=10000&detectTypes=yes&xField=longitude&yField=latitude&crs=EPSG:4326&spatialIndex=no&subsetIndex=no&watchFile=no
"4981",Lamium purpureum,Lamium,purpureum,,,,exotic,unlisted,,48.866305359999998,-123.340314800000002,,NA,NA,"43253033",obs_exotic,file:///D:/Simon/Sync/Root/GIS/Biodiversity%20Data/obs_exotic.csv?type=csv&maxFields=10000&detectTypes=yes&xField=longitude&yField=latitude&crs=EPSG:4326&spatialIndex=no&subsetIndex=no&watchFile=no
"4982",Lamium purpureum,Lamium,purpureum,,,,exotic,unlisted,,48.865793810000000,-123.349925200000001,,NA,NA,"43555548",obs_exotic,file:///D:/Simon/Sync/Root/GIS/Biodiversity%20Data/obs_exotic.csv?type=csv&maxFields=10000&detectTypes=yes&xField=longitude&yField=latitude&crs=EPSG:4326&spatialIndex=no&subsetIndex=no&watchFile=no
"4983",Lamium purpureum,Lamium,purpureum,,,,exotic,unlisted,,48.866030559999999,-123.350555600000007,,NA,NA,"48304577",obs_exotic,file:///D:/Simon/Sync/Root/GIS/Biodiversity%20Data/obs_exotic.csv?type=csv&maxFields=10000&detectTypes=yes&xField=longitude&yField=latitude&crs=EPSG:4326&spatialIndex=no&subsetIndex=no&watchFile=no
"4984",Lamium purpureum,Lamium,purpureum,,,,exotic,unlisted,,48.871783440000002,-123.311246900000000,,NA,NA,"72314917",obs_exotic,file:///D:/Simon/Sync/Root/GIS/Biodiversity%20Data/obs_exotic.csv?type=csv&maxFields=10000&detectTypes=yes&xField=longitude&yField=latitude&crs=EPSG:4326&spatialIndex=no&subsetIndex=no&watchFile=no
"4985",Lamium purpureum,Lamium,purpureum,,,,exotic,unlisted,,48.938703330000003,-123.500396699999996,,NA,NA,"72321414",obs_exotic,file:///D:/Simon/Sync/Root/GIS/Biodiversity%20Data/obs_exotic.csv?type=csv&maxFields=10000&detectTypes=yes&xField=longitude&yField=latitude&crs=EPSG:4326&spatialIndex=no&subsetIndex=no&watchFile=no
"4986",Lamium purpureum,Lamium,purpureum,,,,exotic,unlisted,,48.949688330000001,-123.510941700000004,,NA,NA,"73065989",obs_exotic,file:///D:/Simon/Sync/Root/GIS/Biodiversity%20Data/obs_exotic.csv?type=csv&maxFields=10000&detectTypes=yes&xField=longitude&yField=latitude&crs=EPSG:4326&spatialIndex=no&subsetIndex=no&watchFile=no
"4987",Lamium purpureum,Lamium,purpureum,,,,exotic,unlisted,,48.929603329999999,-123.468033300000002,,NA,NA,"75549383",obs_exotic,file:///D:/Simon/Sync/Root/GIS/Biodiversity%20Data/obs_exotic.csv?type=csv&maxFields=10000&detectTypes=yes&xField=longitude&yField=latitude&crs=EPSG:4326&spatialIndex=no&subsetIndex=no&watchFile=no
"4988",Lamium purpureum,Lamium,purpureum,,,,exotic,unlisted,,48.944080560000003,-123.517086100000000,,NA,NA,"107193915",obs_exotic,file:///D:/Simon/Sync/Root/GIS/Biodiversity%20Data/obs_exotic.csv?type=csv&maxFields=10000&detectTypes=yes&xField=longitude&yField=latitude&crs=EPSG:4326&spatialIndex=no&subsetIndex=no&watchFile=no
"4989",Lamium purpureum,Lamium,purpureum,,,,exotic,unlisted,,48.871805999999999,-123.311127999999997,,NA,NA,"109401384",obs_exotic,file:///D:/Simon/Sync/Root/GIS/Biodiversity%20Data/obs_exotic.csv?type=csv&maxFields=10000&detectTypes=yes&xField=longitude&yField=latitude&crs=EPSG:4326&spatialIndex=no&subsetIndex=no&watchFile=no
"4990",Lamium purpureum,Lamium,purpureum,,,,exotic,unlisted,,48.871998329999997,-123.310910000000007,,NA,NA,"109707330",obs_exotic,file:///D:/Simon/Sync/Root/GIS/Biodiversity%20Data/obs_exotic.csv?type=csv&maxFields=10000&detectTypes=yes&xField=longitude&yField=latitude&crs=EPSG:4326&spatialIndex=no&subsetIndex=no&watchFile=no
"4991",Lamium purpureum,Lamium,purpureum,,,,exotic,unlisted,,48.871513329999999,-123.311088299999994,,NA,NA,"109723728",obs_exotic,file:///D:/Simon/Sync/Root/GIS/Biodiversity%20Data/obs_exotic.csv?type=csv&maxFields=10000&detectTypes=yes&xField=longitude&yField=latitude&crs=EPSG:4326&spatialIndex=no&subsetIndex=no&watchFile=no
"4992",Lamium purpureum,Lamium,purpureum,,,,exotic,unlisted,,48.871563330000001,-123.311401700000005,,NA,NA,"110820850",obs_exotic,file:///D:/Simon/Sync/Root/GIS/Biodiversity%20Data/obs_exotic.csv?type=csv&maxFields=10000&detectTypes=yes&xField=longitude&yField=latitude&crs=EPSG:4326&spatialIndex=no&subsetIndex=no&watchFile=no
"4993",Lapsana communis,Lapsana,communis,,,,exotic,unlisted,,48.915945000000001,-123.425366999999994,,NA,NA,"3215742",obs_exotic,file:///D:/Simon/Sync/Root/GIS/Biodiversity%20Data/obs_exotic.csv?type=csv&maxFields=10000&detectTypes=yes&xField=longitude&yField=latitude&crs=EPSG:4326&spatialIndex=no&subsetIndex=no&watchFile=no
"4994",Lapsana communis,Lapsana,communis,,,,exotic,unlisted,,48.948469000000003,-123.503151000000003,,NA,NA,"3403010",obs_exotic,file:///D:/Simon/Sync/Root/GIS/Biodiversity%20Data/obs_exotic.csv?type=csv&maxFields=10000&detectTypes=yes&xField=longitude&yField=latitude&crs=EPSG:4326&spatialIndex=no&subsetIndex=no&watchFile=no
"4995",Lapsana communis,Lapsana,communis,,,,exotic,unlisted,,48.892758000000001,-123.390733999999995,,NA,NA,"3493553",obs_exotic,file:///D:/Simon/Sync/Root/GIS/Biodiversity%20Data/obs_exotic.csv?type=csv&maxFields=10000&detectTypes=yes&xField=longitude&yField=latitude&crs=EPSG:4326&spatialIndex=no&subsetIndex=no&watchFile=no
"4996",Lapsana communis,Lapsana,communis,,,,exotic,unlisted,,48.951200000000000,-123.516368999999997,,NA,NA,"3553507",obs_exotic,file:///D:/Simon/Sync/Root/GIS/Biodiversity%20Data/obs_exotic.csv?type=csv&maxFields=10000&detectTypes=yes&xField=longitude&yField=latitude&crs=EPSG:4326&spatialIndex=no&subsetIndex=no&watchFile=no
"4997",Lapsana communis,Lapsana,communis,,,,exotic,unlisted,,48.942272799999998,-123.485813100000001,,NA,NA,"3650084",obs_exotic,file:///D:/Simon/Sync/Root/GIS/Biodiversity%20Data/obs_exotic.csv?type=csv&maxFields=10000&detectTypes=yes&xField=longitude&yField=latitude&crs=EPSG:4326&spatialIndex=no&subsetIndex=no&watchFile=no
"4998",Lapsana communis,Lapsana,communis,,,,exotic,unlisted,,48.948460300000001,-123.501826800000003,,NA,NA,"13198901",obs_exotic,file:///D:/Simon/Sync/Root/GIS/Biodiversity%20Data/obs_exotic.csv?type=csv&maxFields=10000&detectTypes=yes&xField=longitude&yField=latitude&crs=EPSG:4326&spatialIndex=no&subsetIndex=no&watchFile=no
"4999",Lapsana communis,Lapsana,communis,,,,exotic,unlisted,,48.948461459999997,-123.502357900000007,,NA,NA,"15604521",obs_exotic,file:///D:/Simon/Sync/Root/GIS/Biodiversity%20Data/obs_exotic.csv?type=csv&maxFields=10000&detectTypes=yes&xField=longitude&yField=latitude&crs=EPSG:4326&spatialIndex=no&subsetIndex=no&watchFile=no
"5000",Lapsana communis,Lapsana,communis,,,,exotic,unlisted,,48.868642530000002,-123.348271800000006,,NA,NA,"35113771",obs_exotic,file:///D:/Simon/Sync/Root/GIS/Biodiversity%20Data/obs_exotic.csv?type=csv&maxFields=10000&detectTypes=yes&xField=longitude&yField=latitude&crs=EPSG:4326&spatialIndex=no&subsetIndex=no&watchFile=no
"5001",Lapsana communis,Lapsana,communis,,,,exotic,unlisted,,48.929995130000002,-123.467139700000004,,NA,NA,"52601128",obs_exotic,file:///D:/Simon/Sync/Root/GIS/Biodiversity%20Data/obs_exotic.csv?type=csv&maxFields=10000&detectTypes=yes&xField=longitude&yField=latitude&crs=EPSG:4326&spatialIndex=no&subsetIndex=no&watchFile=no
"5002",Lapsana communis,Lapsana,communis,,,,exotic,unlisted,,49.011676670000000,-123.574036699999994,,NA,NA,"124067889",obs_exotic,file:///D:/Simon/Sync/Root/GIS/Biodiversity%20Data/obs_exotic.csv?type=csv&maxFields=10000&detectTypes=yes&xField=longitude&yField=latitude&crs=EPSG:4326&spatialIndex=no&subsetIndex=no&watchFile=no
"5010",Lathyrus latifolius,Lathyrus,latifolius,,,,exotic,unlisted,,48.990780999999998,-123.579036000000002,,NA,NA,"3636647",obs_exotic,file:///D:/Simon/Sync/Root/GIS/Biodiversity%20Data/obs_exotic.csv?type=csv&maxFields=10000&detectTypes=yes&xField=longitude&yField=latitude&crs=EPSG:4326&spatialIndex=no&subsetIndex=no&watchFile=no
"5011",Lathyrus latifolius,Lathyrus,latifolius,,,,exotic,unlisted,,48.990780999999998,-123.579036000000002,,NA,NA,"3636681",obs_exotic,file:///D:/Simon/Sync/Root/GIS/Biodiversity%20Data/obs_exotic.csv?type=csv&maxFields=10000&detectTypes=yes&xField=longitude&yField=latitude&crs=EPSG:4326&spatialIndex=no&subsetIndex=no&watchFile=no
"5012",Lathyrus latifolius,Lathyrus,latifolius,,,,exotic,unlisted,,48.992375310000000,-123.575098499999996,,NA,NA,"4005330",obs_exotic,file:///D:/Simon/Sync/Root/GIS/Biodiversity%20Data/obs_exotic.csv?type=csv&maxFields=10000&detectTypes=yes&xField=longitude&yField=latitude&crs=EPSG:4326&spatialIndex=no&subsetIndex=no&watchFile=no
"5013",Lathyrus latifolius,Lathyrus,latifolius,,,,exotic,unlisted,,48.909193320000000,-123.384943000000007,,NA,NA,"13933134",obs_exotic,file:///D:/Simon/Sync/Root/GIS/Biodiversity%20Data/obs_exotic.csv?type=csv&maxFields=10000&detectTypes=yes&xField=longitude&yField=latitude&crs=EPSG:4326&spatialIndex=no&subsetIndex=no&watchFile=no
"5014",Lathyrus latifolius,Lathyrus,latifolius,,,,exotic,unlisted,,48.929732700000002,-123.474606300000005,,NA,NA,"84809949",obs_exotic,file:///D:/Simon/Sync/Root/GIS/Biodiversity%20Data/obs_exotic.csv?type=csv&maxFields=10000&detectTypes=yes&xField=longitude&yField=latitude&crs=EPSG:4326&spatialIndex=no&subsetIndex=no&watchFile=no
"5015",Lathyrus latifolius,Lathyrus,latifolius,,,,exotic,unlisted,,48.989278329999998,-123.577086699999995,,NA,NA,"90751462",obs_exotic,file:///D:/Simon/Sync/Root/GIS/Biodiversity%20Data/obs_exotic.csv?type=csv&maxFields=10000&detectTypes=yes&xField=longitude&yField=latitude&crs=EPSG:4326&spatialIndex=no&subsetIndex=no&watchFile=no
"5016",Lathyrus latifolius,Lathyrus,latifolius,,,,exotic,unlisted,,48.991201490000002,-123.580174299999996,,NA,NA,"125702576",obs_exotic,file:///D:/Simon/Sync/Root/GIS/Biodiversity%20Data/obs_exotic.csv?type=csv&maxFields=10000&detectTypes=yes&xField=longitude&yField=latitude&crs=EPSG:4326&spatialIndex=no&subsetIndex=no&watchFile=no
"5017",Lathyrus latifolius,Lathyrus,latifolius,,,,exotic,unlisted,,48.881345580000001,-123.323588599999994,,NA,NA,"127184032",obs_exotic,file:///D:/Simon/Sync/Root/GIS/Biodiversity%20Data/obs_exotic.csv?type=csv&maxFields=10000&detectTypes=yes&xField=longitude&yField=latitude&crs=EPSG:4326&spatialIndex=no&subsetIndex=no&watchFile=no
"5018",Lathyrus latifolius,Lathyrus,latifolius,,,,exotic,unlisted,,48.991111670000002,-123.579674999999995,,NA,NA,"129717923",obs_exotic,file:///D:/Simon/Sync/Root/GIS/Biodiversity%20Data/obs_exotic.csv?type=csv&maxFields=10000&detectTypes=yes&xField=longitude&yField=latitude&crs=EPSG:4326&spatialIndex=no&subsetIndex=no&watchFile=no
"5024",Lepidium campestre,Lepidium,campestre,,,,exotic,unlisted,,48.867718000000004,-123.340086999999997,,NA,NA,"3041376",obs_exotic,file:///D:/Simon/Sync/Root/GIS/Biodiversity%20Data/obs_exotic.csv?type=csv&maxFields=10000&detectTypes=yes&xField=longitude&yField=latitude&crs=EPSG:4326&spatialIndex=no&subsetIndex=no&watchFile=no
"5025",Lepidium campestre,Lepidium,campestre,,,,exotic,unlisted,,48.869700000000002,-123.320300000000003,,NA,NA,"12184499",obs_exotic,file:///D:/Simon/Sync/Root/GIS/Biodiversity%20Data/obs_exotic.csv?type=csv&maxFields=10000&detectTypes=yes&xField=longitude&yField=latitude&crs=EPSG:4326&spatialIndex=no&subsetIndex=no&watchFile=no
"5026",Lepidium campestre,Lepidium,campestre,,,,exotic,unlisted,,48.899351000000003,-123.361982999999995,,NA,NA,"13133027",obs_exotic,file:///D:/Simon/Sync/Root/GIS/Biodiversity%20Data/obs_exotic.csv?type=csv&maxFields=10000&detectTypes=yes&xField=longitude&yField=latitude&crs=EPSG:4326&spatialIndex=no&subsetIndex=no&watchFile=no
"5027",Lepidium campestre,Lepidium,campestre,,,,exotic,unlisted,,48.998508119999997,-123.588163600000001,,NA,NA,"120725289",obs_exotic,file:///D:/Simon/Sync/Root/GIS/Biodiversity%20Data/obs_exotic.csv?type=csv&maxFields=10000&detectTypes=yes&xField=longitude&yField=latitude&crs=EPSG:4326&spatialIndex=no&subsetIndex=no&watchFile=no
"5028",Lepidium campestre,Lepidium,campestre,,,,exotic,unlisted,,48.870678329999997,-123.318520000000007,,NA,NA,"130439593",obs_exotic,file:///D:/Simon/Sync/Root/GIS/Biodiversity%20Data/obs_exotic.csv?type=csv&maxFields=10000&detectTypes=yes&xField=longitude&yField=latitude&crs=EPSG:4326&spatialIndex=no&subsetIndex=no&watchFile=no
"5029",Lepidium heterophyllum,Lepidium,heterophyllum,,,,exotic,unlisted,,48.873330000000003,-123.324365999999998,,NA,NA,"3116784",obs_exotic,file:///D:/Simon/Sync/Root/GIS/Biodiversity%20Data/obs_exotic.csv?type=csv&maxFields=10000&detectTypes=yes&xField=longitude&yField=latitude&crs=EPSG:4326&spatialIndex=no&subsetIndex=no&watchFile=no
"5030",Lepidium heterophyllum,Lepidium,heterophyllum,,,,exotic,unlisted,,48.929010380000001,-123.468196199999994,,NA,NA,"45037113",obs_exotic,file:///D:/Simon/Sync/Root/GIS/Biodiversity%20Data/obs_exotic.csv?type=csv&maxFields=10000&detectTypes=yes&xField=longitude&yField=latitude&crs=EPSG:4326&spatialIndex=no&subsetIndex=no&watchFile=no
"5031",Lepidium heterophyllum,Lepidium,heterophyllum,,,,exotic,unlisted,,48.871078369999999,-123.320926600000007,,NA,NA,"45205059",obs_exotic,file:///D:/Simon/Sync/Root/GIS/Biodiversity%20Data/obs_exotic.csv?type=csv&maxFields=10000&detectTypes=yes&xField=longitude&yField=latitude&crs=EPSG:4326&spatialIndex=no&subsetIndex=no&watchFile=no
"5032",Lepidium heterophyllum,Lepidium,heterophyllum,,,,exotic,unlisted,,48.876858329999997,-123.323111699999998,,NA,NA,"45829018",obs_exotic,file:///D:/Simon/Sync/Root/GIS/Biodiversity%20Data/obs_exotic.csv?type=csv&maxFields=10000&detectTypes=yes&xField=longitude&yField=latitude&crs=EPSG:4326&spatialIndex=no&subsetIndex=no&watchFile=no
"5035",Leucanthemum vulgare,Leucanthemum,vulgare,,,,exotic,unlisted,,48.928702999999999,-123.468131999999997,,NA,NA,"2563927",obs_exotic,file:///D:/Simon/Sync/Root/GIS/Biodiversity%20Data/obs_exotic.csv?type=csv&maxFields=10000&detectTypes=yes&xField=longitude&yField=latitude&crs=EPSG:4326&spatialIndex=no&subsetIndex=no&watchFile=no
"5036",Leucanthemum vulgare,Leucanthemum,vulgare,,,,exotic,unlisted,,48.931550000000001,-123.478003000000001,,NA,NA,"2564079",obs_exotic,file:///D:/Simon/Sync/Root/GIS/Biodiversity%20Data/obs_exotic.csv?type=csv&maxFields=10000&detectTypes=yes&xField=longitude&yField=latitude&crs=EPSG:4326&spatialIndex=no&subsetIndex=no&watchFile=no
"5037",Leucanthemum vulgare,Leucanthemum,vulgare,,,,exotic,unlisted,,48.931300000000000,-123.477491000000001,,NA,NA,"2632620",obs_exotic,file:///D:/Simon/Sync/Root/GIS/Biodiversity%20Data/obs_exotic.csv?type=csv&maxFields=10000&detectTypes=yes&xField=longitude&yField=latitude&crs=EPSG:4326&spatialIndex=no&subsetIndex=no&watchFile=no
"5038",Leucanthemum vulgare,Leucanthemum,vulgare,,,,exotic,unlisted,,48.929209999999998,-123.468131999999997,,NA,NA,"2632633",obs_exotic,file:///D:/Simon/Sync/Root/GIS/Biodiversity%20Data/obs_exotic.csv?type=csv&maxFields=10000&detectTypes=yes&xField=longitude&yField=latitude&crs=EPSG:4326&spatialIndex=no&subsetIndex=no&watchFile=no
"5039",Leucanthemum vulgare,Leucanthemum,vulgare,,,,exotic,unlisted,,48.916442000000004,-123.425903000000005,,NA,NA,"3190472",obs_exotic,file:///D:/Simon/Sync/Root/GIS/Biodiversity%20Data/obs_exotic.csv?type=csv&maxFields=10000&detectTypes=yes&xField=longitude&yField=latitude&crs=EPSG:4326&spatialIndex=no&subsetIndex=no&watchFile=no
"5040",Leucanthemum vulgare,Leucanthemum,vulgare,,,,exotic,unlisted,,48.963456000000001,-123.550143000000006,,NA,NA,"3517718",obs_exotic,file:///D:/Simon/Sync/Root/GIS/Biodiversity%20Data/obs_exotic.csv?type=csv&maxFields=10000&detectTypes=yes&xField=longitude&yField=latitude&crs=EPSG:4326&spatialIndex=no&subsetIndex=no&watchFile=no
"5041",Leucanthemum vulgare,Leucanthemum,vulgare,,,,exotic,unlisted,,48.929977000000001,-123.473797000000005,,NA,NA,"3735277",obs_exotic,file:///D:/Simon/Sync/Root/GIS/Biodiversity%20Data/obs_exotic.csv?type=csv&maxFields=10000&detectTypes=yes&xField=longitude&yField=latitude&crs=EPSG:4326&spatialIndex=no&subsetIndex=no&watchFile=no
"5042",Leucanthemum vulgare,Leucanthemum,vulgare,,,,exotic,unlisted,,48.900019780000001,-123.361401599999994,,NA,NA,"5646999",obs_exotic,file:///D:/Simon/Sync/Root/GIS/Biodiversity%20Data/obs_exotic.csv?type=csv&maxFields=10000&detectTypes=yes&xField=longitude&yField=latitude&crs=EPSG:4326&spatialIndex=no&subsetIndex=no&watchFile=no
"5043",Leucanthemum vulgare,Leucanthemum,vulgare,,,,exotic,unlisted,,48.906225919999997,-123.360671999999994,,NA,NA,"5885600",obs_exotic,file:///D:/Simon/Sync/Root/GIS/Biodiversity%20Data/obs_exotic.csv?type=csv&maxFields=10000&detectTypes=yes&xField=longitude&yField=latitude&crs=EPSG:4326&spatialIndex=no&subsetIndex=no&watchFile=no
"5044",Leucanthemum vulgare,Leucanthemum,vulgare,,,,exotic,unlisted,,48.906282330000003,-123.358955399999999,,NA,NA,"5885681",obs_exotic,file:///D:/Simon/Sync/Root/GIS/Biodiversity%20Data/obs_exotic.csv?type=csv&maxFields=10000&detectTypes=yes&xField=longitude&yField=latitude&crs=EPSG:4326&spatialIndex=no&subsetIndex=no&watchFile=no
"5045",Leucanthemum vulgare,Leucanthemum,vulgare,,,,exotic,unlisted,,48.901881699999997,-123.364008699999999,,NA,NA,"5935155",obs_exotic,file:///D:/Simon/Sync/Root/GIS/Biodiversity%20Data/obs_exotic.csv?type=csv&maxFields=10000&detectTypes=yes&xField=longitude&yField=latitude&crs=EPSG:4326&spatialIndex=no&subsetIndex=no&watchFile=no
"5046",Leucanthemum vulgare,Leucanthemum,vulgare,,,,exotic,unlisted,,48.896253399999999,-123.359395300000003,,NA,NA,"5993211",obs_exotic,file:///D:/Simon/Sync/Root/GIS/Biodiversity%20Data/obs_exotic.csv?type=csv&maxFields=10000&detectTypes=yes&xField=longitude&yField=latitude&crs=EPSG:4326&spatialIndex=no&subsetIndex=no&watchFile=no
"5047",Leucanthemum vulgare,Leucanthemum,vulgare,,,,exotic,unlisted,,48.874693999999998,-123.380369999999999,,NA,NA,"6818227",obs_exotic,file:///D:/Simon/Sync/Root/GIS/Biodiversity%20Data/obs_exotic.csv?type=csv&maxFields=10000&detectTypes=yes&xField=longitude&yField=latitude&crs=EPSG:4326&spatialIndex=no&subsetIndex=no&watchFile=no
"5048",Leucanthemum vulgare,Leucanthemum,vulgare,,,,exotic,unlisted,,48.874693999999998,-123.380369999999999,,NA,NA,"6818302",obs_exotic,file:///D:/Simon/Sync/Root/GIS/Biodiversity%20Data/obs_exotic.csv?type=csv&maxFields=10000&detectTypes=yes&xField=longitude&yField=latitude&crs=EPSG:4326&spatialIndex=no&subsetIndex=no&watchFile=no
"5049",Leucanthemum vulgare,Leucanthemum,vulgare,,,,exotic,unlisted,,48.898712000000003,-123.358721000000003,,NA,NA,"12344600",obs_exotic,file:///D:/Simon/Sync/Root/GIS/Biodiversity%20Data/obs_exotic.csv?type=csv&maxFields=10000&detectTypes=yes&xField=longitude&yField=latitude&crs=EPSG:4326&spatialIndex=no&subsetIndex=no&watchFile=no
"5050",Leucanthemum vulgare,Leucanthemum,vulgare,,,,exotic,unlisted,,48.948460300000001,-123.501826800000003,,NA,NA,"13198903",obs_exotic,file:///D:/Simon/Sync/Root/GIS/Biodiversity%20Data/obs_exotic.csv?type=csv&maxFields=10000&detectTypes=yes&xField=longitude&yField=latitude&crs=EPSG:4326&spatialIndex=no&subsetIndex=no&watchFile=no
"5051",Leucanthemum vulgare,Leucanthemum,vulgare,,,,exotic,unlisted,,48.906697649999998,-123.389934299999993,,NA,NA,"13930777",obs_exotic,file:///D:/Simon/Sync/Root/GIS/Biodiversity%20Data/obs_exotic.csv?type=csv&maxFields=10000&detectTypes=yes&xField=longitude&yField=latitude&crs=EPSG:4326&spatialIndex=no&subsetIndex=no&watchFile=no
"5052",Leucanthemum vulgare,Leucanthemum,vulgare,,,,exotic,unlisted,,48.872518599999999,-123.370554100000007,,NA,NA,"17693203",obs_exotic,file:///D:/Simon/Sync/Root/GIS/Biodiversity%20Data/obs_exotic.csv?type=csv&maxFields=10000&detectTypes=yes&xField=longitude&yField=latitude&crs=EPSG:4326&spatialIndex=no&subsetIndex=no&watchFile=no
"5053",Leucanthemum vulgare,Leucanthemum,vulgare,,,,exotic,unlisted,,48.963036109999997,-123.517144400000006,,NA,NA,"24665232",obs_exotic,file:///D:/Simon/Sync/Root/GIS/Biodiversity%20Data/obs_exotic.csv?type=csv&maxFields=10000&detectTypes=yes&xField=longitude&yField=latitude&crs=EPSG:4326&spatialIndex=no&subsetIndex=no&watchFile=no
"5054",Leucanthemum vulgare,Leucanthemum,vulgare,,,,exotic,unlisted,,48.963438889999999,-123.519630599999999,,NA,NA,"24694131",obs_exotic,file:///D:/Simon/Sync/Root/GIS/Biodiversity%20Data/obs_exotic.csv?type=csv&maxFields=10000&detectTypes=yes&xField=longitude&yField=latitude&crs=EPSG:4326&spatialIndex=no&subsetIndex=no&watchFile=no
"5055",Leucanthemum vulgare,Leucanthemum,vulgare,,,,exotic,unlisted,,48.961986109999998,-123.518577800000003,,NA,NA,"24694156",obs_exotic,file:///D:/Simon/Sync/Root/GIS/Biodiversity%20Data/obs_exotic.csv?type=csv&maxFields=10000&detectTypes=yes&xField=longitude&yField=latitude&crs=EPSG:4326&spatialIndex=no&subsetIndex=no&watchFile=no
"5056",Leucanthemum vulgare,Leucanthemum,vulgare,,,,exotic,unlisted,,48.866211110000002,-123.331902799999995,,NA,NA,"24702379",obs_exotic,file:///D:/Simon/Sync/Root/GIS/Biodiversity%20Data/obs_exotic.csv?type=csv&maxFields=10000&detectTypes=yes&xField=longitude&yField=latitude&crs=EPSG:4326&spatialIndex=no&subsetIndex=no&watchFile=no
"5057",Leucanthemum vulgare,Leucanthemum,vulgare,,,,exotic,unlisted,,48.963086670000003,-123.517075000000006,,NA,NA,"24709766",obs_exotic,file:///D:/Simon/Sync/Root/GIS/Biodiversity%20Data/obs_exotic.csv?type=csv&maxFields=10000&detectTypes=yes&xField=longitude&yField=latitude&crs=EPSG:4326&spatialIndex=no&subsetIndex=no&watchFile=no
"5058",Leucanthemum vulgare,Leucanthemum,vulgare,,,,exotic,unlisted,,48.962733280000002,-123.519384500000001,,NA,NA,"24710382",obs_exotic,file:///D:/Simon/Sync/Root/GIS/Biodiversity%20Data/obs_exotic.csv?type=csv&maxFields=10000&detectTypes=yes&xField=longitude&yField=latitude&crs=EPSG:4326&spatialIndex=no&subsetIndex=no&watchFile=no
"5059",Leucanthemum vulgare,Leucanthemum,vulgare,,,,exotic,unlisted,,48.962127049999999,-123.518373800000006,,NA,NA,"24919588",obs_exotic,file:///D:/Simon/Sync/Root/GIS/Biodiversity%20Data/obs_exotic.csv?type=csv&maxFields=10000&detectTypes=yes&xField=longitude&yField=latitude&crs=EPSG:4326&spatialIndex=no&subsetIndex=no&watchFile=no
"5060",Leucanthemum vulgare,Leucanthemum,vulgare,,,,exotic,unlisted,,48.962975720000003,-123.516933600000002,,NA,NA,"24919972",obs_exotic,file:///D:/Simon/Sync/Root/GIS/Biodiversity%20Data/obs_exotic.csv?type=csv&maxFields=10000&detectTypes=yes&xField=longitude&yField=latitude&crs=EPSG:4326&spatialIndex=no&subsetIndex=no&watchFile=no
"5061",Leucanthemum vulgare,Leucanthemum,vulgare,,,,exotic,unlisted,,48.962104969999999,-123.518276299999997,,NA,NA,"24939965",obs_exotic,file:///D:/Simon/Sync/Root/GIS/Biodiversity%20Data/obs_exotic.csv?type=csv&maxFields=10000&detectTypes=yes&xField=longitude&yField=latitude&crs=EPSG:4326&spatialIndex=no&subsetIndex=no&watchFile=no
"5062",Leucanthemum vulgare,Leucanthemum,vulgare,,,,exotic,unlisted,,48.962069440000000,-123.518402800000004,,NA,NA,"25595449",obs_exotic,file:///D:/Simon/Sync/Root/GIS/Biodiversity%20Data/obs_exotic.csv?type=csv&maxFields=10000&detectTypes=yes&xField=longitude&yField=latitude&crs=EPSG:4326&spatialIndex=no&subsetIndex=no&watchFile=no
"5063",Leucanthemum vulgare,Leucanthemum,vulgare,,,,exotic,unlisted,,48.962958329999999,-123.517005600000005,,NA,NA,"25595450",obs_exotic,file:///D:/Simon/Sync/Root/GIS/Biodiversity%20Data/obs_exotic.csv?type=csv&maxFields=10000&detectTypes=yes&xField=longitude&yField=latitude&crs=EPSG:4326&spatialIndex=no&subsetIndex=no&watchFile=no
"5064",Leucanthemum vulgare,Leucanthemum,vulgare,,,,exotic,unlisted,,48.963586110000001,-123.519133299999993,,NA,NA,"25655011",obs_exotic,file:///D:/Simon/Sync/Root/GIS/Biodiversity%20Data/obs_exotic.csv?type=csv&maxFields=10000&detectTypes=yes&xField=longitude&yField=latitude&crs=EPSG:4326&spatialIndex=no&subsetIndex=no&watchFile=no
"5065",Leucanthemum vulgare,Leucanthemum,vulgare,,,,exotic,unlisted,,48.866241670000001,-123.331588900000000,,NA,NA,"25658105",obs_exotic,file:///D:/Simon/Sync/Root/GIS/Biodiversity%20Data/obs_exotic.csv?type=csv&maxFields=10000&detectTypes=yes&xField=longitude&yField=latitude&crs=EPSG:4326&spatialIndex=no&subsetIndex=no&watchFile=no
"5066",Leucanthemum vulgare,Leucanthemum,vulgare,,,,exotic,unlisted,,48.876963330000002,-123.401428300000006,,NA,NA,"50505646",obs_exotic,file:///D:/Simon/Sync/Root/GIS/Biodiversity%20Data/obs_exotic.csv?type=csv&maxFields=10000&detectTypes=yes&xField=longitude&yField=latitude&crs=EPSG:4326&spatialIndex=no&subsetIndex=no&watchFile=no
"5067",Leucanthemum vulgare,Leucanthemum,vulgare,,,,exotic,unlisted,,48.929860310000002,-123.467521599999998,,NA,NA,"52906349",obs_exotic,file:///D:/Simon/Sync/Root/GIS/Biodiversity%20Data/obs_exotic.csv?type=csv&maxFields=10000&detectTypes=yes&xField=longitude&yField=latitude&crs=EPSG:4326&spatialIndex=no&subsetIndex=no&watchFile=no
"5068",Leucanthemum vulgare,Leucanthemum,vulgare,,,,exotic,unlisted,,48.929891900000001,-123.467450600000006,,NA,NA,"52922080",obs_exotic,file:///D:/Simon/Sync/Root/GIS/Biodiversity%20Data/obs_exotic.csv?type=csv&maxFields=10000&detectTypes=yes&xField=longitude&yField=latitude&crs=EPSG:4326&spatialIndex=no&subsetIndex=no&watchFile=no
"5069",Leucanthemum vulgare,Leucanthemum,vulgare,,,,exotic,unlisted,,48.928633329999997,-123.468583300000006,,NA,NA,"83970399",obs_exotic,file:///D:/Simon/Sync/Root/GIS/Biodiversity%20Data/obs_exotic.csv?type=csv&maxFields=10000&detectTypes=yes&xField=longitude&yField=latitude&crs=EPSG:4326&spatialIndex=no&subsetIndex=no&watchFile=no
"5070",Leucanthemum vulgare,Leucanthemum,vulgare,,,,exotic,unlisted,,48.928303329999999,-123.467955000000003,,NA,NA,"83970998",obs_exotic,file:///D:/Simon/Sync/Root/GIS/Biodiversity%20Data/obs_exotic.csv?type=csv&maxFields=10000&detectTypes=yes&xField=longitude&yField=latitude&crs=EPSG:4326&spatialIndex=no&subsetIndex=no&watchFile=no
"5071",Leucanthemum vulgare,Leucanthemum,vulgare,,,,exotic,unlisted,,48.928638329999998,-123.468863299999995,,NA,NA,"84000073",obs_exotic,file:///D:/Simon/Sync/Root/GIS/Biodiversity%20Data/obs_exotic.csv?type=csv&maxFields=10000&detectTypes=yes&xField=longitude&yField=latitude&crs=EPSG:4326&spatialIndex=no&subsetIndex=no&watchFile=no
"5072",Leucanthemum vulgare,Leucanthemum,vulgare,,,,exotic,unlisted,,48.927912020000001,-123.467745600000001,,NA,NA,"84059553",obs_exotic,file:///D:/Simon/Sync/Root/GIS/Biodiversity%20Data/obs_exotic.csv?type=csv&maxFields=10000&detectTypes=yes&xField=longitude&yField=latitude&crs=EPSG:4326&spatialIndex=no&subsetIndex=no&watchFile=no
"5073",Leucanthemum vulgare,Leucanthemum,vulgare,,,,exotic,unlisted,,48.929752209999997,-123.468077399999999,,NA,NA,"84095303",obs_exotic,file:///D:/Simon/Sync/Root/GIS/Biodiversity%20Data/obs_exotic.csv?type=csv&maxFields=10000&detectTypes=yes&xField=longitude&yField=latitude&crs=EPSG:4326&spatialIndex=no&subsetIndex=no&watchFile=no
"5074",Leucanthemum vulgare,Leucanthemum,vulgare,,,,exotic,unlisted,,48.927933729999999,-123.467674400000007,,NA,NA,"84145629",obs_exotic,file:///D:/Simon/Sync/Root/GIS/Biodiversity%20Data/obs_exotic.csv?type=csv&maxFields=10000&detectTypes=yes&xField=longitude&yField=latitude&crs=EPSG:4326&spatialIndex=no&subsetIndex=no&watchFile=no
"5075",Leucanthemum vulgare,Leucanthemum,vulgare,,,,exotic,unlisted,,48.927924939999997,-123.468004500000006,,NA,NA,"84499332",obs_exotic,file:///D:/Simon/Sync/Root/GIS/Biodiversity%20Data/obs_exotic.csv?type=csv&maxFields=10000&detectTypes=yes&xField=longitude&yField=latitude&crs=EPSG:4326&spatialIndex=no&subsetIndex=no&watchFile=no
"5076",Leucanthemum vulgare,Leucanthemum,vulgare,,,,exotic,unlisted,,48.928918629999998,-123.468114799999995,,NA,NA,"84641251",obs_exotic,file:///D:/Simon/Sync/Root/GIS/Biodiversity%20Data/obs_exotic.csv?type=csv&maxFields=10000&detectTypes=yes&xField=longitude&yField=latitude&crs=EPSG:4326&spatialIndex=no&subsetIndex=no&watchFile=no
"5077",Leucanthemum vulgare,Leucanthemum,vulgare,,,,exotic,unlisted,,49.002447689999997,-123.565509000000006,,NA,NA,"85685821",obs_exotic,file:///D:/Simon/Sync/Root/GIS/Biodiversity%20Data/obs_exotic.csv?type=csv&maxFields=10000&detectTypes=yes&xField=longitude&yField=latitude&crs=EPSG:4326&spatialIndex=no&subsetIndex=no&watchFile=no
"5078",Leucanthemum vulgare,Leucanthemum,vulgare,,,,exotic,unlisted,,48.994565799999997,-123.561310199999994,,NA,NA,"94679748",obs_exotic,file:///D:/Simon/Sync/Root/GIS/Biodiversity%20Data/obs_exotic.csv?type=csv&maxFields=10000&detectTypes=yes&xField=longitude&yField=latitude&crs=EPSG:4326&spatialIndex=no&subsetIndex=no&watchFile=no
"5079",Leucanthemum vulgare,Leucanthemum,vulgare,,,,exotic,unlisted,,48.994950000000003,-123.557316700000001,,NA,NA,"94679778",obs_exotic,file:///D:/Simon/Sync/Root/GIS/Biodiversity%20Data/obs_exotic.csv?type=csv&maxFields=10000&detectTypes=yes&xField=longitude&yField=latitude&crs=EPSG:4326&spatialIndex=no&subsetIndex=no&watchFile=no
"5080",Leucanthemum vulgare,Leucanthemum,vulgare,,,,exotic,unlisted,,48.973450000000000,-123.543908299999998,,NA,NA,"96324578",obs_exotic,file:///D:/Simon/Sync/Root/GIS/Biodiversity%20Data/obs_exotic.csv?type=csv&maxFields=10000&detectTypes=yes&xField=longitude&yField=latitude&crs=EPSG:4326&spatialIndex=no&subsetIndex=no&watchFile=no
"5081",Leucanthemum vulgare,Leucanthemum,vulgare,,,,exotic,unlisted,,48.990096670000000,-123.551266699999999,,NA,NA,"100641807",obs_exotic,file:///D:/Simon/Sync/Root/GIS/Biodiversity%20Data/obs_exotic.csv?type=csv&maxFields=10000&detectTypes=yes&xField=longitude&yField=latitude&crs=EPSG:4326&spatialIndex=no&subsetIndex=no&watchFile=no
"5082",Leucanthemum vulgare,Leucanthemum,vulgare,,,,exotic,unlisted,,48.878504999999997,-123.320044999999993,,NA,NA,"102694284",obs_exotic,file:///D:/Simon/Sync/Root/GIS/Biodiversity%20Data/obs_exotic.csv?type=csv&maxFields=10000&detectTypes=yes&xField=longitude&yField=latitude&crs=EPSG:4326&spatialIndex=no&subsetIndex=no&watchFile=no
"5083",Leucanthemum vulgare,Leucanthemum,vulgare,,,,exotic,unlisted,,48.990053330000002,-123.566585000000003,,NA,NA,"119680228",obs_exotic,file:///D:/Simon/Sync/Root/GIS/Biodiversity%20Data/obs_exotic.csv?type=csv&maxFields=10000&detectTypes=yes&xField=longitude&yField=latitude&crs=EPSG:4326&spatialIndex=no&subsetIndex=no&watchFile=no
"5084",Leucanthemum vulgare,Leucanthemum,vulgare,,,,exotic,unlisted,,48.904623330000000,-123.367978300000004,,NA,NA,"120891309",obs_exotic,file:///D:/Simon/Sync/Root/GIS/Biodiversity%20Data/obs_exotic.csv?type=csv&maxFields=10000&detectTypes=yes&xField=longitude&yField=latitude&crs=EPSG:4326&spatialIndex=no&subsetIndex=no&watchFile=no
"5085",Leucanthemum vulgare,Leucanthemum,vulgare,,,,exotic,unlisted,,48.928433329999997,-123.468321700000004,,NA,NA,"121499153",obs_exotic,file:///D:/Simon/Sync/Root/GIS/Biodiversity%20Data/obs_exotic.csv?type=csv&maxFields=10000&detectTypes=yes&xField=longitude&yField=latitude&crs=EPSG:4326&spatialIndex=no&subsetIndex=no&watchFile=no
"5086",Leucanthemum vulgare,Leucanthemum,vulgare,,,,exotic,unlisted,,49.012241449999998,-123.573845199999994,,NA,NA,"123934549",obs_exotic,file:///D:/Simon/Sync/Root/GIS/Biodiversity%20Data/obs_exotic.csv?type=csv&maxFields=10000&detectTypes=yes&xField=longitude&yField=latitude&crs=EPSG:4326&spatialIndex=no&subsetIndex=no&watchFile=no
"5087",Leucanthemum vulgare,Leucanthemum,vulgare,,,,exotic,unlisted,,49.012071669999997,-123.573935000000006,,NA,NA,"123934640",obs_exotic,file:///D:/Simon/Sync/Root/GIS/Biodiversity%20Data/obs_exotic.csv?type=csv&maxFields=10000&detectTypes=yes&xField=longitude&yField=latitude&crs=EPSG:4326&spatialIndex=no&subsetIndex=no&watchFile=no
"5088",Leucanthemum vulgare,Leucanthemum,vulgare,,,,exotic,unlisted,,48.981593300000000,-123.540750399999993,,NA,NA,"125679931",obs_exotic,file:///D:/Simon/Sync/Root/GIS/Biodiversity%20Data/obs_exotic.csv?type=csv&maxFields=10000&detectTypes=yes&xField=longitude&yField=latitude&crs=EPSG:4326&spatialIndex=no&subsetIndex=no&watchFile=no
"5089",Leucanthemum vulgare,Leucanthemum,vulgare,,,,exotic,unlisted,,48.993103329999997,-123.581755000000001,,NA,NA,"129717529",obs_exotic,file:///D:/Simon/Sync/Root/GIS/Biodiversity%20Data/obs_exotic.csv?type=csv&maxFields=10000&detectTypes=yes&xField=longitude&yField=latitude&crs=EPSG:4326&spatialIndex=no&subsetIndex=no&watchFile=no
"5090",Ligustrum vulgare,Ligustrum,vulgare,,,,exotic,unlisted,,48.878120000000003,-123.316976400000001,,NA,NA,"59943232",obs_exotic,file:///D:/Simon/Sync/Root/GIS/Biodiversity%20Data/obs_exotic.csv?type=csv&maxFields=10000&detectTypes=yes&xField=longitude&yField=latitude&crs=EPSG:4326&spatialIndex=no&subsetIndex=no&watchFile=no
"5091",Ligustrum vulgare,Ligustrum,vulgare,,,,exotic,unlisted,,48.875038529999998,-123.319225000000003,,NA,NA,"65298828",obs_exotic,file:///D:/Simon/Sync/Root/GIS/Biodiversity%20Data/obs_exotic.csv?type=csv&maxFields=10000&detectTypes=yes&xField=longitude&yField=latitude&crs=EPSG:4326&spatialIndex=no&subsetIndex=no&watchFile=no
"5098",Linaria purpurea,Linaria,purpurea,,,,exotic,unlisted,,48.920347999999997,-123.450817000000001,,NA,NA,"730621",obs_exotic,file:///D:/Simon/Sync/Root/GIS/Biodiversity%20Data/obs_exotic.csv?type=csv&maxFields=10000&detectTypes=yes&xField=longitude&yField=latitude&crs=EPSG:4326&spatialIndex=no&subsetIndex=no&watchFile=no
"5099",Linaria purpurea,Linaria,purpurea,,,,exotic,unlisted,,48.881981600000003,-123.324706300000003,,NA,NA,"3445729",obs_exotic,file:///D:/Simon/Sync/Root/GIS/Biodiversity%20Data/obs_exotic.csv?type=csv&maxFields=10000&detectTypes=yes&xField=longitude&yField=latitude&crs=EPSG:4326&spatialIndex=no&subsetIndex=no&watchFile=no
"5100",Linaria purpurea,Linaria,purpurea,,,,exotic,unlisted,,48.887188999999999,-123.352458999999996,,NA,NA,"3536823",obs_exotic,file:///D:/Simon/Sync/Root/GIS/Biodiversity%20Data/obs_exotic.csv?type=csv&maxFields=10000&detectTypes=yes&xField=longitude&yField=latitude&crs=EPSG:4326&spatialIndex=no&subsetIndex=no&watchFile=no
"5101",Linaria purpurea,Linaria,purpurea,,,,exotic,unlisted,,48.911310000000000,-123.396345999999994,,NA,NA,"12314812",obs_exotic,file:///D:/Simon/Sync/Root/GIS/Biodiversity%20Data/obs_exotic.csv?type=csv&maxFields=10000&detectTypes=yes&xField=longitude&yField=latitude&crs=EPSG:4326&spatialIndex=no&subsetIndex=no&watchFile=no
"5102",Linaria purpurea,Linaria,purpurea,,,,exotic,unlisted,,48.866925999999999,-123.341881000000001,,NA,NA,"12635113",obs_exotic,file:///D:/Simon/Sync/Root/GIS/Biodiversity%20Data/obs_exotic.csv?type=csv&maxFields=10000&detectTypes=yes&xField=longitude&yField=latitude&crs=EPSG:4326&spatialIndex=no&subsetIndex=no&watchFile=no
"5103",Linaria purpurea,Linaria,purpurea,,,,exotic,unlisted,,48.866945000000001,-123.341328000000004,,NA,NA,"12817809",obs_exotic,file:///D:/Simon/Sync/Root/GIS/Biodiversity%20Data/obs_exotic.csv?type=csv&maxFields=10000&detectTypes=yes&xField=longitude&yField=latitude&crs=EPSG:4326&spatialIndex=no&subsetIndex=no&watchFile=no
"5104",Linaria purpurea,Linaria,purpurea,,,,exotic,unlisted,,48.910836089999997,-123.395243199999996,,NA,NA,"13102182",obs_exotic,file:///D:/Simon/Sync/Root/GIS/Biodiversity%20Data/obs_exotic.csv?type=csv&maxFields=10000&detectTypes=yes&xField=longitude&yField=latitude&crs=EPSG:4326&spatialIndex=no&subsetIndex=no&watchFile=no
"5105",Linaria purpurea,Linaria,purpurea,,,,exotic,unlisted,,48.866956060000000,-123.341274999999996,,NA,NA,"16310375",obs_exotic,file:///D:/Simon/Sync/Root/GIS/Biodiversity%20Data/obs_exotic.csv?type=csv&maxFields=10000&detectTypes=yes&xField=longitude&yField=latitude&crs=EPSG:4326&spatialIndex=no&subsetIndex=no&watchFile=no
"5106",Linaria purpurea,Linaria,purpurea,,,,exotic,unlisted,,48.972298870000003,-123.562692699999999,,NA,NA,"26035213",obs_exotic,file:///D:/Simon/Sync/Root/GIS/Biodiversity%20Data/obs_exotic.csv?type=csv&maxFields=10000&detectTypes=yes&xField=longitude&yField=latitude&crs=EPSG:4326&spatialIndex=no&subsetIndex=no&watchFile=no
"5107",Linaria purpurea,Linaria,purpurea,,,,exotic,unlisted,,48.929613099999997,-123.468286000000006,,NA,NA,"26683538",obs_exotic,file:///D:/Simon/Sync/Root/GIS/Biodiversity%20Data/obs_exotic.csv?type=csv&maxFields=10000&detectTypes=yes&xField=longitude&yField=latitude&crs=EPSG:4326&spatialIndex=no&subsetIndex=no&watchFile=no
"5108",Linaria purpurea,Linaria,purpurea,,,,exotic,unlisted,,48.996924999999997,-123.564858299999997,,NA,NA,"31535800",obs_exotic,file:///D:/Simon/Sync/Root/GIS/Biodiversity%20Data/obs_exotic.csv?type=csv&maxFields=10000&detectTypes=yes&xField=longitude&yField=latitude&crs=EPSG:4326&spatialIndex=no&subsetIndex=no&watchFile=no
"5109",Linaria purpurea,Linaria,purpurea,,,,exotic,unlisted,,48.866693529999999,-123.341875799999997,,NA,NA,"43253018",obs_exotic,file:///D:/Simon/Sync/Root/GIS/Biodiversity%20Data/obs_exotic.csv?type=csv&maxFields=10000&detectTypes=yes&xField=longitude&yField=latitude&crs=EPSG:4326&spatialIndex=no&subsetIndex=no&watchFile=no
"5110",Linaria purpurea,Linaria,purpurea,,,,exotic,unlisted,,48.890766130000003,-123.346505899999997,,NA,NA,"48704614",obs_exotic,file:///D:/Simon/Sync/Root/GIS/Biodiversity%20Data/obs_exotic.csv?type=csv&maxFields=10000&detectTypes=yes&xField=longitude&yField=latitude&crs=EPSG:4326&spatialIndex=no&subsetIndex=no&watchFile=no
"5111",Linaria purpurea,Linaria,purpurea,,,,exotic,unlisted,,48.929854970000001,-123.467566000000005,,NA,NA,"54413170",obs_exotic,file:///D:/Simon/Sync/Root/GIS/Biodiversity%20Data/obs_exotic.csv?type=csv&maxFields=10000&detectTypes=yes&xField=longitude&yField=latitude&crs=EPSG:4326&spatialIndex=no&subsetIndex=no&watchFile=no
"5112",Linaria purpurea,Linaria,purpurea,,,,exotic,unlisted,,48.866641670000000,-123.331299999999999,,NA,NA,"89221081",obs_exotic,file:///D:/Simon/Sync/Root/GIS/Biodiversity%20Data/obs_exotic.csv?type=csv&maxFields=10000&detectTypes=yes&xField=longitude&yField=latitude&crs=EPSG:4326&spatialIndex=no&subsetIndex=no&watchFile=no
"5113",Linaria purpurea,Linaria,purpurea,,,,exotic,unlisted,,48.885393890000003,-123.348737799999995,,NA,NA,"97226801",obs_exotic,file:///D:/Simon/Sync/Root/GIS/Biodiversity%20Data/obs_exotic.csv?type=csv&maxFields=10000&detectTypes=yes&xField=longitude&yField=latitude&crs=EPSG:4326&spatialIndex=no&subsetIndex=no&watchFile=no
"5114",Linaria purpurea,Linaria,purpurea,,,,exotic,unlisted,,48.885393890000003,-123.348737799999995,,NA,NA,"97411041",obs_exotic,file:///D:/Simon/Sync/Root/GIS/Biodiversity%20Data/obs_exotic.csv?type=csv&maxFields=10000&detectTypes=yes&xField=longitude&yField=latitude&crs=EPSG:4326&spatialIndex=no&subsetIndex=no&watchFile=no
"5115",Linaria purpurea,Linaria,purpurea,,,,exotic,unlisted,,48.879004999999999,-123.320044999999993,,NA,NA,"102640045",obs_exotic,file:///D:/Simon/Sync/Root/GIS/Biodiversity%20Data/obs_exotic.csv?type=csv&maxFields=10000&detectTypes=yes&xField=longitude&yField=latitude&crs=EPSG:4326&spatialIndex=no&subsetIndex=no&watchFile=no
"5116",Linaria purpurea,Linaria,purpurea,,,,exotic,unlisted,,48.863518319999997,-123.329380299999997,,NA,NA,"124493822",obs_exotic,file:///D:/Simon/Sync/Root/GIS/Biodiversity%20Data/obs_exotic.csv?type=csv&maxFields=10000&detectTypes=yes&xField=longitude&yField=latitude&crs=EPSG:4326&spatialIndex=no&subsetIndex=no&watchFile=no
"5117",Linaria purpurea,Linaria,purpurea,,,,exotic,unlisted,,48.929677779999999,-123.468319399999999,,NA,NA,"126338210",obs_exotic,file:///D:/Simon/Sync/Root/GIS/Biodiversity%20Data/obs_exotic.csv?type=csv&maxFields=10000&detectTypes=yes&xField=longitude&yField=latitude&crs=EPSG:4326&spatialIndex=no&subsetIndex=no&watchFile=no
"5159",Lobularia maritima,Lobularia,maritima,,,,exotic,unlisted,,48.872722000000003,-123.370444000000006,,NA,NA,"13031820",obs_exotic,file:///D:/Simon/Sync/Root/GIS/Biodiversity%20Data/obs_exotic.csv?type=csv&maxFields=10000&detectTypes=yes&xField=longitude&yField=latitude&crs=EPSG:4326&spatialIndex=no&subsetIndex=no&watchFile=no
"5160",Lolium arundinaceum,Lolium,arundinaceum,,,,exotic,unlisted,,48.928519000000001,-123.468969999999999,,NA,NA,"2622565",obs_exotic,file:///D:/Simon/Sync/Root/GIS/Biodiversity%20Data/obs_exotic.csv?type=csv&maxFields=10000&detectTypes=yes&xField=longitude&yField=latitude&crs=EPSG:4326&spatialIndex=no&subsetIndex=no&watchFile=no
"5161",Lolium arundinaceum,Lolium,arundinaceum,,,,exotic,unlisted,,48.873443330000001,-123.315801699999994,,NA,NA,"119369461",obs_exotic,file:///D:/Simon/Sync/Root/GIS/Biodiversity%20Data/obs_exotic.csv?type=csv&maxFields=10000&detectTypes=yes&xField=longitude&yField=latitude&crs=EPSG:4326&spatialIndex=no&subsetIndex=no&watchFile=no
"5162",Lolium arundinaceum,Lolium,arundinaceum,,,,exotic,unlisted,,48.930977779999999,-123.475333300000003,,NA,NA,"120618114",obs_exotic,file:///D:/Simon/Sync/Root/GIS/Biodiversity%20Data/obs_exotic.csv?type=csv&maxFields=10000&detectTypes=yes&xField=longitude&yField=latitude&crs=EPSG:4326&spatialIndex=no&subsetIndex=no&watchFile=no
"5163",Lolium arundinaceum,Lolium,arundinaceum,,,,exotic,unlisted,,48.870323329999998,-123.318960000000004,,NA,NA,"121538415",obs_exotic,file:///D:/Simon/Sync/Root/GIS/Biodiversity%20Data/obs_exotic.csv?type=csv&maxFields=10000&detectTypes=yes&xField=longitude&yField=latitude&crs=EPSG:4326&spatialIndex=no&subsetIndex=no&watchFile=no
"5164",Lolium arundinaceum,Lolium,arundinaceum,,,,exotic,unlisted,,48.926813889999998,-123.465994400000000,,NA,NA,"122869076",obs_exotic,file:///D:/Simon/Sync/Root/GIS/Biodiversity%20Data/obs_exotic.csv?type=csv&maxFields=10000&detectTypes=yes&xField=longitude&yField=latitude&crs=EPSG:4326&spatialIndex=no&subsetIndex=no&watchFile=no
"5165",Lolium arundinaceum,Lolium,arundinaceum,,,,exotic,unlisted,,48.909886110000002,-123.416122200000004,,NA,NA,"125189736",obs_exotic,file:///D:/Simon/Sync/Root/GIS/Biodiversity%20Data/obs_exotic.csv?type=csv&maxFields=10000&detectTypes=yes&xField=longitude&yField=latitude&crs=EPSG:4326&spatialIndex=no&subsetIndex=no&watchFile=no
"5166",Lolium perenne,Lolium,perenne,,,,exotic,unlisted,,48.867015570000000,-123.337604999999996,,NA,NA,"6434824",obs_exotic,file:///D:/Simon/Sync/Root/GIS/Biodiversity%20Data/obs_exotic.csv?type=csv&maxFields=10000&detectTypes=yes&xField=longitude&yField=latitude&crs=EPSG:4326&spatialIndex=no&subsetIndex=no&watchFile=no
"5167",Lolium perenne,Lolium,perenne,,,,exotic,unlisted,,48.879503329999999,-123.319820000000007,,NA,NA,"14926677",obs_exotic,file:///D:/Simon/Sync/Root/GIS/Biodiversity%20Data/obs_exotic.csv?type=csv&maxFields=10000&detectTypes=yes&xField=longitude&yField=latitude&crs=EPSG:4326&spatialIndex=no&subsetIndex=no&watchFile=no
"5168",Lolium perenne,Lolium,perenne,,,,exotic,unlisted,,48.866018040000000,-123.350882499999997,,NA,NA,"48408564",obs_exotic,file:///D:/Simon/Sync/Root/GIS/Biodiversity%20Data/obs_exotic.csv?type=csv&maxFields=10000&detectTypes=yes&xField=longitude&yField=latitude&crs=EPSG:4326&spatialIndex=no&subsetIndex=no&watchFile=no
"5169",Lolium perenne,Lolium,perenne,,,,exotic,unlisted,,48.933250219999998,-123.479818300000005,,NA,NA,"51247244",obs_exotic,file:///D:/Simon/Sync/Root/GIS/Biodiversity%20Data/obs_exotic.csv?type=csv&maxFields=10000&detectTypes=yes&xField=longitude&yField=latitude&crs=EPSG:4326&spatialIndex=no&subsetIndex=no&watchFile=no
"5170",Lolium perenne,Lolium,perenne,,,,exotic,unlisted,,48.872444999999999,-123.312605000000005,,NA,NA,"53334077",obs_exotic,file:///D:/Simon/Sync/Root/GIS/Biodiversity%20Data/obs_exotic.csv?type=csv&maxFields=10000&detectTypes=yes&xField=longitude&yField=latitude&crs=EPSG:4326&spatialIndex=no&subsetIndex=no&watchFile=no
"5171",Lolium perenne,Lolium,perenne,,,,exotic,unlisted,,49.012783329999998,-123.572924999999998,,NA,NA,"57127942",obs_exotic,file:///D:/Simon/Sync/Root/GIS/Biodiversity%20Data/obs_exotic.csv?type=csv&maxFields=10000&detectTypes=yes&xField=longitude&yField=latitude&crs=EPSG:4326&spatialIndex=no&subsetIndex=no&watchFile=no
"5172",Lolium perenne,Lolium,perenne,,,,exotic,unlisted,,49.013128170000002,-123.575869999999995,,NA,NA,"83604060",obs_exotic,file:///D:/Simon/Sync/Root/GIS/Biodiversity%20Data/obs_exotic.csv?type=csv&maxFields=10000&detectTypes=yes&xField=longitude&yField=latitude&crs=EPSG:4326&spatialIndex=no&subsetIndex=no&watchFile=no
"5173",Lolium perenne,Lolium,perenne,,,,exotic,unlisted,,48.931094440000003,-123.475722200000007,,NA,NA,"120618107",obs_exotic,file:///D:/Simon/Sync/Root/GIS/Biodiversity%20Data/obs_exotic.csv?type=csv&maxFields=10000&detectTypes=yes&xField=longitude&yField=latitude&crs=EPSG:4326&spatialIndex=no&subsetIndex=no&watchFile=no
"5174",Lolium perenne,Lolium,perenne,,,,exotic,unlisted,,48.866928330000000,-123.319441699999999,,NA,NA,"122258291",obs_exotic,file:///D:/Simon/Sync/Root/GIS/Biodiversity%20Data/obs_exotic.csv?type=csv&maxFields=10000&detectTypes=yes&xField=longitude&yField=latitude&crs=EPSG:4326&spatialIndex=no&subsetIndex=no&watchFile=no
"5175",Lolium perenne,Lolium,perenne,,,,exotic,unlisted,,49.012954999999998,-123.576028300000004,,NA,NA,"123934520",obs_exotic,file:///D:/Simon/Sync/Root/GIS/Biodiversity%20Data/obs_exotic.csv?type=csv&maxFields=10000&detectTypes=yes&xField=longitude&yField=latitude&crs=EPSG:4326&spatialIndex=no&subsetIndex=no&watchFile=no
"5176",Lolium perenne,Lolium,perenne,,,,exotic,unlisted,,49.012708330000002,-123.572914999999995,,NA,NA,"123934575",obs_exotic,file:///D:/Simon/Sync/Root/GIS/Biodiversity%20Data/obs_exotic.csv?type=csv&maxFields=10000&detectTypes=yes&xField=longitude&yField=latitude&crs=EPSG:4326&spatialIndex=no&subsetIndex=no&watchFile=no
"5177",Lolium pratense,Lolium,pratense,,,,exotic,unlisted,,48.930774919999998,-123.475341799999995,,NA,NA,"6411206",obs_exotic,file:///D:/Simon/Sync/Root/GIS/Biodiversity%20Data/obs_exotic.csv?type=csv&maxFields=10000&detectTypes=yes&xField=longitude&yField=latitude&crs=EPSG:4326&spatialIndex=no&subsetIndex=no&watchFile=no
"5178",Lolium pratense,Lolium,pratense,,,,exotic,unlisted,,48.872047219999999,-123.320061100000004,,NA,NA,"48489316",obs_exotic,file:///D:/Simon/Sync/Root/GIS/Biodiversity%20Data/obs_exotic.csv?type=csv&maxFields=10000&detectTypes=yes&xField=longitude&yField=latitude&crs=EPSG:4326&spatialIndex=no&subsetIndex=no&watchFile=no
"5179",Lolium pratense,Lolium,pratense,,,,exotic,unlisted,,48.938122219999997,-123.477149999999995,,NA,NA,"126017378",obs_exotic,file:///D:/Simon/Sync/Root/GIS/Biodiversity%20Data/obs_exotic.csv?type=csv&maxFields=10000&detectTypes=yes&xField=longitude&yField=latitude&crs=EPSG:4326&spatialIndex=no&subsetIndex=no&watchFile=no
"5460",Lotus corniculatus,Lotus,corniculatus,,,,exotic,unlisted,,48.932057999999998,-123.474611999999993,,NA,NA,"2563887",obs_exotic,file:///D:/Simon/Sync/Root/GIS/Biodiversity%20Data/obs_exotic.csv?type=csv&maxFields=10000&detectTypes=yes&xField=longitude&yField=latitude&crs=EPSG:4326&spatialIndex=no&subsetIndex=no&watchFile=no
"5461",Lotus corniculatus,Lotus,corniculatus,,,,exotic,unlisted,,48.929082999999999,-123.469763000000000,,NA,NA,"2564116",obs_exotic,file:///D:/Simon/Sync/Root/GIS/Biodiversity%20Data/obs_exotic.csv?type=csv&maxFields=10000&detectTypes=yes&xField=longitude&yField=latitude&crs=EPSG:4326&spatialIndex=no&subsetIndex=no&watchFile=no
"5462",Lotus corniculatus,Lotus,corniculatus,,,,exotic,unlisted,,48.929718000000001,-123.467617000000004,,NA,NA,"2663715",obs_exotic,file:///D:/Simon/Sync/Root/GIS/Biodiversity%20Data/obs_exotic.csv?type=csv&maxFields=10000&detectTypes=yes&xField=longitude&yField=latitude&crs=EPSG:4326&spatialIndex=no&subsetIndex=no&watchFile=no
"5463",Lotus corniculatus,Lotus,corniculatus,,,,exotic,unlisted,,48.898502000000001,-123.340801999999996,,NA,NA,"3664628",obs_exotic,file:///D:/Simon/Sync/Root/GIS/Biodiversity%20Data/obs_exotic.csv?type=csv&maxFields=10000&detectTypes=yes&xField=longitude&yField=latitude&crs=EPSG:4326&spatialIndex=no&subsetIndex=no&watchFile=no
"5464",Lotus corniculatus,Lotus,corniculatus,,,,exotic,unlisted,,48.930818000000002,-123.474376000000007,,NA,NA,"3719879",obs_exotic,file:///D:/Simon/Sync/Root/GIS/Biodiversity%20Data/obs_exotic.csv?type=csv&maxFields=10000&detectTypes=yes&xField=longitude&yField=latitude&crs=EPSG:4326&spatialIndex=no&subsetIndex=no&watchFile=no
"5465",Lotus corniculatus,Lotus,corniculatus,,,,exotic,unlisted,,48.930371999999998,-123.473495999999997,,NA,NA,"3735284",obs_exotic,file:///D:/Simon/Sync/Root/GIS/Biodiversity%20Data/obs_exotic.csv?type=csv&maxFields=10000&detectTypes=yes&xField=longitude&yField=latitude&crs=EPSG:4326&spatialIndex=no&subsetIndex=no&watchFile=no
"5466",Lotus corniculatus,Lotus,corniculatus,,,,exotic,unlisted,,48.869793350000002,-123.320318099999994,,NA,NA,"15436093",obs_exotic,file:///D:/Simon/Sync/Root/GIS/Biodiversity%20Data/obs_exotic.csv?type=csv&maxFields=10000&detectTypes=yes&xField=longitude&yField=latitude&crs=EPSG:4326&spatialIndex=no&subsetIndex=no&watchFile=no
"5467",Lotus corniculatus,Lotus,corniculatus,,,,exotic,unlisted,,48.929778329999998,-123.468491700000001,,NA,NA,"84494581",obs_exotic,file:///D:/Simon/Sync/Root/GIS/Biodiversity%20Data/obs_exotic.csv?type=csv&maxFields=10000&detectTypes=yes&xField=longitude&yField=latitude&crs=EPSG:4326&spatialIndex=no&subsetIndex=no&watchFile=no
"5468",Lotus corniculatus,Lotus,corniculatus,,,,exotic,unlisted,,48.870441669999998,-123.318671699999996,,NA,NA,"94285012",obs_exotic,file:///D:/Simon/Sync/Root/GIS/Biodiversity%20Data/obs_exotic.csv?type=csv&maxFields=10000&detectTypes=yes&xField=longitude&yField=latitude&crs=EPSG:4326&spatialIndex=no&subsetIndex=no&watchFile=no
"5469",Lotus corniculatus,Lotus,corniculatus,,,,exotic,unlisted,,48.871318330000001,-123.320796700000002,,NA,NA,"121538460",obs_exotic,file:///D:/Simon/Sync/Root/GIS/Biodiversity%20Data/obs_exotic.csv?type=csv&maxFields=10000&detectTypes=yes&xField=longitude&yField=latitude&crs=EPSG:4326&spatialIndex=no&subsetIndex=no&watchFile=no
"5470",Lotus corniculatus,Lotus,corniculatus,,,,exotic,unlisted,,48.871241900000001,-123.320750799999999,,NA,NA,"125732375",obs_exotic,file:///D:/Simon/Sync/Root/GIS/Biodiversity%20Data/obs_exotic.csv?type=csv&maxFields=10000&detectTypes=yes&xField=longitude&yField=latitude&crs=EPSG:4326&spatialIndex=no&subsetIndex=no&watchFile=no
"5471",Lotus corniculatus,Lotus,corniculatus,,,,exotic,unlisted,,48.871220000000001,-123.320616700000002,,NA,NA,"130442755",obs_exotic,file:///D:/Simon/Sync/Root/GIS/Biodiversity%20Data/obs_exotic.csv?type=csv&maxFields=10000&detectTypes=yes&xField=longitude&yField=latitude&crs=EPSG:4326&spatialIndex=no&subsetIndex=no&watchFile=no
"5474",Lunaria annua,Lunaria,annua,,,,exotic,unlisted,,48.869649189999997,-123.319046799999995,,NA,NA,"24639186",obs_exotic,file:///D:/Simon/Sync/Root/GIS/Biodiversity%20Data/obs_exotic.csv?type=csv&maxFields=10000&detectTypes=yes&xField=longitude&yField=latitude&crs=EPSG:4326&spatialIndex=no&subsetIndex=no&watchFile=no
"5725",Lythrum salicaria,Lythrum,salicaria,,,,exotic,unlisted,,48.948693839999997,-123.477094699999995,,NA,NA,"31529144",obs_exotic,file:///D:/Simon/Sync/Root/GIS/Biodiversity%20Data/obs_exotic.csv?type=csv&maxFields=10000&detectTypes=yes&xField=longitude&yField=latitude&crs=EPSG:4326&spatialIndex=no&subsetIndex=no&watchFile=no
"5750",Madia sativa,Madia,sativa,,,,exotic,unlisted,,48.865988000000002,-123.316897999999995,,NA,NA,"3383111",obs_exotic,file:///D:/Simon/Sync/Root/GIS/Biodiversity%20Data/obs_exotic.csv?type=csv&maxFields=10000&detectTypes=yes&xField=longitude&yField=latitude&crs=EPSG:4326&spatialIndex=no&subsetIndex=no&watchFile=no
"5751",Madia sativa,Madia,sativa,,,,exotic,unlisted,,48.994369630000001,-123.577261399999998,,NA,NA,"14335423",obs_exotic,file:///D:/Simon/Sync/Root/GIS/Biodiversity%20Data/obs_exotic.csv?type=csv&maxFields=10000&detectTypes=yes&xField=longitude&yField=latitude&crs=EPSG:4326&spatialIndex=no&subsetIndex=no&watchFile=no
"5752",Madia sativa,Madia,sativa,,,,exotic,unlisted,,48.928688330000000,-123.468978300000003,,NA,NA,"14758686",obs_exotic,file:///D:/Simon/Sync/Root/GIS/Biodiversity%20Data/obs_exotic.csv?type=csv&maxFields=10000&detectTypes=yes&xField=longitude&yField=latitude&crs=EPSG:4326&spatialIndex=no&subsetIndex=no&watchFile=no
"5753",Madia sativa,Madia,sativa,,,,exotic,unlisted,,48.928253329999997,-123.468246699999995,,NA,NA,"94929675",obs_exotic,file:///D:/Simon/Sync/Root/GIS/Biodiversity%20Data/obs_exotic.csv?type=csv&maxFields=10000&detectTypes=yes&xField=longitude&yField=latitude&crs=EPSG:4326&spatialIndex=no&subsetIndex=no&watchFile=no
"5755",Malus domestica,Malus,domestica,,,,exotic,unlisted,,48.896949999999997,-123.406677000000002,,NA,NA,"3310825",obs_exotic,file:///D:/Simon/Sync/Root/GIS/Biodiversity%20Data/obs_exotic.csv?type=csv&maxFields=10000&detectTypes=yes&xField=longitude&yField=latitude&crs=EPSG:4326&spatialIndex=no&subsetIndex=no&watchFile=no
"5756",Malus domestica,Malus,domestica,,,,exotic,unlisted,,48.898259000000003,-123.408028999999999,,NA,NA,"3498615",obs_exotic,file:///D:/Simon/Sync/Root/GIS/Biodiversity%20Data/obs_exotic.csv?type=csv&maxFields=10000&detectTypes=yes&xField=longitude&yField=latitude&crs=EPSG:4326&spatialIndex=no&subsetIndex=no&watchFile=no
"5757",Malus domestica,Malus,domestica,,,,exotic,unlisted,,48.898204000000000,-123.408085000000000,,NA,NA,"4016865",obs_exotic,file:///D:/Simon/Sync/Root/GIS/Biodiversity%20Data/obs_exotic.csv?type=csv&maxFields=10000&detectTypes=yes&xField=longitude&yField=latitude&crs=EPSG:4326&spatialIndex=no&subsetIndex=no&watchFile=no
"5758",Malus domestica,Malus,domestica,,,,exotic,unlisted,,48.876024999999998,-123.325333999999998,,NA,NA,"12256957",obs_exotic,file:///D:/Simon/Sync/Root/GIS/Biodiversity%20Data/obs_exotic.csv?type=csv&maxFields=10000&detectTypes=yes&xField=longitude&yField=latitude&crs=EPSG:4326&spatialIndex=no&subsetIndex=no&watchFile=no
"5759",Malus domestica,Malus,domestica,,,,exotic,unlisted,,48.884191870000002,-123.341092900000007,,NA,NA,"16307473",obs_exotic,file:///D:/Simon/Sync/Root/GIS/Biodiversity%20Data/obs_exotic.csv?type=csv&maxFields=10000&detectTypes=yes&xField=longitude&yField=latitude&crs=EPSG:4326&spatialIndex=no&subsetIndex=no&watchFile=no
"5760",Malus domestica,Malus,domestica,,,,exotic,unlisted,,48.991918419999998,-123.570659300000003,,NA,NA,"16309747",obs_exotic,file:///D:/Simon/Sync/Root/GIS/Biodiversity%20Data/obs_exotic.csv?type=csv&maxFields=10000&detectTypes=yes&xField=longitude&yField=latitude&crs=EPSG:4326&spatialIndex=no&subsetIndex=no&watchFile=no
"5761",Malus domestica,Malus,domestica,,,,exotic,unlisted,,48.898199660000003,-123.408080900000002,,NA,NA,"25477873",obs_exotic,file:///D:/Simon/Sync/Root/GIS/Biodiversity%20Data/obs_exotic.csv?type=csv&maxFields=10000&detectTypes=yes&xField=longitude&yField=latitude&crs=EPSG:4326&spatialIndex=no&subsetIndex=no&watchFile=no
"5762",Malus domestica,Malus,domestica,,,,exotic,unlisted,,48.898237930000001,-123.408157200000005,,NA,NA,"25477900",obs_exotic,file:///D:/Simon/Sync/Root/GIS/Biodiversity%20Data/obs_exotic.csv?type=csv&maxFields=10000&detectTypes=yes&xField=longitude&yField=latitude&crs=EPSG:4326&spatialIndex=no&subsetIndex=no&watchFile=no
"5777",Malva moschata,Malva,moschata,,,,exotic,unlisted,,48.948196639999999,-123.501691500000007,,NA,NA,"14300222",obs_exotic,file:///D:/Simon/Sync/Root/GIS/Biodiversity%20Data/obs_exotic.csv?type=csv&maxFields=10000&detectTypes=yes&xField=longitude&yField=latitude&crs=EPSG:4326&spatialIndex=no&subsetIndex=no&watchFile=no
"5778",Malva moschata,Malva,moschata,,,,exotic,unlisted,,48.905872160000001,-123.386220399999999,,NA,NA,"27894282",obs_exotic,file:///D:/Simon/Sync/Root/GIS/Biodiversity%20Data/obs_exotic.csv?type=csv&maxFields=10000&detectTypes=yes&xField=longitude&yField=latitude&crs=EPSG:4326&spatialIndex=no&subsetIndex=no&watchFile=no
"5779",Matricaria discoidea,Matricaria,discoidea,,,,exotic,S5,,48.931550000000001,-123.478003000000001,,NA,NA,"2564085",obs_exotic,file:///D:/Simon/Sync/Root/GIS/Biodiversity%20Data/obs_exotic.csv?type=csv&maxFields=10000&detectTypes=yes&xField=longitude&yField=latitude&crs=EPSG:4326&spatialIndex=no&subsetIndex=no&watchFile=no
"5780",Matricaria discoidea,Matricaria,discoidea,,,,exotic,S5,,48.896949999999997,-123.406677000000002,,NA,NA,"3310618",obs_exotic,file:///D:/Simon/Sync/Root/GIS/Biodiversity%20Data/obs_exotic.csv?type=csv&maxFields=10000&detectTypes=yes&xField=longitude&yField=latitude&crs=EPSG:4326&spatialIndex=no&subsetIndex=no&watchFile=no
"5781",Matricaria discoidea,Matricaria,discoidea,,,,exotic,S5,,48.870994439999997,-123.319380600000002,,NA,NA,"13955594",obs_exotic,file:///D:/Simon/Sync/Root/GIS/Biodiversity%20Data/obs_exotic.csv?type=csv&maxFields=10000&detectTypes=yes&xField=longitude&yField=latitude&crs=EPSG:4326&spatialIndex=no&subsetIndex=no&watchFile=no
"5782",Matricaria discoidea,Matricaria,discoidea,,,,exotic,S5,,48.876232559999998,-123.326395800000000,,NA,NA,"14197949",obs_exotic,file:///D:/Simon/Sync/Root/GIS/Biodiversity%20Data/obs_exotic.csv?type=csv&maxFields=10000&detectTypes=yes&xField=longitude&yField=latitude&crs=EPSG:4326&spatialIndex=no&subsetIndex=no&watchFile=no
"5783",Matricaria discoidea,Matricaria,discoidea,,,,exotic,S5,,48.992062660000002,-123.570159300000000,,NA,NA,"14282409",obs_exotic,file:///D:/Simon/Sync/Root/GIS/Biodiversity%20Data/obs_exotic.csv?type=csv&maxFields=10000&detectTypes=yes&xField=longitude&yField=latitude&crs=EPSG:4326&spatialIndex=no&subsetIndex=no&watchFile=no
"5784",Matricaria discoidea,Matricaria,discoidea,,,,exotic,S5,,49.014193779999999,-123.573866899999999,,NA,NA,"83604382",obs_exotic,file:///D:/Simon/Sync/Root/GIS/Biodiversity%20Data/obs_exotic.csv?type=csv&maxFields=10000&detectTypes=yes&xField=longitude&yField=latitude&crs=EPSG:4326&spatialIndex=no&subsetIndex=no&watchFile=no
"5785",Matricaria discoidea,Matricaria,discoidea,,,,exotic,S5,,48.928353330000000,-123.468086700000001,,NA,NA,"84251552",obs_exotic,file:///D:/Simon/Sync/Root/GIS/Biodiversity%20Data/obs_exotic.csv?type=csv&maxFields=10000&detectTypes=yes&xField=longitude&yField=latitude&crs=EPSG:4326&spatialIndex=no&subsetIndex=no&watchFile=no
"5786",Matricaria discoidea,Matricaria,discoidea,,,,exotic,S5,,48.928190710000003,-123.468061000000006,,NA,NA,"84479050",obs_exotic,file:///D:/Simon/Sync/Root/GIS/Biodiversity%20Data/obs_exotic.csv?type=csv&maxFields=10000&detectTypes=yes&xField=longitude&yField=latitude&crs=EPSG:4326&spatialIndex=no&subsetIndex=no&watchFile=no
"5787",Matricaria discoidea,Matricaria,discoidea,,,,exotic,S5,,48.928181799999997,-123.467950599999995,,NA,NA,"84722894",obs_exotic,file:///D:/Simon/Sync/Root/GIS/Biodiversity%20Data/obs_exotic.csv?type=csv&maxFields=10000&detectTypes=yes&xField=longitude&yField=latitude&crs=EPSG:4326&spatialIndex=no&subsetIndex=no&watchFile=no
"5788",Matricaria discoidea,Matricaria,discoidea,,,,exotic,S5,,48.900342620000004,-123.406861500000005,,NA,NA,"85701672",obs_exotic,file:///D:/Simon/Sync/Root/GIS/Biodiversity%20Data/obs_exotic.csv?type=csv&maxFields=10000&detectTypes=yes&xField=longitude&yField=latitude&crs=EPSG:4326&spatialIndex=no&subsetIndex=no&watchFile=no
"5789",Matricaria discoidea,Matricaria,discoidea,,,,exotic,S5,,48.900232989999999,-123.406752200000000,,NA,NA,"110820856",obs_exotic,file:///D:/Simon/Sync/Root/GIS/Biodiversity%20Data/obs_exotic.csv?type=csv&maxFields=10000&detectTypes=yes&xField=longitude&yField=latitude&crs=EPSG:4326&spatialIndex=no&subsetIndex=no&watchFile=no
"5790",Matricaria discoidea,Matricaria,discoidea,,,,exotic,S5,,48.908845950000000,-123.374702200000002,,NA,NA,"114482375",obs_exotic,file:///D:/Simon/Sync/Root/GIS/Biodiversity%20Data/obs_exotic.csv?type=csv&maxFields=10000&detectTypes=yes&xField=longitude&yField=latitude&crs=EPSG:4326&spatialIndex=no&subsetIndex=no&watchFile=no
"5791",Matricaria discoidea,Matricaria,discoidea,,,,exotic,S5,,48.931111110000003,-123.475830599999995,,NA,NA,"120618106",obs_exotic,file:///D:/Simon/Sync/Root/GIS/Biodiversity%20Data/obs_exotic.csv?type=csv&maxFields=10000&detectTypes=yes&xField=longitude&yField=latitude&crs=EPSG:4326&spatialIndex=no&subsetIndex=no&watchFile=no
"5792",Matricaria discoidea,Matricaria,discoidea,,,,exotic,S5,,49.014076670000001,-123.573778300000001,,NA,NA,"123934608",obs_exotic,file:///D:/Simon/Sync/Root/GIS/Biodiversity%20Data/obs_exotic.csv?type=csv&maxFields=10000&detectTypes=yes&xField=longitude&yField=latitude&crs=EPSG:4326&spatialIndex=no&subsetIndex=no&watchFile=no
"5793",Matricaria discoidea,Matricaria,discoidea,,,,exotic,S5,,48.978243999999997,-123.567188500000000,,NA,NA,"124878661",obs_exotic,file:///D:/Simon/Sync/Root/GIS/Biodiversity%20Data/obs_exotic.csv?type=csv&maxFields=10000&detectTypes=yes&xField=longitude&yField=latitude&crs=EPSG:4326&spatialIndex=no&subsetIndex=no&watchFile=no
"5794",Matricaria discoidea,Matricaria,discoidea,,,,exotic,S5,,48.898386670000001,-123.408053300000006,,NA,NA,"127183221",obs_exotic,file:///D:/Simon/Sync/Root/GIS/Biodiversity%20Data/obs_exotic.csv?type=csv&maxFields=10000&detectTypes=yes&xField=longitude&yField=latitude&crs=EPSG:4326&spatialIndex=no&subsetIndex=no&watchFile=no
"5795",Matricaria discoidea,Matricaria,discoidea,,,,exotic,S5,,48.993636670000001,-123.582803299999995,,NA,NA,"129717220",obs_exotic,file:///D:/Simon/Sync/Root/GIS/Biodiversity%20Data/obs_exotic.csv?type=csv&maxFields=10000&detectTypes=yes&xField=longitude&yField=latitude&crs=EPSG:4326&spatialIndex=no&subsetIndex=no&watchFile=no
"5796",Matricaria discoidea,Matricaria,discoidea,,,,exotic,S5,,48.870420000000003,-123.318611700000005,,NA,NA,"130428773",obs_exotic,file:///D:/Simon/Sync/Root/GIS/Biodiversity%20Data/obs_exotic.csv?type=csv&maxFields=10000&detectTypes=yes&xField=longitude&yField=latitude&crs=EPSG:4326&spatialIndex=no&subsetIndex=no&watchFile=no
"5797",Matricaria discoidea,Matricaria,discoidea,,,,exotic,S5,,48.872230000000002,-123.315246700000003,,NA,NA,"135833662",obs_exotic,file:///D:/Simon/Sync/Root/GIS/Biodiversity%20Data/obs_exotic.csv?type=csv&maxFields=10000&detectTypes=yes&xField=longitude&yField=latitude&crs=EPSG:4326&spatialIndex=no&subsetIndex=no&watchFile=no
"5799",Medicago lupulina,Medicago,lupulina,,,,exotic,unlisted,,48.878548870000003,-123.317708800000005,,NA,NA,"48489340",obs_exotic,file:///D:/Simon/Sync/Root/GIS/Biodiversity%20Data/obs_exotic.csv?type=csv&maxFields=10000&detectTypes=yes&xField=longitude&yField=latitude&crs=EPSG:4326&spatialIndex=no&subsetIndex=no&watchFile=no
"5800",Medicago lupulina,Medicago,lupulina,,,,exotic,unlisted,,48.867736669999999,-123.337586700000003,,NA,NA,"83079888",obs_exotic,file:///D:/Simon/Sync/Root/GIS/Biodiversity%20Data/obs_exotic.csv?type=csv&maxFields=10000&detectTypes=yes&xField=longitude&yField=latitude&crs=EPSG:4326&spatialIndex=no&subsetIndex=no&watchFile=no
"5801",Medicago lupulina,Medicago,lupulina,,,,exotic,unlisted,,48.867590000000000,-123.337353300000004,,NA,NA,"83098046",obs_exotic,file:///D:/Simon/Sync/Root/GIS/Biodiversity%20Data/obs_exotic.csv?type=csv&maxFields=10000&detectTypes=yes&xField=longitude&yField=latitude&crs=EPSG:4326&spatialIndex=no&subsetIndex=no&watchFile=no
"5834",Melissa officinalis,Melissa,officinalis,,,,exotic,unlisted,,48.921993000000001,-123.450387000000006,,NA,NA,"3978723",obs_exotic,file:///D:/Simon/Sync/Root/GIS/Biodiversity%20Data/obs_exotic.csv?type=csv&maxFields=10000&detectTypes=yes&xField=longitude&yField=latitude&crs=EPSG:4326&spatialIndex=no&subsetIndex=no&watchFile=no
"5835",Melissa officinalis,Melissa,officinalis,,,,exotic,unlisted,,48.877885030000002,-123.316482899999997,,NA,NA,"26372178",obs_exotic,file:///D:/Simon/Sync/Root/GIS/Biodiversity%20Data/obs_exotic.csv?type=csv&maxFields=10000&detectTypes=yes&xField=longitude&yField=latitude&crs=EPSG:4326&spatialIndex=no&subsetIndex=no&watchFile=no
"5836",Melissa officinalis,Melissa,officinalis,,,,exotic,unlisted,,48.890907779999999,-123.345830100000001,,NA,NA,"52910470",obs_exotic,file:///D:/Simon/Sync/Root/GIS/Biodiversity%20Data/obs_exotic.csv?type=csv&maxFields=10000&detectTypes=yes&xField=longitude&yField=latitude&crs=EPSG:4326&spatialIndex=no&subsetIndex=no&watchFile=no
"5837",Melissa officinalis,Melissa,officinalis,,,,exotic,unlisted,,48.928993290000001,-123.451568899999998,,NA,NA,"100960937",obs_exotic,file:///D:/Simon/Sync/Root/GIS/Biodiversity%20Data/obs_exotic.csv?type=csv&maxFields=10000&detectTypes=yes&xField=longitude&yField=latitude&crs=EPSG:4326&spatialIndex=no&subsetIndex=no&watchFile=no
"5976",Moenchia erecta,Moenchia,erecta,,,,exotic,unlisted,,48.870813720000001,-123.320279400000004,,NA,NA,"45205082",obs_exotic,file:///D:/Simon/Sync/Root/GIS/Biodiversity%20Data/obs_exotic.csv?type=csv&maxFields=10000&detectTypes=yes&xField=longitude&yField=latitude&crs=EPSG:4326&spatialIndex=no&subsetIndex=no&watchFile=no
"6128",Muscari armeniacum,Muscari,armeniacum,,,,exotic,unlisted,,48.930478999999998,-123.475534999999994,,NA,NA,"2580263",obs_exotic,file:///D:/Simon/Sync/Root/GIS/Biodiversity%20Data/obs_exotic.csv?type=csv&maxFields=10000&detectTypes=yes&xField=longitude&yField=latitude&crs=EPSG:4326&spatialIndex=no&subsetIndex=no&watchFile=no
"6129",Muscari armeniacum,Muscari,armeniacum,,,,exotic,unlisted,,48.944195680000000,-123.512263599999997,,NA,NA,"17699194",obs_exotic,file:///D:/Simon/Sync/Root/GIS/Biodiversity%20Data/obs_exotic.csv?type=csv&maxFields=10000&detectTypes=yes&xField=longitude&yField=latitude&crs=EPSG:4326&spatialIndex=no&subsetIndex=no&watchFile=no
"6130",Mycelis muralis,Mycelis,muralis,,,,exotic,unlisted,,48.932763000000001,-123.481350000000006,,NA,NA,"2563367",obs_exotic,file:///D:/Simon/Sync/Root/GIS/Biodiversity%20Data/obs_exotic.csv?type=csv&maxFields=10000&detectTypes=yes&xField=longitude&yField=latitude&crs=EPSG:4326&spatialIndex=no&subsetIndex=no&watchFile=no
"6131",Mycelis muralis,Mycelis,muralis,,,,exotic,unlisted,,48.928632000000000,-123.468925999999996,,NA,NA,"2564150",obs_exotic,file:///D:/Simon/Sync/Root/GIS/Biodiversity%20Data/obs_exotic.csv?type=csv&maxFields=10000&detectTypes=yes&xField=longitude&yField=latitude&crs=EPSG:4326&spatialIndex=no&subsetIndex=no&watchFile=no
"6132",Mycelis muralis,Mycelis,muralis,,,,exotic,unlisted,,48.933382999999999,-123.482894999999999,,NA,NA,"2566554",obs_exotic,file:///D:/Simon/Sync/Root/GIS/Biodiversity%20Data/obs_exotic.csv?type=csv&maxFields=10000&detectTypes=yes&xField=longitude&yField=latitude&crs=EPSG:4326&spatialIndex=no&subsetIndex=no&watchFile=no
"6133",Mycelis muralis,Mycelis,muralis,,,,exotic,unlisted,,48.915987999999999,-123.424981000000002,,NA,NA,"3213152",obs_exotic,file:///D:/Simon/Sync/Root/GIS/Biodiversity%20Data/obs_exotic.csv?type=csv&maxFields=10000&detectTypes=yes&xField=longitude&yField=latitude&crs=EPSG:4326&spatialIndex=no&subsetIndex=no&watchFile=no
"6134",Mycelis muralis,Mycelis,muralis,,,,exotic,unlisted,,48.915987999999999,-123.424981000000002,,NA,NA,"3214507",obs_exotic,file:///D:/Simon/Sync/Root/GIS/Biodiversity%20Data/obs_exotic.csv?type=csv&maxFields=10000&detectTypes=yes&xField=longitude&yField=latitude&crs=EPSG:4326&spatialIndex=no&subsetIndex=no&watchFile=no
"6135",Mycelis muralis,Mycelis,muralis,,,,exotic,unlisted,,48.923647000000003,-123.441472000000005,,NA,NA,"3319216",obs_exotic,file:///D:/Simon/Sync/Root/GIS/Biodiversity%20Data/obs_exotic.csv?type=csv&maxFields=10000&detectTypes=yes&xField=longitude&yField=latitude&crs=EPSG:4326&spatialIndex=no&subsetIndex=no&watchFile=no
"6136",Mycelis muralis,Mycelis,muralis,,,,exotic,unlisted,,48.915652000000001,-123.426826000000005,,NA,NA,"3335582",obs_exotic,file:///D:/Simon/Sync/Root/GIS/Biodiversity%20Data/obs_exotic.csv?type=csv&maxFields=10000&detectTypes=yes&xField=longitude&yField=latitude&crs=EPSG:4326&spatialIndex=no&subsetIndex=no&watchFile=no
"6137",Mycelis muralis,Mycelis,muralis,,,,exotic,unlisted,,48.915923999999997,-123.425291999999999,,NA,NA,"3340676",obs_exotic,file:///D:/Simon/Sync/Root/GIS/Biodiversity%20Data/obs_exotic.csv?type=csv&maxFields=10000&detectTypes=yes&xField=longitude&yField=latitude&crs=EPSG:4326&spatialIndex=no&subsetIndex=no&watchFile=no
"6138",Mycelis muralis,Mycelis,muralis,,,,exotic,unlisted,,48.896498999999999,-123.409938999999994,,NA,NA,"3498912",obs_exotic,file:///D:/Simon/Sync/Root/GIS/Biodiversity%20Data/obs_exotic.csv?type=csv&maxFields=10000&detectTypes=yes&xField=longitude&yField=latitude&crs=EPSG:4326&spatialIndex=no&subsetIndex=no&watchFile=no
"6139",Mycelis muralis,Mycelis,muralis,,,,exotic,unlisted,,48.951200000000000,-123.516368999999997,,NA,NA,"3553779",obs_exotic,file:///D:/Simon/Sync/Root/GIS/Biodiversity%20Data/obs_exotic.csv?type=csv&maxFields=10000&detectTypes=yes&xField=longitude&yField=latitude&crs=EPSG:4326&spatialIndex=no&subsetIndex=no&watchFile=no
"6140",Mycelis muralis,Mycelis,muralis,,,,exotic,unlisted,,48.963664000000001,-123.549627999999998,,NA,NA,"4030050",obs_exotic,file:///D:/Simon/Sync/Root/GIS/Biodiversity%20Data/obs_exotic.csv?type=csv&maxFields=10000&detectTypes=yes&xField=longitude&yField=latitude&crs=EPSG:4326&spatialIndex=no&subsetIndex=no&watchFile=no
"6141",Mycelis muralis,Mycelis,muralis,,,,exotic,unlisted,,48.868828999999998,-123.345984000000001,,NA,NA,"5537112",obs_exotic,file:///D:/Simon/Sync/Root/GIS/Biodiversity%20Data/obs_exotic.csv?type=csv&maxFields=10000&detectTypes=yes&xField=longitude&yField=latitude&crs=EPSG:4326&spatialIndex=no&subsetIndex=no&watchFile=no
"6142",Mycelis muralis,Mycelis,muralis,,,,exotic,unlisted,,48.906225919999997,-123.360671999999994,,NA,NA,"5885587",obs_exotic,file:///D:/Simon/Sync/Root/GIS/Biodiversity%20Data/obs_exotic.csv?type=csv&maxFields=10000&detectTypes=yes&xField=longitude&yField=latitude&crs=EPSG:4326&spatialIndex=no&subsetIndex=no&watchFile=no
"6143",Mycelis muralis,Mycelis,muralis,,,,exotic,unlisted,,48.943192879999998,-123.484139400000004,,NA,NA,"6411186",obs_exotic,file:///D:/Simon/Sync/Root/GIS/Biodiversity%20Data/obs_exotic.csv?type=csv&maxFields=10000&detectTypes=yes&xField=longitude&yField=latitude&crs=EPSG:4326&spatialIndex=no&subsetIndex=no&watchFile=no
"6144",Mycelis muralis,Mycelis,muralis,,,,exotic,unlisted,,48.876097999999999,-123.386035000000007,,NA,NA,"6817916",obs_exotic,file:///D:/Simon/Sync/Root/GIS/Biodiversity%20Data/obs_exotic.csv?type=csv&maxFields=10000&detectTypes=yes&xField=longitude&yField=latitude&crs=EPSG:4326&spatialIndex=no&subsetIndex=no&watchFile=no
"6145",Mycelis muralis,Mycelis,muralis,,,,exotic,unlisted,,48.874952000000000,-123.341843999999995,,NA,NA,"12631921",obs_exotic,file:///D:/Simon/Sync/Root/GIS/Biodiversity%20Data/obs_exotic.csv?type=csv&maxFields=10000&detectTypes=yes&xField=longitude&yField=latitude&crs=EPSG:4326&spatialIndex=no&subsetIndex=no&watchFile=no
"6146",Mycelis muralis,Mycelis,muralis,,,,exotic,unlisted,,48.874772999999998,-123.336338999999995,,NA,NA,"12763033",obs_exotic,file:///D:/Simon/Sync/Root/GIS/Biodiversity%20Data/obs_exotic.csv?type=csv&maxFields=10000&detectTypes=yes&xField=longitude&yField=latitude&crs=EPSG:4326&spatialIndex=no&subsetIndex=no&watchFile=no
"6147",Mycelis muralis,Mycelis,muralis,,,,exotic,unlisted,,48.874510000000001,-123.333782999999997,,NA,NA,"12763260",obs_exotic,file:///D:/Simon/Sync/Root/GIS/Biodiversity%20Data/obs_exotic.csv?type=csv&maxFields=10000&detectTypes=yes&xField=longitude&yField=latitude&crs=EPSG:4326&spatialIndex=no&subsetIndex=no&watchFile=no
"6148",Mycelis muralis,Mycelis,muralis,,,,exotic,unlisted,,48.871012999999998,-123.333776999999998,,NA,NA,"12792252",obs_exotic,file:///D:/Simon/Sync/Root/GIS/Biodiversity%20Data/obs_exotic.csv?type=csv&maxFields=10000&detectTypes=yes&xField=longitude&yField=latitude&crs=EPSG:4326&spatialIndex=no&subsetIndex=no&watchFile=no
"6149",Mycelis muralis,Mycelis,muralis,,,,exotic,unlisted,,48.871012999999998,-123.333776999999998,,NA,NA,"12792376",obs_exotic,file:///D:/Simon/Sync/Root/GIS/Biodiversity%20Data/obs_exotic.csv?type=csv&maxFields=10000&detectTypes=yes&xField=longitude&yField=latitude&crs=EPSG:4326&spatialIndex=no&subsetIndex=no&watchFile=no
"6150",Mycelis muralis,Mycelis,muralis,,,,exotic,unlisted,,48.867058000000000,-123.334428000000003,,NA,NA,"12817043",obs_exotic,file:///D:/Simon/Sync/Root/GIS/Biodiversity%20Data/obs_exotic.csv?type=csv&maxFields=10000&detectTypes=yes&xField=longitude&yField=latitude&crs=EPSG:4326&spatialIndex=no&subsetIndex=no&watchFile=no
"6151",Mycelis muralis,Mycelis,muralis,,,,exotic,unlisted,,48.866025999999998,-123.333974999999995,,NA,NA,"12817501",obs_exotic,file:///D:/Simon/Sync/Root/GIS/Biodiversity%20Data/obs_exotic.csv?type=csv&maxFields=10000&detectTypes=yes&xField=longitude&yField=latitude&crs=EPSG:4326&spatialIndex=no&subsetIndex=no&watchFile=no
"6152",Mycelis muralis,Mycelis,muralis,,,,exotic,unlisted,,48.915954999999997,-123.423670000000001,,NA,NA,"13166033",obs_exotic,file:///D:/Simon/Sync/Root/GIS/Biodiversity%20Data/obs_exotic.csv?type=csv&maxFields=10000&detectTypes=yes&xField=longitude&yField=latitude&crs=EPSG:4326&spatialIndex=no&subsetIndex=no&watchFile=no
"6153",Mycelis muralis,Mycelis,muralis,,,,exotic,unlisted,,48.873604000000000,-123.341832999999994,,NA,NA,"17784935",obs_exotic,file:///D:/Simon/Sync/Root/GIS/Biodiversity%20Data/obs_exotic.csv?type=csv&maxFields=10000&detectTypes=yes&xField=longitude&yField=latitude&crs=EPSG:4326&spatialIndex=no&subsetIndex=no&watchFile=no
"6154",Mycelis muralis,Mycelis,muralis,,,,exotic,unlisted,,48.865420000000000,-123.332426699999999,,NA,NA,"22799466",obs_exotic,file:///D:/Simon/Sync/Root/GIS/Biodiversity%20Data/obs_exotic.csv?type=csv&maxFields=10000&detectTypes=yes&xField=longitude&yField=latitude&crs=EPSG:4326&spatialIndex=no&subsetIndex=no&watchFile=no
"6155",Mycelis muralis,Mycelis,muralis,,,,exotic,unlisted,,49.007592539999997,-123.576028399999998,,NA,NA,"24497700",obs_exotic,file:///D:/Simon/Sync/Root/GIS/Biodiversity%20Data/obs_exotic.csv?type=csv&maxFields=10000&detectTypes=yes&xField=longitude&yField=latitude&crs=EPSG:4326&spatialIndex=no&subsetIndex=no&watchFile=no
"6156",Mycelis muralis,Mycelis,muralis,,,,exotic,unlisted,,48.962402779999998,-123.517813899999993,,NA,NA,"24663852",obs_exotic,file:///D:/Simon/Sync/Root/GIS/Biodiversity%20Data/obs_exotic.csv?type=csv&maxFields=10000&detectTypes=yes&xField=longitude&yField=latitude&crs=EPSG:4326&spatialIndex=no&subsetIndex=no&watchFile=no
"6157",Mycelis muralis,Mycelis,muralis,,,,exotic,unlisted,,48.962966670000000,-123.517272199999994,,NA,NA,"24665189",obs_exotic,file:///D:/Simon/Sync/Root/GIS/Biodiversity%20Data/obs_exotic.csv?type=csv&maxFields=10000&detectTypes=yes&xField=longitude&yField=latitude&crs=EPSG:4326&spatialIndex=no&subsetIndex=no&watchFile=no
"6158",Mycelis muralis,Mycelis,muralis,,,,exotic,unlisted,,48.964936109999996,-123.516838899999996,,NA,NA,"24674047",obs_exotic,file:///D:/Simon/Sync/Root/GIS/Biodiversity%20Data/obs_exotic.csv?type=csv&maxFields=10000&detectTypes=yes&xField=longitude&yField=latitude&crs=EPSG:4326&spatialIndex=no&subsetIndex=no&watchFile=no
"6159",Mycelis muralis,Mycelis,muralis,,,,exotic,unlisted,,48.962486110000000,-123.519883300000004,,NA,NA,"24674114",obs_exotic,file:///D:/Simon/Sync/Root/GIS/Biodiversity%20Data/obs_exotic.csv?type=csv&maxFields=10000&detectTypes=yes&xField=longitude&yField=latitude&crs=EPSG:4326&spatialIndex=no&subsetIndex=no&watchFile=no
"6160",Mycelis muralis,Mycelis,muralis,,,,exotic,unlisted,,48.900863889999997,-123.406411100000000,,NA,NA,"24676913",obs_exotic,file:///D:/Simon/Sync/Root/GIS/Biodiversity%20Data/obs_exotic.csv?type=csv&maxFields=10000&detectTypes=yes&xField=longitude&yField=latitude&crs=EPSG:4326&spatialIndex=no&subsetIndex=no&watchFile=no
"6161",Mycelis muralis,Mycelis,muralis,,,,exotic,unlisted,,48.962513889999997,-123.517608300000006,,NA,NA,"24684050",obs_exotic,file:///D:/Simon/Sync/Root/GIS/Biodiversity%20Data/obs_exotic.csv?type=csv&maxFields=10000&detectTypes=yes&xField=longitude&yField=latitude&crs=EPSG:4326&spatialIndex=no&subsetIndex=no&watchFile=no
"6162",Mycelis muralis,Mycelis,muralis,,,,exotic,unlisted,,48.868305560000003,-123.376533300000006,,NA,NA,"24688047",obs_exotic,file:///D:/Simon/Sync/Root/GIS/Biodiversity%20Data/obs_exotic.csv?type=csv&maxFields=10000&detectTypes=yes&xField=longitude&yField=latitude&crs=EPSG:4326&spatialIndex=no&subsetIndex=no&watchFile=no
"6163",Mycelis muralis,Mycelis,muralis,,,,exotic,unlisted,,48.957611669999999,-123.541671699999995,,NA,NA,"24698995",obs_exotic,file:///D:/Simon/Sync/Root/GIS/Biodiversity%20Data/obs_exotic.csv?type=csv&maxFields=10000&detectTypes=yes&xField=longitude&yField=latitude&crs=EPSG:4326&spatialIndex=no&subsetIndex=no&watchFile=no
"6164",Mycelis muralis,Mycelis,muralis,,,,exotic,unlisted,,48.901115939999997,-123.406151699999995,,NA,NA,"24708677",obs_exotic,file:///D:/Simon/Sync/Root/GIS/Biodiversity%20Data/obs_exotic.csv?type=csv&maxFields=10000&detectTypes=yes&xField=longitude&yField=latitude&crs=EPSG:4326&spatialIndex=no&subsetIndex=no&watchFile=no
"6165",Mycelis muralis,Mycelis,muralis,,,,exotic,unlisted,,48.900324099999999,-123.405212199999994,,NA,NA,"24709389",obs_exotic,file:///D:/Simon/Sync/Root/GIS/Biodiversity%20Data/obs_exotic.csv?type=csv&maxFields=10000&detectTypes=yes&xField=longitude&yField=latitude&crs=EPSG:4326&spatialIndex=no&subsetIndex=no&watchFile=no
"6166",Mycelis muralis,Mycelis,muralis,,,,exotic,unlisted,,48.901236890000000,-123.406102200000007,,NA,NA,"24715037",obs_exotic,file:///D:/Simon/Sync/Root/GIS/Biodiversity%20Data/obs_exotic.csv?type=csv&maxFields=10000&detectTypes=yes&xField=longitude&yField=latitude&crs=EPSG:4326&spatialIndex=no&subsetIndex=no&watchFile=no
"6167",Mycelis muralis,Mycelis,muralis,,,,exotic,unlisted,,48.901087099999998,-123.405951999999999,,NA,NA,"24715515",obs_exotic,file:///D:/Simon/Sync/Root/GIS/Biodiversity%20Data/obs_exotic.csv?type=csv&maxFields=10000&detectTypes=yes&xField=longitude&yField=latitude&crs=EPSG:4326&spatialIndex=no&subsetIndex=no&watchFile=no
"6168",Mycelis muralis,Mycelis,muralis,,,,exotic,unlisted,,48.900902739999999,-123.404719799999995,,NA,NA,"24939849",obs_exotic,file:///D:/Simon/Sync/Root/GIS/Biodiversity%20Data/obs_exotic.csv?type=csv&maxFields=10000&detectTypes=yes&xField=longitude&yField=latitude&crs=EPSG:4326&spatialIndex=no&subsetIndex=no&watchFile=no
"6169",Mycelis muralis,Mycelis,muralis,,,,exotic,unlisted,,48.899357580000000,-123.403511800000004,,NA,NA,"25478192",obs_exotic,file:///D:/Simon/Sync/Root/GIS/Biodiversity%20Data/obs_exotic.csv?type=csv&maxFields=10000&detectTypes=yes&xField=longitude&yField=latitude&crs=EPSG:4326&spatialIndex=no&subsetIndex=no&watchFile=no
"6170",Mycelis muralis,Mycelis,muralis,,,,exotic,unlisted,,48.978655160000002,-123.556232899999998,,NA,NA,"25479439",obs_exotic,file:///D:/Simon/Sync/Root/GIS/Biodiversity%20Data/obs_exotic.csv?type=csv&maxFields=10000&detectTypes=yes&xField=longitude&yField=latitude&crs=EPSG:4326&spatialIndex=no&subsetIndex=no&watchFile=no
"6171",Mycelis muralis,Mycelis,muralis,,,,exotic,unlisted,,48.900550000000003,-123.405625000000001,,NA,NA,"25541290",obs_exotic,file:///D:/Simon/Sync/Root/GIS/Biodiversity%20Data/obs_exotic.csv?type=csv&maxFields=10000&detectTypes=yes&xField=longitude&yField=latitude&crs=EPSG:4326&spatialIndex=no&subsetIndex=no&watchFile=no
"6172",Mycelis muralis,Mycelis,muralis,,,,exotic,unlisted,,48.962830560000000,-123.517144400000006,,NA,NA,"25596122",obs_exotic,file:///D:/Simon/Sync/Root/GIS/Biodiversity%20Data/obs_exotic.csv?type=csv&maxFields=10000&detectTypes=yes&xField=longitude&yField=latitude&crs=EPSG:4326&spatialIndex=no&subsetIndex=no&watchFile=no
"6173",Mycelis muralis,Mycelis,muralis,,,,exotic,unlisted,,48.964886110000002,-123.516747199999998,,NA,NA,"25599954",obs_exotic,file:///D:/Simon/Sync/Root/GIS/Biodiversity%20Data/obs_exotic.csv?type=csv&maxFields=10000&detectTypes=yes&xField=longitude&yField=latitude&crs=EPSG:4326&spatialIndex=no&subsetIndex=no&watchFile=no
"6174",Mycelis muralis,Mycelis,muralis,,,,exotic,unlisted,,48.866930560000000,-123.329016699999997,,NA,NA,"25658074",obs_exotic,file:///D:/Simon/Sync/Root/GIS/Biodiversity%20Data/obs_exotic.csv?type=csv&maxFields=10000&detectTypes=yes&xField=longitude&yField=latitude&crs=EPSG:4326&spatialIndex=no&subsetIndex=no&watchFile=no
"6175",Mycelis muralis,Mycelis,muralis,,,,exotic,unlisted,,48.952170199999998,-123.516142799999997,,NA,NA,"26161119",obs_exotic,file:///D:/Simon/Sync/Root/GIS/Biodiversity%20Data/obs_exotic.csv?type=csv&maxFields=10000&detectTypes=yes&xField=longitude&yField=latitude&crs=EPSG:4326&spatialIndex=no&subsetIndex=no&watchFile=no
"6176",Mycelis muralis,Mycelis,muralis,,,,exotic,unlisted,,48.950901840000000,-123.516231599999998,,NA,NA,"26371411",obs_exotic,file:///D:/Simon/Sync/Root/GIS/Biodiversity%20Data/obs_exotic.csv?type=csv&maxFields=10000&detectTypes=yes&xField=longitude&yField=latitude&crs=EPSG:4326&spatialIndex=no&subsetIndex=no&watchFile=no
"6177",Mycelis muralis,Mycelis,muralis,,,,exotic,unlisted,,48.870967960000002,-123.348824500000006,,NA,NA,"42363901",obs_exotic,file:///D:/Simon/Sync/Root/GIS/Biodiversity%20Data/obs_exotic.csv?type=csv&maxFields=10000&detectTypes=yes&xField=longitude&yField=latitude&crs=EPSG:4326&spatialIndex=no&subsetIndex=no&watchFile=no
"6178",Mycelis muralis,Mycelis,muralis,,,,exotic,unlisted,,48.871045000000002,-123.348916700000004,,NA,NA,"42363904",obs_exotic,file:///D:/Simon/Sync/Root/GIS/Biodiversity%20Data/obs_exotic.csv?type=csv&maxFields=10000&detectTypes=yes&xField=longitude&yField=latitude&crs=EPSG:4326&spatialIndex=no&subsetIndex=no&watchFile=no
"6179",Mycelis muralis,Mycelis,muralis,,,,exotic,unlisted,,48.932206540000003,-123.478900100000004,,NA,NA,"53388491",obs_exotic,file:///D:/Simon/Sync/Root/GIS/Biodiversity%20Data/obs_exotic.csv?type=csv&maxFields=10000&detectTypes=yes&xField=longitude&yField=latitude&crs=EPSG:4326&spatialIndex=no&subsetIndex=no&watchFile=no
"6180",Mycelis muralis,Mycelis,muralis,,,,exotic,unlisted,,48.928594640000000,-123.469016900000000,,NA,NA,"54689908",obs_exotic,file:///D:/Simon/Sync/Root/GIS/Biodiversity%20Data/obs_exotic.csv?type=csv&maxFields=10000&detectTypes=yes&xField=longitude&yField=latitude&crs=EPSG:4326&spatialIndex=no&subsetIndex=no&watchFile=no
"6181",Mycelis muralis,Mycelis,muralis,,,,exotic,unlisted,,48.929428659999999,-123.469158899999996,,NA,NA,"54691528",obs_exotic,file:///D:/Simon/Sync/Root/GIS/Biodiversity%20Data/obs_exotic.csv?type=csv&maxFields=10000&detectTypes=yes&xField=longitude&yField=latitude&crs=EPSG:4326&spatialIndex=no&subsetIndex=no&watchFile=no
"6182",Mycelis muralis,Mycelis,muralis,,,,exotic,unlisted,,48.887436110000003,-123.362638899999993,,NA,NA,"83097996",obs_exotic,file:///D:/Simon/Sync/Root/GIS/Biodiversity%20Data/obs_exotic.csv?type=csv&maxFields=10000&detectTypes=yes&xField=longitude&yField=latitude&crs=EPSG:4326&spatialIndex=no&subsetIndex=no&watchFile=no
"6183",Mycelis muralis,Mycelis,muralis,,,,exotic,unlisted,,48.883400000000002,-123.327416700000001,,NA,NA,"83208967",obs_exotic,file:///D:/Simon/Sync/Root/GIS/Biodiversity%20Data/obs_exotic.csv?type=csv&maxFields=10000&detectTypes=yes&xField=longitude&yField=latitude&crs=EPSG:4326&spatialIndex=no&subsetIndex=no&watchFile=no
"6184",Mycelis muralis,Mycelis,muralis,,,,exotic,unlisted,,48.865158370000003,-123.352688200000003,,NA,NA,"83596911",obs_exotic,file:///D:/Simon/Sync/Root/GIS/Biodiversity%20Data/obs_exotic.csv?type=csv&maxFields=10000&detectTypes=yes&xField=longitude&yField=latitude&crs=EPSG:4326&spatialIndex=no&subsetIndex=no&watchFile=no
"6185",Mycelis muralis,Mycelis,muralis,,,,exotic,unlisted,,48.876865000000002,-123.385063299999999,,NA,NA,"83738306",obs_exotic,file:///D:/Simon/Sync/Root/GIS/Biodiversity%20Data/obs_exotic.csv?type=csv&maxFields=10000&detectTypes=yes&xField=longitude&yField=latitude&crs=EPSG:4326&spatialIndex=no&subsetIndex=no&watchFile=no
"6186",Mycelis muralis,Mycelis,muralis,,,,exotic,unlisted,,48.927678860000000,-123.468451299999998,,NA,NA,"84063866",obs_exotic,file:///D:/Simon/Sync/Root/GIS/Biodiversity%20Data/obs_exotic.csv?type=csv&maxFields=10000&detectTypes=yes&xField=longitude&yField=latitude&crs=EPSG:4326&spatialIndex=no&subsetIndex=no&watchFile=no
"6187",Mycelis muralis,Mycelis,muralis,,,,exotic,unlisted,,48.927813329999999,-123.471313300000006,,NA,NA,"84338913",obs_exotic,file:///D:/Simon/Sync/Root/GIS/Biodiversity%20Data/obs_exotic.csv?type=csv&maxFields=10000&detectTypes=yes&xField=longitude&yField=latitude&crs=EPSG:4326&spatialIndex=no&subsetIndex=no&watchFile=no
"6188",Mycelis muralis,Mycelis,muralis,,,,exotic,unlisted,,48.929755000000000,-123.474770000000007,,NA,NA,"84499702",obs_exotic,file:///D:/Simon/Sync/Root/GIS/Biodiversity%20Data/obs_exotic.csv?type=csv&maxFields=10000&detectTypes=yes&xField=longitude&yField=latitude&crs=EPSG:4326&spatialIndex=no&subsetIndex=no&watchFile=no
"6189",Mycelis muralis,Mycelis,muralis,,,,exotic,unlisted,,48.928241669999998,-123.468046700000002,,NA,NA,"84750308",obs_exotic,file:///D:/Simon/Sync/Root/GIS/Biodiversity%20Data/obs_exotic.csv?type=csv&maxFields=10000&detectTypes=yes&xField=longitude&yField=latitude&crs=EPSG:4326&spatialIndex=no&subsetIndex=no&watchFile=no
"6190",Mycelis muralis,Mycelis,muralis,,,,exotic,unlisted,,48.931410370000002,-123.478435599999997,,NA,NA,"84809943",obs_exotic,file:///D:/Simon/Sync/Root/GIS/Biodiversity%20Data/obs_exotic.csv?type=csv&maxFields=10000&detectTypes=yes&xField=longitude&yField=latitude&crs=EPSG:4326&spatialIndex=no&subsetIndex=no&watchFile=no
"6191",Mycelis muralis,Mycelis,muralis,,,,exotic,unlisted,,48.900101970000001,-123.343599999999995,,NA,NA,"100646363",obs_exotic,file:///D:/Simon/Sync/Root/GIS/Biodiversity%20Data/obs_exotic.csv?type=csv&maxFields=10000&detectTypes=yes&xField=longitude&yField=latitude&crs=EPSG:4326&spatialIndex=no&subsetIndex=no&watchFile=no
"6192",Mycelis muralis,Mycelis,muralis,,,,exotic,unlisted,,48.929797940000000,-123.467826400000007,,NA,NA,"115150622",obs_exotic,file:///D:/Simon/Sync/Root/GIS/Biodiversity%20Data/obs_exotic.csv?type=csv&maxFields=10000&detectTypes=yes&xField=longitude&yField=latitude&crs=EPSG:4326&spatialIndex=no&subsetIndex=no&watchFile=no
"6193",Mycelis muralis,Mycelis,muralis,,,,exotic,unlisted,,48.904609690000001,-123.367231700000005,,NA,NA,"120891242",obs_exotic,file:///D:/Simon/Sync/Root/GIS/Biodiversity%20Data/obs_exotic.csv?type=csv&maxFields=10000&detectTypes=yes&xField=longitude&yField=latitude&crs=EPSG:4326&spatialIndex=no&subsetIndex=no&watchFile=no
"6194",Mycelis muralis,Mycelis,muralis,,,,exotic,unlisted,,48.888393330000000,-123.336280000000002,,NA,NA,"121538483",obs_exotic,file:///D:/Simon/Sync/Root/GIS/Biodiversity%20Data/obs_exotic.csv?type=csv&maxFields=10000&detectTypes=yes&xField=longitude&yField=latitude&crs=EPSG:4326&spatialIndex=no&subsetIndex=no&watchFile=no
"6195",Mycelis muralis,Mycelis,muralis,,,,exotic,unlisted,,48.928138330000003,-123.467811699999999,,NA,NA,"122094447",obs_exotic,file:///D:/Simon/Sync/Root/GIS/Biodiversity%20Data/obs_exotic.csv?type=csv&maxFields=10000&detectTypes=yes&xField=longitude&yField=latitude&crs=EPSG:4326&spatialIndex=no&subsetIndex=no&watchFile=no
"6196",Mycelis muralis,Mycelis,muralis,,,,exotic,unlisted,,49.012123330000001,-123.575625000000002,,NA,NA,"123934530",obs_exotic,file:///D:/Simon/Sync/Root/GIS/Biodiversity%20Data/obs_exotic.csv?type=csv&maxFields=10000&detectTypes=yes&xField=longitude&yField=latitude&crs=EPSG:4326&spatialIndex=no&subsetIndex=no&watchFile=no
"6197",Mycelis muralis,Mycelis,muralis,,,,exotic,unlisted,,49.011232929999998,-123.574107799999993,,NA,NA,"124067880",obs_exotic,file:///D:/Simon/Sync/Root/GIS/Biodiversity%20Data/obs_exotic.csv?type=csv&maxFields=10000&detectTypes=yes&xField=longitude&yField=latitude&crs=EPSG:4326&spatialIndex=no&subsetIndex=no&watchFile=no
"6198",Mycelis muralis,Mycelis,muralis,,,,exotic,unlisted,,48.907549879999998,-123.364496200000005,,NA,NA,"124297458",obs_exotic,file:///D:/Simon/Sync/Root/GIS/Biodiversity%20Data/obs_exotic.csv?type=csv&maxFields=10000&detectTypes=yes&xField=longitude&yField=latitude&crs=EPSG:4326&spatialIndex=no&subsetIndex=no&watchFile=no
"6199",Myosotis arvensis,Myosotis,arvensis,,,,exotic,unlisted,,48.867206119999999,-123.375472400000007,,NA,NA,"6409658",obs_exotic,file:///D:/Simon/Sync/Root/GIS/Biodiversity%20Data/obs_exotic.csv?type=csv&maxFields=10000&detectTypes=yes&xField=longitude&yField=latitude&crs=EPSG:4326&spatialIndex=no&subsetIndex=no&watchFile=no
"6200",Myosotis arvensis,Myosotis,arvensis,,,,exotic,unlisted,,48.898794000000002,-123.360850999999997,,NA,NA,"13132613",obs_exotic,file:///D:/Simon/Sync/Root/GIS/Biodiversity%20Data/obs_exotic.csv?type=csv&maxFields=10000&detectTypes=yes&xField=longitude&yField=latitude&crs=EPSG:4326&spatialIndex=no&subsetIndex=no&watchFile=no
"6201",Myosotis arvensis,Myosotis,arvensis,,,,exotic,unlisted,,48.991937370000002,-123.570740599999993,,NA,NA,"14524709",obs_exotic,file:///D:/Simon/Sync/Root/GIS/Biodiversity%20Data/obs_exotic.csv?type=csv&maxFields=10000&detectTypes=yes&xField=longitude&yField=latitude&crs=EPSG:4326&spatialIndex=no&subsetIndex=no&watchFile=no
"6202",Myosotis arvensis,Myosotis,arvensis,,,,exotic,unlisted,,48.901386109999997,-123.405699999999996,,NA,NA,"24683894",obs_exotic,file:///D:/Simon/Sync/Root/GIS/Biodiversity%20Data/obs_exotic.csv?type=csv&maxFields=10000&detectTypes=yes&xField=longitude&yField=latitude&crs=EPSG:4326&spatialIndex=no&subsetIndex=no&watchFile=no
"6203",Myosotis arvensis,Myosotis,arvensis,,,,exotic,unlisted,,48.901469440000000,-123.405586099999994,,NA,NA,"24683901",obs_exotic,file:///D:/Simon/Sync/Root/GIS/Biodiversity%20Data/obs_exotic.csv?type=csv&maxFields=10000&detectTypes=yes&xField=longitude&yField=latitude&crs=EPSG:4326&spatialIndex=no&subsetIndex=no&watchFile=no
"6204",Myosotis arvensis,Myosotis,arvensis,,,,exotic,unlisted,,48.868696669999999,-123.315596700000000,,NA,NA,"78767481",obs_exotic,file:///D:/Simon/Sync/Root/GIS/Biodiversity%20Data/obs_exotic.csv?type=csv&maxFields=10000&detectTypes=yes&xField=longitude&yField=latitude&crs=EPSG:4326&spatialIndex=no&subsetIndex=no&watchFile=no
"6205",Myosotis arvensis,Myosotis,arvensis,,,,exotic,unlisted,,48.879161809999999,-123.319639300000006,,NA,NA,"119177621",obs_exotic,file:///D:/Simon/Sync/Root/GIS/Biodiversity%20Data/obs_exotic.csv?type=csv&maxFields=10000&detectTypes=yes&xField=longitude&yField=latitude&crs=EPSG:4326&spatialIndex=no&subsetIndex=no&watchFile=no
"6206",Myosotis discolor,Myosotis,discolor,,,,exotic,unlisted,,48.928173000000001,-123.471564999999998,,NA,NA,"2567285",obs_exotic,file:///D:/Simon/Sync/Root/GIS/Biodiversity%20Data/obs_exotic.csv?type=csv&maxFields=10000&detectTypes=yes&xField=longitude&yField=latitude&crs=EPSG:4326&spatialIndex=no&subsetIndex=no&watchFile=no
"6207",Myosotis discolor,Myosotis,discolor,,,,exotic,unlisted,,48.929695000000002,-123.475470999999999,,NA,NA,"2568029",obs_exotic,file:///D:/Simon/Sync/Root/GIS/Biodiversity%20Data/obs_exotic.csv?type=csv&maxFields=10000&detectTypes=yes&xField=longitude&yField=latitude&crs=EPSG:4326&spatialIndex=no&subsetIndex=no&watchFile=no
"6208",Myosotis discolor,Myosotis,discolor,,,,exotic,unlisted,,48.929209999999998,-123.468131999999997,,NA,NA,"2632638",obs_exotic,file:///D:/Simon/Sync/Root/GIS/Biodiversity%20Data/obs_exotic.csv?type=csv&maxFields=10000&detectTypes=yes&xField=longitude&yField=latitude&crs=EPSG:4326&spatialIndex=no&subsetIndex=no&watchFile=no
"6209",Myosotis discolor,Myosotis,discolor,,,,exotic,unlisted,,48.867718000000004,-123.340086999999997,,NA,NA,"3041305",obs_exotic,file:///D:/Simon/Sync/Root/GIS/Biodiversity%20Data/obs_exotic.csv?type=csv&maxFields=10000&detectTypes=yes&xField=longitude&yField=latitude&crs=EPSG:4326&spatialIndex=no&subsetIndex=no&watchFile=no
"6210",Myosotis discolor,Myosotis,discolor,,,,exotic,unlisted,,48.916645000000003,-123.424272999999999,,NA,NA,"3093996",obs_exotic,file:///D:/Simon/Sync/Root/GIS/Biodiversity%20Data/obs_exotic.csv?type=csv&maxFields=10000&detectTypes=yes&xField=longitude&yField=latitude&crs=EPSG:4326&spatialIndex=no&subsetIndex=no&watchFile=no
"6211",Myosotis discolor,Myosotis,discolor,,,,exotic,unlisted,,48.916249999999998,-123.424959000000001,,NA,NA,"3094709",obs_exotic,file:///D:/Simon/Sync/Root/GIS/Biodiversity%20Data/obs_exotic.csv?type=csv&maxFields=10000&detectTypes=yes&xField=longitude&yField=latitude&crs=EPSG:4326&spatialIndex=no&subsetIndex=no&watchFile=no
"6212",Myosotis discolor,Myosotis,discolor,,,,exotic,unlisted,,48.932485999999997,-123.483839000000003,,NA,NA,"3317657",obs_exotic,file:///D:/Simon/Sync/Root/GIS/Biodiversity%20Data/obs_exotic.csv?type=csv&maxFields=10000&detectTypes=yes&xField=longitude&yField=latitude&crs=EPSG:4326&spatialIndex=no&subsetIndex=no&watchFile=no
"6213",Myosotis discolor,Myosotis,discolor,,,,exotic,unlisted,,48.904561620000003,-123.413457899999997,,NA,NA,"6047542",obs_exotic,file:///D:/Simon/Sync/Root/GIS/Biodiversity%20Data/obs_exotic.csv?type=csv&maxFields=10000&detectTypes=yes&xField=longitude&yField=latitude&crs=EPSG:4326&spatialIndex=no&subsetIndex=no&watchFile=no
"6214",Myosotis discolor,Myosotis,discolor,,,,exotic,unlisted,,48.868130639999997,-123.377494799999994,,NA,NA,"6216798",obs_exotic,file:///D:/Simon/Sync/Root/GIS/Biodiversity%20Data/obs_exotic.csv?type=csv&maxFields=10000&detectTypes=yes&xField=longitude&yField=latitude&crs=EPSG:4326&spatialIndex=no&subsetIndex=no&watchFile=no
"6215",Myosotis discolor,Myosotis,discolor,,,,exotic,unlisted,,48.868441169999997,-123.378095599999995,,NA,NA,"6217025",obs_exotic,file:///D:/Simon/Sync/Root/GIS/Biodiversity%20Data/obs_exotic.csv?type=csv&maxFields=10000&detectTypes=yes&xField=longitude&yField=latitude&crs=EPSG:4326&spatialIndex=no&subsetIndex=no&watchFile=no
"6216",Myosotis discolor,Myosotis,discolor,,,,exotic,unlisted,,48.867255520000001,-123.338141399999998,,NA,NA,"6217215",obs_exotic,file:///D:/Simon/Sync/Root/GIS/Biodiversity%20Data/obs_exotic.csv?type=csv&maxFields=10000&detectTypes=yes&xField=longitude&yField=latitude&crs=EPSG:4326&spatialIndex=no&subsetIndex=no&watchFile=no
"6217",Myosotis discolor,Myosotis,discolor,,,,exotic,unlisted,,48.928899979999997,-123.470020300000002,,NA,NA,"6298763",obs_exotic,file:///D:/Simon/Sync/Root/GIS/Biodiversity%20Data/obs_exotic.csv?type=csv&maxFields=10000&detectTypes=yes&xField=longitude&yField=latitude&crs=EPSG:4326&spatialIndex=no&subsetIndex=no&watchFile=no
"6218",Myosotis discolor,Myosotis,discolor,,,,exotic,unlisted,,48.872082300000002,-123.312289199999995,,NA,NA,"6425062",obs_exotic,file:///D:/Simon/Sync/Root/GIS/Biodiversity%20Data/obs_exotic.csv?type=csv&maxFields=10000&detectTypes=yes&xField=longitude&yField=latitude&crs=EPSG:4326&spatialIndex=no&subsetIndex=no&watchFile=no
"6219",Myosotis discolor,Myosotis,discolor,,,,exotic,unlisted,,48.917155000000001,-123.395988299999999,,NA,NA,"11577379",obs_exotic,file:///D:/Simon/Sync/Root/GIS/Biodiversity%20Data/obs_exotic.csv?type=csv&maxFields=10000&detectTypes=yes&xField=longitude&yField=latitude&crs=EPSG:4326&spatialIndex=no&subsetIndex=no&watchFile=no
"6220",Myosotis discolor,Myosotis,discolor,,,,exotic,unlisted,,48.916389000000002,-123.393894000000003,,NA,NA,"12152672",obs_exotic,file:///D:/Simon/Sync/Root/GIS/Biodiversity%20Data/obs_exotic.csv?type=csv&maxFields=10000&detectTypes=yes&xField=longitude&yField=latitude&crs=EPSG:4326&spatialIndex=no&subsetIndex=no&watchFile=no
"6221",Myosotis discolor,Myosotis,discolor,,,,exotic,unlisted,,48.955672999999997,-123.527168000000003,,NA,NA,"12374111",obs_exotic,file:///D:/Simon/Sync/Root/GIS/Biodiversity%20Data/obs_exotic.csv?type=csv&maxFields=10000&detectTypes=yes&xField=longitude&yField=latitude&crs=EPSG:4326&spatialIndex=no&subsetIndex=no&watchFile=no
"6222",Myosotis discolor,Myosotis,discolor,,,,exotic,unlisted,,48.880172999999999,-123.338239000000002,,NA,NA,"12790070",obs_exotic,file:///D:/Simon/Sync/Root/GIS/Biodiversity%20Data/obs_exotic.csv?type=csv&maxFields=10000&detectTypes=yes&xField=longitude&yField=latitude&crs=EPSG:4326&spatialIndex=no&subsetIndex=no&watchFile=no
"6223",Myosotis discolor,Myosotis,discolor,,,,exotic,unlisted,,48.866956060000000,-123.341274999999996,,NA,NA,"16310365",obs_exotic,file:///D:/Simon/Sync/Root/GIS/Biodiversity%20Data/obs_exotic.csv?type=csv&maxFields=10000&detectTypes=yes&xField=longitude&yField=latitude&crs=EPSG:4326&spatialIndex=no&subsetIndex=no&watchFile=no
"6224",Myosotis discolor,Myosotis,discolor,,,,exotic,unlisted,,48.866956060000000,-123.341274999999996,,NA,NA,"16310372",obs_exotic,file:///D:/Simon/Sync/Root/GIS/Biodiversity%20Data/obs_exotic.csv?type=csv&maxFields=10000&detectTypes=yes&xField=longitude&yField=latitude&crs=EPSG:4326&spatialIndex=no&subsetIndex=no&watchFile=no
"6225",Myosotis discolor,Myosotis,discolor,,,,exotic,unlisted,,48.869063890000000,-123.378288900000001,,NA,NA,"24688017",obs_exotic,file:///D:/Simon/Sync/Root/GIS/Biodiversity%20Data/obs_exotic.csv?type=csv&maxFields=10000&detectTypes=yes&xField=longitude&yField=latitude&crs=EPSG:4326&spatialIndex=no&subsetIndex=no&watchFile=no
"6226",Myosotis discolor,Myosotis,discolor,,,,exotic,unlisted,,48.963480560000001,-123.519730600000003,,NA,NA,"24694129",obs_exotic,file:///D:/Simon/Sync/Root/GIS/Biodiversity%20Data/obs_exotic.csv?type=csv&maxFields=10000&detectTypes=yes&xField=longitude&yField=latitude&crs=EPSG:4326&spatialIndex=no&subsetIndex=no&watchFile=no
"6227",Myosotis discolor,Myosotis,discolor,,,,exotic,unlisted,,48.901381139999998,-123.405229000000006,,NA,NA,"24715619",obs_exotic,file:///D:/Simon/Sync/Root/GIS/Biodiversity%20Data/obs_exotic.csv?type=csv&maxFields=10000&detectTypes=yes&xField=longitude&yField=latitude&crs=EPSG:4326&spatialIndex=no&subsetIndex=no&watchFile=no
"6228",Myosotis discolor,Myosotis,discolor,,,,exotic,unlisted,,48.859641670000002,-123.353226699999993,,NA,NA,"24768178",obs_exotic,file:///D:/Simon/Sync/Root/GIS/Biodiversity%20Data/obs_exotic.csv?type=csv&maxFields=10000&detectTypes=yes&xField=longitude&yField=latitude&crs=EPSG:4326&spatialIndex=no&subsetIndex=no&watchFile=no
"6229",Myosotis discolor,Myosotis,discolor,,,,exotic,unlisted,,48.867430620000000,-123.376047900000003,,NA,NA,"25148237",obs_exotic,file:///D:/Simon/Sync/Root/GIS/Biodiversity%20Data/obs_exotic.csv?type=csv&maxFields=10000&detectTypes=yes&xField=longitude&yField=latitude&crs=EPSG:4326&spatialIndex=no&subsetIndex=no&watchFile=no
"6230",Myosotis discolor,Myosotis,discolor,,,,exotic,unlisted,,48.872612599999997,-123.311641100000003,,NA,NA,"25199270",obs_exotic,file:///D:/Simon/Sync/Root/GIS/Biodiversity%20Data/obs_exotic.csv?type=csv&maxFields=10000&detectTypes=yes&xField=longitude&yField=latitude&crs=EPSG:4326&spatialIndex=no&subsetIndex=no&watchFile=no
"6231",Myosotis discolor,Myosotis,discolor,,,,exotic,unlisted,,48.963511109999999,-123.519744399999993,,NA,NA,"25654997",obs_exotic,file:///D:/Simon/Sync/Root/GIS/Biodiversity%20Data/obs_exotic.csv?type=csv&maxFields=10000&detectTypes=yes&xField=longitude&yField=latitude&crs=EPSG:4326&spatialIndex=no&subsetIndex=no&watchFile=no
"6232",Myosotis discolor,Myosotis,discolor,,,,exotic,unlisted,,48.901254999999999,-123.405333299999995,,NA,NA,"32128778",obs_exotic,file:///D:/Simon/Sync/Root/GIS/Biodiversity%20Data/obs_exotic.csv?type=csv&maxFields=10000&detectTypes=yes&xField=longitude&yField=latitude&crs=EPSG:4326&spatialIndex=no&subsetIndex=no&watchFile=no
"6233",Myosotis discolor,Myosotis,discolor,,,,exotic,unlisted,,48.867621669999998,-123.376538300000007,,NA,NA,"42365243",obs_exotic,file:///D:/Simon/Sync/Root/GIS/Biodiversity%20Data/obs_exotic.csv?type=csv&maxFields=10000&detectTypes=yes&xField=longitude&yField=latitude&crs=EPSG:4326&spatialIndex=no&subsetIndex=no&watchFile=no
"6234",Myosotis discolor,Myosotis,discolor,,,,exotic,unlisted,,48.865738890000003,-123.365297200000001,,NA,NA,"42637630",obs_exotic,file:///D:/Simon/Sync/Root/GIS/Biodiversity%20Data/obs_exotic.csv?type=csv&maxFields=10000&detectTypes=yes&xField=longitude&yField=latitude&crs=EPSG:4326&spatialIndex=no&subsetIndex=no&watchFile=no
"6235",Myosotis discolor,Myosotis,discolor,,,,exotic,unlisted,,48.979063889999999,-123.568180600000005,,NA,NA,"42813430",obs_exotic,file:///D:/Simon/Sync/Root/GIS/Biodiversity%20Data/obs_exotic.csv?type=csv&maxFields=10000&detectTypes=yes&xField=longitude&yField=latitude&crs=EPSG:4326&spatialIndex=no&subsetIndex=no&watchFile=no
"6236",Myosotis discolor,Myosotis,discolor,,,,exotic,unlisted,,48.865838889999999,-123.350172200000003,,NA,NA,"48408551",obs_exotic,file:///D:/Simon/Sync/Root/GIS/Biodiversity%20Data/obs_exotic.csv?type=csv&maxFields=10000&detectTypes=yes&xField=longitude&yField=latitude&crs=EPSG:4326&spatialIndex=no&subsetIndex=no&watchFile=no
"6237",Myosotis discolor,Myosotis,discolor,,,,exotic,unlisted,,48.905538329999999,-123.350546699999995,,NA,NA,"82513145",obs_exotic,file:///D:/Simon/Sync/Root/GIS/Biodiversity%20Data/obs_exotic.csv?type=csv&maxFields=10000&detectTypes=yes&xField=longitude&yField=latitude&crs=EPSG:4326&spatialIndex=no&subsetIndex=no&watchFile=no
"6238",Myosotis discolor,Myosotis,discolor,,,,exotic,unlisted,,48.929011670000001,-123.451286699999997,,NA,NA,"90752065",obs_exotic,file:///D:/Simon/Sync/Root/GIS/Biodiversity%20Data/obs_exotic.csv?type=csv&maxFields=10000&detectTypes=yes&xField=longitude&yField=latitude&crs=EPSG:4326&spatialIndex=no&subsetIndex=no&watchFile=no
"6239",Myosotis discolor,Myosotis,discolor,,,,exotic,unlisted,,48.871558329999999,-123.311066699999998,,NA,NA,"110820843",obs_exotic,file:///D:/Simon/Sync/Root/GIS/Biodiversity%20Data/obs_exotic.csv?type=csv&maxFields=10000&detectTypes=yes&xField=longitude&yField=latitude&crs=EPSG:4326&spatialIndex=no&subsetIndex=no&watchFile=no
"6240",Myosotis discolor,Myosotis,discolor,,,,exotic,unlisted,,48.871521670000000,-123.311036700000002,,NA,NA,"110856176",obs_exotic,file:///D:/Simon/Sync/Root/GIS/Biodiversity%20Data/obs_exotic.csv?type=csv&maxFields=10000&detectTypes=yes&xField=longitude&yField=latitude&crs=EPSG:4326&spatialIndex=no&subsetIndex=no&watchFile=no
"6241",Myosotis discolor,Myosotis,discolor,,,,exotic,unlisted,,48.990038329999997,-123.566578300000003,,NA,NA,"119680231",obs_exotic,file:///D:/Simon/Sync/Root/GIS/Biodiversity%20Data/obs_exotic.csv?type=csv&maxFields=10000&detectTypes=yes&xField=longitude&yField=latitude&crs=EPSG:4326&spatialIndex=no&subsetIndex=no&watchFile=no
"6242",Myosotis discolor,Myosotis,discolor,,,,exotic,unlisted,,48.897588329999998,-123.338989999999995,,NA,NA,"120494846",obs_exotic,file:///D:/Simon/Sync/Root/GIS/Biodiversity%20Data/obs_exotic.csv?type=csv&maxFields=10000&detectTypes=yes&xField=longitude&yField=latitude&crs=EPSG:4326&spatialIndex=no&subsetIndex=no&watchFile=no
"6243",Myosotis discolor,Myosotis,discolor,,,,exotic,unlisted,,48.929944069999998,-123.466230999999993,,NA,NA,"123185391",obs_exotic,file:///D:/Simon/Sync/Root/GIS/Biodiversity%20Data/obs_exotic.csv?type=csv&maxFields=10000&detectTypes=yes&xField=longitude&yField=latitude&crs=EPSG:4326&spatialIndex=no&subsetIndex=no&watchFile=no
"6244",Myosotis discolor,Myosotis,discolor,,,,exotic,unlisted,,49.012961670000003,-123.576020000000000,,NA,NA,"123934521",obs_exotic,file:///D:/Simon/Sync/Root/GIS/Biodiversity%20Data/obs_exotic.csv?type=csv&maxFields=10000&detectTypes=yes&xField=longitude&yField=latitude&crs=EPSG:4326&spatialIndex=no&subsetIndex=no&watchFile=no
"6271",Myosotis scorpioides,Myosotis,scorpioides,,,,exotic,unlisted,,48.867936589999999,-123.384004000000004,,NA,NA,"81637533",obs_exotic,file:///D:/Simon/Sync/Root/GIS/Biodiversity%20Data/obs_exotic.csv?type=csv&maxFields=10000&detectTypes=yes&xField=longitude&yField=latitude&crs=EPSG:4326&spatialIndex=no&subsetIndex=no&watchFile=no
"6272",Myosotis scorpioides,Myosotis,scorpioides,,,,exotic,unlisted,,48.929838889999999,-123.467666699999995,,NA,NA,"125882225",obs_exotic,file:///D:/Simon/Sync/Root/GIS/Biodiversity%20Data/obs_exotic.csv?type=csv&maxFields=10000&detectTypes=yes&xField=longitude&yField=latitude&crs=EPSG:4326&spatialIndex=no&subsetIndex=no&watchFile=no
"6273",Myosotis scorpioides,Myosotis,scorpioides,,,,exotic,unlisted,,48.877103329999997,-123.367670000000004,,NA,NA,"129710523",obs_exotic,file:///D:/Simon/Sync/Root/GIS/Biodiversity%20Data/obs_exotic.csv?type=csv&maxFields=10000&detectTypes=yes&xField=longitude&yField=latitude&crs=EPSG:4326&spatialIndex=no&subsetIndex=no&watchFile=no
"6274",Myosotis sylvatica,Myosotis,sylvatica,,,,exotic,unlisted,,48.861834999999999,-123.351059000000006,,NA,NA,"5635307",obs_exotic,file:///D:/Simon/Sync/Root/GIS/Biodiversity%20Data/obs_exotic.csv?type=csv&maxFields=10000&detectTypes=yes&xField=longitude&yField=latitude&crs=EPSG:4326&spatialIndex=no&subsetIndex=no&watchFile=no
"6275",Narcissus poeticus,Narcissus,poeticus,,,,exotic,unlisted,,48.871595710000001,-123.310789299999996,,NA,NA,"24713792",obs_exotic,file:///D:/Simon/Sync/Root/GIS/Biodiversity%20Data/obs_exotic.csv?type=csv&maxFields=10000&detectTypes=yes&xField=longitude&yField=latitude&crs=EPSG:4326&spatialIndex=no&subsetIndex=no&watchFile=no
"6276",Narcissus poeticus,Narcissus,poeticus,,,,exotic,unlisted,,48.871585820000000,-123.310772299999996,,NA,NA,"24714930",obs_exotic,file:///D:/Simon/Sync/Root/GIS/Biodiversity%20Data/obs_exotic.csv?type=csv&maxFields=10000&detectTypes=yes&xField=longitude&yField=latitude&crs=EPSG:4326&spatialIndex=no&subsetIndex=no&watchFile=no
"6277",Narcissus poeticus,Narcissus,poeticus,,,,exotic,unlisted,,48.871641670000002,-123.310820000000007,,NA,NA,"24874151",obs_exotic,file:///D:/Simon/Sync/Root/GIS/Biodiversity%20Data/obs_exotic.csv?type=csv&maxFields=10000&detectTypes=yes&xField=longitude&yField=latitude&crs=EPSG:4326&spatialIndex=no&subsetIndex=no&watchFile=no
"6278",Narcissus poeticus,Narcissus,poeticus,,,,exotic,unlisted,,48.871599990000000,-123.310798800000001,,NA,NA,"25483375",obs_exotic,file:///D:/Simon/Sync/Root/GIS/Biodiversity%20Data/obs_exotic.csv?type=csv&maxFields=10000&detectTypes=yes&xField=longitude&yField=latitude&crs=EPSG:4326&spatialIndex=no&subsetIndex=no&watchFile=no
"6279",Narcissus pseudonarcissus,Narcissus,pseudonarcissus,,,,exotic,unlisted,,48.930197000000000,-123.476113999999995,,NA,NA,"2566214",obs_exotic,file:///D:/Simon/Sync/Root/GIS/Biodiversity%20Data/obs_exotic.csv?type=csv&maxFields=10000&detectTypes=yes&xField=longitude&yField=latitude&crs=EPSG:4326&spatialIndex=no&subsetIndex=no&watchFile=no
"6280",Narcissus pseudonarcissus,Narcissus,pseudonarcissus,,,,exotic,unlisted,,48.929830000000003,-123.475684999999999,,NA,NA,"2566435",obs_exotic,file:///D:/Simon/Sync/Root/GIS/Biodiversity%20Data/obs_exotic.csv?type=csv&maxFields=10000&detectTypes=yes&xField=longitude&yField=latitude&crs=EPSG:4326&spatialIndex=no&subsetIndex=no&watchFile=no
"6281",Narcissus pseudonarcissus,Narcissus,pseudonarcissus,,,,exotic,unlisted,,48.930394000000000,-123.475341999999998,,NA,NA,"2566607",obs_exotic,file:///D:/Simon/Sync/Root/GIS/Biodiversity%20Data/obs_exotic.csv?type=csv&maxFields=10000&detectTypes=yes&xField=longitude&yField=latitude&crs=EPSG:4326&spatialIndex=no&subsetIndex=no&watchFile=no
"6282",Narcissus pseudonarcissus,Narcissus,pseudonarcissus,,,,exotic,unlisted,,48.930732999999996,-123.475684999999999,,NA,NA,"2589126",obs_exotic,file:///D:/Simon/Sync/Root/GIS/Biodiversity%20Data/obs_exotic.csv?type=csv&maxFields=10000&detectTypes=yes&xField=longitude&yField=latitude&crs=EPSG:4326&spatialIndex=no&subsetIndex=no&watchFile=no
"6283",Narcissus pseudonarcissus,Narcissus,pseudonarcissus,,,,exotic,unlisted,,48.879221670000000,-123.320480000000003,,NA,NA,"105893564",obs_exotic,file:///D:/Simon/Sync/Root/GIS/Biodiversity%20Data/obs_exotic.csv?type=csv&maxFields=10000&detectTypes=yes&xField=longitude&yField=latitude&crs=EPSG:4326&spatialIndex=no&subsetIndex=no&watchFile=no
"6284",Nasturtium officinale,Nasturtium,officinale,,,,exotic,unlisted,,48.895941669999999,-123.347191699999996,,NA,NA,"2817044",obs_exotic,file:///D:/Simon/Sync/Root/GIS/Biodiversity%20Data/obs_exotic.csv?type=csv&maxFields=10000&detectTypes=yes&xField=longitude&yField=latitude&crs=EPSG:4326&spatialIndex=no&subsetIndex=no&watchFile=no
"6285",Nasturtium officinale,Nasturtium,officinale,,,,exotic,unlisted,,48.879026310000000,-123.319231799999997,,NA,NA,"2954786",obs_exotic,file:///D:/Simon/Sync/Root/GIS/Biodiversity%20Data/obs_exotic.csv?type=csv&maxFields=10000&detectTypes=yes&xField=longitude&yField=latitude&crs=EPSG:4326&spatialIndex=no&subsetIndex=no&watchFile=no
"6286",Nasturtium officinale,Nasturtium,officinale,,,,exotic,unlisted,,48.897924000000003,-123.340535000000003,,NA,NA,"3444340",obs_exotic,file:///D:/Simon/Sync/Root/GIS/Biodiversity%20Data/obs_exotic.csv?type=csv&maxFields=10000&detectTypes=yes&xField=longitude&yField=latitude&crs=EPSG:4326&spatialIndex=no&subsetIndex=no&watchFile=no
"6459",Nymphoides peltata,Nymphoides,peltata,,,,exotic,unlisted,,48.913928329999997,-123.411003300000004,,NA,NA,"128764205",obs_exotic,file:///D:/Simon/Sync/Root/GIS/Biodiversity%20Data/obs_exotic.csv?type=csv&maxFields=10000&detectTypes=yes&xField=longitude&yField=latitude&crs=EPSG:4326&spatialIndex=no&subsetIndex=no&watchFile=no
"6518",Oenothera biennis,Oenothera,biennis,,,,exotic,unlisted,,48.940010229999999,-123.491779699999995,,NA,NA,"15604522",obs_exotic,file:///D:/Simon/Sync/Root/GIS/Biodiversity%20Data/obs_exotic.csv?type=csv&maxFields=10000&detectTypes=yes&xField=longitude&yField=latitude&crs=EPSG:4326&spatialIndex=no&subsetIndex=no&watchFile=no
"6526",Origanum vulgare,Origanum,vulgare,,,,exotic,unlisted,,48.989988500000003,-123.576137099999997,,NA,NA,"43742992",obs_exotic,file:///D:/Simon/Sync/Root/GIS/Biodiversity%20Data/obs_exotic.csv?type=csv&maxFields=10000&detectTypes=yes&xField=longitude&yField=latitude&crs=EPSG:4326&spatialIndex=no&subsetIndex=no&watchFile=no
"6527",Origanum vulgare,Origanum,vulgare,,,,exotic,unlisted,,48.870941670000001,-123.321228300000001,,NA,NA,"130445913",obs_exotic,file:///D:/Simon/Sync/Root/GIS/Biodiversity%20Data/obs_exotic.csv?type=csv&maxFields=10000&detectTypes=yes&xField=longitude&yField=latitude&crs=EPSG:4326&spatialIndex=no&subsetIndex=no&watchFile=no
"6528",Ornithogalum umbellatum,Ornithogalum,umbellatum,,,,exotic,unlisted,,48.979820779999997,-123.537590499999993,,NA,NA,"6411952",obs_exotic,file:///D:/Simon/Sync/Root/GIS/Biodiversity%20Data/obs_exotic.csv?type=csv&maxFields=10000&detectTypes=yes&xField=longitude&yField=latitude&crs=EPSG:4326&spatialIndex=no&subsetIndex=no&watchFile=no
"6529",Ornithogalum umbellatum,Ornithogalum,umbellatum,,,,exotic,unlisted,,48.972488429999999,-123.563060199999995,,NA,NA,"24479594",obs_exotic,file:///D:/Simon/Sync/Root/GIS/Biodiversity%20Data/obs_exotic.csv?type=csv&maxFields=10000&detectTypes=yes&xField=longitude&yField=latitude&crs=EPSG:4326&spatialIndex=no&subsetIndex=no&watchFile=no
"6602",Oxalis corniculata,Oxalis,corniculata,,,,exotic,unlisted,,48.879022329999998,-123.319982699999997,,NA,NA,"46518419",obs_exotic,file:///D:/Simon/Sync/Root/GIS/Biodiversity%20Data/obs_exotic.csv?type=csv&maxFields=10000&detectTypes=yes&xField=longitude&yField=latitude&crs=EPSG:4326&spatialIndex=no&subsetIndex=no&watchFile=no
"6603",Oxalis corniculata,Oxalis,corniculata,,,,exotic,unlisted,,48.872933330000002,-123.346641700000006,,NA,NA,"84109075",obs_exotic,file:///D:/Simon/Sync/Root/GIS/Biodiversity%20Data/obs_exotic.csv?type=csv&maxFields=10000&detectTypes=yes&xField=longitude&yField=latitude&crs=EPSG:4326&spatialIndex=no&subsetIndex=no&watchFile=no
"6639",Persicaria maculosa,Persicaria,maculosa,,,,exotic,unlisted,,48.871216670000003,-123.321044999999998,,NA,NA,"130335029",obs_exotic,file:///D:/Simon/Sync/Root/GIS/Biodiversity%20Data/obs_exotic.csv?type=csv&maxFields=10000&detectTypes=yes&xField=longitude&yField=latitude&crs=EPSG:4326&spatialIndex=no&subsetIndex=no&watchFile=no
"6640",Petasites japonicus,Petasites,japonicus,,,,exotic,unlisted,,48.997776780000002,-123.579556499999995,,NA,NA,"31535496",obs_exotic,file:///D:/Simon/Sync/Root/GIS/Biodiversity%20Data/obs_exotic.csv?type=csv&maxFields=10000&detectTypes=yes&xField=longitude&yField=latitude&crs=EPSG:4326&spatialIndex=no&subsetIndex=no&watchFile=no
"6641",Petasites japonicus,Petasites,japonicus,,,,exotic,unlisted,,48.926011670000001,-123.455574999999996,,NA,NA,"57665664",obs_exotic,file:///D:/Simon/Sync/Root/GIS/Biodiversity%20Data/obs_exotic.csv?type=csv&maxFields=10000&detectTypes=yes&xField=longitude&yField=latitude&crs=EPSG:4326&spatialIndex=no&subsetIndex=no&watchFile=no
"6642",Petasites japonicus,Petasites,japonicus,,,,exotic,unlisted,,49.007309999999997,-123.584702500000006,,NA,NA,"80016979",obs_exotic,file:///D:/Simon/Sync/Root/GIS/Biodiversity%20Data/obs_exotic.csv?type=csv&maxFields=10000&detectTypes=yes&xField=longitude&yField=latitude&crs=EPSG:4326&spatialIndex=no&subsetIndex=no&watchFile=no
"6643",Petasites japonicus,Petasites,japonicus,,,,exotic,unlisted,,48.900028329999998,-123.344125000000005,,NA,NA,"108570186",obs_exotic,file:///D:/Simon/Sync/Root/GIS/Biodiversity%20Data/obs_exotic.csv?type=csv&maxFields=10000&detectTypes=yes&xField=longitude&yField=latitude&crs=EPSG:4326&spatialIndex=no&subsetIndex=no&watchFile=no
"6644",Petrosedum forsterianum,Petrosedum,forsterianum,,,,exotic,unlisted,,48.930481999999998,-123.475837999999996,,NA,NA,"2583337",obs_exotic,file:///D:/Simon/Sync/Root/GIS/Biodiversity%20Data/obs_exotic.csv?type=csv&maxFields=10000&detectTypes=yes&xField=longitude&yField=latitude&crs=EPSG:4326&spatialIndex=no&subsetIndex=no&watchFile=no
"6645",Petrosedum forsterianum,Petrosedum,forsterianum,,,,exotic,unlisted,,48.930653999999997,-123.475256000000002,,NA,NA,"2599934",obs_exotic,file:///D:/Simon/Sync/Root/GIS/Biodiversity%20Data/obs_exotic.csv?type=csv&maxFields=10000&detectTypes=yes&xField=longitude&yField=latitude&crs=EPSG:4326&spatialIndex=no&subsetIndex=no&watchFile=no
"6646",Petrosedum forsterianum,Petrosedum,forsterianum,,,,exotic,unlisted,,48.902053000000002,-123.345460000000003,,NA,NA,"4397432",obs_exotic,file:///D:/Simon/Sync/Root/GIS/Biodiversity%20Data/obs_exotic.csv?type=csv&maxFields=10000&detectTypes=yes&xField=longitude&yField=latitude&crs=EPSG:4326&spatialIndex=no&subsetIndex=no&watchFile=no
"6647",Petrosedum forsterianum,Petrosedum,forsterianum,,,,exotic,unlisted,,48.935046000000000,-123.490747999999996,,NA,NA,"6472897",obs_exotic,file:///D:/Simon/Sync/Root/GIS/Biodiversity%20Data/obs_exotic.csv?type=csv&maxFields=10000&detectTypes=yes&xField=longitude&yField=latitude&crs=EPSG:4326&spatialIndex=no&subsetIndex=no&watchFile=no
"6648",Petrosedum forsterianum,Petrosedum,forsterianum,,,,exotic,unlisted,,48.982660590000002,-123.555530399999995,,NA,NA,"13198275",obs_exotic,file:///D:/Simon/Sync/Root/GIS/Biodiversity%20Data/obs_exotic.csv?type=csv&maxFields=10000&detectTypes=yes&xField=longitude&yField=latitude&crs=EPSG:4326&spatialIndex=no&subsetIndex=no&watchFile=no
"6649",Petrosedum forsterianum,Petrosedum,forsterianum,,,,exotic,unlisted,,48.897392760000002,-123.338793400000000,,NA,NA,"26288910",obs_exotic,file:///D:/Simon/Sync/Root/GIS/Biodiversity%20Data/obs_exotic.csv?type=csv&maxFields=10000&detectTypes=yes&xField=longitude&yField=latitude&crs=EPSG:4326&spatialIndex=no&subsetIndex=no&watchFile=no
"6650",Petrosedum forsterianum,Petrosedum,forsterianum,,,,exotic,unlisted,,48.977391670000003,-123.566528300000002,,NA,NA,"31324205",obs_exotic,file:///D:/Simon/Sync/Root/GIS/Biodiversity%20Data/obs_exotic.csv?type=csv&maxFields=10000&detectTypes=yes&xField=longitude&yField=latitude&crs=EPSG:4326&spatialIndex=no&subsetIndex=no&watchFile=no
"6651",Petrosedum forsterianum,Petrosedum,forsterianum,,,,exotic,unlisted,,48.977195000000002,-123.566741699999994,,NA,NA,"84387371",obs_exotic,file:///D:/Simon/Sync/Root/GIS/Biodiversity%20Data/obs_exotic.csv?type=csv&maxFields=10000&detectTypes=yes&xField=longitude&yField=latitude&crs=EPSG:4326&spatialIndex=no&subsetIndex=no&watchFile=no
"6652",Petrosedum forsterianum,Petrosedum,forsterianum,,,,exotic,unlisted,,48.877621290000000,-123.317935700000007,,NA,NA,"125707450",obs_exotic,file:///D:/Simon/Sync/Root/GIS/Biodiversity%20Data/obs_exotic.csv?type=csv&maxFields=10000&detectTypes=yes&xField=longitude&yField=latitude&crs=EPSG:4326&spatialIndex=no&subsetIndex=no&watchFile=no
"6653",Petrosedum forsterianum,Petrosedum,forsterianum,,,,exotic,unlisted,,48.977321670000002,-123.566413299999994,,NA,NA,"129718706",obs_exotic,file:///D:/Simon/Sync/Root/GIS/Biodiversity%20Data/obs_exotic.csv?type=csv&maxFields=10000&detectTypes=yes&xField=longitude&yField=latitude&crs=EPSG:4326&spatialIndex=no&subsetIndex=no&watchFile=no
"6654",Petroselinum crispum,Petroselinum,crispum,,,,exotic,unlisted,,48.877902779999999,-123.316508299999995,,NA,NA,"26372173",obs_exotic,file:///D:/Simon/Sync/Root/GIS/Biodiversity%20Data/obs_exotic.csv?type=csv&maxFields=10000&detectTypes=yes&xField=longitude&yField=latitude&crs=EPSG:4326&spatialIndex=no&subsetIndex=no&watchFile=no
"6655",Petroselinum crispum,Petroselinum,crispum,,,,exotic,unlisted,,48.866776930000000,-123.344521999999998,,NA,NA,"111748068",obs_exotic,file:///D:/Simon/Sync/Root/GIS/Biodiversity%20Data/obs_exotic.csv?type=csv&maxFields=10000&detectTypes=yes&xField=longitude&yField=latitude&crs=EPSG:4326&spatialIndex=no&subsetIndex=no&watchFile=no
"6660",Phalaris arundinacea,Phalaris,arundinacea,,,,exotic,unlisted,,48.948452000000003,-123.502377999999993,,NA,NA,"3414639",obs_exotic,file:///D:/Simon/Sync/Root/GIS/Biodiversity%20Data/obs_exotic.csv?type=csv&maxFields=10000&detectTypes=yes&xField=longitude&yField=latitude&crs=EPSG:4326&spatialIndex=no&subsetIndex=no&watchFile=no
"6661",Phalaris arundinacea,Phalaris,arundinacea,,,,exotic,unlisted,,48.890551000000002,-123.347639000000001,,NA,NA,"3680918",obs_exotic,file:///D:/Simon/Sync/Root/GIS/Biodiversity%20Data/obs_exotic.csv?type=csv&maxFields=10000&detectTypes=yes&xField=longitude&yField=latitude&crs=EPSG:4326&spatialIndex=no&subsetIndex=no&watchFile=no
"6662",Phalaris arundinacea,Phalaris,arundinacea,,,,exotic,unlisted,,48.874077000000000,-123.342488000000003,,NA,NA,"12791100",obs_exotic,file:///D:/Simon/Sync/Root/GIS/Biodiversity%20Data/obs_exotic.csv?type=csv&maxFields=10000&detectTypes=yes&xField=longitude&yField=latitude&crs=EPSG:4326&spatialIndex=no&subsetIndex=no&watchFile=no
"6663",Phalaris arundinacea,Phalaris,arundinacea,,,,exotic,unlisted,,48.884745000000002,-123.343761000000001,,NA,NA,"13066456",obs_exotic,file:///D:/Simon/Sync/Root/GIS/Biodiversity%20Data/obs_exotic.csv?type=csv&maxFields=10000&detectTypes=yes&xField=longitude&yField=latitude&crs=EPSG:4326&spatialIndex=no&subsetIndex=no&watchFile=no
"6664",Phalaris arundinacea,Phalaris,arundinacea,,,,exotic,unlisted,,48.929822979999997,-123.467630999999997,,NA,NA,"52907484",obs_exotic,file:///D:/Simon/Sync/Root/GIS/Biodiversity%20Data/obs_exotic.csv?type=csv&maxFields=10000&detectTypes=yes&xField=longitude&yField=latitude&crs=EPSG:4326&spatialIndex=no&subsetIndex=no&watchFile=no
"6665",Phalaris arundinacea,Phalaris,arundinacea,,,,exotic,unlisted,,48.929860789999999,-123.467521199999993,,NA,NA,"52922967",obs_exotic,file:///D:/Simon/Sync/Root/GIS/Biodiversity%20Data/obs_exotic.csv?type=csv&maxFields=10000&detectTypes=yes&xField=longitude&yField=latitude&crs=EPSG:4326&spatialIndex=no&subsetIndex=no&watchFile=no
"6666",Phalaris arundinacea,Phalaris,arundinacea,,,,exotic,unlisted,,48.883938329999999,-123.368615000000005,,NA,NA,"53020583",obs_exotic,file:///D:/Simon/Sync/Root/GIS/Biodiversity%20Data/obs_exotic.csv?type=csv&maxFields=10000&detectTypes=yes&xField=longitude&yField=latitude&crs=EPSG:4326&spatialIndex=no&subsetIndex=no&watchFile=no
"6667",Phalaris arundinacea,Phalaris,arundinacea,,,,exotic,unlisted,,48.929155500000000,-123.469586300000003,,NA,NA,"68348339",obs_exotic,file:///D:/Simon/Sync/Root/GIS/Biodiversity%20Data/obs_exotic.csv?type=csv&maxFields=10000&detectTypes=yes&xField=longitude&yField=latitude&crs=EPSG:4326&spatialIndex=no&subsetIndex=no&watchFile=no
"6668",Phalaris arundinacea,Phalaris,arundinacea,,,,exotic,unlisted,,48.931395260000002,-123.475628400000005,,NA,NA,"84595323",obs_exotic,file:///D:/Simon/Sync/Root/GIS/Biodiversity%20Data/obs_exotic.csv?type=csv&maxFields=10000&detectTypes=yes&xField=longitude&yField=latitude&crs=EPSG:4326&spatialIndex=no&subsetIndex=no&watchFile=no
"6669",Phalaris arundinacea,Phalaris,arundinacea,,,,exotic,unlisted,,48.864693330000001,-123.364083300000004,,NA,NA,"85291227",obs_exotic,file:///D:/Simon/Sync/Root/GIS/Biodiversity%20Data/obs_exotic.csv?type=csv&maxFields=10000&detectTypes=yes&xField=longitude&yField=latitude&crs=EPSG:4326&spatialIndex=no&subsetIndex=no&watchFile=no
"6670",Phalaris arundinacea,Phalaris,arundinacea,,,,exotic,unlisted,,48.876017959999999,-123.371617200000003,,NA,NA,"118608390",obs_exotic,file:///D:/Simon/Sync/Root/GIS/Biodiversity%20Data/obs_exotic.csv?type=csv&maxFields=10000&detectTypes=yes&xField=longitude&yField=latitude&crs=EPSG:4326&spatialIndex=no&subsetIndex=no&watchFile=no
"6671",Phalaris arundinacea,Phalaris,arundinacea,,,,exotic,unlisted,,48.872998330000001,-123.315963300000007,,NA,NA,"119369465",obs_exotic,file:///D:/Simon/Sync/Root/GIS/Biodiversity%20Data/obs_exotic.csv?type=csv&maxFields=10000&detectTypes=yes&xField=longitude&yField=latitude&crs=EPSG:4326&spatialIndex=no&subsetIndex=no&watchFile=no
"6672",Phalaris arundinacea,Phalaris,arundinacea,,,,exotic,unlisted,,48.871609999999997,-123.314811700000007,,NA,NA,"119369489",obs_exotic,file:///D:/Simon/Sync/Root/GIS/Biodiversity%20Data/obs_exotic.csv?type=csv&maxFields=10000&detectTypes=yes&xField=longitude&yField=latitude&crs=EPSG:4326&spatialIndex=no&subsetIndex=no&watchFile=no
"6673",Phalaris arundinacea,Phalaris,arundinacea,,,,exotic,unlisted,,48.866876670000003,-123.319643299999996,,NA,NA,"122258298",obs_exotic,file:///D:/Simon/Sync/Root/GIS/Biodiversity%20Data/obs_exotic.csv?type=csv&maxFields=10000&detectTypes=yes&xField=longitude&yField=latitude&crs=EPSG:4326&spatialIndex=no&subsetIndex=no&watchFile=no
"6674",Phalaris arundinacea,Phalaris,arundinacea,,,,exotic,unlisted,,48.909794439999999,-123.416205599999998,,NA,NA,"125189727",obs_exotic,file:///D:/Simon/Sync/Root/GIS/Biodiversity%20Data/obs_exotic.csv?type=csv&maxFields=10000&detectTypes=yes&xField=longitude&yField=latitude&crs=EPSG:4326&spatialIndex=no&subsetIndex=no&watchFile=no
"6675",Phalaris arundinacea,Phalaris,arundinacea,,,,exotic,unlisted,,48.877481670000002,-123.366425000000007,,NA,NA,"129778445",obs_exotic,file:///D:/Simon/Sync/Root/GIS/Biodiversity%20Data/obs_exotic.csv?type=csv&maxFields=10000&detectTypes=yes&xField=longitude&yField=latitude&crs=EPSG:4326&spatialIndex=no&subsetIndex=no&watchFile=no
"6676",Phalaris canariensis,Phalaris,canariensis,,,,exotic,unlisted,,48.895440999999998,-123.339848000000003,,NA,NA,"3445137",obs_exotic,file:///D:/Simon/Sync/Root/GIS/Biodiversity%20Data/obs_exotic.csv?type=csv&maxFields=10000&detectTypes=yes&xField=longitude&yField=latitude&crs=EPSG:4326&spatialIndex=no&subsetIndex=no&watchFile=no
"6679",Phleum pratense,Phleum,pratense,,,,exotic,unlisted,,48.928479260000003,-123.445215500000003,,NA,NA,"14247652",obs_exotic,file:///D:/Simon/Sync/Root/GIS/Biodiversity%20Data/obs_exotic.csv?type=csv&maxFields=10000&detectTypes=yes&xField=longitude&yField=latitude&crs=EPSG:4326&spatialIndex=no&subsetIndex=no&watchFile=no
"6680",Phleum pratense,Phleum,pratense,,,,exotic,unlisted,,48.932175340000001,-123.478992899999994,,NA,NA,"53390951",obs_exotic,file:///D:/Simon/Sync/Root/GIS/Biodiversity%20Data/obs_exotic.csv?type=csv&maxFields=10000&detectTypes=yes&xField=longitude&yField=latitude&crs=EPSG:4326&spatialIndex=no&subsetIndex=no&watchFile=no
"6699",Pilosella aurantiaca,Pilosella,aurantiaca,,,,exotic,unlisted,,48.879191669999997,-123.319929999999999,,NA,NA,"3855802",obs_exotic,file:///D:/Simon/Sync/Root/GIS/Biodiversity%20Data/obs_exotic.csv?type=csv&maxFields=10000&detectTypes=yes&xField=longitude&yField=latitude&crs=EPSG:4326&spatialIndex=no&subsetIndex=no&watchFile=no
"6700",Pilosella aurantiaca,Pilosella,aurantiaca,,,,exotic,unlisted,,48.930215590000003,-123.466492700000003,,NA,NA,"84388545",obs_exotic,file:///D:/Simon/Sync/Root/GIS/Biodiversity%20Data/obs_exotic.csv?type=csv&maxFields=10000&detectTypes=yes&xField=longitude&yField=latitude&crs=EPSG:4326&spatialIndex=no&subsetIndex=no&watchFile=no
"6706",Plantago lanceolata,Plantago,lanceolata,,,,exotic,unlisted,,48.929898000000001,-123.475513000000007,,NA,NA,"2568046",obs_exotic,file:///D:/Simon/Sync/Root/GIS/Biodiversity%20Data/obs_exotic.csv?type=csv&maxFields=10000&detectTypes=yes&xField=longitude&yField=latitude&crs=EPSG:4326&spatialIndex=no&subsetIndex=no&watchFile=no
"6707",Plantago lanceolata,Plantago,lanceolata,,,,exotic,unlisted,,48.929774000000002,-123.473023999999995,,NA,NA,"2569395",obs_exotic,file:///D:/Simon/Sync/Root/GIS/Biodiversity%20Data/obs_exotic.csv?type=csv&maxFields=10000&detectTypes=yes&xField=longitude&yField=latitude&crs=EPSG:4326&spatialIndex=no&subsetIndex=no&watchFile=no
"6708",Plantago lanceolata,Plantago,lanceolata,,,,exotic,unlisted,,49.014268000000001,-123.573959000000002,,NA,NA,"2588463",obs_exotic,file:///D:/Simon/Sync/Root/GIS/Biodiversity%20Data/obs_exotic.csv?type=csv&maxFields=10000&detectTypes=yes&xField=longitude&yField=latitude&crs=EPSG:4326&spatialIndex=no&subsetIndex=no&watchFile=no
"6709",Plantago lanceolata,Plantago,lanceolata,,,,exotic,unlisted,,48.928519000000001,-123.468969999999999,,NA,NA,"2622504",obs_exotic,file:///D:/Simon/Sync/Root/GIS/Biodiversity%20Data/obs_exotic.csv?type=csv&maxFields=10000&detectTypes=yes&xField=longitude&yField=latitude&crs=EPSG:4326&spatialIndex=no&subsetIndex=no&watchFile=no
"6710",Plantago lanceolata,Plantago,lanceolata,,,,exotic,unlisted,,48.931297000000001,-123.476027999999999,,NA,NA,"2629729",obs_exotic,file:///D:/Simon/Sync/Root/GIS/Biodiversity%20Data/obs_exotic.csv?type=csv&maxFields=10000&detectTypes=yes&xField=longitude&yField=latitude&crs=EPSG:4326&spatialIndex=no&subsetIndex=no&watchFile=no
"6711",Plantago lanceolata,Plantago,lanceolata,,,,exotic,unlisted,,48.930844999999998,-123.473968999999997,,NA,NA,"2663705",obs_exotic,file:///D:/Simon/Sync/Root/GIS/Biodiversity%20Data/obs_exotic.csv?type=csv&maxFields=10000&detectTypes=yes&xField=longitude&yField=latitude&crs=EPSG:4326&spatialIndex=no&subsetIndex=no&watchFile=no
"6712",Plantago lanceolata,Plantago,lanceolata,,,,exotic,unlisted,,48.931071000000003,-123.473367999999994,,NA,NA,"2663815",obs_exotic,file:///D:/Simon/Sync/Root/GIS/Biodiversity%20Data/obs_exotic.csv?type=csv&maxFields=10000&detectTypes=yes&xField=longitude&yField=latitude&crs=EPSG:4326&spatialIndex=no&subsetIndex=no&watchFile=no
"6713",Plantago lanceolata,Plantago,lanceolata,,,,exotic,unlisted,,48.867718000000004,-123.340086999999997,,NA,NA,"3041387",obs_exotic,file:///D:/Simon/Sync/Root/GIS/Biodiversity%20Data/obs_exotic.csv?type=csv&maxFields=10000&detectTypes=yes&xField=longitude&yField=latitude&crs=EPSG:4326&spatialIndex=no&subsetIndex=no&watchFile=no
"6714",Plantago lanceolata,Plantago,lanceolata,,,,exotic,unlisted,,48.896949999999997,-123.406677000000002,,NA,NA,"3310755",obs_exotic,file:///D:/Simon/Sync/Root/GIS/Biodiversity%20Data/obs_exotic.csv?type=csv&maxFields=10000&detectTypes=yes&xField=longitude&yField=latitude&crs=EPSG:4326&spatialIndex=no&subsetIndex=no&watchFile=no
"6715",Plantago lanceolata,Plantago,lanceolata,,,,exotic,unlisted,,48.932485999999997,-123.483839000000003,,NA,NA,"3317726",obs_exotic,file:///D:/Simon/Sync/Root/GIS/Biodiversity%20Data/obs_exotic.csv?type=csv&maxFields=10000&detectTypes=yes&xField=longitude&yField=latitude&crs=EPSG:4326&spatialIndex=no&subsetIndex=no&watchFile=no
"6716",Plantago lanceolata,Plantago,lanceolata,,,,exotic,unlisted,,48.948452000000003,-123.502377999999993,,NA,NA,"3414259",obs_exotic,file:///D:/Simon/Sync/Root/GIS/Biodiversity%20Data/obs_exotic.csv?type=csv&maxFields=10000&detectTypes=yes&xField=longitude&yField=latitude&crs=EPSG:4326&spatialIndex=no&subsetIndex=no&watchFile=no
"6717",Plantago lanceolata,Plantago,lanceolata,,,,exotic,unlisted,,48.898254000000001,-123.407535999999993,,NA,NA,"3498387",obs_exotic,file:///D:/Simon/Sync/Root/GIS/Biodiversity%20Data/obs_exotic.csv?type=csv&maxFields=10000&detectTypes=yes&xField=longitude&yField=latitude&crs=EPSG:4326&spatialIndex=no&subsetIndex=no&watchFile=no
"6718",Plantago lanceolata,Plantago,lanceolata,,,,exotic,unlisted,,48.930055969999998,-123.475320300000007,,NA,NA,"6298741",obs_exotic,file:///D:/Simon/Sync/Root/GIS/Biodiversity%20Data/obs_exotic.csv?type=csv&maxFields=10000&detectTypes=yes&xField=longitude&yField=latitude&crs=EPSG:4326&spatialIndex=no&subsetIndex=no&watchFile=no
"6719",Plantago lanceolata,Plantago,lanceolata,,,,exotic,unlisted,,48.940345899999997,-123.504352600000004,,NA,NA,"6306951",obs_exotic,file:///D:/Simon/Sync/Root/GIS/Biodiversity%20Data/obs_exotic.csv?type=csv&maxFields=10000&detectTypes=yes&xField=longitude&yField=latitude&crs=EPSG:4326&spatialIndex=no&subsetIndex=no&watchFile=no
"6720",Plantago lanceolata,Plantago,lanceolata,,,,exotic,unlisted,,48.928059390000001,-123.467742900000005,,NA,NA,"6387161",obs_exotic,file:///D:/Simon/Sync/Root/GIS/Biodiversity%20Data/obs_exotic.csv?type=csv&maxFields=10000&detectTypes=yes&xField=longitude&yField=latitude&crs=EPSG:4326&spatialIndex=no&subsetIndex=no&watchFile=no
"6721",Plantago lanceolata,Plantago,lanceolata,,,,exotic,unlisted,,48.956064550000001,-123.526239399999994,,NA,NA,"6610507",obs_exotic,file:///D:/Simon/Sync/Root/GIS/Biodiversity%20Data/obs_exotic.csv?type=csv&maxFields=10000&detectTypes=yes&xField=longitude&yField=latitude&crs=EPSG:4326&spatialIndex=no&subsetIndex=no&watchFile=no
"6722",Plantago lanceolata,Plantago,lanceolata,,,,exotic,unlisted,,48.874199609999998,-123.380134100000006,,NA,NA,"7280632",obs_exotic,file:///D:/Simon/Sync/Root/GIS/Biodiversity%20Data/obs_exotic.csv?type=csv&maxFields=10000&detectTypes=yes&xField=longitude&yField=latitude&crs=EPSG:4326&spatialIndex=no&subsetIndex=no&watchFile=no
"6723",Plantago lanceolata,Plantago,lanceolata,,,,exotic,unlisted,,48.869700000000002,-123.320400000000006,,NA,NA,"12184033",obs_exotic,file:///D:/Simon/Sync/Root/GIS/Biodiversity%20Data/obs_exotic.csv?type=csv&maxFields=10000&detectTypes=yes&xField=longitude&yField=latitude&crs=EPSG:4326&spatialIndex=no&subsetIndex=no&watchFile=no
"6724",Plantago lanceolata,Plantago,lanceolata,,,,exotic,unlisted,,48.897839949999998,-123.408007799999993,,NA,NA,"24533466",obs_exotic,file:///D:/Simon/Sync/Root/GIS/Biodiversity%20Data/obs_exotic.csv?type=csv&maxFields=10000&detectTypes=yes&xField=longitude&yField=latitude&crs=EPSG:4326&spatialIndex=no&subsetIndex=no&watchFile=no
"6725",Plantago lanceolata,Plantago,lanceolata,,,,exotic,unlisted,,48.962894439999999,-123.518013900000000,,NA,NA,"24663892",obs_exotic,file:///D:/Simon/Sync/Root/GIS/Biodiversity%20Data/obs_exotic.csv?type=csv&maxFields=10000&detectTypes=yes&xField=longitude&yField=latitude&crs=EPSG:4326&spatialIndex=no&subsetIndex=no&watchFile=no
"6726",Plantago lanceolata,Plantago,lanceolata,,,,exotic,unlisted,,48.963347220000003,-123.519294400000007,,NA,NA,"24694138",obs_exotic,file:///D:/Simon/Sync/Root/GIS/Biodiversity%20Data/obs_exotic.csv?type=csv&maxFields=10000&detectTypes=yes&xField=longitude&yField=latitude&crs=EPSG:4326&spatialIndex=no&subsetIndex=no&watchFile=no
"6727",Plantago lanceolata,Plantago,lanceolata,,,,exotic,unlisted,,48.872519439999998,-123.310836100000003,,NA,NA,"24697569",obs_exotic,file:///D:/Simon/Sync/Root/GIS/Biodiversity%20Data/obs_exotic.csv?type=csv&maxFields=10000&detectTypes=yes&xField=longitude&yField=latitude&crs=EPSG:4326&spatialIndex=no&subsetIndex=no&watchFile=no
"6728",Plantago lanceolata,Plantago,lanceolata,,,,exotic,unlisted,,48.872463889999999,-123.310775000000007,,NA,NA,"24697613",obs_exotic,file:///D:/Simon/Sync/Root/GIS/Biodiversity%20Data/obs_exotic.csv?type=csv&maxFields=10000&detectTypes=yes&xField=longitude&yField=latitude&crs=EPSG:4326&spatialIndex=no&subsetIndex=no&watchFile=no
"6729",Plantago lanceolata,Plantago,lanceolata,,,,exotic,unlisted,,48.872442659999997,-123.310661300000007,,NA,NA,"24708378",obs_exotic,file:///D:/Simon/Sync/Root/GIS/Biodiversity%20Data/obs_exotic.csv?type=csv&maxFields=10000&detectTypes=yes&xField=longitude&yField=latitude&crs=EPSG:4326&spatialIndex=no&subsetIndex=no&watchFile=no
"6730",Plantago lanceolata,Plantago,lanceolata,,,,exotic,unlisted,,48.872423329999997,-123.311043299999994,,NA,NA,"24708771",obs_exotic,file:///D:/Simon/Sync/Root/GIS/Biodiversity%20Data/obs_exotic.csv?type=csv&maxFields=10000&detectTypes=yes&xField=longitude&yField=latitude&crs=EPSG:4326&spatialIndex=no&subsetIndex=no&watchFile=no
"6731",Plantago lanceolata,Plantago,lanceolata,,,,exotic,unlisted,,48.962783330000001,-123.519371699999994,,NA,NA,"24710395",obs_exotic,file:///D:/Simon/Sync/Root/GIS/Biodiversity%20Data/obs_exotic.csv?type=csv&maxFields=10000&detectTypes=yes&xField=longitude&yField=latitude&crs=EPSG:4326&spatialIndex=no&subsetIndex=no&watchFile=no
"6732",Plantago lanceolata,Plantago,lanceolata,,,,exotic,unlisted,,48.871805430000002,-123.311229699999998,,NA,NA,"24712326",obs_exotic,file:///D:/Simon/Sync/Root/GIS/Biodiversity%20Data/obs_exotic.csv?type=csv&maxFields=10000&detectTypes=yes&xField=longitude&yField=latitude&crs=EPSG:4326&spatialIndex=no&subsetIndex=no&watchFile=no
"6733",Plantago lanceolata,Plantago,lanceolata,,,,exotic,unlisted,,48.872531590000001,-123.310825100000002,,NA,NA,"24714325",obs_exotic,file:///D:/Simon/Sync/Root/GIS/Biodiversity%20Data/obs_exotic.csv?type=csv&maxFields=10000&detectTypes=yes&xField=longitude&yField=latitude&crs=EPSG:4326&spatialIndex=no&subsetIndex=no&watchFile=no
"6734",Plantago lanceolata,Plantago,lanceolata,,,,exotic,unlisted,,49.013491549999998,-123.573181300000002,,NA,NA,"24748320",obs_exotic,file:///D:/Simon/Sync/Root/GIS/Biodiversity%20Data/obs_exotic.csv?type=csv&maxFields=10000&detectTypes=yes&xField=longitude&yField=latitude&crs=EPSG:4326&spatialIndex=no&subsetIndex=no&watchFile=no
"6735",Plantago lanceolata,Plantago,lanceolata,,,,exotic,unlisted,,48.871563889999997,-123.311638900000005,,NA,NA,"24806725",obs_exotic,file:///D:/Simon/Sync/Root/GIS/Biodiversity%20Data/obs_exotic.csv?type=csv&maxFields=10000&detectTypes=yes&xField=longitude&yField=latitude&crs=EPSG:4326&spatialIndex=no&subsetIndex=no&watchFile=no
"6736",Plantago lanceolata,Plantago,lanceolata,,,,exotic,unlisted,,48.962609219999997,-123.519501000000005,,NA,NA,"24936904",obs_exotic,file:///D:/Simon/Sync/Root/GIS/Biodiversity%20Data/obs_exotic.csv?type=csv&maxFields=10000&detectTypes=yes&xField=longitude&yField=latitude&crs=EPSG:4326&spatialIndex=no&subsetIndex=no&watchFile=no
"6737",Plantago lanceolata,Plantago,lanceolata,,,,exotic,unlisted,,48.872294439999997,-123.310836100000003,,NA,NA,"25048308",obs_exotic,file:///D:/Simon/Sync/Root/GIS/Biodiversity%20Data/obs_exotic.csv?type=csv&maxFields=10000&detectTypes=yes&xField=longitude&yField=latitude&crs=EPSG:4326&spatialIndex=no&subsetIndex=no&watchFile=no
"6738",Plantago lanceolata,Plantago,lanceolata,,,,exotic,unlisted,,48.872326909999998,-123.310861399999993,,NA,NA,"25199513",obs_exotic,file:///D:/Simon/Sync/Root/GIS/Biodiversity%20Data/obs_exotic.csv?type=csv&maxFields=10000&detectTypes=yes&xField=longitude&yField=latitude&crs=EPSG:4326&spatialIndex=no&subsetIndex=no&watchFile=no
"6739",Plantago lanceolata,Plantago,lanceolata,,,,exotic,unlisted,,48.872421080000002,-123.310956200000007,,NA,NA,"25199570",obs_exotic,file:///D:/Simon/Sync/Root/GIS/Biodiversity%20Data/obs_exotic.csv?type=csv&maxFields=10000&detectTypes=yes&xField=longitude&yField=latitude&crs=EPSG:4326&spatialIndex=no&subsetIndex=no&watchFile=no
"6740",Plantago lanceolata,Plantago,lanceolata,,,,exotic,unlisted,,48.899291069999997,-123.407435800000002,,NA,NA,"25200269",obs_exotic,file:///D:/Simon/Sync/Root/GIS/Biodiversity%20Data/obs_exotic.csv?type=csv&maxFields=10000&detectTypes=yes&xField=longitude&yField=latitude&crs=EPSG:4326&spatialIndex=no&subsetIndex=no&watchFile=no
"6741",Plantago lanceolata,Plantago,lanceolata,,,,exotic,unlisted,,48.978631020000002,-123.555957100000001,,NA,NA,"25479625",obs_exotic,file:///D:/Simon/Sync/Root/GIS/Biodiversity%20Data/obs_exotic.csv?type=csv&maxFields=10000&detectTypes=yes&xField=longitude&yField=latitude&crs=EPSG:4326&spatialIndex=no&subsetIndex=no&watchFile=no
"6742",Plantago lanceolata,Plantago,lanceolata,,,,exotic,unlisted,,48.872551080000001,-123.310759899999994,,NA,NA,"25483253",obs_exotic,file:///D:/Simon/Sync/Root/GIS/Biodiversity%20Data/obs_exotic.csv?type=csv&maxFields=10000&detectTypes=yes&xField=longitude&yField=latitude&crs=EPSG:4326&spatialIndex=no&subsetIndex=no&watchFile=no
"6743",Plantago lanceolata,Plantago,lanceolata,,,,exotic,unlisted,,48.898419439999998,-123.408066700000006,,NA,NA,"25656482",obs_exotic,file:///D:/Simon/Sync/Root/GIS/Biodiversity%20Data/obs_exotic.csv?type=csv&maxFields=10000&detectTypes=yes&xField=longitude&yField=latitude&crs=EPSG:4326&spatialIndex=no&subsetIndex=no&watchFile=no
"6744",Plantago lanceolata,Plantago,lanceolata,,,,exotic,unlisted,,48.896794440000001,-123.406311099999996,,NA,NA,"25656483",obs_exotic,file:///D:/Simon/Sync/Root/GIS/Biodiversity%20Data/obs_exotic.csv?type=csv&maxFields=10000&detectTypes=yes&xField=longitude&yField=latitude&crs=EPSG:4326&spatialIndex=no&subsetIndex=no&watchFile=no
"6745",Plantago lanceolata,Plantago,lanceolata,,,,exotic,unlisted,,48.871788889999998,-123.310616699999997,,NA,NA,"25657926",obs_exotic,file:///D:/Simon/Sync/Root/GIS/Biodiversity%20Data/obs_exotic.csv?type=csv&maxFields=10000&detectTypes=yes&xField=longitude&yField=latitude&crs=EPSG:4326&spatialIndex=no&subsetIndex=no&watchFile=no
"6746",Plantago lanceolata,Plantago,lanceolata,,,,exotic,unlisted,,48.899359369999999,-123.340722499999998,,NA,NA,"27812834",obs_exotic,file:///D:/Simon/Sync/Root/GIS/Biodiversity%20Data/obs_exotic.csv?type=csv&maxFields=10000&detectTypes=yes&xField=longitude&yField=latitude&crs=EPSG:4326&spatialIndex=no&subsetIndex=no&watchFile=no
"6747",Plantago lanceolata,Plantago,lanceolata,,,,exotic,unlisted,,48.893791669999999,-123.403458299999997,,NA,NA,"32119805",obs_exotic,file:///D:/Simon/Sync/Root/GIS/Biodiversity%20Data/obs_exotic.csv?type=csv&maxFields=10000&detectTypes=yes&xField=longitude&yField=latitude&crs=EPSG:4326&spatialIndex=no&subsetIndex=no&watchFile=no
"6748",Plantago lanceolata,Plantago,lanceolata,,,,exotic,unlisted,,48.866289999999999,-123.369230000000002,,NA,NA,"42637682",obs_exotic,file:///D:/Simon/Sync/Root/GIS/Biodiversity%20Data/obs_exotic.csv?type=csv&maxFields=10000&detectTypes=yes&xField=longitude&yField=latitude&crs=EPSG:4326&spatialIndex=no&subsetIndex=no&watchFile=no
"6749",Plantago lanceolata,Plantago,lanceolata,,,,exotic,unlisted,,48.960501970000003,-123.545688999999996,,NA,NA,"48201547",obs_exotic,file:///D:/Simon/Sync/Root/GIS/Biodiversity%20Data/obs_exotic.csv?type=csv&maxFields=10000&detectTypes=yes&xField=longitude&yField=latitude&crs=EPSG:4326&spatialIndex=no&subsetIndex=no&watchFile=no
"6750",Plantago lanceolata,Plantago,lanceolata,,,,exotic,unlisted,,48.929917359999997,-123.467375500000003,,NA,NA,"52906689",obs_exotic,file:///D:/Simon/Sync/Root/GIS/Biodiversity%20Data/obs_exotic.csv?type=csv&maxFields=10000&detectTypes=yes&xField=longitude&yField=latitude&crs=EPSG:4326&spatialIndex=no&subsetIndex=no&watchFile=no
"6751",Plantago lanceolata,Plantago,lanceolata,,,,exotic,unlisted,,48.932364339999999,-123.479408800000002,,NA,NA,"54412999",obs_exotic,file:///D:/Simon/Sync/Root/GIS/Biodiversity%20Data/obs_exotic.csv?type=csv&maxFields=10000&detectTypes=yes&xField=longitude&yField=latitude&crs=EPSG:4326&spatialIndex=no&subsetIndex=no&watchFile=no
"6752",Plantago lanceolata,Plantago,lanceolata,,,,exotic,unlisted,,48.928605720000000,-123.469039100000003,,NA,NA,"54689539",obs_exotic,file:///D:/Simon/Sync/Root/GIS/Biodiversity%20Data/obs_exotic.csv?type=csv&maxFields=10000&detectTypes=yes&xField=longitude&yField=latitude&crs=EPSG:4326&spatialIndex=no&subsetIndex=no&watchFile=no
"6753",Plantago lanceolata,Plantago,lanceolata,,,,exotic,unlisted,,49.013010719999997,-123.572340199999999,,NA,NA,"57127979",obs_exotic,file:///D:/Simon/Sync/Root/GIS/Biodiversity%20Data/obs_exotic.csv?type=csv&maxFields=10000&detectTypes=yes&xField=longitude&yField=latitude&crs=EPSG:4326&spatialIndex=no&subsetIndex=no&watchFile=no
"6754",Plantago lanceolata,Plantago,lanceolata,,,,exotic,unlisted,,49.013925579999999,-123.573574699999995,,NA,NA,"72229880",obs_exotic,file:///D:/Simon/Sync/Root/GIS/Biodiversity%20Data/obs_exotic.csv?type=csv&maxFields=10000&detectTypes=yes&xField=longitude&yField=latitude&crs=EPSG:4326&spatialIndex=no&subsetIndex=no&watchFile=no
"6755",Plantago lanceolata,Plantago,lanceolata,,,,exotic,unlisted,,49.013496420000003,-123.572934300000000,,NA,NA,"74062580",obs_exotic,file:///D:/Simon/Sync/Root/GIS/Biodiversity%20Data/obs_exotic.csv?type=csv&maxFields=10000&detectTypes=yes&xField=longitude&yField=latitude&crs=EPSG:4326&spatialIndex=no&subsetIndex=no&watchFile=no
"6756",Plantago lanceolata,Plantago,lanceolata,,,,exotic,unlisted,,48.871749999999999,-123.311049999999994,,NA,NA,"84001472",obs_exotic,file:///D:/Simon/Sync/Root/GIS/Biodiversity%20Data/obs_exotic.csv?type=csv&maxFields=10000&detectTypes=yes&xField=longitude&yField=latitude&crs=EPSG:4326&spatialIndex=no&subsetIndex=no&watchFile=no
"6757",Plantago lanceolata,Plantago,lanceolata,,,,exotic,unlisted,,48.930805370000002,-123.474553900000004,,NA,NA,"84705597",obs_exotic,file:///D:/Simon/Sync/Root/GIS/Biodiversity%20Data/obs_exotic.csv?type=csv&maxFields=10000&detectTypes=yes&xField=longitude&yField=latitude&crs=EPSG:4326&spatialIndex=no&subsetIndex=no&watchFile=no
"6758",Plantago lanceolata,Plantago,lanceolata,,,,exotic,unlisted,,48.928287609999998,-123.468012999999999,,NA,NA,"84753352",obs_exotic,file:///D:/Simon/Sync/Root/GIS/Biodiversity%20Data/obs_exotic.csv?type=csv&maxFields=10000&detectTypes=yes&xField=longitude&yField=latitude&crs=EPSG:4326&spatialIndex=no&subsetIndex=no&watchFile=no
"6759",Plantago lanceolata,Plantago,lanceolata,,,,exotic,unlisted,,48.871837999999997,-123.311391000000000,,NA,NA,"109402482",obs_exotic,file:///D:/Simon/Sync/Root/GIS/Biodiversity%20Data/obs_exotic.csv?type=csv&maxFields=10000&detectTypes=yes&xField=longitude&yField=latitude&crs=EPSG:4326&spatialIndex=no&subsetIndex=no&watchFile=no
"6760",Plantago lanceolata,Plantago,lanceolata,,,,exotic,unlisted,,49.013022999999997,-123.573143000000002,,NA,NA,"110936380",obs_exotic,file:///D:/Simon/Sync/Root/GIS/Biodiversity%20Data/obs_exotic.csv?type=csv&maxFields=10000&detectTypes=yes&xField=longitude&yField=latitude&crs=EPSG:4326&spatialIndex=no&subsetIndex=no&watchFile=no
"6761",Plantago lanceolata,Plantago,lanceolata,,,,exotic,unlisted,,48.871746670000000,-123.310670000000002,,NA,NA,"111119923",obs_exotic,file:///D:/Simon/Sync/Root/GIS/Biodiversity%20Data/obs_exotic.csv?type=csv&maxFields=10000&detectTypes=yes&xField=longitude&yField=latitude&crs=EPSG:4326&spatialIndex=no&subsetIndex=no&watchFile=no
"6762",Plantago lanceolata,Plantago,lanceolata,,,,exotic,unlisted,,48.873571669999997,-123.315205000000006,,NA,NA,"119369459",obs_exotic,file:///D:/Simon/Sync/Root/GIS/Biodiversity%20Data/obs_exotic.csv?type=csv&maxFields=10000&detectTypes=yes&xField=longitude&yField=latitude&crs=EPSG:4326&spatialIndex=no&subsetIndex=no&watchFile=no
"6763",Plantago lanceolata,Plantago,lanceolata,,,,exotic,unlisted,,48.897416669999998,-123.338461699999996,,NA,NA,"120494822",obs_exotic,file:///D:/Simon/Sync/Root/GIS/Biodiversity%20Data/obs_exotic.csv?type=csv&maxFields=10000&detectTypes=yes&xField=longitude&yField=latitude&crs=EPSG:4326&spatialIndex=no&subsetIndex=no&watchFile=no
"6764",Plantago lanceolata,Plantago,lanceolata,,,,exotic,unlisted,,48.929980000000000,-123.467696700000005,,NA,NA,"121499219",obs_exotic,file:///D:/Simon/Sync/Root/GIS/Biodiversity%20Data/obs_exotic.csv?type=csv&maxFields=10000&detectTypes=yes&xField=longitude&yField=latitude&crs=EPSG:4326&spatialIndex=no&subsetIndex=no&watchFile=no
"6765",Plantago lanceolata,Plantago,lanceolata,,,,exotic,unlisted,,49.012736670000002,-123.572958299999996,,NA,NA,"123934572",obs_exotic,file:///D:/Simon/Sync/Root/GIS/Biodiversity%20Data/obs_exotic.csv?type=csv&maxFields=10000&detectTypes=yes&xField=longitude&yField=latitude&crs=EPSG:4326&spatialIndex=no&subsetIndex=no&watchFile=no
"6766",Plantago major,Plantago,major,,,,exotic,unlisted,,48.985295999999998,-123.557446999999996,,NA,NA,"3681013",obs_exotic,file:///D:/Simon/Sync/Root/GIS/Biodiversity%20Data/obs_exotic.csv?type=csv&maxFields=10000&detectTypes=yes&xField=longitude&yField=latitude&crs=EPSG:4326&spatialIndex=no&subsetIndex=no&watchFile=no
"6767",Plantago major,Plantago,major,,,,exotic,unlisted,,48.994734999999999,-123.583681999999996,,NA,NA,"7278238",obs_exotic,file:///D:/Simon/Sync/Root/GIS/Biodiversity%20Data/obs_exotic.csv?type=csv&maxFields=10000&detectTypes=yes&xField=longitude&yField=latitude&crs=EPSG:4326&spatialIndex=no&subsetIndex=no&watchFile=no
"6768",Plantago major,Plantago,major,,,,exotic,unlisted,,48.930134449999997,-123.469966900000003,,NA,NA,"10826781",obs_exotic,file:///D:/Simon/Sync/Root/GIS/Biodiversity%20Data/obs_exotic.csv?type=csv&maxFields=10000&detectTypes=yes&xField=longitude&yField=latitude&crs=EPSG:4326&spatialIndex=no&subsetIndex=no&watchFile=no
"6769",Plantago major,Plantago,major,,,,exotic,unlisted,,48.897961109999997,-123.399444399999993,,NA,NA,"25657052",obs_exotic,file:///D:/Simon/Sync/Root/GIS/Biodiversity%20Data/obs_exotic.csv?type=csv&maxFields=10000&detectTypes=yes&xField=longitude&yField=latitude&crs=EPSG:4326&spatialIndex=no&subsetIndex=no&watchFile=no
"6770",Plantago major,Plantago,major,,,,exotic,unlisted,,48.873469999999998,-123.347525000000005,,NA,NA,"110800024",obs_exotic,file:///D:/Simon/Sync/Root/GIS/Biodiversity%20Data/obs_exotic.csv?type=csv&maxFields=10000&detectTypes=yes&xField=longitude&yField=latitude&crs=EPSG:4326&spatialIndex=no&subsetIndex=no&watchFile=no
"6771",Plantago major,Plantago,major,,,,exotic,unlisted,,48.993594999999999,-123.582755000000006,,NA,NA,"129717045",obs_exotic,file:///D:/Simon/Sync/Root/GIS/Biodiversity%20Data/obs_exotic.csv?type=csv&maxFields=10000&detectTypes=yes&xField=longitude&yField=latitude&crs=EPSG:4326&spatialIndex=no&subsetIndex=no&watchFile=no
"6844",Poa annua,Poa,annua,,,,exotic,unlisted,,48.906649029999997,-123.358311700000002,,NA,NA,"5886024",obs_exotic,file:///D:/Simon/Sync/Root/GIS/Biodiversity%20Data/obs_exotic.csv?type=csv&maxFields=10000&detectTypes=yes&xField=longitude&yField=latitude&crs=EPSG:4326&spatialIndex=no&subsetIndex=no&watchFile=no
"6845",Poa annua,Poa,annua,,,,exotic,unlisted,,48.872838000000002,-123.311537999999999,,NA,NA,"22799495",obs_exotic,file:///D:/Simon/Sync/Root/GIS/Biodiversity%20Data/obs_exotic.csv?type=csv&maxFields=10000&detectTypes=yes&xField=longitude&yField=latitude&crs=EPSG:4326&spatialIndex=no&subsetIndex=no&watchFile=no
"6846",Poa annua,Poa,annua,,,,exotic,unlisted,,48.872371670000000,-123.312478299999995,,NA,NA,"24708756",obs_exotic,file:///D:/Simon/Sync/Root/GIS/Biodiversity%20Data/obs_exotic.csv?type=csv&maxFields=10000&detectTypes=yes&xField=longitude&yField=latitude&crs=EPSG:4326&spatialIndex=no&subsetIndex=no&watchFile=no
"6847",Poa annua,Poa,annua,,,,exotic,unlisted,,48.872459999999997,-123.312281700000000,,NA,NA,"24708766",obs_exotic,file:///D:/Simon/Sync/Root/GIS/Biodiversity%20Data/obs_exotic.csv?type=csv&maxFields=10000&detectTypes=yes&xField=longitude&yField=latitude&crs=EPSG:4326&spatialIndex=no&subsetIndex=no&watchFile=no
"6848",Poa annua,Poa,annua,,,,exotic,unlisted,,48.899751360000003,-123.405735199999995,,NA,NA,"25478573",obs_exotic,file:///D:/Simon/Sync/Root/GIS/Biodiversity%20Data/obs_exotic.csv?type=csv&maxFields=10000&detectTypes=yes&xField=longitude&yField=latitude&crs=EPSG:4326&spatialIndex=no&subsetIndex=no&watchFile=no
"6849",Poa annua,Poa,annua,,,,exotic,unlisted,,48.894947219999999,-123.404519399999998,,NA,NA,"25657060",obs_exotic,file:///D:/Simon/Sync/Root/GIS/Biodiversity%20Data/obs_exotic.csv?type=csv&maxFields=10000&detectTypes=yes&xField=longitude&yField=latitude&crs=EPSG:4326&spatialIndex=no&subsetIndex=no&watchFile=no
"6850",Poa annua,Poa,annua,,,,exotic,unlisted,,48.872772220000002,-123.312766699999997,,NA,NA,"25657920",obs_exotic,file:///D:/Simon/Sync/Root/GIS/Biodiversity%20Data/obs_exotic.csv?type=csv&maxFields=10000&detectTypes=yes&xField=longitude&yField=latitude&crs=EPSG:4326&spatialIndex=no&subsetIndex=no&watchFile=no
"6851",Poa annua,Poa,annua,,,,exotic,unlisted,,48.879005560000003,-123.319888899999995,,NA,NA,"46563586",obs_exotic,file:///D:/Simon/Sync/Root/GIS/Biodiversity%20Data/obs_exotic.csv?type=csv&maxFields=10000&detectTypes=yes&xField=longitude&yField=latitude&crs=EPSG:4326&spatialIndex=no&subsetIndex=no&watchFile=no
"6852",Poa annua,Poa,annua,,,,exotic,unlisted,,48.898216669999996,-123.401273300000000,,NA,NA,"110820865",obs_exotic,file:///D:/Simon/Sync/Root/GIS/Biodiversity%20Data/obs_exotic.csv?type=csv&maxFields=10000&detectTypes=yes&xField=longitude&yField=latitude&crs=EPSG:4326&spatialIndex=no&subsetIndex=no&watchFile=no
"6853",Poa annua,Poa,annua,,,,exotic,unlisted,,48.897404999999999,-123.338461699999996,,NA,NA,"120494814",obs_exotic,file:///D:/Simon/Sync/Root/GIS/Biodiversity%20Data/obs_exotic.csv?type=csv&maxFields=10000&detectTypes=yes&xField=longitude&yField=latitude&crs=EPSG:4326&spatialIndex=no&subsetIndex=no&watchFile=no
"6854",Poa annua,Poa,annua,,,,exotic,unlisted,,48.930855559999998,-123.475608300000005,,NA,NA,"120618110",obs_exotic,file:///D:/Simon/Sync/Root/GIS/Biodiversity%20Data/obs_exotic.csv?type=csv&maxFields=10000&detectTypes=yes&xField=longitude&yField=latitude&crs=EPSG:4326&spatialIndex=no&subsetIndex=no&watchFile=no
"6855",Poa annua,Poa,annua,,,,exotic,unlisted,,48.994367959999998,-123.583519100000004,,NA,NA,"121373880",obs_exotic,file:///D:/Simon/Sync/Root/GIS/Biodiversity%20Data/obs_exotic.csv?type=csv&maxFields=10000&detectTypes=yes&xField=longitude&yField=latitude&crs=EPSG:4326&spatialIndex=no&subsetIndex=no&watchFile=no
"6856",Poa bulbosa,Poa,bulbosa,,,,exotic,unlisted,,48.896949999999997,-123.406677000000002,,NA,NA,"3311046",obs_exotic,file:///D:/Simon/Sync/Root/GIS/Biodiversity%20Data/obs_exotic.csv?type=csv&maxFields=10000&detectTypes=yes&xField=longitude&yField=latitude&crs=EPSG:4326&spatialIndex=no&subsetIndex=no&watchFile=no
"6857",Poa bulbosa,Poa,bulbosa,,,,exotic,unlisted,,48.867255520000001,-123.338141399999998,,NA,NA,"6217216",obs_exotic,file:///D:/Simon/Sync/Root/GIS/Biodiversity%20Data/obs_exotic.csv?type=csv&maxFields=10000&detectTypes=yes&xField=longitude&yField=latitude&crs=EPSG:4326&spatialIndex=no&subsetIndex=no&watchFile=no
"6858",Poa bulbosa,Poa,bulbosa,,,,exotic,unlisted,,48.899737660000000,-123.407535600000003,,NA,NA,"6217240",obs_exotic,file:///D:/Simon/Sync/Root/GIS/Biodiversity%20Data/obs_exotic.csv?type=csv&maxFields=10000&detectTypes=yes&xField=longitude&yField=latitude&crs=EPSG:4326&spatialIndex=no&subsetIndex=no&watchFile=no
"6859",Poa bulbosa,Poa,bulbosa,,,,exotic,unlisted,,49.012090899999997,-123.573961299999993,,NA,NA,"6309364",obs_exotic,file:///D:/Simon/Sync/Root/GIS/Biodiversity%20Data/obs_exotic.csv?type=csv&maxFields=10000&detectTypes=yes&xField=longitude&yField=latitude&crs=EPSG:4326&spatialIndex=no&subsetIndex=no&watchFile=no
"6860",Poa bulbosa,Poa,bulbosa,,,,exotic,unlisted,,48.867189000000003,-123.337939000000006,,NA,NA,"12152290",obs_exotic,file:///D:/Simon/Sync/Root/GIS/Biodiversity%20Data/obs_exotic.csv?type=csv&maxFields=10000&detectTypes=yes&xField=longitude&yField=latitude&crs=EPSG:4326&spatialIndex=no&subsetIndex=no&watchFile=no
"6861",Poa bulbosa,Poa,bulbosa,,,,exotic,unlisted,,48.867324820000000,-123.338506499999994,,NA,NA,"22845165",obs_exotic,file:///D:/Simon/Sync/Root/GIS/Biodiversity%20Data/obs_exotic.csv?type=csv&maxFields=10000&detectTypes=yes&xField=longitude&yField=latitude&crs=EPSG:4326&spatialIndex=no&subsetIndex=no&watchFile=no
"6862",Poa bulbosa,Poa,bulbosa,,,,exotic,unlisted,,49.013583330000003,-123.573438300000007,,NA,NA,"24259247",obs_exotic,file:///D:/Simon/Sync/Root/GIS/Biodiversity%20Data/obs_exotic.csv?type=csv&maxFields=10000&detectTypes=yes&xField=longitude&yField=latitude&crs=EPSG:4326&spatialIndex=no&subsetIndex=no&watchFile=no
"6863",Poa bulbosa,Poa,bulbosa,,,,exotic,unlisted,,48.898073330000003,-123.408008300000006,,NA,NA,"24653201",obs_exotic,file:///D:/Simon/Sync/Root/GIS/Biodiversity%20Data/obs_exotic.csv?type=csv&maxFields=10000&detectTypes=yes&xField=longitude&yField=latitude&crs=EPSG:4326&spatialIndex=no&subsetIndex=no&watchFile=no
"6864",Poa bulbosa,Poa,bulbosa,,,,exotic,unlisted,,48.898833330000002,-123.407569400000000,,NA,NA,"24701218",obs_exotic,file:///D:/Simon/Sync/Root/GIS/Biodiversity%20Data/obs_exotic.csv?type=csv&maxFields=10000&detectTypes=yes&xField=longitude&yField=latitude&crs=EPSG:4326&spatialIndex=no&subsetIndex=no&watchFile=no
"6865",Poa bulbosa,Poa,bulbosa,,,,exotic,unlisted,,48.899009690000000,-123.407545299999995,,NA,NA,"25476216",obs_exotic,file:///D:/Simon/Sync/Root/GIS/Biodiversity%20Data/obs_exotic.csv?type=csv&maxFields=10000&detectTypes=yes&xField=longitude&yField=latitude&crs=EPSG:4326&spatialIndex=no&subsetIndex=no&watchFile=no
"6866",Poa bulbosa,Poa,bulbosa,,,,exotic,unlisted,,48.867609999999999,-123.339731700000002,,NA,NA,"110820819",obs_exotic,file:///D:/Simon/Sync/Root/GIS/Biodiversity%20Data/obs_exotic.csv?type=csv&maxFields=10000&detectTypes=yes&xField=longitude&yField=latitude&crs=EPSG:4326&spatialIndex=no&subsetIndex=no&watchFile=no
"6867",Poa bulbosa,Poa,bulbosa,,,,exotic,unlisted,,48.866340000000001,-123.334254999999999,,NA,NA,"114482427",obs_exotic,file:///D:/Simon/Sync/Root/GIS/Biodiversity%20Data/obs_exotic.csv?type=csv&maxFields=10000&detectTypes=yes&xField=longitude&yField=latitude&crs=EPSG:4326&spatialIndex=no&subsetIndex=no&watchFile=no
"6868",Poa bulbosa,Poa,bulbosa,,,,exotic,unlisted,,48.952362299999997,-123.519921600000004,,NA,NA,"116027333",obs_exotic,file:///D:/Simon/Sync/Root/GIS/Biodiversity%20Data/obs_exotic.csv?type=csv&maxFields=10000&detectTypes=yes&xField=longitude&yField=latitude&crs=EPSG:4326&spatialIndex=no&subsetIndex=no&watchFile=no
"6869",Poa bulbosa,Poa,bulbosa,,,,exotic,unlisted,,48.863821280000003,-123.363773800000004,,NA,NA,"118702070",obs_exotic,file:///D:/Simon/Sync/Root/GIS/Biodiversity%20Data/obs_exotic.csv?type=csv&maxFields=10000&detectTypes=yes&xField=longitude&yField=latitude&crs=EPSG:4326&spatialIndex=no&subsetIndex=no&watchFile=no
"6870",Poa bulbosa,Poa,bulbosa,,,,exotic,unlisted,,48.863718329999998,-123.363378299999994,,NA,NA,"120470384",obs_exotic,file:///D:/Simon/Sync/Root/GIS/Biodiversity%20Data/obs_exotic.csv?type=csv&maxFields=10000&detectTypes=yes&xField=longitude&yField=latitude&crs=EPSG:4326&spatialIndex=no&subsetIndex=no&watchFile=no
"6871",Poa compressa,Poa,compressa,,,,exotic,unlisted,,49.013006670000003,-123.576028300000004,,NA,NA,"123934518",obs_exotic,file:///D:/Simon/Sync/Root/GIS/Biodiversity%20Data/obs_exotic.csv?type=csv&maxFields=10000&detectTypes=yes&xField=longitude&yField=latitude&crs=EPSG:4326&spatialIndex=no&subsetIndex=no&watchFile=no
"6872",Poa compressa,Poa,compressa,,,,exotic,unlisted,,49.012996670000000,-123.576046700000006,,NA,NA,"123934519",obs_exotic,file:///D:/Simon/Sync/Root/GIS/Biodiversity%20Data/obs_exotic.csv?type=csv&maxFields=10000&detectTypes=yes&xField=longitude&yField=latitude&crs=EPSG:4326&spatialIndex=no&subsetIndex=no&watchFile=no
"6874",Poa pratensis,Poa,pratensis,,,,exotic,unlisted,,48.867015570000000,-123.337604999999996,,NA,NA,"6434816",obs_exotic,file:///D:/Simon/Sync/Root/GIS/Biodiversity%20Data/obs_exotic.csv?type=csv&maxFields=10000&detectTypes=yes&xField=longitude&yField=latitude&crs=EPSG:4326&spatialIndex=no&subsetIndex=no&watchFile=no
"6875",Poa pratensis,Poa,pratensis,,,,exotic,unlisted,,48.869096999999996,-123.378804000000002,,NA,NA,"6665159",obs_exotic,file:///D:/Simon/Sync/Root/GIS/Biodiversity%20Data/obs_exotic.csv?type=csv&maxFields=10000&detectTypes=yes&xField=longitude&yField=latitude&crs=EPSG:4326&spatialIndex=no&subsetIndex=no&watchFile=no
"6876",Poa pratensis,Poa,pratensis,,,,exotic,unlisted,,48.874417000000001,-123.343002999999996,,NA,NA,"13795278",obs_exotic,file:///D:/Simon/Sync/Root/GIS/Biodiversity%20Data/obs_exotic.csv?type=csv&maxFields=10000&detectTypes=yes&xField=longitude&yField=latitude&crs=EPSG:4326&spatialIndex=no&subsetIndex=no&watchFile=no
"6877",Poa pratensis,Poa,pratensis,,,,exotic,unlisted,,48.954271669999997,-123.523605000000003,,NA,NA,"28440244",obs_exotic,file:///D:/Simon/Sync/Root/GIS/Biodiversity%20Data/obs_exotic.csv?type=csv&maxFields=10000&detectTypes=yes&xField=longitude&yField=latitude&crs=EPSG:4326&spatialIndex=no&subsetIndex=no&watchFile=no
"6878",Poa pratensis,Poa,pratensis,,,,exotic,unlisted,,48.865819999999999,-123.350759999999994,,NA,NA,"48304591",obs_exotic,file:///D:/Simon/Sync/Root/GIS/Biodiversity%20Data/obs_exotic.csv?type=csv&maxFields=10000&detectTypes=yes&xField=longitude&yField=latitude&crs=EPSG:4326&spatialIndex=no&subsetIndex=no&watchFile=no
"6879",Poa pratensis,Poa,pratensis,,,,exotic,unlisted,,48.882975889999997,-123.324763200000007,,NA,NA,"117396338",obs_exotic,file:///D:/Simon/Sync/Root/GIS/Biodiversity%20Data/obs_exotic.csv?type=csv&maxFields=10000&detectTypes=yes&xField=longitude&yField=latitude&crs=EPSG:4326&spatialIndex=no&subsetIndex=no&watchFile=no
"6880",Poa pratensis,Poa,pratensis,,,,exotic,unlisted,,48.872686670000000,-123.315928299999996,,NA,NA,"119369473",obs_exotic,file:///D:/Simon/Sync/Root/GIS/Biodiversity%20Data/obs_exotic.csv?type=csv&maxFields=10000&detectTypes=yes&xField=longitude&yField=latitude&crs=EPSG:4326&spatialIndex=no&subsetIndex=no&watchFile=no
"6881",Poa pratensis,Poa,pratensis,,,,exotic,unlisted,,48.931469440000001,-123.476036100000002,,NA,NA,"120618105",obs_exotic,file:///D:/Simon/Sync/Root/GIS/Biodiversity%20Data/obs_exotic.csv?type=csv&maxFields=10000&detectTypes=yes&xField=longitude&yField=latitude&crs=EPSG:4326&spatialIndex=no&subsetIndex=no&watchFile=no
"6882",Poa pratensis,Poa,pratensis,,,,exotic,unlisted,,48.930858330000000,-123.475516700000000,,NA,NA,"120618111",obs_exotic,file:///D:/Simon/Sync/Root/GIS/Biodiversity%20Data/obs_exotic.csv?type=csv&maxFields=10000&detectTypes=yes&xField=longitude&yField=latitude&crs=EPSG:4326&spatialIndex=no&subsetIndex=no&watchFile=no
"6883",Poa pratensis,Poa,pratensis,,,,exotic,unlisted,,48.935867330000001,-123.475904600000007,,NA,NA,"125105130",obs_exotic,file:///D:/Simon/Sync/Root/GIS/Biodiversity%20Data/obs_exotic.csv?type=csv&maxFields=10000&detectTypes=yes&xField=longitude&yField=latitude&crs=EPSG:4326&spatialIndex=no&subsetIndex=no&watchFile=no
"6888",Poa trivialis,Poa,trivialis,,,,exotic,unlisted,,48.979458520000001,-123.536995599999997,,NA,NA,"26203680",obs_exotic,file:///D:/Simon/Sync/Root/GIS/Biodiversity%20Data/obs_exotic.csv?type=csv&maxFields=10000&detectTypes=yes&xField=longitude&yField=latitude&crs=EPSG:4326&spatialIndex=no&subsetIndex=no&watchFile=no
"6889",Polygonum aviculare,Polygonum,aviculare,,,,exotic,unlisted,,48.939680510000002,-123.492308199999997,,NA,NA,"14281202",obs_exotic,file:///D:/Simon/Sync/Root/GIS/Biodiversity%20Data/obs_exotic.csv?type=csv&maxFields=10000&detectTypes=yes&xField=longitude&yField=latitude&crs=EPSG:4326&spatialIndex=no&subsetIndex=no&watchFile=no
"6890",Polygonum aviculare,Polygonum,aviculare,,,,exotic,unlisted,,48.942900229999999,-123.487997600000000,,NA,NA,"31529072",obs_exotic,file:///D:/Simon/Sync/Root/GIS/Biodiversity%20Data/obs_exotic.csv?type=csv&maxFields=10000&detectTypes=yes&xField=longitude&yField=latitude&crs=EPSG:4326&spatialIndex=no&subsetIndex=no&watchFile=no
"6891",Polygonum aviculare,Polygonum,aviculare,,,,exotic,unlisted,,48.938216670000003,-123.477316700000003,,NA,NA,"126017353",obs_exotic,file:///D:/Simon/Sync/Root/GIS/Biodiversity%20Data/obs_exotic.csv?type=csv&maxFields=10000&detectTypes=yes&xField=longitude&yField=latitude&crs=EPSG:4326&spatialIndex=no&subsetIndex=no&watchFile=no
"6892",Polygonum aviculare,Polygonum,aviculare,,,,exotic,unlisted,,48.870525000000001,-123.318946699999998,,NA,NA,"135699237",obs_exotic,file:///D:/Simon/Sync/Root/GIS/Biodiversity%20Data/obs_exotic.csv?type=csv&maxFields=10000&detectTypes=yes&xField=longitude&yField=latitude&crs=EPSG:4326&spatialIndex=no&subsetIndex=no&watchFile=no
"6893",Polygonum aviculare,Polygonum,aviculare,,,,exotic,unlisted,,48.892741669999999,-123.390083300000001,,NA,NA,"135830966",obs_exotic,file:///D:/Simon/Sync/Root/GIS/Biodiversity%20Data/obs_exotic.csv?type=csv&maxFields=10000&detectTypes=yes&xField=longitude&yField=latitude&crs=EPSG:4326&spatialIndex=no&subsetIndex=no&watchFile=no
"7153",Populus nigra,Populus,nigra,,,,exotic,unlisted,,48.881645440000000,-123.350849699999998,,NA,NA,"6411171",obs_exotic,file:///D:/Simon/Sync/Root/GIS/Biodiversity%20Data/obs_exotic.csv?type=csv&maxFields=10000&detectTypes=yes&xField=longitude&yField=latitude&crs=EPSG:4326&spatialIndex=no&subsetIndex=no&watchFile=no
"7189",Potentilla recta,Potentilla,recta,,,,exotic,unlisted,,48.869408460000002,-123.319872799999999,,NA,NA,"50580859",obs_exotic,file:///D:/Simon/Sync/Root/GIS/Biodiversity%20Data/obs_exotic.csv?type=csv&maxFields=10000&detectTypes=yes&xField=longitude&yField=latitude&crs=EPSG:4326&spatialIndex=no&subsetIndex=no&watchFile=no
"7204",Prunus avium,Prunus,avium,,,,exotic,unlisted,,48.880127000000002,-123.350919000000005,,NA,NA,"2710472",obs_exotic,file:///D:/Simon/Sync/Root/GIS/Biodiversity%20Data/obs_exotic.csv?type=csv&maxFields=10000&detectTypes=yes&xField=longitude&yField=latitude&crs=EPSG:4326&spatialIndex=no&subsetIndex=no&watchFile=no
"7205",Prunus cerasifera,Prunus,cerasifera,,,,exotic,unlisted,,48.931071000000003,-123.472938999999997,,NA,NA,"2589133",obs_exotic,file:///D:/Simon/Sync/Root/GIS/Biodiversity%20Data/obs_exotic.csv?type=csv&maxFields=10000&detectTypes=yes&xField=longitude&yField=latitude&crs=EPSG:4326&spatialIndex=no&subsetIndex=no&watchFile=no
"7206",Prunus cerasifera,Prunus,cerasifera,,,,exotic,unlisted,,48.900439849999998,-123.406242199999994,,NA,NA,"24715310",obs_exotic,file:///D:/Simon/Sync/Root/GIS/Biodiversity%20Data/obs_exotic.csv?type=csv&maxFields=10000&detectTypes=yes&xField=longitude&yField=latitude&crs=EPSG:4326&spatialIndex=no&subsetIndex=no&watchFile=no
"7207",Prunus cerasifera,Prunus,cerasifera,,,,exotic,unlisted,,48.912623199999999,-123.398832100000007,,NA,NA,"71708262",obs_exotic,file:///D:/Simon/Sync/Root/GIS/Biodiversity%20Data/obs_exotic.csv?type=csv&maxFields=10000&detectTypes=yes&xField=longitude&yField=latitude&crs=EPSG:4326&spatialIndex=no&subsetIndex=no&watchFile=no
"7208",Prunus laurocerasus,Prunus,laurocerasus,,,,exotic,unlisted,,48.876308520000002,-123.322091099999994,,NA,NA,"3649978",obs_exotic,file:///D:/Simon/Sync/Root/GIS/Biodiversity%20Data/obs_exotic.csv?type=csv&maxFields=10000&detectTypes=yes&xField=longitude&yField=latitude&crs=EPSG:4326&spatialIndex=no&subsetIndex=no&watchFile=no
"7209",Prunus laurocerasus,Prunus,laurocerasus,,,,exotic,unlisted,,48.868481799999998,-123.348256399999997,,NA,NA,"43555478",obs_exotic,file:///D:/Simon/Sync/Root/GIS/Biodiversity%20Data/obs_exotic.csv?type=csv&maxFields=10000&detectTypes=yes&xField=longitude&yField=latitude&crs=EPSG:4326&spatialIndex=no&subsetIndex=no&watchFile=no
"7210",Prunus laurocerasus,Prunus,laurocerasus,,,,exotic,unlisted,,48.900250000000000,-123.444969999999998,,NA,NA,"111879345",obs_exotic,file:///D:/Simon/Sync/Root/GIS/Biodiversity%20Data/obs_exotic.csv?type=csv&maxFields=10000&detectTypes=yes&xField=longitude&yField=latitude&crs=EPSG:4326&spatialIndex=no&subsetIndex=no&watchFile=no
"7211",Prunus laurocerasus,Prunus,laurocerasus,,,,exotic,unlisted,,48.877060419999999,-123.323413000000002,,NA,NA,"114035151",obs_exotic,file:///D:/Simon/Sync/Root/GIS/Biodiversity%20Data/obs_exotic.csv?type=csv&maxFields=10000&detectTypes=yes&xField=longitude&yField=latitude&crs=EPSG:4326&spatialIndex=no&subsetIndex=no&watchFile=no
"7241",Pyrus communis,Pyrus,communis,,,,exotic,unlisted,,48.894306999999998,-123.408328999999995,,NA,NA,"3702255",obs_exotic,file:///D:/Simon/Sync/Root/GIS/Biodiversity%20Data/obs_exotic.csv?type=csv&maxFields=10000&detectTypes=yes&xField=longitude&yField=latitude&crs=EPSG:4326&spatialIndex=no&subsetIndex=no&watchFile=no
"7242",Pyrus communis,Pyrus,communis,,,,exotic,unlisted,,48.869799999999998,-123.321200000000005,,NA,NA,"12184297",obs_exotic,file:///D:/Simon/Sync/Root/GIS/Biodiversity%20Data/obs_exotic.csv?type=csv&maxFields=10000&detectTypes=yes&xField=longitude&yField=latitude&crs=EPSG:4326&spatialIndex=no&subsetIndex=no&watchFile=no
"7243",Pyrus communis,Pyrus,communis,,,,exotic,unlisted,,48.990047060000002,-123.576249700000005,,NA,NA,"43755527",obs_exotic,file:///D:/Simon/Sync/Root/GIS/Biodiversity%20Data/obs_exotic.csv?type=csv&maxFields=10000&detectTypes=yes&xField=longitude&yField=latitude&crs=EPSG:4326&spatialIndex=no&subsetIndex=no&watchFile=no
"7244",Ranunculus acris,Ranunculus,acris,,,,exotic,unlisted,,48.985449000000003,-123.559939000000000,,NA,NA,"3296001",obs_exotic,file:///D:/Simon/Sync/Root/GIS/Biodiversity%20Data/obs_exotic.csv?type=csv&maxFields=10000&detectTypes=yes&xField=longitude&yField=latitude&crs=EPSG:4326&spatialIndex=no&subsetIndex=no&watchFile=no
"7245",Ranunculus acris,Ranunculus,acris,,,,exotic,unlisted,,48.933199000000002,-123.483098999999996,,NA,NA,"3328649",obs_exotic,file:///D:/Simon/Sync/Root/GIS/Biodiversity%20Data/obs_exotic.csv?type=csv&maxFields=10000&detectTypes=yes&xField=longitude&yField=latitude&crs=EPSG:4326&spatialIndex=no&subsetIndex=no&watchFile=no
"7246",Ranunculus acris,Ranunculus,acris,,,,exotic,unlisted,,48.928211670000003,-123.467545000000001,,NA,NA,"122092194",obs_exotic,file:///D:/Simon/Sync/Root/GIS/Biodiversity%20Data/obs_exotic.csv?type=csv&maxFields=10000&detectTypes=yes&xField=longitude&yField=latitude&crs=EPSG:4326&spatialIndex=no&subsetIndex=no&watchFile=no
"7247",Ranunculus acris,Ranunculus,acris,,,,exotic,unlisted,,49.011985000000003,-123.573923300000004,,NA,NA,"123934642",obs_exotic,file:///D:/Simon/Sync/Root/GIS/Biodiversity%20Data/obs_exotic.csv?type=csv&maxFields=10000&detectTypes=yes&xField=longitude&yField=latitude&crs=EPSG:4326&spatialIndex=no&subsetIndex=no&watchFile=no
"7248",Ranunculus acris,Ranunculus,acris,,,,exotic,unlisted,,49.011903330000003,-123.573920000000001,,NA,NA,"124067892",obs_exotic,file:///D:/Simon/Sync/Root/GIS/Biodiversity%20Data/obs_exotic.csv?type=csv&maxFields=10000&detectTypes=yes&xField=longitude&yField=latitude&crs=EPSG:4326&spatialIndex=no&subsetIndex=no&watchFile=no
"7249",Ranunculus acris,Ranunculus,acris,,,,exotic,unlisted,,48.977274999999999,-123.566413299999994,,NA,NA,"129718158",obs_exotic,file:///D:/Simon/Sync/Root/GIS/Biodiversity%20Data/obs_exotic.csv?type=csv&maxFields=10000&detectTypes=yes&xField=longitude&yField=latitude&crs=EPSG:4326&spatialIndex=no&subsetIndex=no&watchFile=no
"7250",Ranunculus repens,Ranunculus,repens,,,,exotic,unlisted,,48.930675999999998,-123.475857000000005,,NA,NA,"2563728",obs_exotic,file:///D:/Simon/Sync/Root/GIS/Biodiversity%20Data/obs_exotic.csv?type=csv&maxFields=10000&detectTypes=yes&xField=longitude&yField=latitude&crs=EPSG:4326&spatialIndex=no&subsetIndex=no&watchFile=no
"7251",Ranunculus repens,Ranunculus,repens,,,,exotic,unlisted,,48.929740000000002,-123.475170000000006,,NA,NA,"2568065",obs_exotic,file:///D:/Simon/Sync/Root/GIS/Biodiversity%20Data/obs_exotic.csv?type=csv&maxFields=10000&detectTypes=yes&xField=longitude&yField=latitude&crs=EPSG:4326&spatialIndex=no&subsetIndex=no&watchFile=no
"7252",Ranunculus repens,Ranunculus,repens,,,,exotic,unlisted,,48.930619999999998,-123.466587000000004,,NA,NA,"2568976",obs_exotic,file:///D:/Simon/Sync/Root/GIS/Biodiversity%20Data/obs_exotic.csv?type=csv&maxFields=10000&detectTypes=yes&xField=longitude&yField=latitude&crs=EPSG:4326&spatialIndex=no&subsetIndex=no&watchFile=no
"7253",Ranunculus repens,Ranunculus,repens,,,,exotic,unlisted,,48.929845000000000,-123.475761000000006,,NA,NA,"2617670",obs_exotic,file:///D:/Simon/Sync/Root/GIS/Biodiversity%20Data/obs_exotic.csv?type=csv&maxFields=10000&detectTypes=yes&xField=longitude&yField=latitude&crs=EPSG:4326&spatialIndex=no&subsetIndex=no&watchFile=no
"7254",Ranunculus repens,Ranunculus,repens,,,,exotic,unlisted,,48.931525000000001,-123.478092000000004,,NA,NA,"2632625",obs_exotic,file:///D:/Simon/Sync/Root/GIS/Biodiversity%20Data/obs_exotic.csv?type=csv&maxFields=10000&detectTypes=yes&xField=longitude&yField=latitude&crs=EPSG:4326&spatialIndex=no&subsetIndex=no&watchFile=no
"7255",Ranunculus repens,Ranunculus,repens,,,,exotic,unlisted,,49.005600450000003,-123.575849500000004,,NA,NA,"3948559",obs_exotic,file:///D:/Simon/Sync/Root/GIS/Biodiversity%20Data/obs_exotic.csv?type=csv&maxFields=10000&detectTypes=yes&xField=longitude&yField=latitude&crs=EPSG:4326&spatialIndex=no&subsetIndex=no&watchFile=no
"7256",Ranunculus repens,Ranunculus,repens,,,,exotic,unlisted,,48.992375310000000,-123.575098499999996,,NA,NA,"4005335",obs_exotic,file:///D:/Simon/Sync/Root/GIS/Biodiversity%20Data/obs_exotic.csv?type=csv&maxFields=10000&detectTypes=yes&xField=longitude&yField=latitude&crs=EPSG:4326&spatialIndex=no&subsetIndex=no&watchFile=no
"7257",Ranunculus repens,Ranunculus,repens,,,,exotic,unlisted,,48.962750890000002,-123.547353700000002,,NA,NA,"6391052",obs_exotic,file:///D:/Simon/Sync/Root/GIS/Biodiversity%20Data/obs_exotic.csv?type=csv&maxFields=10000&detectTypes=yes&xField=longitude&yField=latitude&crs=EPSG:4326&spatialIndex=no&subsetIndex=no&watchFile=no
"7258",Ranunculus repens,Ranunculus,repens,,,,exotic,unlisted,,48.931282410000001,-123.477981099999994,,NA,NA,"6409677",obs_exotic,file:///D:/Simon/Sync/Root/GIS/Biodiversity%20Data/obs_exotic.csv?type=csv&maxFields=10000&detectTypes=yes&xField=longitude&yField=latitude&crs=EPSG:4326&spatialIndex=no&subsetIndex=no&watchFile=no
"7259",Ranunculus repens,Ranunculus,repens,,,,exotic,unlisted,,48.943192879999998,-123.484139400000004,,NA,NA,"6411173",obs_exotic,file:///D:/Simon/Sync/Root/GIS/Biodiversity%20Data/obs_exotic.csv?type=csv&maxFields=10000&detectTypes=yes&xField=longitude&yField=latitude&crs=EPSG:4326&spatialIndex=no&subsetIndex=no&watchFile=no
"7260",Ranunculus repens,Ranunculus,repens,,,,exotic,unlisted,,48.867730999999999,-123.340191000000004,,NA,NA,"10714579",obs_exotic,file:///D:/Simon/Sync/Root/GIS/Biodiversity%20Data/obs_exotic.csv?type=csv&maxFields=10000&detectTypes=yes&xField=longitude&yField=latitude&crs=EPSG:4326&spatialIndex=no&subsetIndex=no&watchFile=no
"7261",Ranunculus repens,Ranunculus,repens,,,,exotic,unlisted,,48.869646039999999,-123.319247599999997,,NA,NA,"12507371",obs_exotic,file:///D:/Simon/Sync/Root/GIS/Biodiversity%20Data/obs_exotic.csv?type=csv&maxFields=10000&detectTypes=yes&xField=longitude&yField=latitude&crs=EPSG:4326&spatialIndex=no&subsetIndex=no&watchFile=no
"7262",Ranunculus repens,Ranunculus,repens,,,,exotic,unlisted,,48.948460300000001,-123.501826800000003,,NA,NA,"13198889",obs_exotic,file:///D:/Simon/Sync/Root/GIS/Biodiversity%20Data/obs_exotic.csv?type=csv&maxFields=10000&detectTypes=yes&xField=longitude&yField=latitude&crs=EPSG:4326&spatialIndex=no&subsetIndex=no&watchFile=no
"7263",Ranunculus repens,Ranunculus,repens,,,,exotic,unlisted,,48.948227109999998,-123.502731499999996,,NA,NA,"14300210",obs_exotic,file:///D:/Simon/Sync/Root/GIS/Biodiversity%20Data/obs_exotic.csv?type=csv&maxFields=10000&detectTypes=yes&xField=longitude&yField=latitude&crs=EPSG:4326&spatialIndex=no&subsetIndex=no&watchFile=no
"7264",Ranunculus repens,Ranunculus,repens,,,,exotic,unlisted,,48.987461840000002,-123.548175400000005,,NA,NA,"19600562",obs_exotic,file:///D:/Simon/Sync/Root/GIS/Biodiversity%20Data/obs_exotic.csv?type=csv&maxFields=10000&detectTypes=yes&xField=longitude&yField=latitude&crs=EPSG:4326&spatialIndex=no&subsetIndex=no&watchFile=no
"7265",Ranunculus repens,Ranunculus,repens,,,,exotic,unlisted,,48.899963890000002,-123.406830600000006,,NA,NA,"24672684",obs_exotic,file:///D:/Simon/Sync/Root/GIS/Biodiversity%20Data/obs_exotic.csv?type=csv&maxFields=10000&detectTypes=yes&xField=longitude&yField=latitude&crs=EPSG:4326&spatialIndex=no&subsetIndex=no&watchFile=no
"7266",Ranunculus repens,Ranunculus,repens,,,,exotic,unlisted,,48.899238220000001,-123.404093500000002,,NA,NA,"25478339",obs_exotic,file:///D:/Simon/Sync/Root/GIS/Biodiversity%20Data/obs_exotic.csv?type=csv&maxFields=10000&detectTypes=yes&xField=longitude&yField=latitude&crs=EPSG:4326&spatialIndex=no&subsetIndex=no&watchFile=no
"7267",Ranunculus repens,Ranunculus,repens,,,,exotic,unlisted,,48.979092530000003,-123.557446200000001,,NA,NA,"25480241",obs_exotic,file:///D:/Simon/Sync/Root/GIS/Biodiversity%20Data/obs_exotic.csv?type=csv&maxFields=10000&detectTypes=yes&xField=longitude&yField=latitude&crs=EPSG:4326&spatialIndex=no&subsetIndex=no&watchFile=no
"7268",Ranunculus repens,Ranunculus,repens,,,,exotic,unlisted,,48.979743169999999,-123.557624700000005,,NA,NA,"25482630",obs_exotic,file:///D:/Simon/Sync/Root/GIS/Biodiversity%20Data/obs_exotic.csv?type=csv&maxFields=10000&detectTypes=yes&xField=longitude&yField=latitude&crs=EPSG:4326&spatialIndex=no&subsetIndex=no&watchFile=no
"7269",Ranunculus repens,Ranunculus,repens,,,,exotic,unlisted,,48.930206929999997,-123.467115399999997,,NA,NA,"52906127",obs_exotic,file:///D:/Simon/Sync/Root/GIS/Biodiversity%20Data/obs_exotic.csv?type=csv&maxFields=10000&detectTypes=yes&xField=longitude&yField=latitude&crs=EPSG:4326&spatialIndex=no&subsetIndex=no&watchFile=no
"7270",Ranunculus repens,Ranunculus,repens,,,,exotic,unlisted,,48.930317289999998,-123.467179000000002,,NA,NA,"52925277",obs_exotic,file:///D:/Simon/Sync/Root/GIS/Biodiversity%20Data/obs_exotic.csv?type=csv&maxFields=10000&detectTypes=yes&xField=longitude&yField=latitude&crs=EPSG:4326&spatialIndex=no&subsetIndex=no&watchFile=no
"7271",Ranunculus repens,Ranunculus,repens,,,,exotic,unlisted,,48.928423709999997,-123.469001800000001,,NA,NA,"54690973",obs_exotic,file:///D:/Simon/Sync/Root/GIS/Biodiversity%20Data/obs_exotic.csv?type=csv&maxFields=10000&detectTypes=yes&xField=longitude&yField=latitude&crs=EPSG:4326&spatialIndex=no&subsetIndex=no&watchFile=no
"7272",Ranunculus repens,Ranunculus,repens,,,,exotic,unlisted,,48.928260989999998,-123.467921200000006,,NA,NA,"84464277",obs_exotic,file:///D:/Simon/Sync/Root/GIS/Biodiversity%20Data/obs_exotic.csv?type=csv&maxFields=10000&detectTypes=yes&xField=longitude&yField=latitude&crs=EPSG:4326&spatialIndex=no&subsetIndex=no&watchFile=no
"7273",Ranunculus repens,Ranunculus,repens,,,,exotic,unlisted,,48.927517950000002,-123.463105600000006,,NA,NA,"84636162",obs_exotic,file:///D:/Simon/Sync/Root/GIS/Biodiversity%20Data/obs_exotic.csv?type=csv&maxFields=10000&detectTypes=yes&xField=longitude&yField=latitude&crs=EPSG:4326&spatialIndex=no&subsetIndex=no&watchFile=no
"7274",Ranunculus repens,Ranunculus,repens,,,,exotic,unlisted,,48.929791049999999,-123.471432199999995,,NA,NA,"100274948",obs_exotic,file:///D:/Simon/Sync/Root/GIS/Biodiversity%20Data/obs_exotic.csv?type=csv&maxFields=10000&detectTypes=yes&xField=longitude&yField=latitude&crs=EPSG:4326&spatialIndex=no&subsetIndex=no&watchFile=no
"7275",Ranunculus repens,Ranunculus,repens,,,,exotic,unlisted,,48.871846669999996,-123.315444999999997,,NA,NA,"119369488",obs_exotic,file:///D:/Simon/Sync/Root/GIS/Biodiversity%20Data/obs_exotic.csv?type=csv&maxFields=10000&detectTypes=yes&xField=longitude&yField=latitude&crs=EPSG:4326&spatialIndex=no&subsetIndex=no&watchFile=no
"7276",Ranunculus repens,Ranunculus,repens,,,,exotic,unlisted,,48.928211670000003,-123.467545000000001,,NA,NA,"122092209",obs_exotic,file:///D:/Simon/Sync/Root/GIS/Biodiversity%20Data/obs_exotic.csv?type=csv&maxFields=10000&detectTypes=yes&xField=longitude&yField=latitude&crs=EPSG:4326&spatialIndex=no&subsetIndex=no&watchFile=no
"7277",Ranunculus sardous,Ranunculus,sardous,,,,exotic,unlisted,,48.932492000000003,-123.483323999999996,,NA,NA,"3319983",obs_exotic,file:///D:/Simon/Sync/Root/GIS/Biodiversity%20Data/obs_exotic.csv?type=csv&maxFields=10000&detectTypes=yes&xField=longitude&yField=latitude&crs=EPSG:4326&spatialIndex=no&subsetIndex=no&watchFile=no
"7278",Ranunculus sardous,Ranunculus,sardous,,,,exotic,unlisted,,48.930827999999998,-123.475641999999993,,NA,NA,"3329692",obs_exotic,file:///D:/Simon/Sync/Root/GIS/Biodiversity%20Data/obs_exotic.csv?type=csv&maxFields=10000&detectTypes=yes&xField=longitude&yField=latitude&crs=EPSG:4326&spatialIndex=no&subsetIndex=no&watchFile=no
"7279",Ranunculus sardous,Ranunculus,sardous,,,,exotic,unlisted,,48.939680510000002,-123.492308199999997,,NA,NA,"14281193",obs_exotic,file:///D:/Simon/Sync/Root/GIS/Biodiversity%20Data/obs_exotic.csv?type=csv&maxFields=10000&detectTypes=yes&xField=longitude&yField=latitude&crs=EPSG:4326&spatialIndex=no&subsetIndex=no&watchFile=no
"7280",Ranunculus sardous,Ranunculus,sardous,,,,exotic,unlisted,,48.991918419999998,-123.570659300000003,,NA,NA,"16309751",obs_exotic,file:///D:/Simon/Sync/Root/GIS/Biodiversity%20Data/obs_exotic.csv?type=csv&maxFields=10000&detectTypes=yes&xField=longitude&yField=latitude&crs=EPSG:4326&spatialIndex=no&subsetIndex=no&watchFile=no
"7322",Raphanus raphanistrum,Raphanus,raphanistrum,,,,exotic,unlisted,,48.872722000000003,-123.370444000000006,,NA,NA,"13031674",obs_exotic,file:///D:/Simon/Sync/Root/GIS/Biodiversity%20Data/obs_exotic.csv?type=csv&maxFields=10000&detectTypes=yes&xField=longitude&yField=latitude&crs=EPSG:4326&spatialIndex=no&subsetIndex=no&watchFile=no
"7323",Raphanus sativus,Raphanus,sativus,,,,exotic,unlisted,,48.872669000000002,-123.370613000000006,,NA,NA,"12315531",obs_exotic,file:///D:/Simon/Sync/Root/GIS/Biodiversity%20Data/obs_exotic.csv?type=csv&maxFields=10000&detectTypes=yes&xField=longitude&yField=latitude&crs=EPSG:4326&spatialIndex=no&subsetIndex=no&watchFile=no
"7369",Robinia pseudoacacia,Robinia,pseudoacacia,,,,exotic,unlisted,,48.877155680000001,-123.318019500000005,,NA,NA,"13101655",obs_exotic,file:///D:/Simon/Sync/Root/GIS/Biodiversity%20Data/obs_exotic.csv?type=csv&maxFields=10000&detectTypes=yes&xField=longitude&yField=latitude&crs=EPSG:4326&spatialIndex=no&subsetIndex=no&watchFile=no
"7370",Robinia pseudoacacia,Robinia,pseudoacacia,,,,exotic,unlisted,,48.995363330000004,-123.584386699999996,,NA,NA,"124067920",obs_exotic,file:///D:/Simon/Sync/Root/GIS/Biodiversity%20Data/obs_exotic.csv?type=csv&maxFields=10000&detectTypes=yes&xField=longitude&yField=latitude&crs=EPSG:4326&spatialIndex=no&subsetIndex=no&watchFile=no
"7371",Robinia pseudoacacia,Robinia,pseudoacacia,,,,exotic,unlisted,,48.995363330000004,-123.584373299999996,,NA,NA,"124067922",obs_exotic,file:///D:/Simon/Sync/Root/GIS/Biodiversity%20Data/obs_exotic.csv?type=csv&maxFields=10000&detectTypes=yes&xField=longitude&yField=latitude&crs=EPSG:4326&spatialIndex=no&subsetIndex=no&watchFile=no
"7372",Rosa canina,Rosa,canina,,,,exotic,unlisted,,48.869655000000002,-123.320238000000003,,NA,NA,"13030731",obs_exotic,file:///D:/Simon/Sync/Root/GIS/Biodiversity%20Data/obs_exotic.csv?type=csv&maxFields=10000&detectTypes=yes&xField=longitude&yField=latitude&crs=EPSG:4326&spatialIndex=no&subsetIndex=no&watchFile=no
"7445",Rosa rubiginosa,Rosa,rubiginosa,,,,exotic,unlisted,,48.930653999999997,-123.475256000000002,,NA,NA,"2599930",obs_exotic,file:///D:/Simon/Sync/Root/GIS/Biodiversity%20Data/obs_exotic.csv?type=csv&maxFields=10000&detectTypes=yes&xField=longitude&yField=latitude&crs=EPSG:4326&spatialIndex=no&subsetIndex=no&watchFile=no
"7446",Rosa rubiginosa,Rosa,rubiginosa,,,,exotic,unlisted,,48.930844999999998,-123.473968999999997,,NA,NA,"2663708",obs_exotic,file:///D:/Simon/Sync/Root/GIS/Biodiversity%20Data/obs_exotic.csv?type=csv&maxFields=10000&detectTypes=yes&xField=longitude&yField=latitude&crs=EPSG:4326&spatialIndex=no&subsetIndex=no&watchFile=no
"7447",Rosa rubiginosa,Rosa,rubiginosa,,,,exotic,unlisted,,48.877426000000000,-123.350945999999993,,NA,NA,"4102189",obs_exotic,file:///D:/Simon/Sync/Root/GIS/Biodiversity%20Data/obs_exotic.csv?type=csv&maxFields=10000&detectTypes=yes&xField=longitude&yField=latitude&crs=EPSG:4326&spatialIndex=no&subsetIndex=no&watchFile=no
"7448",Rosa rubiginosa,Rosa,rubiginosa,,,,exotic,unlisted,,48.866733269999997,-123.371250599999996,,NA,NA,"6409664",obs_exotic,file:///D:/Simon/Sync/Root/GIS/Biodiversity%20Data/obs_exotic.csv?type=csv&maxFields=10000&detectTypes=yes&xField=longitude&yField=latitude&crs=EPSG:4326&spatialIndex=no&subsetIndex=no&watchFile=no
"7449",Rosa rubiginosa,Rosa,rubiginosa,,,,exotic,unlisted,,48.930774919999998,-123.475341799999995,,NA,NA,"6411208",obs_exotic,file:///D:/Simon/Sync/Root/GIS/Biodiversity%20Data/obs_exotic.csv?type=csv&maxFields=10000&detectTypes=yes&xField=longitude&yField=latitude&crs=EPSG:4326&spatialIndex=no&subsetIndex=no&watchFile=no
"7450",Rosa rubiginosa,Rosa,rubiginosa,,,,exotic,unlisted,,48.872722000000003,-123.370444000000006,,NA,NA,"13031846",obs_exotic,file:///D:/Simon/Sync/Root/GIS/Biodiversity%20Data/obs_exotic.csv?type=csv&maxFields=10000&detectTypes=yes&xField=longitude&yField=latitude&crs=EPSG:4326&spatialIndex=no&subsetIndex=no&watchFile=no
"7451",Rosa rubiginosa,Rosa,rubiginosa,,,,exotic,unlisted,,48.863745000000002,-123.365179999999995,,NA,NA,"116636259",obs_exotic,file:///D:/Simon/Sync/Root/GIS/Biodiversity%20Data/obs_exotic.csv?type=csv&maxFields=10000&detectTypes=yes&xField=longitude&yField=latitude&crs=EPSG:4326&spatialIndex=no&subsetIndex=no&watchFile=no
"7452",Rubus bifrons,Rubus,bifrons,,,,exotic,unlisted,,48.967781170000002,-123.556358299999999,,NA,NA,"12629765",obs_exotic,file:///D:/Simon/Sync/Root/GIS/Biodiversity%20Data/obs_exotic.csv?type=csv&maxFields=10000&detectTypes=yes&xField=longitude&yField=latitude&crs=EPSG:4326&spatialIndex=no&subsetIndex=no&watchFile=no
"7453",Rubus bifrons,Rubus,bifrons,,,,exotic,unlisted,,48.878161110000001,-123.318283300000004,,NA,NA,"33436035",obs_exotic,file:///D:/Simon/Sync/Root/GIS/Biodiversity%20Data/obs_exotic.csv?type=csv&maxFields=10000&detectTypes=yes&xField=longitude&yField=latitude&crs=EPSG:4326&spatialIndex=no&subsetIndex=no&watchFile=no
"7454",Rubus bifrons,Rubus,bifrons,,,,exotic,unlisted,,48.866305359999998,-123.340314800000002,,NA,NA,"43253036",obs_exotic,file:///D:/Simon/Sync/Root/GIS/Biodiversity%20Data/obs_exotic.csv?type=csv&maxFields=10000&detectTypes=yes&xField=longitude&yField=latitude&crs=EPSG:4326&spatialIndex=no&subsetIndex=no&watchFile=no
"7455",Rubus bifrons,Rubus,bifrons,,,,exotic,unlisted,,48.959453459999999,-123.508087799999998,,NA,NA,"55389182",obs_exotic,file:///D:/Simon/Sync/Root/GIS/Biodiversity%20Data/obs_exotic.csv?type=csv&maxFields=10000&detectTypes=yes&xField=longitude&yField=latitude&crs=EPSG:4326&spatialIndex=no&subsetIndex=no&watchFile=no
"7456",Rubus bifrons,Rubus,bifrons,,,,exotic,unlisted,,48.942277580000003,-123.499643899999995,,NA,NA,"70065788",obs_exotic,file:///D:/Simon/Sync/Root/GIS/Biodiversity%20Data/obs_exotic.csv?type=csv&maxFields=10000&detectTypes=yes&xField=longitude&yField=latitude&crs=EPSG:4326&spatialIndex=no&subsetIndex=no&watchFile=no
"7457",Rubus bifrons,Rubus,bifrons,,,,exotic,unlisted,,48.942388330000000,-123.501170000000002,,NA,NA,"72321442",obs_exotic,file:///D:/Simon/Sync/Root/GIS/Biodiversity%20Data/obs_exotic.csv?type=csv&maxFields=10000&detectTypes=yes&xField=longitude&yField=latitude&crs=EPSG:4326&spatialIndex=no&subsetIndex=no&watchFile=no
"7458",Rubus bifrons,Rubus,bifrons,,,,exotic,unlisted,,48.941760000000002,-123.500829999999993,,NA,NA,"72321462",obs_exotic,file:///D:/Simon/Sync/Root/GIS/Biodiversity%20Data/obs_exotic.csv?type=csv&maxFields=10000&detectTypes=yes&xField=longitude&yField=latitude&crs=EPSG:4326&spatialIndex=no&subsetIndex=no&watchFile=no
"7459",Rubus bifrons,Rubus,bifrons,,,,exotic,unlisted,,48.942658330000000,-123.500825000000006,,NA,NA,"72321493",obs_exotic,file:///D:/Simon/Sync/Root/GIS/Biodiversity%20Data/obs_exotic.csv?type=csv&maxFields=10000&detectTypes=yes&xField=longitude&yField=latitude&crs=EPSG:4326&spatialIndex=no&subsetIndex=no&watchFile=no
"7460",Rubus bifrons,Rubus,bifrons,,,,exotic,unlisted,,48.874286669999996,-123.319513299999997,,NA,NA,"86360323",obs_exotic,file:///D:/Simon/Sync/Root/GIS/Biodiversity%20Data/obs_exotic.csv?type=csv&maxFields=10000&detectTypes=yes&xField=longitude&yField=latitude&crs=EPSG:4326&spatialIndex=no&subsetIndex=no&watchFile=no
"7461",Rubus bifrons,Rubus,bifrons,,,,exotic,unlisted,,48.999580000000002,-123.561123300000006,,NA,NA,"94679677",obs_exotic,file:///D:/Simon/Sync/Root/GIS/Biodiversity%20Data/obs_exotic.csv?type=csv&maxFields=10000&detectTypes=yes&xField=longitude&yField=latitude&crs=EPSG:4326&spatialIndex=no&subsetIndex=no&watchFile=no
"7462",Rubus bifrons,Rubus,bifrons,,,,exotic,unlisted,,48.988005129999998,-123.550893000000002,,NA,NA,"100641803",obs_exotic,file:///D:/Simon/Sync/Root/GIS/Biodiversity%20Data/obs_exotic.csv?type=csv&maxFields=10000&detectTypes=yes&xField=longitude&yField=latitude&crs=EPSG:4326&spatialIndex=no&subsetIndex=no&watchFile=no
"7463",Rubus bifrons,Rubus,bifrons,,,,exotic,unlisted,,48.878996669999999,-123.319533300000003,,NA,NA,"102626582",obs_exotic,file:///D:/Simon/Sync/Root/GIS/Biodiversity%20Data/obs_exotic.csv?type=csv&maxFields=10000&detectTypes=yes&xField=longitude&yField=latitude&crs=EPSG:4326&spatialIndex=no&subsetIndex=no&watchFile=no
"7464",Rubus bifrons,Rubus,bifrons,,,,exotic,unlisted,,48.878953330000002,-123.319571699999997,,NA,NA,"102626747",obs_exotic,file:///D:/Simon/Sync/Root/GIS/Biodiversity%20Data/obs_exotic.csv?type=csv&maxFields=10000&detectTypes=yes&xField=longitude&yField=latitude&crs=EPSG:4326&spatialIndex=no&subsetIndex=no&watchFile=no
"7465",Rubus bifrons,Rubus,bifrons,,,,exotic,unlisted,,48.870683329999999,-123.320980000000006,,NA,NA,"121538447",obs_exotic,file:///D:/Simon/Sync/Root/GIS/Biodiversity%20Data/obs_exotic.csv?type=csv&maxFields=10000&detectTypes=yes&xField=longitude&yField=latitude&crs=EPSG:4326&spatialIndex=no&subsetIndex=no&watchFile=no
"7466",Rubus bifrons,Rubus,bifrons,,,,exotic,unlisted,,48.995208300000002,-123.584097099999994,,NA,NA,"124067918",obs_exotic,file:///D:/Simon/Sync/Root/GIS/Biodiversity%20Data/obs_exotic.csv?type=csv&maxFields=10000&detectTypes=yes&xField=longitude&yField=latitude&crs=EPSG:4326&spatialIndex=no&subsetIndex=no&watchFile=no
"7467",Rubus laciniatus,Rubus,laciniatus,,,,exotic,unlisted,,48.929718000000001,-123.476027999999999,,NA,NA,"2563601",obs_exotic,file:///D:/Simon/Sync/Root/GIS/Biodiversity%20Data/obs_exotic.csv?type=csv&maxFields=10000&detectTypes=yes&xField=longitude&yField=latitude&crs=EPSG:4326&spatialIndex=no&subsetIndex=no&watchFile=no
"7468",Rubus laciniatus,Rubus,laciniatus,,,,exotic,unlisted,,48.929547999999997,-123.475770999999995,,NA,NA,"2564016",obs_exotic,file:///D:/Simon/Sync/Root/GIS/Biodiversity%20Data/obs_exotic.csv?type=csv&maxFields=10000&detectTypes=yes&xField=longitude&yField=latitude&crs=EPSG:4326&spatialIndex=no&subsetIndex=no&watchFile=no
"7469",Rubus laciniatus,Rubus,laciniatus,,,,exotic,unlisted,,48.930123999999999,-123.475857000000005,,NA,NA,"2599240",obs_exotic,file:///D:/Simon/Sync/Root/GIS/Biodiversity%20Data/obs_exotic.csv?type=csv&maxFields=10000&detectTypes=yes&xField=longitude&yField=latitude&crs=EPSG:4326&spatialIndex=no&subsetIndex=no&watchFile=no
"7470",Rubus laciniatus,Rubus,laciniatus,,,,exotic,unlisted,,48.897258000000001,-123.405754999999999,,NA,NA,"3652952",obs_exotic,file:///D:/Simon/Sync/Root/GIS/Biodiversity%20Data/obs_exotic.csv?type=csv&maxFields=10000&detectTypes=yes&xField=longitude&yField=latitude&crs=EPSG:4326&spatialIndex=no&subsetIndex=no&watchFile=no
"7471",Rubus laciniatus,Rubus,laciniatus,,,,exotic,unlisted,,48.992897999999997,-123.574943000000005,,NA,NA,"3881788",obs_exotic,file:///D:/Simon/Sync/Root/GIS/Biodiversity%20Data/obs_exotic.csv?type=csv&maxFields=10000&detectTypes=yes&xField=longitude&yField=latitude&crs=EPSG:4326&spatialIndex=no&subsetIndex=no&watchFile=no
"7472",Rubus laciniatus,Rubus,laciniatus,,,,exotic,unlisted,,48.900696850000003,-123.336124400000003,,NA,NA,"6425214",obs_exotic,file:///D:/Simon/Sync/Root/GIS/Biodiversity%20Data/obs_exotic.csv?type=csv&maxFields=10000&detectTypes=yes&xField=longitude&yField=latitude&crs=EPSG:4326&spatialIndex=no&subsetIndex=no&watchFile=no
"7473",Rubus laciniatus,Rubus,laciniatus,,,,exotic,unlisted,,48.872479849999998,-123.311128900000000,,NA,NA,"24688866",obs_exotic,file:///D:/Simon/Sync/Root/GIS/Biodiversity%20Data/obs_exotic.csv?type=csv&maxFields=10000&detectTypes=yes&xField=longitude&yField=latitude&crs=EPSG:4326&spatialIndex=no&subsetIndex=no&watchFile=no
"7474",Rubus laciniatus,Rubus,laciniatus,,,,exotic,unlisted,,48.872452780000003,-123.311149999999998,,NA,NA,"24824118",obs_exotic,file:///D:/Simon/Sync/Root/GIS/Biodiversity%20Data/obs_exotic.csv?type=csv&maxFields=10000&detectTypes=yes&xField=longitude&yField=latitude&crs=EPSG:4326&spatialIndex=no&subsetIndex=no&watchFile=no
"7475",Rubus laciniatus,Rubus,laciniatus,,,,exotic,unlisted,,48.872252779999997,-123.311730600000004,,NA,NA,"24824187",obs_exotic,file:///D:/Simon/Sync/Root/GIS/Biodiversity%20Data/obs_exotic.csv?type=csv&maxFields=10000&detectTypes=yes&xField=longitude&yField=latitude&crs=EPSG:4326&spatialIndex=no&subsetIndex=no&watchFile=no
"7476",Rubus laciniatus,Rubus,laciniatus,,,,exotic,unlisted,,48.872675970000003,-123.311958399999995,,NA,NA,"25148311",obs_exotic,file:///D:/Simon/Sync/Root/GIS/Biodiversity%20Data/obs_exotic.csv?type=csv&maxFields=10000&detectTypes=yes&xField=longitude&yField=latitude&crs=EPSG:4326&spatialIndex=no&subsetIndex=no&watchFile=no
"7477",Rubus laciniatus,Rubus,laciniatus,,,,exotic,unlisted,,48.899164419999998,-123.404201499999999,,NA,NA,"25478364",obs_exotic,file:///D:/Simon/Sync/Root/GIS/Biodiversity%20Data/obs_exotic.csv?type=csv&maxFields=10000&detectTypes=yes&xField=longitude&yField=latitude&crs=EPSG:4326&spatialIndex=no&subsetIndex=no&watchFile=no
"7478",Rubus laciniatus,Rubus,laciniatus,,,,exotic,unlisted,,48.899970969999998,-123.405185900000006,,NA,NA,"25478512",obs_exotic,file:///D:/Simon/Sync/Root/GIS/Biodiversity%20Data/obs_exotic.csv?type=csv&maxFields=10000&detectTypes=yes&xField=longitude&yField=latitude&crs=EPSG:4326&spatialIndex=no&subsetIndex=no&watchFile=no
"7479",Rubus laciniatus,Rubus,laciniatus,,,,exotic,unlisted,,48.872468560000002,-123.311000199999995,,NA,NA,"25483281",obs_exotic,file:///D:/Simon/Sync/Root/GIS/Biodiversity%20Data/obs_exotic.csv?type=csv&maxFields=10000&detectTypes=yes&xField=longitude&yField=latitude&crs=EPSG:4326&spatialIndex=no&subsetIndex=no&watchFile=no
"7480",Rubus laciniatus,Rubus,laciniatus,,,,exotic,unlisted,,48.865953740000002,-123.350378000000006,,NA,NA,"43555571",obs_exotic,file:///D:/Simon/Sync/Root/GIS/Biodiversity%20Data/obs_exotic.csv?type=csv&maxFields=10000&detectTypes=yes&xField=longitude&yField=latitude&crs=EPSG:4326&spatialIndex=no&subsetIndex=no&watchFile=no
"7481",Rubus laciniatus,Rubus,laciniatus,,,,exotic,unlisted,,48.929822670000000,-123.467631900000001,,NA,NA,"52907321",obs_exotic,file:///D:/Simon/Sync/Root/GIS/Biodiversity%20Data/obs_exotic.csv?type=csv&maxFields=10000&detectTypes=yes&xField=longitude&yField=latitude&crs=EPSG:4326&spatialIndex=no&subsetIndex=no&watchFile=no
"7482",Rubus laciniatus,Rubus,laciniatus,,,,exotic,unlisted,,48.930115960000002,-123.467483299999998,,NA,NA,"52925632",obs_exotic,file:///D:/Simon/Sync/Root/GIS/Biodiversity%20Data/obs_exotic.csv?type=csv&maxFields=10000&detectTypes=yes&xField=longitude&yField=latitude&crs=EPSG:4326&spatialIndex=no&subsetIndex=no&watchFile=no
"7483",Rubus laciniatus,Rubus,laciniatus,,,,exotic,unlisted,,48.883929109999997,-123.368887799999996,,NA,NA,"53020588",obs_exotic,file:///D:/Simon/Sync/Root/GIS/Biodiversity%20Data/obs_exotic.csv?type=csv&maxFields=10000&detectTypes=yes&xField=longitude&yField=latitude&crs=EPSG:4326&spatialIndex=no&subsetIndex=no&watchFile=no
"7484",Rubus laciniatus,Rubus,laciniatus,,,,exotic,unlisted,,48.928473689999997,-123.468978300000003,,NA,NA,"54690596",obs_exotic,file:///D:/Simon/Sync/Root/GIS/Biodiversity%20Data/obs_exotic.csv?type=csv&maxFields=10000&detectTypes=yes&xField=longitude&yField=latitude&crs=EPSG:4326&spatialIndex=no&subsetIndex=no&watchFile=no
"7485",Rubus laciniatus,Rubus,laciniatus,,,,exotic,unlisted,,48.895351769999998,-123.395593599999998,,NA,NA,"57343721",obs_exotic,file:///D:/Simon/Sync/Root/GIS/Biodiversity%20Data/obs_exotic.csv?type=csv&maxFields=10000&detectTypes=yes&xField=longitude&yField=latitude&crs=EPSG:4326&spatialIndex=no&subsetIndex=no&watchFile=no
"7486",Rubus laciniatus,Rubus,laciniatus,,,,exotic,unlisted,,48.895441640000001,-123.395789500000006,,NA,NA,"57378012",obs_exotic,file:///D:/Simon/Sync/Root/GIS/Biodiversity%20Data/obs_exotic.csv?type=csv&maxFields=10000&detectTypes=yes&xField=longitude&yField=latitude&crs=EPSG:4326&spatialIndex=no&subsetIndex=no&watchFile=no
"7487",Rubus laciniatus,Rubus,laciniatus,,,,exotic,unlisted,,48.872549999999997,-123.311120000000003,,NA,NA,"83747898",obs_exotic,file:///D:/Simon/Sync/Root/GIS/Biodiversity%20Data/obs_exotic.csv?type=csv&maxFields=10000&detectTypes=yes&xField=longitude&yField=latitude&crs=EPSG:4326&spatialIndex=no&subsetIndex=no&watchFile=no
"7488",Rubus laciniatus,Rubus,laciniatus,,,,exotic,unlisted,,48.927998629999998,-123.468066600000000,,NA,NA,"84095942",obs_exotic,file:///D:/Simon/Sync/Root/GIS/Biodiversity%20Data/obs_exotic.csv?type=csv&maxFields=10000&detectTypes=yes&xField=longitude&yField=latitude&crs=EPSG:4326&spatialIndex=no&subsetIndex=no&watchFile=no
"7489",Rubus laciniatus,Rubus,laciniatus,,,,exotic,unlisted,,48.928001889999997,-123.468029099999995,,NA,NA,"84147337",obs_exotic,file:///D:/Simon/Sync/Root/GIS/Biodiversity%20Data/obs_exotic.csv?type=csv&maxFields=10000&detectTypes=yes&xField=longitude&yField=latitude&crs=EPSG:4326&spatialIndex=no&subsetIndex=no&watchFile=no
"7490",Rubus laciniatus,Rubus,laciniatus,,,,exotic,unlisted,,48.928147269999997,-123.467857100000003,,NA,NA,"84243564",obs_exotic,file:///D:/Simon/Sync/Root/GIS/Biodiversity%20Data/obs_exotic.csv?type=csv&maxFields=10000&detectTypes=yes&xField=longitude&yField=latitude&crs=EPSG:4326&spatialIndex=no&subsetIndex=no&watchFile=no
"7491",Rubus laciniatus,Rubus,laciniatus,,,,exotic,unlisted,,48.927795230000001,-123.467512999999997,,NA,NA,"84463315",obs_exotic,file:///D:/Simon/Sync/Root/GIS/Biodiversity%20Data/obs_exotic.csv?type=csv&maxFields=10000&detectTypes=yes&xField=longitude&yField=latitude&crs=EPSG:4326&spatialIndex=no&subsetIndex=no&watchFile=no
"7492",Rubus laciniatus,Rubus,laciniatus,,,,exotic,unlisted,,48.929559980000001,-123.475129600000002,,NA,NA,"84494478",obs_exotic,file:///D:/Simon/Sync/Root/GIS/Biodiversity%20Data/obs_exotic.csv?type=csv&maxFields=10000&detectTypes=yes&xField=longitude&yField=latitude&crs=EPSG:4326&spatialIndex=no&subsetIndex=no&watchFile=no
"7493",Rubus laciniatus,Rubus,laciniatus,,,,exotic,unlisted,,48.929324999999999,-123.475250000000003,,NA,NA,"84498075",obs_exotic,file:///D:/Simon/Sync/Root/GIS/Biodiversity%20Data/obs_exotic.csv?type=csv&maxFields=10000&detectTypes=yes&xField=longitude&yField=latitude&crs=EPSG:4326&spatialIndex=no&subsetIndex=no&watchFile=no
"7494",Rubus laciniatus,Rubus,laciniatus,,,,exotic,unlisted,,48.929366670000000,-123.475166700000003,,NA,NA,"84499120",obs_exotic,file:///D:/Simon/Sync/Root/GIS/Biodiversity%20Data/obs_exotic.csv?type=csv&maxFields=10000&detectTypes=yes&xField=longitude&yField=latitude&crs=EPSG:4326&spatialIndex=no&subsetIndex=no&watchFile=no
"7495",Rubus laciniatus,Rubus,laciniatus,,,,exotic,unlisted,,48.927559590000001,-123.464906700000000,,NA,NA,"84582688",obs_exotic,file:///D:/Simon/Sync/Root/GIS/Biodiversity%20Data/obs_exotic.csv?type=csv&maxFields=10000&detectTypes=yes&xField=longitude&yField=latitude&crs=EPSG:4326&spatialIndex=no&subsetIndex=no&watchFile=no
"7496",Rubus laciniatus,Rubus,laciniatus,,,,exotic,unlisted,,48.929336429999999,-123.474322599999994,,NA,NA,"84809947",obs_exotic,file:///D:/Simon/Sync/Root/GIS/Biodiversity%20Data/obs_exotic.csv?type=csv&maxFields=10000&detectTypes=yes&xField=longitude&yField=latitude&crs=EPSG:4326&spatialIndex=no&subsetIndex=no&watchFile=no
"7497",Rubus laciniatus,Rubus,laciniatus,,,,exotic,unlisted,,48.870413999999997,-123.320369999999997,,NA,NA,"89941274",obs_exotic,file:///D:/Simon/Sync/Root/GIS/Biodiversity%20Data/obs_exotic.csv?type=csv&maxFields=10000&detectTypes=yes&xField=longitude&yField=latitude&crs=EPSG:4326&spatialIndex=no&subsetIndex=no&watchFile=no
"7498",Rubus laciniatus,Rubus,laciniatus,,,,exotic,unlisted,,48.929937619999997,-123.475737600000002,,NA,NA,"92950722",obs_exotic,file:///D:/Simon/Sync/Root/GIS/Biodiversity%20Data/obs_exotic.csv?type=csv&maxFields=10000&detectTypes=yes&xField=longitude&yField=latitude&crs=EPSG:4326&spatialIndex=no&subsetIndex=no&watchFile=no
"7499",Rubus laciniatus,Rubus,laciniatus,,,,exotic,unlisted,,48.884576670000001,-123.370999999999995,,NA,NA,"93550073",obs_exotic,file:///D:/Simon/Sync/Root/GIS/Biodiversity%20Data/obs_exotic.csv?type=csv&maxFields=10000&detectTypes=yes&xField=longitude&yField=latitude&crs=EPSG:4326&spatialIndex=no&subsetIndex=no&watchFile=no
"7500",Rubus laciniatus,Rubus,laciniatus,,,,exotic,unlisted,,48.929828860000001,-123.475046500000005,,NA,NA,"97447796",obs_exotic,file:///D:/Simon/Sync/Root/GIS/Biodiversity%20Data/obs_exotic.csv?type=csv&maxFields=10000&detectTypes=yes&xField=longitude&yField=latitude&crs=EPSG:4326&spatialIndex=no&subsetIndex=no&watchFile=no
"7501",Rubus laciniatus,Rubus,laciniatus,,,,exotic,unlisted,,48.929127039999997,-123.467962200000002,,NA,NA,"101447218",obs_exotic,file:///D:/Simon/Sync/Root/GIS/Biodiversity%20Data/obs_exotic.csv?type=csv&maxFields=10000&detectTypes=yes&xField=longitude&yField=latitude&crs=EPSG:4326&spatialIndex=no&subsetIndex=no&watchFile=no
"7502",Rubus laciniatus,Rubus,laciniatus,,,,exotic,unlisted,,48.939270100000002,-123.501186599999997,,NA,NA,"107685918",obs_exotic,file:///D:/Simon/Sync/Root/GIS/Biodiversity%20Data/obs_exotic.csv?type=csv&maxFields=10000&detectTypes=yes&xField=longitude&yField=latitude&crs=EPSG:4326&spatialIndex=no&subsetIndex=no&watchFile=no
"7503",Rubus laciniatus,Rubus,laciniatus,,,,exotic,unlisted,,48.870593000000000,-123.321050000000000,,NA,NA,"115227900",obs_exotic,file:///D:/Simon/Sync/Root/GIS/Biodiversity%20Data/obs_exotic.csv?type=csv&maxFields=10000&detectTypes=yes&xField=longitude&yField=latitude&crs=EPSG:4326&spatialIndex=no&subsetIndex=no&watchFile=no
"7504",Rubus laciniatus,Rubus,laciniatus,,,,exotic,unlisted,,48.870435000000001,-123.321378300000006,,NA,NA,"121538446",obs_exotic,file:///D:/Simon/Sync/Root/GIS/Biodiversity%20Data/obs_exotic.csv?type=csv&maxFields=10000&detectTypes=yes&xField=longitude&yField=latitude&crs=EPSG:4326&spatialIndex=no&subsetIndex=no&watchFile=no
"7505",Rubus laciniatus,Rubus,laciniatus,,,,exotic,unlisted,,48.928161670000001,-123.468078300000002,,NA,NA,"122094524",obs_exotic,file:///D:/Simon/Sync/Root/GIS/Biodiversity%20Data/obs_exotic.csv?type=csv&maxFields=10000&detectTypes=yes&xField=longitude&yField=latitude&crs=EPSG:4326&spatialIndex=no&subsetIndex=no&watchFile=no
"7506",Rubus laciniatus,Rubus,laciniatus,,,,exotic,unlisted,,48.872549999999997,-123.311103299999999,,NA,NA,"122839866",obs_exotic,file:///D:/Simon/Sync/Root/GIS/Biodiversity%20Data/obs_exotic.csv?type=csv&maxFields=10000&detectTypes=yes&xField=longitude&yField=latitude&crs=EPSG:4326&spatialIndex=no&subsetIndex=no&watchFile=no
"7507",Rubus laciniatus,Rubus,laciniatus,,,,exotic,unlisted,,48.865873790000002,-123.321733800000004,,NA,NA,"127157351",obs_exotic,file:///D:/Simon/Sync/Root/GIS/Biodiversity%20Data/obs_exotic.csv?type=csv&maxFields=10000&detectTypes=yes&xField=longitude&yField=latitude&crs=EPSG:4326&spatialIndex=no&subsetIndex=no&watchFile=no
"7508",Rubus laciniatus,Rubus,laciniatus,,,,exotic,unlisted,,48.870238329999999,-123.318404999999998,,NA,NA,"130437876",obs_exotic,file:///D:/Simon/Sync/Root/GIS/Biodiversity%20Data/obs_exotic.csv?type=csv&maxFields=10000&detectTypes=yes&xField=longitude&yField=latitude&crs=EPSG:4326&spatialIndex=no&subsetIndex=no&watchFile=no
"7509",Rubus laciniatus,Rubus,laciniatus,,,,exotic,unlisted,,48.900003329999997,-123.405355000000000,,NA,NA,"131157815",obs_exotic,file:///D:/Simon/Sync/Root/GIS/Biodiversity%20Data/obs_exotic.csv?type=csv&maxFields=10000&detectTypes=yes&xField=longitude&yField=latitude&crs=EPSG:4326&spatialIndex=no&subsetIndex=no&watchFile=no
"7510",Rubus laciniatus,Rubus,laciniatus,,,,exotic,unlisted,,48.870869999999996,-123.321101999999996,,NA,NA,"132185503",obs_exotic,file:///D:/Simon/Sync/Root/GIS/Biodiversity%20Data/obs_exotic.csv?type=csv&maxFields=10000&detectTypes=yes&xField=longitude&yField=latitude&crs=EPSG:4326&spatialIndex=no&subsetIndex=no&watchFile=no
"7511",Rubus laciniatus,Rubus,laciniatus,,,,exotic,unlisted,,48.871361669999999,-123.316191700000005,,NA,NA,"135831826",obs_exotic,file:///D:/Simon/Sync/Root/GIS/Biodiversity%20Data/obs_exotic.csv?type=csv&maxFields=10000&detectTypes=yes&xField=longitude&yField=latitude&crs=EPSG:4326&spatialIndex=no&subsetIndex=no&watchFile=no
"7785",Rumex acetosella,Rumex,acetosella,,,,exotic,unlisted,,48.861424000000000,-123.365634000000000,,NA,NA,"2604259",obs_exotic,file:///D:/Simon/Sync/Root/GIS/Biodiversity%20Data/obs_exotic.csv?type=csv&maxFields=10000&detectTypes=yes&xField=longitude&yField=latitude&crs=EPSG:4326&spatialIndex=no&subsetIndex=no&watchFile=no
"7786",Rumex acetosella,Rumex,acetosella,,,,exotic,unlisted,,48.928519000000001,-123.468969999999999,,NA,NA,"2622509",obs_exotic,file:///D:/Simon/Sync/Root/GIS/Biodiversity%20Data/obs_exotic.csv?type=csv&maxFields=10000&detectTypes=yes&xField=longitude&yField=latitude&crs=EPSG:4326&spatialIndex=no&subsetIndex=no&watchFile=no
"7787",Rumex acetosella,Rumex,acetosella,,,,exotic,unlisted,,48.930788999999997,-123.475770999999995,,NA,NA,"2629727",obs_exotic,file:///D:/Simon/Sync/Root/GIS/Biodiversity%20Data/obs_exotic.csv?type=csv&maxFields=10000&detectTypes=yes&xField=longitude&yField=latitude&crs=EPSG:4326&spatialIndex=no&subsetIndex=no&watchFile=no
"7788",Rumex acetosella,Rumex,acetosella,,,,exotic,unlisted,,48.928910000000002,-123.469684000000001,,NA,NA,"2632636",obs_exotic,file:///D:/Simon/Sync/Root/GIS/Biodiversity%20Data/obs_exotic.csv?type=csv&maxFields=10000&detectTypes=yes&xField=longitude&yField=latitude&crs=EPSG:4326&spatialIndex=no&subsetIndex=no&watchFile=no
"7789",Rumex acetosella,Rumex,acetosella,,,,exotic,unlisted,,48.927688000000003,-123.466930000000005,,NA,NA,"2663827",obs_exotic,file:///D:/Simon/Sync/Root/GIS/Biodiversity%20Data/obs_exotic.csv?type=csv&maxFields=10000&detectTypes=yes&xField=longitude&yField=latitude&crs=EPSG:4326&spatialIndex=no&subsetIndex=no&watchFile=no
"7790",Rumex acetosella,Rumex,acetosella,,,,exotic,unlisted,,48.866764000000003,-123.336060000000003,,NA,NA,"3028670",obs_exotic,file:///D:/Simon/Sync/Root/GIS/Biodiversity%20Data/obs_exotic.csv?type=csv&maxFields=10000&detectTypes=yes&xField=longitude&yField=latitude&crs=EPSG:4326&spatialIndex=no&subsetIndex=no&watchFile=no
"7791",Rumex acetosella,Rumex,acetosella,,,,exotic,unlisted,,48.866486999999999,-123.334789000000001,,NA,NA,"4425677",obs_exotic,file:///D:/Simon/Sync/Root/GIS/Biodiversity%20Data/obs_exotic.csv?type=csv&maxFields=10000&detectTypes=yes&xField=longitude&yField=latitude&crs=EPSG:4326&spatialIndex=no&subsetIndex=no&watchFile=no
"7792",Rumex acetosella,Rumex,acetosella,,,,exotic,unlisted,,49.012850899999997,-123.573103000000003,,NA,NA,"6309368",obs_exotic,file:///D:/Simon/Sync/Root/GIS/Biodiversity%20Data/obs_exotic.csv?type=csv&maxFields=10000&detectTypes=yes&xField=longitude&yField=latitude&crs=EPSG:4326&spatialIndex=no&subsetIndex=no&watchFile=no
"7793",Rumex acetosella,Rumex,acetosella,,,,exotic,unlisted,,48.928059390000001,-123.467742900000005,,NA,NA,"6387144",obs_exotic,file:///D:/Simon/Sync/Root/GIS/Biodiversity%20Data/obs_exotic.csv?type=csv&maxFields=10000&detectTypes=yes&xField=longitude&yField=latitude&crs=EPSG:4326&spatialIndex=no&subsetIndex=no&watchFile=no
"7794",Rumex acetosella,Rumex,acetosella,,,,exotic,unlisted,,48.939140600000002,-123.501062200000007,,NA,NA,"6571061",obs_exotic,file:///D:/Simon/Sync/Root/GIS/Biodiversity%20Data/obs_exotic.csv?type=csv&maxFields=10000&detectTypes=yes&xField=longitude&yField=latitude&crs=EPSG:4326&spatialIndex=no&subsetIndex=no&watchFile=no
"7795",Rumex acetosella,Rumex,acetosella,,,,exotic,unlisted,,48.875286670000001,-123.380111700000000,,NA,NA,"11580430",obs_exotic,file:///D:/Simon/Sync/Root/GIS/Biodiversity%20Data/obs_exotic.csv?type=csv&maxFields=10000&detectTypes=yes&xField=longitude&yField=latitude&crs=EPSG:4326&spatialIndex=no&subsetIndex=no&watchFile=no
"7796",Rumex acetosella,Rumex,acetosella,,,,exotic,unlisted,,48.869700000000002,-123.320400000000006,,NA,NA,"12184095",obs_exotic,file:///D:/Simon/Sync/Root/GIS/Biodiversity%20Data/obs_exotic.csv?type=csv&maxFields=10000&detectTypes=yes&xField=longitude&yField=latitude&crs=EPSG:4326&spatialIndex=no&subsetIndex=no&watchFile=no
"7797",Rumex acetosella,Rumex,acetosella,,,,exotic,unlisted,,48.871484000000002,-123.337271999999999,,NA,NA,"12792144",obs_exotic,file:///D:/Simon/Sync/Root/GIS/Biodiversity%20Data/obs_exotic.csv?type=csv&maxFields=10000&detectTypes=yes&xField=longitude&yField=latitude&crs=EPSG:4326&spatialIndex=no&subsetIndex=no&watchFile=no
"7798",Rumex acetosella,Rumex,acetosella,,,,exotic,unlisted,,48.868475629999999,-123.378375500000004,,NA,NA,"17693191",obs_exotic,file:///D:/Simon/Sync/Root/GIS/Biodiversity%20Data/obs_exotic.csv?type=csv&maxFields=10000&detectTypes=yes&xField=longitude&yField=latitude&crs=EPSG:4326&spatialIndex=no&subsetIndex=no&watchFile=no
"7799",Rumex acetosella,Rumex,acetosella,,,,exotic,unlisted,,48.859411670000000,-123.354095000000001,,NA,NA,"24069025",obs_exotic,file:///D:/Simon/Sync/Root/GIS/Biodiversity%20Data/obs_exotic.csv?type=csv&maxFields=10000&detectTypes=yes&xField=longitude&yField=latitude&crs=EPSG:4326&spatialIndex=no&subsetIndex=no&watchFile=no
"7800",Rumex acetosella,Rumex,acetosella,,,,exotic,unlisted,,48.872524570000003,-123.311057899999994,,NA,NA,"24688874",obs_exotic,file:///D:/Simon/Sync/Root/GIS/Biodiversity%20Data/obs_exotic.csv?type=csv&maxFields=10000&detectTypes=yes&xField=longitude&yField=latitude&crs=EPSG:4326&spatialIndex=no&subsetIndex=no&watchFile=no
"7801",Rumex acetosella,Rumex,acetosella,,,,exotic,unlisted,,48.871619469999999,-123.311088799999993,,NA,NA,"24708030",obs_exotic,file:///D:/Simon/Sync/Root/GIS/Biodiversity%20Data/obs_exotic.csv?type=csv&maxFields=10000&detectTypes=yes&xField=longitude&yField=latitude&crs=EPSG:4326&spatialIndex=no&subsetIndex=no&watchFile=no
"7802",Rumex acetosella,Rumex,acetosella,,,,exotic,unlisted,,48.871768959999997,-123.310857499999997,,NA,NA,"24713077",obs_exotic,file:///D:/Simon/Sync/Root/GIS/Biodiversity%20Data/obs_exotic.csv?type=csv&maxFields=10000&detectTypes=yes&xField=longitude&yField=latitude&crs=EPSG:4326&spatialIndex=no&subsetIndex=no&watchFile=no
"7803",Rumex acetosella,Rumex,acetosella,,,,exotic,unlisted,,48.875519439999998,-123.307944399999997,,NA,NA,"24806727",obs_exotic,file:///D:/Simon/Sync/Root/GIS/Biodiversity%20Data/obs_exotic.csv?type=csv&maxFields=10000&detectTypes=yes&xField=longitude&yField=latitude&crs=EPSG:4326&spatialIndex=no&subsetIndex=no&watchFile=no
"7804",Rumex acetosella,Rumex,acetosella,,,,exotic,unlisted,,48.872472219999999,-123.310827799999998,,NA,NA,"25048312",obs_exotic,file:///D:/Simon/Sync/Root/GIS/Biodiversity%20Data/obs_exotic.csv?type=csv&maxFields=10000&detectTypes=yes&xField=longitude&yField=latitude&crs=EPSG:4326&spatialIndex=no&subsetIndex=no&watchFile=no
"7805",Rumex acetosella,Rumex,acetosella,,,,exotic,unlisted,,48.867055530000002,-123.375758200000007,,NA,NA,"25148296",obs_exotic,file:///D:/Simon/Sync/Root/GIS/Biodiversity%20Data/obs_exotic.csv?type=csv&maxFields=10000&detectTypes=yes&xField=longitude&yField=latitude&crs=EPSG:4326&spatialIndex=no&subsetIndex=no&watchFile=no
"7806",Rumex acetosella,Rumex,acetosella,,,,exotic,unlisted,,48.867122039999998,-123.375917799999996,,NA,NA,"25479083",obs_exotic,file:///D:/Simon/Sync/Root/GIS/Biodiversity%20Data/obs_exotic.csv?type=csv&maxFields=10000&detectTypes=yes&xField=longitude&yField=latitude&crs=EPSG:4326&spatialIndex=no&subsetIndex=no&watchFile=no
"7807",Rumex acetosella,Rumex,acetosella,,,,exotic,unlisted,,48.872478999999998,-123.310767700000000,,NA,NA,"25483224",obs_exotic,file:///D:/Simon/Sync/Root/GIS/Biodiversity%20Data/obs_exotic.csv?type=csv&maxFields=10000&detectTypes=yes&xField=longitude&yField=latitude&crs=EPSG:4326&spatialIndex=no&subsetIndex=no&watchFile=no
"7808",Rumex acetosella,Rumex,acetosella,,,,exotic,unlisted,,48.865524999999998,-123.365053300000000,,NA,NA,"42637608",obs_exotic,file:///D:/Simon/Sync/Root/GIS/Biodiversity%20Data/obs_exotic.csv?type=csv&maxFields=10000&detectTypes=yes&xField=longitude&yField=latitude&crs=EPSG:4326&spatialIndex=no&subsetIndex=no&watchFile=no
"7809",Rumex acetosella,Rumex,acetosella,,,,exotic,unlisted,,49.013316820000000,-123.572680199999994,,NA,NA,"57099152",obs_exotic,file:///D:/Simon/Sync/Root/GIS/Biodiversity%20Data/obs_exotic.csv?type=csv&maxFields=10000&detectTypes=yes&xField=longitude&yField=latitude&crs=EPSG:4326&spatialIndex=no&subsetIndex=no&watchFile=no
"7810",Rumex acetosella,Rumex,acetosella,,,,exotic,unlisted,,48.868028330000001,-123.340623300000004,,NA,NA,"68992576",obs_exotic,file:///D:/Simon/Sync/Root/GIS/Biodiversity%20Data/obs_exotic.csv?type=csv&maxFields=10000&detectTypes=yes&xField=longitude&yField=latitude&crs=EPSG:4326&spatialIndex=no&subsetIndex=no&watchFile=no
"7811",Rumex acetosella,Rumex,acetosella,,,,exotic,unlisted,,48.866333009999998,-123.334274300000004,,NA,NA,"80799044",obs_exotic,file:///D:/Simon/Sync/Root/GIS/Biodiversity%20Data/obs_exotic.csv?type=csv&maxFields=10000&detectTypes=yes&xField=longitude&yField=latitude&crs=EPSG:4326&spatialIndex=no&subsetIndex=no&watchFile=no
"7812",Rumex acetosella,Rumex,acetosella,,,,exotic,unlisted,,48.948466670000002,-123.502205000000004,,NA,NA,"83178185",obs_exotic,file:///D:/Simon/Sync/Root/GIS/Biodiversity%20Data/obs_exotic.csv?type=csv&maxFields=10000&detectTypes=yes&xField=longitude&yField=latitude&crs=EPSG:4326&spatialIndex=no&subsetIndex=no&watchFile=no
"7813",Rumex acetosella,Rumex,acetosella,,,,exotic,unlisted,,49.012320269999996,-123.575415399999997,,NA,NA,"83604296",obs_exotic,file:///D:/Simon/Sync/Root/GIS/Biodiversity%20Data/obs_exotic.csv?type=csv&maxFields=10000&detectTypes=yes&xField=longitude&yField=latitude&crs=EPSG:4326&spatialIndex=no&subsetIndex=no&watchFile=no
"7814",Rumex acetosella,Rumex,acetosella,,,,exotic,unlisted,,48.875693329999997,-123.384413300000006,,NA,NA,"83738323",obs_exotic,file:///D:/Simon/Sync/Root/GIS/Biodiversity%20Data/obs_exotic.csv?type=csv&maxFields=10000&detectTypes=yes&xField=longitude&yField=latitude&crs=EPSG:4326&spatialIndex=no&subsetIndex=no&watchFile=no
"7815",Rumex acetosella,Rumex,acetosella,,,,exotic,unlisted,,48.954463330000003,-123.524230000000003,,NA,NA,"99434742",obs_exotic,file:///D:/Simon/Sync/Root/GIS/Biodiversity%20Data/obs_exotic.csv?type=csv&maxFields=10000&detectTypes=yes&xField=longitude&yField=latitude&crs=EPSG:4326&spatialIndex=no&subsetIndex=no&watchFile=no
"7816",Rumex acetosella,Rumex,acetosella,,,,exotic,unlisted,,48.867343329999997,-123.337843300000003,,NA,NA,"107521181",obs_exotic,file:///D:/Simon/Sync/Root/GIS/Biodiversity%20Data/obs_exotic.csv?type=csv&maxFields=10000&detectTypes=yes&xField=longitude&yField=latitude&crs=EPSG:4326&spatialIndex=no&subsetIndex=no&watchFile=no
"7817",Rumex acetosella,Rumex,acetosella,,,,exotic,unlisted,,49.014133000000001,-123.573853000000000,,NA,NA,"110936377",obs_exotic,file:///D:/Simon/Sync/Root/GIS/Biodiversity%20Data/obs_exotic.csv?type=csv&maxFields=10000&detectTypes=yes&xField=longitude&yField=latitude&crs=EPSG:4326&spatialIndex=no&subsetIndex=no&watchFile=no
"7818",Rumex acetosella,Rumex,acetosella,,,,exotic,unlisted,,48.867336000000002,-123.338920999999999,,NA,NA,"110937702",obs_exotic,file:///D:/Simon/Sync/Root/GIS/Biodiversity%20Data/obs_exotic.csv?type=csv&maxFields=10000&detectTypes=yes&xField=longitude&yField=latitude&crs=EPSG:4326&spatialIndex=no&subsetIndex=no&watchFile=no
"7819",Rumex acetosella,Rumex,acetosella,,,,exotic,unlisted,,48.871250000000003,-123.320755000000005,,NA,NA,"116482001",obs_exotic,file:///D:/Simon/Sync/Root/GIS/Biodiversity%20Data/obs_exotic.csv?type=csv&maxFields=10000&detectTypes=yes&xField=longitude&yField=latitude&crs=EPSG:4326&spatialIndex=no&subsetIndex=no&watchFile=no
"7820",Rumex acetosella,Rumex,acetosella,,,,exotic,unlisted,,48.872402780000002,-123.312605599999998,,NA,NA,"119369453",obs_exotic,file:///D:/Simon/Sync/Root/GIS/Biodiversity%20Data/obs_exotic.csv?type=csv&maxFields=10000&detectTypes=yes&xField=longitude&yField=latitude&crs=EPSG:4326&spatialIndex=no&subsetIndex=no&watchFile=no
"7821",Rumex acetosella,Rumex,acetosella,,,,exotic,unlisted,,48.863680000000002,-123.362328300000001,,NA,NA,"120598040",obs_exotic,file:///D:/Simon/Sync/Root/GIS/Biodiversity%20Data/obs_exotic.csv?type=csv&maxFields=10000&detectTypes=yes&xField=longitude&yField=latitude&crs=EPSG:4326&spatialIndex=no&subsetIndex=no&watchFile=no
"7822",Rumex acetosella,Rumex,acetosella,,,,exotic,unlisted,,48.869999929999999,-123.379999999999995,,NA,NA,"120974678",obs_exotic,file:///D:/Simon/Sync/Root/GIS/Biodiversity%20Data/obs_exotic.csv?type=csv&maxFields=10000&detectTypes=yes&xField=longitude&yField=latitude&crs=EPSG:4326&spatialIndex=no&subsetIndex=no&watchFile=no
"7823",Rumex acetosella,Rumex,acetosella,,,,exotic,unlisted,,48.869999929999999,-123.379999999999995,,NA,NA,"121009055",obs_exotic,file:///D:/Simon/Sync/Root/GIS/Biodiversity%20Data/obs_exotic.csv?type=csv&maxFields=10000&detectTypes=yes&xField=longitude&yField=latitude&crs=EPSG:4326&spatialIndex=no&subsetIndex=no&watchFile=no
"7824",Rumex acetosella,Rumex,acetosella,,,,exotic,unlisted,,49.012996670000000,-123.575959999999995,,NA,NA,"123934511",obs_exotic,file:///D:/Simon/Sync/Root/GIS/Biodiversity%20Data/obs_exotic.csv?type=csv&maxFields=10000&detectTypes=yes&xField=longitude&yField=latitude&crs=EPSG:4326&spatialIndex=no&subsetIndex=no&watchFile=no
"7825",Rumex acetosella,Rumex,acetosella,,,,exotic,unlisted,,48.867738369999998,-123.339901299999994,,NA,NA,"124968490",obs_exotic,file:///D:/Simon/Sync/Root/GIS/Biodiversity%20Data/obs_exotic.csv?type=csv&maxFields=10000&detectTypes=yes&xField=longitude&yField=latitude&crs=EPSG:4326&spatialIndex=no&subsetIndex=no&watchFile=no
"7826",Rumex acetosella,Rumex,acetosella,,,,exotic,unlisted,,48.871558329999999,-123.310958299999996,,NA,NA,"129444032",obs_exotic,file:///D:/Simon/Sync/Root/GIS/Biodiversity%20Data/obs_exotic.csv?type=csv&maxFields=10000&detectTypes=yes&xField=longitude&yField=latitude&crs=EPSG:4326&spatialIndex=no&subsetIndex=no&watchFile=no
"7827",Rumex acetosella,Rumex,acetosella,,,,exotic,unlisted,,48.870620000000002,-123.319021699999993,,NA,NA,"130427215",obs_exotic,file:///D:/Simon/Sync/Root/GIS/Biodiversity%20Data/obs_exotic.csv?type=csv&maxFields=10000&detectTypes=yes&xField=longitude&yField=latitude&crs=EPSG:4326&spatialIndex=no&subsetIndex=no&watchFile=no
"7828",Rumex conglomeratus,Rumex,conglomeratus,,,,exotic,unlisted,,48.951028620000002,-123.515924999999996,,NA,NA,"28440197",obs_exotic,file:///D:/Simon/Sync/Root/GIS/Biodiversity%20Data/obs_exotic.csv?type=csv&maxFields=10000&detectTypes=yes&xField=longitude&yField=latitude&crs=EPSG:4326&spatialIndex=no&subsetIndex=no&watchFile=no
"7829",Rumex conglomeratus,Rumex,conglomeratus,,,,exotic,unlisted,,48.928298030000001,-123.467958999999993,,NA,NA,"84466605",obs_exotic,file:///D:/Simon/Sync/Root/GIS/Biodiversity%20Data/obs_exotic.csv?type=csv&maxFields=10000&detectTypes=yes&xField=longitude&yField=latitude&crs=EPSG:4326&spatialIndex=no&subsetIndex=no&watchFile=no
"7830",Rumex conglomeratus,Rumex,conglomeratus,,,,exotic,unlisted,,48.927905000000003,-123.457816699999995,,NA,NA,"99435970",obs_exotic,file:///D:/Simon/Sync/Root/GIS/Biodiversity%20Data/obs_exotic.csv?type=csv&maxFields=10000&detectTypes=yes&xField=longitude&yField=latitude&crs=EPSG:4326&spatialIndex=no&subsetIndex=no&watchFile=no
"7831",Rumex crispus,Rumex,crispus,,,,exotic,unlisted,,48.933326000000001,-123.482809000000003,,NA,NA,"2561805",obs_exotic,file:///D:/Simon/Sync/Root/GIS/Biodiversity%20Data/obs_exotic.csv?type=csv&maxFields=10000&detectTypes=yes&xField=longitude&yField=latitude&crs=EPSG:4326&spatialIndex=no&subsetIndex=no&watchFile=no
"7832",Rumex crispus,Rumex,crispus,,,,exotic,unlisted,,48.900047989999997,-123.406398300000006,,NA,NA,"6434857",obs_exotic,file:///D:/Simon/Sync/Root/GIS/Biodiversity%20Data/obs_exotic.csv?type=csv&maxFields=10000&detectTypes=yes&xField=longitude&yField=latitude&crs=EPSG:4326&spatialIndex=no&subsetIndex=no&watchFile=no
"7833",Rumex crispus,Rumex,crispus,,,,exotic,unlisted,,48.898413890000000,-123.407791700000004,,NA,NA,"25655034",obs_exotic,file:///D:/Simon/Sync/Root/GIS/Biodiversity%20Data/obs_exotic.csv?type=csv&maxFields=10000&detectTypes=yes&xField=longitude&yField=latitude&crs=EPSG:4326&spatialIndex=no&subsetIndex=no&watchFile=no
"7834",Rumex crispus,Rumex,crispus,,,,exotic,unlisted,,48.930230620000003,-123.466989799999993,,NA,NA,"52921605",obs_exotic,file:///D:/Simon/Sync/Root/GIS/Biodiversity%20Data/obs_exotic.csv?type=csv&maxFields=10000&detectTypes=yes&xField=longitude&yField=latitude&crs=EPSG:4326&spatialIndex=no&subsetIndex=no&watchFile=no
"7835",Rumex crispus,Rumex,crispus,,,,exotic,unlisted,,48.930348469999998,-123.467124400000003,,NA,NA,"53266995",obs_exotic,file:///D:/Simon/Sync/Root/GIS/Biodiversity%20Data/obs_exotic.csv?type=csv&maxFields=10000&detectTypes=yes&xField=longitude&yField=latitude&crs=EPSG:4326&spatialIndex=no&subsetIndex=no&watchFile=no
"7836",Rumex crispus,Rumex,crispus,,,,exotic,unlisted,,48.930869999999999,-123.475341700000001,,NA,NA,"84637147",obs_exotic,file:///D:/Simon/Sync/Root/GIS/Biodiversity%20Data/obs_exotic.csv?type=csv&maxFields=10000&detectTypes=yes&xField=longitude&yField=latitude&crs=EPSG:4326&spatialIndex=no&subsetIndex=no&watchFile=no
"7837",Rumex crispus,Rumex,crispus,,,,exotic,unlisted,,48.929414000000001,-123.474193999999997,,NA,NA,"84809946",obs_exotic,file:///D:/Simon/Sync/Root/GIS/Biodiversity%20Data/obs_exotic.csv?type=csv&maxFields=10000&detectTypes=yes&xField=longitude&yField=latitude&crs=EPSG:4326&spatialIndex=no&subsetIndex=no&watchFile=no
"7838",Rumex crispus,Rumex,crispus,,,,exotic,unlisted,,48.878891670000002,-123.319620000000000,,NA,NA,"102627183",obs_exotic,file:///D:/Simon/Sync/Root/GIS/Biodiversity%20Data/obs_exotic.csv?type=csv&maxFields=10000&detectTypes=yes&xField=longitude&yField=latitude&crs=EPSG:4326&spatialIndex=no&subsetIndex=no&watchFile=no
"7839",Rumex crispus,Rumex,crispus,,,,exotic,unlisted,,48.878799999999998,-123.317938299999994,,NA,NA,"102693958",obs_exotic,file:///D:/Simon/Sync/Root/GIS/Biodiversity%20Data/obs_exotic.csv?type=csv&maxFields=10000&detectTypes=yes&xField=longitude&yField=latitude&crs=EPSG:4326&spatialIndex=no&subsetIndex=no&watchFile=no
"7840",Rumex crispus,Rumex,crispus,,,,exotic,unlisted,,48.998388329999997,-123.585983299999995,,NA,NA,"124509788",obs_exotic,file:///D:/Simon/Sync/Root/GIS/Biodiversity%20Data/obs_exotic.csv?type=csv&maxFields=10000&detectTypes=yes&xField=longitude&yField=latitude&crs=EPSG:4326&spatialIndex=no&subsetIndex=no&watchFile=no
"7841",Rumex crispus,Rumex,crispus,,,,exotic,unlisted,,48.959623319999999,-123.508626899999996,,NA,NA,"136071485",obs_exotic,file:///D:/Simon/Sync/Root/GIS/Biodiversity%20Data/obs_exotic.csv?type=csv&maxFields=10000&detectTypes=yes&xField=longitude&yField=latitude&crs=EPSG:4326&spatialIndex=no&subsetIndex=no&watchFile=no
"7842",Rumex obtusifolius,Rumex,obtusifolius,,,,exotic,unlisted,,48.932085999999998,-123.475857000000005,,NA,NA,"2563316",obs_exotic,file:///D:/Simon/Sync/Root/GIS/Biodiversity%20Data/obs_exotic.csv?type=csv&maxFields=10000&detectTypes=yes&xField=longitude&yField=latitude&crs=EPSG:4326&spatialIndex=no&subsetIndex=no&watchFile=no
"7843",Rumex obtusifolius,Rumex,obtusifolius,,,,exotic,unlisted,,48.915540999999997,-123.427509000000001,,NA,NA,"3215710",obs_exotic,file:///D:/Simon/Sync/Root/GIS/Biodiversity%20Data/obs_exotic.csv?type=csv&maxFields=10000&detectTypes=yes&xField=longitude&yField=latitude&crs=EPSG:4326&spatialIndex=no&subsetIndex=no&watchFile=no
"7844",Rumex obtusifolius,Rumex,obtusifolius,,,,exotic,unlisted,,48.892842000000002,-123.392106999999996,,NA,NA,"3382885",obs_exotic,file:///D:/Simon/Sync/Root/GIS/Biodiversity%20Data/obs_exotic.csv?type=csv&maxFields=10000&detectTypes=yes&xField=longitude&yField=latitude&crs=EPSG:4326&spatialIndex=no&subsetIndex=no&watchFile=no
"7845",Rumex obtusifolius,Rumex,obtusifolius,,,,exotic,unlisted,,48.879210000000000,-123.319660999999996,,NA,NA,"3383131",obs_exotic,file:///D:/Simon/Sync/Root/GIS/Biodiversity%20Data/obs_exotic.csv?type=csv&maxFields=10000&detectTypes=yes&xField=longitude&yField=latitude&crs=EPSG:4326&spatialIndex=no&subsetIndex=no&watchFile=no
"7846",Rumex obtusifolius,Rumex,obtusifolius,,,,exotic,unlisted,,48.899646670000003,-123.405709999999999,,NA,NA,"24712590",obs_exotic,file:///D:/Simon/Sync/Root/GIS/Biodiversity%20Data/obs_exotic.csv?type=csv&maxFields=10000&detectTypes=yes&xField=longitude&yField=latitude&crs=EPSG:4326&spatialIndex=no&subsetIndex=no&watchFile=no
"7847",Rumex obtusifolius,Rumex,obtusifolius,,,,exotic,unlisted,,48.962919270000000,-123.516506500000006,,NA,NA,"24940975",obs_exotic,file:///D:/Simon/Sync/Root/GIS/Biodiversity%20Data/obs_exotic.csv?type=csv&maxFields=10000&detectTypes=yes&xField=longitude&yField=latitude&crs=EPSG:4326&spatialIndex=no&subsetIndex=no&watchFile=no
"7848",Rumex obtusifolius,Rumex,obtusifolius,,,,exotic,unlisted,,48.963211379999997,-123.515670299999996,,NA,NA,"24941147",obs_exotic,file:///D:/Simon/Sync/Root/GIS/Biodiversity%20Data/obs_exotic.csv?type=csv&maxFields=10000&detectTypes=yes&xField=longitude&yField=latitude&crs=EPSG:4326&spatialIndex=no&subsetIndex=no&watchFile=no
"7849",Rumex obtusifolius,Rumex,obtusifolius,,,,exotic,unlisted,,48.963674769999997,-123.515284899999997,,NA,NA,"24941241",obs_exotic,file:///D:/Simon/Sync/Root/GIS/Biodiversity%20Data/obs_exotic.csv?type=csv&maxFields=10000&detectTypes=yes&xField=longitude&yField=latitude&crs=EPSG:4326&spatialIndex=no&subsetIndex=no&watchFile=no
"7850",Rumex obtusifolius,Rumex,obtusifolius,,,,exotic,unlisted,,48.964576960000002,-123.516847499999997,,NA,NA,"24941824",obs_exotic,file:///D:/Simon/Sync/Root/GIS/Biodiversity%20Data/obs_exotic.csv?type=csv&maxFields=10000&detectTypes=yes&xField=longitude&yField=latitude&crs=EPSG:4326&spatialIndex=no&subsetIndex=no&watchFile=no
"7851",Rumex obtusifolius,Rumex,obtusifolius,,,,exotic,unlisted,,48.899697220000000,-123.406075000000001,,NA,NA,"25542471",obs_exotic,file:///D:/Simon/Sync/Root/GIS/Biodiversity%20Data/obs_exotic.csv?type=csv&maxFields=10000&detectTypes=yes&xField=longitude&yField=latitude&crs=EPSG:4326&spatialIndex=no&subsetIndex=no&watchFile=no
"7852",Rumex obtusifolius,Rumex,obtusifolius,,,,exotic,unlisted,,48.962977780000003,-123.516724999999994,,NA,NA,"25597337",obs_exotic,file:///D:/Simon/Sync/Root/GIS/Biodiversity%20Data/obs_exotic.csv?type=csv&maxFields=10000&detectTypes=yes&xField=longitude&yField=latitude&crs=EPSG:4326&spatialIndex=no&subsetIndex=no&watchFile=no
"7853",Rumex obtusifolius,Rumex,obtusifolius,,,,exotic,unlisted,,48.897944440000003,-123.399474999999995,,NA,NA,"25655440",obs_exotic,file:///D:/Simon/Sync/Root/GIS/Biodiversity%20Data/obs_exotic.csv?type=csv&maxFields=10000&detectTypes=yes&xField=longitude&yField=latitude&crs=EPSG:4326&spatialIndex=no&subsetIndex=no&watchFile=no
"7854",Rumex obtusifolius,Rumex,obtusifolius,,,,exotic,unlisted,,49.010566670000003,-123.578080000000000,,NA,NA,"105352414",obs_exotic,file:///D:/Simon/Sync/Root/GIS/Biodiversity%20Data/obs_exotic.csv?type=csv&maxFields=10000&detectTypes=yes&xField=longitude&yField=latitude&crs=EPSG:4326&spatialIndex=no&subsetIndex=no&watchFile=no
"7861",Sagina procumbens,Sagina,procumbens,,,,exotic,unlisted,,48.872731999999999,-123.359814000000000,,NA,NA,"6646871",obs_exotic,file:///D:/Simon/Sync/Root/GIS/Biodiversity%20Data/obs_exotic.csv?type=csv&maxFields=10000&detectTypes=yes&xField=longitude&yField=latitude&crs=EPSG:4326&spatialIndex=no&subsetIndex=no&watchFile=no
"7862",Sagina procumbens,Sagina,procumbens,,,,exotic,unlisted,,48.864251670000002,-123.375088300000002,,NA,NA,"14033373",obs_exotic,file:///D:/Simon/Sync/Root/GIS/Biodiversity%20Data/obs_exotic.csv?type=csv&maxFields=10000&detectTypes=yes&xField=longitude&yField=latitude&crs=EPSG:4326&spatialIndex=no&subsetIndex=no&watchFile=no
"7863",Sagina procumbens,Sagina,procumbens,,,,exotic,unlisted,,48.878986670000003,-123.319983300000004,,NA,NA,"46563591",obs_exotic,file:///D:/Simon/Sync/Root/GIS/Biodiversity%20Data/obs_exotic.csv?type=csv&maxFields=10000&detectTypes=yes&xField=longitude&yField=latitude&crs=EPSG:4326&spatialIndex=no&subsetIndex=no&watchFile=no
"7908",Scilla luciliae,Scilla,luciliae,,,,exotic,unlisted,,48.871963999999998,-123.311062000000007,,NA,NA,"2744855",obs_exotic,file:///D:/Simon/Sync/Root/GIS/Biodiversity%20Data/obs_exotic.csv?type=csv&maxFields=10000&detectTypes=yes&xField=longitude&yField=latitude&crs=EPSG:4326&spatialIndex=no&subsetIndex=no&watchFile=no
"7909",Scilla luciliae,Scilla,luciliae,,,,exotic,unlisted,,48.871963999999998,-123.311233999999999,,NA,NA,"2751042",obs_exotic,file:///D:/Simon/Sync/Root/GIS/Biodiversity%20Data/obs_exotic.csv?type=csv&maxFields=10000&detectTypes=yes&xField=longitude&yField=latitude&crs=EPSG:4326&spatialIndex=no&subsetIndex=no&watchFile=no
"7927",Scorzoneroides autumnalis,Scorzoneroides,autumnalis,,,,exotic,unlisted,,48.989373659999998,-123.569729199999998,,NA,NA,"17481478",obs_exotic,file:///D:/Simon/Sync/Root/GIS/Biodiversity%20Data/obs_exotic.csv?type=csv&maxFields=10000&detectTypes=yes&xField=longitude&yField=latitude&crs=EPSG:4326&spatialIndex=no&subsetIndex=no&watchFile=no
"7928",Sedum acre,Sedum,acre,,,,exotic,unlisted,,48.863114510000003,-123.351373800000005,,NA,NA,"13974437",obs_exotic,file:///D:/Simon/Sync/Root/GIS/Biodiversity%20Data/obs_exotic.csv?type=csv&maxFields=10000&detectTypes=yes&xField=longitude&yField=latitude&crs=EPSG:4326&spatialIndex=no&subsetIndex=no&watchFile=no
"7929",Sedum acre,Sedum,acre,,,,exotic,unlisted,,48.862336669999998,-123.349991700000004,,NA,NA,"82960325",obs_exotic,file:///D:/Simon/Sync/Root/GIS/Biodiversity%20Data/obs_exotic.csv?type=csv&maxFields=10000&detectTypes=yes&xField=longitude&yField=latitude&crs=EPSG:4326&spatialIndex=no&subsetIndex=no&watchFile=no
"7930",Sedum album,Sedum,album,,,,exotic,unlisted,,48.883868999999997,-123.325497999999996,,NA,NA,"4571925",obs_exotic,file:///D:/Simon/Sync/Root/GIS/Biodiversity%20Data/obs_exotic.csv?type=csv&maxFields=10000&detectTypes=yes&xField=longitude&yField=latitude&crs=EPSG:4326&spatialIndex=no&subsetIndex=no&watchFile=no
"7931",Sedum album,Sedum,album,,,,exotic,unlisted,,48.929695000000002,-123.475096699999995,,NA,NA,"45039970",obs_exotic,file:///D:/Simon/Sync/Root/GIS/Biodiversity%20Data/obs_exotic.csv?type=csv&maxFields=10000&detectTypes=yes&xField=longitude&yField=latitude&crs=EPSG:4326&spatialIndex=no&subsetIndex=no&watchFile=no
"7932",Sedum album,Sedum,album,,,,exotic,unlisted,,48.941128329999998,-123.502008300000000,,NA,NA,"45326893",obs_exotic,file:///D:/Simon/Sync/Root/GIS/Biodiversity%20Data/obs_exotic.csv?type=csv&maxFields=10000&detectTypes=yes&xField=longitude&yField=latitude&crs=EPSG:4326&spatialIndex=no&subsetIndex=no&watchFile=no
"7933",Sedum album,Sedum,album,,,,exotic,unlisted,,48.876283059999999,-123.318943099999998,,NA,NA,"59943200",obs_exotic,file:///D:/Simon/Sync/Root/GIS/Biodiversity%20Data/obs_exotic.csv?type=csv&maxFields=10000&detectTypes=yes&xField=longitude&yField=latitude&crs=EPSG:4326&spatialIndex=no&subsetIndex=no&watchFile=no
"7934",Sedum album,Sedum,album,,,,exotic,unlisted,,48.868853330000000,-123.312184999999999,,NA,NA,"121538469",obs_exotic,file:///D:/Simon/Sync/Root/GIS/Biodiversity%20Data/obs_exotic.csv?type=csv&maxFields=10000&detectTypes=yes&xField=longitude&yField=latitude&crs=EPSG:4326&spatialIndex=no&subsetIndex=no&watchFile=no
"8150",Sempervivum tectorum,Sempervivum,tectorum,,,,exotic,unlisted,,48.872828329999997,-123.345857600000002,,NA,NA,"101067816",obs_exotic,file:///D:/Simon/Sync/Root/GIS/Biodiversity%20Data/obs_exotic.csv?type=csv&maxFields=10000&detectTypes=yes&xField=longitude&yField=latitude&crs=EPSG:4326&spatialIndex=no&subsetIndex=no&watchFile=no
"8151",Senecio sylvaticus,Senecio,sylvaticus,,,,exotic,unlisted,,48.930000000000000,-123.478280999999996,,NA,NA,"2563543",obs_exotic,file:///D:/Simon/Sync/Root/GIS/Biodiversity%20Data/obs_exotic.csv?type=csv&maxFields=10000&detectTypes=yes&xField=longitude&yField=latitude&crs=EPSG:4326&spatialIndex=no&subsetIndex=no&watchFile=no
"8152",Senecio sylvaticus,Senecio,sylvaticus,,,,exotic,unlisted,,48.927123999999999,-123.469548000000003,,NA,NA,"2631686",obs_exotic,file:///D:/Simon/Sync/Root/GIS/Biodiversity%20Data/obs_exotic.csv?type=csv&maxFields=10000&detectTypes=yes&xField=longitude&yField=latitude&crs=EPSG:4326&spatialIndex=no&subsetIndex=no&watchFile=no
"8153",Senecio sylvaticus,Senecio,sylvaticus,,,,exotic,unlisted,,48.890045000000001,-123.375674000000004,,NA,NA,"13134136",obs_exotic,file:///D:/Simon/Sync/Root/GIS/Biodiversity%20Data/obs_exotic.csv?type=csv&maxFields=10000&detectTypes=yes&xField=longitude&yField=latitude&crs=EPSG:4326&spatialIndex=no&subsetIndex=no&watchFile=no
"8154",Senecio sylvaticus,Senecio,sylvaticus,,,,exotic,unlisted,,48.886778329999999,-123.373371700000007,,NA,NA,"53022059",obs_exotic,file:///D:/Simon/Sync/Root/GIS/Biodiversity%20Data/obs_exotic.csv?type=csv&maxFields=10000&detectTypes=yes&xField=longitude&yField=latitude&crs=EPSG:4326&spatialIndex=no&subsetIndex=no&watchFile=no
"8155",Senecio sylvaticus,Senecio,sylvaticus,,,,exotic,unlisted,,48.929638670000003,-123.467955599999996,,NA,NA,"115203187",obs_exotic,file:///D:/Simon/Sync/Root/GIS/Biodiversity%20Data/obs_exotic.csv?type=csv&maxFields=10000&detectTypes=yes&xField=longitude&yField=latitude&crs=EPSG:4326&spatialIndex=no&subsetIndex=no&watchFile=no
"8156",Senecio sylvaticus,Senecio,sylvaticus,,,,exotic,unlisted,,48.955804999999998,-123.498244999999997,,NA,NA,"121958636",obs_exotic,file:///D:/Simon/Sync/Root/GIS/Biodiversity%20Data/obs_exotic.csv?type=csv&maxFields=10000&detectTypes=yes&xField=longitude&yField=latitude&crs=EPSG:4326&spatialIndex=no&subsetIndex=no&watchFile=no
"8157",Senecio vulgaris,Senecio,vulgaris,,,,exotic,unlisted,,48.932774000000002,-123.485298000000000,,NA,NA,"3317322",obs_exotic,file:///D:/Simon/Sync/Root/GIS/Biodiversity%20Data/obs_exotic.csv?type=csv&maxFields=10000&detectTypes=yes&xField=longitude&yField=latitude&crs=EPSG:4326&spatialIndex=no&subsetIndex=no&watchFile=no
"8158",Senecio vulgaris,Senecio,vulgaris,,,,exotic,unlisted,,48.892719999999997,-123.392071000000001,,NA,NA,"4996382",obs_exotic,file:///D:/Simon/Sync/Root/GIS/Biodiversity%20Data/obs_exotic.csv?type=csv&maxFields=10000&detectTypes=yes&xField=longitude&yField=latitude&crs=EPSG:4326&spatialIndex=no&subsetIndex=no&watchFile=no
"8159",Senecio vulgaris,Senecio,vulgaris,,,,exotic,unlisted,,48.900696850000003,-123.336124400000003,,NA,NA,"6425216",obs_exotic,file:///D:/Simon/Sync/Root/GIS/Biodiversity%20Data/obs_exotic.csv?type=csv&maxFields=10000&detectTypes=yes&xField=longitude&yField=latitude&crs=EPSG:4326&spatialIndex=no&subsetIndex=no&watchFile=no
"8160",Senecio vulgaris,Senecio,vulgaris,,,,exotic,unlisted,,48.900696850000003,-123.336124400000003,,NA,NA,"6425230",obs_exotic,file:///D:/Simon/Sync/Root/GIS/Biodiversity%20Data/obs_exotic.csv?type=csv&maxFields=10000&detectTypes=yes&xField=longitude&yField=latitude&crs=EPSG:4326&spatialIndex=no&subsetIndex=no&watchFile=no
"8161",Senecio vulgaris,Senecio,vulgaris,,,,exotic,unlisted,,48.898457999999998,-123.357133000000005,,NA,NA,"10944121",obs_exotic,file:///D:/Simon/Sync/Root/GIS/Biodiversity%20Data/obs_exotic.csv?type=csv&maxFields=10000&detectTypes=yes&xField=longitude&yField=latitude&crs=EPSG:4326&spatialIndex=no&subsetIndex=no&watchFile=no
"8162",Senecio vulgaris,Senecio,vulgaris,,,,exotic,unlisted,,48.875779000000001,-123.380555999999999,,NA,NA,"13031565",obs_exotic,file:///D:/Simon/Sync/Root/GIS/Biodiversity%20Data/obs_exotic.csv?type=csv&maxFields=10000&detectTypes=yes&xField=longitude&yField=latitude&crs=EPSG:4326&spatialIndex=no&subsetIndex=no&watchFile=no
"8163",Senecio vulgaris,Senecio,vulgaris,,,,exotic,unlisted,,48.941774660000000,-123.478167799999994,,NA,NA,"13198961",obs_exotic,file:///D:/Simon/Sync/Root/GIS/Biodiversity%20Data/obs_exotic.csv?type=csv&maxFields=10000&detectTypes=yes&xField=longitude&yField=latitude&crs=EPSG:4326&spatialIndex=no&subsetIndex=no&watchFile=no
"8164",Senecio vulgaris,Senecio,vulgaris,,,,exotic,unlisted,,48.939960900000003,-123.492299900000006,,NA,NA,"18417806",obs_exotic,file:///D:/Simon/Sync/Root/GIS/Biodiversity%20Data/obs_exotic.csv?type=csv&maxFields=10000&detectTypes=yes&xField=longitude&yField=latitude&crs=EPSG:4326&spatialIndex=no&subsetIndex=no&watchFile=no
"8165",Senecio vulgaris,Senecio,vulgaris,,,,exotic,unlisted,,48.977922220000004,-123.534680600000002,,NA,NA,"44459117",obs_exotic,file:///D:/Simon/Sync/Root/GIS/Biodiversity%20Data/obs_exotic.csv?type=csv&maxFields=10000&detectTypes=yes&xField=longitude&yField=latitude&crs=EPSG:4326&spatialIndex=no&subsetIndex=no&watchFile=no
"8166",Senecio vulgaris,Senecio,vulgaris,,,,exotic,unlisted,,48.908909999999999,-123.367308300000005,,NA,NA,"44950118",obs_exotic,file:///D:/Simon/Sync/Root/GIS/Biodiversity%20Data/obs_exotic.csv?type=csv&maxFields=10000&detectTypes=yes&xField=longitude&yField=latitude&crs=EPSG:4326&spatialIndex=no&subsetIndex=no&watchFile=no
"8167",Setaria viridis,Setaria,viridis,,,,exotic,unlisted,,48.872473329999998,-123.311769999999996,,NA,NA,"30789994",obs_exotic,file:///D:/Simon/Sync/Root/GIS/Biodiversity%20Data/obs_exotic.csv?type=csv&maxFields=10000&detectTypes=yes&xField=longitude&yField=latitude&crs=EPSG:4326&spatialIndex=no&subsetIndex=no&watchFile=no
"8168",Setaria viridis,Setaria,viridis,,,,exotic,unlisted,,48.872569720000001,-123.311655000000002,,NA,NA,"59943215",obs_exotic,file:///D:/Simon/Sync/Root/GIS/Biodiversity%20Data/obs_exotic.csv?type=csv&maxFields=10000&detectTypes=yes&xField=longitude&yField=latitude&crs=EPSG:4326&spatialIndex=no&subsetIndex=no&watchFile=no
"8184",Sherardia arvensis,Sherardia,arvensis,,,,exotic,unlisted,,48.868958329999998,-123.345986699999997,,NA,NA,"7549644",obs_exotic,file:///D:/Simon/Sync/Root/GIS/Biodiversity%20Data/obs_exotic.csv?type=csv&maxFields=10000&detectTypes=yes&xField=longitude&yField=latitude&crs=EPSG:4326&spatialIndex=no&subsetIndex=no&watchFile=no
"8185",Sherardia arvensis,Sherardia,arvensis,,,,exotic,unlisted,,48.870108260000002,-123.319367099999994,,NA,NA,"45205085",obs_exotic,file:///D:/Simon/Sync/Root/GIS/Biodiversity%20Data/obs_exotic.csv?type=csv&maxFields=10000&detectTypes=yes&xField=longitude&yField=latitude&crs=EPSG:4326&spatialIndex=no&subsetIndex=no&watchFile=no
"8189",Silene coronaria,Silene,coronaria,,,,exotic,unlisted,,48.929718000000001,-123.467617000000004,,NA,NA,"2663725",obs_exotic,file:///D:/Simon/Sync/Root/GIS/Biodiversity%20Data/obs_exotic.csv?type=csv&maxFields=10000&detectTypes=yes&xField=longitude&yField=latitude&crs=EPSG:4326&spatialIndex=no&subsetIndex=no&watchFile=no
"8190",Silene coronaria,Silene,coronaria,,,,exotic,unlisted,,48.931071000000003,-123.473367999999994,,NA,NA,"2663802",obs_exotic,file:///D:/Simon/Sync/Root/GIS/Biodiversity%20Data/obs_exotic.csv?type=csv&maxFields=10000&detectTypes=yes&xField=longitude&yField=latitude&crs=EPSG:4326&spatialIndex=no&subsetIndex=no&watchFile=no
"8191",Silene coronaria,Silene,coronaria,,,,exotic,unlisted,,48.866764000000003,-123.336060000000003,,NA,NA,"3028041",obs_exotic,file:///D:/Simon/Sync/Root/GIS/Biodiversity%20Data/obs_exotic.csv?type=csv&maxFields=10000&detectTypes=yes&xField=longitude&yField=latitude&crs=EPSG:4326&spatialIndex=no&subsetIndex=no&watchFile=no
"8192",Silene coronaria,Silene,coronaria,,,,exotic,unlisted,,48.866883330000000,-123.336770000000001,,NA,NA,"3164029",obs_exotic,file:///D:/Simon/Sync/Root/GIS/Biodiversity%20Data/obs_exotic.csv?type=csv&maxFields=10000&detectTypes=yes&xField=longitude&yField=latitude&crs=EPSG:4326&spatialIndex=no&subsetIndex=no&watchFile=no
"8193",Silene coronaria,Silene,coronaria,,,,exotic,unlisted,,48.932485999999997,-123.483839000000003,,NA,NA,"3317503",obs_exotic,file:///D:/Simon/Sync/Root/GIS/Biodiversity%20Data/obs_exotic.csv?type=csv&maxFields=10000&detectTypes=yes&xField=longitude&yField=latitude&crs=EPSG:4326&spatialIndex=no&subsetIndex=no&watchFile=no
"8194",Silene coronaria,Silene,coronaria,,,,exotic,unlisted,,48.898439910000000,-123.407814500000001,,NA,NA,"3701126",obs_exotic,file:///D:/Simon/Sync/Root/GIS/Biodiversity%20Data/obs_exotic.csv?type=csv&maxFields=10000&detectTypes=yes&xField=longitude&yField=latitude&crs=EPSG:4326&spatialIndex=no&subsetIndex=no&watchFile=no
"8195",Silene coronaria,Silene,coronaria,,,,exotic,unlisted,,48.902735999999997,-123.446810999999997,,NA,NA,"6505072",obs_exotic,file:///D:/Simon/Sync/Root/GIS/Biodiversity%20Data/obs_exotic.csv?type=csv&maxFields=10000&detectTypes=yes&xField=longitude&yField=latitude&crs=EPSG:4326&spatialIndex=no&subsetIndex=no&watchFile=no
"8196",Silene coronaria,Silene,coronaria,,,,exotic,unlisted,,48.867272999999997,-123.337508000000000,,NA,NA,"6844903",obs_exotic,file:///D:/Simon/Sync/Root/GIS/Biodiversity%20Data/obs_exotic.csv?type=csv&maxFields=10000&detectTypes=yes&xField=longitude&yField=latitude&crs=EPSG:4326&spatialIndex=no&subsetIndex=no&watchFile=no
"8197",Silene coronaria,Silene,coronaria,,,,exotic,unlisted,,48.866025999999998,-123.333974999999995,,NA,NA,"12817502",obs_exotic,file:///D:/Simon/Sync/Root/GIS/Biodiversity%20Data/obs_exotic.csv?type=csv&maxFields=10000&detectTypes=yes&xField=longitude&yField=latitude&crs=EPSG:4326&spatialIndex=no&subsetIndex=no&watchFile=no
"8198",Silene coronaria,Silene,coronaria,,,,exotic,unlisted,,48.973231849999998,-123.561349500000006,,NA,NA,"13319857",obs_exotic,file:///D:/Simon/Sync/Root/GIS/Biodiversity%20Data/obs_exotic.csv?type=csv&maxFields=10000&detectTypes=yes&xField=longitude&yField=latitude&crs=EPSG:4326&spatialIndex=no&subsetIndex=no&watchFile=no
"8199",Silene coronaria,Silene,coronaria,,,,exotic,unlisted,,48.869432510000003,-123.320656000000000,,NA,NA,"13622397",obs_exotic,file:///D:/Simon/Sync/Root/GIS/Biodiversity%20Data/obs_exotic.csv?type=csv&maxFields=10000&detectTypes=yes&xField=longitude&yField=latitude&crs=EPSG:4326&spatialIndex=no&subsetIndex=no&watchFile=no
"8200",Silene coronaria,Silene,coronaria,,,,exotic,unlisted,,48.909284690000000,-123.385624600000000,,NA,NA,"13932820",obs_exotic,file:///D:/Simon/Sync/Root/GIS/Biodiversity%20Data/obs_exotic.csv?type=csv&maxFields=10000&detectTypes=yes&xField=longitude&yField=latitude&crs=EPSG:4326&spatialIndex=no&subsetIndex=no&watchFile=no
"8201",Silene coronaria,Silene,coronaria,,,,exotic,unlisted,,48.893850250000000,-123.349852200000001,,NA,NA,"13957272",obs_exotic,file:///D:/Simon/Sync/Root/GIS/Biodiversity%20Data/obs_exotic.csv?type=csv&maxFields=10000&detectTypes=yes&xField=longitude&yField=latitude&crs=EPSG:4326&spatialIndex=no&subsetIndex=no&watchFile=no
"8202",Silene coronaria,Silene,coronaria,,,,exotic,unlisted,,48.866421000000003,-123.334615999999997,,NA,NA,"13966310",obs_exotic,file:///D:/Simon/Sync/Root/GIS/Biodiversity%20Data/obs_exotic.csv?type=csv&maxFields=10000&detectTypes=yes&xField=longitude&yField=latitude&crs=EPSG:4326&spatialIndex=no&subsetIndex=no&watchFile=no
"8203",Silene coronaria,Silene,coronaria,,,,exotic,unlisted,,48.983688930000000,-123.567987799999997,,NA,NA,"14282404",obs_exotic,file:///D:/Simon/Sync/Root/GIS/Biodiversity%20Data/obs_exotic.csv?type=csv&maxFields=10000&detectTypes=yes&xField=longitude&yField=latitude&crs=EPSG:4326&spatialIndex=no&subsetIndex=no&watchFile=no
"8204",Silene coronaria,Silene,coronaria,,,,exotic,unlisted,,48.893258860000003,-123.353905299999994,,NA,NA,"16739731",obs_exotic,file:///D:/Simon/Sync/Root/GIS/Biodiversity%20Data/obs_exotic.csv?type=csv&maxFields=10000&detectTypes=yes&xField=longitude&yField=latitude&crs=EPSG:4326&spatialIndex=no&subsetIndex=no&watchFile=no
"8205",Silene coronaria,Silene,coronaria,,,,exotic,unlisted,,48.900713889999999,-123.404388900000001,,NA,NA,"24683943",obs_exotic,file:///D:/Simon/Sync/Root/GIS/Biodiversity%20Data/obs_exotic.csv?type=csv&maxFields=10000&detectTypes=yes&xField=longitude&yField=latitude&crs=EPSG:4326&spatialIndex=no&subsetIndex=no&watchFile=no
"8206",Silene coronaria,Silene,coronaria,,,,exotic,unlisted,,48.869552779999999,-123.379019400000004,,NA,NA,"24687992",obs_exotic,file:///D:/Simon/Sync/Root/GIS/Biodiversity%20Data/obs_exotic.csv?type=csv&maxFields=10000&detectTypes=yes&xField=longitude&yField=latitude&crs=EPSG:4326&spatialIndex=no&subsetIndex=no&watchFile=no
"8207",Silene coronaria,Silene,coronaria,,,,exotic,unlisted,,48.900740890000002,-123.404444299999994,,NA,NA,"24690053",obs_exotic,file:///D:/Simon/Sync/Root/GIS/Biodiversity%20Data/obs_exotic.csv?type=csv&maxFields=10000&detectTypes=yes&xField=longitude&yField=latitude&crs=EPSG:4326&spatialIndex=no&subsetIndex=no&watchFile=no
"8208",Silene coronaria,Silene,coronaria,,,,exotic,unlisted,,48.866244440000003,-123.331658300000001,,NA,NA,"24702375",obs_exotic,file:///D:/Simon/Sync/Root/GIS/Biodiversity%20Data/obs_exotic.csv?type=csv&maxFields=10000&detectTypes=yes&xField=longitude&yField=latitude&crs=EPSG:4326&spatialIndex=no&subsetIndex=no&watchFile=no
"8209",Silene coronaria,Silene,coronaria,,,,exotic,unlisted,,48.900691889999997,-123.404442399999994,,NA,NA,"24709126",obs_exotic,file:///D:/Simon/Sync/Root/GIS/Biodiversity%20Data/obs_exotic.csv?type=csv&maxFields=10000&detectTypes=yes&xField=longitude&yField=latitude&crs=EPSG:4326&spatialIndex=no&subsetIndex=no&watchFile=no
"8210",Silene coronaria,Silene,coronaria,,,,exotic,unlisted,,48.900694160000000,-123.404920500000003,,NA,NA,"24919280",obs_exotic,file:///D:/Simon/Sync/Root/GIS/Biodiversity%20Data/obs_exotic.csv?type=csv&maxFields=10000&detectTypes=yes&xField=longitude&yField=latitude&crs=EPSG:4326&spatialIndex=no&subsetIndex=no&watchFile=no
"8211",Silene coronaria,Silene,coronaria,,,,exotic,unlisted,,48.901285379999997,-123.405114900000001,,NA,NA,"24939296",obs_exotic,file:///D:/Simon/Sync/Root/GIS/Biodiversity%20Data/obs_exotic.csv?type=csv&maxFields=10000&detectTypes=yes&xField=longitude&yField=latitude&crs=EPSG:4326&spatialIndex=no&subsetIndex=no&watchFile=no
"8212",Silene coronaria,Silene,coronaria,,,,exotic,unlisted,,48.900853880000000,-123.404393299999995,,NA,NA,"24939414",obs_exotic,file:///D:/Simon/Sync/Root/GIS/Biodiversity%20Data/obs_exotic.csv?type=csv&maxFields=10000&detectTypes=yes&xField=longitude&yField=latitude&crs=EPSG:4326&spatialIndex=no&subsetIndex=no&watchFile=no
"8213",Silene coronaria,Silene,coronaria,,,,exotic,unlisted,,48.863738890000000,-123.330033999999998,,NA,NA,"25483056",obs_exotic,file:///D:/Simon/Sync/Root/GIS/Biodiversity%20Data/obs_exotic.csv?type=csv&maxFields=10000&detectTypes=yes&xField=longitude&yField=latitude&crs=EPSG:4326&spatialIndex=no&subsetIndex=no&watchFile=no
"8214",Silene coronaria,Silene,coronaria,,,,exotic,unlisted,,48.900725000000001,-123.404366699999997,,NA,NA,"25542482",obs_exotic,file:///D:/Simon/Sync/Root/GIS/Biodiversity%20Data/obs_exotic.csv?type=csv&maxFields=10000&detectTypes=yes&xField=longitude&yField=latitude&crs=EPSG:4326&spatialIndex=no&subsetIndex=no&watchFile=no
"8215",Silene coronaria,Silene,coronaria,,,,exotic,unlisted,,48.898175000000002,-123.408180599999994,,NA,NA,"25655225",obs_exotic,file:///D:/Simon/Sync/Root/GIS/Biodiversity%20Data/obs_exotic.csv?type=csv&maxFields=10000&detectTypes=yes&xField=longitude&yField=latitude&crs=EPSG:4326&spatialIndex=no&subsetIndex=no&watchFile=no
"8216",Silene coronaria,Silene,coronaria,,,,exotic,unlisted,,48.866719439999997,-123.331299999999999,,NA,NA,"25658110",obs_exotic,file:///D:/Simon/Sync/Root/GIS/Biodiversity%20Data/obs_exotic.csv?type=csv&maxFields=10000&detectTypes=yes&xField=longitude&yField=latitude&crs=EPSG:4326&spatialIndex=no&subsetIndex=no&watchFile=no
"8217",Silene coronaria,Silene,coronaria,,,,exotic,unlisted,,48.889017629999998,-123.383764499999998,,NA,NA,"28155946",obs_exotic,file:///D:/Simon/Sync/Root/GIS/Biodiversity%20Data/obs_exotic.csv?type=csv&maxFields=10000&detectTypes=yes&xField=longitude&yField=latitude&crs=EPSG:4326&spatialIndex=no&subsetIndex=no&watchFile=no
"8218",Silene coronaria,Silene,coronaria,,,,exotic,unlisted,,48.866930000000004,-123.337594999999993,,NA,NA,"30736649",obs_exotic,file:///D:/Simon/Sync/Root/GIS/Biodiversity%20Data/obs_exotic.csv?type=csv&maxFields=10000&detectTypes=yes&xField=longitude&yField=latitude&crs=EPSG:4326&spatialIndex=no&subsetIndex=no&watchFile=no
"8219",Silene coronaria,Silene,coronaria,,,,exotic,unlisted,,48.901101830000002,-123.405095200000005,,NA,NA,"32128794",obs_exotic,file:///D:/Simon/Sync/Root/GIS/Biodiversity%20Data/obs_exotic.csv?type=csv&maxFields=10000&detectTypes=yes&xField=longitude&yField=latitude&crs=EPSG:4326&spatialIndex=no&subsetIndex=no&watchFile=no
"8220",Silene coronaria,Silene,coronaria,,,,exotic,unlisted,,48.866757249999999,-123.335642699999994,,NA,NA,"33282590",obs_exotic,file:///D:/Simon/Sync/Root/GIS/Biodiversity%20Data/obs_exotic.csv?type=csv&maxFields=10000&detectTypes=yes&xField=longitude&yField=latitude&crs=EPSG:4326&spatialIndex=no&subsetIndex=no&watchFile=no
"8221",Silene coronaria,Silene,coronaria,,,,exotic,unlisted,,48.879432270000002,-123.325255499999997,,NA,NA,"34325665",obs_exotic,file:///D:/Simon/Sync/Root/GIS/Biodiversity%20Data/obs_exotic.csv?type=csv&maxFields=10000&detectTypes=yes&xField=longitude&yField=latitude&crs=EPSG:4326&spatialIndex=no&subsetIndex=no&watchFile=no
"8222",Silene coronaria,Silene,coronaria,,,,exotic,unlisted,,48.867395070000001,-123.338608600000001,,NA,NA,"48856292",obs_exotic,file:///D:/Simon/Sync/Root/GIS/Biodiversity%20Data/obs_exotic.csv?type=csv&maxFields=10000&detectTypes=yes&xField=longitude&yField=latitude&crs=EPSG:4326&spatialIndex=no&subsetIndex=no&watchFile=no
"8223",Silene coronaria,Silene,coronaria,,,,exotic,unlisted,,48.938299999999998,-123.499679999999998,,NA,NA,"49133850",obs_exotic,file:///D:/Simon/Sync/Root/GIS/Biodiversity%20Data/obs_exotic.csv?type=csv&maxFields=10000&detectTypes=yes&xField=longitude&yField=latitude&crs=EPSG:4326&spatialIndex=no&subsetIndex=no&watchFile=no
"8224",Silene coronaria,Silene,coronaria,,,,exotic,unlisted,,48.878437020000000,-123.320901199999994,,NA,NA,"52036480",obs_exotic,file:///D:/Simon/Sync/Root/GIS/Biodiversity%20Data/obs_exotic.csv?type=csv&maxFields=10000&detectTypes=yes&xField=longitude&yField=latitude&crs=EPSG:4326&spatialIndex=no&subsetIndex=no&watchFile=no
"8225",Silene coronaria,Silene,coronaria,,,,exotic,unlisted,,48.965062330000002,-123.525980700000005,,NA,NA,"52044673",obs_exotic,file:///D:/Simon/Sync/Root/GIS/Biodiversity%20Data/obs_exotic.csv?type=csv&maxFields=10000&detectTypes=yes&xField=longitude&yField=latitude&crs=EPSG:4326&spatialIndex=no&subsetIndex=no&watchFile=no
"8226",Silene coronaria,Silene,coronaria,,,,exotic,unlisted,,48.866729810000002,-123.335467399999999,,NA,NA,"56875980",obs_exotic,file:///D:/Simon/Sync/Root/GIS/Biodiversity%20Data/obs_exotic.csv?type=csv&maxFields=10000&detectTypes=yes&xField=longitude&yField=latitude&crs=EPSG:4326&spatialIndex=no&subsetIndex=no&watchFile=no
"8227",Silene coronaria,Silene,coronaria,,,,exotic,unlisted,,48.868505380000002,-123.341118699999996,,NA,NA,"60492322",obs_exotic,file:///D:/Simon/Sync/Root/GIS/Biodiversity%20Data/obs_exotic.csv?type=csv&maxFields=10000&detectTypes=yes&xField=longitude&yField=latitude&crs=EPSG:4326&spatialIndex=no&subsetIndex=no&watchFile=no
"8228",Silene coronaria,Silene,coronaria,,,,exotic,unlisted,,48.872340010000002,-123.313216100000005,,NA,NA,"60492364",obs_exotic,file:///D:/Simon/Sync/Root/GIS/Biodiversity%20Data/obs_exotic.csv?type=csv&maxFields=10000&detectTypes=yes&xField=longitude&yField=latitude&crs=EPSG:4326&spatialIndex=no&subsetIndex=no&watchFile=no
"8229",Silene coronaria,Silene,coronaria,,,,exotic,unlisted,,48.901084740000002,-123.390909600000001,,NA,NA,"61365878",obs_exotic,file:///D:/Simon/Sync/Root/GIS/Biodiversity%20Data/obs_exotic.csv?type=csv&maxFields=10000&detectTypes=yes&xField=longitude&yField=latitude&crs=EPSG:4326&spatialIndex=no&subsetIndex=no&watchFile=no
"8230",Silene coronaria,Silene,coronaria,,,,exotic,unlisted,,48.867384389999998,-123.338067600000002,,NA,NA,"72142408",obs_exotic,file:///D:/Simon/Sync/Root/GIS/Biodiversity%20Data/obs_exotic.csv?type=csv&maxFields=10000&detectTypes=yes&xField=longitude&yField=latitude&crs=EPSG:4326&spatialIndex=no&subsetIndex=no&watchFile=no
"8231",Silene coronaria,Silene,coronaria,,,,exotic,unlisted,,49.013723100000000,-123.573682199999993,,NA,NA,"72229997",obs_exotic,file:///D:/Simon/Sync/Root/GIS/Biodiversity%20Data/obs_exotic.csv?type=csv&maxFields=10000&detectTypes=yes&xField=longitude&yField=latitude&crs=EPSG:4326&spatialIndex=no&subsetIndex=no&watchFile=no
"8232",Silene coronaria,Silene,coronaria,,,,exotic,unlisted,,48.863934999999998,-123.377116700000002,,NA,NA,"79112156",obs_exotic,file:///D:/Simon/Sync/Root/GIS/Biodiversity%20Data/obs_exotic.csv?type=csv&maxFields=10000&detectTypes=yes&xField=longitude&yField=latitude&crs=EPSG:4326&spatialIndex=no&subsetIndex=no&watchFile=no
"8233",Silene coronaria,Silene,coronaria,,,,exotic,unlisted,,48.928068430000003,-123.467878400000004,,NA,NA,"83803152",obs_exotic,file:///D:/Simon/Sync/Root/GIS/Biodiversity%20Data/obs_exotic.csv?type=csv&maxFields=10000&detectTypes=yes&xField=longitude&yField=latitude&crs=EPSG:4326&spatialIndex=no&subsetIndex=no&watchFile=no
"8234",Silene coronaria,Silene,coronaria,,,,exotic,unlisted,,48.928033390000003,-123.467582100000001,,NA,NA,"83957803",obs_exotic,file:///D:/Simon/Sync/Root/GIS/Biodiversity%20Data/obs_exotic.csv?type=csv&maxFields=10000&detectTypes=yes&xField=longitude&yField=latitude&crs=EPSG:4326&spatialIndex=no&subsetIndex=no&watchFile=no
"8235",Silene coronaria,Silene,coronaria,,,,exotic,unlisted,,48.927925000000002,-123.467879999999994,,NA,NA,"83994579",obs_exotic,file:///D:/Simon/Sync/Root/GIS/Biodiversity%20Data/obs_exotic.csv?type=csv&maxFields=10000&detectTypes=yes&xField=longitude&yField=latitude&crs=EPSG:4326&spatialIndex=no&subsetIndex=no&watchFile=no
"8236",Silene coronaria,Silene,coronaria,,,,exotic,unlisted,,48.927381150000002,-123.467994200000007,,NA,NA,"84022994",obs_exotic,file:///D:/Simon/Sync/Root/GIS/Biodiversity%20Data/obs_exotic.csv?type=csv&maxFields=10000&detectTypes=yes&xField=longitude&yField=latitude&crs=EPSG:4326&spatialIndex=no&subsetIndex=no&watchFile=no
"8237",Silene coronaria,Silene,coronaria,,,,exotic,unlisted,,48.928066670000000,-123.467841699999994,,NA,NA,"84146062",obs_exotic,file:///D:/Simon/Sync/Root/GIS/Biodiversity%20Data/obs_exotic.csv?type=csv&maxFields=10000&detectTypes=yes&xField=longitude&yField=latitude&crs=EPSG:4326&spatialIndex=no&subsetIndex=no&watchFile=no
"8238",Silene coronaria,Silene,coronaria,,,,exotic,unlisted,,48.872528330000002,-123.312966700000004,,NA,NA,"84264998",obs_exotic,file:///D:/Simon/Sync/Root/GIS/Biodiversity%20Data/obs_exotic.csv?type=csv&maxFields=10000&detectTypes=yes&xField=longitude&yField=latitude&crs=EPSG:4326&spatialIndex=no&subsetIndex=no&watchFile=no
"8239",Silene coronaria,Silene,coronaria,,,,exotic,unlisted,,48.928171669999998,-123.467788299999995,,NA,NA,"84310615",obs_exotic,file:///D:/Simon/Sync/Root/GIS/Biodiversity%20Data/obs_exotic.csv?type=csv&maxFields=10000&detectTypes=yes&xField=longitude&yField=latitude&crs=EPSG:4326&spatialIndex=no&subsetIndex=no&watchFile=no
"8240",Silene coronaria,Silene,coronaria,,,,exotic,unlisted,,48.990841670000002,-123.579558300000002,,NA,NA,"84386918",obs_exotic,file:///D:/Simon/Sync/Root/GIS/Biodiversity%20Data/obs_exotic.csv?type=csv&maxFields=10000&detectTypes=yes&xField=longitude&yField=latitude&crs=EPSG:4326&spatialIndex=no&subsetIndex=no&watchFile=no
"8241",Silene coronaria,Silene,coronaria,,,,exotic,unlisted,,48.928520659999997,-123.467073200000002,,NA,NA,"84636065",obs_exotic,file:///D:/Simon/Sync/Root/GIS/Biodiversity%20Data/obs_exotic.csv?type=csv&maxFields=10000&detectTypes=yes&xField=longitude&yField=latitude&crs=EPSG:4326&spatialIndex=no&subsetIndex=no&watchFile=no
"8242",Silene coronaria,Silene,coronaria,,,,exotic,unlisted,,48.928760029999999,-123.467943099999999,,NA,NA,"84641252",obs_exotic,file:///D:/Simon/Sync/Root/GIS/Biodiversity%20Data/obs_exotic.csv?type=csv&maxFields=10000&detectTypes=yes&xField=longitude&yField=latitude&crs=EPSG:4326&spatialIndex=no&subsetIndex=no&watchFile=no
"8243",Silene coronaria,Silene,coronaria,,,,exotic,unlisted,,48.928288330000001,-123.467613299999996,,NA,NA,"84749261",obs_exotic,file:///D:/Simon/Sync/Root/GIS/Biodiversity%20Data/obs_exotic.csv?type=csv&maxFields=10000&detectTypes=yes&xField=longitude&yField=latitude&crs=EPSG:4326&spatialIndex=no&subsetIndex=no&watchFile=no
"8244",Silene coronaria,Silene,coronaria,,,,exotic,unlisted,,48.928203459999999,-123.467731000000001,,NA,NA,"84750257",obs_exotic,file:///D:/Simon/Sync/Root/GIS/Biodiversity%20Data/obs_exotic.csv?type=csv&maxFields=10000&detectTypes=yes&xField=longitude&yField=latitude&crs=EPSG:4326&spatialIndex=no&subsetIndex=no&watchFile=no
"8245",Silene coronaria,Silene,coronaria,,,,exotic,unlisted,,48.866086670000001,-123.331871699999994,,NA,NA,"89222197",obs_exotic,file:///D:/Simon/Sync/Root/GIS/Biodiversity%20Data/obs_exotic.csv?type=csv&maxFields=10000&detectTypes=yes&xField=longitude&yField=latitude&crs=EPSG:4326&spatialIndex=no&subsetIndex=no&watchFile=no
"8246",Silene coronaria,Silene,coronaria,,,,exotic,unlisted,,48.929501549999998,-123.475981099999998,,NA,NA,"97936582",obs_exotic,file:///D:/Simon/Sync/Root/GIS/Biodiversity%20Data/obs_exotic.csv?type=csv&maxFields=10000&detectTypes=yes&xField=longitude&yField=latitude&crs=EPSG:4326&spatialIndex=no&subsetIndex=no&watchFile=no
"8247",Silene coronaria,Silene,coronaria,,,,exotic,unlisted,,49.014133000000001,-123.573853000000000,,NA,NA,"110936376",obs_exotic,file:///D:/Simon/Sync/Root/GIS/Biodiversity%20Data/obs_exotic.csv?type=csv&maxFields=10000&detectTypes=yes&xField=longitude&yField=latitude&crs=EPSG:4326&spatialIndex=no&subsetIndex=no&watchFile=no
"8248",Silene coronaria,Silene,coronaria,,,,exotic,unlisted,,48.867843999999998,-123.339455000000001,,NA,NA,"110937707",obs_exotic,file:///D:/Simon/Sync/Root/GIS/Biodiversity%20Data/obs_exotic.csv?type=csv&maxFields=10000&detectTypes=yes&xField=longitude&yField=latitude&crs=EPSG:4326&spatialIndex=no&subsetIndex=no&watchFile=no
"8249",Silene coronaria,Silene,coronaria,,,,exotic,unlisted,,48.861583330000002,-123.365641699999998,,NA,NA,"111867211",obs_exotic,file:///D:/Simon/Sync/Root/GIS/Biodiversity%20Data/obs_exotic.csv?type=csv&maxFields=10000&detectTypes=yes&xField=longitude&yField=latitude&crs=EPSG:4326&spatialIndex=no&subsetIndex=no&watchFile=no
"8250",Silene coronaria,Silene,coronaria,,,,exotic,unlisted,,48.863419999999998,-123.329899999999995,,NA,NA,"114482573",obs_exotic,file:///D:/Simon/Sync/Root/GIS/Biodiversity%20Data/obs_exotic.csv?type=csv&maxFields=10000&detectTypes=yes&xField=longitude&yField=latitude&crs=EPSG:4326&spatialIndex=no&subsetIndex=no&watchFile=no
"8251",Silene coronaria,Silene,coronaria,,,,exotic,unlisted,,48.928141670000002,-123.467421700000003,,NA,NA,"118355685",obs_exotic,file:///D:/Simon/Sync/Root/GIS/Biodiversity%20Data/obs_exotic.csv?type=csv&maxFields=10000&detectTypes=yes&xField=longitude&yField=latitude&crs=EPSG:4326&spatialIndex=no&subsetIndex=no&watchFile=no
"8252",Silene coronaria,Silene,coronaria,,,,exotic,unlisted,,48.929663390000002,-123.475935600000000,,NA,NA,"122693592",obs_exotic,file:///D:/Simon/Sync/Root/GIS/Biodiversity%20Data/obs_exotic.csv?type=csv&maxFields=10000&detectTypes=yes&xField=longitude&yField=latitude&crs=EPSG:4326&spatialIndex=no&subsetIndex=no&watchFile=no
"8253",Silene coronaria,Silene,coronaria,,,,exotic,unlisted,,48.867046670000001,-123.337053299999994,,NA,NA,"123650014",obs_exotic,file:///D:/Simon/Sync/Root/GIS/Biodiversity%20Data/obs_exotic.csv?type=csv&maxFields=10000&detectTypes=yes&xField=longitude&yField=latitude&crs=EPSG:4326&spatialIndex=no&subsetIndex=no&watchFile=no
"8254",Silene coronaria,Silene,coronaria,,,,exotic,unlisted,,49.012005000000002,-123.573644999999999,,NA,NA,"124067902",obs_exotic,file:///D:/Simon/Sync/Root/GIS/Biodiversity%20Data/obs_exotic.csv?type=csv&maxFields=10000&detectTypes=yes&xField=longitude&yField=latitude&crs=EPSG:4326&spatialIndex=no&subsetIndex=no&watchFile=no
"8255",Silene coronaria,Silene,coronaria,,,,exotic,unlisted,,48.912869999999998,-123.393241700000004,,NA,NA,"124320867",obs_exotic,file:///D:/Simon/Sync/Root/GIS/Biodiversity%20Data/obs_exotic.csv?type=csv&maxFields=10000&detectTypes=yes&xField=longitude&yField=latitude&crs=EPSG:4326&spatialIndex=no&subsetIndex=no&watchFile=no
"8256",Silene coronaria,Silene,coronaria,,,,exotic,unlisted,,48.908518800000003,-123.368429300000003,,NA,NA,"124612929",obs_exotic,file:///D:/Simon/Sync/Root/GIS/Biodiversity%20Data/obs_exotic.csv?type=csv&maxFields=10000&detectTypes=yes&xField=longitude&yField=latitude&crs=EPSG:4326&spatialIndex=no&subsetIndex=no&watchFile=no
"8257",Silene coronaria,Silene,coronaria,,,,exotic,unlisted,,48.897103330000000,-123.398195000000001,,NA,NA,"124688381",obs_exotic,file:///D:/Simon/Sync/Root/GIS/Biodiversity%20Data/obs_exotic.csv?type=csv&maxFields=10000&detectTypes=yes&xField=longitude&yField=latitude&crs=EPSG:4326&spatialIndex=no&subsetIndex=no&watchFile=no
"8258",Silene coronaria,Silene,coronaria,,,,exotic,unlisted,,48.898071280000003,-123.408194300000005,,NA,NA,"126113736",obs_exotic,file:///D:/Simon/Sync/Root/GIS/Biodiversity%20Data/obs_exotic.csv?type=csv&maxFields=10000&detectTypes=yes&xField=longitude&yField=latitude&crs=EPSG:4326&spatialIndex=no&subsetIndex=no&watchFile=no
"8259",Silene coronaria,Silene,coronaria,,,,exotic,unlisted,,48.863839329999998,-123.363760600000006,,NA,NA,"126117207",obs_exotic,file:///D:/Simon/Sync/Root/GIS/Biodiversity%20Data/obs_exotic.csv?type=csv&maxFields=10000&detectTypes=yes&xField=longitude&yField=latitude&crs=EPSG:4326&spatialIndex=no&subsetIndex=no&watchFile=no
"8260",Silene coronaria,Silene,coronaria,,,,exotic,unlisted,,48.892600049999999,-123.388392899999999,,NA,NA,"129712730",obs_exotic,file:///D:/Simon/Sync/Root/GIS/Biodiversity%20Data/obs_exotic.csv?type=csv&maxFields=10000&detectTypes=yes&xField=longitude&yField=latitude&crs=EPSG:4326&spatialIndex=no&subsetIndex=no&watchFile=no
"8261",Silene coronaria,Silene,coronaria,,,,exotic,unlisted,,48.993569999999998,-123.582724999999996,,NA,NA,"129717352",obs_exotic,file:///D:/Simon/Sync/Root/GIS/Biodiversity%20Data/obs_exotic.csv?type=csv&maxFields=10000&detectTypes=yes&xField=longitude&yField=latitude&crs=EPSG:4326&spatialIndex=no&subsetIndex=no&watchFile=no
"8262",Silene coronaria,Silene,coronaria,,,,exotic,unlisted,,48.892146670000002,-123.387221699999998,,NA,NA,"135830529",obs_exotic,file:///D:/Simon/Sync/Root/GIS/Biodiversity%20Data/obs_exotic.csv?type=csv&maxFields=10000&detectTypes=yes&xField=longitude&yField=latitude&crs=EPSG:4326&spatialIndex=no&subsetIndex=no&watchFile=no
"8263",Silene coronaria,Silene,coronaria,,,,exotic,unlisted,,49.011638880000000,-123.573783300000002,,NA,NA,"137666103",obs_exotic,file:///D:/Simon/Sync/Root/GIS/Biodiversity%20Data/obs_exotic.csv?type=csv&maxFields=10000&detectTypes=yes&xField=longitude&yField=latitude&crs=EPSG:4326&spatialIndex=no&subsetIndex=no&watchFile=no
"8264",Sisymbrium officinale,Sisymbrium,officinale,,,,exotic,unlisted,,48.869520000000001,-123.345909000000006,,NA,NA,"3113986",obs_exotic,file:///D:/Simon/Sync/Root/GIS/Biodiversity%20Data/obs_exotic.csv?type=csv&maxFields=10000&detectTypes=yes&xField=longitude&yField=latitude&crs=EPSG:4326&spatialIndex=no&subsetIndex=no&watchFile=no
"8265",Sisymbrium officinale,Sisymbrium,officinale,,,,exotic,unlisted,,48.873330000000003,-123.324365999999998,,NA,NA,"3116816",obs_exotic,file:///D:/Simon/Sync/Root/GIS/Biodiversity%20Data/obs_exotic.csv?type=csv&maxFields=10000&detectTypes=yes&xField=longitude&yField=latitude&crs=EPSG:4326&spatialIndex=no&subsetIndex=no&watchFile=no
"8266",Sisymbrium officinale,Sisymbrium,officinale,,,,exotic,unlisted,,48.869449410000001,-123.317499200000000,,NA,NA,"3649974",obs_exotic,file:///D:/Simon/Sync/Root/GIS/Biodiversity%20Data/obs_exotic.csv?type=csv&maxFields=10000&detectTypes=yes&xField=longitude&yField=latitude&crs=EPSG:4326&spatialIndex=no&subsetIndex=no&watchFile=no
"8267",Sisymbrium officinale,Sisymbrium,officinale,,,,exotic,unlisted,,48.869185240000000,-123.346359699999994,,NA,NA,"3649998",obs_exotic,file:///D:/Simon/Sync/Root/GIS/Biodiversity%20Data/obs_exotic.csv?type=csv&maxFields=10000&detectTypes=yes&xField=longitude&yField=latitude&crs=EPSG:4326&spatialIndex=no&subsetIndex=no&watchFile=no
"8268",Sisymbrium officinale,Sisymbrium,officinale,,,,exotic,unlisted,,48.898755999999999,-123.407449999999997,,NA,NA,"3652732",obs_exotic,file:///D:/Simon/Sync/Root/GIS/Biodiversity%20Data/obs_exotic.csv?type=csv&maxFields=10000&detectTypes=yes&xField=longitude&yField=latitude&crs=EPSG:4326&spatialIndex=no&subsetIndex=no&watchFile=no
"8269",Sisymbrium officinale,Sisymbrium,officinale,,,,exotic,unlisted,,48.892705999999997,-123.391029000000003,,NA,NA,"3664565",obs_exotic,file:///D:/Simon/Sync/Root/GIS/Biodiversity%20Data/obs_exotic.csv?type=csv&maxFields=10000&detectTypes=yes&xField=longitude&yField=latitude&crs=EPSG:4326&spatialIndex=no&subsetIndex=no&watchFile=no
"8270",Sisymbrium officinale,Sisymbrium,officinale,,,,exotic,unlisted,,48.872675379999997,-123.323378599999998,,NA,NA,"6434854",obs_exotic,file:///D:/Simon/Sync/Root/GIS/Biodiversity%20Data/obs_exotic.csv?type=csv&maxFields=10000&detectTypes=yes&xField=longitude&yField=latitude&crs=EPSG:4326&spatialIndex=no&subsetIndex=no&watchFile=no
"8271",Sisymbrium officinale,Sisymbrium,officinale,,,,exotic,unlisted,,48.866787000000002,-123.338927999999996,,NA,NA,"12819783",obs_exotic,file:///D:/Simon/Sync/Root/GIS/Biodiversity%20Data/obs_exotic.csv?type=csv&maxFields=10000&detectTypes=yes&xField=longitude&yField=latitude&crs=EPSG:4326&spatialIndex=no&subsetIndex=no&watchFile=no
"8272",Sisymbrium officinale,Sisymbrium,officinale,,,,exotic,unlisted,,48.869779000000001,-123.319816000000003,,NA,NA,"13030510",obs_exotic,file:///D:/Simon/Sync/Root/GIS/Biodiversity%20Data/obs_exotic.csv?type=csv&maxFields=10000&detectTypes=yes&xField=longitude&yField=latitude&crs=EPSG:4326&spatialIndex=no&subsetIndex=no&watchFile=no
"8273",Sisymbrium officinale,Sisymbrium,officinale,,,,exotic,unlisted,,48.992062660000002,-123.570159300000000,,NA,NA,"14282410",obs_exotic,file:///D:/Simon/Sync/Root/GIS/Biodiversity%20Data/obs_exotic.csv?type=csv&maxFields=10000&detectTypes=yes&xField=longitude&yField=latitude&crs=EPSG:4326&spatialIndex=no&subsetIndex=no&watchFile=no
"8274",Sisymbrium officinale,Sisymbrium,officinale,,,,exotic,unlisted,,48.866956060000000,-123.341274999999996,,NA,NA,"16310373",obs_exotic,file:///D:/Simon/Sync/Root/GIS/Biodiversity%20Data/obs_exotic.csv?type=csv&maxFields=10000&detectTypes=yes&xField=longitude&yField=latitude&crs=EPSG:4326&spatialIndex=no&subsetIndex=no&watchFile=no
"8275",Sisymbrium officinale,Sisymbrium,officinale,,,,exotic,unlisted,,48.866956060000000,-123.341274999999996,,NA,NA,"16310378",obs_exotic,file:///D:/Simon/Sync/Root/GIS/Biodiversity%20Data/obs_exotic.csv?type=csv&maxFields=10000&detectTypes=yes&xField=longitude&yField=latitude&crs=EPSG:4326&spatialIndex=no&subsetIndex=no&watchFile=no
"8276",Sisymbrium officinale,Sisymbrium,officinale,,,,exotic,unlisted,,48.861321150000002,-123.367755900000006,,NA,NA,"24768065",obs_exotic,file:///D:/Simon/Sync/Root/GIS/Biodiversity%20Data/obs_exotic.csv?type=csv&maxFields=10000&detectTypes=yes&xField=longitude&yField=latitude&crs=EPSG:4326&spatialIndex=no&subsetIndex=no&watchFile=no
"8277",Sisymbrium officinale,Sisymbrium,officinale,,,,exotic,unlisted,,48.907285029999997,-123.459830800000006,,NA,NA,"24768101",obs_exotic,file:///D:/Simon/Sync/Root/GIS/Biodiversity%20Data/obs_exotic.csv?type=csv&maxFields=10000&detectTypes=yes&xField=longitude&yField=latitude&crs=EPSG:4326&spatialIndex=no&subsetIndex=no&watchFile=no
"8278",Sisymbrium officinale,Sisymbrium,officinale,,,,exotic,unlisted,,48.907138889999999,-123.459572199999997,,NA,NA,"24768237",obs_exotic,file:///D:/Simon/Sync/Root/GIS/Biodiversity%20Data/obs_exotic.csv?type=csv&maxFields=10000&detectTypes=yes&xField=longitude&yField=latitude&crs=EPSG:4326&spatialIndex=no&subsetIndex=no&watchFile=no
"8279",Sisymbrium officinale,Sisymbrium,officinale,,,,exotic,unlisted,,48.866727779999998,-123.340619399999994,,NA,NA,"43252976",obs_exotic,file:///D:/Simon/Sync/Root/GIS/Biodiversity%20Data/obs_exotic.csv?type=csv&maxFields=10000&detectTypes=yes&xField=longitude&yField=latitude&crs=EPSG:4326&spatialIndex=no&subsetIndex=no&watchFile=no
"8280",Sisymbrium officinale,Sisymbrium,officinale,,,,exotic,unlisted,,48.866990000000001,-123.341395000000006,,NA,NA,"43252997",obs_exotic,file:///D:/Simon/Sync/Root/GIS/Biodiversity%20Data/obs_exotic.csv?type=csv&maxFields=10000&detectTypes=yes&xField=longitude&yField=latitude&crs=EPSG:4326&spatialIndex=no&subsetIndex=no&watchFile=no
"8281",Sisymbrium officinale,Sisymbrium,officinale,,,,exotic,unlisted,,48.865793810000000,-123.349925200000001,,NA,NA,"43555550",obs_exotic,file:///D:/Simon/Sync/Root/GIS/Biodiversity%20Data/obs_exotic.csv?type=csv&maxFields=10000&detectTypes=yes&xField=longitude&yField=latitude&crs=EPSG:4326&spatialIndex=no&subsetIndex=no&watchFile=no
"8282",Sisymbrium officinale,Sisymbrium,officinale,,,,exotic,unlisted,,48.861603330000001,-123.366126699999995,,NA,NA,"111867225",obs_exotic,file:///D:/Simon/Sync/Root/GIS/Biodiversity%20Data/obs_exotic.csv?type=csv&maxFields=10000&detectTypes=yes&xField=longitude&yField=latitude&crs=EPSG:4326&spatialIndex=no&subsetIndex=no&watchFile=no
"8283",Sisymbrium officinale,Sisymbrium,officinale,,,,exotic,unlisted,,48.863641629999996,-123.331162500000005,,NA,NA,"114482678",obs_exotic,file:///D:/Simon/Sync/Root/GIS/Biodiversity%20Data/obs_exotic.csv?type=csv&maxFields=10000&detectTypes=yes&xField=longitude&yField=latitude&crs=EPSG:4326&spatialIndex=no&subsetIndex=no&watchFile=no
"8284",Sisymbrium officinale,Sisymbrium,officinale,,,,exotic,unlisted,,48.863605219999997,-123.363057100000006,,NA,NA,"116636256",obs_exotic,file:///D:/Simon/Sync/Root/GIS/Biodiversity%20Data/obs_exotic.csv?type=csv&maxFields=10000&detectTypes=yes&xField=longitude&yField=latitude&crs=EPSG:4326&spatialIndex=no&subsetIndex=no&watchFile=no
"8285",Sisymbrium officinale,Sisymbrium,officinale,,,,exotic,unlisted,,48.892796330000003,-123.391931000000000,,NA,NA,"122106652",obs_exotic,file:///D:/Simon/Sync/Root/GIS/Biodiversity%20Data/obs_exotic.csv?type=csv&maxFields=10000&detectTypes=yes&xField=longitude&yField=latitude&crs=EPSG:4326&spatialIndex=no&subsetIndex=no&watchFile=no
"8286",Sisymbrium officinale,Sisymbrium,officinale,,,,exotic,unlisted,,48.930947220000000,-123.475600000000000,,NA,NA,"125381635",obs_exotic,file:///D:/Simon/Sync/Root/GIS/Biodiversity%20Data/obs_exotic.csv?type=csv&maxFields=10000&detectTypes=yes&xField=longitude&yField=latitude&crs=EPSG:4326&spatialIndex=no&subsetIndex=no&watchFile=no
"8287",Sisymbrium officinale,Sisymbrium,officinale,,,,exotic,unlisted,,48.870566670000002,-123.318955000000003,,NA,NA,"130428665",obs_exotic,file:///D:/Simon/Sync/Root/GIS/Biodiversity%20Data/obs_exotic.csv?type=csv&maxFields=10000&detectTypes=yes&xField=longitude&yField=latitude&crs=EPSG:4326&spatialIndex=no&subsetIndex=no&watchFile=no
"8288",Solanum americanum,Solanum,americanum,,,,exotic,unlisted,,48.944296670000000,-123.507941700000003,,NA,NA,"62566198",obs_exotic,file:///D:/Simon/Sync/Root/GIS/Biodiversity%20Data/obs_exotic.csv?type=csv&maxFields=10000&detectTypes=yes&xField=longitude&yField=latitude&crs=EPSG:4326&spatialIndex=no&subsetIndex=no&watchFile=no
"8289",Solanum nigrum,Solanum,nigrum,,,,exotic,unlisted,,48.928222220000002,-123.468238900000003,,NA,NA,"16162530",obs_exotic,file:///D:/Simon/Sync/Root/GIS/Biodiversity%20Data/obs_exotic.csv?type=csv&maxFields=10000&detectTypes=yes&xField=longitude&yField=latitude&crs=EPSG:4326&spatialIndex=no&subsetIndex=no&watchFile=no
"8290",Solanum physalifolium,Solanum,physalifolium,,,,exotic,unlisted,,48.939680510000002,-123.492308199999997,,NA,NA,"14281200",obs_exotic,file:///D:/Simon/Sync/Root/GIS/Biodiversity%20Data/obs_exotic.csv?type=csv&maxFields=10000&detectTypes=yes&xField=longitude&yField=latitude&crs=EPSG:4326&spatialIndex=no&subsetIndex=no&watchFile=no
"8291",Solanum physalifolium,Solanum,physalifolium,,,,exotic,unlisted,,48.939931250000001,-123.491725599999995,,NA,NA,"14281205",obs_exotic,file:///D:/Simon/Sync/Root/GIS/Biodiversity%20Data/obs_exotic.csv?type=csv&maxFields=10000&detectTypes=yes&xField=longitude&yField=latitude&crs=EPSG:4326&spatialIndex=no&subsetIndex=no&watchFile=no
"8292",Solidago canadensis,Solidago,canadensis,,,,exotic,unlisted,,48.894472999999998,-123.361410000000006,,NA,NA,"3682274",obs_exotic,file:///D:/Simon/Sync/Root/GIS/Biodiversity%20Data/obs_exotic.csv?type=csv&maxFields=10000&detectTypes=yes&xField=longitude&yField=latitude&crs=EPSG:4326&spatialIndex=no&subsetIndex=no&watchFile=no
"8293",Solidago canadensis,Solidago,canadensis,,,,exotic,unlisted,,48.862328329999997,-123.322929999999999,,NA,NA,"3779873",obs_exotic,file:///D:/Simon/Sync/Root/GIS/Biodiversity%20Data/obs_exotic.csv?type=csv&maxFields=10000&detectTypes=yes&xField=longitude&yField=latitude&crs=EPSG:4326&spatialIndex=no&subsetIndex=no&watchFile=no
"8294",Solidago canadensis,Solidago,canadensis,,,,exotic,unlisted,,48.862292250000003,-123.324952900000000,,NA,NA,"17216100",obs_exotic,file:///D:/Simon/Sync/Root/GIS/Biodiversity%20Data/obs_exotic.csv?type=csv&maxFields=10000&detectTypes=yes&xField=longitude&yField=latitude&crs=EPSG:4326&spatialIndex=no&subsetIndex=no&watchFile=no
"8295",Soliva sessilis,Soliva,sessilis,,,,exotic,unlisted,,48.952561670000001,-123.533355000000000,,NA,NA,"24698758",obs_exotic,file:///D:/Simon/Sync/Root/GIS/Biodiversity%20Data/obs_exotic.csv?type=csv&maxFields=10000&detectTypes=yes&xField=longitude&yField=latitude&crs=EPSG:4326&spatialIndex=no&subsetIndex=no&watchFile=no
"8296",Soliva sessilis,Soliva,sessilis,,,,exotic,unlisted,,48.952620420000002,-123.533264000000003,,NA,NA,"121374082",obs_exotic,file:///D:/Simon/Sync/Root/GIS/Biodiversity%20Data/obs_exotic.csv?type=csv&maxFields=10000&detectTypes=yes&xField=longitude&yField=latitude&crs=EPSG:4326&spatialIndex=no&subsetIndex=no&watchFile=no
"8297",Sonchus asper,Sonchus,asper,,,,exotic,unlisted,,48.867548999999997,-123.338527999999997,,NA,NA,"3351171",obs_exotic,file:///D:/Simon/Sync/Root/GIS/Biodiversity%20Data/obs_exotic.csv?type=csv&maxFields=10000&detectTypes=yes&xField=longitude&yField=latitude&crs=EPSG:4326&spatialIndex=no&subsetIndex=no&watchFile=no
"8298",Sonchus asper,Sonchus,asper,,,,exotic,unlisted,,48.884954999999998,-123.322154999999995,,NA,NA,"3383066",obs_exotic,file:///D:/Simon/Sync/Root/GIS/Biodiversity%20Data/obs_exotic.csv?type=csv&maxFields=10000&detectTypes=yes&xField=longitude&yField=latitude&crs=EPSG:4326&spatialIndex=no&subsetIndex=no&watchFile=no
"8299",Sonchus asper,Sonchus,asper,,,,exotic,unlisted,,49.010998999999998,-123.572115999999994,,NA,NA,"3542810",obs_exotic,file:///D:/Simon/Sync/Root/GIS/Biodiversity%20Data/obs_exotic.csv?type=csv&maxFields=10000&detectTypes=yes&xField=longitude&yField=latitude&crs=EPSG:4326&spatialIndex=no&subsetIndex=no&watchFile=no
"8300",Sonchus asper,Sonchus,asper,,,,exotic,unlisted,,48.867523710000000,-123.339750800000004,,NA,NA,"6434826",obs_exotic,file:///D:/Simon/Sync/Root/GIS/Biodiversity%20Data/obs_exotic.csv?type=csv&maxFields=10000&detectTypes=yes&xField=longitude&yField=latitude&crs=EPSG:4326&spatialIndex=no&subsetIndex=no&watchFile=no
"8301",Sonchus asper,Sonchus,asper,,,,exotic,unlisted,,48.867078999999997,-123.337926999999993,,NA,NA,"6844813",obs_exotic,file:///D:/Simon/Sync/Root/GIS/Biodiversity%20Data/obs_exotic.csv?type=csv&maxFields=10000&detectTypes=yes&xField=longitude&yField=latitude&crs=EPSG:4326&spatialIndex=no&subsetIndex=no&watchFile=no
"8302",Sonchus asper,Sonchus,asper,,,,exotic,unlisted,,48.867991259999997,-123.387247299999999,,NA,NA,"9045970",obs_exotic,file:///D:/Simon/Sync/Root/GIS/Biodiversity%20Data/obs_exotic.csv?type=csv&maxFields=10000&detectTypes=yes&xField=longitude&yField=latitude&crs=EPSG:4326&spatialIndex=no&subsetIndex=no&watchFile=no
"8303",Sonchus asper,Sonchus,asper,,,,exotic,unlisted,,48.890442000000000,-123.375556000000003,,NA,NA,"13133646",obs_exotic,file:///D:/Simon/Sync/Root/GIS/Biodiversity%20Data/obs_exotic.csv?type=csv&maxFields=10000&detectTypes=yes&xField=longitude&yField=latitude&crs=EPSG:4326&spatialIndex=no&subsetIndex=no&watchFile=no
"8304",Sonchus asper,Sonchus,asper,,,,exotic,unlisted,,48.939680510000002,-123.492308199999997,,NA,NA,"14281196",obs_exotic,file:///D:/Simon/Sync/Root/GIS/Biodiversity%20Data/obs_exotic.csv?type=csv&maxFields=10000&detectTypes=yes&xField=longitude&yField=latitude&crs=EPSG:4326&spatialIndex=no&subsetIndex=no&watchFile=no
"8305",Sonchus asper,Sonchus,asper,,,,exotic,unlisted,,48.983516600000002,-123.556695000000005,,NA,NA,"14335438",obs_exotic,file:///D:/Simon/Sync/Root/GIS/Biodiversity%20Data/obs_exotic.csv?type=csv&maxFields=10000&detectTypes=yes&xField=longitude&yField=latitude&crs=EPSG:4326&spatialIndex=no&subsetIndex=no&watchFile=no
"8306",Sonchus asper,Sonchus,asper,,,,exotic,unlisted,,48.964936109999996,-123.516838899999996,,NA,NA,"24673992",obs_exotic,file:///D:/Simon/Sync/Root/GIS/Biodiversity%20Data/obs_exotic.csv?type=csv&maxFields=10000&detectTypes=yes&xField=longitude&yField=latitude&crs=EPSG:4326&spatialIndex=no&subsetIndex=no&watchFile=no
"8307",Sonchus asper,Sonchus,asper,,,,exotic,unlisted,,48.964936109999996,-123.516838899999996,,NA,NA,"24674132",obs_exotic,file:///D:/Simon/Sync/Root/GIS/Biodiversity%20Data/obs_exotic.csv?type=csv&maxFields=10000&detectTypes=yes&xField=longitude&yField=latitude&crs=EPSG:4326&spatialIndex=no&subsetIndex=no&watchFile=no
"8308",Sonchus asper,Sonchus,asper,,,,exotic,unlisted,,48.964936109999996,-123.516838899999996,,NA,NA,"24674186",obs_exotic,file:///D:/Simon/Sync/Root/GIS/Biodiversity%20Data/obs_exotic.csv?type=csv&maxFields=10000&detectTypes=yes&xField=longitude&yField=latitude&crs=EPSG:4326&spatialIndex=no&subsetIndex=no&watchFile=no
"8309",Sonchus asper,Sonchus,asper,,,,exotic,unlisted,,48.867421669999999,-123.376396700000001,,NA,NA,"42365217",obs_exotic,file:///D:/Simon/Sync/Root/GIS/Biodiversity%20Data/obs_exotic.csv?type=csv&maxFields=10000&detectTypes=yes&xField=longitude&yField=latitude&crs=EPSG:4326&spatialIndex=no&subsetIndex=no&watchFile=no
"8310",Sonchus asper,Sonchus,asper,,,,exotic,unlisted,,48.871156999999997,-123.320288000000005,,NA,NA,"44782839",obs_exotic,file:///D:/Simon/Sync/Root/GIS/Biodiversity%20Data/obs_exotic.csv?type=csv&maxFields=10000&detectTypes=yes&xField=longitude&yField=latitude&crs=EPSG:4326&spatialIndex=no&subsetIndex=no&watchFile=no
"8311",Sonchus asper,Sonchus,asper,,,,exotic,unlisted,,48.878206730000002,-123.320787999999993,,NA,NA,"52032395",obs_exotic,file:///D:/Simon/Sync/Root/GIS/Biodiversity%20Data/obs_exotic.csv?type=csv&maxFields=10000&detectTypes=yes&xField=longitude&yField=latitude&crs=EPSG:4326&spatialIndex=no&subsetIndex=no&watchFile=no
"8312",Sonchus asper,Sonchus,asper,,,,exotic,unlisted,,48.928552199999999,-123.468972399999998,,NA,NA,"54690195",obs_exotic,file:///D:/Simon/Sync/Root/GIS/Biodiversity%20Data/obs_exotic.csv?type=csv&maxFields=10000&detectTypes=yes&xField=longitude&yField=latitude&crs=EPSG:4326&spatialIndex=no&subsetIndex=no&watchFile=no
"8313",Sonchus asper,Sonchus,asper,,,,exotic,unlisted,,48.928876140000000,-123.468498900000000,,NA,NA,"54692038",obs_exotic,file:///D:/Simon/Sync/Root/GIS/Biodiversity%20Data/obs_exotic.csv?type=csv&maxFields=10000&detectTypes=yes&xField=longitude&yField=latitude&crs=EPSG:4326&spatialIndex=no&subsetIndex=no&watchFile=no
"8314",Sonchus asper,Sonchus,asper,,,,exotic,unlisted,,49.013784999999999,-123.573938299999995,,NA,NA,"123934627",obs_exotic,file:///D:/Simon/Sync/Root/GIS/Biodiversity%20Data/obs_exotic.csv?type=csv&maxFields=10000&detectTypes=yes&xField=longitude&yField=latitude&crs=EPSG:4326&spatialIndex=no&subsetIndex=no&watchFile=no
"8315",Sonchus asper,Sonchus,asper,,,,exotic,unlisted,,48.938141670000000,-123.477286100000001,,NA,NA,"126017352",obs_exotic,file:///D:/Simon/Sync/Root/GIS/Biodiversity%20Data/obs_exotic.csv?type=csv&maxFields=10000&detectTypes=yes&xField=longitude&yField=latitude&crs=EPSG:4326&spatialIndex=no&subsetIndex=no&watchFile=no
"8316",Sonchus oleraceus,Sonchus,oleraceus,,,,exotic,unlisted,,48.926729000000002,-123.469848999999996,,NA,NA,"2621485",obs_exotic,file:///D:/Simon/Sync/Root/GIS/Biodiversity%20Data/obs_exotic.csv?type=csv&maxFields=10000&detectTypes=yes&xField=longitude&yField=latitude&crs=EPSG:4326&spatialIndex=no&subsetIndex=no&watchFile=no
"8317",Sonchus oleraceus,Sonchus,oleraceus,,,,exotic,unlisted,,48.923825000000001,-123.460064000000003,,NA,NA,"2625059",obs_exotic,file:///D:/Simon/Sync/Root/GIS/Biodiversity%20Data/obs_exotic.csv?type=csv&maxFields=10000&detectTypes=yes&xField=longitude&yField=latitude&crs=EPSG:4326&spatialIndex=no&subsetIndex=no&watchFile=no
"8318",Sonchus oleraceus,Sonchus,oleraceus,,,,exotic,unlisted,,48.932485999999997,-123.483839000000003,,NA,NA,"3318816",obs_exotic,file:///D:/Simon/Sync/Root/GIS/Biodiversity%20Data/obs_exotic.csv?type=csv&maxFields=10000&detectTypes=yes&xField=longitude&yField=latitude&crs=EPSG:4326&spatialIndex=no&subsetIndex=no&watchFile=no
"8319",Sonchus oleraceus,Sonchus,oleraceus,,,,exotic,unlisted,,48.915923999999997,-123.425291999999999,,NA,NA,"3340894",obs_exotic,file:///D:/Simon/Sync/Root/GIS/Biodiversity%20Data/obs_exotic.csv?type=csv&maxFields=10000&detectTypes=yes&xField=longitude&yField=latitude&crs=EPSG:4326&spatialIndex=no&subsetIndex=no&watchFile=no
"8320",Sonchus oleraceus,Sonchus,oleraceus,,,,exotic,unlisted,,48.892843999999997,-123.391307999999995,,NA,NA,"3382927",obs_exotic,file:///D:/Simon/Sync/Root/GIS/Biodiversity%20Data/obs_exotic.csv?type=csv&maxFields=10000&detectTypes=yes&xField=longitude&yField=latitude&crs=EPSG:4326&spatialIndex=no&subsetIndex=no&watchFile=no
"8321",Sonchus oleraceus,Sonchus,oleraceus,,,,exotic,unlisted,,48.940345899999997,-123.504352600000004,,NA,NA,"6306945",obs_exotic,file:///D:/Simon/Sync/Root/GIS/Biodiversity%20Data/obs_exotic.csv?type=csv&maxFields=10000&detectTypes=yes&xField=longitude&yField=latitude&crs=EPSG:4326&spatialIndex=no&subsetIndex=no&watchFile=no
"8322",Sonchus oleraceus,Sonchus,oleraceus,,,,exotic,unlisted,,48.866945000000001,-123.341328000000004,,NA,NA,"12817808",obs_exotic,file:///D:/Simon/Sync/Root/GIS/Biodiversity%20Data/obs_exotic.csv?type=csv&maxFields=10000&detectTypes=yes&xField=longitude&yField=latitude&crs=EPSG:4326&spatialIndex=no&subsetIndex=no&watchFile=no
"8323",Sonchus oleraceus,Sonchus,oleraceus,,,,exotic,unlisted,,48.926895999999999,-123.465663000000006,,NA,NA,"13166136",obs_exotic,file:///D:/Simon/Sync/Root/GIS/Biodiversity%20Data/obs_exotic.csv?type=csv&maxFields=10000&detectTypes=yes&xField=longitude&yField=latitude&crs=EPSG:4326&spatialIndex=no&subsetIndex=no&watchFile=no
"8324",Sonchus oleraceus,Sonchus,oleraceus,,,,exotic,unlisted,,48.939680510000002,-123.492308199999997,,NA,NA,"14281198",obs_exotic,file:///D:/Simon/Sync/Root/GIS/Biodiversity%20Data/obs_exotic.csv?type=csv&maxFields=10000&detectTypes=yes&xField=longitude&yField=latitude&crs=EPSG:4326&spatialIndex=no&subsetIndex=no&watchFile=no
"8325",Sonchus oleraceus,Sonchus,oleraceus,,,,exotic,unlisted,,48.866956060000000,-123.341274999999996,,NA,NA,"16310370",obs_exotic,file:///D:/Simon/Sync/Root/GIS/Biodiversity%20Data/obs_exotic.csv?type=csv&maxFields=10000&detectTypes=yes&xField=longitude&yField=latitude&crs=EPSG:4326&spatialIndex=no&subsetIndex=no&watchFile=no
"8326",Sonchus oleraceus,Sonchus,oleraceus,,,,exotic,unlisted,,48.861321150000002,-123.367755900000006,,NA,NA,"24768064",obs_exotic,file:///D:/Simon/Sync/Root/GIS/Biodiversity%20Data/obs_exotic.csv?type=csv&maxFields=10000&detectTypes=yes&xField=longitude&yField=latitude&crs=EPSG:4326&spatialIndex=no&subsetIndex=no&watchFile=no
"8327",Sonchus oleraceus,Sonchus,oleraceus,,,,exotic,unlisted,,48.866783329999997,-123.340450000000004,,NA,NA,"43252988",obs_exotic,file:///D:/Simon/Sync/Root/GIS/Biodiversity%20Data/obs_exotic.csv?type=csv&maxFields=10000&detectTypes=yes&xField=longitude&yField=latitude&crs=EPSG:4326&spatialIndex=no&subsetIndex=no&watchFile=no
"8328",Sonchus oleraceus,Sonchus,oleraceus,,,,exotic,unlisted,,48.868450000000003,-123.378419399999999,,NA,NA,"114122167",obs_exotic,file:///D:/Simon/Sync/Root/GIS/Biodiversity%20Data/obs_exotic.csv?type=csv&maxFields=10000&detectTypes=yes&xField=longitude&yField=latitude&crs=EPSG:4326&spatialIndex=no&subsetIndex=no&watchFile=no
"8329",Sonchus oleraceus,Sonchus,oleraceus,,,,exotic,unlisted,,48.871536110000001,-123.310744400000004,,NA,NA,"119369415",obs_exotic,file:///D:/Simon/Sync/Root/GIS/Biodiversity%20Data/obs_exotic.csv?type=csv&maxFields=10000&detectTypes=yes&xField=longitude&yField=latitude&crs=EPSG:4326&spatialIndex=no&subsetIndex=no&watchFile=no
"8330",Sonchus oleraceus,Sonchus,oleraceus,,,,exotic,unlisted,,48.871497220000002,-123.311055600000003,,NA,NA,"119369416",obs_exotic,file:///D:/Simon/Sync/Root/GIS/Biodiversity%20Data/obs_exotic.csv?type=csv&maxFields=10000&detectTypes=yes&xField=longitude&yField=latitude&crs=EPSG:4326&spatialIndex=no&subsetIndex=no&watchFile=no
"8331",Sonchus oleraceus,Sonchus,oleraceus,,,,exotic,unlisted,,48.897366609999999,-123.338636300000005,,NA,NA,"120494793",obs_exotic,file:///D:/Simon/Sync/Root/GIS/Biodiversity%20Data/obs_exotic.csv?type=csv&maxFields=10000&detectTypes=yes&xField=longitude&yField=latitude&crs=EPSG:4326&spatialIndex=no&subsetIndex=no&watchFile=no
"8332",Sonchus oleraceus,Sonchus,oleraceus,,,,exotic,unlisted,,49.013321670000003,-123.573591699999994,,NA,NA,"123934634",obs_exotic,file:///D:/Simon/Sync/Root/GIS/Biodiversity%20Data/obs_exotic.csv?type=csv&maxFields=10000&detectTypes=yes&xField=longitude&yField=latitude&crs=EPSG:4326&spatialIndex=no&subsetIndex=no&watchFile=no
"8333",Sorbus aucuparia,Sorbus,aucuparia,,,,exotic,unlisted,,48.879661669999997,-123.324621699999994,,NA,NA,"3899003",obs_exotic,file:///D:/Simon/Sync/Root/GIS/Biodiversity%20Data/obs_exotic.csv?type=csv&maxFields=10000&detectTypes=yes&xField=longitude&yField=latitude&crs=EPSG:4326&spatialIndex=no&subsetIndex=no&watchFile=no
"8334",Sorbus aucuparia,Sorbus,aucuparia,,,,exotic,unlisted,,48.942407000000003,-123.499274999999997,,NA,NA,"3903127",obs_exotic,file:///D:/Simon/Sync/Root/GIS/Biodiversity%20Data/obs_exotic.csv?type=csv&maxFields=10000&detectTypes=yes&xField=longitude&yField=latitude&crs=EPSG:4326&spatialIndex=no&subsetIndex=no&watchFile=no
"8335",Sorbus aucuparia,Sorbus,aucuparia,,,,exotic,unlisted,,48.943192879999998,-123.484139400000004,,NA,NA,"6411178",obs_exotic,file:///D:/Simon/Sync/Root/GIS/Biodiversity%20Data/obs_exotic.csv?type=csv&maxFields=10000&detectTypes=yes&xField=longitude&yField=latitude&crs=EPSG:4326&spatialIndex=no&subsetIndex=no&watchFile=no
"8336",Sorbus aucuparia,Sorbus,aucuparia,,,,exotic,unlisted,,48.940428439999998,-123.503384900000000,,NA,NA,"16307022",obs_exotic,file:///D:/Simon/Sync/Root/GIS/Biodiversity%20Data/obs_exotic.csv?type=csv&maxFields=10000&detectTypes=yes&xField=longitude&yField=latitude&crs=EPSG:4326&spatialIndex=no&subsetIndex=no&watchFile=no
"8337",Sorbus aucuparia,Sorbus,aucuparia,,,,exotic,unlisted,,48.928997340000002,-123.463182300000000,,NA,NA,"34173116",obs_exotic,file:///D:/Simon/Sync/Root/GIS/Biodiversity%20Data/obs_exotic.csv?type=csv&maxFields=10000&detectTypes=yes&xField=longitude&yField=latitude&crs=EPSG:4326&spatialIndex=no&subsetIndex=no&watchFile=no
"8338",Sorbus aucuparia,Sorbus,aucuparia,,,,exotic,unlisted,,48.942895890000003,-123.500009199999994,,NA,NA,"51247261",obs_exotic,file:///D:/Simon/Sync/Root/GIS/Biodiversity%20Data/obs_exotic.csv?type=csv&maxFields=10000&detectTypes=yes&xField=longitude&yField=latitude&crs=EPSG:4326&spatialIndex=no&subsetIndex=no&watchFile=no
"8344",Spergula arvensis,Spergula,arvensis,,,,exotic,unlisted,,48.939903999999999,-123.492075000000000,,NA,NA,"10771293",obs_exotic,file:///D:/Simon/Sync/Root/GIS/Biodiversity%20Data/obs_exotic.csv?type=csv&maxFields=10000&detectTypes=yes&xField=longitude&yField=latitude&crs=EPSG:4326&spatialIndex=no&subsetIndex=no&watchFile=no
"8345",Spergula arvensis,Spergula,arvensis,,,,exotic,unlisted,,48.939861000000001,-123.492050000000006,,NA,NA,"13167211",obs_exotic,file:///D:/Simon/Sync/Root/GIS/Biodiversity%20Data/obs_exotic.csv?type=csv&maxFields=10000&detectTypes=yes&xField=longitude&yField=latitude&crs=EPSG:4326&spatialIndex=no&subsetIndex=no&watchFile=no
"8346",Spergula arvensis,Spergula,arvensis,,,,exotic,unlisted,,48.939960900000003,-123.492299900000006,,NA,NA,"18417803",obs_exotic,file:///D:/Simon/Sync/Root/GIS/Biodiversity%20Data/obs_exotic.csv?type=csv&maxFields=10000&detectTypes=yes&xField=longitude&yField=latitude&crs=EPSG:4326&spatialIndex=no&subsetIndex=no&watchFile=no
"8347",Spergularia marina,Spergularia,marina,,,,exotic,unlisted,,48.896944439999999,-123.405833299999998,,NA,NA,"8848751",obs_exotic,file:///D:/Simon/Sync/Root/GIS/Biodiversity%20Data/obs_exotic.csv?type=csv&maxFields=10000&detectTypes=yes&xField=longitude&yField=latitude&crs=EPSG:4326&spatialIndex=no&subsetIndex=no&watchFile=no
"8348",Spergularia marina,Spergularia,marina,,,,exotic,unlisted,,48.896825000000000,-123.405828299999996,,NA,NA,"56194858",obs_exotic,file:///D:/Simon/Sync/Root/GIS/Biodiversity%20Data/obs_exotic.csv?type=csv&maxFields=10000&detectTypes=yes&xField=longitude&yField=latitude&crs=EPSG:4326&spatialIndex=no&subsetIndex=no&watchFile=no
"8349",Spergularia marina,Spergularia,marina,,,,exotic,unlisted,,48.898463329999998,-123.407589999999999,,NA,NA,"56194868",obs_exotic,file:///D:/Simon/Sync/Root/GIS/Biodiversity%20Data/obs_exotic.csv?type=csv&maxFields=10000&detectTypes=yes&xField=longitude&yField=latitude&crs=EPSG:4326&spatialIndex=no&subsetIndex=no&watchFile=no
"8350",Spergularia marina,Spergularia,marina,,,,exotic,unlisted,,49.014040000000001,-123.573740000000001,,NA,NA,"123934603",obs_exotic,file:///D:/Simon/Sync/Root/GIS/Biodiversity%20Data/obs_exotic.csv?type=csv&maxFields=10000&detectTypes=yes&xField=longitude&yField=latitude&crs=EPSG:4326&spatialIndex=no&subsetIndex=no&watchFile=no
"8351",Spergularia marina,Spergularia,marina,,,,exotic,unlisted,,49.014028330000002,-123.573743300000004,,NA,NA,"123934604",obs_exotic,file:///D:/Simon/Sync/Root/GIS/Biodiversity%20Data/obs_exotic.csv?type=csv&maxFields=10000&detectTypes=yes&xField=longitude&yField=latitude&crs=EPSG:4326&spatialIndex=no&subsetIndex=no&watchFile=no
"8352",Spergularia marina,Spergularia,marina,,,,exotic,unlisted,,49.014130000000002,-123.573835000000003,,NA,NA,"123934613",obs_exotic,file:///D:/Simon/Sync/Root/GIS/Biodiversity%20Data/obs_exotic.csv?type=csv&maxFields=10000&detectTypes=yes&xField=longitude&yField=latitude&crs=EPSG:4326&spatialIndex=no&subsetIndex=no&watchFile=no
"8353",Spergularia rubra,Spergularia,rubra,,,,exotic,unlisted,,48.930675999999998,-123.475857000000005,,NA,NA,"2563737",obs_exotic,file:///D:/Simon/Sync/Root/GIS/Biodiversity%20Data/obs_exotic.csv?type=csv&maxFields=10000&detectTypes=yes&xField=longitude&yField=latitude&crs=EPSG:4326&spatialIndex=no&subsetIndex=no&watchFile=no
"8354",Spergularia rubra,Spergularia,rubra,,,,exotic,unlisted,,48.867092999999997,-123.337604999999996,,NA,NA,"6844705",obs_exotic,file:///D:/Simon/Sync/Root/GIS/Biodiversity%20Data/obs_exotic.csv?type=csv&maxFields=10000&detectTypes=yes&xField=longitude&yField=latitude&crs=EPSG:4326&spatialIndex=no&subsetIndex=no&watchFile=no
"8355",Spergularia rubra,Spergularia,rubra,,,,exotic,unlisted,,48.899593330000002,-123.358786699999996,,NA,NA,"14220763",obs_exotic,file:///D:/Simon/Sync/Root/GIS/Biodiversity%20Data/obs_exotic.csv?type=csv&maxFields=10000&detectTypes=yes&xField=longitude&yField=latitude&crs=EPSG:4326&spatialIndex=no&subsetIndex=no&watchFile=no
"8356",Spergularia rubra,Spergularia,rubra,,,,exotic,unlisted,,48.867905000000000,-123.340333299999998,,NA,NA,"28636318",obs_exotic,file:///D:/Simon/Sync/Root/GIS/Biodiversity%20Data/obs_exotic.csv?type=csv&maxFields=10000&detectTypes=yes&xField=longitude&yField=latitude&crs=EPSG:4326&spatialIndex=no&subsetIndex=no&watchFile=no
"8357",Spergularia rubra,Spergularia,rubra,,,,exotic,unlisted,,48.928398840000000,-123.468310099999997,,NA,NA,"84809941",obs_exotic,file:///D:/Simon/Sync/Root/GIS/Biodiversity%20Data/obs_exotic.csv?type=csv&maxFields=10000&detectTypes=yes&xField=longitude&yField=latitude&crs=EPSG:4326&spatialIndex=no&subsetIndex=no&watchFile=no
"8383",Stellaria graminea,Stellaria,graminea,,,,exotic,unlisted,,48.929957999999999,-123.475116999999997,,NA,NA,"2617682",obs_exotic,file:///D:/Simon/Sync/Root/GIS/Biodiversity%20Data/obs_exotic.csv?type=csv&maxFields=10000&detectTypes=yes&xField=longitude&yField=latitude&crs=EPSG:4326&spatialIndex=no&subsetIndex=no&watchFile=no
"8384",Stellaria graminea,Stellaria,graminea,,,,exotic,unlisted,,48.929209999999998,-123.475427999999994,,NA,NA,"2621512",obs_exotic,file:///D:/Simon/Sync/Root/GIS/Biodiversity%20Data/obs_exotic.csv?type=csv&maxFields=10000&detectTypes=yes&xField=longitude&yField=latitude&crs=EPSG:4326&spatialIndex=no&subsetIndex=no&watchFile=no
"8385",Stellaria graminea,Stellaria,graminea,,,,exotic,unlisted,,48.929718000000001,-123.467617000000004,,NA,NA,"2663783",obs_exotic,file:///D:/Simon/Sync/Root/GIS/Biodiversity%20Data/obs_exotic.csv?type=csv&maxFields=10000&detectTypes=yes&xField=longitude&yField=latitude&crs=EPSG:4326&spatialIndex=no&subsetIndex=no&watchFile=no
"8386",Stellaria graminea,Stellaria,graminea,,,,exotic,unlisted,,48.930661669999999,-123.474166699999998,,NA,NA,"3387011",obs_exotic,file:///D:/Simon/Sync/Root/GIS/Biodiversity%20Data/obs_exotic.csv?type=csv&maxFields=10000&detectTypes=yes&xField=longitude&yField=latitude&crs=EPSG:4326&spatialIndex=no&subsetIndex=no&watchFile=no
"8387",Stellaria graminea,Stellaria,graminea,,,,exotic,unlisted,,48.928420389999999,-123.469025900000005,,NA,NA,"51791170",obs_exotic,file:///D:/Simon/Sync/Root/GIS/Biodiversity%20Data/obs_exotic.csv?type=csv&maxFields=10000&detectTypes=yes&xField=longitude&yField=latitude&crs=EPSG:4326&spatialIndex=no&subsetIndex=no&watchFile=no
"8388",Stellaria graminea,Stellaria,graminea,,,,exotic,unlisted,,48.929504999999999,-123.469641699999997,,NA,NA,"84375791",obs_exotic,file:///D:/Simon/Sync/Root/GIS/Biodiversity%20Data/obs_exotic.csv?type=csv&maxFields=10000&detectTypes=yes&xField=longitude&yField=latitude&crs=EPSG:4326&spatialIndex=no&subsetIndex=no&watchFile=no
"8389",Stellaria graminea,Stellaria,graminea,,,,exotic,unlisted,,48.929403330000000,-123.469428300000004,,NA,NA,"84499199",obs_exotic,file:///D:/Simon/Sync/Root/GIS/Biodiversity%20Data/obs_exotic.csv?type=csv&maxFields=10000&detectTypes=yes&xField=longitude&yField=latitude&crs=EPSG:4326&spatialIndex=no&subsetIndex=no&watchFile=no
"8390",Stellaria graminea,Stellaria,graminea,,,,exotic,unlisted,,48.928428009999998,-123.466806500000004,,NA,NA,"84596747",obs_exotic,file:///D:/Simon/Sync/Root/GIS/Biodiversity%20Data/obs_exotic.csv?type=csv&maxFields=10000&detectTypes=yes&xField=longitude&yField=latitude&crs=EPSG:4326&spatialIndex=no&subsetIndex=no&watchFile=no
"8391",Stellaria graminea,Stellaria,graminea,,,,exotic,unlisted,,48.930216670000000,-123.474511699999994,,NA,NA,"84597909",obs_exotic,file:///D:/Simon/Sync/Root/GIS/Biodiversity%20Data/obs_exotic.csv?type=csv&maxFields=10000&detectTypes=yes&xField=longitude&yField=latitude&crs=EPSG:4326&spatialIndex=no&subsetIndex=no&watchFile=no
"8392",Stellaria graminea,Stellaria,graminea,,,,exotic,unlisted,,48.927953330000001,-123.467986699999997,,NA,NA,"84750109",obs_exotic,file:///D:/Simon/Sync/Root/GIS/Biodiversity%20Data/obs_exotic.csv?type=csv&maxFields=10000&detectTypes=yes&xField=longitude&yField=latitude&crs=EPSG:4326&spatialIndex=no&subsetIndex=no&watchFile=no
"8393",Stellaria graminea,Stellaria,graminea,,,,exotic,unlisted,,48.931427780000000,-123.476616699999994,,NA,NA,"120618093",obs_exotic,file:///D:/Simon/Sync/Root/GIS/Biodiversity%20Data/obs_exotic.csv?type=csv&maxFields=10000&detectTypes=yes&xField=longitude&yField=latitude&crs=EPSG:4326&spatialIndex=no&subsetIndex=no&watchFile=no
"8394",Stellaria graminea,Stellaria,graminea,,,,exotic,unlisted,,48.931140679999999,-123.476287999999997,,NA,NA,"121654105",obs_exotic,file:///D:/Simon/Sync/Root/GIS/Biodiversity%20Data/obs_exotic.csv?type=csv&maxFields=10000&detectTypes=yes&xField=longitude&yField=latitude&crs=EPSG:4326&spatialIndex=no&subsetIndex=no&watchFile=no
"8395",Stellaria graminea,Stellaria,graminea,,,,exotic,unlisted,,48.931086110000003,-123.475752799999995,,NA,NA,"122335792",obs_exotic,file:///D:/Simon/Sync/Root/GIS/Biodiversity%20Data/obs_exotic.csv?type=csv&maxFields=10000&detectTypes=yes&xField=longitude&yField=latitude&crs=EPSG:4326&spatialIndex=no&subsetIndex=no&watchFile=no
"8396",Stellaria graminea,Stellaria,graminea,,,,exotic,unlisted,,48.930605000000000,-123.474495000000005,,NA,NA,"122850303",obs_exotic,file:///D:/Simon/Sync/Root/GIS/Biodiversity%20Data/obs_exotic.csv?type=csv&maxFields=10000&detectTypes=yes&xField=longitude&yField=latitude&crs=EPSG:4326&spatialIndex=no&subsetIndex=no&watchFile=no
"8397",Stellaria media,Stellaria,media,,,,exotic,unlisted,,48.931195000000002,-123.470364000000004,,NA,NA,"2588223",obs_exotic,file:///D:/Simon/Sync/Root/GIS/Biodiversity%20Data/obs_exotic.csv?type=csv&maxFields=10000&detectTypes=yes&xField=longitude&yField=latitude&crs=EPSG:4326&spatialIndex=no&subsetIndex=no&watchFile=no
"8398",Stellaria media,Stellaria,media,,,,exotic,unlisted,,48.879218999999999,-123.319612000000006,,NA,NA,"2610654",obs_exotic,file:///D:/Simon/Sync/Root/GIS/Biodiversity%20Data/obs_exotic.csv?type=csv&maxFields=10000&detectTypes=yes&xField=longitude&yField=latitude&crs=EPSG:4326&spatialIndex=no&subsetIndex=no&watchFile=no
"8399",Stellaria media,Stellaria,media,,,,exotic,unlisted,,48.929209999999998,-123.475427999999994,,NA,NA,"2621513",obs_exotic,file:///D:/Simon/Sync/Root/GIS/Biodiversity%20Data/obs_exotic.csv?type=csv&maxFields=10000&detectTypes=yes&xField=longitude&yField=latitude&crs=EPSG:4326&spatialIndex=no&subsetIndex=no&watchFile=no
"8400",Stellaria media,Stellaria,media,,,,exotic,unlisted,,48.872197999999997,-123.311554999999998,,NA,NA,"2677424",obs_exotic,file:///D:/Simon/Sync/Root/GIS/Biodiversity%20Data/obs_exotic.csv?type=csv&maxFields=10000&detectTypes=yes&xField=longitude&yField=latitude&crs=EPSG:4326&spatialIndex=no&subsetIndex=no&watchFile=no
"8401",Stellaria media,Stellaria,media,,,,exotic,unlisted,,48.871822999999999,-123.310642999999999,,NA,NA,"2677439",obs_exotic,file:///D:/Simon/Sync/Root/GIS/Biodiversity%20Data/obs_exotic.csv?type=csv&maxFields=10000&detectTypes=yes&xField=longitude&yField=latitude&crs=EPSG:4326&spatialIndex=no&subsetIndex=no&watchFile=no
"8402",Stellaria media,Stellaria,media,,,,exotic,unlisted,,48.863216670000000,-123.314322200000007,,NA,NA,"2954058",obs_exotic,file:///D:/Simon/Sync/Root/GIS/Biodiversity%20Data/obs_exotic.csv?type=csv&maxFields=10000&detectTypes=yes&xField=longitude&yField=latitude&crs=EPSG:4326&spatialIndex=no&subsetIndex=no&watchFile=no
"8403",Stellaria media,Stellaria,media,,,,exotic,unlisted,,48.866764000000003,-123.336060000000003,,NA,NA,"3028910",obs_exotic,file:///D:/Simon/Sync/Root/GIS/Biodiversity%20Data/obs_exotic.csv?type=csv&maxFields=10000&detectTypes=yes&xField=longitude&yField=latitude&crs=EPSG:4326&spatialIndex=no&subsetIndex=no&watchFile=no
"8404",Stellaria media,Stellaria,media,,,,exotic,unlisted,,48.892699000000000,-123.392092000000005,,NA,NA,"4997179",obs_exotic,file:///D:/Simon/Sync/Root/GIS/Biodiversity%20Data/obs_exotic.csv?type=csv&maxFields=10000&detectTypes=yes&xField=longitude&yField=latitude&crs=EPSG:4326&spatialIndex=no&subsetIndex=no&watchFile=no
"8405",Stellaria media,Stellaria,media,,,,exotic,unlisted,,48.871737000000003,-123.310524999999998,,NA,NA,"5153121",obs_exotic,file:///D:/Simon/Sync/Root/GIS/Biodiversity%20Data/obs_exotic.csv?type=csv&maxFields=10000&detectTypes=yes&xField=longitude&yField=latitude&crs=EPSG:4326&spatialIndex=no&subsetIndex=no&watchFile=no
"8406",Stellaria media,Stellaria,media,,,,exotic,unlisted,,48.872464000000001,-123.312650000000005,,NA,NA,"5153189",obs_exotic,file:///D:/Simon/Sync/Root/GIS/Biodiversity%20Data/obs_exotic.csv?type=csv&maxFields=10000&detectTypes=yes&xField=longitude&yField=latitude&crs=EPSG:4326&spatialIndex=no&subsetIndex=no&watchFile=no
"8407",Stellaria media,Stellaria,media,,,,exotic,unlisted,,48.868448000000001,-123.377699000000007,,NA,NA,"5536584",obs_exotic,file:///D:/Simon/Sync/Root/GIS/Biodiversity%20Data/obs_exotic.csv?type=csv&maxFields=10000&detectTypes=yes&xField=longitude&yField=latitude&crs=EPSG:4326&spatialIndex=no&subsetIndex=no&watchFile=no
"8408",Stellaria media,Stellaria,media,,,,exotic,unlisted,,48.906352849999998,-123.356981300000001,,NA,NA,"5646968",obs_exotic,file:///D:/Simon/Sync/Root/GIS/Biodiversity%20Data/obs_exotic.csv?type=csv&maxFields=10000&detectTypes=yes&xField=longitude&yField=latitude&crs=EPSG:4326&spatialIndex=no&subsetIndex=no&watchFile=no
"8409",Stellaria media,Stellaria,media,,,,exotic,unlisted,,48.913954300000000,-123.387536999999995,,NA,NA,"5885309",obs_exotic,file:///D:/Simon/Sync/Root/GIS/Biodiversity%20Data/obs_exotic.csv?type=csv&maxFields=10000&detectTypes=yes&xField=longitude&yField=latitude&crs=EPSG:4326&spatialIndex=no&subsetIndex=no&watchFile=no
"8410",Stellaria media,Stellaria,media,,,,exotic,unlisted,,48.906832379999997,-123.356745200000006,,NA,NA,"5886425",obs_exotic,file:///D:/Simon/Sync/Root/GIS/Biodiversity%20Data/obs_exotic.csv?type=csv&maxFields=10000&detectTypes=yes&xField=longitude&yField=latitude&crs=EPSG:4326&spatialIndex=no&subsetIndex=no&watchFile=no
"8411",Stellaria media,Stellaria,media,,,,exotic,unlisted,,48.914010709999999,-123.387998300000007,,NA,NA,"5964574",obs_exotic,file:///D:/Simon/Sync/Root/GIS/Biodiversity%20Data/obs_exotic.csv?type=csv&maxFields=10000&detectTypes=yes&xField=longitude&yField=latitude&crs=EPSG:4326&spatialIndex=no&subsetIndex=no&watchFile=no
"8412",Stellaria media,Stellaria,media,,,,exotic,unlisted,,48.900696850000003,-123.336124400000003,,NA,NA,"6425187",obs_exotic,file:///D:/Simon/Sync/Root/GIS/Biodiversity%20Data/obs_exotic.csv?type=csv&maxFields=10000&detectTypes=yes&xField=longitude&yField=latitude&crs=EPSG:4326&spatialIndex=no&subsetIndex=no&watchFile=no
"8413",Stellaria media,Stellaria,media,,,,exotic,unlisted,,48.876097999999999,-123.386035000000007,,NA,NA,"6817984",obs_exotic,file:///D:/Simon/Sync/Root/GIS/Biodiversity%20Data/obs_exotic.csv?type=csv&maxFields=10000&detectTypes=yes&xField=longitude&yField=latitude&crs=EPSG:4326&spatialIndex=no&subsetIndex=no&watchFile=no
"8414",Stellaria media,Stellaria,media,,,,exotic,unlisted,,48.867607000000000,-123.376234999999994,,NA,NA,"9843074",obs_exotic,file:///D:/Simon/Sync/Root/GIS/Biodiversity%20Data/obs_exotic.csv?type=csv&maxFields=10000&detectTypes=yes&xField=longitude&yField=latitude&crs=EPSG:4326&spatialIndex=no&subsetIndex=no&watchFile=no
"8415",Stellaria media,Stellaria,media,,,,exotic,unlisted,,48.966683629999999,-123.541518999999994,,NA,NA,"10825514",obs_exotic,file:///D:/Simon/Sync/Root/GIS/Biodiversity%20Data/obs_exotic.csv?type=csv&maxFields=10000&detectTypes=yes&xField=longitude&yField=latitude&crs=EPSG:4326&spatialIndex=no&subsetIndex=no&watchFile=no
"8416",Stellaria media,Stellaria,media,,,,exotic,unlisted,,48.869607000000002,-123.342412999999993,,NA,NA,"12634773",obs_exotic,file:///D:/Simon/Sync/Root/GIS/Biodiversity%20Data/obs_exotic.csv?type=csv&maxFields=10000&detectTypes=yes&xField=longitude&yField=latitude&crs=EPSG:4326&spatialIndex=no&subsetIndex=no&watchFile=no
"8417",Stellaria media,Stellaria,media,,,,exotic,unlisted,,48.867058000000000,-123.334428000000003,,NA,NA,"12817049",obs_exotic,file:///D:/Simon/Sync/Root/GIS/Biodiversity%20Data/obs_exotic.csv?type=csv&maxFields=10000&detectTypes=yes&xField=longitude&yField=latitude&crs=EPSG:4326&spatialIndex=no&subsetIndex=no&watchFile=no
"8418",Stellaria media,Stellaria,media,,,,exotic,unlisted,,48.866025999999998,-123.333974999999995,,NA,NA,"12817509",obs_exotic,file:///D:/Simon/Sync/Root/GIS/Biodiversity%20Data/obs_exotic.csv?type=csv&maxFields=10000&detectTypes=yes&xField=longitude&yField=latitude&crs=EPSG:4326&spatialIndex=no&subsetIndex=no&watchFile=no
"8419",Stellaria media,Stellaria,media,,,,exotic,unlisted,,48.868475629999999,-123.378375500000004,,NA,NA,"17693164",obs_exotic,file:///D:/Simon/Sync/Root/GIS/Biodiversity%20Data/obs_exotic.csv?type=csv&maxFields=10000&detectTypes=yes&xField=longitude&yField=latitude&crs=EPSG:4326&spatialIndex=no&subsetIndex=no&watchFile=no
"8420",Stellaria media,Stellaria,media,,,,exotic,unlisted,,48.868475629999999,-123.378375500000004,,NA,NA,"17693185",obs_exotic,file:///D:/Simon/Sync/Root/GIS/Biodiversity%20Data/obs_exotic.csv?type=csv&maxFields=10000&detectTypes=yes&xField=longitude&yField=latitude&crs=EPSG:4326&spatialIndex=no&subsetIndex=no&watchFile=no
"8421",Stellaria media,Stellaria,media,,,,exotic,unlisted,,49.007592539999997,-123.576028399999998,,NA,NA,"24497693",obs_exotic,file:///D:/Simon/Sync/Root/GIS/Biodiversity%20Data/obs_exotic.csv?type=csv&maxFields=10000&detectTypes=yes&xField=longitude&yField=latitude&crs=EPSG:4326&spatialIndex=no&subsetIndex=no&watchFile=no
"8422",Stellaria media,Stellaria,media,,,,exotic,unlisted,,48.964563890000001,-123.516808299999994,,NA,NA,"24673935",obs_exotic,file:///D:/Simon/Sync/Root/GIS/Biodiversity%20Data/obs_exotic.csv?type=csv&maxFields=10000&detectTypes=yes&xField=longitude&yField=latitude&crs=EPSG:4326&spatialIndex=no&subsetIndex=no&watchFile=no
"8423",Stellaria media,Stellaria,media,,,,exotic,unlisted,,48.964355560000001,-123.517494400000004,,NA,NA,"24674110",obs_exotic,file:///D:/Simon/Sync/Root/GIS/Biodiversity%20Data/obs_exotic.csv?type=csv&maxFields=10000&detectTypes=yes&xField=longitude&yField=latitude&crs=EPSG:4326&spatialIndex=no&subsetIndex=no&watchFile=no
"8424",Stellaria media,Stellaria,media,,,,exotic,unlisted,,48.962425000000003,-123.517783300000005,,NA,NA,"24684038",obs_exotic,file:///D:/Simon/Sync/Root/GIS/Biodiversity%20Data/obs_exotic.csv?type=csv&maxFields=10000&detectTypes=yes&xField=longitude&yField=latitude&crs=EPSG:4326&spatialIndex=no&subsetIndex=no&watchFile=no
"8425",Stellaria media,Stellaria,media,,,,exotic,unlisted,,48.964331870000002,-123.517686400000002,,NA,NA,"24710326",obs_exotic,file:///D:/Simon/Sync/Root/GIS/Biodiversity%20Data/obs_exotic.csv?type=csv&maxFields=10000&detectTypes=yes&xField=longitude&yField=latitude&crs=EPSG:4326&spatialIndex=no&subsetIndex=no&watchFile=no
"8426",Stellaria media,Stellaria,media,,,,exotic,unlisted,,48.872114340000003,-123.311684000000000,,NA,NA,"24711654",obs_exotic,file:///D:/Simon/Sync/Root/GIS/Biodiversity%20Data/obs_exotic.csv?type=csv&maxFields=10000&detectTypes=yes&xField=longitude&yField=latitude&crs=EPSG:4326&spatialIndex=no&subsetIndex=no&watchFile=no
"8427",Stellaria media,Stellaria,media,,,,exotic,unlisted,,48.872077460000000,-123.312009200000006,,NA,NA,"24712770",obs_exotic,file:///D:/Simon/Sync/Root/GIS/Biodiversity%20Data/obs_exotic.csv?type=csv&maxFields=10000&detectTypes=yes&xField=longitude&yField=latitude&crs=EPSG:4326&spatialIndex=no&subsetIndex=no&watchFile=no
"8428",Stellaria media,Stellaria,media,,,,exotic,unlisted,,48.907226670000000,-123.459583300000006,,NA,NA,"24768243",obs_exotic,file:///D:/Simon/Sync/Root/GIS/Biodiversity%20Data/obs_exotic.csv?type=csv&maxFields=10000&detectTypes=yes&xField=longitude&yField=latitude&crs=EPSG:4326&spatialIndex=no&subsetIndex=no&watchFile=no
"8429",Stellaria media,Stellaria,media,,,,exotic,unlisted,,48.963513130000003,-123.516388000000006,,NA,NA,"24920076",obs_exotic,file:///D:/Simon/Sync/Root/GIS/Biodiversity%20Data/obs_exotic.csv?type=csv&maxFields=10000&detectTypes=yes&xField=longitude&yField=latitude&crs=EPSG:4326&spatialIndex=no&subsetIndex=no&watchFile=no
"8430",Stellaria media,Stellaria,media,,,,exotic,unlisted,,48.962454070000000,-123.519126099999994,,NA,NA,"24942119",obs_exotic,file:///D:/Simon/Sync/Root/GIS/Biodiversity%20Data/obs_exotic.csv?type=csv&maxFields=10000&detectTypes=yes&xField=longitude&yField=latitude&crs=EPSG:4326&spatialIndex=no&subsetIndex=no&watchFile=no
"8431",Stellaria media,Stellaria,media,,,,exotic,unlisted,,48.897195000000004,-123.341155000000001,,NA,NA,"25085491",obs_exotic,file:///D:/Simon/Sync/Root/GIS/Biodiversity%20Data/obs_exotic.csv?type=csv&maxFields=10000&detectTypes=yes&xField=longitude&yField=latitude&crs=EPSG:4326&spatialIndex=no&subsetIndex=no&watchFile=no
"8432",Stellaria media,Stellaria,media,,,,exotic,unlisted,,48.964449999999999,-123.516997200000006,,NA,NA,"25599933",obs_exotic,file:///D:/Simon/Sync/Root/GIS/Biodiversity%20Data/obs_exotic.csv?type=csv&maxFields=10000&detectTypes=yes&xField=longitude&yField=latitude&crs=EPSG:4326&spatialIndex=no&subsetIndex=no&watchFile=no
"8433",Stellaria media,Stellaria,media,,,,exotic,unlisted,,48.962436109999999,-123.519180599999999,,NA,NA,"25654973",obs_exotic,file:///D:/Simon/Sync/Root/GIS/Biodiversity%20Data/obs_exotic.csv?type=csv&maxFields=10000&detectTypes=yes&xField=longitude&yField=latitude&crs=EPSG:4326&spatialIndex=no&subsetIndex=no&watchFile=no
"8434",Stellaria media,Stellaria,media,,,,exotic,unlisted,,49.014064869999999,-123.573880000000003,,NA,NA,"41396596",obs_exotic,file:///D:/Simon/Sync/Root/GIS/Biodiversity%20Data/obs_exotic.csv?type=csv&maxFields=10000&detectTypes=yes&xField=longitude&yField=latitude&crs=EPSG:4326&spatialIndex=no&subsetIndex=no&watchFile=no
"8435",Stellaria media,Stellaria,media,,,,exotic,unlisted,,48.910311669999999,-123.375228300000003,,NA,NA,"41879778",obs_exotic,file:///D:/Simon/Sync/Root/GIS/Biodiversity%20Data/obs_exotic.csv?type=csv&maxFields=10000&detectTypes=yes&xField=longitude&yField=latitude&crs=EPSG:4326&spatialIndex=no&subsetIndex=no&watchFile=no
"8436",Stellaria media,Stellaria,media,,,,exotic,unlisted,,48.910341670000001,-123.375643299999993,,NA,NA,"41879784",obs_exotic,file:///D:/Simon/Sync/Root/GIS/Biodiversity%20Data/obs_exotic.csv?type=csv&maxFields=10000&detectTypes=yes&xField=longitude&yField=latitude&crs=EPSG:4326&spatialIndex=no&subsetIndex=no&watchFile=no
"8437",Stellaria media,Stellaria,media,,,,exotic,unlisted,,48.914671669999997,-123.389428300000006,,NA,NA,"42682019",obs_exotic,file:///D:/Simon/Sync/Root/GIS/Biodiversity%20Data/obs_exotic.csv?type=csv&maxFields=10000&detectTypes=yes&xField=longitude&yField=latitude&crs=EPSG:4326&spatialIndex=no&subsetIndex=no&watchFile=no
"8438",Stellaria media,Stellaria,media,,,,exotic,unlisted,,48.979281669999999,-123.568403300000000,,NA,NA,"42813423",obs_exotic,file:///D:/Simon/Sync/Root/GIS/Biodiversity%20Data/obs_exotic.csv?type=csv&maxFields=10000&detectTypes=yes&xField=longitude&yField=latitude&crs=EPSG:4326&spatialIndex=no&subsetIndex=no&watchFile=no
"8439",Stellaria media,Stellaria,media,,,,exotic,unlisted,,48.869455299999998,-123.378194300000004,,NA,NA,"46839068",obs_exotic,file:///D:/Simon/Sync/Root/GIS/Biodiversity%20Data/obs_exotic.csv?type=csv&maxFields=10000&detectTypes=yes&xField=longitude&yField=latitude&crs=EPSG:4326&spatialIndex=no&subsetIndex=no&watchFile=no
"8440",Stellaria media,Stellaria,media,,,,exotic,unlisted,,48.875884999999997,-123.385705000000002,,NA,NA,"77854390",obs_exotic,file:///D:/Simon/Sync/Root/GIS/Biodiversity%20Data/obs_exotic.csv?type=csv&maxFields=10000&detectTypes=yes&xField=longitude&yField=latitude&crs=EPSG:4326&spatialIndex=no&subsetIndex=no&watchFile=no
"8441",Stellaria media,Stellaria,media,,,,exotic,unlisted,,48.875818330000001,-123.385608300000001,,NA,NA,"77854395",obs_exotic,file:///D:/Simon/Sync/Root/GIS/Biodiversity%20Data/obs_exotic.csv?type=csv&maxFields=10000&detectTypes=yes&xField=longitude&yField=latitude&crs=EPSG:4326&spatialIndex=no&subsetIndex=no&watchFile=no
"8442",Stellaria media,Stellaria,media,,,,exotic,unlisted,,48.871811670000000,-123.311036700000002,,NA,NA,"84001275",obs_exotic,file:///D:/Simon/Sync/Root/GIS/Biodiversity%20Data/obs_exotic.csv?type=csv&maxFields=10000&detectTypes=yes&xField=longitude&yField=latitude&crs=EPSG:4326&spatialIndex=no&subsetIndex=no&watchFile=no
"8443",Stellaria media,Stellaria,media,,,,exotic,unlisted,,48.987893329999999,-123.549660000000003,,NA,NA,"100641828",obs_exotic,file:///D:/Simon/Sync/Root/GIS/Biodiversity%20Data/obs_exotic.csv?type=csv&maxFields=10000&detectTypes=yes&xField=longitude&yField=latitude&crs=EPSG:4326&spatialIndex=no&subsetIndex=no&watchFile=no
"8444",Stellaria media,Stellaria,media,,,,exotic,unlisted,,48.970661669999998,-123.558571700000002,,NA,NA,"107019729",obs_exotic,file:///D:/Simon/Sync/Root/GIS/Biodiversity%20Data/obs_exotic.csv?type=csv&maxFields=10000&detectTypes=yes&xField=longitude&yField=latitude&crs=EPSG:4326&spatialIndex=no&subsetIndex=no&watchFile=no
"8445",Stellaria media,Stellaria,media,,,,exotic,unlisted,,48.918136670000003,-123.398221699999993,,NA,NA,"110152148",obs_exotic,file:///D:/Simon/Sync/Root/GIS/Biodiversity%20Data/obs_exotic.csv?type=csv&maxFields=10000&detectTypes=yes&xField=longitude&yField=latitude&crs=EPSG:4326&spatialIndex=no&subsetIndex=no&watchFile=no
"8446",Stellaria media,Stellaria,media,,,,exotic,unlisted,,48.909849999999999,-123.373168300000003,,NA,NA,"111052955",obs_exotic,file:///D:/Simon/Sync/Root/GIS/Biodiversity%20Data/obs_exotic.csv?type=csv&maxFields=10000&detectTypes=yes&xField=longitude&yField=latitude&crs=EPSG:4326&spatialIndex=no&subsetIndex=no&watchFile=no
"8447",Stellaria media,Stellaria,media,,,,exotic,unlisted,,48.865998329999996,-123.369216699999996,,NA,NA,"111609847",obs_exotic,file:///D:/Simon/Sync/Root/GIS/Biodiversity%20Data/obs_exotic.csv?type=csv&maxFields=10000&detectTypes=yes&xField=longitude&yField=latitude&crs=EPSG:4326&spatialIndex=no&subsetIndex=no&watchFile=no
"8448",Stellaria media,Stellaria,media,,,,exotic,unlisted,,49.011085000000001,-123.574548300000004,,NA,NA,"123934545",obs_exotic,file:///D:/Simon/Sync/Root/GIS/Biodiversity%20Data/obs_exotic.csv?type=csv&maxFields=10000&detectTypes=yes&xField=longitude&yField=latitude&crs=EPSG:4326&spatialIndex=no&subsetIndex=no&watchFile=no
"8449",Stellaria media,Stellaria,media,,,,exotic,unlisted,,49.013993329999998,-123.573671700000006,,NA,NA,"123934591",obs_exotic,file:///D:/Simon/Sync/Root/GIS/Biodiversity%20Data/obs_exotic.csv?type=csv&maxFields=10000&detectTypes=yes&xField=longitude&yField=latitude&crs=EPSG:4326&spatialIndex=no&subsetIndex=no&watchFile=no
"8450",Stellaria media,Stellaria,media,,,,exotic,unlisted,,49.013973329999999,-123.573653300000004,,NA,NA,"123934595",obs_exotic,file:///D:/Simon/Sync/Root/GIS/Biodiversity%20Data/obs_exotic.csv?type=csv&maxFields=10000&detectTypes=yes&xField=longitude&yField=latitude&crs=EPSG:4326&spatialIndex=no&subsetIndex=no&watchFile=no
"8477",Symphyotrichum subspicatum,Symphyotrichum,subspicatum,,,,exotic,unlisted,,48.930944210000000,-123.475648399999997,,NA,NA,"58311957",obs_exotic,file:///D:/Simon/Sync/Root/GIS/Biodiversity%20Data/obs_exotic.csv?type=csv&maxFields=10000&detectTypes=yes&xField=longitude&yField=latitude&crs=EPSG:4326&spatialIndex=no&subsetIndex=no&watchFile=no
"8478",Symphyotrichum subspicatum,Symphyotrichum,subspicatum,,,,exotic,unlisted,,48.931112120000002,-123.475893299999996,,NA,NA,"59623324",obs_exotic,file:///D:/Simon/Sync/Root/GIS/Biodiversity%20Data/obs_exotic.csv?type=csv&maxFields=10000&detectTypes=yes&xField=longitude&yField=latitude&crs=EPSG:4326&spatialIndex=no&subsetIndex=no&watchFile=no
"8479",Symphytum officinale,Symphytum,officinale,,,,exotic,unlisted,,48.991937370000002,-123.570740599999993,,NA,NA,"14524696",obs_exotic,file:///D:/Simon/Sync/Root/GIS/Biodiversity%20Data/obs_exotic.csv?type=csv&maxFields=10000&detectTypes=yes&xField=longitude&yField=latitude&crs=EPSG:4326&spatialIndex=no&subsetIndex=no&watchFile=no
"8480",Symphytum officinale,Symphytum,officinale,,,,exotic,unlisted,,48.879215989999999,-123.314257499999997,,NA,NA,"25469252",obs_exotic,file:///D:/Simon/Sync/Root/GIS/Biodiversity%20Data/obs_exotic.csv?type=csv&maxFields=10000&detectTypes=yes&xField=longitude&yField=latitude&crs=EPSG:4326&spatialIndex=no&subsetIndex=no&watchFile=no
"8481",Symphytum officinale,Symphytum,officinale,,,,exotic,unlisted,,48.880337070000003,-123.351429600000003,,NA,NA,"75950778",obs_exotic,file:///D:/Simon/Sync/Root/GIS/Biodiversity%20Data/obs_exotic.csv?type=csv&maxFields=10000&detectTypes=yes&xField=longitude&yField=latitude&crs=EPSG:4326&spatialIndex=no&subsetIndex=no&watchFile=no
"8482",Tanacetum parthenium,Tanacetum,parthenium,,,,exotic,unlisted,,48.860808329999998,-123.352433300000001,,NA,NA,"13755090",obs_exotic,file:///D:/Simon/Sync/Root/GIS/Biodiversity%20Data/obs_exotic.csv?type=csv&maxFields=10000&detectTypes=yes&xField=longitude&yField=latitude&crs=EPSG:4326&spatialIndex=no&subsetIndex=no&watchFile=no
"8483",Tanacetum parthenium,Tanacetum,parthenium,,,,exotic,unlisted,,48.865938890000002,-123.350272200000006,,NA,NA,"13983184",obs_exotic,file:///D:/Simon/Sync/Root/GIS/Biodiversity%20Data/obs_exotic.csv?type=csv&maxFields=10000&detectTypes=yes&xField=longitude&yField=latitude&crs=EPSG:4326&spatialIndex=no&subsetIndex=no&watchFile=no
"8484",Tanacetum parthenium,Tanacetum,parthenium,,,,exotic,unlisted,,48.878114689999997,-123.315477799999996,,NA,NA,"42682060",obs_exotic,file:///D:/Simon/Sync/Root/GIS/Biodiversity%20Data/obs_exotic.csv?type=csv&maxFields=10000&detectTypes=yes&xField=longitude&yField=latitude&crs=EPSG:4326&spatialIndex=no&subsetIndex=no&watchFile=no
"8485",Tanacetum parthenium,Tanacetum,parthenium,,,,exotic,unlisted,,48.868253009999997,-123.347829800000000,,NA,NA,"43552418",obs_exotic,file:///D:/Simon/Sync/Root/GIS/Biodiversity%20Data/obs_exotic.csv?type=csv&maxFields=10000&detectTypes=yes&xField=longitude&yField=latitude&crs=EPSG:4326&spatialIndex=no&subsetIndex=no&watchFile=no
"8486",Tanacetum parthenium,Tanacetum,parthenium,,,,exotic,unlisted,,48.866032560000001,-123.350774799999996,,NA,NA,"43552419",obs_exotic,file:///D:/Simon/Sync/Root/GIS/Biodiversity%20Data/obs_exotic.csv?type=csv&maxFields=10000&detectTypes=yes&xField=longitude&yField=latitude&crs=EPSG:4326&spatialIndex=no&subsetIndex=no&watchFile=no
"8487",Tanacetum parthenium,Tanacetum,parthenium,,,,exotic,unlisted,,48.866050710000003,-123.350753400000002,,NA,NA,"43552420",obs_exotic,file:///D:/Simon/Sync/Root/GIS/Biodiversity%20Data/obs_exotic.csv?type=csv&maxFields=10000&detectTypes=yes&xField=longitude&yField=latitude&crs=EPSG:4326&spatialIndex=no&subsetIndex=no&watchFile=no
"8488",Tanacetum parthenium,Tanacetum,parthenium,,,,exotic,unlisted,,48.878131750000001,-123.320604200000005,,NA,NA,"52033969",obs_exotic,file:///D:/Simon/Sync/Root/GIS/Biodiversity%20Data/obs_exotic.csv?type=csv&maxFields=10000&detectTypes=yes&xField=longitude&yField=latitude&crs=EPSG:4326&spatialIndex=no&subsetIndex=no&watchFile=no
"8489",Tanacetum parthenium,Tanacetum,parthenium,,,,exotic,unlisted,,48.878995000000003,-123.320396700000003,,NA,NA,"102639361",obs_exotic,file:///D:/Simon/Sync/Root/GIS/Biodiversity%20Data/obs_exotic.csv?type=csv&maxFields=10000&detectTypes=yes&xField=longitude&yField=latitude&crs=EPSG:4326&spatialIndex=no&subsetIndex=no&watchFile=no
"8490",Tanacetum vulgare,Tanacetum,vulgare,,,,exotic,unlisted,,48.999918999999998,-123.563765000000004,,NA,NA,"3680834",obs_exotic,file:///D:/Simon/Sync/Root/GIS/Biodiversity%20Data/obs_exotic.csv?type=csv&maxFields=10000&detectTypes=yes&xField=longitude&yField=latitude&crs=EPSG:4326&spatialIndex=no&subsetIndex=no&watchFile=no
"8491",Tanacetum vulgare,Tanacetum,vulgare,,,,exotic,unlisted,,48.928605910000002,-123.468363400000001,,NA,NA,"14408173",obs_exotic,file:///D:/Simon/Sync/Root/GIS/Biodiversity%20Data/obs_exotic.csv?type=csv&maxFields=10000&detectTypes=yes&xField=longitude&yField=latitude&crs=EPSG:4326&spatialIndex=no&subsetIndex=no&watchFile=no
"8492",Tanacetum vulgare,Tanacetum,vulgare,,,,exotic,unlisted,,48.993325759999998,-123.559338499999996,,NA,NA,"57128055",obs_exotic,file:///D:/Simon/Sync/Root/GIS/Biodiversity%20Data/obs_exotic.csv?type=csv&maxFields=10000&detectTypes=yes&xField=longitude&yField=latitude&crs=EPSG:4326&spatialIndex=no&subsetIndex=no&watchFile=no
"8541",Teesdalia nudicaulis,Teesdalia,nudicaulis,,,,exotic,unlisted,,48.863511670000001,-123.362228299999998,,NA,NA,"42637654",obs_exotic,file:///D:/Simon/Sync/Root/GIS/Biodiversity%20Data/obs_exotic.csv?type=csv&maxFields=10000&detectTypes=yes&xField=longitude&yField=latitude&crs=EPSG:4326&spatialIndex=no&subsetIndex=no&watchFile=no
"8542",Teesdalia nudicaulis,Teesdalia,nudicaulis,,,,exotic,unlisted,,48.914621629999999,-123.389110799999997,,NA,NA,"42682016",obs_exotic,file:///D:/Simon/Sync/Root/GIS/Biodiversity%20Data/obs_exotic.csv?type=csv&maxFields=10000&detectTypes=yes&xField=longitude&yField=latitude&crs=EPSG:4326&spatialIndex=no&subsetIndex=no&watchFile=no
"8543",Teesdalia nudicaulis,Teesdalia,nudicaulis,,,,exotic,unlisted,,49.012827780000002,-123.572874999999996,,NA,NA,"110304683",obs_exotic,file:///D:/Simon/Sync/Root/GIS/Biodiversity%20Data/obs_exotic.csv?type=csv&maxFields=10000&detectTypes=yes&xField=longitude&yField=latitude&crs=EPSG:4326&spatialIndex=no&subsetIndex=no&watchFile=no
"8582",Thlaspi arvense,Thlaspi,arvense,,,,exotic,unlisted,,48.867255520000001,-123.338356000000005,,NA,NA,"6217506",obs_exotic,file:///D:/Simon/Sync/Root/GIS/Biodiversity%20Data/obs_exotic.csv?type=csv&maxFields=10000&detectTypes=yes&xField=longitude&yField=latitude&crs=EPSG:4326&spatialIndex=no&subsetIndex=no&watchFile=no
"8583",Thlaspi arvense,Thlaspi,arvense,,,,exotic,unlisted,,48.928660319999999,-123.467960399999996,,NA,NA,"6218078",obs_exotic,file:///D:/Simon/Sync/Root/GIS/Biodiversity%20Data/obs_exotic.csv?type=csv&maxFields=10000&detectTypes=yes&xField=longitude&yField=latitude&crs=EPSG:4326&spatialIndex=no&subsetIndex=no&watchFile=no
"8760",Torilis arvensis,Torilis,arvensis,,,,exotic,unlisted,,48.867548999999997,-123.338527999999997,,NA,NA,"3351252",obs_exotic,file:///D:/Simon/Sync/Root/GIS/Biodiversity%20Data/obs_exotic.csv?type=csv&maxFields=10000&detectTypes=yes&xField=longitude&yField=latitude&crs=EPSG:4326&spatialIndex=no&subsetIndex=no&watchFile=no
"8761",Torilis arvensis,Torilis,arvensis,,,,exotic,unlisted,,48.900393950000002,-123.407017499999995,,NA,NA,"53022079",obs_exotic,file:///D:/Simon/Sync/Root/GIS/Biodiversity%20Data/obs_exotic.csv?type=csv&maxFields=10000&detectTypes=yes&xField=longitude&yField=latitude&crs=EPSG:4326&spatialIndex=no&subsetIndex=no&watchFile=no
"8762",Torilis arvensis,Torilis,arvensis,,,,exotic,unlisted,,48.971813890000000,-123.543430599999994,,NA,NA,"53064657",obs_exotic,file:///D:/Simon/Sync/Root/GIS/Biodiversity%20Data/obs_exotic.csv?type=csv&maxFields=10000&detectTypes=yes&xField=longitude&yField=latitude&crs=EPSG:4326&spatialIndex=no&subsetIndex=no&watchFile=no
"8763",Torilis arvensis,Torilis,arvensis,,,,exotic,unlisted,,48.927238510000002,-123.468517700000007,,NA,NA,"53292043",obs_exotic,file:///D:/Simon/Sync/Root/GIS/Biodiversity%20Data/obs_exotic.csv?type=csv&maxFields=10000&detectTypes=yes&xField=longitude&yField=latitude&crs=EPSG:4326&spatialIndex=no&subsetIndex=no&watchFile=no
"8764",Torilis arvensis,Torilis,arvensis,,,,exotic,unlisted,,48.927173689999996,-123.468374100000005,,NA,NA,"53379579",obs_exotic,file:///D:/Simon/Sync/Root/GIS/Biodiversity%20Data/obs_exotic.csv?type=csv&maxFields=10000&detectTypes=yes&xField=longitude&yField=latitude&crs=EPSG:4326&spatialIndex=no&subsetIndex=no&watchFile=no
"8765",Torilis arvensis,Torilis,arvensis,,,,exotic,unlisted,,48.932712649999999,-123.479224599999995,,NA,NA,"53996869",obs_exotic,file:///D:/Simon/Sync/Root/GIS/Biodiversity%20Data/obs_exotic.csv?type=csv&maxFields=10000&detectTypes=yes&xField=longitude&yField=latitude&crs=EPSG:4326&spatialIndex=no&subsetIndex=no&watchFile=no
"8766",Torilis arvensis,Torilis,arvensis,,,,exotic,unlisted,,48.875838889999997,-123.384663900000007,,NA,NA,"83738280",obs_exotic,file:///D:/Simon/Sync/Root/GIS/Biodiversity%20Data/obs_exotic.csv?type=csv&maxFields=10000&detectTypes=yes&xField=longitude&yField=latitude&crs=EPSG:4326&spatialIndex=no&subsetIndex=no&watchFile=no
"8767",Torilis arvensis,Torilis,arvensis,,,,exotic,unlisted,,48.865904999999998,-123.368044999999995,,NA,NA,"85291214",obs_exotic,file:///D:/Simon/Sync/Root/GIS/Biodiversity%20Data/obs_exotic.csv?type=csv&maxFields=10000&detectTypes=yes&xField=longitude&yField=latitude&crs=EPSG:4326&spatialIndex=no&subsetIndex=no&watchFile=no
"8768",Torilis arvensis,Torilis,arvensis,,,,exotic,unlisted,,48.864928329999998,-123.366770000000002,,NA,NA,"85291220",obs_exotic,file:///D:/Simon/Sync/Root/GIS/Biodiversity%20Data/obs_exotic.csv?type=csv&maxFields=10000&detectTypes=yes&xField=longitude&yField=latitude&crs=EPSG:4326&spatialIndex=no&subsetIndex=no&watchFile=no
"8769",Torilis arvensis,Torilis,arvensis,,,,exotic,unlisted,,48.919461669999997,-123.404336700000002,,NA,NA,"98631299",obs_exotic,file:///D:/Simon/Sync/Root/GIS/Biodiversity%20Data/obs_exotic.csv?type=csv&maxFields=10000&detectTypes=yes&xField=longitude&yField=latitude&crs=EPSG:4326&spatialIndex=no&subsetIndex=no&watchFile=no
"8770",Torilis arvensis,Torilis,arvensis,,,,exotic,unlisted,,48.929551400000001,-123.470874300000006,,NA,NA,"100274949",obs_exotic,file:///D:/Simon/Sync/Root/GIS/Biodiversity%20Data/obs_exotic.csv?type=csv&maxFields=10000&detectTypes=yes&xField=longitude&yField=latitude&crs=EPSG:4326&spatialIndex=no&subsetIndex=no&watchFile=no
"8771",Torilis arvensis,Torilis,arvensis,,,,exotic,unlisted,,48.990511669999997,-123.551135000000002,,NA,NA,"100641869",obs_exotic,file:///D:/Simon/Sync/Root/GIS/Biodiversity%20Data/obs_exotic.csv?type=csv&maxFields=10000&detectTypes=yes&xField=longitude&yField=latitude&crs=EPSG:4326&spatialIndex=no&subsetIndex=no&watchFile=no
"8772",Torilis arvensis,Torilis,arvensis,,,,exotic,unlisted,,48.910794439999997,-123.416138900000007,,NA,NA,"125219485",obs_exotic,file:///D:/Simon/Sync/Root/GIS/Biodiversity%20Data/obs_exotic.csv?type=csv&maxFields=10000&detectTypes=yes&xField=longitude&yField=latitude&crs=EPSG:4326&spatialIndex=no&subsetIndex=no&watchFile=no
"8773",Torilis japonica,Torilis,japonica,,,,exotic,unlisted,,48.929661000000003,-123.477423000000002,,NA,NA,"2563575",obs_exotic,file:///D:/Simon/Sync/Root/GIS/Biodiversity%20Data/obs_exotic.csv?type=csv&maxFields=10000&detectTypes=yes&xField=longitude&yField=latitude&crs=EPSG:4326&spatialIndex=no&subsetIndex=no&watchFile=no
"8774",Torilis japonica,Torilis,japonica,,,,exotic,unlisted,,48.923825000000001,-123.460064000000003,,NA,NA,"2625063",obs_exotic,file:///D:/Simon/Sync/Root/GIS/Biodiversity%20Data/obs_exotic.csv?type=csv&maxFields=10000&detectTypes=yes&xField=longitude&yField=latitude&crs=EPSG:4326&spatialIndex=no&subsetIndex=no&watchFile=no
"8775",Torilis japonica,Torilis,japonica,,,,exotic,unlisted,,48.915923999999997,-123.425291999999999,,NA,NA,"3340733",obs_exotic,file:///D:/Simon/Sync/Root/GIS/Biodiversity%20Data/obs_exotic.csv?type=csv&maxFields=10000&detectTypes=yes&xField=longitude&yField=latitude&crs=EPSG:4326&spatialIndex=no&subsetIndex=no&watchFile=no
"8776",Torilis japonica,Torilis,japonica,,,,exotic,unlisted,,48.870460000000001,-123.382130000000004,,NA,NA,"6665242",obs_exotic,file:///D:/Simon/Sync/Root/GIS/Biodiversity%20Data/obs_exotic.csv?type=csv&maxFields=10000&detectTypes=yes&xField=longitude&yField=latitude&crs=EPSG:4326&spatialIndex=no&subsetIndex=no&watchFile=no
"8777",Torilis japonica,Torilis,japonica,,,,exotic,unlisted,,48.876097999999999,-123.386035000000007,,NA,NA,"6817978",obs_exotic,file:///D:/Simon/Sync/Root/GIS/Biodiversity%20Data/obs_exotic.csv?type=csv&maxFields=10000&detectTypes=yes&xField=longitude&yField=latitude&crs=EPSG:4326&spatialIndex=no&subsetIndex=no&watchFile=no
"8835",Tragopogon porrifolius,Tragopogon,porrifolius,,,,exotic,unlisted,,48.896949999999997,-123.406677000000002,,NA,NA,"3310912",obs_exotic,file:///D:/Simon/Sync/Root/GIS/Biodiversity%20Data/obs_exotic.csv?type=csv&maxFields=10000&detectTypes=yes&xField=longitude&yField=latitude&crs=EPSG:4326&spatialIndex=no&subsetIndex=no&watchFile=no
"8836",Tragopogon porrifolius,Tragopogon,porrifolius,,,,exotic,unlisted,,48.898259000000003,-123.408028999999999,,NA,NA,"3498726",obs_exotic,file:///D:/Simon/Sync/Root/GIS/Biodiversity%20Data/obs_exotic.csv?type=csv&maxFields=10000&detectTypes=yes&xField=longitude&yField=latitude&crs=EPSG:4326&spatialIndex=no&subsetIndex=no&watchFile=no
"8837",Tragopogon porrifolius,Tragopogon,porrifolius,,,,exotic,unlisted,,48.898778460000003,-123.407680400000004,,NA,NA,"3700978",obs_exotic,file:///D:/Simon/Sync/Root/GIS/Biodiversity%20Data/obs_exotic.csv?type=csv&maxFields=10000&detectTypes=yes&xField=longitude&yField=latitude&crs=EPSG:4326&spatialIndex=no&subsetIndex=no&watchFile=no
"8838",Tragopogon porrifolius,Tragopogon,porrifolius,,,,exotic,unlisted,,48.898355270000003,-123.407707200000004,,NA,NA,"6434859",obs_exotic,file:///D:/Simon/Sync/Root/GIS/Biodiversity%20Data/obs_exotic.csv?type=csv&maxFields=10000&detectTypes=yes&xField=longitude&yField=latitude&crs=EPSG:4326&spatialIndex=no&subsetIndex=no&watchFile=no
"8839",Tragopogon porrifolius,Tragopogon,porrifolius,,,,exotic,unlisted,,48.898840659999998,-123.407763799999998,,NA,NA,"13026001",obs_exotic,file:///D:/Simon/Sync/Root/GIS/Biodiversity%20Data/obs_exotic.csv?type=csv&maxFields=10000&detectTypes=yes&xField=longitude&yField=latitude&crs=EPSG:4326&spatialIndex=no&subsetIndex=no&watchFile=no
"8840",Tragopogon porrifolius,Tragopogon,porrifolius,,,,exotic,unlisted,,48.898224999999996,-123.408188999999993,,NA,NA,"89033546",obs_exotic,file:///D:/Simon/Sync/Root/GIS/Biodiversity%20Data/obs_exotic.csv?type=csv&maxFields=10000&detectTypes=yes&xField=longitude&yField=latitude&crs=EPSG:4326&spatialIndex=no&subsetIndex=no&watchFile=no
"8841",Tragopogon porrifolius,Tragopogon,porrifolius,,,,exotic,unlisted,,48.898569999999999,-123.407809999999998,,NA,NA,"127183224",obs_exotic,file:///D:/Simon/Sync/Root/GIS/Biodiversity%20Data/obs_exotic.csv?type=csv&maxFields=10000&detectTypes=yes&xField=longitude&yField=latitude&crs=EPSG:4326&spatialIndex=no&subsetIndex=no&watchFile=no
"8842",Tragopogon porrifolius,Tragopogon,porrifolius,,,,exotic,unlisted,,48.898728329999997,-123.407669999999996,,NA,NA,"129590553",obs_exotic,file:///D:/Simon/Sync/Root/GIS/Biodiversity%20Data/obs_exotic.csv?type=csv&maxFields=10000&detectTypes=yes&xField=longitude&yField=latitude&crs=EPSG:4326&spatialIndex=no&subsetIndex=no&watchFile=no
"8843",Trifolium arvense,Trifolium,arvense,,,,exotic,unlisted,,49.012177999999999,-123.573918000000006,,NA,NA,"3543095",obs_exotic,file:///D:/Simon/Sync/Root/GIS/Biodiversity%20Data/obs_exotic.csv?type=csv&maxFields=10000&detectTypes=yes&xField=longitude&yField=latitude&crs=EPSG:4326&spatialIndex=no&subsetIndex=no&watchFile=no
"8844",Trifolium arvense,Trifolium,arvense,,,,exotic,unlisted,,49.013579389999997,-123.572919299999995,,NA,NA,"122904467",obs_exotic,file:///D:/Simon/Sync/Root/GIS/Biodiversity%20Data/obs_exotic.csv?type=csv&maxFields=10000&detectTypes=yes&xField=longitude&yField=latitude&crs=EPSG:4326&spatialIndex=no&subsetIndex=no&watchFile=no
"8845",Trifolium arvense,Trifolium,arvense,,,,exotic,unlisted,,49.011538330000000,-123.574236700000000,,NA,NA,"123934639",obs_exotic,file:///D:/Simon/Sync/Root/GIS/Biodiversity%20Data/obs_exotic.csv?type=csv&maxFields=10000&detectTypes=yes&xField=longitude&yField=latitude&crs=EPSG:4326&spatialIndex=no&subsetIndex=no&watchFile=no
"8846",Trifolium arvense,Trifolium,arvense,,,,exotic,unlisted,,49.012421420000003,-123.573500600000003,,NA,NA,"126694008",obs_exotic,file:///D:/Simon/Sync/Root/GIS/Biodiversity%20Data/obs_exotic.csv?type=csv&maxFields=10000&detectTypes=yes&xField=longitude&yField=latitude&crs=EPSG:4326&spatialIndex=no&subsetIndex=no&watchFile=no
"8847",Trifolium campestre,Trifolium,campestre,,,,exotic,unlisted,,48.910836089999997,-123.395243199999996,,NA,NA,"13102174",obs_exotic,file:///D:/Simon/Sync/Root/GIS/Biodiversity%20Data/obs_exotic.csv?type=csv&maxFields=10000&detectTypes=yes&xField=longitude&yField=latitude&crs=EPSG:4326&spatialIndex=no&subsetIndex=no&watchFile=no
"8848",Trifolium campestre,Trifolium,campestre,,,,exotic,unlisted,,48.897339289999998,-123.338641300000006,,NA,NA,"26288949",obs_exotic,file:///D:/Simon/Sync/Root/GIS/Biodiversity%20Data/obs_exotic.csv?type=csv&maxFields=10000&detectTypes=yes&xField=longitude&yField=latitude&crs=EPSG:4326&spatialIndex=no&subsetIndex=no&watchFile=no
"8853",Trifolium dubium,Trifolium,dubium,,,,exotic,unlisted,,48.928451000000003,-123.469055999999995,,NA,NA,"2622584",obs_exotic,file:///D:/Simon/Sync/Root/GIS/Biodiversity%20Data/obs_exotic.csv?type=csv&maxFields=10000&detectTypes=yes&xField=longitude&yField=latitude&crs=EPSG:4326&spatialIndex=no&subsetIndex=no&watchFile=no
"8854",Trifolium dubium,Trifolium,dubium,,,,exotic,unlisted,,48.916442000000004,-123.425903000000005,,NA,NA,"3190487",obs_exotic,file:///D:/Simon/Sync/Root/GIS/Biodiversity%20Data/obs_exotic.csv?type=csv&maxFields=10000&detectTypes=yes&xField=longitude&yField=latitude&crs=EPSG:4326&spatialIndex=no&subsetIndex=no&watchFile=no
"8855",Trifolium dubium,Trifolium,dubium,,,,exotic,unlisted,,48.985883999999999,-123.559541999999993,,NA,NA,"3296572",obs_exotic,file:///D:/Simon/Sync/Root/GIS/Biodiversity%20Data/obs_exotic.csv?type=csv&maxFields=10000&detectTypes=yes&xField=longitude&yField=latitude&crs=EPSG:4326&spatialIndex=no&subsetIndex=no&watchFile=no
"8856",Trifolium dubium,Trifolium,dubium,,,,exotic,unlisted,,48.896949999999997,-123.406677000000002,,NA,NA,"3311070",obs_exotic,file:///D:/Simon/Sync/Root/GIS/Biodiversity%20Data/obs_exotic.csv?type=csv&maxFields=10000&detectTypes=yes&xField=longitude&yField=latitude&crs=EPSG:4326&spatialIndex=no&subsetIndex=no&watchFile=no
"8857",Trifolium dubium,Trifolium,dubium,,,,exotic,unlisted,,48.932485999999997,-123.483839000000003,,NA,NA,"3317804",obs_exotic,file:///D:/Simon/Sync/Root/GIS/Biodiversity%20Data/obs_exotic.csv?type=csv&maxFields=10000&detectTypes=yes&xField=longitude&yField=latitude&crs=EPSG:4326&spatialIndex=no&subsetIndex=no&watchFile=no
"8858",Trifolium dubium,Trifolium,dubium,,,,exotic,unlisted,,48.930827999999998,-123.475641999999993,,NA,NA,"3329684",obs_exotic,file:///D:/Simon/Sync/Root/GIS/Biodiversity%20Data/obs_exotic.csv?type=csv&maxFields=10000&detectTypes=yes&xField=longitude&yField=latitude&crs=EPSG:4326&spatialIndex=no&subsetIndex=no&watchFile=no
"8859",Trifolium dubium,Trifolium,dubium,,,,exotic,unlisted,,48.871721000000001,-123.310760999999999,,NA,NA,"3404549",obs_exotic,file:///D:/Simon/Sync/Root/GIS/Biodiversity%20Data/obs_exotic.csv?type=csv&maxFields=10000&detectTypes=yes&xField=longitude&yField=latitude&crs=EPSG:4326&spatialIndex=no&subsetIndex=no&watchFile=no
"8860",Trifolium dubium,Trifolium,dubium,,,,exotic,unlisted,,49.012850899999997,-123.573103000000003,,NA,NA,"6309406",obs_exotic,file:///D:/Simon/Sync/Root/GIS/Biodiversity%20Data/obs_exotic.csv?type=csv&maxFields=10000&detectTypes=yes&xField=longitude&yField=latitude&crs=EPSG:4326&spatialIndex=no&subsetIndex=no&watchFile=no
"8861",Trifolium dubium,Trifolium,dubium,,,,exotic,unlisted,,48.872082300000002,-123.312289199999995,,NA,NA,"6425058",obs_exotic,file:///D:/Simon/Sync/Root/GIS/Biodiversity%20Data/obs_exotic.csv?type=csv&maxFields=10000&detectTypes=yes&xField=longitude&yField=latitude&crs=EPSG:4326&spatialIndex=no&subsetIndex=no&watchFile=no
"8862",Trifolium dubium,Trifolium,dubium,,,,exotic,unlisted,,48.900506999999998,-123.441102999999998,,NA,NA,"6505071",obs_exotic,file:///D:/Simon/Sync/Root/GIS/Biodiversity%20Data/obs_exotic.csv?type=csv&maxFields=10000&detectTypes=yes&xField=longitude&yField=latitude&crs=EPSG:4326&spatialIndex=no&subsetIndex=no&watchFile=no
"8863",Trifolium dubium,Trifolium,dubium,,,,exotic,unlisted,,48.867244999999997,-123.338282000000007,,NA,NA,"12259058",obs_exotic,file:///D:/Simon/Sync/Root/GIS/Biodiversity%20Data/obs_exotic.csv?type=csv&maxFields=10000&detectTypes=yes&xField=longitude&yField=latitude&crs=EPSG:4326&spatialIndex=no&subsetIndex=no&watchFile=no
"8864",Trifolium dubium,Trifolium,dubium,,,,exotic,unlisted,,48.898712000000003,-123.358721000000003,,NA,NA,"12344798",obs_exotic,file:///D:/Simon/Sync/Root/GIS/Biodiversity%20Data/obs_exotic.csv?type=csv&maxFields=10000&detectTypes=yes&xField=longitude&yField=latitude&crs=EPSG:4326&spatialIndex=no&subsetIndex=no&watchFile=no
"8865",Trifolium dubium,Trifolium,dubium,,,,exotic,unlisted,,48.867407739999997,-123.338571299999998,,NA,NA,"16307962",obs_exotic,file:///D:/Simon/Sync/Root/GIS/Biodiversity%20Data/obs_exotic.csv?type=csv&maxFields=10000&detectTypes=yes&xField=longitude&yField=latitude&crs=EPSG:4326&spatialIndex=no&subsetIndex=no&watchFile=no
"8866",Trifolium dubium,Trifolium,dubium,,,,exotic,unlisted,,48.893488890000000,-123.406324999999995,,NA,NA,"24701331",obs_exotic,file:///D:/Simon/Sync/Root/GIS/Biodiversity%20Data/obs_exotic.csv?type=csv&maxFields=10000&detectTypes=yes&xField=longitude&yField=latitude&crs=EPSG:4326&spatialIndex=no&subsetIndex=no&watchFile=no
"8867",Trifolium dubium,Trifolium,dubium,,,,exotic,unlisted,,48.872222510000000,-123.311399899999998,,NA,NA,"24712359",obs_exotic,file:///D:/Simon/Sync/Root/GIS/Biodiversity%20Data/obs_exotic.csv?type=csv&maxFields=10000&detectTypes=yes&xField=longitude&yField=latitude&crs=EPSG:4326&spatialIndex=no&subsetIndex=no&watchFile=no
"8868",Trifolium dubium,Trifolium,dubium,,,,exotic,unlisted,,48.872470700000001,-123.310819199999997,,NA,NA,"24715022",obs_exotic,file:///D:/Simon/Sync/Root/GIS/Biodiversity%20Data/obs_exotic.csv?type=csv&maxFields=10000&detectTypes=yes&xField=longitude&yField=latitude&crs=EPSG:4326&spatialIndex=no&subsetIndex=no&watchFile=no
"8869",Trifolium dubium,Trifolium,dubium,,,,exotic,unlisted,,48.871544440000001,-123.311638900000005,,NA,NA,"24806481",obs_exotic,file:///D:/Simon/Sync/Root/GIS/Biodiversity%20Data/obs_exotic.csv?type=csv&maxFields=10000&detectTypes=yes&xField=longitude&yField=latitude&crs=EPSG:4326&spatialIndex=no&subsetIndex=no&watchFile=no
"8870",Trifolium dubium,Trifolium,dubium,,,,exotic,unlisted,,48.893700000000003,-123.403475000000000,,NA,NA,"24873211",obs_exotic,file:///D:/Simon/Sync/Root/GIS/Biodiversity%20Data/obs_exotic.csv?type=csv&maxFields=10000&detectTypes=yes&xField=longitude&yField=latitude&crs=EPSG:4326&spatialIndex=no&subsetIndex=no&watchFile=no
"8871",Trifolium dubium,Trifolium,dubium,,,,exotic,unlisted,,48.872513890000000,-123.310822200000004,,NA,NA,"25048288",obs_exotic,file:///D:/Simon/Sync/Root/GIS/Biodiversity%20Data/obs_exotic.csv?type=csv&maxFields=10000&detectTypes=yes&xField=longitude&yField=latitude&crs=EPSG:4326&spatialIndex=no&subsetIndex=no&watchFile=no
"8872",Trifolium dubium,Trifolium,dubium,,,,exotic,unlisted,,48.867111670000000,-123.375794999999997,,NA,NA,"25148298",obs_exotic,file:///D:/Simon/Sync/Root/GIS/Biodiversity%20Data/obs_exotic.csv?type=csv&maxFields=10000&detectTypes=yes&xField=longitude&yField=latitude&crs=EPSG:4326&spatialIndex=no&subsetIndex=no&watchFile=no
"8873",Trifolium dubium,Trifolium,dubium,,,,exotic,unlisted,,48.872435619999997,-123.310806299999996,,NA,NA,"25199565",obs_exotic,file:///D:/Simon/Sync/Root/GIS/Biodiversity%20Data/obs_exotic.csv?type=csv&maxFields=10000&detectTypes=yes&xField=longitude&yField=latitude&crs=EPSG:4326&spatialIndex=no&subsetIndex=no&watchFile=no
"8874",Trifolium dubium,Trifolium,dubium,,,,exotic,unlisted,,48.951836929999999,-123.516617900000000,,NA,NA,"26374322",obs_exotic,file:///D:/Simon/Sync/Root/GIS/Biodiversity%20Data/obs_exotic.csv?type=csv&maxFields=10000&detectTypes=yes&xField=longitude&yField=latitude&crs=EPSG:4326&spatialIndex=no&subsetIndex=no&watchFile=no
"8875",Trifolium dubium,Trifolium,dubium,,,,exotic,unlisted,,48.897111670000001,-123.405349999999999,,NA,NA,"32119765",obs_exotic,file:///D:/Simon/Sync/Root/GIS/Biodiversity%20Data/obs_exotic.csv?type=csv&maxFields=10000&detectTypes=yes&xField=longitude&yField=latitude&crs=EPSG:4326&spatialIndex=no&subsetIndex=no&watchFile=no
"8876",Trifolium dubium,Trifolium,dubium,,,,exotic,unlisted,,48.871522960000000,-123.320969500000004,,NA,NA,"45205057",obs_exotic,file:///D:/Simon/Sync/Root/GIS/Biodiversity%20Data/obs_exotic.csv?type=csv&maxFields=10000&detectTypes=yes&xField=longitude&yField=latitude&crs=EPSG:4326&spatialIndex=no&subsetIndex=no&watchFile=no
"8877",Trifolium dubium,Trifolium,dubium,,,,exotic,unlisted,,48.897399999999998,-123.339338299999994,,NA,NA,"47163481",obs_exotic,file:///D:/Simon/Sync/Root/GIS/Biodiversity%20Data/obs_exotic.csv?type=csv&maxFields=10000&detectTypes=yes&xField=longitude&yField=latitude&crs=EPSG:4326&spatialIndex=no&subsetIndex=no&watchFile=no
"8878",Trifolium dubium,Trifolium,dubium,,,,exotic,unlisted,,48.928767180000001,-123.469048299999997,,NA,NA,"54691899",obs_exotic,file:///D:/Simon/Sync/Root/GIS/Biodiversity%20Data/obs_exotic.csv?type=csv&maxFields=10000&detectTypes=yes&xField=longitude&yField=latitude&crs=EPSG:4326&spatialIndex=no&subsetIndex=no&watchFile=no
"8879",Trifolium dubium,Trifolium,dubium,,,,exotic,unlisted,,48.867383330000003,-123.337331699999993,,NA,NA,"83098053",obs_exotic,file:///D:/Simon/Sync/Root/GIS/Biodiversity%20Data/obs_exotic.csv?type=csv&maxFields=10000&detectTypes=yes&xField=longitude&yField=latitude&crs=EPSG:4326&spatialIndex=no&subsetIndex=no&watchFile=no
"8880",Trifolium dubium,Trifolium,dubium,,,,exotic,unlisted,,48.948533329999997,-123.502371699999998,,NA,NA,"90751943",obs_exotic,file:///D:/Simon/Sync/Root/GIS/Biodiversity%20Data/obs_exotic.csv?type=csv&maxFields=10000&detectTypes=yes&xField=longitude&yField=latitude&crs=EPSG:4326&spatialIndex=no&subsetIndex=no&watchFile=no
"8881",Trifolium dubium,Trifolium,dubium,,,,exotic,unlisted,,48.998586809999999,-123.587992499999999,,NA,NA,"118443625",obs_exotic,file:///D:/Simon/Sync/Root/GIS/Biodiversity%20Data/obs_exotic.csv?type=csv&maxFields=10000&detectTypes=yes&xField=longitude&yField=latitude&crs=EPSG:4326&spatialIndex=no&subsetIndex=no&watchFile=no
"8882",Trifolium dubium,Trifolium,dubium,,,,exotic,unlisted,,48.871605000000002,-123.311493299999995,,NA,NA,"119369427",obs_exotic,file:///D:/Simon/Sync/Root/GIS/Biodiversity%20Data/obs_exotic.csv?type=csv&maxFields=10000&detectTypes=yes&xField=longitude&yField=latitude&crs=EPSG:4326&spatialIndex=no&subsetIndex=no&watchFile=no
"8883",Trifolium dubium,Trifolium,dubium,,,,exotic,unlisted,,48.897354999999997,-123.338628299999996,,NA,NA,"120494797",obs_exotic,file:///D:/Simon/Sync/Root/GIS/Biodiversity%20Data/obs_exotic.csv?type=csv&maxFields=10000&detectTypes=yes&xField=longitude&yField=latitude&crs=EPSG:4326&spatialIndex=no&subsetIndex=no&watchFile=no
"8884",Trifolium dubium,Trifolium,dubium,,,,exotic,unlisted,,48.909372529999999,-123.371700000000004,,NA,NA,"120565739",obs_exotic,file:///D:/Simon/Sync/Root/GIS/Biodiversity%20Data/obs_exotic.csv?type=csv&maxFields=10000&detectTypes=yes&xField=longitude&yField=latitude&crs=EPSG:4326&spatialIndex=no&subsetIndex=no&watchFile=no
"8885",Trifolium dubium,Trifolium,dubium,,,,exotic,unlisted,,48.931472220000003,-123.476769399999995,,NA,NA,"120618102",obs_exotic,file:///D:/Simon/Sync/Root/GIS/Biodiversity%20Data/obs_exotic.csv?type=csv&maxFields=10000&detectTypes=yes&xField=longitude&yField=latitude&crs=EPSG:4326&spatialIndex=no&subsetIndex=no&watchFile=no
"8886",Trifolium dubium,Trifolium,dubium,,,,exotic,unlisted,,49.012281670000000,-123.574709999999996,,NA,NA,"123934473",obs_exotic,file:///D:/Simon/Sync/Root/GIS/Biodiversity%20Data/obs_exotic.csv?type=csv&maxFields=10000&detectTypes=yes&xField=longitude&yField=latitude&crs=EPSG:4326&spatialIndex=no&subsetIndex=no&watchFile=no
"8887",Trifolium dubium,Trifolium,dubium,,,,exotic,unlisted,,48.994563329999998,-123.583588300000002,,NA,NA,"124510845",obs_exotic,file:///D:/Simon/Sync/Root/GIS/Biodiversity%20Data/obs_exotic.csv?type=csv&maxFields=10000&detectTypes=yes&xField=longitude&yField=latitude&crs=EPSG:4326&spatialIndex=no&subsetIndex=no&watchFile=no
"8888",Trifolium dubium,Trifolium,dubium,,,,exotic,unlisted,,48.871658330000002,-123.312079999999995,,NA,NA,"129444246",obs_exotic,file:///D:/Simon/Sync/Root/GIS/Biodiversity%20Data/obs_exotic.csv?type=csv&maxFields=10000&detectTypes=yes&xField=longitude&yField=latitude&crs=EPSG:4326&spatialIndex=no&subsetIndex=no&watchFile=no
"8889",Trifolium dubium,Trifolium,dubium,,,,exotic,unlisted,,48.870841669999997,-123.319221700000000,,NA,NA,"130426446",obs_exotic,file:///D:/Simon/Sync/Root/GIS/Biodiversity%20Data/obs_exotic.csv?type=csv&maxFields=10000&detectTypes=yes&xField=longitude&yField=latitude&crs=EPSG:4326&spatialIndex=no&subsetIndex=no&watchFile=no
"8890",Trifolium dubium,Trifolium,dubium,,,,exotic,unlisted,,48.898319999999998,-123.402786699999993,,NA,NA,"137485222",obs_exotic,file:///D:/Simon/Sync/Root/GIS/Biodiversity%20Data/obs_exotic.csv?type=csv&maxFields=10000&detectTypes=yes&xField=longitude&yField=latitude&crs=EPSG:4326&spatialIndex=no&subsetIndex=no&watchFile=no
"8891",Trifolium glomeratum,Trifolium,glomeratum,,,,exotic,unlisted,,48.900310830000002,-123.406890300000001,,NA,NA,"48091413",obs_exotic,file:///D:/Simon/Sync/Root/GIS/Biodiversity%20Data/obs_exotic.csv?type=csv&maxFields=10000&detectTypes=yes&xField=longitude&yField=latitude&crs=EPSG:4326&spatialIndex=no&subsetIndex=no&watchFile=no
"8892",Trifolium glomeratum,Trifolium,glomeratum,,,,exotic,unlisted,,48.866360000000000,-123.350888299999994,,NA,NA,"121538569",obs_exotic,file:///D:/Simon/Sync/Root/GIS/Biodiversity%20Data/obs_exotic.csv?type=csv&maxFields=10000&detectTypes=yes&xField=longitude&yField=latitude&crs=EPSG:4326&spatialIndex=no&subsetIndex=no&watchFile=no
"8893",Trifolium hybridum,Trifolium,hybridum,,,,exotic,unlisted,,48.940010229999999,-123.491779699999995,,NA,NA,"15604523",obs_exotic,file:///D:/Simon/Sync/Root/GIS/Biodiversity%20Data/obs_exotic.csv?type=csv&maxFields=10000&detectTypes=yes&xField=longitude&yField=latitude&crs=EPSG:4326&spatialIndex=no&subsetIndex=no&watchFile=no
"8894",Trifolium hybridum,Trifolium,hybridum,,,,exotic,unlisted,,48.864731669999998,-123.364071699999997,,NA,NA,"85291243",obs_exotic,file:///D:/Simon/Sync/Root/GIS/Biodiversity%20Data/obs_exotic.csv?type=csv&maxFields=10000&detectTypes=yes&xField=longitude&yField=latitude&crs=EPSG:4326&spatialIndex=no&subsetIndex=no&watchFile=no
"8895",Trifolium hybridum,Trifolium,hybridum,,,,exotic,unlisted,,48.870696670000001,-123.318550000000002,,NA,NA,"130438072",obs_exotic,file:///D:/Simon/Sync/Root/GIS/Biodiversity%20Data/obs_exotic.csv?type=csv&maxFields=10000&detectTypes=yes&xField=longitude&yField=latitude&crs=EPSG:4326&spatialIndex=no&subsetIndex=no&watchFile=no
"8896",Trifolium incarnatum,Trifolium,incarnatum,,,,exotic,unlisted,,48.872722000000003,-123.370444000000006,,NA,NA,"13031888",obs_exotic,file:///D:/Simon/Sync/Root/GIS/Biodiversity%20Data/obs_exotic.csv?type=csv&maxFields=10000&detectTypes=yes&xField=longitude&yField=latitude&crs=EPSG:4326&spatialIndex=no&subsetIndex=no&watchFile=no
"8897",Trifolium incarnatum,Trifolium,incarnatum,,,,exotic,unlisted,,48.933046670000003,-123.479278300000004,,NA,NA,"45848761",obs_exotic,file:///D:/Simon/Sync/Root/GIS/Biodiversity%20Data/obs_exotic.csv?type=csv&maxFields=10000&detectTypes=yes&xField=longitude&yField=latitude&crs=EPSG:4326&spatialIndex=no&subsetIndex=no&watchFile=no
"8898",Trifolium incarnatum,Trifolium,incarnatum,,,,exotic,unlisted,,48.932205000000003,-123.479271699999998,,NA,NA,"121921218",obs_exotic,file:///D:/Simon/Sync/Root/GIS/Biodiversity%20Data/obs_exotic.csv?type=csv&maxFields=10000&detectTypes=yes&xField=longitude&yField=latitude&crs=EPSG:4326&spatialIndex=no&subsetIndex=no&watchFile=no
"8899",Trifolium incarnatum,Trifolium,incarnatum,,,,exotic,unlisted,,48.867550000000001,-123.339163299999996,,NA,NA,"121932943",obs_exotic,file:///D:/Simon/Sync/Root/GIS/Biodiversity%20Data/obs_exotic.csv?type=csv&maxFields=10000&detectTypes=yes&xField=longitude&yField=latitude&crs=EPSG:4326&spatialIndex=no&subsetIndex=no&watchFile=no
"8961",Trifolium pratense,Trifolium,pratense,,,,exotic,unlisted,,48.929718000000001,-123.467617000000004,,NA,NA,"2663792",obs_exotic,file:///D:/Simon/Sync/Root/GIS/Biodiversity%20Data/obs_exotic.csv?type=csv&maxFields=10000&detectTypes=yes&xField=longitude&yField=latitude&crs=EPSG:4326&spatialIndex=no&subsetIndex=no&watchFile=no
"8962",Trifolium pratense,Trifolium,pratense,,,,exotic,unlisted,,48.892758000000001,-123.390733999999995,,NA,NA,"3493477",obs_exotic,file:///D:/Simon/Sync/Root/GIS/Biodiversity%20Data/obs_exotic.csv?type=csv&maxFields=10000&detectTypes=yes&xField=longitude&yField=latitude&crs=EPSG:4326&spatialIndex=no&subsetIndex=no&watchFile=no
"8963",Trifolium pratense,Trifolium,pratense,,,,exotic,unlisted,,48.992375310000000,-123.575098499999996,,NA,NA,"4005344",obs_exotic,file:///D:/Simon/Sync/Root/GIS/Biodiversity%20Data/obs_exotic.csv?type=csv&maxFields=10000&detectTypes=yes&xField=longitude&yField=latitude&crs=EPSG:4326&spatialIndex=no&subsetIndex=no&watchFile=no
"8964",Trifolium pratense,Trifolium,pratense,,,,exotic,unlisted,,48.939655999999999,-123.491827000000001,,NA,NA,"13167257",obs_exotic,file:///D:/Simon/Sync/Root/GIS/Biodiversity%20Data/obs_exotic.csv?type=csv&maxFields=10000&detectTypes=yes&xField=longitude&yField=latitude&crs=EPSG:4326&spatialIndex=no&subsetIndex=no&watchFile=no
"8965",Trifolium pratense,Trifolium,pratense,,,,exotic,unlisted,,48.972943870000002,-123.561283900000006,,NA,NA,"13307412",obs_exotic,file:///D:/Simon/Sync/Root/GIS/Biodiversity%20Data/obs_exotic.csv?type=csv&maxFields=10000&detectTypes=yes&xField=longitude&yField=latitude&crs=EPSG:4326&spatialIndex=no&subsetIndex=no&watchFile=no
"8966",Trifolium pratense,Trifolium,pratense,,,,exotic,unlisted,,48.890666670000002,-123.375100000000003,,NA,NA,"14276626",obs_exotic,file:///D:/Simon/Sync/Root/GIS/Biodiversity%20Data/obs_exotic.csv?type=csv&maxFields=10000&detectTypes=yes&xField=longitude&yField=latitude&crs=EPSG:4326&spatialIndex=no&subsetIndex=no&watchFile=no
"8967",Trifolium pratense,Trifolium,pratense,,,,exotic,unlisted,,48.983658740000003,-123.568015299999999,,NA,NA,"14503135",obs_exotic,file:///D:/Simon/Sync/Root/GIS/Biodiversity%20Data/obs_exotic.csv?type=csv&maxFields=10000&detectTypes=yes&xField=longitude&yField=latitude&crs=EPSG:4326&spatialIndex=no&subsetIndex=no&watchFile=no
"8968",Trifolium pratense,Trifolium,pratense,,,,exotic,unlisted,,48.870769439999997,-123.321091699999997,,NA,NA,"17906788",obs_exotic,file:///D:/Simon/Sync/Root/GIS/Biodiversity%20Data/obs_exotic.csv?type=csv&maxFields=10000&detectTypes=yes&xField=longitude&yField=latitude&crs=EPSG:4326&spatialIndex=no&subsetIndex=no&watchFile=no
"8969",Trifolium pratense,Trifolium,pratense,,,,exotic,unlisted,,48.877091970000002,-123.351721400000002,,NA,NA,"57224184",obs_exotic,file:///D:/Simon/Sync/Root/GIS/Biodiversity%20Data/obs_exotic.csv?type=csv&maxFields=10000&detectTypes=yes&xField=longitude&yField=latitude&crs=EPSG:4326&spatialIndex=no&subsetIndex=no&watchFile=no
"8970",Trifolium pratense,Trifolium,pratense,,,,exotic,unlisted,,48.946653329999997,-123.497344999999996,,NA,NA,"83099623",obs_exotic,file:///D:/Simon/Sync/Root/GIS/Biodiversity%20Data/obs_exotic.csv?type=csv&maxFields=10000&detectTypes=yes&xField=longitude&yField=latitude&crs=EPSG:4326&spatialIndex=no&subsetIndex=no&watchFile=no
"8971",Trifolium pratense,Trifolium,pratense,,,,exotic,unlisted,,48.865982700000004,-123.350937099999996,,NA,NA,"83596914",obs_exotic,file:///D:/Simon/Sync/Root/GIS/Biodiversity%20Data/obs_exotic.csv?type=csv&maxFields=10000&detectTypes=yes&xField=longitude&yField=latitude&crs=EPSG:4326&spatialIndex=no&subsetIndex=no&watchFile=no
"8972",Trifolium pratense,Trifolium,pratense,,,,exotic,unlisted,,48.929478330000002,-123.475044999999994,,NA,NA,"84499670",obs_exotic,file:///D:/Simon/Sync/Root/GIS/Biodiversity%20Data/obs_exotic.csv?type=csv&maxFields=10000&detectTypes=yes&xField=longitude&yField=latitude&crs=EPSG:4326&spatialIndex=no&subsetIndex=no&watchFile=no
"8973",Trifolium pratense,Trifolium,pratense,,,,exotic,unlisted,,48.929386780000002,-123.475424099999998,,NA,NA,"123036674",obs_exotic,file:///D:/Simon/Sync/Root/GIS/Biodiversity%20Data/obs_exotic.csv?type=csv&maxFields=10000&detectTypes=yes&xField=longitude&yField=latitude&crs=EPSG:4326&spatialIndex=no&subsetIndex=no&watchFile=no
"8974",Trifolium pratense,Trifolium,pratense,,,,exotic,unlisted,,48.995208300000002,-123.584097099999994,,NA,NA,"124067919",obs_exotic,file:///D:/Simon/Sync/Root/GIS/Biodiversity%20Data/obs_exotic.csv?type=csv&maxFields=10000&detectTypes=yes&xField=longitude&yField=latitude&crs=EPSG:4326&spatialIndex=no&subsetIndex=no&watchFile=no
"8975",Trifolium pratense,Trifolium,pratense,,,,exotic,unlisted,,48.994366669999998,-123.583488299999999,,NA,NA,"124510590",obs_exotic,file:///D:/Simon/Sync/Root/GIS/Biodiversity%20Data/obs_exotic.csv?type=csv&maxFields=10000&detectTypes=yes&xField=longitude&yField=latitude&crs=EPSG:4326&spatialIndex=no&subsetIndex=no&watchFile=no
"8976",Trifolium pratense,Trifolium,pratense,,,,exotic,unlisted,,48.993580000000001,-123.582480000000004,,NA,NA,"129717426",obs_exotic,file:///D:/Simon/Sync/Root/GIS/Biodiversity%20Data/obs_exotic.csv?type=csv&maxFields=10000&detectTypes=yes&xField=longitude&yField=latitude&crs=EPSG:4326&spatialIndex=no&subsetIndex=no&watchFile=no
"8977",Trifolium pratense,Trifolium,pratense,,,,exotic,unlisted,,48.870361000000003,-123.318906999999996,,NA,NA,"132184709",obs_exotic,file:///D:/Simon/Sync/Root/GIS/Biodiversity%20Data/obs_exotic.csv?type=csv&maxFields=10000&detectTypes=yes&xField=longitude&yField=latitude&crs=EPSG:4326&spatialIndex=no&subsetIndex=no&watchFile=no
"8978",Trifolium pratense,Trifolium,pratense,,,,exotic,unlisted,,48.870665000000002,-123.318749999999994,,NA,NA,"133368654",obs_exotic,file:///D:/Simon/Sync/Root/GIS/Biodiversity%20Data/obs_exotic.csv?type=csv&maxFields=10000&detectTypes=yes&xField=longitude&yField=latitude&crs=EPSG:4326&spatialIndex=no&subsetIndex=no&watchFile=no
"8979",Trifolium repens,Trifolium,repens,,,,exotic,unlisted,,48.930593999999999,-123.474892999999994,,NA,NA,"2621686",obs_exotic,file:///D:/Simon/Sync/Root/GIS/Biodiversity%20Data/obs_exotic.csv?type=csv&maxFields=10000&detectTypes=yes&xField=longitude&yField=latitude&crs=EPSG:4326&spatialIndex=no&subsetIndex=no&watchFile=no
"8980",Trifolium repens,Trifolium,repens,,,,exotic,unlisted,,48.928910000000002,-123.469684000000001,,NA,NA,"2632639",obs_exotic,file:///D:/Simon/Sync/Root/GIS/Biodiversity%20Data/obs_exotic.csv?type=csv&maxFields=10000&detectTypes=yes&xField=longitude&yField=latitude&crs=EPSG:4326&spatialIndex=no&subsetIndex=no&watchFile=no
"8981",Trifolium repens,Trifolium,repens,,,,exotic,unlisted,,48.915923999999997,-123.425291999999999,,NA,NA,"3340411",obs_exotic,file:///D:/Simon/Sync/Root/GIS/Biodiversity%20Data/obs_exotic.csv?type=csv&maxFields=10000&detectTypes=yes&xField=longitude&yField=latitude&crs=EPSG:4326&spatialIndex=no&subsetIndex=no&watchFile=no
"8982",Trifolium repens,Trifolium,repens,,,,exotic,unlisted,,48.869691000000003,-123.319361999999998,,NA,NA,"13030205",obs_exotic,file:///D:/Simon/Sync/Root/GIS/Biodiversity%20Data/obs_exotic.csv?type=csv&maxFields=10000&detectTypes=yes&xField=longitude&yField=latitude&crs=EPSG:4326&spatialIndex=no&subsetIndex=no&watchFile=no
"8983",Trifolium repens,Trifolium,repens,,,,exotic,unlisted,,48.940199000000000,-123.492677000000000,,NA,NA,"13166856",obs_exotic,file:///D:/Simon/Sync/Root/GIS/Biodiversity%20Data/obs_exotic.csv?type=csv&maxFields=10000&detectTypes=yes&xField=longitude&yField=latitude&crs=EPSG:4326&spatialIndex=no&subsetIndex=no&watchFile=no
"8984",Trifolium repens,Trifolium,repens,,,,exotic,unlisted,,48.870355560000000,-123.319733299999996,,NA,NA,"13981242",obs_exotic,file:///D:/Simon/Sync/Root/GIS/Biodiversity%20Data/obs_exotic.csv?type=csv&maxFields=10000&detectTypes=yes&xField=longitude&yField=latitude&crs=EPSG:4326&spatialIndex=no&subsetIndex=no&watchFile=no
"8985",Trifolium repens,Trifolium,repens,,,,exotic,unlisted,,48.928249999999998,-123.444846699999999,,NA,NA,"14276848",obs_exotic,file:///D:/Simon/Sync/Root/GIS/Biodiversity%20Data/obs_exotic.csv?type=csv&maxFields=10000&detectTypes=yes&xField=longitude&yField=latitude&crs=EPSG:4326&spatialIndex=no&subsetIndex=no&watchFile=no
"8986",Trifolium repens,Trifolium,repens,,,,exotic,unlisted,,48.983688930000000,-123.567987799999997,,NA,NA,"14282403",obs_exotic,file:///D:/Simon/Sync/Root/GIS/Biodiversity%20Data/obs_exotic.csv?type=csv&maxFields=10000&detectTypes=yes&xField=longitude&yField=latitude&crs=EPSG:4326&spatialIndex=no&subsetIndex=no&watchFile=no
"8987",Trifolium repens,Trifolium,repens,,,,exotic,unlisted,,48.992062660000002,-123.570159300000000,,NA,NA,"14282408",obs_exotic,file:///D:/Simon/Sync/Root/GIS/Biodiversity%20Data/obs_exotic.csv?type=csv&maxFields=10000&detectTypes=yes&xField=longitude&yField=latitude&crs=EPSG:4326&spatialIndex=no&subsetIndex=no&watchFile=no
"8988",Trifolium repens,Trifolium,repens,,,,exotic,unlisted,,48.930198420000004,-123.467144399999995,,NA,NA,"52922119",obs_exotic,file:///D:/Simon/Sync/Root/GIS/Biodiversity%20Data/obs_exotic.csv?type=csv&maxFields=10000&detectTypes=yes&xField=longitude&yField=latitude&crs=EPSG:4326&spatialIndex=no&subsetIndex=no&watchFile=no
"8989",Trifolium repens,Trifolium,repens,,,,exotic,unlisted,,48.932053860000003,-123.479245100000000,,NA,NA,"53389200",obs_exotic,file:///D:/Simon/Sync/Root/GIS/Biodiversity%20Data/obs_exotic.csv?type=csv&maxFields=10000&detectTypes=yes&xField=longitude&yField=latitude&crs=EPSG:4326&spatialIndex=no&subsetIndex=no&watchFile=no
"8990",Trifolium repens,Trifolium,repens,,,,exotic,unlisted,,48.928619660000003,-123.468926199999999,,NA,NA,"54689779",obs_exotic,file:///D:/Simon/Sync/Root/GIS/Biodiversity%20Data/obs_exotic.csv?type=csv&maxFields=10000&detectTypes=yes&xField=longitude&yField=latitude&crs=EPSG:4326&spatialIndex=no&subsetIndex=no&watchFile=no
"8991",Trifolium repens,Trifolium,repens,,,,exotic,unlisted,,48.865977450000003,-123.350939800000006,,NA,NA,"83596908",obs_exotic,file:///D:/Simon/Sync/Root/GIS/Biodiversity%20Data/obs_exotic.csv?type=csv&maxFields=10000&detectTypes=yes&xField=longitude&yField=latitude&crs=EPSG:4326&spatialIndex=no&subsetIndex=no&watchFile=no
"8992",Trifolium repens,Trifolium,repens,,,,exotic,unlisted,,48.928180330000004,-123.465884299999999,,NA,NA,"84582429",obs_exotic,file:///D:/Simon/Sync/Root/GIS/Biodiversity%20Data/obs_exotic.csv?type=csv&maxFields=10000&detectTypes=yes&xField=longitude&yField=latitude&crs=EPSG:4326&spatialIndex=no&subsetIndex=no&watchFile=no
"8993",Trifolium repens,Trifolium,repens,,,,exotic,unlisted,,48.872925000000002,-123.315946699999998,,NA,NA,"119369468",obs_exotic,file:///D:/Simon/Sync/Root/GIS/Biodiversity%20Data/obs_exotic.csv?type=csv&maxFields=10000&detectTypes=yes&xField=longitude&yField=latitude&crs=EPSG:4326&spatialIndex=no&subsetIndex=no&watchFile=no
"8994",Trifolium repens,Trifolium,repens,,,,exotic,unlisted,,48.931452780000001,-123.474525000000000,,NA,NA,"120618117",obs_exotic,file:///D:/Simon/Sync/Root/GIS/Biodiversity%20Data/obs_exotic.csv?type=csv&maxFields=10000&detectTypes=yes&xField=longitude&yField=latitude&crs=EPSG:4326&spatialIndex=no&subsetIndex=no&watchFile=no
"8995",Trifolium repens,Trifolium,repens,,,,exotic,unlisted,,48.994892210000003,-123.583811999999995,,NA,NA,"124067927",obs_exotic,file:///D:/Simon/Sync/Root/GIS/Biodiversity%20Data/obs_exotic.csv?type=csv&maxFields=10000&detectTypes=yes&xField=longitude&yField=latitude&crs=EPSG:4326&spatialIndex=no&subsetIndex=no&watchFile=no
"8996",Trifolium repens,Trifolium,repens,,,,exotic,unlisted,,48.952898339999997,-123.520927700000001,,NA,NA,"126553753",obs_exotic,file:///D:/Simon/Sync/Root/GIS/Biodiversity%20Data/obs_exotic.csv?type=csv&maxFields=10000&detectTypes=yes&xField=longitude&yField=latitude&crs=EPSG:4326&spatialIndex=no&subsetIndex=no&watchFile=no
"8997",Trifolium striatum,Trifolium,striatum,,,,exotic,unlisted,,48.897668330000002,-123.339855000000000,,NA,NA,"120494853",obs_exotic,file:///D:/Simon/Sync/Root/GIS/Biodiversity%20Data/obs_exotic.csv?type=csv&maxFields=10000&detectTypes=yes&xField=longitude&yField=latitude&crs=EPSG:4326&spatialIndex=no&subsetIndex=no&watchFile=no
"8998",Trifolium striatum,Trifolium,striatum,,,,exotic,unlisted,,48.868719779999999,-123.345790699999995,,NA,NA,"120889607",obs_exotic,file:///D:/Simon/Sync/Root/GIS/Biodiversity%20Data/obs_exotic.csv?type=csv&maxFields=10000&detectTypes=yes&xField=longitude&yField=latitude&crs=EPSG:4326&spatialIndex=no&subsetIndex=no&watchFile=no
"8999",Trifolium striatum,Trifolium,striatum,,,,exotic,unlisted,,48.866931670000000,-123.319396699999999,,NA,NA,"122258293",obs_exotic,file:///D:/Simon/Sync/Root/GIS/Biodiversity%20Data/obs_exotic.csv?type=csv&maxFields=10000&detectTypes=yes&xField=longitude&yField=latitude&crs=EPSG:4326&spatialIndex=no&subsetIndex=no&watchFile=no
"9000",Trifolium subterraneum,Trifolium,subterraneum,,,,exotic,unlisted,,48.897279910000002,-123.338557699999996,,NA,NA,"6154854",obs_exotic,file:///D:/Simon/Sync/Root/GIS/Biodiversity%20Data/obs_exotic.csv?type=csv&maxFields=10000&detectTypes=yes&xField=longitude&yField=latitude&crs=EPSG:4326&spatialIndex=no&subsetIndex=no&watchFile=no
"9001",Trifolium subterraneum,Trifolium,subterraneum,,,,exotic,unlisted,,48.876460000000002,-123.325912000000002,,NA,NA,"12152374",obs_exotic,file:///D:/Simon/Sync/Root/GIS/Biodiversity%20Data/obs_exotic.csv?type=csv&maxFields=10000&detectTypes=yes&xField=longitude&yField=latitude&crs=EPSG:4326&spatialIndex=no&subsetIndex=no&watchFile=no
"9002",Trifolium subterraneum,Trifolium,subterraneum,,,,exotic,unlisted,,48.940199000000000,-123.492677000000000,,NA,NA,"13166702",obs_exotic,file:///D:/Simon/Sync/Root/GIS/Biodiversity%20Data/obs_exotic.csv?type=csv&maxFields=10000&detectTypes=yes&xField=longitude&yField=latitude&crs=EPSG:4326&spatialIndex=no&subsetIndex=no&watchFile=no
"9003",Trifolium subterraneum,Trifolium,subterraneum,,,,exotic,unlisted,,48.895241669999997,-123.409875000000000,,NA,NA,"24701343",obs_exotic,file:///D:/Simon/Sync/Root/GIS/Biodiversity%20Data/obs_exotic.csv?type=csv&maxFields=10000&detectTypes=yes&xField=longitude&yField=latitude&crs=EPSG:4326&spatialIndex=no&subsetIndex=no&watchFile=no
"9004",Trifolium subterraneum,Trifolium,subterraneum,,,,exotic,unlisted,,48.872549999999997,-123.312783300000007,,NA,NA,"25048283",obs_exotic,file:///D:/Simon/Sync/Root/GIS/Biodiversity%20Data/obs_exotic.csv?type=csv&maxFields=10000&detectTypes=yes&xField=longitude&yField=latitude&crs=EPSG:4326&spatialIndex=no&subsetIndex=no&watchFile=no
"9005",Trifolium subterraneum,Trifolium,subterraneum,,,,exotic,unlisted,,48.895388890000000,-123.409880599999994,,NA,NA,"25655029",obs_exotic,file:///D:/Simon/Sync/Root/GIS/Biodiversity%20Data/obs_exotic.csv?type=csv&maxFields=10000&detectTypes=yes&xField=longitude&yField=latitude&crs=EPSG:4326&spatialIndex=no&subsetIndex=no&watchFile=no
"9006",Trifolium subterraneum,Trifolium,subterraneum,,,,exotic,unlisted,,48.878257869999999,-123.316923399999993,,NA,NA,"42682054",obs_exotic,file:///D:/Simon/Sync/Root/GIS/Biodiversity%20Data/obs_exotic.csv?type=csv&maxFields=10000&detectTypes=yes&xField=longitude&yField=latitude&crs=EPSG:4326&spatialIndex=no&subsetIndex=no&watchFile=no
"9007",Trifolium subterraneum,Trifolium,subterraneum,,,,exotic,unlisted,,48.866862410000003,-123.350536700000006,,NA,NA,"43555501",obs_exotic,file:///D:/Simon/Sync/Root/GIS/Biodiversity%20Data/obs_exotic.csv?type=csv&maxFields=10000&detectTypes=yes&xField=longitude&yField=latitude&crs=EPSG:4326&spatialIndex=no&subsetIndex=no&watchFile=no
"9008",Trifolium subterraneum,Trifolium,subterraneum,,,,exotic,unlisted,,48.897412269999997,-123.338576000000003,,NA,NA,"120494794",obs_exotic,file:///D:/Simon/Sync/Root/GIS/Biodiversity%20Data/obs_exotic.csv?type=csv&maxFields=10000&detectTypes=yes&xField=longitude&yField=latitude&crs=EPSG:4326&spatialIndex=no&subsetIndex=no&watchFile=no
"9009",Trifolium subterraneum,Trifolium,subterraneum,,,,exotic,unlisted,,48.897579999999998,-123.339696700000005,,NA,NA,"120494852",obs_exotic,file:///D:/Simon/Sync/Root/GIS/Biodiversity%20Data/obs_exotic.csv?type=csv&maxFields=10000&detectTypes=yes&xField=longitude&yField=latitude&crs=EPSG:4326&spatialIndex=no&subsetIndex=no&watchFile=no
"9245",Typha angustifolia,Typha,angustifolia,,,,exotic,unlisted,,48.948576000000003,-123.502647999999994,,NA,NA,"2583333",obs_exotic,file:///D:/Simon/Sync/Root/GIS/Biodiversity%20Data/obs_exotic.csv?type=csv&maxFields=10000&detectTypes=yes&xField=longitude&yField=latitude&crs=EPSG:4326&spatialIndex=no&subsetIndex=no&watchFile=no
"9246",Typha angustifolia,Typha,angustifolia,,,,exotic,unlisted,,48.929271669999999,-123.470505000000003,,NA,NA,"128764529",obs_exotic,file:///D:/Simon/Sync/Root/GIS/Biodiversity%20Data/obs_exotic.csv?type=csv&maxFields=10000&detectTypes=yes&xField=longitude&yField=latitude&crs=EPSG:4326&spatialIndex=no&subsetIndex=no&watchFile=no
"9259",Ulex europaeus,Ulex,europaeus,,,,exotic,unlisted,,48.872221000000003,-123.311329999999998,,NA,NA,"2583402",obs_exotic,file:///D:/Simon/Sync/Root/GIS/Biodiversity%20Data/obs_exotic.csv?type=csv&maxFields=10000&detectTypes=yes&xField=longitude&yField=latitude&crs=EPSG:4326&spatialIndex=no&subsetIndex=no&watchFile=no
"9260",Ulex europaeus,Ulex,europaeus,,,,exotic,unlisted,,48.871822999999999,-123.310642999999999,,NA,NA,"2677445",obs_exotic,file:///D:/Simon/Sync/Root/GIS/Biodiversity%20Data/obs_exotic.csv?type=csv&maxFields=10000&detectTypes=yes&xField=longitude&yField=latitude&crs=EPSG:4326&spatialIndex=no&subsetIndex=no&watchFile=no
"9261",Ulex europaeus,Ulex,europaeus,,,,exotic,unlisted,,48.872026159999997,-123.311426600000004,,NA,NA,"6434840",obs_exotic,file:///D:/Simon/Sync/Root/GIS/Biodiversity%20Data/obs_exotic.csv?type=csv&maxFields=10000&detectTypes=yes&xField=longitude&yField=latitude&crs=EPSG:4326&spatialIndex=no&subsetIndex=no&watchFile=no
"9262",Ulex europaeus,Ulex,europaeus,,,,exotic,unlisted,,48.872171930000000,-123.311987200000004,,NA,NA,"6486610",obs_exotic,file:///D:/Simon/Sync/Root/GIS/Biodiversity%20Data/obs_exotic.csv?type=csv&maxFields=10000&detectTypes=yes&xField=longitude&yField=latitude&crs=EPSG:4326&spatialIndex=no&subsetIndex=no&watchFile=no
"9263",Ulex europaeus,Ulex,europaeus,,,,exotic,unlisted,,48.872233330000000,-123.311127799999994,,NA,NA,"8580937",obs_exotic,file:///D:/Simon/Sync/Root/GIS/Biodiversity%20Data/obs_exotic.csv?type=csv&maxFields=10000&detectTypes=yes&xField=longitude&yField=latitude&crs=EPSG:4326&spatialIndex=no&subsetIndex=no&watchFile=no
"9264",Ulex europaeus,Ulex,europaeus,,,,exotic,unlisted,,48.872186999999997,-123.310982999999993,,NA,NA,"21929124",obs_exotic,file:///D:/Simon/Sync/Root/GIS/Biodiversity%20Data/obs_exotic.csv?type=csv&maxFields=10000&detectTypes=yes&xField=longitude&yField=latitude&crs=EPSG:4326&spatialIndex=no&subsetIndex=no&watchFile=no
"9265",Ulex europaeus,Ulex,europaeus,,,,exotic,unlisted,,48.871584980000002,-123.311157100000003,,NA,NA,"24689312",obs_exotic,file:///D:/Simon/Sync/Root/GIS/Biodiversity%20Data/obs_exotic.csv?type=csv&maxFields=10000&detectTypes=yes&xField=longitude&yField=latitude&crs=EPSG:4326&spatialIndex=no&subsetIndex=no&watchFile=no
"9266",Ulex europaeus,Ulex,europaeus,,,,exotic,unlisted,,48.872180559999997,-123.311102800000000,,NA,NA,"24697541",obs_exotic,file:///D:/Simon/Sync/Root/GIS/Biodiversity%20Data/obs_exotic.csv?type=csv&maxFields=10000&detectTypes=yes&xField=longitude&yField=latitude&crs=EPSG:4326&spatialIndex=no&subsetIndex=no&watchFile=no
"9267",Ulex europaeus,Ulex,europaeus,,,,exotic,unlisted,,48.872180559999997,-123.311102800000000,,NA,NA,"24697543",obs_exotic,file:///D:/Simon/Sync/Root/GIS/Biodiversity%20Data/obs_exotic.csv?type=csv&maxFields=10000&detectTypes=yes&xField=longitude&yField=latitude&crs=EPSG:4326&spatialIndex=no&subsetIndex=no&watchFile=no
"9268",Ulex europaeus,Ulex,europaeus,,,,exotic,unlisted,,48.871598270000000,-123.311219899999998,,NA,NA,"24708063",obs_exotic,file:///D:/Simon/Sync/Root/GIS/Biodiversity%20Data/obs_exotic.csv?type=csv&maxFields=10000&detectTypes=yes&xField=longitude&yField=latitude&crs=EPSG:4326&spatialIndex=no&subsetIndex=no&watchFile=no
"9269",Ulex europaeus,Ulex,europaeus,,,,exotic,unlisted,,48.871564700000000,-123.311191100000002,,NA,NA,"24713844",obs_exotic,file:///D:/Simon/Sync/Root/GIS/Biodiversity%20Data/obs_exotic.csv?type=csv&maxFields=10000&detectTypes=yes&xField=longitude&yField=latitude&crs=EPSG:4326&spatialIndex=no&subsetIndex=no&watchFile=no
"9270",Ulex europaeus,Ulex,europaeus,,,,exotic,unlisted,,48.871515580000001,-123.311051599999999,,NA,NA,"24714947",obs_exotic,file:///D:/Simon/Sync/Root/GIS/Biodiversity%20Data/obs_exotic.csv?type=csv&maxFields=10000&detectTypes=yes&xField=longitude&yField=latitude&crs=EPSG:4326&spatialIndex=no&subsetIndex=no&watchFile=no
"9271",Ulex europaeus,Ulex,europaeus,,,,exotic,unlisted,,48.871544440000001,-123.311241699999997,,NA,NA,"24806502",obs_exotic,file:///D:/Simon/Sync/Root/GIS/Biodiversity%20Data/obs_exotic.csv?type=csv&maxFields=10000&detectTypes=yes&xField=longitude&yField=latitude&crs=EPSG:4326&spatialIndex=no&subsetIndex=no&watchFile=no
"9272",Ulex europaeus,Ulex,europaeus,,,,exotic,unlisted,,48.871783330000000,-123.312636100000006,,NA,NA,"24806528",obs_exotic,file:///D:/Simon/Sync/Root/GIS/Biodiversity%20Data/obs_exotic.csv?type=csv&maxFields=10000&detectTypes=yes&xField=longitude&yField=latitude&crs=EPSG:4326&spatialIndex=no&subsetIndex=no&watchFile=no
"9273",Ulex europaeus,Ulex,europaeus,,,,exotic,unlisted,,48.870516670000001,-123.314194400000005,,NA,NA,"24824153",obs_exotic,file:///D:/Simon/Sync/Root/GIS/Biodiversity%20Data/obs_exotic.csv?type=csv&maxFields=10000&detectTypes=yes&xField=longitude&yField=latitude&crs=EPSG:4326&spatialIndex=no&subsetIndex=no&watchFile=no
"9274",Ulex europaeus,Ulex,europaeus,,,,exotic,unlisted,,48.871844439999997,-123.312683300000003,,NA,NA,"25048274",obs_exotic,file:///D:/Simon/Sync/Root/GIS/Biodiversity%20Data/obs_exotic.csv?type=csv&maxFields=10000&detectTypes=yes&xField=longitude&yField=latitude&crs=EPSG:4326&spatialIndex=no&subsetIndex=no&watchFile=no
"9275",Ulex europaeus,Ulex,europaeus,,,,exotic,unlisted,,48.872291740000001,-123.311031400000005,,NA,NA,"25483293",obs_exotic,file:///D:/Simon/Sync/Root/GIS/Biodiversity%20Data/obs_exotic.csv?type=csv&maxFields=10000&detectTypes=yes&xField=longitude&yField=latitude&crs=EPSG:4326&spatialIndex=no&subsetIndex=no&watchFile=no
"9276",Ulex europaeus,Ulex,europaeus,,,,exotic,unlisted,,48.872228000000000,-123.311055699999997,,NA,NA,"25483299",obs_exotic,file:///D:/Simon/Sync/Root/GIS/Biodiversity%20Data/obs_exotic.csv?type=csv&maxFields=10000&detectTypes=yes&xField=longitude&yField=latitude&crs=EPSG:4326&spatialIndex=no&subsetIndex=no&watchFile=no
"9277",Ulex europaeus,Ulex,europaeus,,,,exotic,unlisted,,48.872252779999997,-123.311049999999994,,NA,NA,"25657911",obs_exotic,file:///D:/Simon/Sync/Root/GIS/Biodiversity%20Data/obs_exotic.csv?type=csv&maxFields=10000&detectTypes=yes&xField=longitude&yField=latitude&crs=EPSG:4326&spatialIndex=no&subsetIndex=no&watchFile=no
"9278",Ulex europaeus,Ulex,europaeus,,,,exotic,unlisted,,48.872199999999999,-123.311005600000001,,NA,NA,"25657913",obs_exotic,file:///D:/Simon/Sync/Root/GIS/Biodiversity%20Data/obs_exotic.csv?type=csv&maxFields=10000&detectTypes=yes&xField=longitude&yField=latitude&crs=EPSG:4326&spatialIndex=no&subsetIndex=no&watchFile=no
"9279",Ulex europaeus,Ulex,europaeus,,,,exotic,unlisted,,48.871778329999998,-123.312224999999998,,NA,NA,"28099081",obs_exotic,file:///D:/Simon/Sync/Root/GIS/Biodiversity%20Data/obs_exotic.csv?type=csv&maxFields=10000&detectTypes=yes&xField=longitude&yField=latitude&crs=EPSG:4326&spatialIndex=no&subsetIndex=no&watchFile=no
"9280",Ulex europaeus,Ulex,europaeus,,,,exotic,unlisted,,48.872238330000002,-123.311019999999999,,NA,NA,"32125279",obs_exotic,file:///D:/Simon/Sync/Root/GIS/Biodiversity%20Data/obs_exotic.csv?type=csv&maxFields=10000&detectTypes=yes&xField=longitude&yField=latitude&crs=EPSG:4326&spatialIndex=no&subsetIndex=no&watchFile=no
"9281",Ulex europaeus,Ulex,europaeus,,,,exotic,unlisted,,48.872244530000003,-123.311037700000000,,NA,NA,"38545408",obs_exotic,file:///D:/Simon/Sync/Root/GIS/Biodiversity%20Data/obs_exotic.csv?type=csv&maxFields=10000&detectTypes=yes&xField=longitude&yField=latitude&crs=EPSG:4326&spatialIndex=no&subsetIndex=no&watchFile=no
"9282",Ulex europaeus,Ulex,europaeus,,,,exotic,unlisted,,48.872653329999999,-123.311128299999993,,NA,NA,"57789431",obs_exotic,file:///D:/Simon/Sync/Root/GIS/Biodiversity%20Data/obs_exotic.csv?type=csv&maxFields=10000&detectTypes=yes&xField=longitude&yField=latitude&crs=EPSG:4326&spatialIndex=no&subsetIndex=no&watchFile=no
"9283",Ulex europaeus,Ulex,europaeus,,,,exotic,unlisted,,48.871594719999997,-123.311508099999998,,NA,NA,"59943203",obs_exotic,file:///D:/Simon/Sync/Root/GIS/Biodiversity%20Data/obs_exotic.csv?type=csv&maxFields=10000&detectTypes=yes&xField=longitude&yField=latitude&crs=EPSG:4326&spatialIndex=no&subsetIndex=no&watchFile=no
"9284",Ulex europaeus,Ulex,europaeus,,,,exotic,unlisted,,48.871534720000000,-123.312371400000004,,NA,NA,"59943206",obs_exotic,file:///D:/Simon/Sync/Root/GIS/Biodiversity%20Data/obs_exotic.csv?type=csv&maxFields=10000&detectTypes=yes&xField=longitude&yField=latitude&crs=EPSG:4326&spatialIndex=no&subsetIndex=no&watchFile=no
"9285",Ulex europaeus,Ulex,europaeus,,,,exotic,unlisted,,48.871506390000000,-123.312254999999993,,NA,NA,"59943210",obs_exotic,file:///D:/Simon/Sync/Root/GIS/Biodiversity%20Data/obs_exotic.csv?type=csv&maxFields=10000&detectTypes=yes&xField=longitude&yField=latitude&crs=EPSG:4326&spatialIndex=no&subsetIndex=no&watchFile=no
"9286",Ulex europaeus,Ulex,europaeus,,,,exotic,unlisted,,48.872079919999997,-123.311131099999997,,NA,NA,"60492371",obs_exotic,file:///D:/Simon/Sync/Root/GIS/Biodiversity%20Data/obs_exotic.csv?type=csv&maxFields=10000&detectTypes=yes&xField=longitude&yField=latitude&crs=EPSG:4326&spatialIndex=no&subsetIndex=no&watchFile=no
"9287",Ulex europaeus,Ulex,europaeus,,,,exotic,unlisted,,48.872491670000002,-123.311448299999995,,NA,NA,"64809789",obs_exotic,file:///D:/Simon/Sync/Root/GIS/Biodiversity%20Data/obs_exotic.csv?type=csv&maxFields=10000&detectTypes=yes&xField=longitude&yField=latitude&crs=EPSG:4326&spatialIndex=no&subsetIndex=no&watchFile=no
"9288",Ulex europaeus,Ulex,europaeus,,,,exotic,unlisted,,48.872219440000002,-123.311080599999997,,NA,NA,"70105784",obs_exotic,file:///D:/Simon/Sync/Root/GIS/Biodiversity%20Data/obs_exotic.csv?type=csv&maxFields=10000&detectTypes=yes&xField=longitude&yField=latitude&crs=EPSG:4326&spatialIndex=no&subsetIndex=no&watchFile=no
"9289",Ulex europaeus,Ulex,europaeus,,,,exotic,unlisted,,48.872099589999998,-123.310077500000006,,NA,NA,"70799018",obs_exotic,file:///D:/Simon/Sync/Root/GIS/Biodiversity%20Data/obs_exotic.csv?type=csv&maxFields=10000&detectTypes=yes&xField=longitude&yField=latitude&crs=EPSG:4326&spatialIndex=no&subsetIndex=no&watchFile=no
"9290",Ulex europaeus,Ulex,europaeus,,,,exotic,unlisted,,48.872266699999997,-123.310991099999995,,NA,NA,"72314832",obs_exotic,file:///D:/Simon/Sync/Root/GIS/Biodiversity%20Data/obs_exotic.csv?type=csv&maxFields=10000&detectTypes=yes&xField=longitude&yField=latitude&crs=EPSG:4326&spatialIndex=no&subsetIndex=no&watchFile=no
"9291",Ulex europaeus,Ulex,europaeus,,,,exotic,unlisted,,48.871409999999997,-123.311851700000005,,NA,NA,"74104808",obs_exotic,file:///D:/Simon/Sync/Root/GIS/Biodiversity%20Data/obs_exotic.csv?type=csv&maxFields=10000&detectTypes=yes&xField=longitude&yField=latitude&crs=EPSG:4326&spatialIndex=no&subsetIndex=no&watchFile=no
"9292",Ulex europaeus,Ulex,europaeus,,,,exotic,unlisted,,48.871716669999998,-123.312286700000001,,NA,NA,"82952916",obs_exotic,file:///D:/Simon/Sync/Root/GIS/Biodiversity%20Data/obs_exotic.csv?type=csv&maxFields=10000&detectTypes=yes&xField=longitude&yField=latitude&crs=EPSG:4326&spatialIndex=no&subsetIndex=no&watchFile=no
"9293",Ulex europaeus,Ulex,europaeus,,,,exotic,unlisted,,48.871755000000000,-123.312365000000000,,NA,NA,"82960308",obs_exotic,file:///D:/Simon/Sync/Root/GIS/Biodiversity%20Data/obs_exotic.csv?type=csv&maxFields=10000&detectTypes=yes&xField=longitude&yField=latitude&crs=EPSG:4326&spatialIndex=no&subsetIndex=no&watchFile=no
"9294",Ulex europaeus,Ulex,europaeus,,,,exotic,unlisted,,48.874221949999999,-123.320247600000002,,NA,NA,"86360288",obs_exotic,file:///D:/Simon/Sync/Root/GIS/Biodiversity%20Data/obs_exotic.csv?type=csv&maxFields=10000&detectTypes=yes&xField=longitude&yField=latitude&crs=EPSG:4326&spatialIndex=no&subsetIndex=no&watchFile=no
"9295",Ulex europaeus,Ulex,europaeus,,,,exotic,unlisted,,48.872259970000002,-123.311171999999999,,NA,NA,"100647178",obs_exotic,file:///D:/Simon/Sync/Root/GIS/Biodiversity%20Data/obs_exotic.csv?type=csv&maxFields=10000&detectTypes=yes&xField=longitude&yField=latitude&crs=EPSG:4326&spatialIndex=no&subsetIndex=no&watchFile=no
"9296",Ulex europaeus,Ulex,europaeus,,,,exotic,unlisted,,48.871533329999998,-123.311133299999995,,NA,NA,"109724168",obs_exotic,file:///D:/Simon/Sync/Root/GIS/Biodiversity%20Data/obs_exotic.csv?type=csv&maxFields=10000&detectTypes=yes&xField=longitude&yField=latitude&crs=EPSG:4326&spatialIndex=no&subsetIndex=no&watchFile=no
"9297",Ulex europaeus,Ulex,europaeus,,,,exotic,unlisted,,48.871553329999998,-123.311606699999999,,NA,NA,"110820852",obs_exotic,file:///D:/Simon/Sync/Root/GIS/Biodiversity%20Data/obs_exotic.csv?type=csv&maxFields=10000&detectTypes=yes&xField=longitude&yField=latitude&crs=EPSG:4326&spatialIndex=no&subsetIndex=no&watchFile=no
"9298",Ulex europaeus,Ulex,europaeus,,,,exotic,unlisted,,48.871433330000002,-123.311158300000002,,NA,NA,"116239433",obs_exotic,file:///D:/Simon/Sync/Root/GIS/Biodiversity%20Data/obs_exotic.csv?type=csv&maxFields=10000&detectTypes=yes&xField=longitude&yField=latitude&crs=EPSG:4326&spatialIndex=no&subsetIndex=no&watchFile=no
"9299",Ulex europaeus,Ulex,europaeus,,,,exotic,unlisted,,48.863476949999999,-123.313709099999997,,NA,NA,"116282323",obs_exotic,file:///D:/Simon/Sync/Root/GIS/Biodiversity%20Data/obs_exotic.csv?type=csv&maxFields=10000&detectTypes=yes&xField=longitude&yField=latitude&crs=EPSG:4326&spatialIndex=no&subsetIndex=no&watchFile=no
"9300",Ulex europaeus,Ulex,europaeus,,,,exotic,unlisted,,48.863491670000002,-123.313203299999998,,NA,NA,"116791757",obs_exotic,file:///D:/Simon/Sync/Root/GIS/Biodiversity%20Data/obs_exotic.csv?type=csv&maxFields=10000&detectTypes=yes&xField=longitude&yField=latitude&crs=EPSG:4326&spatialIndex=no&subsetIndex=no&watchFile=no
"9301",Ulex europaeus,Ulex,europaeus,,,,exotic,unlisted,,48.878702380000000,-123.320814700000000,,NA,NA,"117306609",obs_exotic,file:///D:/Simon/Sync/Root/GIS/Biodiversity%20Data/obs_exotic.csv?type=csv&maxFields=10000&detectTypes=yes&xField=longitude&yField=latitude&crs=EPSG:4326&spatialIndex=no&subsetIndex=no&watchFile=no
"9302",Ulex europaeus,Ulex,europaeus,,,,exotic,unlisted,,48.871586669999999,-123.312049999999999,,NA,NA,"119369433",obs_exotic,file:///D:/Simon/Sync/Root/GIS/Biodiversity%20Data/obs_exotic.csv?type=csv&maxFields=10000&detectTypes=yes&xField=longitude&yField=latitude&crs=EPSG:4326&spatialIndex=no&subsetIndex=no&watchFile=no
"9303",Ulex europaeus,Ulex,europaeus,,,,exotic,unlisted,,48.872128330000002,-123.310971699999996,,NA,NA,"121620499",obs_exotic,file:///D:/Simon/Sync/Root/GIS/Biodiversity%20Data/obs_exotic.csv?type=csv&maxFields=10000&detectTypes=yes&xField=longitude&yField=latitude&crs=EPSG:4326&spatialIndex=no&subsetIndex=no&watchFile=no
"9304",Ulex europaeus,Ulex,europaeus,,,,exotic,unlisted,,48.884313440000000,-123.316914499999996,,NA,NA,"124841912",obs_exotic,file:///D:/Simon/Sync/Root/GIS/Biodiversity%20Data/obs_exotic.csv?type=csv&maxFields=10000&detectTypes=yes&xField=longitude&yField=latitude&crs=EPSG:4326&spatialIndex=no&subsetIndex=no&watchFile=no
"9305",Ulex europaeus,Ulex,europaeus,,,,exotic,unlisted,,48.871800000000000,-123.312063300000005,,NA,NA,"129444176",obs_exotic,file:///D:/Simon/Sync/Root/GIS/Biodiversity%20Data/obs_exotic.csv?type=csv&maxFields=10000&detectTypes=yes&xField=longitude&yField=latitude&crs=EPSG:4326&spatialIndex=no&subsetIndex=no&watchFile=no
"9306",Ulex europaeus,Ulex,europaeus,,,,exotic,unlisted,,48.871953329999997,-123.312553300000005,,NA,NA,"131066595",obs_exotic,file:///D:/Simon/Sync/Root/GIS/Biodiversity%20Data/obs_exotic.csv?type=csv&maxFields=10000&detectTypes=yes&xField=longitude&yField=latitude&crs=EPSG:4326&spatialIndex=no&subsetIndex=no&watchFile=no
"9307",Ulex europaeus,Ulex,europaeus,,,,exotic,unlisted,,48.872038330000002,-123.311263299999993,,NA,NA,"131336937",obs_exotic,file:///D:/Simon/Sync/Root/GIS/Biodiversity%20Data/obs_exotic.csv?type=csv&maxFields=10000&detectTypes=yes&xField=longitude&yField=latitude&crs=EPSG:4326&spatialIndex=no&subsetIndex=no&watchFile=no
"9308",Ulex europaeus,Ulex,europaeus,,,,exotic,unlisted,,48.870654999999999,-123.313338299999998,,NA,NA,"137701145",obs_exotic,file:///D:/Simon/Sync/Root/GIS/Biodiversity%20Data/obs_exotic.csv?type=csv&maxFields=10000&detectTypes=yes&xField=longitude&yField=latitude&crs=EPSG:4326&spatialIndex=no&subsetIndex=no&watchFile=no
"9311",Urtica dioica,Urtica,dioica,,,,exotic,unlisted,,48.935920000000003,-123.478431999999998,,NA,NA,"2565590",obs_exotic,file:///D:/Simon/Sync/Root/GIS/Biodiversity%20Data/obs_exotic.csv?type=csv&maxFields=10000&detectTypes=yes&xField=longitude&yField=latitude&crs=EPSG:4326&spatialIndex=no&subsetIndex=no&watchFile=no
"9312",Urtica dioica,Urtica,dioica,,,,exotic,unlisted,,48.933242000000000,-123.481263999999996,,NA,NA,"2566269",obs_exotic,file:///D:/Simon/Sync/Root/GIS/Biodiversity%20Data/obs_exotic.csv?type=csv&maxFields=10000&detectTypes=yes&xField=longitude&yField=latitude&crs=EPSG:4326&spatialIndex=no&subsetIndex=no&watchFile=no
"9313",Urtica dioica,Urtica,dioica,,,,exotic,unlisted,,48.933242000000000,-123.481263999999996,,NA,NA,"2566278",obs_exotic,file:///D:/Simon/Sync/Root/GIS/Biodiversity%20Data/obs_exotic.csv?type=csv&maxFields=10000&detectTypes=yes&xField=longitude&yField=latitude&crs=EPSG:4326&spatialIndex=no&subsetIndex=no&watchFile=no
"9314",Urtica dioica,Urtica,dioica,,,,exotic,unlisted,,48.933382999999999,-123.482894999999999,,NA,NA,"2566564",obs_exotic,file:///D:/Simon/Sync/Root/GIS/Biodiversity%20Data/obs_exotic.csv?type=csv&maxFields=10000&detectTypes=yes&xField=longitude&yField=latitude&crs=EPSG:4326&spatialIndex=no&subsetIndex=no&watchFile=no
"9315",Urtica dioica,Urtica,dioica,,,,exotic,unlisted,,48.929802000000002,-123.475299000000007,,NA,NA,"2569319",obs_exotic,file:///D:/Simon/Sync/Root/GIS/Biodiversity%20Data/obs_exotic.csv?type=csv&maxFields=10000&detectTypes=yes&xField=longitude&yField=latitude&crs=EPSG:4326&spatialIndex=no&subsetIndex=no&watchFile=no
"9316",Urtica dioica,Urtica,dioica,,,,exotic,unlisted,,48.878292000000002,-123.321791000000005,,NA,NA,"2572166",obs_exotic,file:///D:/Simon/Sync/Root/GIS/Biodiversity%20Data/obs_exotic.csv?type=csv&maxFields=10000&detectTypes=yes&xField=longitude&yField=latitude&crs=EPSG:4326&spatialIndex=no&subsetIndex=no&watchFile=no
"9317",Urtica dioica,Urtica,dioica,,,,exotic,unlisted,,48.950515000000003,-123.509567000000004,,NA,NA,"2583441",obs_exotic,file:///D:/Simon/Sync/Root/GIS/Biodiversity%20Data/obs_exotic.csv?type=csv&maxFields=10000&detectTypes=yes&xField=longitude&yField=latitude&crs=EPSG:4326&spatialIndex=no&subsetIndex=no&watchFile=no
"9318",Urtica dioica,Urtica,dioica,,,,exotic,unlisted,,49.008395000000000,-123.577427999999998,,NA,NA,"2679461",obs_exotic,file:///D:/Simon/Sync/Root/GIS/Biodiversity%20Data/obs_exotic.csv?type=csv&maxFields=10000&detectTypes=yes&xField=longitude&yField=latitude&crs=EPSG:4326&spatialIndex=no&subsetIndex=no&watchFile=no
"9319",Urtica dioica,Urtica,dioica,,,,exotic,unlisted,,48.941479000000001,-123.501047999999997,,NA,NA,"2692219",obs_exotic,file:///D:/Simon/Sync/Root/GIS/Biodiversity%20Data/obs_exotic.csv?type=csv&maxFields=10000&detectTypes=yes&xField=longitude&yField=latitude&crs=EPSG:4326&spatialIndex=no&subsetIndex=no&watchFile=no
"9320",Urtica dioica,Urtica,dioica,,,,exotic,unlisted,,48.895294000000000,-123.362485000000007,,NA,NA,"2743020",obs_exotic,file:///D:/Simon/Sync/Root/GIS/Biodiversity%20Data/obs_exotic.csv?type=csv&maxFields=10000&detectTypes=yes&xField=longitude&yField=latitude&crs=EPSG:4326&spatialIndex=no&subsetIndex=no&watchFile=no
"9321",Urtica dioica,Urtica,dioica,,,,exotic,unlisted,,48.897158330000003,-123.349791699999997,,NA,NA,"2813650",obs_exotic,file:///D:/Simon/Sync/Root/GIS/Biodiversity%20Data/obs_exotic.csv?type=csv&maxFields=10000&detectTypes=yes&xField=longitude&yField=latitude&crs=EPSG:4326&spatialIndex=no&subsetIndex=no&watchFile=no
"9322",Urtica dioica,Urtica,dioica,,,,exotic,unlisted,,48.964264000000000,-123.550623000000002,,NA,NA,"2823120",obs_exotic,file:///D:/Simon/Sync/Root/GIS/Biodiversity%20Data/obs_exotic.csv?type=csv&maxFields=10000&detectTypes=yes&xField=longitude&yField=latitude&crs=EPSG:4326&spatialIndex=no&subsetIndex=no&watchFile=no
"9323",Urtica dioica,Urtica,dioica,,,,exotic,unlisted,,48.934009000000003,-123.471886999999995,,NA,NA,"3104409",obs_exotic,file:///D:/Simon/Sync/Root/GIS/Biodiversity%20Data/obs_exotic.csv?type=csv&maxFields=10000&detectTypes=yes&xField=longitude&yField=latitude&crs=EPSG:4326&spatialIndex=no&subsetIndex=no&watchFile=no
"9324",Urtica dioica,Urtica,dioica,,,,exotic,unlisted,,48.868513329999999,-123.385575000000003,,NA,NA,"5155090",obs_exotic,file:///D:/Simon/Sync/Root/GIS/Biodiversity%20Data/obs_exotic.csv?type=csv&maxFields=10000&detectTypes=yes&xField=longitude&yField=latitude&crs=EPSG:4326&spatialIndex=no&subsetIndex=no&watchFile=no
"9325",Urtica dioica,Urtica,dioica,,,,exotic,unlisted,,48.975662999999997,-123.548326000000003,,NA,NA,"5279681",obs_exotic,file:///D:/Simon/Sync/Root/GIS/Biodiversity%20Data/obs_exotic.csv?type=csv&maxFields=10000&detectTypes=yes&xField=longitude&yField=latitude&crs=EPSG:4326&spatialIndex=no&subsetIndex=no&watchFile=no
"9326",Urtica dioica,Urtica,dioica,,,,exotic,unlisted,,48.878129999999999,-123.350177000000002,,NA,NA,"5393755",obs_exotic,file:///D:/Simon/Sync/Root/GIS/Biodiversity%20Data/obs_exotic.csv?type=csv&maxFields=10000&detectTypes=yes&xField=longitude&yField=latitude&crs=EPSG:4326&spatialIndex=no&subsetIndex=no&watchFile=no
"9327",Urtica dioica,Urtica,dioica,,,,exotic,unlisted,,48.950836000000002,-123.515996999999999,,NA,NA,"5483357",obs_exotic,file:///D:/Simon/Sync/Root/GIS/Biodiversity%20Data/obs_exotic.csv?type=csv&maxFields=10000&detectTypes=yes&xField=longitude&yField=latitude&crs=EPSG:4326&spatialIndex=no&subsetIndex=no&watchFile=no
"9328",Urtica dioica,Urtica,dioica,,,,exotic,unlisted,,48.905323250000002,-123.356401899999994,,NA,NA,"5646979",obs_exotic,file:///D:/Simon/Sync/Root/GIS/Biodiversity%20Data/obs_exotic.csv?type=csv&maxFields=10000&detectTypes=yes&xField=longitude&yField=latitude&crs=EPSG:4326&spatialIndex=no&subsetIndex=no&watchFile=no
"9329",Urtica dioica,Urtica,dioica,,,,exotic,unlisted,,48.906282330000003,-123.358955399999999,,NA,NA,"5885680",obs_exotic,file:///D:/Simon/Sync/Root/GIS/Biodiversity%20Data/obs_exotic.csv?type=csv&maxFields=10000&detectTypes=yes&xField=longitude&yField=latitude&crs=EPSG:4326&spatialIndex=no&subsetIndex=no&watchFile=no
"9330",Urtica dioica,Urtica,dioica,,,,exotic,unlisted,,48.906042560000003,-123.358268699999996,,NA,NA,"5886270",obs_exotic,file:///D:/Simon/Sync/Root/GIS/Biodiversity%20Data/obs_exotic.csv?type=csv&maxFields=10000&detectTypes=yes&xField=longitude&yField=latitude&crs=EPSG:4326&spatialIndex=no&subsetIndex=no&watchFile=no
"9331",Urtica dioica,Urtica,dioica,,,,exotic,unlisted,,48.900723999999997,-123.362584999999996,,NA,NA,"5935177",obs_exotic,file:///D:/Simon/Sync/Root/GIS/Biodiversity%20Data/obs_exotic.csv?type=csv&maxFields=10000&detectTypes=yes&xField=longitude&yField=latitude&crs=EPSG:4326&spatialIndex=no&subsetIndex=no&watchFile=no
"9332",Urtica dioica,Urtica,dioica,,,,exotic,unlisted,,48.901345700000000,-123.364856200000006,,NA,NA,"5953020",obs_exotic,file:///D:/Simon/Sync/Root/GIS/Biodiversity%20Data/obs_exotic.csv?type=csv&maxFields=10000&detectTypes=yes&xField=longitude&yField=latitude&crs=EPSG:4326&spatialIndex=no&subsetIndex=no&watchFile=no
"9333",Urtica dioica,Urtica,dioica,,,,exotic,unlisted,,48.898665610000002,-123.363965699999994,,NA,NA,"5993176",obs_exotic,file:///D:/Simon/Sync/Root/GIS/Biodiversity%20Data/obs_exotic.csv?type=csv&maxFields=10000&detectTypes=yes&xField=longitude&yField=latitude&crs=EPSG:4326&spatialIndex=no&subsetIndex=no&watchFile=no
"9334",Urtica dioica,Urtica,dioica,,,,exotic,unlisted,,48.897903870000000,-123.362978699999999,,NA,NA,"5993184",obs_exotic,file:///D:/Simon/Sync/Root/GIS/Biodiversity%20Data/obs_exotic.csv?type=csv&maxFields=10000&detectTypes=yes&xField=longitude&yField=latitude&crs=EPSG:4326&spatialIndex=no&subsetIndex=no&watchFile=no
"9335",Urtica dioica,Urtica,dioica,,,,exotic,unlisted,,48.976160890000003,-123.548855799999998,,NA,NA,"6085939",obs_exotic,file:///D:/Simon/Sync/Root/GIS/Biodiversity%20Data/obs_exotic.csv?type=csv&maxFields=10000&detectTypes=yes&xField=longitude&yField=latitude&crs=EPSG:4326&spatialIndex=no&subsetIndex=no&watchFile=no
"9336",Urtica dioica,Urtica,dioica,,,,exotic,unlisted,,48.951902820000001,-123.523370400000005,,NA,NA,"6473324",obs_exotic,file:///D:/Simon/Sync/Root/GIS/Biodiversity%20Data/obs_exotic.csv?type=csv&maxFields=10000&detectTypes=yes&xField=longitude&yField=latitude&crs=EPSG:4326&spatialIndex=no&subsetIndex=no&watchFile=no
"9337",Urtica dioica,Urtica,dioica,,,,exotic,unlisted,,48.972313489999998,-123.553447700000007,,NA,NA,"6611350",obs_exotic,file:///D:/Simon/Sync/Root/GIS/Biodiversity%20Data/obs_exotic.csv?type=csv&maxFields=10000&detectTypes=yes&xField=longitude&yField=latitude&crs=EPSG:4326&spatialIndex=no&subsetIndex=no&watchFile=no
"9338",Urtica dioica,Urtica,dioica,,,,exotic,unlisted,,48.874693999999998,-123.380369999999999,,NA,NA,"6818200",obs_exotic,file:///D:/Simon/Sync/Root/GIS/Biodiversity%20Data/obs_exotic.csv?type=csv&maxFields=10000&detectTypes=yes&xField=longitude&yField=latitude&crs=EPSG:4326&spatialIndex=no&subsetIndex=no&watchFile=no
"9339",Urtica dioica,Urtica,dioica,,,,exotic,unlisted,,48.876768120000001,-123.379533300000006,,NA,NA,"7280582",obs_exotic,file:///D:/Simon/Sync/Root/GIS/Biodiversity%20Data/obs_exotic.csv?type=csv&maxFields=10000&detectTypes=yes&xField=longitude&yField=latitude&crs=EPSG:4326&spatialIndex=no&subsetIndex=no&watchFile=no
"9340",Urtica dioica,Urtica,dioica,,,,exotic,unlisted,,48.898341000000002,-123.343038000000007,,NA,NA,"8097236",obs_exotic,file:///D:/Simon/Sync/Root/GIS/Biodiversity%20Data/obs_exotic.csv?type=csv&maxFields=10000&detectTypes=yes&xField=longitude&yField=latitude&crs=EPSG:4326&spatialIndex=no&subsetIndex=no&watchFile=no
"9341",Urtica dioica,Urtica,dioica,,,,exotic,unlisted,,48.948312000000001,-123.502089999999995,,NA,NA,"9843149",obs_exotic,file:///D:/Simon/Sync/Root/GIS/Biodiversity%20Data/obs_exotic.csv?type=csv&maxFields=10000&detectTypes=yes&xField=longitude&yField=latitude&crs=EPSG:4326&spatialIndex=no&subsetIndex=no&watchFile=no
"9342",Urtica dioica,Urtica,dioica,,,,exotic,unlisted,,48.894050000000000,-123.348870000000005,,NA,NA,"11578071",obs_exotic,file:///D:/Simon/Sync/Root/GIS/Biodiversity%20Data/obs_exotic.csv?type=csv&maxFields=10000&detectTypes=yes&xField=longitude&yField=latitude&crs=EPSG:4326&spatialIndex=no&subsetIndex=no&watchFile=no
"9343",Urtica dioica,Urtica,dioica,,,,exotic,unlisted,,48.875743999999997,-123.335286999999994,,NA,NA,"12772952",obs_exotic,file:///D:/Simon/Sync/Root/GIS/Biodiversity%20Data/obs_exotic.csv?type=csv&maxFields=10000&detectTypes=yes&xField=longitude&yField=latitude&crs=EPSG:4326&spatialIndex=no&subsetIndex=no&watchFile=no
"9344",Urtica dioica,Urtica,dioica,,,,exotic,unlisted,,48.874077000000000,-123.342488000000003,,NA,NA,"12790987",obs_exotic,file:///D:/Simon/Sync/Root/GIS/Biodiversity%20Data/obs_exotic.csv?type=csv&maxFields=10000&detectTypes=yes&xField=longitude&yField=latitude&crs=EPSG:4326&spatialIndex=no&subsetIndex=no&watchFile=no
"9345",Urtica dioica,Urtica,dioica,,,,exotic,unlisted,,48.910836089999997,-123.395243199999996,,NA,NA,"13102175",obs_exotic,file:///D:/Simon/Sync/Root/GIS/Biodiversity%20Data/obs_exotic.csv?type=csv&maxFields=10000&detectTypes=yes&xField=longitude&yField=latitude&crs=EPSG:4326&spatialIndex=no&subsetIndex=no&watchFile=no
"9346",Urtica dioica,Urtica,dioica,,,,exotic,unlisted,,48.869639710000001,-123.387097900000001,,NA,NA,"13307343",obs_exotic,file:///D:/Simon/Sync/Root/GIS/Biodiversity%20Data/obs_exotic.csv?type=csv&maxFields=10000&detectTypes=yes&xField=longitude&yField=latitude&crs=EPSG:4326&spatialIndex=no&subsetIndex=no&watchFile=no
"9347",Urtica dioica,Urtica,dioica,,,,exotic,unlisted,,48.870255559999997,-123.320283300000000,,NA,NA,"13955324",obs_exotic,file:///D:/Simon/Sync/Root/GIS/Biodiversity%20Data/obs_exotic.csv?type=csv&maxFields=10000&detectTypes=yes&xField=longitude&yField=latitude&crs=EPSG:4326&spatialIndex=no&subsetIndex=no&watchFile=no
"9348",Urtica dioica,Urtica,dioica,,,,exotic,unlisted,,48.898076670000002,-123.344925000000003,,NA,NA,"13972289",obs_exotic,file:///D:/Simon/Sync/Root/GIS/Biodiversity%20Data/obs_exotic.csv?type=csv&maxFields=10000&detectTypes=yes&xField=longitude&yField=latitude&crs=EPSG:4326&spatialIndex=no&subsetIndex=no&watchFile=no
"9349",Urtica dioica,Urtica,dioica,,,,exotic,unlisted,,48.872002340000002,-123.345811999999995,,NA,NA,"13973293",obs_exotic,file:///D:/Simon/Sync/Root/GIS/Biodiversity%20Data/obs_exotic.csv?type=csv&maxFields=10000&detectTypes=yes&xField=longitude&yField=latitude&crs=EPSG:4326&spatialIndex=no&subsetIndex=no&watchFile=no
"9350",Urtica dioica,Urtica,dioica,,,,exotic,unlisted,,48.871493330000000,-123.346598299999997,,NA,NA,"13973300",obs_exotic,file:///D:/Simon/Sync/Root/GIS/Biodiversity%20Data/obs_exotic.csv?type=csv&maxFields=10000&detectTypes=yes&xField=longitude&yField=latitude&crs=EPSG:4326&spatialIndex=no&subsetIndex=no&watchFile=no
"9351",Urtica dioica,Urtica,dioica,,,,exotic,unlisted,,48.872518599999999,-123.370554100000007,,NA,NA,"17693202",obs_exotic,file:///D:/Simon/Sync/Root/GIS/Biodiversity%20Data/obs_exotic.csv?type=csv&maxFields=10000&detectTypes=yes&xField=longitude&yField=latitude&crs=EPSG:4326&spatialIndex=no&subsetIndex=no&watchFile=no
"9352",Urtica dioica,Urtica,dioica,,,,exotic,unlisted,,48.875531000000002,-123.335685999999995,,NA,NA,"19762519",obs_exotic,file:///D:/Simon/Sync/Root/GIS/Biodiversity%20Data/obs_exotic.csv?type=csv&maxFields=10000&detectTypes=yes&xField=longitude&yField=latitude&crs=EPSG:4326&spatialIndex=no&subsetIndex=no&watchFile=no
"9353",Urtica dioica,Urtica,dioica,,,,exotic,unlisted,,48.995558330000001,-123.570708300000007,,NA,NA,"21351304",obs_exotic,file:///D:/Simon/Sync/Root/GIS/Biodiversity%20Data/obs_exotic.csv?type=csv&maxFields=10000&detectTypes=yes&xField=longitude&yField=latitude&crs=EPSG:4326&spatialIndex=no&subsetIndex=no&watchFile=no
"9354",Urtica dioica,Urtica,dioica,,,,exotic,unlisted,,49.002826519999999,-123.574567099999996,,NA,NA,"24497658",obs_exotic,file:///D:/Simon/Sync/Root/GIS/Biodiversity%20Data/obs_exotic.csv?type=csv&maxFields=10000&detectTypes=yes&xField=longitude&yField=latitude&crs=EPSG:4326&spatialIndex=no&subsetIndex=no&watchFile=no
"9355",Urtica dioica,Urtica,dioica,,,,exotic,unlisted,,48.962658329999996,-123.520171700000006,,NA,NA,"24630241",obs_exotic,file:///D:/Simon/Sync/Root/GIS/Biodiversity%20Data/obs_exotic.csv?type=csv&maxFields=10000&detectTypes=yes&xField=longitude&yField=latitude&crs=EPSG:4326&spatialIndex=no&subsetIndex=no&watchFile=no
"9356",Urtica dioica,Urtica,dioica,,,,exotic,unlisted,,48.973194120000002,-123.545455899999993,,NA,NA,"24647582",obs_exotic,file:///D:/Simon/Sync/Root/GIS/Biodiversity%20Data/obs_exotic.csv?type=csv&maxFields=10000&detectTypes=yes&xField=longitude&yField=latitude&crs=EPSG:4326&spatialIndex=no&subsetIndex=no&watchFile=no
"9357",Urtica dioica,Urtica,dioica,,,,exotic,unlisted,,48.962463890000002,-123.517913899999996,,NA,NA,"24663834",obs_exotic,file:///D:/Simon/Sync/Root/GIS/Biodiversity%20Data/obs_exotic.csv?type=csv&maxFields=10000&detectTypes=yes&xField=longitude&yField=latitude&crs=EPSG:4326&spatialIndex=no&subsetIndex=no&watchFile=no
"9358",Urtica dioica,Urtica,dioica,,,,exotic,unlisted,,48.962775000000001,-123.517958300000004,,NA,NA,"24663867",obs_exotic,file:///D:/Simon/Sync/Root/GIS/Biodiversity%20Data/obs_exotic.csv?type=csv&maxFields=10000&detectTypes=yes&xField=longitude&yField=latitude&crs=EPSG:4326&spatialIndex=no&subsetIndex=no&watchFile=no
"9359",Urtica dioica,Urtica,dioica,,,,exotic,unlisted,,48.962963889999997,-123.517349999999993,,NA,NA,"24663915",obs_exotic,file:///D:/Simon/Sync/Root/GIS/Biodiversity%20Data/obs_exotic.csv?type=csv&maxFields=10000&detectTypes=yes&xField=longitude&yField=latitude&crs=EPSG:4326&spatialIndex=no&subsetIndex=no&watchFile=no
"9360",Urtica dioica,Urtica,dioica,,,,exotic,unlisted,,48.962952780000002,-123.516463900000005,,NA,NA,"24665207",obs_exotic,file:///D:/Simon/Sync/Root/GIS/Biodiversity%20Data/obs_exotic.csv?type=csv&maxFields=10000&detectTypes=yes&xField=longitude&yField=latitude&crs=EPSG:4326&spatialIndex=no&subsetIndex=no&watchFile=no
"9361",Urtica dioica,Urtica,dioica,,,,exotic,unlisted,,48.963238890000000,-123.516808299999994,,NA,NA,"24665208",obs_exotic,file:///D:/Simon/Sync/Root/GIS/Biodiversity%20Data/obs_exotic.csv?type=csv&maxFields=10000&detectTypes=yes&xField=longitude&yField=latitude&crs=EPSG:4326&spatialIndex=no&subsetIndex=no&watchFile=no
"9362",Urtica dioica,Urtica,dioica,,,,exotic,unlisted,,48.963016670000002,-123.517236100000005,,NA,NA,"24665218",obs_exotic,file:///D:/Simon/Sync/Root/GIS/Biodiversity%20Data/obs_exotic.csv?type=csv&maxFields=10000&detectTypes=yes&xField=longitude&yField=latitude&crs=EPSG:4326&spatialIndex=no&subsetIndex=no&watchFile=no
"9363",Urtica dioica,Urtica,dioica,,,,exotic,unlisted,,48.963797219999996,-123.515922200000006,,NA,NA,"24665253",obs_exotic,file:///D:/Simon/Sync/Root/GIS/Biodiversity%20Data/obs_exotic.csv?type=csv&maxFields=10000&detectTypes=yes&xField=longitude&yField=latitude&crs=EPSG:4326&spatialIndex=no&subsetIndex=no&watchFile=no
"9364",Urtica dioica,Urtica,dioica,,,,exotic,unlisted,,48.963497220000001,-123.515463900000000,,NA,NA,"24665255",obs_exotic,file:///D:/Simon/Sync/Root/GIS/Biodiversity%20Data/obs_exotic.csv?type=csv&maxFields=10000&detectTypes=yes&xField=longitude&yField=latitude&crs=EPSG:4326&spatialIndex=no&subsetIndex=no&watchFile=no
"9365",Urtica dioica,Urtica,dioica,,,,exotic,unlisted,,48.963372219999997,-123.515852800000005,,NA,NA,"24665257",obs_exotic,file:///D:/Simon/Sync/Root/GIS/Biodiversity%20Data/obs_exotic.csv?type=csv&maxFields=10000&detectTypes=yes&xField=longitude&yField=latitude&crs=EPSG:4326&spatialIndex=no&subsetIndex=no&watchFile=no
"9366",Urtica dioica,Urtica,dioica,,,,exotic,unlisted,,48.963158329999999,-123.516738899999993,,NA,NA,"24665268",obs_exotic,file:///D:/Simon/Sync/Root/GIS/Biodiversity%20Data/obs_exotic.csv?type=csv&maxFields=10000&detectTypes=yes&xField=longitude&yField=latitude&crs=EPSG:4326&spatialIndex=no&subsetIndex=no&watchFile=no
"9367",Urtica dioica,Urtica,dioica,,,,exotic,unlisted,,48.963158329999999,-123.516158300000001,,NA,NA,"24665276",obs_exotic,file:///D:/Simon/Sync/Root/GIS/Biodiversity%20Data/obs_exotic.csv?type=csv&maxFields=10000&detectTypes=yes&xField=longitude&yField=latitude&crs=EPSG:4326&spatialIndex=no&subsetIndex=no&watchFile=no
"9368",Urtica dioica,Urtica,dioica,,,,exotic,unlisted,,48.964386110000000,-123.516188900000003,,NA,NA,"24666657",obs_exotic,file:///D:/Simon/Sync/Root/GIS/Biodiversity%20Data/obs_exotic.csv?type=csv&maxFields=10000&detectTypes=yes&xField=longitude&yField=latitude&crs=EPSG:4326&spatialIndex=no&subsetIndex=no&watchFile=no
"9369",Urtica dioica,Urtica,dioica,,,,exotic,unlisted,,48.964313890000000,-123.517563899999999,,NA,NA,"24673927",obs_exotic,file:///D:/Simon/Sync/Root/GIS/Biodiversity%20Data/obs_exotic.csv?type=csv&maxFields=10000&detectTypes=yes&xField=longitude&yField=latitude&crs=EPSG:4326&spatialIndex=no&subsetIndex=no&watchFile=no
"9370",Urtica dioica,Urtica,dioica,,,,exotic,unlisted,,48.962658329999996,-123.520172200000005,,NA,NA,"24673944",obs_exotic,file:///D:/Simon/Sync/Root/GIS/Biodiversity%20Data/obs_exotic.csv?type=csv&maxFields=10000&detectTypes=yes&xField=longitude&yField=latitude&crs=EPSG:4326&spatialIndex=no&subsetIndex=no&watchFile=no
"9371",Urtica dioica,Urtica,dioica,,,,exotic,unlisted,,48.964744439999997,-123.516769400000001,,NA,NA,"24673957",obs_exotic,file:///D:/Simon/Sync/Root/GIS/Biodiversity%20Data/obs_exotic.csv?type=csv&maxFields=10000&detectTypes=yes&xField=longitude&yField=latitude&crs=EPSG:4326&spatialIndex=no&subsetIndex=no&watchFile=no
"9372",Urtica dioica,Urtica,dioica,,,,exotic,unlisted,,48.961791669999997,-123.520216700000006,,NA,NA,"24673962",obs_exotic,file:///D:/Simon/Sync/Root/GIS/Biodiversity%20Data/obs_exotic.csv?type=csv&maxFields=10000&detectTypes=yes&xField=longitude&yField=latitude&crs=EPSG:4326&spatialIndex=no&subsetIndex=no&watchFile=no
"9373",Urtica dioica,Urtica,dioica,,,,exotic,unlisted,,48.964130560000001,-123.517791700000004,,NA,NA,"24673982",obs_exotic,file:///D:/Simon/Sync/Root/GIS/Biodiversity%20Data/obs_exotic.csv?type=csv&maxFields=10000&detectTypes=yes&xField=longitude&yField=latitude&crs=EPSG:4326&spatialIndex=no&subsetIndex=no&watchFile=no
"9374",Urtica dioica,Urtica,dioica,,,,exotic,unlisted,,48.964755560000000,-123.516800000000003,,NA,NA,"24674010",obs_exotic,file:///D:/Simon/Sync/Root/GIS/Biodiversity%20Data/obs_exotic.csv?type=csv&maxFields=10000&detectTypes=yes&xField=longitude&yField=latitude&crs=EPSG:4326&spatialIndex=no&subsetIndex=no&watchFile=no
"9375",Urtica dioica,Urtica,dioica,,,,exotic,unlisted,,48.963330560000003,-123.516258300000004,,NA,NA,"24674021",obs_exotic,file:///D:/Simon/Sync/Root/GIS/Biodiversity%20Data/obs_exotic.csv?type=csv&maxFields=10000&detectTypes=yes&xField=longitude&yField=latitude&crs=EPSG:4326&spatialIndex=no&subsetIndex=no&watchFile=no
"9376",Urtica dioica,Urtica,dioica,,,,exotic,unlisted,,48.964383329999997,-123.517119399999999,,NA,NA,"24674036",obs_exotic,file:///D:/Simon/Sync/Root/GIS/Biodiversity%20Data/obs_exotic.csv?type=csv&maxFields=10000&detectTypes=yes&xField=longitude&yField=latitude&crs=EPSG:4326&spatialIndex=no&subsetIndex=no&watchFile=no
"9377",Urtica dioica,Urtica,dioica,,,,exotic,unlisted,,48.963286109999999,-123.519988900000001,,NA,NA,"24674076",obs_exotic,file:///D:/Simon/Sync/Root/GIS/Biodiversity%20Data/obs_exotic.csv?type=csv&maxFields=10000&detectTypes=yes&xField=longitude&yField=latitude&crs=EPSG:4326&spatialIndex=no&subsetIndex=no&watchFile=no
"9378",Urtica dioica,Urtica,dioica,,,,exotic,unlisted,,48.964427780000001,-123.517097199999995,,NA,NA,"24674097",obs_exotic,file:///D:/Simon/Sync/Root/GIS/Biodiversity%20Data/obs_exotic.csv?type=csv&maxFields=10000&detectTypes=yes&xField=longitude&yField=latitude&crs=EPSG:4326&spatialIndex=no&subsetIndex=no&watchFile=no
"9379",Urtica dioica,Urtica,dioica,,,,exotic,unlisted,,48.964547220000000,-123.516830600000006,,NA,NA,"24674149",obs_exotic,file:///D:/Simon/Sync/Root/GIS/Biodiversity%20Data/obs_exotic.csv?type=csv&maxFields=10000&detectTypes=yes&xField=longitude&yField=latitude&crs=EPSG:4326&spatialIndex=no&subsetIndex=no&watchFile=no
"9380",Urtica dioica,Urtica,dioica,,,,exotic,unlisted,,48.964530560000000,-123.517686100000006,,NA,NA,"24674179",obs_exotic,file:///D:/Simon/Sync/Root/GIS/Biodiversity%20Data/obs_exotic.csv?type=csv&maxFields=10000&detectTypes=yes&xField=longitude&yField=latitude&crs=EPSG:4326&spatialIndex=no&subsetIndex=no&watchFile=no
"9381",Urtica dioica,Urtica,dioica,,,,exotic,unlisted,,48.962477780000000,-123.517555599999994,,NA,NA,"24684052",obs_exotic,file:///D:/Simon/Sync/Root/GIS/Biodiversity%20Data/obs_exotic.csv?type=csv&maxFields=10000&detectTypes=yes&xField=longitude&yField=latitude&crs=EPSG:4326&spatialIndex=no&subsetIndex=no&watchFile=no
"9382",Urtica dioica,Urtica,dioica,,,,exotic,unlisted,,48.964436110000001,-123.517188899999994,,NA,NA,"24694112",obs_exotic,file:///D:/Simon/Sync/Root/GIS/Biodiversity%20Data/obs_exotic.csv?type=csv&maxFields=10000&detectTypes=yes&xField=longitude&yField=latitude&crs=EPSG:4326&spatialIndex=no&subsetIndex=no&watchFile=no
"9383",Urtica dioica,Urtica,dioica,,,,exotic,unlisted,,48.964221670000001,-123.517441700000006,,NA,NA,"24697846",obs_exotic,file:///D:/Simon/Sync/Root/GIS/Biodiversity%20Data/obs_exotic.csv?type=csv&maxFields=10000&detectTypes=yes&xField=longitude&yField=latitude&crs=EPSG:4326&spatialIndex=no&subsetIndex=no&watchFile=no
"9384",Urtica dioica,Urtica,dioica,,,,exotic,unlisted,,48.962125000000000,-123.517516700000002,,NA,NA,"24698558",obs_exotic,file:///D:/Simon/Sync/Root/GIS/Biodiversity%20Data/obs_exotic.csv?type=csv&maxFields=10000&detectTypes=yes&xField=longitude&yField=latitude&crs=EPSG:4326&spatialIndex=no&subsetIndex=no&watchFile=no
"9385",Urtica dioica,Urtica,dioica,,,,exotic,unlisted,,48.957479999999997,-123.541441699999993,,NA,NA,"24698787",obs_exotic,file:///D:/Simon/Sync/Root/GIS/Biodiversity%20Data/obs_exotic.csv?type=csv&maxFields=10000&detectTypes=yes&xField=longitude&yField=latitude&crs=EPSG:4326&spatialIndex=no&subsetIndex=no&watchFile=no
"9386",Urtica dioica,Urtica,dioica,,,,exotic,unlisted,,48.866722220000000,-123.331069400000004,,NA,NA,"24702346",obs_exotic,file:///D:/Simon/Sync/Root/GIS/Biodiversity%20Data/obs_exotic.csv?type=csv&maxFields=10000&detectTypes=yes&xField=longitude&yField=latitude&crs=EPSG:4326&spatialIndex=no&subsetIndex=no&watchFile=no
"9387",Urtica dioica,Urtica,dioica,,,,exotic,unlisted,,48.962566670000001,-123.517875000000004,,NA,NA,"24709562",obs_exotic,file:///D:/Simon/Sync/Root/GIS/Biodiversity%20Data/obs_exotic.csv?type=csv&maxFields=10000&detectTypes=yes&xField=longitude&yField=latitude&crs=EPSG:4326&spatialIndex=no&subsetIndex=no&watchFile=no
"9388",Urtica dioica,Urtica,dioica,,,,exotic,unlisted,,48.963027099999998,-123.516734200000002,,NA,NA,"24709854",obs_exotic,file:///D:/Simon/Sync/Root/GIS/Biodiversity%20Data/obs_exotic.csv?type=csv&maxFields=10000&detectTypes=yes&xField=longitude&yField=latitude&crs=EPSG:4326&spatialIndex=no&subsetIndex=no&watchFile=no
"9389",Urtica dioica,Urtica,dioica,,,,exotic,unlisted,,48.963612699999999,-123.515819100000002,,NA,NA,"24709934",obs_exotic,file:///D:/Simon/Sync/Root/GIS/Biodiversity%20Data/obs_exotic.csv?type=csv&maxFields=10000&detectTypes=yes&xField=longitude&yField=latitude&crs=EPSG:4326&spatialIndex=no&subsetIndex=no&watchFile=no
"9390",Urtica dioica,Urtica,dioica,,,,exotic,unlisted,,48.950267650000001,-123.518056000000001,,NA,NA,"24819470",obs_exotic,file:///D:/Simon/Sync/Root/GIS/Biodiversity%20Data/obs_exotic.csv?type=csv&maxFields=10000&detectTypes=yes&xField=longitude&yField=latitude&crs=EPSG:4326&spatialIndex=no&subsetIndex=no&watchFile=no
"9391",Urtica dioica,Urtica,dioica,,,,exotic,unlisted,,48.962538610000003,-123.517440600000000,,NA,NA,"24919834",obs_exotic,file:///D:/Simon/Sync/Root/GIS/Biodiversity%20Data/obs_exotic.csv?type=csv&maxFields=10000&detectTypes=yes&xField=longitude&yField=latitude&crs=EPSG:4326&spatialIndex=no&subsetIndex=no&watchFile=no
"9392",Urtica dioica,Urtica,dioica,,,,exotic,unlisted,,48.963130540000002,-123.516664300000002,,NA,NA,"24920051",obs_exotic,file:///D:/Simon/Sync/Root/GIS/Biodiversity%20Data/obs_exotic.csv?type=csv&maxFields=10000&detectTypes=yes&xField=longitude&yField=latitude&crs=EPSG:4326&spatialIndex=no&subsetIndex=no&watchFile=no
"9393",Urtica dioica,Urtica,dioica,,,,exotic,unlisted,,48.963293610000001,-123.518290500000006,,NA,NA,"24940584",obs_exotic,file:///D:/Simon/Sync/Root/GIS/Biodiversity%20Data/obs_exotic.csv?type=csv&maxFields=10000&detectTypes=yes&xField=longitude&yField=latitude&crs=EPSG:4326&spatialIndex=no&subsetIndex=no&watchFile=no
"9394",Urtica dioica,Urtica,dioica,,,,exotic,unlisted,,48.962677200000002,-123.516034500000004,,NA,NA,"24941098",obs_exotic,file:///D:/Simon/Sync/Root/GIS/Biodiversity%20Data/obs_exotic.csv?type=csv&maxFields=10000&detectTypes=yes&xField=longitude&yField=latitude&crs=EPSG:4326&spatialIndex=no&subsetIndex=no&watchFile=no
"9395",Urtica dioica,Urtica,dioica,,,,exotic,unlisted,,48.965027149999997,-123.516769400000001,,NA,NA,"24941752",obs_exotic,file:///D:/Simon/Sync/Root/GIS/Biodiversity%20Data/obs_exotic.csv?type=csv&maxFields=10000&detectTypes=yes&xField=longitude&yField=latitude&crs=EPSG:4326&spatialIndex=no&subsetIndex=no&watchFile=no
"9396",Urtica dioica,Urtica,dioica,,,,exotic,unlisted,,48.900143950000000,-123.342868999999993,,NA,NA,"25032057",obs_exotic,file:///D:/Simon/Sync/Root/GIS/Biodiversity%20Data/obs_exotic.csv?type=csv&maxFields=10000&detectTypes=yes&xField=longitude&yField=latitude&crs=EPSG:4326&spatialIndex=no&subsetIndex=no&watchFile=no
"9397",Urtica dioica,Urtica,dioica,,,,exotic,unlisted,,48.899281719999998,-123.403226799999999,,NA,NA,"25478133",obs_exotic,file:///D:/Simon/Sync/Root/GIS/Biodiversity%20Data/obs_exotic.csv?type=csv&maxFields=10000&detectTypes=yes&xField=longitude&yField=latitude&crs=EPSG:4326&spatialIndex=no&subsetIndex=no&watchFile=no
"9398",Urtica dioica,Urtica,dioica,,,,exotic,unlisted,,48.899681250000000,-123.404559699999993,,NA,NA,"25478458",obs_exotic,file:///D:/Simon/Sync/Root/GIS/Biodiversity%20Data/obs_exotic.csv?type=csv&maxFields=10000&detectTypes=yes&xField=longitude&yField=latitude&crs=EPSG:4326&spatialIndex=no&subsetIndex=no&watchFile=no
"9399",Urtica dioica,Urtica,dioica,,,,exotic,unlisted,,48.979223619999999,-123.556876599999995,,NA,NA,"25479228",obs_exotic,file:///D:/Simon/Sync/Root/GIS/Biodiversity%20Data/obs_exotic.csv?type=csv&maxFields=10000&detectTypes=yes&xField=longitude&yField=latitude&crs=EPSG:4326&spatialIndex=no&subsetIndex=no&watchFile=no
"9400",Urtica dioica,Urtica,dioica,,,,exotic,unlisted,,48.979074050000001,-123.557003300000005,,NA,NA,"25479886",obs_exotic,file:///D:/Simon/Sync/Root/GIS/Biodiversity%20Data/obs_exotic.csv?type=csv&maxFields=10000&detectTypes=yes&xField=longitude&yField=latitude&crs=EPSG:4326&spatialIndex=no&subsetIndex=no&watchFile=no
"9401",Urtica dioica,Urtica,dioica,,,,exotic,unlisted,,48.979143319999999,-123.557055000000005,,NA,NA,"25479918",obs_exotic,file:///D:/Simon/Sync/Root/GIS/Biodiversity%20Data/obs_exotic.csv?type=csv&maxFields=10000&detectTypes=yes&xField=longitude&yField=latitude&crs=EPSG:4326&spatialIndex=no&subsetIndex=no&watchFile=no
"9402",Urtica dioica,Urtica,dioica,,,,exotic,unlisted,,48.979735380000001,-123.557692200000005,,NA,NA,"25482606",obs_exotic,file:///D:/Simon/Sync/Root/GIS/Biodiversity%20Data/obs_exotic.csv?type=csv&maxFields=10000&detectTypes=yes&xField=longitude&yField=latitude&crs=EPSG:4326&spatialIndex=no&subsetIndex=no&watchFile=no
"9403",Urtica dioica,Urtica,dioica,,,,exotic,unlisted,,48.981664430000002,-123.557288400000004,,NA,NA,"25482785",obs_exotic,file:///D:/Simon/Sync/Root/GIS/Biodiversity%20Data/obs_exotic.csv?type=csv&maxFields=10000&detectTypes=yes&xField=longitude&yField=latitude&crs=EPSG:4326&spatialIndex=no&subsetIndex=no&watchFile=no
"9404",Urtica dioica,Urtica,dioica,,,,exotic,unlisted,,48.962397220000000,-123.517944400000005,,NA,NA,"25597365",obs_exotic,file:///D:/Simon/Sync/Root/GIS/Biodiversity%20Data/obs_exotic.csv?type=csv&maxFields=10000&detectTypes=yes&xField=longitude&yField=latitude&crs=EPSG:4326&spatialIndex=no&subsetIndex=no&watchFile=no
"9405",Urtica dioica,Urtica,dioica,,,,exotic,unlisted,,48.962994440000003,-123.516738899999993,,NA,NA,"25597366",obs_exotic,file:///D:/Simon/Sync/Root/GIS/Biodiversity%20Data/obs_exotic.csv?type=csv&maxFields=10000&detectTypes=yes&xField=longitude&yField=latitude&crs=EPSG:4326&spatialIndex=no&subsetIndex=no&watchFile=no
"9406",Urtica dioica,Urtica,dioica,,,,exotic,unlisted,,48.964244440000002,-123.517708299999995,,NA,NA,"25599950",obs_exotic,file:///D:/Simon/Sync/Root/GIS/Biodiversity%20Data/obs_exotic.csv?type=csv&maxFields=10000&detectTypes=yes&xField=longitude&yField=latitude&crs=EPSG:4326&spatialIndex=no&subsetIndex=no&watchFile=no
"9407",Urtica dioica,Urtica,dioica,,,,exotic,unlisted,,48.866305560000001,-123.331466699999993,,NA,NA,"25658116",obs_exotic,file:///D:/Simon/Sync/Root/GIS/Biodiversity%20Data/obs_exotic.csv?type=csv&maxFields=10000&detectTypes=yes&xField=longitude&yField=latitude&crs=EPSG:4326&spatialIndex=no&subsetIndex=no&watchFile=no
"9408",Urtica dioica,Urtica,dioica,,,,exotic,unlisted,,48.866644440000002,-123.331230599999998,,NA,NA,"25658117",obs_exotic,file:///D:/Simon/Sync/Root/GIS/Biodiversity%20Data/obs_exotic.csv?type=csv&maxFields=10000&detectTypes=yes&xField=longitude&yField=latitude&crs=EPSG:4326&spatialIndex=no&subsetIndex=no&watchFile=no
"9409",Urtica dioica,Urtica,dioica,,,,exotic,unlisted,,48.865524030000003,-123.351823400000001,,NA,NA,"35113773",obs_exotic,file:///D:/Simon/Sync/Root/GIS/Biodiversity%20Data/obs_exotic.csv?type=csv&maxFields=10000&detectTypes=yes&xField=longitude&yField=latitude&crs=EPSG:4326&spatialIndex=no&subsetIndex=no&watchFile=no
"9410",Urtica dioica,Urtica,dioica,,,,exotic,unlisted,,48.948634589999998,-123.479875399999997,,NA,NA,"38438872",obs_exotic,file:///D:/Simon/Sync/Root/GIS/Biodiversity%20Data/obs_exotic.csv?type=csv&maxFields=10000&detectTypes=yes&xField=longitude&yField=latitude&crs=EPSG:4326&spatialIndex=no&subsetIndex=no&watchFile=no
"9411",Urtica dioica,Urtica,dioica,,,,exotic,unlisted,,48.948754909999998,-123.479365700000002,,NA,NA,"38468639",obs_exotic,file:///D:/Simon/Sync/Root/GIS/Biodiversity%20Data/obs_exotic.csv?type=csv&maxFields=10000&detectTypes=yes&xField=longitude&yField=latitude&crs=EPSG:4326&spatialIndex=no&subsetIndex=no&watchFile=no
"9412",Urtica dioica,Urtica,dioica,,,,exotic,unlisted,,48.948671150000003,-123.479718700000006,,NA,NA,"38468657",obs_exotic,file:///D:/Simon/Sync/Root/GIS/Biodiversity%20Data/obs_exotic.csv?type=csv&maxFields=10000&detectTypes=yes&xField=longitude&yField=latitude&crs=EPSG:4326&spatialIndex=no&subsetIndex=no&watchFile=no
"9413",Urtica dioica,Urtica,dioica,,,,exotic,unlisted,,48.868280949999999,-123.347824099999997,,NA,NA,"40460162",obs_exotic,file:///D:/Simon/Sync/Root/GIS/Biodiversity%20Data/obs_exotic.csv?type=csv&maxFields=10000&detectTypes=yes&xField=longitude&yField=latitude&crs=EPSG:4326&spatialIndex=no&subsetIndex=no&watchFile=no
"9414",Urtica dioica,Urtica,dioica,,,,exotic,unlisted,,48.999434190000002,-123.574265600000004,,NA,NA,"44275660",obs_exotic,file:///D:/Simon/Sync/Root/GIS/Biodiversity%20Data/obs_exotic.csv?type=csv&maxFields=10000&detectTypes=yes&xField=longitude&yField=latitude&crs=EPSG:4326&spatialIndex=no&subsetIndex=no&watchFile=no
"9415",Urtica dioica,Urtica,dioica,,,,exotic,unlisted,,48.930241670000001,-123.467078299999997,,NA,NA,"52907135",obs_exotic,file:///D:/Simon/Sync/Root/GIS/Biodiversity%20Data/obs_exotic.csv?type=csv&maxFields=10000&detectTypes=yes&xField=longitude&yField=latitude&crs=EPSG:4326&spatialIndex=no&subsetIndex=no&watchFile=no
"9416",Urtica dioica,Urtica,dioica,,,,exotic,unlisted,,48.928755000000002,-123.468429999999998,,NA,NA,"62172631",obs_exotic,file:///D:/Simon/Sync/Root/GIS/Biodiversity%20Data/obs_exotic.csv?type=csv&maxFields=10000&detectTypes=yes&xField=longitude&yField=latitude&crs=EPSG:4326&spatialIndex=no&subsetIndex=no&watchFile=no
"9417",Urtica dioica,Urtica,dioica,,,,exotic,unlisted,,48.942277580000003,-123.499643899999995,,NA,NA,"70065793",obs_exotic,file:///D:/Simon/Sync/Root/GIS/Biodiversity%20Data/obs_exotic.csv?type=csv&maxFields=10000&detectTypes=yes&xField=longitude&yField=latitude&crs=EPSG:4326&spatialIndex=no&subsetIndex=no&watchFile=no
"9418",Urtica dioica,Urtica,dioica,,,,exotic,unlisted,,48.947631670000000,-123.501103299999997,,NA,NA,"70065821",obs_exotic,file:///D:/Simon/Sync/Root/GIS/Biodiversity%20Data/obs_exotic.csv?type=csv&maxFields=10000&detectTypes=yes&xField=longitude&yField=latitude&crs=EPSG:4326&spatialIndex=no&subsetIndex=no&watchFile=no
"9419",Urtica dioica,Urtica,dioica,,,,exotic,unlisted,,48.942385000000002,-123.501180000000005,,NA,NA,"72321443",obs_exotic,file:///D:/Simon/Sync/Root/GIS/Biodiversity%20Data/obs_exotic.csv?type=csv&maxFields=10000&detectTypes=yes&xField=longitude&yField=latitude&crs=EPSG:4326&spatialIndex=no&subsetIndex=no&watchFile=no
"9420",Urtica dioica,Urtica,dioica,,,,exotic,unlisted,,48.867686669999998,-123.337249999999997,,NA,NA,"74386695",obs_exotic,file:///D:/Simon/Sync/Root/GIS/Biodiversity%20Data/obs_exotic.csv?type=csv&maxFields=10000&detectTypes=yes&xField=longitude&yField=latitude&crs=EPSG:4326&spatialIndex=no&subsetIndex=no&watchFile=no
"9421",Urtica dioica,Urtica,dioica,,,,exotic,unlisted,,48.875516670000003,-123.384649999999993,,NA,NA,"77854400",obs_exotic,file:///D:/Simon/Sync/Root/GIS/Biodiversity%20Data/obs_exotic.csv?type=csv&maxFields=10000&detectTypes=yes&xField=longitude&yField=latitude&crs=EPSG:4326&spatialIndex=no&subsetIndex=no&watchFile=no
"9422",Urtica dioica,Urtica,dioica,,,,exotic,unlisted,,48.869115729999997,-123.371478600000003,,NA,NA,"82929636",obs_exotic,file:///D:/Simon/Sync/Root/GIS/Biodiversity%20Data/obs_exotic.csv?type=csv&maxFields=10000&detectTypes=yes&xField=longitude&yField=latitude&crs=EPSG:4326&spatialIndex=no&subsetIndex=no&watchFile=no
"9423",Urtica dioica,Urtica,dioica,,,,exotic,unlisted,,48.887075000000003,-123.362471700000000,,NA,NA,"83097993",obs_exotic,file:///D:/Simon/Sync/Root/GIS/Biodiversity%20Data/obs_exotic.csv?type=csv&maxFields=10000&detectTypes=yes&xField=longitude&yField=latitude&crs=EPSG:4326&spatialIndex=no&subsetIndex=no&watchFile=no
"9424",Urtica dioica,Urtica,dioica,,,,exotic,unlisted,,49.010451580000002,-123.577504000000005,,NA,NA,"83602464",obs_exotic,file:///D:/Simon/Sync/Root/GIS/Biodiversity%20Data/obs_exotic.csv?type=csv&maxFields=10000&detectTypes=yes&xField=longitude&yField=latitude&crs=EPSG:4326&spatialIndex=no&subsetIndex=no&watchFile=no
"9425",Urtica dioica,Urtica,dioica,,,,exotic,unlisted,,49.004401240000000,-123.570634600000005,,NA,NA,"83602786",obs_exotic,file:///D:/Simon/Sync/Root/GIS/Biodiversity%20Data/obs_exotic.csv?type=csv&maxFields=10000&detectTypes=yes&xField=longitude&yField=latitude&crs=EPSG:4326&spatialIndex=no&subsetIndex=no&watchFile=no
"9426",Urtica dioica,Urtica,dioica,,,,exotic,unlisted,,48.876024999999998,-123.384116700000007,,NA,NA,"83738317",obs_exotic,file:///D:/Simon/Sync/Root/GIS/Biodiversity%20Data/obs_exotic.csv?type=csv&maxFields=10000&detectTypes=yes&xField=longitude&yField=latitude&crs=EPSG:4326&spatialIndex=no&subsetIndex=no&watchFile=no
"9427",Urtica dioica,Urtica,dioica,,,,exotic,unlisted,,48.927957190000001,-123.467499700000005,,NA,NA,"84095320",obs_exotic,file:///D:/Simon/Sync/Root/GIS/Biodiversity%20Data/obs_exotic.csv?type=csv&maxFields=10000&detectTypes=yes&xField=longitude&yField=latitude&crs=EPSG:4326&spatialIndex=no&subsetIndex=no&watchFile=no
"9428",Urtica dioica,Urtica,dioica,,,,exotic,unlisted,,48.931026019999997,-123.468755599999994,,NA,NA,"84095412",obs_exotic,file:///D:/Simon/Sync/Root/GIS/Biodiversity%20Data/obs_exotic.csv?type=csv&maxFields=10000&detectTypes=yes&xField=longitude&yField=latitude&crs=EPSG:4326&spatialIndex=no&subsetIndex=no&watchFile=no
"9429",Urtica dioica,Urtica,dioica,,,,exotic,unlisted,,48.927875000000000,-123.467291700000004,,NA,NA,"84096463",obs_exotic,file:///D:/Simon/Sync/Root/GIS/Biodiversity%20Data/obs_exotic.csv?type=csv&maxFields=10000&detectTypes=yes&xField=longitude&yField=latitude&crs=EPSG:4326&spatialIndex=no&subsetIndex=no&watchFile=no
"9430",Urtica dioica,Urtica,dioica,,,,exotic,unlisted,,48.928191669999997,-123.467155000000005,,NA,NA,"84144841",obs_exotic,file:///D:/Simon/Sync/Root/GIS/Biodiversity%20Data/obs_exotic.csv?type=csv&maxFields=10000&detectTypes=yes&xField=longitude&yField=latitude&crs=EPSG:4326&spatialIndex=no&subsetIndex=no&watchFile=no
"9431",Urtica dioica,Urtica,dioica,,,,exotic,unlisted,,48.927784670000001,-123.467717500000006,,NA,NA,"84147250",obs_exotic,file:///D:/Simon/Sync/Root/GIS/Biodiversity%20Data/obs_exotic.csv?type=csv&maxFields=10000&detectTypes=yes&xField=longitude&yField=latitude&crs=EPSG:4326&spatialIndex=no&subsetIndex=no&watchFile=no
"9432",Urtica dioica,Urtica,dioica,,,,exotic,unlisted,,48.928124590000003,-123.467769300000000,,NA,NA,"84147448",obs_exotic,file:///D:/Simon/Sync/Root/GIS/Biodiversity%20Data/obs_exotic.csv?type=csv&maxFields=10000&detectTypes=yes&xField=longitude&yField=latitude&crs=EPSG:4326&spatialIndex=no&subsetIndex=no&watchFile=no
"9433",Urtica dioica,Urtica,dioica,,,,exotic,unlisted,,48.927861669999999,-123.467169999999996,,NA,NA,"84148686",obs_exotic,file:///D:/Simon/Sync/Root/GIS/Biodiversity%20Data/obs_exotic.csv?type=csv&maxFields=10000&detectTypes=yes&xField=longitude&yField=latitude&crs=EPSG:4326&spatialIndex=no&subsetIndex=no&watchFile=no
"9434",Urtica dioica,Urtica,dioica,,,,exotic,unlisted,,48.929931140000001,-123.468598499999999,,NA,NA,"84210432",obs_exotic,file:///D:/Simon/Sync/Root/GIS/Biodiversity%20Data/obs_exotic.csv?type=csv&maxFields=10000&detectTypes=yes&xField=longitude&yField=latitude&crs=EPSG:4326&spatialIndex=no&subsetIndex=no&watchFile=no
"9435",Urtica dioica,Urtica,dioica,,,,exotic,unlisted,,48.928019999999997,-123.467483299999998,,NA,NA,"84252832",obs_exotic,file:///D:/Simon/Sync/Root/GIS/Biodiversity%20Data/obs_exotic.csv?type=csv&maxFields=10000&detectTypes=yes&xField=longitude&yField=latitude&crs=EPSG:4326&spatialIndex=no&subsetIndex=no&watchFile=no
"9436",Urtica dioica,Urtica,dioica,,,,exotic,unlisted,,48.932721960000002,-123.480070400000002,,NA,NA,"84597195",obs_exotic,file:///D:/Simon/Sync/Root/GIS/Biodiversity%20Data/obs_exotic.csv?type=csv&maxFields=10000&detectTypes=yes&xField=longitude&yField=latitude&crs=EPSG:4326&spatialIndex=no&subsetIndex=no&watchFile=no
"9437",Urtica dioica,Urtica,dioica,,,,exotic,unlisted,,49.003608329999999,-123.567795000000004,,NA,NA,"85685588",obs_exotic,file:///D:/Simon/Sync/Root/GIS/Biodiversity%20Data/obs_exotic.csv?type=csv&maxFields=10000&detectTypes=yes&xField=longitude&yField=latitude&crs=EPSG:4326&spatialIndex=no&subsetIndex=no&watchFile=no
"9438",Urtica dioica,Urtica,dioica,,,,exotic,unlisted,,48.984430000000003,-123.556943300000000,,NA,NA,"89513130",obs_exotic,file:///D:/Simon/Sync/Root/GIS/Biodiversity%20Data/obs_exotic.csv?type=csv&maxFields=10000&detectTypes=yes&xField=longitude&yField=latitude&crs=EPSG:4326&spatialIndex=no&subsetIndex=no&watchFile=no
"9439",Urtica dioica,Urtica,dioica,,,,exotic,unlisted,,48.984771670000001,-123.544983299999998,,NA,NA,"93752369",obs_exotic,file:///D:/Simon/Sync/Root/GIS/Biodiversity%20Data/obs_exotic.csv?type=csv&maxFields=10000&detectTypes=yes&xField=longitude&yField=latitude&crs=EPSG:4326&spatialIndex=no&subsetIndex=no&watchFile=no
"9440",Urtica dioica,Urtica,dioica,,,,exotic,unlisted,,48.990729999999999,-123.551378299999996,,NA,NA,"100641891",obs_exotic,file:///D:/Simon/Sync/Root/GIS/Biodiversity%20Data/obs_exotic.csv?type=csv&maxFields=10000&detectTypes=yes&xField=longitude&yField=latitude&crs=EPSG:4326&spatialIndex=no&subsetIndex=no&watchFile=no
"9441",Urtica dioica,Urtica,dioica,,,,exotic,unlisted,,48.867757220000001,-123.337705400000004,,NA,NA,"101304367",obs_exotic,file:///D:/Simon/Sync/Root/GIS/Biodiversity%20Data/obs_exotic.csv?type=csv&maxFields=10000&detectTypes=yes&xField=longitude&yField=latitude&crs=EPSG:4326&spatialIndex=no&subsetIndex=no&watchFile=no
"9442",Urtica dioica,Urtica,dioica,,,,exotic,unlisted,,48.928696799999997,-123.468421800000002,,NA,NA,"101446596",obs_exotic,file:///D:/Simon/Sync/Root/GIS/Biodiversity%20Data/obs_exotic.csv?type=csv&maxFields=10000&detectTypes=yes&xField=longitude&yField=latitude&crs=EPSG:4326&spatialIndex=no&subsetIndex=no&watchFile=no
"9443",Urtica dioica,Urtica,dioica,,,,exotic,unlisted,,48.931630290000001,-123.464331900000005,,NA,NA,"102152475",obs_exotic,file:///D:/Simon/Sync/Root/GIS/Biodiversity%20Data/obs_exotic.csv?type=csv&maxFields=10000&detectTypes=yes&xField=longitude&yField=latitude&crs=EPSG:4326&spatialIndex=no&subsetIndex=no&watchFile=no
"9444",Urtica dioica,Urtica,dioica,,,,exotic,unlisted,,49.010455550000003,-123.577971700000006,,NA,NA,"105352376",obs_exotic,file:///D:/Simon/Sync/Root/GIS/Biodiversity%20Data/obs_exotic.csv?type=csv&maxFields=10000&detectTypes=yes&xField=longitude&yField=latitude&crs=EPSG:4326&spatialIndex=no&subsetIndex=no&watchFile=no
"9445",Urtica dioica,Urtica,dioica,,,,exotic,unlisted,,48.964754579999997,-123.516253399999997,,NA,NA,"107021668",obs_exotic,file:///D:/Simon/Sync/Root/GIS/Biodiversity%20Data/obs_exotic.csv?type=csv&maxFields=10000&detectTypes=yes&xField=longitude&yField=latitude&crs=EPSG:4326&spatialIndex=no&subsetIndex=no&watchFile=no
"9446",Urtica dioica,Urtica,dioica,,,,exotic,unlisted,,48.948576670000001,-123.502529999999993,,NA,NA,"107022552",obs_exotic,file:///D:/Simon/Sync/Root/GIS/Biodiversity%20Data/obs_exotic.csv?type=csv&maxFields=10000&detectTypes=yes&xField=longitude&yField=latitude&crs=EPSG:4326&spatialIndex=no&subsetIndex=no&watchFile=no
"9447",Urtica dioica,Urtica,dioica,,,,exotic,unlisted,,48.871283329999997,-123.346786100000003,,NA,NA,"107216254",obs_exotic,file:///D:/Simon/Sync/Root/GIS/Biodiversity%20Data/obs_exotic.csv?type=csv&maxFields=10000&detectTypes=yes&xField=longitude&yField=latitude&crs=EPSG:4326&spatialIndex=no&subsetIndex=no&watchFile=no
"9448",Urtica dioica,Urtica,dioica,,,,exotic,unlisted,,48.864276300000000,-123.351953699999996,,NA,NA,"107673607",obs_exotic,file:///D:/Simon/Sync/Root/GIS/Biodiversity%20Data/obs_exotic.csv?type=csv&maxFields=10000&detectTypes=yes&xField=longitude&yField=latitude&crs=EPSG:4326&spatialIndex=no&subsetIndex=no&watchFile=no
"9449",Urtica dioica,Urtica,dioica,,,,exotic,unlisted,,48.946598950000002,-123.498696800000005,,NA,NA,"108064512",obs_exotic,file:///D:/Simon/Sync/Root/GIS/Biodiversity%20Data/obs_exotic.csv?type=csv&maxFields=10000&detectTypes=yes&xField=longitude&yField=latitude&crs=EPSG:4326&spatialIndex=no&subsetIndex=no&watchFile=no
"9450",Urtica dioica,Urtica,dioica,,,,exotic,unlisted,,49.000477779999997,-123.584038300000003,,NA,NA,"109622127",obs_exotic,file:///D:/Simon/Sync/Root/GIS/Biodiversity%20Data/obs_exotic.csv?type=csv&maxFields=10000&detectTypes=yes&xField=longitude&yField=latitude&crs=EPSG:4326&spatialIndex=no&subsetIndex=no&watchFile=no
"9451",Urtica dioica,Urtica,dioica,,,,exotic,unlisted,,48.915341669999997,-123.425705600000001,,NA,NA,"111975260",obs_exotic,file:///D:/Simon/Sync/Root/GIS/Biodiversity%20Data/obs_exotic.csv?type=csv&maxFields=10000&detectTypes=yes&xField=longitude&yField=latitude&crs=EPSG:4326&spatialIndex=no&subsetIndex=no&watchFile=no
"9452",Urtica dioica,Urtica,dioica,,,,exotic,unlisted,,48.957397489999998,-123.528921900000000,,NA,NA,"116029602",obs_exotic,file:///D:/Simon/Sync/Root/GIS/Biodiversity%20Data/obs_exotic.csv?type=csv&maxFields=10000&detectTypes=yes&xField=longitude&yField=latitude&crs=EPSG:4326&spatialIndex=no&subsetIndex=no&watchFile=no
"9453",Urtica dioica,Urtica,dioica,,,,exotic,unlisted,,48.935981550000001,-123.476330099999998,,NA,NA,"117410165",obs_exotic,file:///D:/Simon/Sync/Root/GIS/Biodiversity%20Data/obs_exotic.csv?type=csv&maxFields=10000&detectTypes=yes&xField=longitude&yField=latitude&crs=EPSG:4326&spatialIndex=no&subsetIndex=no&watchFile=no
"9454",Urtica dioica,Urtica,dioica,,,,exotic,unlisted,,48.876568329999998,-123.371328300000002,,NA,NA,"118608406",obs_exotic,file:///D:/Simon/Sync/Root/GIS/Biodiversity%20Data/obs_exotic.csv?type=csv&maxFields=10000&detectTypes=yes&xField=longitude&yField=latitude&crs=EPSG:4326&spatialIndex=no&subsetIndex=no&watchFile=no
"9455",Urtica dioica,Urtica,dioica,,,,exotic,unlisted,,48.880303329999997,-123.381005000000002,,NA,NA,"118718745",obs_exotic,file:///D:/Simon/Sync/Root/GIS/Biodiversity%20Data/obs_exotic.csv?type=csv&maxFields=10000&detectTypes=yes&xField=longitude&yField=latitude&crs=EPSG:4326&spatialIndex=no&subsetIndex=no&watchFile=no
"9456",Urtica dioica,Urtica,dioica,,,,exotic,unlisted,,48.880326670000002,-123.380979999999994,,NA,NA,"118718746",obs_exotic,file:///D:/Simon/Sync/Root/GIS/Biodiversity%20Data/obs_exotic.csv?type=csv&maxFields=10000&detectTypes=yes&xField=longitude&yField=latitude&crs=EPSG:4326&spatialIndex=no&subsetIndex=no&watchFile=no
"9457",Urtica dioica,Urtica,dioica,,,,exotic,unlisted,,48.931811670000002,-123.477828299999999,,NA,NA,"121748036",obs_exotic,file:///D:/Simon/Sync/Root/GIS/Biodiversity%20Data/obs_exotic.csv?type=csv&maxFields=10000&detectTypes=yes&xField=longitude&yField=latitude&crs=EPSG:4326&spatialIndex=no&subsetIndex=no&watchFile=no
"9458",Urtica dioica,Urtica,dioica,,,,exotic,unlisted,,48.862625000000001,-123.351303299999998,,NA,NA,"122258275",obs_exotic,file:///D:/Simon/Sync/Root/GIS/Biodiversity%20Data/obs_exotic.csv?type=csv&maxFields=10000&detectTypes=yes&xField=longitude&yField=latitude&crs=EPSG:4326&spatialIndex=no&subsetIndex=no&watchFile=no
"9459",Urtica dioica,Urtica,dioica,,,,exotic,unlisted,,48.877544999999998,-123.351354999999998,,NA,NA,"129712438",obs_exotic,file:///D:/Simon/Sync/Root/GIS/Biodiversity%20Data/obs_exotic.csv?type=csv&maxFields=10000&detectTypes=yes&xField=longitude&yField=latitude&crs=EPSG:4326&spatialIndex=no&subsetIndex=no&watchFile=no
"9460",Urtica dioica,Urtica,dioica,,,,exotic,unlisted,,48.891813329999998,-123.386313299999998,,NA,NA,"135747530",obs_exotic,file:///D:/Simon/Sync/Root/GIS/Biodiversity%20Data/obs_exotic.csv?type=csv&maxFields=10000&detectTypes=yes&xField=longitude&yField=latitude&crs=EPSG:4326&spatialIndex=no&subsetIndex=no&watchFile=no
"9461",Urtica dioica,Urtica,dioica,,,,exotic,unlisted,,48.959871319999998,-123.508814700000002,,NA,NA,"136055316",obs_exotic,file:///D:/Simon/Sync/Root/GIS/Biodiversity%20Data/obs_exotic.csv?type=csv&maxFields=10000&detectTypes=yes&xField=longitude&yField=latitude&crs=EPSG:4326&spatialIndex=no&subsetIndex=no&watchFile=no
"9462",Urtica dioica,Urtica,dioica,,,,exotic,unlisted,,49.011024999999997,-123.573700000000002,,NA,NA,"137665981",obs_exotic,file:///D:/Simon/Sync/Root/GIS/Biodiversity%20Data/obs_exotic.csv?type=csv&maxFields=10000&detectTypes=yes&xField=longitude&yField=latitude&crs=EPSG:4326&spatialIndex=no&subsetIndex=no&watchFile=no
"9629",Valerianella locusta,Valerianella,locusta,,,,exotic,unlisted,,48.933258330000001,-123.479645000000005,,NA,NA,"44447167",obs_exotic,file:///D:/Simon/Sync/Root/GIS/Biodiversity%20Data/obs_exotic.csv?type=csv&maxFields=10000&detectTypes=yes&xField=longitude&yField=latitude&crs=EPSG:4326&spatialIndex=no&subsetIndex=no&watchFile=no
"9630",Valerianella locusta,Valerianella,locusta,,,,exotic,unlisted,,48.929544440000001,-123.468168800000001,,NA,NA,"119972221",obs_exotic,file:///D:/Simon/Sync/Root/GIS/Biodiversity%20Data/obs_exotic.csv?type=csv&maxFields=10000&detectTypes=yes&xField=longitude&yField=latitude&crs=EPSG:4326&spatialIndex=no&subsetIndex=no&watchFile=no
"9631",Verbascum phlomoides,Verbascum,phlomoides,,,,exotic,unlisted,,48.870555560000000,-123.318955599999995,,NA,NA,"13947257",obs_exotic,file:///D:/Simon/Sync/Root/GIS/Biodiversity%20Data/obs_exotic.csv?type=csv&maxFields=10000&detectTypes=yes&xField=longitude&yField=latitude&crs=EPSG:4326&spatialIndex=no&subsetIndex=no&watchFile=no
"9632",Verbascum phlomoides,Verbascum,phlomoides,,,,exotic,unlisted,,48.997188330000000,-123.565224999999998,,NA,NA,"31163175",obs_exotic,file:///D:/Simon/Sync/Root/GIS/Biodiversity%20Data/obs_exotic.csv?type=csv&maxFields=10000&detectTypes=yes&xField=longitude&yField=latitude&crs=EPSG:4326&spatialIndex=no&subsetIndex=no&watchFile=no
"9633",Verbascum phlomoides,Verbascum,phlomoides,,,,exotic,unlisted,,48.878352360000001,-123.321020700000005,,NA,NA,"52036918",obs_exotic,file:///D:/Simon/Sync/Root/GIS/Biodiversity%20Data/obs_exotic.csv?type=csv&maxFields=10000&detectTypes=yes&xField=longitude&yField=latitude&crs=EPSG:4326&spatialIndex=no&subsetIndex=no&watchFile=no
"9634",Verbascum phlomoides,Verbascum,phlomoides,,,,exotic,unlisted,,48.972427779999997,-123.549252800000005,,NA,NA,"89513201",obs_exotic,file:///D:/Simon/Sync/Root/GIS/Biodiversity%20Data/obs_exotic.csv?type=csv&maxFields=10000&detectTypes=yes&xField=longitude&yField=latitude&crs=EPSG:4326&spatialIndex=no&subsetIndex=no&watchFile=no
"9635",Verbascum phlomoides,Verbascum,phlomoides,,,,exotic,unlisted,,48.879235000000001,-123.318595999999999,,NA,NA,"100647182",obs_exotic,file:///D:/Simon/Sync/Root/GIS/Biodiversity%20Data/obs_exotic.csv?type=csv&maxFields=10000&detectTypes=yes&xField=longitude&yField=latitude&crs=EPSG:4326&spatialIndex=no&subsetIndex=no&watchFile=no
"9636",Verbascum thapsus,Verbascum,thapsus,,,,exotic,unlisted,,48.930259000000000,-123.467488000000003,,NA,NA,"2599978",obs_exotic,file:///D:/Simon/Sync/Root/GIS/Biodiversity%20Data/obs_exotic.csv?type=csv&maxFields=10000&detectTypes=yes&xField=longitude&yField=latitude&crs=EPSG:4326&spatialIndex=no&subsetIndex=no&watchFile=no
"9637",Verbascum thapsus,Verbascum,thapsus,,,,exotic,unlisted,,48.863761670000002,-123.369628300000002,,NA,NA,"2672652",obs_exotic,file:///D:/Simon/Sync/Root/GIS/Biodiversity%20Data/obs_exotic.csv?type=csv&maxFields=10000&detectTypes=yes&xField=longitude&yField=latitude&crs=EPSG:4326&spatialIndex=no&subsetIndex=no&watchFile=no
"9638",Verbascum thapsus,Verbascum,thapsus,,,,exotic,unlisted,,48.976058999999999,-123.539800999999997,,NA,NA,"3552215",obs_exotic,file:///D:/Simon/Sync/Root/GIS/Biodiversity%20Data/obs_exotic.csv?type=csv&maxFields=10000&detectTypes=yes&xField=longitude&yField=latitude&crs=EPSG:4326&spatialIndex=no&subsetIndex=no&watchFile=no
"9639",Verbascum thapsus,Verbascum,thapsus,,,,exotic,unlisted,,48.864305510000001,-123.372294299999993,,NA,NA,"4088875",obs_exotic,file:///D:/Simon/Sync/Root/GIS/Biodiversity%20Data/obs_exotic.csv?type=csv&maxFields=10000&detectTypes=yes&xField=longitude&yField=latitude&crs=EPSG:4326&spatialIndex=no&subsetIndex=no&watchFile=no
"9640",Verbascum thapsus,Verbascum,thapsus,,,,exotic,unlisted,,48.868926000000002,-123.378797000000006,,NA,NA,"5473536",obs_exotic,file:///D:/Simon/Sync/Root/GIS/Biodiversity%20Data/obs_exotic.csv?type=csv&maxFields=10000&detectTypes=yes&xField=longitude&yField=latitude&crs=EPSG:4326&spatialIndex=no&subsetIndex=no&watchFile=no
"9641",Verbascum thapsus,Verbascum,thapsus,,,,exotic,unlisted,,48.863881999999997,-123.366164999999995,,NA,NA,"5516560",obs_exotic,file:///D:/Simon/Sync/Root/GIS/Biodiversity%20Data/obs_exotic.csv?type=csv&maxFields=10000&detectTypes=yes&xField=longitude&yField=latitude&crs=EPSG:4326&spatialIndex=no&subsetIndex=no&watchFile=no
"9642",Verbascum thapsus,Verbascum,thapsus,,,,exotic,unlisted,,48.868441169999997,-123.378095599999995,,NA,NA,"6217021",obs_exotic,file:///D:/Simon/Sync/Root/GIS/Biodiversity%20Data/obs_exotic.csv?type=csv&maxFields=10000&detectTypes=yes&xField=longitude&yField=latitude&crs=EPSG:4326&spatialIndex=no&subsetIndex=no&watchFile=no
"9643",Verbascum thapsus,Verbascum,thapsus,,,,exotic,unlisted,,48.864070509999998,-123.374880300000001,,NA,NA,"6471712",obs_exotic,file:///D:/Simon/Sync/Root/GIS/Biodiversity%20Data/obs_exotic.csv?type=csv&maxFields=10000&detectTypes=yes&xField=longitude&yField=latitude&crs=EPSG:4326&spatialIndex=no&subsetIndex=no&watchFile=no
"9644",Verbascum thapsus,Verbascum,thapsus,,,,exotic,unlisted,,48.864180560000001,-123.372544399999995,,NA,NA,"10037280",obs_exotic,file:///D:/Simon/Sync/Root/GIS/Biodiversity%20Data/obs_exotic.csv?type=csv&maxFields=10000&detectTypes=yes&xField=longitude&yField=latitude&crs=EPSG:4326&spatialIndex=no&subsetIndex=no&watchFile=no
"9645",Verbascum thapsus,Verbascum,thapsus,,,,exotic,unlisted,,48.928811670000002,-123.468041700000001,,NA,NA,"62512472",obs_exotic,file:///D:/Simon/Sync/Root/GIS/Biodiversity%20Data/obs_exotic.csv?type=csv&maxFields=10000&detectTypes=yes&xField=longitude&yField=latitude&crs=EPSG:4326&spatialIndex=no&subsetIndex=no&watchFile=no
"9646",Verbascum thapsus,Verbascum,thapsus,,,,exotic,unlisted,,48.865609999999997,-123.350234000000000,,NA,NA,"70958878",obs_exotic,file:///D:/Simon/Sync/Root/GIS/Biodiversity%20Data/obs_exotic.csv?type=csv&maxFields=10000&detectTypes=yes&xField=longitude&yField=latitude&crs=EPSG:4326&spatialIndex=no&subsetIndex=no&watchFile=no
"9647",Verbascum thapsus,Verbascum,thapsus,,,,exotic,unlisted,,48.972799999999999,-123.550255000000007,,NA,NA,"124667889",obs_exotic,file:///D:/Simon/Sync/Root/GIS/Biodiversity%20Data/obs_exotic.csv?type=csv&maxFields=10000&detectTypes=yes&xField=longitude&yField=latitude&crs=EPSG:4326&spatialIndex=no&subsetIndex=no&watchFile=no
"9681",Veronica arvensis,Veronica,arvensis,,,,exotic,unlisted,,48.928173000000001,-123.471564999999998,,NA,NA,"2567293",obs_exotic,file:///D:/Simon/Sync/Root/GIS/Biodiversity%20Data/obs_exotic.csv?type=csv&maxFields=10000&detectTypes=yes&xField=longitude&yField=latitude&crs=EPSG:4326&spatialIndex=no&subsetIndex=no&watchFile=no
"9682",Veronica arvensis,Veronica,arvensis,,,,exotic,unlisted,,48.928409000000002,-123.469334000000003,,NA,NA,"2567304",obs_exotic,file:///D:/Simon/Sync/Root/GIS/Biodiversity%20Data/obs_exotic.csv?type=csv&maxFields=10000&detectTypes=yes&xField=longitude&yField=latitude&crs=EPSG:4326&spatialIndex=no&subsetIndex=no&watchFile=no
"9683",Veronica arvensis,Veronica,arvensis,,,,exotic,unlisted,,48.869262999999997,-123.346942999999996,,NA,NA,"2989897",obs_exotic,file:///D:/Simon/Sync/Root/GIS/Biodiversity%20Data/obs_exotic.csv?type=csv&maxFields=10000&detectTypes=yes&xField=longitude&yField=latitude&crs=EPSG:4326&spatialIndex=no&subsetIndex=no&watchFile=no
"9684",Veronica arvensis,Veronica,arvensis,,,,exotic,unlisted,,48.866764000000003,-123.336060000000003,,NA,NA,"3029045",obs_exotic,file:///D:/Simon/Sync/Root/GIS/Biodiversity%20Data/obs_exotic.csv?type=csv&maxFields=10000&detectTypes=yes&xField=longitude&yField=latitude&crs=EPSG:4326&spatialIndex=no&subsetIndex=no&watchFile=no
"9685",Veronica arvensis,Veronica,arvensis,,,,exotic,unlisted,,48.867718000000004,-123.340086999999997,,NA,NA,"3041562",obs_exotic,file:///D:/Simon/Sync/Root/GIS/Biodiversity%20Data/obs_exotic.csv?type=csv&maxFields=10000&detectTypes=yes&xField=longitude&yField=latitude&crs=EPSG:4326&spatialIndex=no&subsetIndex=no&watchFile=no
"9686",Veronica arvensis,Veronica,arvensis,,,,exotic,unlisted,,48.867579999999997,-123.345555000000004,,NA,NA,"3069648",obs_exotic,file:///D:/Simon/Sync/Root/GIS/Biodiversity%20Data/obs_exotic.csv?type=csv&maxFields=10000&detectTypes=yes&xField=longitude&yField=latitude&crs=EPSG:4326&spatialIndex=no&subsetIndex=no&watchFile=no
"9687",Veronica arvensis,Veronica,arvensis,,,,exotic,unlisted,,48.932485999999997,-123.483839000000003,,NA,NA,"3317813",obs_exotic,file:///D:/Simon/Sync/Root/GIS/Biodiversity%20Data/obs_exotic.csv?type=csv&maxFields=10000&detectTypes=yes&xField=longitude&yField=latitude&crs=EPSG:4326&spatialIndex=no&subsetIndex=no&watchFile=no
"9688",Veronica arvensis,Veronica,arvensis,,,,exotic,unlisted,,48.866559879999997,-123.335244700000004,,NA,NA,"3649884",obs_exotic,file:///D:/Simon/Sync/Root/GIS/Biodiversity%20Data/obs_exotic.csv?type=csv&maxFields=10000&detectTypes=yes&xField=longitude&yField=latitude&crs=EPSG:4326&spatialIndex=no&subsetIndex=no&watchFile=no
"9689",Veronica arvensis,Veronica,arvensis,,,,exotic,unlisted,,48.904561620000003,-123.413457899999997,,NA,NA,"6047546",obs_exotic,file:///D:/Simon/Sync/Root/GIS/Biodiversity%20Data/obs_exotic.csv?type=csv&maxFields=10000&detectTypes=yes&xField=longitude&yField=latitude&crs=EPSG:4326&spatialIndex=no&subsetIndex=no&watchFile=no
"9690",Veronica arvensis,Veronica,arvensis,,,,exotic,unlisted,,48.868045960000003,-123.376979800000001,,NA,NA,"6216769",obs_exotic,file:///D:/Simon/Sync/Root/GIS/Biodiversity%20Data/obs_exotic.csv?type=csv&maxFields=10000&detectTypes=yes&xField=longitude&yField=latitude&crs=EPSG:4326&spatialIndex=no&subsetIndex=no&watchFile=no
"9691",Veronica arvensis,Veronica,arvensis,,,,exotic,unlisted,,48.868441169999997,-123.378095599999995,,NA,NA,"6217023",obs_exotic,file:///D:/Simon/Sync/Root/GIS/Biodiversity%20Data/obs_exotic.csv?type=csv&maxFields=10000&detectTypes=yes&xField=longitude&yField=latitude&crs=EPSG:4326&spatialIndex=no&subsetIndex=no&watchFile=no
"9692",Veronica arvensis,Veronica,arvensis,,,,exotic,unlisted,,48.867255520000001,-123.338356000000005,,NA,NA,"6217508",obs_exotic,file:///D:/Simon/Sync/Root/GIS/Biodiversity%20Data/obs_exotic.csv?type=csv&maxFields=10000&detectTypes=yes&xField=longitude&yField=latitude&crs=EPSG:4326&spatialIndex=no&subsetIndex=no&watchFile=no
"9693",Veronica arvensis,Veronica,arvensis,,,,exotic,unlisted,,48.868751690000003,-123.379125599999995,,NA,NA,"6217937",obs_exotic,file:///D:/Simon/Sync/Root/GIS/Biodiversity%20Data/obs_exotic.csv?type=csv&maxFields=10000&detectTypes=yes&xField=longitude&yField=latitude&crs=EPSG:4326&spatialIndex=no&subsetIndex=no&watchFile=no
"9694",Veronica arvensis,Veronica,arvensis,,,,exotic,unlisted,,48.927123649999999,-123.466844600000002,,NA,NA,"6298762",obs_exotic,file:///D:/Simon/Sync/Root/GIS/Biodiversity%20Data/obs_exotic.csv?type=csv&maxFields=10000&detectTypes=yes&xField=longitude&yField=latitude&crs=EPSG:4326&spatialIndex=no&subsetIndex=no&watchFile=no
"9695",Veronica arvensis,Veronica,arvensis,,,,exotic,unlisted,,48.983640999999999,-123.568078999999997,,NA,NA,"11100959",obs_exotic,file:///D:/Simon/Sync/Root/GIS/Biodiversity%20Data/obs_exotic.csv?type=csv&maxFields=10000&detectTypes=yes&xField=longitude&yField=latitude&crs=EPSG:4326&spatialIndex=no&subsetIndex=no&watchFile=no
"9696",Veronica arvensis,Veronica,arvensis,,,,exotic,unlisted,,48.866956060000000,-123.341274999999996,,NA,NA,"16310369",obs_exotic,file:///D:/Simon/Sync/Root/GIS/Biodiversity%20Data/obs_exotic.csv?type=csv&maxFields=10000&detectTypes=yes&xField=longitude&yField=latitude&crs=EPSG:4326&spatialIndex=no&subsetIndex=no&watchFile=no
"9697",Veronica arvensis,Veronica,arvensis,,,,exotic,unlisted,,48.913491669999999,-123.386878300000006,,NA,NA,"22996650",obs_exotic,file:///D:/Simon/Sync/Root/GIS/Biodiversity%20Data/obs_exotic.csv?type=csv&maxFields=10000&detectTypes=yes&xField=longitude&yField=latitude&crs=EPSG:4326&spatialIndex=no&subsetIndex=no&watchFile=no
"9698",Veronica arvensis,Veronica,arvensis,,,,exotic,unlisted,,48.901780559999999,-123.405633300000005,,NA,NA,"24683926",obs_exotic,file:///D:/Simon/Sync/Root/GIS/Biodiversity%20Data/obs_exotic.csv?type=csv&maxFields=10000&detectTypes=yes&xField=longitude&yField=latitude&crs=EPSG:4326&spatialIndex=no&subsetIndex=no&watchFile=no
"9699",Veronica arvensis,Veronica,arvensis,,,,exotic,unlisted,,48.872092459999998,-123.311705200000006,,NA,NA,"24711752",obs_exotic,file:///D:/Simon/Sync/Root/GIS/Biodiversity%20Data/obs_exotic.csv?type=csv&maxFields=10000&detectTypes=yes&xField=longitude&yField=latitude&crs=EPSG:4326&spatialIndex=no&subsetIndex=no&watchFile=no
"9700",Veronica arvensis,Veronica,arvensis,,,,exotic,unlisted,,48.900805720000001,-123.404212700000002,,NA,NA,"24919326",obs_exotic,file:///D:/Simon/Sync/Root/GIS/Biodiversity%20Data/obs_exotic.csv?type=csv&maxFields=10000&detectTypes=yes&xField=longitude&yField=latitude&crs=EPSG:4326&spatialIndex=no&subsetIndex=no&watchFile=no
"9701",Veronica arvensis,Veronica,arvensis,,,,exotic,unlisted,,48.866715859999999,-123.337265400000007,,NA,NA,"25074876",obs_exotic,file:///D:/Simon/Sync/Root/GIS/Biodiversity%20Data/obs_exotic.csv?type=csv&maxFields=10000&detectTypes=yes&xField=longitude&yField=latitude&crs=EPSG:4326&spatialIndex=no&subsetIndex=no&watchFile=no
"9702",Veronica arvensis,Veronica,arvensis,,,,exotic,unlisted,,48.978684710000003,-123.556405299999994,,NA,NA,"25479793",obs_exotic,file:///D:/Simon/Sync/Root/GIS/Biodiversity%20Data/obs_exotic.csv?type=csv&maxFields=10000&detectTypes=yes&xField=longitude&yField=latitude&crs=EPSG:4326&spatialIndex=no&subsetIndex=no&watchFile=no
"9703",Veronica arvensis,Veronica,arvensis,,,,exotic,unlisted,,48.866855559999998,-123.331016700000006,,NA,NA,"25658097",obs_exotic,file:///D:/Simon/Sync/Root/GIS/Biodiversity%20Data/obs_exotic.csv?type=csv&maxFields=10000&detectTypes=yes&xField=longitude&yField=latitude&crs=EPSG:4326&spatialIndex=no&subsetIndex=no&watchFile=no
"9704",Veronica arvensis,Veronica,arvensis,,,,exotic,unlisted,,48.894036669999998,-123.403908299999998,,NA,NA,"32119799",obs_exotic,file:///D:/Simon/Sync/Root/GIS/Biodiversity%20Data/obs_exotic.csv?type=csv&maxFields=10000&detectTypes=yes&xField=longitude&yField=latitude&crs=EPSG:4326&spatialIndex=no&subsetIndex=no&watchFile=no
"9705",Veronica arvensis,Veronica,arvensis,,,,exotic,unlisted,,48.901283329999998,-123.405296699999994,,NA,NA,"32128788",obs_exotic,file:///D:/Simon/Sync/Root/GIS/Biodiversity%20Data/obs_exotic.csv?type=csv&maxFields=10000&detectTypes=yes&xField=longitude&yField=latitude&crs=EPSG:4326&spatialIndex=no&subsetIndex=no&watchFile=no
"9706",Veronica arvensis,Veronica,arvensis,,,,exotic,unlisted,,48.864644439999999,-123.366863899999998,,NA,NA,"41788620",obs_exotic,file:///D:/Simon/Sync/Root/GIS/Biodiversity%20Data/obs_exotic.csv?type=csv&maxFields=10000&detectTypes=yes&xField=longitude&yField=latitude&crs=EPSG:4326&spatialIndex=no&subsetIndex=no&watchFile=no
"9707",Veronica arvensis,Veronica,arvensis,,,,exotic,unlisted,,48.864411109999999,-123.366441699999996,,NA,NA,"41788639",obs_exotic,file:///D:/Simon/Sync/Root/GIS/Biodiversity%20Data/obs_exotic.csv?type=csv&maxFields=10000&detectTypes=yes&xField=longitude&yField=latitude&crs=EPSG:4326&spatialIndex=no&subsetIndex=no&watchFile=no
"9708",Veronica arvensis,Veronica,arvensis,,,,exotic,unlisted,,48.867390000000000,-123.376218300000005,,NA,NA,"42365208",obs_exotic,file:///D:/Simon/Sync/Root/GIS/Biodiversity%20Data/obs_exotic.csv?type=csv&maxFields=10000&detectTypes=yes&xField=longitude&yField=latitude&crs=EPSG:4326&spatialIndex=no&subsetIndex=no&watchFile=no
"9709",Veronica arvensis,Veronica,arvensis,,,,exotic,unlisted,,48.867663329999999,-123.376401700000002,,NA,NA,"42365227",obs_exotic,file:///D:/Simon/Sync/Root/GIS/Biodiversity%20Data/obs_exotic.csv?type=csv&maxFields=10000&detectTypes=yes&xField=longitude&yField=latitude&crs=EPSG:4326&spatialIndex=no&subsetIndex=no&watchFile=no
"9710",Veronica arvensis,Veronica,arvensis,,,,exotic,unlisted,,48.867663329999999,-123.376401700000002,,NA,NA,"42365229",obs_exotic,file:///D:/Simon/Sync/Root/GIS/Biodiversity%20Data/obs_exotic.csv?type=csv&maxFields=10000&detectTypes=yes&xField=longitude&yField=latitude&crs=EPSG:4326&spatialIndex=no&subsetIndex=no&watchFile=no
"9711",Veronica arvensis,Veronica,arvensis,,,,exotic,unlisted,,48.865736110000000,-123.365297200000001,,NA,NA,"42637628",obs_exotic,file:///D:/Simon/Sync/Root/GIS/Biodiversity%20Data/obs_exotic.csv?type=csv&maxFields=10000&detectTypes=yes&xField=longitude&yField=latitude&crs=EPSG:4326&spatialIndex=no&subsetIndex=no&watchFile=no
"9712",Veronica arvensis,Veronica,arvensis,,,,exotic,unlisted,,48.878355560000003,-123.317055600000003,,NA,NA,"42682086",obs_exotic,file:///D:/Simon/Sync/Root/GIS/Biodiversity%20Data/obs_exotic.csv?type=csv&maxFields=10000&detectTypes=yes&xField=longitude&yField=latitude&crs=EPSG:4326&spatialIndex=no&subsetIndex=no&watchFile=no
"9713",Veronica arvensis,Veronica,arvensis,,,,exotic,unlisted,,48.886486419999997,-123.390424800000005,,NA,NA,"42853111",obs_exotic,file:///D:/Simon/Sync/Root/GIS/Biodiversity%20Data/obs_exotic.csv?type=csv&maxFields=10000&detectTypes=yes&xField=longitude&yField=latitude&crs=EPSG:4326&spatialIndex=no&subsetIndex=no&watchFile=no
"9714",Veronica arvensis,Veronica,arvensis,,,,exotic,unlisted,,48.869887869999999,-123.319712899999999,,NA,NA,"45517770",obs_exotic,file:///D:/Simon/Sync/Root/GIS/Biodiversity%20Data/obs_exotic.csv?type=csv&maxFields=10000&detectTypes=yes&xField=longitude&yField=latitude&crs=EPSG:4326&spatialIndex=no&subsetIndex=no&watchFile=no
"9715",Veronica arvensis,Veronica,arvensis,,,,exotic,unlisted,,48.938130000000001,-123.499803299999996,,NA,NA,"49133701",obs_exotic,file:///D:/Simon/Sync/Root/GIS/Biodiversity%20Data/obs_exotic.csv?type=csv&maxFields=10000&detectTypes=yes&xField=longitude&yField=latitude&crs=EPSG:4326&spatialIndex=no&subsetIndex=no&watchFile=no
"9716",Veronica arvensis,Veronica,arvensis,,,,exotic,unlisted,,48.869463680000003,-123.379006899999993,,NA,NA,"52497081",obs_exotic,file:///D:/Simon/Sync/Root/GIS/Biodiversity%20Data/obs_exotic.csv?type=csv&maxFields=10000&detectTypes=yes&xField=longitude&yField=latitude&crs=EPSG:4326&spatialIndex=no&subsetIndex=no&watchFile=no
"9717",Veronica arvensis,Veronica,arvensis,,,,exotic,unlisted,,48.870405560000002,-123.380463899999995,,NA,NA,"74104786",obs_exotic,file:///D:/Simon/Sync/Root/GIS/Biodiversity%20Data/obs_exotic.csv?type=csv&maxFields=10000&detectTypes=yes&xField=longitude&yField=latitude&crs=EPSG:4326&spatialIndex=no&subsetIndex=no&watchFile=no
"9718",Veronica arvensis,Veronica,arvensis,,,,exotic,unlisted,,48.871880560000001,-123.382661100000007,,NA,NA,"77854437",obs_exotic,file:///D:/Simon/Sync/Root/GIS/Biodiversity%20Data/obs_exotic.csv?type=csv&maxFields=10000&detectTypes=yes&xField=longitude&yField=latitude&crs=EPSG:4326&spatialIndex=no&subsetIndex=no&watchFile=no
"9719",Veronica arvensis,Veronica,arvensis,,,,exotic,unlisted,,48.871556669999997,-123.311066699999998,,NA,NA,"110820840",obs_exotic,file:///D:/Simon/Sync/Root/GIS/Biodiversity%20Data/obs_exotic.csv?type=csv&maxFields=10000&detectTypes=yes&xField=longitude&yField=latitude&crs=EPSG:4326&spatialIndex=no&subsetIndex=no&watchFile=no
"9720",Veronica arvensis,Veronica,arvensis,,,,exotic,unlisted,,48.871558329999999,-123.311066699999998,,NA,NA,"110820846",obs_exotic,file:///D:/Simon/Sync/Root/GIS/Biodiversity%20Data/obs_exotic.csv?type=csv&maxFields=10000&detectTypes=yes&xField=longitude&yField=latitude&crs=EPSG:4326&spatialIndex=no&subsetIndex=no&watchFile=no
"9721",Veronica arvensis,Veronica,arvensis,,,,exotic,unlisted,,48.952595000000002,-123.533371700000004,,NA,NA,"111106246",obs_exotic,file:///D:/Simon/Sync/Root/GIS/Biodiversity%20Data/obs_exotic.csv?type=csv&maxFields=10000&detectTypes=yes&xField=longitude&yField=latitude&crs=EPSG:4326&spatialIndex=no&subsetIndex=no&watchFile=no
"9722",Veronica arvensis,Veronica,arvensis,,,,exotic,unlisted,,48.865765439999997,-123.369791199999995,,NA,NA,"111609841",obs_exotic,file:///D:/Simon/Sync/Root/GIS/Biodiversity%20Data/obs_exotic.csv?type=csv&maxFields=10000&detectTypes=yes&xField=longitude&yField=latitude&crs=EPSG:4326&spatialIndex=no&subsetIndex=no&watchFile=no
"9723",Veronica arvensis,Veronica,arvensis,,,,exotic,unlisted,,48.863328330000002,-123.363003300000003,,NA,NA,"116636252",obs_exotic,file:///D:/Simon/Sync/Root/GIS/Biodiversity%20Data/obs_exotic.csv?type=csv&maxFields=10000&detectTypes=yes&xField=longitude&yField=latitude&crs=EPSG:4326&spatialIndex=no&subsetIndex=no&watchFile=no
"9724",Veronica arvensis,Veronica,arvensis,,,,exotic,unlisted,,48.897586109999999,-123.338988900000004,,NA,NA,"120494842",obs_exotic,file:///D:/Simon/Sync/Root/GIS/Biodiversity%20Data/obs_exotic.csv?type=csv&maxFields=10000&detectTypes=yes&xField=longitude&yField=latitude&crs=EPSG:4326&spatialIndex=no&subsetIndex=no&watchFile=no
"9725",Veronica arvensis,Veronica,arvensis,,,,exotic,unlisted,,48.869999929999999,-123.379999999999995,,NA,NA,"120975134",obs_exotic,file:///D:/Simon/Sync/Root/GIS/Biodiversity%20Data/obs_exotic.csv?type=csv&maxFields=10000&detectTypes=yes&xField=longitude&yField=latitude&crs=EPSG:4326&spatialIndex=no&subsetIndex=no&watchFile=no
"9726",Veronica arvensis,Veronica,arvensis,,,,exotic,unlisted,,48.869999929999999,-123.379999999999995,,NA,NA,"121011000",obs_exotic,file:///D:/Simon/Sync/Root/GIS/Biodiversity%20Data/obs_exotic.csv?type=csv&maxFields=10000&detectTypes=yes&xField=longitude&yField=latitude&crs=EPSG:4326&spatialIndex=no&subsetIndex=no&watchFile=no
"9727",Veronica arvensis,Veronica,arvensis,,,,exotic,unlisted,,49.014020000000002,-123.573733300000001,,NA,NA,"123934601",obs_exotic,file:///D:/Simon/Sync/Root/GIS/Biodiversity%20Data/obs_exotic.csv?type=csv&maxFields=10000&detectTypes=yes&xField=longitude&yField=latitude&crs=EPSG:4326&spatialIndex=no&subsetIndex=no&watchFile=no
"9728",Veronica arvensis,Veronica,arvensis,,,,exotic,unlisted,,49.014121670000002,-123.573831700000000,,NA,NA,"123934612",obs_exotic,file:///D:/Simon/Sync/Root/GIS/Biodiversity%20Data/obs_exotic.csv?type=csv&maxFields=10000&detectTypes=yes&xField=longitude&yField=latitude&crs=EPSG:4326&spatialIndex=no&subsetIndex=no&watchFile=no
"9729",Veronica arvensis,Veronica,arvensis,,,,exotic,unlisted,,48.934844439999999,-123.474936099999994,,NA,NA,"128113447",obs_exotic,file:///D:/Simon/Sync/Root/GIS/Biodiversity%20Data/obs_exotic.csv?type=csv&maxFields=10000&detectTypes=yes&xField=longitude&yField=latitude&crs=EPSG:4326&spatialIndex=no&subsetIndex=no&watchFile=no
"9730",Veronica filiformis,Veronica,filiformis,,,,exotic,unlisted,,48.863621000000002,-123.350823000000005,,NA,NA,"2975285",obs_exotic,file:///D:/Simon/Sync/Root/GIS/Biodiversity%20Data/obs_exotic.csv?type=csv&maxFields=10000&detectTypes=yes&xField=longitude&yField=latitude&crs=EPSG:4326&spatialIndex=no&subsetIndex=no&watchFile=no
"9731",Veronica filiformis,Veronica,filiformis,,,,exotic,unlisted,,48.895508329999998,-123.395866699999999,,NA,NA,"74089916",obs_exotic,file:///D:/Simon/Sync/Root/GIS/Biodiversity%20Data/obs_exotic.csv?type=csv&maxFields=10000&detectTypes=yes&xField=longitude&yField=latitude&crs=EPSG:4326&spatialIndex=no&subsetIndex=no&watchFile=no
"9732",Veronica officinalis,Veronica,officinalis,,,,exotic,unlisted,,48.973466739999999,-123.545958999999996,,NA,NA,"6412038",obs_exotic,file:///D:/Simon/Sync/Root/GIS/Biodiversity%20Data/obs_exotic.csv?type=csv&maxFields=10000&detectTypes=yes&xField=longitude&yField=latitude&crs=EPSG:4326&spatialIndex=no&subsetIndex=no&watchFile=no
"9733",Veronica officinalis,Veronica,officinalis,,,,exotic,unlisted,,48.910836089999997,-123.395243199999996,,NA,NA,"13102186",obs_exotic,file:///D:/Simon/Sync/Root/GIS/Biodiversity%20Data/obs_exotic.csv?type=csv&maxFields=10000&detectTypes=yes&xField=longitude&yField=latitude&crs=EPSG:4326&spatialIndex=no&subsetIndex=no&watchFile=no
"9734",Veronica officinalis,Veronica,officinalis,,,,exotic,unlisted,,48.976215000000003,-123.550890999999993,,NA,NA,"48882713",obs_exotic,file:///D:/Simon/Sync/Root/GIS/Biodiversity%20Data/obs_exotic.csv?type=csv&maxFields=10000&detectTypes=yes&xField=longitude&yField=latitude&crs=EPSG:4326&spatialIndex=no&subsetIndex=no&watchFile=no
"9735",Veronica persica,Veronica,persica,,,,exotic,unlisted,,48.869599999999998,-123.319400000000002,,NA,NA,"11367218",obs_exotic,file:///D:/Simon/Sync/Root/GIS/Biodiversity%20Data/obs_exotic.csv?type=csv&maxFields=10000&detectTypes=yes&xField=longitude&yField=latitude&crs=EPSG:4326&spatialIndex=no&subsetIndex=no&watchFile=no
"9746",Veronica serpyllifolia,Veronica,serpyllifolia,,,,exotic,unlisted,,48.932875000000003,-123.480576999999997,,NA,NA,"2569367",obs_exotic,file:///D:/Simon/Sync/Root/GIS/Biodiversity%20Data/obs_exotic.csv?type=csv&maxFields=10000&detectTypes=yes&xField=longitude&yField=latitude&crs=EPSG:4326&spatialIndex=no&subsetIndex=no&watchFile=no
"9747",Veronica serpyllifolia,Veronica,serpyllifolia,,,,exotic,unlisted,,48.932875000000003,-123.480576999999997,,NA,NA,"2569376",obs_exotic,file:///D:/Simon/Sync/Root/GIS/Biodiversity%20Data/obs_exotic.csv?type=csv&maxFields=10000&detectTypes=yes&xField=longitude&yField=latitude&crs=EPSG:4326&spatialIndex=no&subsetIndex=no&watchFile=no
"9748",Veronica serpyllifolia,Veronica,serpyllifolia,,,,exotic,unlisted,,48.932875000000003,-123.480576999999997,,NA,NA,"2569379",obs_exotic,file:///D:/Simon/Sync/Root/GIS/Biodiversity%20Data/obs_exotic.csv?type=csv&maxFields=10000&detectTypes=yes&xField=longitude&yField=latitude&crs=EPSG:4326&spatialIndex=no&subsetIndex=no&watchFile=no
"9749",Veronica serpyllifolia,Veronica,serpyllifolia,,,,exotic,unlisted,,48.928451000000003,-123.469055999999995,,NA,NA,"2622617",obs_exotic,file:///D:/Simon/Sync/Root/GIS/Biodiversity%20Data/obs_exotic.csv?type=csv&maxFields=10000&detectTypes=yes&xField=longitude&yField=latitude&crs=EPSG:4326&spatialIndex=no&subsetIndex=no&watchFile=no
"9750",Veronica serpyllifolia,Veronica,serpyllifolia,,,,exotic,unlisted,,48.930844999999998,-123.478088000000000,,NA,NA,"2625814",obs_exotic,file:///D:/Simon/Sync/Root/GIS/Biodiversity%20Data/obs_exotic.csv?type=csv&maxFields=10000&detectTypes=yes&xField=longitude&yField=latitude&crs=EPSG:4326&spatialIndex=no&subsetIndex=no&watchFile=no
"9751",Veronica serpyllifolia,Veronica,serpyllifolia,,,,exotic,unlisted,,48.916645000000003,-123.424272999999999,,NA,NA,"3093635",obs_exotic,file:///D:/Simon/Sync/Root/GIS/Biodiversity%20Data/obs_exotic.csv?type=csv&maxFields=10000&detectTypes=yes&xField=longitude&yField=latitude&crs=EPSG:4326&spatialIndex=no&subsetIndex=no&watchFile=no
"9752",Veronica serpyllifolia,Veronica,serpyllifolia,,,,exotic,unlisted,,48.915987999999999,-123.424981000000002,,NA,NA,"3215219",obs_exotic,file:///D:/Simon/Sync/Root/GIS/Biodiversity%20Data/obs_exotic.csv?type=csv&maxFields=10000&detectTypes=yes&xField=longitude&yField=latitude&crs=EPSG:4326&spatialIndex=no&subsetIndex=no&watchFile=no
"9753",Veronica serpyllifolia,Veronica,serpyllifolia,,,,exotic,unlisted,,48.915917000000000,-123.425023999999993,,NA,NA,"3215574",obs_exotic,file:///D:/Simon/Sync/Root/GIS/Biodiversity%20Data/obs_exotic.csv?type=csv&maxFields=10000&detectTypes=yes&xField=longitude&yField=latitude&crs=EPSG:4326&spatialIndex=no&subsetIndex=no&watchFile=no
"9754",Veronica serpyllifolia,Veronica,serpyllifolia,,,,exotic,unlisted,,48.951200000000000,-123.516368999999997,,NA,NA,"3556107",obs_exotic,file:///D:/Simon/Sync/Root/GIS/Biodiversity%20Data/obs_exotic.csv?type=csv&maxFields=10000&detectTypes=yes&xField=longitude&yField=latitude&crs=EPSG:4326&spatialIndex=no&subsetIndex=no&watchFile=no
"9755",Veronica serpyllifolia,Veronica,serpyllifolia,,,,exotic,unlisted,,48.929407490000003,-123.470749900000001,,NA,NA,"6217451",obs_exotic,file:///D:/Simon/Sync/Root/GIS/Biodiversity%20Data/obs_exotic.csv?type=csv&maxFields=10000&detectTypes=yes&xField=longitude&yField=latitude&crs=EPSG:4326&spatialIndex=no&subsetIndex=no&watchFile=no
"9756",Veronica serpyllifolia,Veronica,serpyllifolia,,,,exotic,unlisted,,48.943192879999998,-123.484139400000004,,NA,NA,"6411187",obs_exotic,file:///D:/Simon/Sync/Root/GIS/Biodiversity%20Data/obs_exotic.csv?type=csv&maxFields=10000&detectTypes=yes&xField=longitude&yField=latitude&crs=EPSG:4326&spatialIndex=no&subsetIndex=no&watchFile=no
"9757",Veronica serpyllifolia,Veronica,serpyllifolia,,,,exotic,unlisted,,48.943192879999998,-123.484139400000004,,NA,NA,"6411193",obs_exotic,file:///D:/Simon/Sync/Root/GIS/Biodiversity%20Data/obs_exotic.csv?type=csv&maxFields=10000&detectTypes=yes&xField=longitude&yField=latitude&crs=EPSG:4326&spatialIndex=no&subsetIndex=no&watchFile=no
"9758",Veronica serpyllifolia,Veronica,serpyllifolia,,,,exotic,unlisted,,48.901345700000000,-123.363590200000004,,NA,NA,"6413835",obs_exotic,file:///D:/Simon/Sync/Root/GIS/Biodiversity%20Data/obs_exotic.csv?type=csv&maxFields=10000&detectTypes=yes&xField=longitude&yField=latitude&crs=EPSG:4326&spatialIndex=no&subsetIndex=no&watchFile=no
"9759",Veronica serpyllifolia,Veronica,serpyllifolia,,,,exotic,unlisted,,48.998050470000003,-123.568393999999998,,NA,NA,"6570575",obs_exotic,file:///D:/Simon/Sync/Root/GIS/Biodiversity%20Data/obs_exotic.csv?type=csv&maxFields=10000&detectTypes=yes&xField=longitude&yField=latitude&crs=EPSG:4326&spatialIndex=no&subsetIndex=no&watchFile=no
"9760",Veronica serpyllifolia,Veronica,serpyllifolia,,,,exotic,unlisted,,48.878314969999998,-123.319633499999995,,NA,NA,"12359070",obs_exotic,file:///D:/Simon/Sync/Root/GIS/Biodiversity%20Data/obs_exotic.csv?type=csv&maxFields=10000&detectTypes=yes&xField=longitude&yField=latitude&crs=EPSG:4326&spatialIndex=no&subsetIndex=no&watchFile=no
"9761",Veronica serpyllifolia,Veronica,serpyllifolia,,,,exotic,unlisted,,48.874896000000000,-123.341813000000002,,NA,NA,"12630708",obs_exotic,file:///D:/Simon/Sync/Root/GIS/Biodiversity%20Data/obs_exotic.csv?type=csv&maxFields=10000&detectTypes=yes&xField=longitude&yField=latitude&crs=EPSG:4326&spatialIndex=no&subsetIndex=no&watchFile=no
"9762",Veronica serpyllifolia,Veronica,serpyllifolia,,,,exotic,unlisted,,48.889138000000003,-123.375054000000006,,NA,NA,"12664096",obs_exotic,file:///D:/Simon/Sync/Root/GIS/Biodiversity%20Data/obs_exotic.csv?type=csv&maxFields=10000&detectTypes=yes&xField=longitude&yField=latitude&crs=EPSG:4326&spatialIndex=no&subsetIndex=no&watchFile=no
"9763",Veronica serpyllifolia,Veronica,serpyllifolia,,,,exotic,unlisted,,48.874077000000000,-123.342488000000003,,NA,NA,"12791858",obs_exotic,file:///D:/Simon/Sync/Root/GIS/Biodiversity%20Data/obs_exotic.csv?type=csv&maxFields=10000&detectTypes=yes&xField=longitude&yField=latitude&crs=EPSG:4326&spatialIndex=no&subsetIndex=no&watchFile=no
"9764",Veronica serpyllifolia,Veronica,serpyllifolia,,,,exotic,unlisted,,48.869779000000001,-123.319816000000003,,NA,NA,"13030550",obs_exotic,file:///D:/Simon/Sync/Root/GIS/Biodiversity%20Data/obs_exotic.csv?type=csv&maxFields=10000&detectTypes=yes&xField=longitude&yField=latitude&crs=EPSG:4326&spatialIndex=no&subsetIndex=no&watchFile=no
"9765",Veronica serpyllifolia,Veronica,serpyllifolia,,,,exotic,unlisted,,48.948658530000003,-123.502786999999998,,NA,NA,"15412691",obs_exotic,file:///D:/Simon/Sync/Root/GIS/Biodiversity%20Data/obs_exotic.csv?type=csv&maxFields=10000&detectTypes=yes&xField=longitude&yField=latitude&crs=EPSG:4326&spatialIndex=no&subsetIndex=no&watchFile=no
"9766",Veronica serpyllifolia,Veronica,serpyllifolia,,,,exotic,unlisted,,48.884191870000002,-123.341092900000007,,NA,NA,"16307474",obs_exotic,file:///D:/Simon/Sync/Root/GIS/Biodiversity%20Data/obs_exotic.csv?type=csv&maxFields=10000&detectTypes=yes&xField=longitude&yField=latitude&crs=EPSG:4326&spatialIndex=no&subsetIndex=no&watchFile=no
"9767",Veronica serpyllifolia,Veronica,serpyllifolia,,,,exotic,unlisted,,48.869225000000000,-123.364691699999995,,NA,NA,"25045216",obs_exotic,file:///D:/Simon/Sync/Root/GIS/Biodiversity%20Data/obs_exotic.csv?type=csv&maxFields=10000&detectTypes=yes&xField=longitude&yField=latitude&crs=EPSG:4326&spatialIndex=no&subsetIndex=no&watchFile=no
"9768",Veronica serpyllifolia,Veronica,serpyllifolia,,,,exotic,unlisted,,48.933285060000003,-123.483140199999994,,NA,NA,"44447103",obs_exotic,file:///D:/Simon/Sync/Root/GIS/Biodiversity%20Data/obs_exotic.csv?type=csv&maxFields=10000&detectTypes=yes&xField=longitude&yField=latitude&crs=EPSG:4326&spatialIndex=no&subsetIndex=no&watchFile=no
"9769",Veronica serpyllifolia,Veronica,serpyllifolia,,,,exotic,unlisted,,48.869787629999998,-123.346647000000004,,NA,NA,"45751450",obs_exotic,file:///D:/Simon/Sync/Root/GIS/Biodiversity%20Data/obs_exotic.csv?type=csv&maxFields=10000&detectTypes=yes&xField=longitude&yField=latitude&crs=EPSG:4326&spatialIndex=no&subsetIndex=no&watchFile=no
"9770",Veronica serpyllifolia,Veronica,serpyllifolia,,,,exotic,unlisted,,48.896963329999998,-123.339858300000003,,NA,NA,"46124067",obs_exotic,file:///D:/Simon/Sync/Root/GIS/Biodiversity%20Data/obs_exotic.csv?type=csv&maxFields=10000&detectTypes=yes&xField=longitude&yField=latitude&crs=EPSG:4326&spatialIndex=no&subsetIndex=no&watchFile=no
"9771",Veronica serpyllifolia,Veronica,serpyllifolia,,,,exotic,unlisted,,48.904918330000001,-123.350091699999993,,NA,NA,"82513154",obs_exotic,file:///D:/Simon/Sync/Root/GIS/Biodiversity%20Data/obs_exotic.csv?type=csv&maxFields=10000&detectTypes=yes&xField=longitude&yField=latitude&crs=EPSG:4326&spatialIndex=no&subsetIndex=no&watchFile=no
"9772",Viburnum tinus,Viburnum,tinus,,,,exotic,unlisted,,48.923647000000003,-123.441472000000005,,NA,NA,"2564999",obs_exotic,file:///D:/Simon/Sync/Root/GIS/Biodiversity%20Data/obs_exotic.csv?type=csv&maxFields=10000&detectTypes=yes&xField=longitude&yField=latitude&crs=EPSG:4326&spatialIndex=no&subsetIndex=no&watchFile=no
"9773",Viburnum tinus,Viburnum,tinus,,,,exotic,unlisted,,48.929718000000001,-123.474654999999998,,NA,NA,"2565483",obs_exotic,file:///D:/Simon/Sync/Root/GIS/Biodiversity%20Data/obs_exotic.csv?type=csv&maxFields=10000&detectTypes=yes&xField=longitude&yField=latitude&crs=EPSG:4326&spatialIndex=no&subsetIndex=no&watchFile=no
"9774",Viburnum tinus,Viburnum,tinus,,,,exotic,unlisted,,48.929819000000002,-123.475352999999998,,NA,NA,"2738440",obs_exotic,file:///D:/Simon/Sync/Root/GIS/Biodiversity%20Data/obs_exotic.csv?type=csv&maxFields=10000&detectTypes=yes&xField=longitude&yField=latitude&crs=EPSG:4326&spatialIndex=no&subsetIndex=no&watchFile=no
"9790",Vicia cracca,Vicia,cracca,,,,exotic,unlisted,,48.992897999999997,-123.574943000000005,,NA,NA,"3881849",obs_exotic,file:///D:/Simon/Sync/Root/GIS/Biodiversity%20Data/obs_exotic.csv?type=csv&maxFields=10000&detectTypes=yes&xField=longitude&yField=latitude&crs=EPSG:4326&spatialIndex=no&subsetIndex=no&watchFile=no
"9791",Vicia cracca,Vicia,cracca,,,,exotic,unlisted,,48.993256000000002,-123.575677999999996,,NA,NA,"3889101",obs_exotic,file:///D:/Simon/Sync/Root/GIS/Biodiversity%20Data/obs_exotic.csv?type=csv&maxFields=10000&detectTypes=yes&xField=longitude&yField=latitude&crs=EPSG:4326&spatialIndex=no&subsetIndex=no&watchFile=no
"9792",Vicia cracca,Vicia,cracca,,,,exotic,unlisted,,48.948229630000000,-123.502327300000005,,NA,NA,"14247649",obs_exotic,file:///D:/Simon/Sync/Root/GIS/Biodiversity%20Data/obs_exotic.csv?type=csv&maxFields=10000&detectTypes=yes&xField=longitude&yField=latitude&crs=EPSG:4326&spatialIndex=no&subsetIndex=no&watchFile=no
"9793",Vicia cracca,Vicia,cracca,,,,exotic,unlisted,,48.948205029999997,-123.502047399999995,,NA,NA,"14300220",obs_exotic,file:///D:/Simon/Sync/Root/GIS/Biodiversity%20Data/obs_exotic.csv?type=csv&maxFields=10000&detectTypes=yes&xField=longitude&yField=latitude&crs=EPSG:4326&spatialIndex=no&subsetIndex=no&watchFile=no
"9794",Vicia cracca,Vicia,cracca,,,,exotic,unlisted,,48.948196639999999,-123.501691500000007,,NA,NA,"14300223",obs_exotic,file:///D:/Simon/Sync/Root/GIS/Biodiversity%20Data/obs_exotic.csv?type=csv&maxFields=10000&detectTypes=yes&xField=longitude&yField=latitude&crs=EPSG:4326&spatialIndex=no&subsetIndex=no&watchFile=no
"9795",Vicia cracca,Vicia,cracca,,,,exotic,unlisted,,48.992161670000002,-123.570173299999993,,NA,NA,"14335456",obs_exotic,file:///D:/Simon/Sync/Root/GIS/Biodiversity%20Data/obs_exotic.csv?type=csv&maxFields=10000&detectTypes=yes&xField=longitude&yField=latitude&crs=EPSG:4326&spatialIndex=no&subsetIndex=no&watchFile=no
"9796",Vicia cracca,Vicia,cracca,,,,exotic,unlisted,,48.948238060000001,-123.502001800000002,,NA,NA,"28440089",obs_exotic,file:///D:/Simon/Sync/Root/GIS/Biodiversity%20Data/obs_exotic.csv?type=csv&maxFields=10000&detectTypes=yes&xField=longitude&yField=latitude&crs=EPSG:4326&spatialIndex=no&subsetIndex=no&watchFile=no
"9797",Vicia cracca,Vicia,cracca,,,,exotic,unlisted,,48.948558329999997,-123.502288300000004,,NA,NA,"82628789",obs_exotic,file:///D:/Simon/Sync/Root/GIS/Biodiversity%20Data/obs_exotic.csv?type=csv&maxFields=10000&detectTypes=yes&xField=longitude&yField=latitude&crs=EPSG:4326&spatialIndex=no&subsetIndex=no&watchFile=no
"9798",Vicia cracca,Vicia,cracca,,,,exotic,unlisted,,48.928441579999998,-123.466644599999995,,NA,NA,"84462697",obs_exotic,file:///D:/Simon/Sync/Root/GIS/Biodiversity%20Data/obs_exotic.csv?type=csv&maxFields=10000&detectTypes=yes&xField=longitude&yField=latitude&crs=EPSG:4326&spatialIndex=no&subsetIndex=no&watchFile=no
"9799",Vicia cracca,Vicia,cracca,,,,exotic,unlisted,,48.930760350000000,-123.474520499999997,,NA,NA,"84594147",obs_exotic,file:///D:/Simon/Sync/Root/GIS/Biodiversity%20Data/obs_exotic.csv?type=csv&maxFields=10000&detectTypes=yes&xField=longitude&yField=latitude&crs=EPSG:4326&spatialIndex=no&subsetIndex=no&watchFile=no
"9800",Vicia cracca,Vicia,cracca,,,,exotic,unlisted,,48.931727780000003,-123.476258299999998,,NA,NA,"125381633",obs_exotic,file:///D:/Simon/Sync/Root/GIS/Biodiversity%20Data/obs_exotic.csv?type=csv&maxFields=10000&detectTypes=yes&xField=longitude&yField=latitude&crs=EPSG:4326&spatialIndex=no&subsetIndex=no&watchFile=no
"9810",Vicia hirsuta,Vicia,hirsuta,,,,exotic,unlisted,,48.930368000000001,-123.476265999999995,,NA,NA,"2617646",obs_exotic,file:///D:/Simon/Sync/Root/GIS/Biodiversity%20Data/obs_exotic.csv?type=csv&maxFields=10000&detectTypes=yes&xField=longitude&yField=latitude&crs=EPSG:4326&spatialIndex=no&subsetIndex=no&watchFile=no
"9811",Vicia hirsuta,Vicia,hirsuta,,,,exotic,unlisted,,48.896949999999997,-123.406677000000002,,NA,NA,"3311027",obs_exotic,file:///D:/Simon/Sync/Root/GIS/Biodiversity%20Data/obs_exotic.csv?type=csv&maxFields=10000&detectTypes=yes&xField=longitude&yField=latitude&crs=EPSG:4326&spatialIndex=no&subsetIndex=no&watchFile=no
"9812",Vicia hirsuta,Vicia,hirsuta,,,,exotic,unlisted,,48.948469000000003,-123.503151000000003,,NA,NA,"3403073",obs_exotic,file:///D:/Simon/Sync/Root/GIS/Biodiversity%20Data/obs_exotic.csv?type=csv&maxFields=10000&detectTypes=yes&xField=longitude&yField=latitude&crs=EPSG:4326&spatialIndex=no&subsetIndex=no&watchFile=no
"9813",Vicia hirsuta,Vicia,hirsuta,,,,exotic,unlisted,,48.897734589999999,-123.406956199999996,,NA,NA,"6434865",obs_exotic,file:///D:/Simon/Sync/Root/GIS/Biodiversity%20Data/obs_exotic.csv?type=csv&maxFields=10000&detectTypes=yes&xField=longitude&yField=latitude&crs=EPSG:4326&spatialIndex=no&subsetIndex=no&watchFile=no
"9814",Vicia hirsuta,Vicia,hirsuta,,,,exotic,unlisted,,48.898712000000003,-123.358721000000003,,NA,NA,"12344515",obs_exotic,file:///D:/Simon/Sync/Root/GIS/Biodiversity%20Data/obs_exotic.csv?type=csv&maxFields=10000&detectTypes=yes&xField=longitude&yField=latitude&crs=EPSG:4326&spatialIndex=no&subsetIndex=no&watchFile=no
"9815",Vicia hirsuta,Vicia,hirsuta,,,,exotic,unlisted,,48.977368079999998,-123.566527600000001,,NA,NA,"42813414",obs_exotic,file:///D:/Simon/Sync/Root/GIS/Biodiversity%20Data/obs_exotic.csv?type=csv&maxFields=10000&detectTypes=yes&xField=longitude&yField=latitude&crs=EPSG:4326&spatialIndex=no&subsetIndex=no&watchFile=no
"9816",Vicia hirsuta,Vicia,hirsuta,,,,exotic,unlisted,,48.909873330000003,-123.373243299999999,,NA,NA,"119369515",obs_exotic,file:///D:/Simon/Sync/Root/GIS/Biodiversity%20Data/obs_exotic.csv?type=csv&maxFields=10000&detectTypes=yes&xField=longitude&yField=latitude&crs=EPSG:4326&spatialIndex=no&subsetIndex=no&watchFile=no
"9817",Vicia hirsuta,Vicia,hirsuta,,,,exotic,unlisted,,48.897477780000003,-123.338483299999993,,NA,NA,"120494838",obs_exotic,file:///D:/Simon/Sync/Root/GIS/Biodiversity%20Data/obs_exotic.csv?type=csv&maxFields=10000&detectTypes=yes&xField=longitude&yField=latitude&crs=EPSG:4326&spatialIndex=no&subsetIndex=no&watchFile=no
"9818",Vicia hirsuta,Vicia,hirsuta,,,,exotic,unlisted,,48.931630560000002,-123.477844399999995,,NA,NA,"120618100",obs_exotic,file:///D:/Simon/Sync/Root/GIS/Biodiversity%20Data/obs_exotic.csv?type=csv&maxFields=10000&detectTypes=yes&xField=longitude&yField=latitude&crs=EPSG:4326&spatialIndex=no&subsetIndex=no&watchFile=no
"9819",Vicia hirsuta,Vicia,hirsuta,,,,exotic,unlisted,,48.904136670000000,-123.367053299999995,,NA,NA,"120891259",obs_exotic,file:///D:/Simon/Sync/Root/GIS/Biodiversity%20Data/obs_exotic.csv?type=csv&maxFields=10000&detectTypes=yes&xField=longitude&yField=latitude&crs=EPSG:4326&spatialIndex=no&subsetIndex=no&watchFile=no
"9820",Vicia hirsuta,Vicia,hirsuta,,,,exotic,unlisted,,49.013221670000000,-123.573130000000006,,NA,NA,"123934589",obs_exotic,file:///D:/Simon/Sync/Root/GIS/Biodiversity%20Data/obs_exotic.csv?type=csv&maxFields=10000&detectTypes=yes&xField=longitude&yField=latitude&crs=EPSG:4326&spatialIndex=no&subsetIndex=no&watchFile=no
"9821",Vicia hirsuta,Vicia,hirsuta,,,,exotic,unlisted,,49.013388329999998,-123.573623299999994,,NA,NA,"123934630",obs_exotic,file:///D:/Simon/Sync/Root/GIS/Biodiversity%20Data/obs_exotic.csv?type=csv&maxFields=10000&detectTypes=yes&xField=longitude&yField=latitude&crs=EPSG:4326&spatialIndex=no&subsetIndex=no&watchFile=no
"9822",Vicia lathyroides,Vicia,lathyroides,,,,exotic,unlisted,,48.866489999999999,-123.375116700000007,,NA,NA,"114122090",obs_exotic,file:///D:/Simon/Sync/Root/GIS/Biodiversity%20Data/obs_exotic.csv?type=csv&maxFields=10000&detectTypes=yes&xField=longitude&yField=latitude&crs=EPSG:4326&spatialIndex=no&subsetIndex=no&watchFile=no
"9823",Vicia sativa,Vicia,sativa,,,,exotic,unlisted,,48.930056000000000,-123.467703000000000,,NA,NA,"2568875",obs_exotic,file:///D:/Simon/Sync/Root/GIS/Biodiversity%20Data/obs_exotic.csv?type=csv&maxFields=10000&detectTypes=yes&xField=longitude&yField=latitude&crs=EPSG:4326&spatialIndex=no&subsetIndex=no&watchFile=no
"9824",Vicia sativa,Vicia,sativa,,,,exotic,unlisted,,48.929802000000002,-123.475299000000007,,NA,NA,"2569328",obs_exotic,file:///D:/Simon/Sync/Root/GIS/Biodiversity%20Data/obs_exotic.csv?type=csv&maxFields=10000&detectTypes=yes&xField=longitude&yField=latitude&crs=EPSG:4326&spatialIndex=no&subsetIndex=no&watchFile=no
"9825",Vicia sativa,Vicia,sativa,,,,exotic,unlisted,,48.930368000000001,-123.476265999999995,,NA,NA,"2617659",obs_exotic,file:///D:/Simon/Sync/Root/GIS/Biodiversity%20Data/obs_exotic.csv?type=csv&maxFields=10000&detectTypes=yes&xField=longitude&yField=latitude&crs=EPSG:4326&spatialIndex=no&subsetIndex=no&watchFile=no
"9826",Vicia sativa,Vicia,sativa,,,,exotic,unlisted,,48.927123999999999,-123.469548000000003,,NA,NA,"2631693",obs_exotic,file:///D:/Simon/Sync/Root/GIS/Biodiversity%20Data/obs_exotic.csv?type=csv&maxFields=10000&detectTypes=yes&xField=longitude&yField=latitude&crs=EPSG:4326&spatialIndex=no&subsetIndex=no&watchFile=no
"9827",Vicia sativa,Vicia,sativa,,,,exotic,unlisted,,49.012653999999998,-123.575850000000003,,NA,NA,"2886998",obs_exotic,file:///D:/Simon/Sync/Root/GIS/Biodiversity%20Data/obs_exotic.csv?type=csv&maxFields=10000&detectTypes=yes&xField=longitude&yField=latitude&crs=EPSG:4326&spatialIndex=no&subsetIndex=no&watchFile=no
"9828",Vicia sativa,Vicia,sativa,,,,exotic,unlisted,,48.916645000000003,-123.424272999999999,,NA,NA,"3094174",obs_exotic,file:///D:/Simon/Sync/Root/GIS/Biodiversity%20Data/obs_exotic.csv?type=csv&maxFields=10000&detectTypes=yes&xField=longitude&yField=latitude&crs=EPSG:4326&spatialIndex=no&subsetIndex=no&watchFile=no
"9829",Vicia sativa,Vicia,sativa,,,,exotic,unlisted,,48.916442000000004,-123.425903000000005,,NA,NA,"3190610",obs_exotic,file:///D:/Simon/Sync/Root/GIS/Biodiversity%20Data/obs_exotic.csv?type=csv&maxFields=10000&detectTypes=yes&xField=longitude&yField=latitude&crs=EPSG:4326&spatialIndex=no&subsetIndex=no&watchFile=no
"9830",Vicia sativa,Vicia,sativa,,,,exotic,unlisted,,48.896949999999997,-123.406677000000002,,NA,NA,"3310741",obs_exotic,file:///D:/Simon/Sync/Root/GIS/Biodiversity%20Data/obs_exotic.csv?type=csv&maxFields=10000&detectTypes=yes&xField=longitude&yField=latitude&crs=EPSG:4326&spatialIndex=no&subsetIndex=no&watchFile=no
"9831",Vicia sativa,Vicia,sativa,,,,exotic,unlisted,,48.896949999999997,-123.406677000000002,,NA,NA,"3311088",obs_exotic,file:///D:/Simon/Sync/Root/GIS/Biodiversity%20Data/obs_exotic.csv?type=csv&maxFields=10000&detectTypes=yes&xField=longitude&yField=latitude&crs=EPSG:4326&spatialIndex=no&subsetIndex=no&watchFile=no
"9832",Vicia sativa,Vicia,sativa,,,,exotic,unlisted,,48.933199000000002,-123.483098999999996,,NA,NA,"3328647",obs_exotic,file:///D:/Simon/Sync/Root/GIS/Biodiversity%20Data/obs_exotic.csv?type=csv&maxFields=10000&detectTypes=yes&xField=longitude&yField=latitude&crs=EPSG:4326&spatialIndex=no&subsetIndex=no&watchFile=no
"9833",Vicia sativa,Vicia,sativa,,,,exotic,unlisted,,48.932909000000002,-123.482872999999998,,NA,NA,"3329469",obs_exotic,file:///D:/Simon/Sync/Root/GIS/Biodiversity%20Data/obs_exotic.csv?type=csv&maxFields=10000&detectTypes=yes&xField=longitude&yField=latitude&crs=EPSG:4326&spatialIndex=no&subsetIndex=no&watchFile=no
"9834",Vicia sativa,Vicia,sativa,,,,exotic,unlisted,,48.906832379999997,-123.356745200000006,,NA,NA,"5886423",obs_exotic,file:///D:/Simon/Sync/Root/GIS/Biodiversity%20Data/obs_exotic.csv?type=csv&maxFields=10000&detectTypes=yes&xField=longitude&yField=latitude&crs=EPSG:4326&spatialIndex=no&subsetIndex=no&watchFile=no
"9835",Vicia sativa,Vicia,sativa,,,,exotic,unlisted,,48.868751690000003,-123.379125599999995,,NA,NA,"6217944",obs_exotic,file:///D:/Simon/Sync/Root/GIS/Biodiversity%20Data/obs_exotic.csv?type=csv&maxFields=10000&detectTypes=yes&xField=longitude&yField=latitude&crs=EPSG:4326&spatialIndex=no&subsetIndex=no&watchFile=no
"9836",Vicia sativa,Vicia,sativa,,,,exotic,unlisted,,48.929731730000000,-123.468089100000000,,NA,NA,"6218076",obs_exotic,file:///D:/Simon/Sync/Root/GIS/Biodiversity%20Data/obs_exotic.csv?type=csv&maxFields=10000&detectTypes=yes&xField=longitude&yField=latitude&crs=EPSG:4326&spatialIndex=no&subsetIndex=no&watchFile=no
"9837",Vicia sativa,Vicia,sativa,,,,exotic,unlisted,,48.927969529999999,-123.470706899999996,,NA,NA,"6298754",obs_exotic,file:///D:/Simon/Sync/Root/GIS/Biodiversity%20Data/obs_exotic.csv?type=csv&maxFields=10000&detectTypes=yes&xField=longitude&yField=latitude&crs=EPSG:4326&spatialIndex=no&subsetIndex=no&watchFile=no
"9838",Vicia sativa,Vicia,sativa,,,,exotic,unlisted,,49.012850899999997,-123.573103000000003,,NA,NA,"6309376",obs_exotic,file:///D:/Simon/Sync/Root/GIS/Biodiversity%20Data/obs_exotic.csv?type=csv&maxFields=10000&detectTypes=yes&xField=longitude&yField=latitude&crs=EPSG:4326&spatialIndex=no&subsetIndex=no&watchFile=no
"9839",Vicia sativa,Vicia,sativa,,,,exotic,unlisted,,48.928059390000001,-123.467742900000005,,NA,NA,"6387110",obs_exotic,file:///D:/Simon/Sync/Root/GIS/Biodiversity%20Data/obs_exotic.csv?type=csv&maxFields=10000&detectTypes=yes&xField=longitude&yField=latitude&crs=EPSG:4326&spatialIndex=no&subsetIndex=no&watchFile=no
"9840",Vicia sativa,Vicia,sativa,,,,exotic,unlisted,,48.963201710000000,-123.549070400000005,,NA,NA,"6391054",obs_exotic,file:///D:/Simon/Sync/Root/GIS/Biodiversity%20Data/obs_exotic.csv?type=csv&maxFields=10000&detectTypes=yes&xField=longitude&yField=latitude&crs=EPSG:4326&spatialIndex=no&subsetIndex=no&watchFile=no
"9841",Vicia sativa,Vicia,sativa,,,,exotic,unlisted,,48.872082300000002,-123.312289199999995,,NA,NA,"6425065",obs_exotic,file:///D:/Simon/Sync/Root/GIS/Biodiversity%20Data/obs_exotic.csv?type=csv&maxFields=10000&detectTypes=yes&xField=longitude&yField=latitude&crs=EPSG:4326&spatialIndex=no&subsetIndex=no&watchFile=no
"9842",Vicia sativa,Vicia,sativa,,,,exotic,unlisted,,48.897734589999999,-123.406956199999996,,NA,NA,"6434862",obs_exotic,file:///D:/Simon/Sync/Root/GIS/Biodiversity%20Data/obs_exotic.csv?type=csv&maxFields=10000&detectTypes=yes&xField=longitude&yField=latitude&crs=EPSG:4326&spatialIndex=no&subsetIndex=no&watchFile=no
"9843",Vicia sativa,Vicia,sativa,,,,exotic,unlisted,,48.900450999999997,-123.440973999999997,,NA,NA,"6488811",obs_exotic,file:///D:/Simon/Sync/Root/GIS/Biodiversity%20Data/obs_exotic.csv?type=csv&maxFields=10000&detectTypes=yes&xField=longitude&yField=latitude&crs=EPSG:4326&spatialIndex=no&subsetIndex=no&watchFile=no
"9844",Vicia sativa,Vicia,sativa,,,,exotic,unlisted,,48.900478999999997,-123.440932000000004,,NA,NA,"6488812",obs_exotic,file:///D:/Simon/Sync/Root/GIS/Biodiversity%20Data/obs_exotic.csv?type=csv&maxFields=10000&detectTypes=yes&xField=longitude&yField=latitude&crs=EPSG:4326&spatialIndex=no&subsetIndex=no&watchFile=no
"9845",Vicia sativa,Vicia,sativa,,,,exotic,unlisted,,48.954039219999999,-123.525810199999995,,NA,NA,"6610498",obs_exotic,file:///D:/Simon/Sync/Root/GIS/Biodiversity%20Data/obs_exotic.csv?type=csv&maxFields=10000&detectTypes=yes&xField=longitude&yField=latitude&crs=EPSG:4326&spatialIndex=no&subsetIndex=no&watchFile=no
"9846",Vicia sativa,Vicia,sativa,,,,exotic,unlisted,,48.867060000000002,-123.341279999999998,,NA,NA,"11974882",obs_exotic,file:///D:/Simon/Sync/Root/GIS/Biodiversity%20Data/obs_exotic.csv?type=csv&maxFields=10000&detectTypes=yes&xField=longitude&yField=latitude&crs=EPSG:4326&spatialIndex=no&subsetIndex=no&watchFile=no
"9847",Vicia sativa,Vicia,sativa,,,,exotic,unlisted,,48.869599999999998,-123.320400000000006,,NA,NA,"12184577",obs_exotic,file:///D:/Simon/Sync/Root/GIS/Biodiversity%20Data/obs_exotic.csv?type=csv&maxFields=10000&detectTypes=yes&xField=longitude&yField=latitude&crs=EPSG:4326&spatialIndex=no&subsetIndex=no&watchFile=no
"9848",Vicia sativa,Vicia,sativa,,,,exotic,unlisted,,48.870607000000000,-123.343086000000000,,NA,NA,"12762140",obs_exotic,file:///D:/Simon/Sync/Root/GIS/Biodiversity%20Data/obs_exotic.csv?type=csv&maxFields=10000&detectTypes=yes&xField=longitude&yField=latitude&crs=EPSG:4326&spatialIndex=no&subsetIndex=no&watchFile=no
"9849",Vicia sativa,Vicia,sativa,,,,exotic,unlisted,,48.914786800000002,-123.389681600000003,,NA,NA,"13102199",obs_exotic,file:///D:/Simon/Sync/Root/GIS/Biodiversity%20Data/obs_exotic.csv?type=csv&maxFields=10000&detectTypes=yes&xField=longitude&yField=latitude&crs=EPSG:4326&spatialIndex=no&subsetIndex=no&watchFile=no
"9850",Vicia sativa,Vicia,sativa,,,,exotic,unlisted,,48.939923069999999,-123.503365500000001,,NA,NA,"13198913",obs_exotic,file:///D:/Simon/Sync/Root/GIS/Biodiversity%20Data/obs_exotic.csv?type=csv&maxFields=10000&detectTypes=yes&xField=longitude&yField=latitude&crs=EPSG:4326&spatialIndex=no&subsetIndex=no&watchFile=no
"9851",Vicia sativa,Vicia,sativa,,,,exotic,unlisted,,48.939836470000003,-123.504103700000002,,NA,NA,"16307016",obs_exotic,file:///D:/Simon/Sync/Root/GIS/Biodiversity%20Data/obs_exotic.csv?type=csv&maxFields=10000&detectTypes=yes&xField=longitude&yField=latitude&crs=EPSG:4326&spatialIndex=no&subsetIndex=no&watchFile=no
"9852",Vicia sativa,Vicia,sativa,,,,exotic,unlisted,,48.866956060000000,-123.341274999999996,,NA,NA,"16310357",obs_exotic,file:///D:/Simon/Sync/Root/GIS/Biodiversity%20Data/obs_exotic.csv?type=csv&maxFields=10000&detectTypes=yes&xField=longitude&yField=latitude&crs=EPSG:4326&spatialIndex=no&subsetIndex=no&watchFile=no
"9853",Vicia sativa,Vicia,sativa,,,,exotic,unlisted,,48.868475629999999,-123.378375500000004,,NA,NA,"17693180",obs_exotic,file:///D:/Simon/Sync/Root/GIS/Biodiversity%20Data/obs_exotic.csv?type=csv&maxFields=10000&detectTypes=yes&xField=longitude&yField=latitude&crs=EPSG:4326&spatialIndex=no&subsetIndex=no&watchFile=no
"9854",Vicia sativa,Vicia,sativa,,,,exotic,unlisted,,48.871703959999998,-123.310829699999999,,NA,NA,"22799484",obs_exotic,file:///D:/Simon/Sync/Root/GIS/Biodiversity%20Data/obs_exotic.csv?type=csv&maxFields=10000&detectTypes=yes&xField=longitude&yField=latitude&crs=EPSG:4326&spatialIndex=no&subsetIndex=no&watchFile=no
"9855",Vicia sativa,Vicia,sativa,,,,exotic,unlisted,,49.013086670000000,-123.573134999999994,,NA,NA,"24259252",obs_exotic,file:///D:/Simon/Sync/Root/GIS/Biodiversity%20Data/obs_exotic.csv?type=csv&maxFields=10000&detectTypes=yes&xField=longitude&yField=latitude&crs=EPSG:4326&spatialIndex=no&subsetIndex=no&watchFile=no
"9856",Vicia sativa,Vicia,sativa,,,,exotic,unlisted,,49.013315249999998,-123.572630399999994,,NA,NA,"24497686",obs_exotic,file:///D:/Simon/Sync/Root/GIS/Biodiversity%20Data/obs_exotic.csv?type=csv&maxFields=10000&detectTypes=yes&xField=longitude&yField=latitude&crs=EPSG:4326&spatialIndex=no&subsetIndex=no&watchFile=no
"9857",Vicia sativa,Vicia,sativa,,,,exotic,unlisted,,48.899624809999999,-123.407031300000000,,NA,NA,"24624561",obs_exotic,file:///D:/Simon/Sync/Root/GIS/Biodiversity%20Data/obs_exotic.csv?type=csv&maxFields=10000&detectTypes=yes&xField=longitude&yField=latitude&crs=EPSG:4326&spatialIndex=no&subsetIndex=no&watchFile=no
"9858",Vicia sativa,Vicia,sativa,,,,exotic,unlisted,,48.962433330000003,-123.517716699999994,,NA,NA,"24663854",obs_exotic,file:///D:/Simon/Sync/Root/GIS/Biodiversity%20Data/obs_exotic.csv?type=csv&maxFields=10000&detectTypes=yes&xField=longitude&yField=latitude&crs=EPSG:4326&spatialIndex=no&subsetIndex=no&watchFile=no
"9859",Vicia sativa,Vicia,sativa,,,,exotic,unlisted,,48.898613890000000,-123.411613900000006,,NA,NA,"24676862",obs_exotic,file:///D:/Simon/Sync/Root/GIS/Biodiversity%20Data/obs_exotic.csv?type=csv&maxFields=10000&detectTypes=yes&xField=longitude&yField=latitude&crs=EPSG:4326&spatialIndex=no&subsetIndex=no&watchFile=no
"9860",Vicia sativa,Vicia,sativa,,,,exotic,unlisted,,48.898394439999997,-123.407822199999998,,NA,NA,"24677450",obs_exotic,file:///D:/Simon/Sync/Root/GIS/Biodiversity%20Data/obs_exotic.csv?type=csv&maxFields=10000&detectTypes=yes&xField=longitude&yField=latitude&crs=EPSG:4326&spatialIndex=no&subsetIndex=no&watchFile=no
"9861",Vicia sativa,Vicia,sativa,,,,exotic,unlisted,,48.901444439999999,-123.405638900000000,,NA,NA,"24683885",obs_exotic,file:///D:/Simon/Sync/Root/GIS/Biodiversity%20Data/obs_exotic.csv?type=csv&maxFields=10000&detectTypes=yes&xField=longitude&yField=latitude&crs=EPSG:4326&spatialIndex=no&subsetIndex=no&watchFile=no
"9862",Vicia sativa,Vicia,sativa,,,,exotic,unlisted,,48.962397220000000,-123.517844400000001,,NA,NA,"24684015",obs_exotic,file:///D:/Simon/Sync/Root/GIS/Biodiversity%20Data/obs_exotic.csv?type=csv&maxFields=10000&detectTypes=yes&xField=longitude&yField=latitude&crs=EPSG:4326&spatialIndex=no&subsetIndex=no&watchFile=no
"9863",Vicia sativa,Vicia,sativa,,,,exotic,unlisted,,48.871612749999997,-123.310528800000000,,NA,NA,"24689178",obs_exotic,file:///D:/Simon/Sync/Root/GIS/Biodiversity%20Data/obs_exotic.csv?type=csv&maxFields=10000&detectTypes=yes&xField=longitude&yField=latitude&crs=EPSG:4326&spatialIndex=no&subsetIndex=no&watchFile=no
"9864",Vicia sativa,Vicia,sativa,,,,exotic,unlisted,,48.871613889999999,-123.310813899999999,,NA,NA,"24697730",obs_exotic,file:///D:/Simon/Sync/Root/GIS/Biodiversity%20Data/obs_exotic.csv?type=csv&maxFields=10000&detectTypes=yes&xField=longitude&yField=latitude&crs=EPSG:4326&spatialIndex=no&subsetIndex=no&watchFile=no
"9865",Vicia sativa,Vicia,sativa,,,,exotic,unlisted,,48.957558329999998,-123.541794999999993,,NA,NA,"24699129",obs_exotic,file:///D:/Simon/Sync/Root/GIS/Biodiversity%20Data/obs_exotic.csv?type=csv&maxFields=10000&detectTypes=yes&xField=longitude&yField=latitude&crs=EPSG:4326&spatialIndex=no&subsetIndex=no&watchFile=no
"9866",Vicia sativa,Vicia,sativa,,,,exotic,unlisted,,48.893722220000001,-123.403586099999998,,NA,NA,"24701300",obs_exotic,file:///D:/Simon/Sync/Root/GIS/Biodiversity%20Data/obs_exotic.csv?type=csv&maxFields=10000&detectTypes=yes&xField=longitude&yField=latitude&crs=EPSG:4326&spatialIndex=no&subsetIndex=no&watchFile=no
"9867",Vicia sativa,Vicia,sativa,,,,exotic,unlisted,,48.871616670000002,-123.310783299999997,,NA,NA,"24701390",obs_exotic,file:///D:/Simon/Sync/Root/GIS/Biodiversity%20Data/obs_exotic.csv?type=csv&maxFields=10000&detectTypes=yes&xField=longitude&yField=latitude&crs=EPSG:4326&spatialIndex=no&subsetIndex=no&watchFile=no
"9868",Vicia sativa,Vicia,sativa,,,,exotic,unlisted,,48.871671820000003,-123.310737099999997,,NA,NA,"24707926",obs_exotic,file:///D:/Simon/Sync/Root/GIS/Biodiversity%20Data/obs_exotic.csv?type=csv&maxFields=10000&detectTypes=yes&xField=longitude&yField=latitude&crs=EPSG:4326&spatialIndex=no&subsetIndex=no&watchFile=no
"9869",Vicia sativa,Vicia,sativa,,,,exotic,unlisted,,49.013491549999998,-123.573181300000002,,NA,NA,"24748318",obs_exotic,file:///D:/Simon/Sync/Root/GIS/Biodiversity%20Data/obs_exotic.csv?type=csv&maxFields=10000&detectTypes=yes&xField=longitude&yField=latitude&crs=EPSG:4326&spatialIndex=no&subsetIndex=no&watchFile=no
"9870",Vicia sativa,Vicia,sativa,,,,exotic,unlisted,,48.871647220000000,-123.311936099999997,,NA,NA,"24824102",obs_exotic,file:///D:/Simon/Sync/Root/GIS/Biodiversity%20Data/obs_exotic.csv?type=csv&maxFields=10000&detectTypes=yes&xField=longitude&yField=latitude&crs=EPSG:4326&spatialIndex=no&subsetIndex=no&watchFile=no
"9871",Vicia sativa,Vicia,sativa,,,,exotic,unlisted,,48.893756670000002,-123.403520000000000,,NA,NA,"24873199",obs_exotic,file:///D:/Simon/Sync/Root/GIS/Biodiversity%20Data/obs_exotic.csv?type=csv&maxFields=10000&detectTypes=yes&xField=longitude&yField=latitude&crs=EPSG:4326&spatialIndex=no&subsetIndex=no&watchFile=no
"9872",Vicia sativa,Vicia,sativa,,,,exotic,unlisted,,48.871798329999997,-123.310623300000003,,NA,NA,"24874181",obs_exotic,file:///D:/Simon/Sync/Root/GIS/Biodiversity%20Data/obs_exotic.csv?type=csv&maxFields=10000&detectTypes=yes&xField=longitude&yField=latitude&crs=EPSG:4326&spatialIndex=no&subsetIndex=no&watchFile=no
"9873",Vicia sativa,Vicia,sativa,,,,exotic,unlisted,,48.899538800000002,-123.404445600000003,,NA,NA,"24886825",obs_exotic,file:///D:/Simon/Sync/Root/GIS/Biodiversity%20Data/obs_exotic.csv?type=csv&maxFields=10000&detectTypes=yes&xField=longitude&yField=latitude&crs=EPSG:4326&spatialIndex=no&subsetIndex=no&watchFile=no
"9874",Vicia sativa,Vicia,sativa,,,,exotic,unlisted,,48.897930000000002,-123.357003300000002,,NA,NA,"24984968",obs_exotic,file:///D:/Simon/Sync/Root/GIS/Biodiversity%20Data/obs_exotic.csv?type=csv&maxFields=10000&detectTypes=yes&xField=longitude&yField=latitude&crs=EPSG:4326&spatialIndex=no&subsetIndex=no&watchFile=no
"9875",Vicia sativa,Vicia,sativa,,,,exotic,unlisted,,48.871838889999999,-123.312438900000004,,NA,NA,"25048263",obs_exotic,file:///D:/Simon/Sync/Root/GIS/Biodiversity%20Data/obs_exotic.csv?type=csv&maxFields=10000&detectTypes=yes&xField=longitude&yField=latitude&crs=EPSG:4326&spatialIndex=no&subsetIndex=no&watchFile=no
"9876",Vicia sativa,Vicia,sativa,,,,exotic,unlisted,,48.867266749999999,-123.376050100000000,,NA,NA,"25148265",obs_exotic,file:///D:/Simon/Sync/Root/GIS/Biodiversity%20Data/obs_exotic.csv?type=csv&maxFields=10000&detectTypes=yes&xField=longitude&yField=latitude&crs=EPSG:4326&spatialIndex=no&subsetIndex=no&watchFile=no
"9877",Vicia sativa,Vicia,sativa,,,,exotic,unlisted,,48.872623630000000,-123.312074699999997,,NA,NA,"25148335",obs_exotic,file:///D:/Simon/Sync/Root/GIS/Biodiversity%20Data/obs_exotic.csv?type=csv&maxFields=10000&detectTypes=yes&xField=longitude&yField=latitude&crs=EPSG:4326&spatialIndex=no&subsetIndex=no&watchFile=no
"9878",Vicia sativa,Vicia,sativa,,,,exotic,unlisted,,48.899455690000003,-123.407499400000006,,NA,NA,"25200216",obs_exotic,file:///D:/Simon/Sync/Root/GIS/Biodiversity%20Data/obs_exotic.csv?type=csv&maxFields=10000&detectTypes=yes&xField=longitude&yField=latitude&crs=EPSG:4326&spatialIndex=no&subsetIndex=no&watchFile=no
"9879",Vicia sativa,Vicia,sativa,,,,exotic,unlisted,,48.899070039999998,-123.407598899999996,,NA,NA,"25476179",obs_exotic,file:///D:/Simon/Sync/Root/GIS/Biodiversity%20Data/obs_exotic.csv?type=csv&maxFields=10000&detectTypes=yes&xField=longitude&yField=latitude&crs=EPSG:4326&spatialIndex=no&subsetIndex=no&watchFile=no
"9880",Vicia sativa,Vicia,sativa,,,,exotic,unlisted,,48.868113340000001,-123.349029299999998,,NA,NA,"43555578",obs_exotic,file:///D:/Simon/Sync/Root/GIS/Biodiversity%20Data/obs_exotic.csv?type=csv&maxFields=10000&detectTypes=yes&xField=longitude&yField=latitude&crs=EPSG:4326&spatialIndex=no&subsetIndex=no&watchFile=no
"9881",Vicia sativa,Vicia,sativa,,,,exotic,unlisted,,48.930031659999997,-123.467303200000003,,NA,NA,"52907247",obs_exotic,file:///D:/Simon/Sync/Root/GIS/Biodiversity%20Data/obs_exotic.csv?type=csv&maxFields=10000&detectTypes=yes&xField=longitude&yField=latitude&crs=EPSG:4326&spatialIndex=no&subsetIndex=no&watchFile=no
"9882",Vicia sativa,Vicia,sativa,,,,exotic,unlisted,,48.930180430000000,-123.467266400000000,,NA,NA,"52925006",obs_exotic,file:///D:/Simon/Sync/Root/GIS/Biodiversity%20Data/obs_exotic.csv?type=csv&maxFields=10000&detectTypes=yes&xField=longitude&yField=latitude&crs=EPSG:4326&spatialIndex=no&subsetIndex=no&watchFile=no
"9883",Vicia sativa,Vicia,sativa,,,,exotic,unlisted,,48.932153139999997,-123.478984900000000,,NA,NA,"53388993",obs_exotic,file:///D:/Simon/Sync/Root/GIS/Biodiversity%20Data/obs_exotic.csv?type=csv&maxFields=10000&detectTypes=yes&xField=longitude&yField=latitude&crs=EPSG:4326&spatialIndex=no&subsetIndex=no&watchFile=no
"9884",Vicia sativa,Vicia,sativa,,,,exotic,unlisted,,48.928176770000000,-123.469066999999995,,NA,NA,"54678244",obs_exotic,file:///D:/Simon/Sync/Root/GIS/Biodiversity%20Data/obs_exotic.csv?type=csv&maxFields=10000&detectTypes=yes&xField=longitude&yField=latitude&crs=EPSG:4326&spatialIndex=no&subsetIndex=no&watchFile=no
"9885",Vicia sativa,Vicia,sativa,,,,exotic,unlisted,,48.929048270000003,-123.469208699999996,,NA,NA,"54691762",obs_exotic,file:///D:/Simon/Sync/Root/GIS/Biodiversity%20Data/obs_exotic.csv?type=csv&maxFields=10000&detectTypes=yes&xField=longitude&yField=latitude&crs=EPSG:4326&spatialIndex=no&subsetIndex=no&watchFile=no
"9886",Vicia sativa,Vicia,sativa,,,,exotic,unlisted,,48.872143870000002,-123.311555700000000,,NA,NA,"72315128",obs_exotic,file:///D:/Simon/Sync/Root/GIS/Biodiversity%20Data/obs_exotic.csv?type=csv&maxFields=10000&detectTypes=yes&xField=longitude&yField=latitude&crs=EPSG:4326&spatialIndex=no&subsetIndex=no&watchFile=no
"9887",Vicia sativa,Vicia,sativa,,,,exotic,unlisted,,48.897121089999999,-123.405054600000000,,NA,NA,"75695705",obs_exotic,file:///D:/Simon/Sync/Root/GIS/Biodiversity%20Data/obs_exotic.csv?type=csv&maxFields=10000&detectTypes=yes&xField=longitude&yField=latitude&crs=EPSG:4326&spatialIndex=no&subsetIndex=no&watchFile=no
"9888",Vicia sativa,Vicia,sativa,,,,exotic,unlisted,,48.864041669999999,-123.377290000000002,,NA,NA,"79112158",obs_exotic,file:///D:/Simon/Sync/Root/GIS/Biodiversity%20Data/obs_exotic.csv?type=csv&maxFields=10000&detectTypes=yes&xField=longitude&yField=latitude&crs=EPSG:4326&spatialIndex=no&subsetIndex=no&watchFile=no
"9889",Vicia sativa,Vicia,sativa,,,,exotic,unlisted,,48.929225000000002,-123.470038299999999,,NA,NA,"84339196",obs_exotic,file:///D:/Simon/Sync/Root/GIS/Biodiversity%20Data/obs_exotic.csv?type=csv&maxFields=10000&detectTypes=yes&xField=longitude&yField=latitude&crs=EPSG:4326&spatialIndex=no&subsetIndex=no&watchFile=no
"9890",Vicia sativa,Vicia,sativa,,,,exotic,unlisted,,48.871508329999997,-123.310966699999994,,NA,NA,"111111690",obs_exotic,file:///D:/Simon/Sync/Root/GIS/Biodiversity%20Data/obs_exotic.csv?type=csv&maxFields=10000&detectTypes=yes&xField=longitude&yField=latitude&crs=EPSG:4326&spatialIndex=no&subsetIndex=no&watchFile=no
"9891",Vicia sativa,Vicia,sativa,,,,exotic,unlisted,,48.900241670000000,-123.445266700000005,,NA,NA,"117624025",obs_exotic,file:///D:/Simon/Sync/Root/GIS/Biodiversity%20Data/obs_exotic.csv?type=csv&maxFields=10000&detectTypes=yes&xField=longitude&yField=latitude&crs=EPSG:4326&spatialIndex=no&subsetIndex=no&watchFile=no
"9892",Vicia sativa,Vicia,sativa,,,,exotic,unlisted,,48.998465609999997,-123.588118800000004,,NA,NA,"118443288",obs_exotic,file:///D:/Simon/Sync/Root/GIS/Biodiversity%20Data/obs_exotic.csv?type=csv&maxFields=10000&detectTypes=yes&xField=longitude&yField=latitude&crs=EPSG:4326&spatialIndex=no&subsetIndex=no&watchFile=no
"9893",Vicia sativa,Vicia,sativa,,,,exotic,unlisted,,48.871724999999998,-123.312311699999995,,NA,NA,"119369449",obs_exotic,file:///D:/Simon/Sync/Root/GIS/Biodiversity%20Data/obs_exotic.csv?type=csv&maxFields=10000&detectTypes=yes&xField=longitude&yField=latitude&crs=EPSG:4326&spatialIndex=no&subsetIndex=no&watchFile=no
"9894",Vicia sativa,Vicia,sativa,,,,exotic,unlisted,,48.909856670000003,-123.373266700000002,,NA,NA,"119369499",obs_exotic,file:///D:/Simon/Sync/Root/GIS/Biodiversity%20Data/obs_exotic.csv?type=csv&maxFields=10000&detectTypes=yes&xField=longitude&yField=latitude&crs=EPSG:4326&spatialIndex=no&subsetIndex=no&watchFile=no
"9895",Vicia sativa,Vicia,sativa,,,,exotic,unlisted,,48.897351669999999,-123.338560000000001,,NA,NA,"120494804",obs_exotic,file:///D:/Simon/Sync/Root/GIS/Biodiversity%20Data/obs_exotic.csv?type=csv&maxFields=10000&detectTypes=yes&xField=longitude&yField=latitude&crs=EPSG:4326&spatialIndex=no&subsetIndex=no&watchFile=no
"9896",Vicia sativa,Vicia,sativa,,,,exotic,unlisted,,48.904434999999999,-123.367198299999998,,NA,NA,"120891271",obs_exotic,file:///D:/Simon/Sync/Root/GIS/Biodiversity%20Data/obs_exotic.csv?type=csv&maxFields=10000&detectTypes=yes&xField=longitude&yField=latitude&crs=EPSG:4326&spatialIndex=no&subsetIndex=no&watchFile=no
"9897",Vicia sativa,Vicia,sativa,,,,exotic,unlisted,,48.869999929999999,-123.379999999999995,,NA,NA,"121006164",obs_exotic,file:///D:/Simon/Sync/Root/GIS/Biodiversity%20Data/obs_exotic.csv?type=csv&maxFields=10000&detectTypes=yes&xField=longitude&yField=latitude&crs=EPSG:4326&spatialIndex=no&subsetIndex=no&watchFile=no
"9898",Vicia sativa,Vicia,sativa,,,,exotic,unlisted,,48.869999929999999,-123.379999999999995,,NA,NA,"121011056",obs_exotic,file:///D:/Simon/Sync/Root/GIS/Biodiversity%20Data/obs_exotic.csv?type=csv&maxFields=10000&detectTypes=yes&xField=longitude&yField=latitude&crs=EPSG:4326&spatialIndex=no&subsetIndex=no&watchFile=no
"9899",Vicia sativa,Vicia,sativa,,,,exotic,unlisted,,48.888331669999999,-123.336314999999999,,NA,NA,"121538487",obs_exotic,file:///D:/Simon/Sync/Root/GIS/Biodiversity%20Data/obs_exotic.csv?type=csv&maxFields=10000&detectTypes=yes&xField=longitude&yField=latitude&crs=EPSG:4326&spatialIndex=no&subsetIndex=no&watchFile=no
"9900",Vicia sativa,Vicia,sativa,,,,exotic,unlisted,,49.012554999999999,-123.575568300000000,,NA,NA,"123934507",obs_exotic,file:///D:/Simon/Sync/Root/GIS/Biodiversity%20Data/obs_exotic.csv?type=csv&maxFields=10000&detectTypes=yes&xField=longitude&yField=latitude&crs=EPSG:4326&spatialIndex=no&subsetIndex=no&watchFile=no
"9901",Vicia sativa,Vicia,sativa,,,,exotic,unlisted,,48.910269440000000,-123.415505600000003,,NA,NA,"125189753",obs_exotic,file:///D:/Simon/Sync/Root/GIS/Biodiversity%20Data/obs_exotic.csv?type=csv&maxFields=10000&detectTypes=yes&xField=longitude&yField=latitude&crs=EPSG:4326&spatialIndex=no&subsetIndex=no&watchFile=no
"9902",Vicia tetrasperma,Vicia,tetrasperma,,,,exotic,unlisted,,48.866150089999998,-123.339526199999995,,NA,NA,"43253054",obs_exotic,file:///D:/Simon/Sync/Root/GIS/Biodiversity%20Data/obs_exotic.csv?type=csv&maxFields=10000&detectTypes=yes&xField=longitude&yField=latitude&crs=EPSG:4326&spatialIndex=no&subsetIndex=no&watchFile=no
"9903",Vicia tetrasperma,Vicia,tetrasperma,,,,exotic,unlisted,,48.931655560000003,-123.476372200000000,,NA,NA,"125381634",obs_exotic,file:///D:/Simon/Sync/Root/GIS/Biodiversity%20Data/obs_exotic.csv?type=csv&maxFields=10000&detectTypes=yes&xField=longitude&yField=latitude&crs=EPSG:4326&spatialIndex=no&subsetIndex=no&watchFile=no
"9904",Vinca major,Vinca,major,,,,exotic,unlisted,,48.929830000000003,-123.475684999999999,,NA,NA,"2566461",obs_exotic,file:///D:/Simon/Sync/Root/GIS/Biodiversity%20Data/obs_exotic.csv?type=csv&maxFields=10000&detectTypes=yes&xField=longitude&yField=latitude&crs=EPSG:4326&spatialIndex=no&subsetIndex=no&watchFile=no
"9905",Vinca major,Vinca,major,,,,exotic,unlisted,,48.897576000000001,-123.402728999999994,,NA,NA,"2805224",obs_exotic,file:///D:/Simon/Sync/Root/GIS/Biodiversity%20Data/obs_exotic.csv?type=csv&maxFields=10000&detectTypes=yes&xField=longitude&yField=latitude&crs=EPSG:4326&spatialIndex=no&subsetIndex=no&watchFile=no
"9906",Vinca major,Vinca,major,,,,exotic,unlisted,,48.930055969999998,-123.475320300000007,,NA,NA,"6298746",obs_exotic,file:///D:/Simon/Sync/Root/GIS/Biodiversity%20Data/obs_exotic.csv?type=csv&maxFields=10000&detectTypes=yes&xField=longitude&yField=latitude&crs=EPSG:4326&spatialIndex=no&subsetIndex=no&watchFile=no
"9907",Vinca major,Vinca,major,,,,exotic,unlisted,,48.879300000000001,-123.320476700000000,,NA,NA,"23752344",obs_exotic,file:///D:/Simon/Sync/Root/GIS/Biodiversity%20Data/obs_exotic.csv?type=csv&maxFields=10000&detectTypes=yes&xField=longitude&yField=latitude&crs=EPSG:4326&spatialIndex=no&subsetIndex=no&watchFile=no
"9908",Vinca major,Vinca,major,,,,exotic,unlisted,,48.897208329999998,-123.404943299999999,,NA,NA,"24700122",obs_exotic,file:///D:/Simon/Sync/Root/GIS/Biodiversity%20Data/obs_exotic.csv?type=csv&maxFields=10000&detectTypes=yes&xField=longitude&yField=latitude&crs=EPSG:4326&spatialIndex=no&subsetIndex=no&watchFile=no
"9909",Vinca major,Vinca,major,,,,exotic,unlisted,,48.872948129999997,-123.313829200000001,,NA,NA,"25199380",obs_exotic,file:///D:/Simon/Sync/Root/GIS/Biodiversity%20Data/obs_exotic.csv?type=csv&maxFields=10000&detectTypes=yes&xField=longitude&yField=latitude&crs=EPSG:4326&spatialIndex=no&subsetIndex=no&watchFile=no
"9910",Vinca major,Vinca,major,,,,exotic,unlisted,,48.884991059999997,-123.322188199999999,,NA,NA,"40413004",obs_exotic,file:///D:/Simon/Sync/Root/GIS/Biodiversity%20Data/obs_exotic.csv?type=csv&maxFields=10000&detectTypes=yes&xField=longitude&yField=latitude&crs=EPSG:4326&spatialIndex=no&subsetIndex=no&watchFile=no
"9911",Vinca major,Vinca,major,,,,exotic,unlisted,,48.884504999999997,-123.329978299999993,,NA,NA,"59623278",obs_exotic,file:///D:/Simon/Sync/Root/GIS/Biodiversity%20Data/obs_exotic.csv?type=csv&maxFields=10000&detectTypes=yes&xField=longitude&yField=latitude&crs=EPSG:4326&spatialIndex=no&subsetIndex=no&watchFile=no
"9912",Vinca major,Vinca,major,,,,exotic,unlisted,,48.929600000000001,-123.475036700000004,,NA,NA,"75549028",obs_exotic,file:///D:/Simon/Sync/Root/GIS/Biodiversity%20Data/obs_exotic.csv?type=csv&maxFields=10000&detectTypes=yes&xField=longitude&yField=latitude&crs=EPSG:4326&spatialIndex=no&subsetIndex=no&watchFile=no
"9913",Vinca major,Vinca,major,,,,exotic,unlisted,,48.929546170000002,-123.475046500000005,,NA,NA,"84809948",obs_exotic,file:///D:/Simon/Sync/Root/GIS/Biodiversity%20Data/obs_exotic.csv?type=csv&maxFields=10000&detectTypes=yes&xField=longitude&yField=latitude&crs=EPSG:4326&spatialIndex=no&subsetIndex=no&watchFile=no
"9914",Vinca major,Vinca,major,,,,exotic,unlisted,,49.011150000000001,-123.585996699999995,,NA,NA,"105987254",obs_exotic,file:///D:/Simon/Sync/Root/GIS/Biodiversity%20Data/obs_exotic.csv?type=csv&maxFields=10000&detectTypes=yes&xField=longitude&yField=latitude&crs=EPSG:4326&spatialIndex=no&subsetIndex=no&watchFile=no
"9915",Vinca major,Vinca,major,,,,exotic,unlisted,,48.990263329999998,-123.578583300000005,,NA,NA,"107323945",obs_exotic,file:///D:/Simon/Sync/Root/GIS/Biodiversity%20Data/obs_exotic.csv?type=csv&maxFields=10000&detectTypes=yes&xField=longitude&yField=latitude&crs=EPSG:4326&spatialIndex=no&subsetIndex=no&watchFile=no
"9916",Vinca major,Vinca,major,,,,exotic,unlisted,,48.929849640000000,-123.475797299999996,,NA,NA,"115448411",obs_exotic,file:///D:/Simon/Sync/Root/GIS/Biodiversity%20Data/obs_exotic.csv?type=csv&maxFields=10000&detectTypes=yes&xField=longitude&yField=latitude&crs=EPSG:4326&spatialIndex=no&subsetIndex=no&watchFile=no
"9917",Vinca major,Vinca,major,,,,exotic,unlisted,,48.897945000000000,-123.402008300000006,,NA,NA,"129444535",obs_exotic,file:///D:/Simon/Sync/Root/GIS/Biodiversity%20Data/obs_exotic.csv?type=csv&maxFields=10000&detectTypes=yes&xField=longitude&yField=latitude&crs=EPSG:4326&spatialIndex=no&subsetIndex=no&watchFile=no
"9918",Vinca major,Vinca,major,,,,exotic,unlisted,,48.897761670000001,-123.402536699999999,,NA,NA,"131157934",obs_exotic,file:///D:/Simon/Sync/Root/GIS/Biodiversity%20Data/obs_exotic.csv?type=csv&maxFields=10000&detectTypes=yes&xField=longitude&yField=latitude&crs=EPSG:4326&spatialIndex=no&subsetIndex=no&watchFile=no
"9919",Vinca minor,Vinca,minor,,,,exotic,unlisted,,48.869338329999998,-123.388419999999996,,NA,NA,"5591805",obs_exotic,file:///D:/Simon/Sync/Root/GIS/Biodiversity%20Data/obs_exotic.csv?type=csv&maxFields=10000&detectTypes=yes&xField=longitude&yField=latitude&crs=EPSG:4326&spatialIndex=no&subsetIndex=no&watchFile=no
"9920",Vinca minor,Vinca,minor,,,,exotic,unlisted,,48.879498349999999,-123.319934599999996,,NA,NA,"21306258",obs_exotic,file:///D:/Simon/Sync/Root/GIS/Biodiversity%20Data/obs_exotic.csv?type=csv&maxFields=10000&detectTypes=yes&xField=longitude&yField=latitude&crs=EPSG:4326&spatialIndex=no&subsetIndex=no&watchFile=no
"9921",Vinca minor,Vinca,minor,,,,exotic,unlisted,,48.879551630000002,-123.319888700000007,,NA,NA,"21860313",obs_exotic,file:///D:/Simon/Sync/Root/GIS/Biodiversity%20Data/obs_exotic.csv?type=csv&maxFields=10000&detectTypes=yes&xField=longitude&yField=latitude&crs=EPSG:4326&spatialIndex=no&subsetIndex=no&watchFile=no
"9922",Vinca minor,Vinca,minor,,,,exotic,unlisted,,48.949653329999997,-123.510886700000000,,NA,NA,"73065687",obs_exotic,file:///D:/Simon/Sync/Root/GIS/Biodiversity%20Data/obs_exotic.csv?type=csv&maxFields=10000&detectTypes=yes&xField=longitude&yField=latitude&crs=EPSG:4326&spatialIndex=no&subsetIndex=no&watchFile=no
"9923",Vinca minor,Vinca,minor,,,,exotic,unlisted,,48.879348350000001,-123.325920600000003,,NA,NA,"110705231",obs_exotic,file:///D:/Simon/Sync/Root/GIS/Biodiversity%20Data/obs_exotic.csv?type=csv&maxFields=10000&detectTypes=yes&xField=longitude&yField=latitude&crs=EPSG:4326&spatialIndex=no&subsetIndex=no&watchFile=no
"9924",Vinca minor,Vinca,minor,,,,exotic,unlisted,,48.984844529999997,-123.569360300000000,,NA,NA,"111022629",obs_exotic,file:///D:/Simon/Sync/Root/GIS/Biodiversity%20Data/obs_exotic.csv?type=csv&maxFields=10000&detectTypes=yes&xField=longitude&yField=latitude&crs=EPSG:4326&spatialIndex=no&subsetIndex=no&watchFile=no
"9925",Vinca minor,Vinca,minor,,,,exotic,unlisted,,48.897736670000000,-123.401671699999994,,NA,NA,"123643956",obs_exotic,file:///D:/Simon/Sync/Root/GIS/Biodiversity%20Data/obs_exotic.csv?type=csv&maxFields=10000&detectTypes=yes&xField=longitude&yField=latitude&crs=EPSG:4326&spatialIndex=no&subsetIndex=no&watchFile=no
"9928",Viola odorata,Viola,odorata,,,,exotic,unlisted,,48.868416670000002,-123.347841700000004,,NA,NA,"40448514",obs_exotic,file:///D:/Simon/Sync/Root/GIS/Biodiversity%20Data/obs_exotic.csv?type=csv&maxFields=10000&detectTypes=yes&xField=longitude&yField=latitude&crs=EPSG:4326&spatialIndex=no&subsetIndex=no&watchFile=no
"9929",Viola odorata,Viola,odorata,,,,exotic,unlisted,,48.865841979999999,-123.350490800000003,,NA,NA,"82929644",obs_exotic,file:///D:/Simon/Sync/Root/GIS/Biodiversity%20Data/obs_exotic.csv?type=csv&maxFields=10000&detectTypes=yes&xField=longitude&yField=latitude&crs=EPSG:4326&spatialIndex=no&subsetIndex=no&watchFile=no
"9950",Zostera japonica,Zostera,japonica,,,,exotic,unlisted,,48.884827999999999,-123.321017999999995,,NA,NA,"3613098",obs_exotic,file:///D:/Simon/Sync/Root/GIS/Biodiversity%20Data/obs_exotic.csv?type=csv&maxFields=10000&detectTypes=yes&xField=longitude&yField=latitude&crs=EPSG:4326&spatialIndex=no&subsetIndex=no&watchFile=no
"9951",Zostera japonica,Zostera,japonica,,,,exotic,unlisted,,48.868124999999999,-123.387105000000005,,NA,NA,"3910096",obs_exotic,file:///D:/Simon/Sync/Root/GIS/Biodiversity%20Data/obs_exotic.csv?type=csv&maxFields=10000&detectTypes=yes&xField=longitude&yField=latitude&crs=EPSG:4326&spatialIndex=no&subsetIndex=no&watchFile=no
"9952",Zostera japonica,Zostera,japonica,,,,exotic,unlisted,,48.899999999999999,-123.340498299999993,,NA,NA,"30217324",obs_exotic,file:///D:/Simon/Sync/Root/GIS/Biodiversity%20Data/obs_exotic.csv?type=csv&maxFields=10000&detectTypes=yes&xField=longitude&yField=latitude&crs=EPSG:4326&spatialIndex=no&subsetIndex=no&watchFile=no
"9953",Zostera japonica,Zostera,japonica,,,,exotic,unlisted,,48.900262560000002,-123.409343699999994,,NA,NA,"74014927",obs_exotic,file:///D:/Simon/Sync/Root/GIS/Biodiversity%20Data/obs_exotic.csv?type=csv&maxFields=10000&detectTypes=yes&xField=longitude&yField=latitude&crs=EPSG:4326&spatialIndex=no&subsetIndex=no&watchFile=no
"71001",Cerastium fontanum ssp. vulgare,Cerastium,fontanum,,vulgare,,exotic,unlisted,,48.932847000000002,-123.483024000000000,,NA,NA,"2563618",obs_exotic,file:///D:/Simon/Sync/Root/GIS/Biodiversity%20Data/obs_exotic.csv?type=csv&maxFields=10000&detectTypes=yes&xField=longitude&yField=latitude&crs=EPSG:4326&spatialIndex=no&subsetIndex=no&watchFile=no
"12101",Crataegus monogyna var. monogyna,Crataegus,monogyna,,,,exotic,unlisted,,48.931550000000001,-123.478003000000001,,NA,NA,"2564074",obs_exotic,file:///D:/Simon/Sync/Root/GIS/Biodiversity%20Data/obs_exotic.csv?type=csv&maxFields=10000&detectTypes=yes&xField=longitude&yField=latitude&crs=EPSG:4326&spatialIndex=no&subsetIndex=no&watchFile=no
"16101",Prunella vulgaris var. vulgaris,Prunella,vulgaris,,,,exotic,unlisted,,48.928632000000000,-123.468925999999996,,NA,NA,"2564163",obs_exotic,file:///D:/Simon/Sync/Root/GIS/Biodiversity%20Data/obs_exotic.csv?type=csv&maxFields=10000&detectTypes=yes&xField=longitude&yField=latitude&crs=EPSG:4326&spatialIndex=no&subsetIndex=no&watchFile=no
"45101",Anthoxanthum aristatum spp. aristatum,Anthoxanthum,aristatum,,,,exotic,unlisted,,48.927630999999998,-123.468217999999993,,NA,NA,"2569330",obs_exotic,file:///D:/Simon/Sync/Root/GIS/Biodiversity%20Data/obs_exotic.csv?type=csv&maxFields=10000&detectTypes=yes&xField=longitude&yField=latitude&crs=EPSG:4326&spatialIndex=no&subsetIndex=no&watchFile=no
"69101",Crataegus monogyna var. monogyna,Crataegus,monogyna,,,,exotic,unlisted,,48.931189000000003,-123.476629000000003,,NA,NA,"2599925",obs_exotic,file:///D:/Simon/Sync/Root/GIS/Biodiversity%20Data/obs_exotic.csv?type=csv&maxFields=10000&detectTypes=yes&xField=longitude&yField=latitude&crs=EPSG:4326&spatialIndex=no&subsetIndex=no&watchFile=no
"74101",Bromus diandrus,Bromus,diandrus,,,,exotic,unlisted,,48.928168999999997,-123.471115999999995,,NA,NA,"2617736",obs_exotic,file:///D:/Simon/Sync/Root/GIS/Biodiversity%20Data/obs_exotic.csv?type=csv&maxFields=10000&detectTypes=yes&xField=longitude&yField=latitude&crs=EPSG:4326&spatialIndex=no&subsetIndex=no&watchFile=no
"86101",Cerastium fontanum ssp. vulgare,Cerastium,fontanum,,vulgare,,exotic,unlisted,,48.929209999999998,-123.468131999999997,,NA,NA,"2632626",obs_exotic,file:///D:/Simon/Sync/Root/GIS/Biodiversity%20Data/obs_exotic.csv?type=csv&maxFields=10000&detectTypes=yes&xField=longitude&yField=latitude&crs=EPSG:4326&spatialIndex=no&subsetIndex=no&watchFile=no
"11411",Erodium cicutarium ssp. cicutarium,Erodium,cicutarium,,,,exotic,unlisted,,48.868951000000003,-123.346027000000007,,NA,NA,"2843467",obs_exotic,file:///D:/Simon/Sync/Root/GIS/Biodiversity%20Data/obs_exotic.csv?type=csv&maxFields=10000&detectTypes=yes&xField=longitude&yField=latitude&crs=EPSG:4326&spatialIndex=no&subsetIndex=no&watchFile=no
"13411",Anthoxanthum aristatum spp. aristatum,Anthoxanthum,aristatum,,,,exotic,unlisted,,48.866764000000003,-123.336060000000003,,NA,NA,"3027283",obs_exotic,file:///D:/Simon/Sync/Root/GIS/Biodiversity%20Data/obs_exotic.csv?type=csv&maxFields=10000&detectTypes=yes&xField=longitude&yField=latitude&crs=EPSG:4326&spatialIndex=no&subsetIndex=no&watchFile=no
"14211",Erodium cicutarium ssp. cicutarium,Erodium,cicutarium,,,,exotic,unlisted,,48.867548999999997,-123.339915000000005,,NA,NA,"3041009",obs_exotic,file:///D:/Simon/Sync/Root/GIS/Biodiversity%20Data/obs_exotic.csv?type=csv&maxFields=10000&detectTypes=yes&xField=longitude&yField=latitude&crs=EPSG:4326&spatialIndex=no&subsetIndex=no&watchFile=no
"14911",Crataegus monogyna var. monogyna,Crataegus,monogyna,,,,exotic,unlisted,,48.895916669999998,-123.347528299999993,,NA,NA,"3083357",obs_exotic,file:///D:/Simon/Sync/Root/GIS/Biodiversity%20Data/obs_exotic.csv?type=csv&maxFields=10000&detectTypes=yes&xField=longitude&yField=latitude&crs=EPSG:4326&spatialIndex=no&subsetIndex=no&watchFile=no
"16311",Crataegus monogyna var. monogyna,Crataegus,monogyna,,,,exotic,unlisted,,48.881936000000003,-123.351079999999996,,NA,NA,"3116730",obs_exotic,file:///D:/Simon/Sync/Root/GIS/Biodiversity%20Data/obs_exotic.csv?type=csv&maxFields=10000&detectTypes=yes&xField=longitude&yField=latitude&crs=EPSG:4326&spatialIndex=no&subsetIndex=no&watchFile=no
"16411",Veronica serpyllifolia,Veronica,serpyllifolia,,,,exotic,unlisted,,48.873330000000003,-123.324365999999998,,NA,NA,"3116792",obs_exotic,file:///D:/Simon/Sync/Root/GIS/Biodiversity%20Data/obs_exotic.csv?type=csv&maxFields=10000&detectTypes=yes&xField=longitude&yField=latitude&crs=EPSG:4326&spatialIndex=no&subsetIndex=no&watchFile=no
"16511",Crataegus monogyna var. monogyna,Crataegus,monogyna,,,,exotic,unlisted,,48.873330000000003,-123.324365999999998,,NA,NA,"3116796",obs_exotic,file:///D:/Simon/Sync/Root/GIS/Biodiversity%20Data/obs_exotic.csv?type=csv&maxFields=10000&detectTypes=yes&xField=longitude&yField=latitude&crs=EPSG:4326&spatialIndex=no&subsetIndex=no&watchFile=no
"17111",Anthoxanthum aristatum spp. aristatum,Anthoxanthum,aristatum,,,,exotic,unlisted,,48.916442000000004,-123.425903000000005,,NA,NA,"3190496",obs_exotic,file:///D:/Simon/Sync/Root/GIS/Biodiversity%20Data/obs_exotic.csv?type=csv&maxFields=10000&detectTypes=yes&xField=longitude&yField=latitude&crs=EPSG:4326&spatialIndex=no&subsetIndex=no&watchFile=no
"21311",Cerastium fontanum ssp. vulgare,Cerastium,fontanum,,vulgare,,exotic,unlisted,,48.915923999999997,-123.425291999999999,,NA,NA,"3340379",obs_exotic,file:///D:/Simon/Sync/Root/GIS/Biodiversity%20Data/obs_exotic.csv?type=csv&maxFields=10000&detectTypes=yes&xField=longitude&yField=latitude&crs=EPSG:4326&spatialIndex=no&subsetIndex=no&watchFile=no
"22211",Hordeum murinum ssp. murinum,Hordeum,murinum,,,,exotic,unlisted,,48.892842000000002,-123.392106999999996,,NA,NA,"3382875",obs_exotic,file:///D:/Simon/Sync/Root/GIS/Biodiversity%20Data/obs_exotic.csv?type=csv&maxFields=10000&detectTypes=yes&xField=longitude&yField=latitude&crs=EPSG:4326&spatialIndex=no&subsetIndex=no&watchFile=no
"22611",Prunella vulgaris var. vulgaris,Prunella,vulgaris,,,,exotic,unlisted,,48.948667000000000,-123.503107999999997,,NA,NA,"3395941",obs_exotic,file:///D:/Simon/Sync/Root/GIS/Biodiversity%20Data/obs_exotic.csv?type=csv&maxFields=10000&detectTypes=yes&xField=longitude&yField=latitude&crs=EPSG:4326&spatialIndex=no&subsetIndex=no&watchFile=no
"24211",Achillea millefolium,Achillea,millefolium,,,,exotic,unlisted,,48.898358000000002,-123.407342000000000,,NA,NA,"3493815",obs_exotic,file:///D:/Simon/Sync/Root/GIS/Biodiversity%20Data/obs_exotic.csv?type=csv&maxFields=10000&detectTypes=yes&xField=longitude&yField=latitude&crs=EPSG:4326&spatialIndex=no&subsetIndex=no&watchFile=no
"25411",Sonchus arvensis ssp. arvensis,Sonchus,arvensis,,,,exotic,unlisted,,48.894831000000003,-123.336661000000007,,NA,NA,"3540047",obs_exotic,file:///D:/Simon/Sync/Root/GIS/Biodiversity%20Data/obs_exotic.csv?type=csv&maxFields=10000&detectTypes=yes&xField=longitude&yField=latitude&crs=EPSG:4326&spatialIndex=no&subsetIndex=no&watchFile=no
"25511",Crataegus monogyna var. monogyna,Crataegus,monogyna,,,,exotic,unlisted,,48.877673999999999,-123.350972999999996,,NA,NA,"3540192",obs_exotic,file:///D:/Simon/Sync/Root/GIS/Biodiversity%20Data/obs_exotic.csv?type=csv&maxFields=10000&detectTypes=yes&xField=longitude&yField=latitude&crs=EPSG:4326&spatialIndex=no&subsetIndex=no&watchFile=no
"25811",Cakile maritima ssp. maritima,Cakile,maritima,,,,exotic,unlisted,,49.010998999999998,-123.572115999999994,,NA,NA,"3542797",obs_exotic,file:///D:/Simon/Sync/Root/GIS/Biodiversity%20Data/obs_exotic.csv?type=csv&maxFields=10000&detectTypes=yes&xField=longitude&yField=latitude&crs=EPSG:4326&spatialIndex=no&subsetIndex=no&watchFile=no
"26011",Cakile edentula var. edentula,Cakile,edentula,,,,exotic,unlisted,,49.012405999999999,-123.573790000000002,,NA,NA,"3542880",obs_exotic,file:///D:/Simon/Sync/Root/GIS/Biodiversity%20Data/obs_exotic.csv?type=csv&maxFields=10000&detectTypes=yes&xField=longitude&yField=latitude&crs=EPSG:4326&spatialIndex=no&subsetIndex=no&watchFile=no
"26111",Cakile maritima ssp. maritima,Cakile,maritima,,,,exotic,unlisted,,49.012405999999999,-123.573790000000002,,NA,NA,"3542947",obs_exotic,file:///D:/Simon/Sync/Root/GIS/Biodiversity%20Data/obs_exotic.csv?type=csv&maxFields=10000&detectTypes=yes&xField=longitude&yField=latitude&crs=EPSG:4326&spatialIndex=no&subsetIndex=no&watchFile=no
"26511",Prunella vulgaris var. vulgaris,Prunella,vulgaris,,,,exotic,unlisted,,48.951200000000000,-123.516368999999997,,NA,NA,"3556007",obs_exotic,file:///D:/Simon/Sync/Root/GIS/Biodiversity%20Data/obs_exotic.csv?type=csv&maxFields=10000&detectTypes=yes&xField=longitude&yField=latitude&crs=EPSG:4326&spatialIndex=no&subsetIndex=no&watchFile=no
"27311",Rubus bifrons,Rubus,bifrons,,,,exotic,unlisted,,48.990780999999998,-123.579036000000002,,NA,NA,"3636661",obs_exotic,file:///D:/Simon/Sync/Root/GIS/Biodiversity%20Data/obs_exotic.csv?type=csv&maxFields=10000&detectTypes=yes&xField=longitude&yField=latitude&crs=EPSG:4326&spatialIndex=no&subsetIndex=no&watchFile=no
"27911",Vicia villosa var. villosa,Vicia,villosa,,,,exotic,unlisted,,48.939348000000003,-123.492046999999999,,NA,NA,"3638409",obs_exotic,file:///D:/Simon/Sync/Root/GIS/Biodiversity%20Data/obs_exotic.csv?type=csv&maxFields=10000&detectTypes=yes&xField=longitude&yField=latitude&crs=EPSG:4326&spatialIndex=no&subsetIndex=no&watchFile=no
"28011",Prunella vulgaris var. vulgaris,Prunella,vulgaris,,,,exotic,unlisted,,48.938403999999998,-123.490179999999995,,NA,NA,"3638455",obs_exotic,file:///D:/Simon/Sync/Root/GIS/Biodiversity%20Data/obs_exotic.csv?type=csv&maxFields=10000&detectTypes=yes&xField=longitude&yField=latitude&crs=EPSG:4326&spatialIndex=no&subsetIndex=no&watchFile=no
"28111",Sonchus arvensis ssp. arvensis,Sonchus,arvensis,,,,exotic,unlisted,,48.943255000000001,-123.510221700000002,,NA,NA,"3640293",obs_exotic,file:///D:/Simon/Sync/Root/GIS/Biodiversity%20Data/obs_exotic.csv?type=csv&maxFields=10000&detectTypes=yes&xField=longitude&yField=latitude&crs=EPSG:4326&spatialIndex=no&subsetIndex=no&watchFile=no
"28411",Hordeum murinum ssp. murinum,Hordeum,murinum,,,,exotic,unlisted,,48.898755999999999,-123.407449999999997,,NA,NA,"3652726",obs_exotic,file:///D:/Simon/Sync/Root/GIS/Biodiversity%20Data/obs_exotic.csv?type=csv&maxFields=10000&detectTypes=yes&xField=longitude&yField=latitude&crs=EPSG:4326&spatialIndex=no&subsetIndex=no&watchFile=no
"28711",Sonchus arvensis ssp. arvensis,Sonchus,arvensis,,,,exotic,unlisted,,48.897091000000003,-123.404617000000002,,NA,NA,"3652910",obs_exotic,file:///D:/Simon/Sync/Root/GIS/Biodiversity%20Data/obs_exotic.csv?type=csv&maxFields=10000&detectTypes=yes&xField=longitude&yField=latitude&crs=EPSG:4326&spatialIndex=no&subsetIndex=no&watchFile=no
"29011",Cakile maritima ssp. maritima,Cakile,maritima,,,,exotic,unlisted,,48.897091000000003,-123.404617000000002,,NA,NA,"3652942",obs_exotic,file:///D:/Simon/Sync/Root/GIS/Biodiversity%20Data/obs_exotic.csv?type=csv&maxFields=10000&detectTypes=yes&xField=longitude&yField=latitude&crs=EPSG:4326&spatialIndex=no&subsetIndex=no&watchFile=no
"32111",Rubus bifrons,Rubus,bifrons,,,,exotic,unlisted,,48.942568999999999,-123.498975000000002,,NA,NA,"3903087",obs_exotic,file:///D:/Simon/Sync/Root/GIS/Biodiversity%20Data/obs_exotic.csv?type=csv&maxFields=10000&detectTypes=yes&xField=longitude&yField=latitude&crs=EPSG:4326&spatialIndex=no&subsetIndex=no&watchFile=no
"32311",Cakile maritima ssp. maritima,Cakile,maritima,,,,exotic,unlisted,,49.012384460000000,-123.573682300000002,,NA,NA,"3948551",obs_exotic,file:///D:/Simon/Sync/Root/GIS/Biodiversity%20Data/obs_exotic.csv?type=csv&maxFields=10000&detectTypes=yes&xField=longitude&yField=latitude&crs=EPSG:4326&spatialIndex=no&subsetIndex=no&watchFile=no
"32511",Prunella vulgaris var. vulgaris,Prunella,vulgaris,,,,exotic,unlisted,,48.992375310000000,-123.575098499999996,,NA,NA,"4005334",obs_exotic,file:///D:/Simon/Sync/Root/GIS/Biodiversity%20Data/obs_exotic.csv?type=csv&maxFields=10000&detectTypes=yes&xField=longitude&yField=latitude&crs=EPSG:4326&spatialIndex=no&subsetIndex=no&watchFile=no
"33310",Prunella vulgaris var. vulgaris,Prunella,vulgaris,,,,exotic,unlisted,,48.870833339999997,-123.321464100000000,,NA,NA,"4051304",obs_exotic,file:///D:/Simon/Sync/Root/GIS/Biodiversity%20Data/obs_exotic.csv?type=csv&maxFields=10000&detectTypes=yes&xField=longitude&yField=latitude&crs=EPSG:4326&spatialIndex=no&subsetIndex=no&watchFile=no
"33410",Prunella vulgaris var. vulgaris,Prunella,vulgaris,,,,exotic,unlisted,,48.950558020000003,-123.515596500000001,,NA,NA,"4058554",obs_exotic,file:///D:/Simon/Sync/Root/GIS/Biodiversity%20Data/obs_exotic.csv?type=csv&maxFields=10000&detectTypes=yes&xField=longitude&yField=latitude&crs=EPSG:4326&spatialIndex=no&subsetIndex=no&watchFile=no
"33510",Leontodon saxatilis ssp. saxatilis,Leontodon,saxatilis,,,,exotic,unlisted,,48.872911999999999,-123.361486999999997,,NA,NA,"4296023",obs_exotic,file:///D:/Simon/Sync/Root/GIS/Biodiversity%20Data/obs_exotic.csv?type=csv&maxFields=10000&detectTypes=yes&xField=longitude&yField=latitude&crs=EPSG:4326&spatialIndex=no&subsetIndex=no&watchFile=no
"35310",Erodium cicutarium ssp. cicutarium,Erodium,cicutarium,,,,exotic,unlisted,,48.863963540000000,-123.329709300000005,,NA,NA,"5412749",obs_exotic,file:///D:/Simon/Sync/Root/GIS/Biodiversity%20Data/obs_exotic.csv?type=csv&maxFields=10000&detectTypes=yes&xField=longitude&yField=latitude&crs=EPSG:4326&spatialIndex=no&subsetIndex=no&watchFile=no
"35510",Erodium cicutarium ssp. cicutarium,Erodium,cicutarium,,,,exotic,unlisted,,48.868785000000003,-123.378710999999996,,NA,NA,"5472949",obs_exotic,file:///D:/Simon/Sync/Root/GIS/Biodiversity%20Data/obs_exotic.csv?type=csv&maxFields=10000&detectTypes=yes&xField=longitude&yField=latitude&crs=EPSG:4326&spatialIndex=no&subsetIndex=no&watchFile=no
"36310",Erodium cicutarium ssp. cicutarium,Erodium,cicutarium,,,,exotic,unlisted,,48.863824999999999,-123.366722999999993,,NA,NA,"5516505",obs_exotic,file:///D:/Simon/Sync/Root/GIS/Biodiversity%20Data/obs_exotic.csv?type=csv&maxFields=10000&detectTypes=yes&xField=longitude&yField=latitude&crs=EPSG:4326&spatialIndex=no&subsetIndex=no&watchFile=no
"38010",Prunella vulgaris var. vulgaris,Prunella,vulgaris,,,,exotic,unlisted,,48.901373909999997,-123.362045300000005,,NA,NA,"5646992",obs_exotic,file:///D:/Simon/Sync/Root/GIS/Biodiversity%20Data/obs_exotic.csv?type=csv&maxFields=10000&detectTypes=yes&xField=longitude&yField=latitude&crs=EPSG:4326&spatialIndex=no&subsetIndex=no&watchFile=no
"38210",Taraxacum officinale agg.,Taraxacum,officinale,,,,exotic,unlisted,,48.878253000000001,-123.350689000000003,,NA,NA,"5651774",obs_exotic,file:///D:/Simon/Sync/Root/GIS/Biodiversity%20Data/obs_exotic.csv?type=csv&maxFields=10000&detectTypes=yes&xField=longitude&yField=latitude&crs=EPSG:4326&spatialIndex=no&subsetIndex=no&watchFile=no
"38810",Erodium cicutarium ssp. cicutarium,Erodium,cicutarium,,,,exotic,unlisted,,48.867940089999998,-123.387027399999994,,NA,NA,"5715335",obs_exotic,file:///D:/Simon/Sync/Root/GIS/Biodiversity%20Data/obs_exotic.csv?type=csv&maxFields=10000&detectTypes=yes&xField=longitude&yField=latitude&crs=EPSG:4326&spatialIndex=no&subsetIndex=no&watchFile=no
"40510",Rubus bifrons,Rubus,bifrons,,,,exotic,unlisted,,48.905563020000002,-123.356026400000005,,NA,NA,"5899726",obs_exotic,file:///D:/Simon/Sync/Root/GIS/Biodiversity%20Data/obs_exotic.csv?type=csv&maxFields=10000&detectTypes=yes&xField=longitude&yField=latitude&crs=EPSG:4326&spatialIndex=no&subsetIndex=no&watchFile=no
"41310",Prunella vulgaris var. vulgaris,Prunella,vulgaris,,,,exotic,unlisted,,48.902953680000003,-123.363869199999996,,NA,NA,"5940004",obs_exotic,file:///D:/Simon/Sync/Root/GIS/Biodiversity%20Data/obs_exotic.csv?type=csv&maxFields=10000&detectTypes=yes&xField=longitude&yField=latitude&crs=EPSG:4326&spatialIndex=no&subsetIndex=no&watchFile=no
"41710",Rubus bifrons,Rubus,bifrons,,,,exotic,unlisted,,48.898665610000002,-123.363965699999994,,NA,NA,"5993175",obs_exotic,file:///D:/Simon/Sync/Root/GIS/Biodiversity%20Data/obs_exotic.csv?type=csv&maxFields=10000&detectTypes=yes&xField=longitude&yField=latitude&crs=EPSG:4326&spatialIndex=no&subsetIndex=no&watchFile=no
"43010",Erodium cicutarium ssp. cicutarium,Erodium,cicutarium,,,,exotic,unlisted,,48.904561620000003,-123.413457899999997,,NA,NA,"6047553",obs_exotic,file:///D:/Simon/Sync/Root/GIS/Biodiversity%20Data/obs_exotic.csv?type=csv&maxFields=10000&detectTypes=yes&xField=longitude&yField=latitude&crs=EPSG:4326&spatialIndex=no&subsetIndex=no&watchFile=no
"44410",Anthoxanthum aristatum spp. aristatum,Anthoxanthum,aristatum,,,,exotic,unlisted,,48.867255520000001,-123.338141399999998,,NA,NA,"6217220",obs_exotic,file:///D:/Simon/Sync/Root/GIS/Biodiversity%20Data/obs_exotic.csv?type=csv&maxFields=10000&detectTypes=yes&xField=longitude&yField=latitude&crs=EPSG:4326&spatialIndex=no&subsetIndex=no&watchFile=no
"46410",Bromus diandrus,Bromus,diandrus,,,,exotic,unlisted,,48.929520269999998,-123.475770999999995,,NA,NA,"6298737",obs_exotic,file:///D:/Simon/Sync/Root/GIS/Biodiversity%20Data/obs_exotic.csv?type=csv&maxFields=10000&detectTypes=yes&xField=longitude&yField=latitude&crs=EPSG:4326&spatialIndex=no&subsetIndex=no&watchFile=no
"47910",Achillea millefolium,Achillea,millefolium,,,,exotic,unlisted,,48.940345899999997,-123.504352600000004,,NA,NA,"6306954",obs_exotic,file:///D:/Simon/Sync/Root/GIS/Biodiversity%20Data/obs_exotic.csv?type=csv&maxFields=10000&detectTypes=yes&xField=longitude&yField=latitude&crs=EPSG:4326&spatialIndex=no&subsetIndex=no&watchFile=no
"50810",Veronica serpyllifolia,Veronica,serpyllifolia,,,,exotic,unlisted,,48.931282410000001,-123.477337399999996,,NA,NA,"6409667",obs_exotic,file:///D:/Simon/Sync/Root/GIS/Biodiversity%20Data/obs_exotic.csv?type=csv&maxFields=10000&detectTypes=yes&xField=longitude&yField=latitude&crs=EPSG:4326&spatialIndex=no&subsetIndex=no&watchFile=no
"51010",Bromus diandrus,Bromus,diandrus,,,,exotic,unlisted,,48.868800149999998,-123.378610600000002,,NA,NA,"6410306",obs_exotic,file:///D:/Simon/Sync/Root/GIS/Biodiversity%20Data/obs_exotic.csv?type=csv&maxFields=10000&detectTypes=yes&xField=longitude&yField=latitude&crs=EPSG:4326&spatialIndex=no&subsetIndex=no&watchFile=no
"51510",Prunella vulgaris var. vulgaris,Prunella,vulgaris,,,,exotic,unlisted,,48.943192879999998,-123.484139400000004,,NA,NA,"6411177",obs_exotic,file:///D:/Simon/Sync/Root/GIS/Biodiversity%20Data/obs_exotic.csv?type=csv&maxFields=10000&detectTypes=yes&xField=longitude&yField=latitude&crs=EPSG:4326&spatialIndex=no&subsetIndex=no&watchFile=no
"51810",Prunella vulgaris var. vulgaris,Prunella,vulgaris,,,,exotic,unlisted,,48.943192879999998,-123.484139400000004,,NA,NA,"6411192",obs_exotic,file:///D:/Simon/Sync/Root/GIS/Biodiversity%20Data/obs_exotic.csv?type=csv&maxFields=10000&detectTypes=yes&xField=longitude&yField=latitude&crs=EPSG:4326&spatialIndex=no&subsetIndex=no&watchFile=no
"51910",Anthoxanthum aristatum spp. aristatum,Anthoxanthum,aristatum,,,,exotic,unlisted,,48.943192879999998,-123.484139400000004,,NA,NA,"6411194",obs_exotic,file:///D:/Simon/Sync/Root/GIS/Biodiversity%20Data/obs_exotic.csv?type=csv&maxFields=10000&detectTypes=yes&xField=longitude&yField=latitude&crs=EPSG:4326&spatialIndex=no&subsetIndex=no&watchFile=no
"53710",Rubus bifrons,Rubus,bifrons,,,,exotic,unlisted,,48.900696850000003,-123.336124400000003,,NA,NA,"6425168",obs_exotic,file:///D:/Simon/Sync/Root/GIS/Biodiversity%20Data/obs_exotic.csv?type=csv&maxFields=10000&detectTypes=yes&xField=longitude&yField=latitude&crs=EPSG:4326&spatialIndex=no&subsetIndex=no&watchFile=no
"55010",Achillea millefolium,Achillea,millefolium,,,,exotic,unlisted,,48.867622509999997,-123.339643499999994,,NA,NA,"6434808",obs_exotic,file:///D:/Simon/Sync/Root/GIS/Biodiversity%20Data/obs_exotic.csv?type=csv&maxFields=10000&detectTypes=yes&xField=longitude&yField=latitude&crs=EPSG:4326&spatialIndex=no&subsetIndex=no&watchFile=no
"55310",Bromus diandrus,Bromus,diandrus,,,,exotic,unlisted,,48.872026159999997,-123.311426600000004,,NA,NA,"6434844",obs_exotic,file:///D:/Simon/Sync/Root/GIS/Biodiversity%20Data/obs_exotic.csv?type=csv&maxFields=10000&detectTypes=yes&xField=longitude&yField=latitude&crs=EPSG:4326&spatialIndex=no&subsetIndex=no&watchFile=no
"55510",Hordeum murinum ssp. murinum,Hordeum,murinum,,,,exotic,unlisted,,48.872555419999998,-123.312617500000002,,NA,NA,"6434850",obs_exotic,file:///D:/Simon/Sync/Root/GIS/Biodiversity%20Data/obs_exotic.csv?type=csv&maxFields=10000&detectTypes=yes&xField=longitude&yField=latitude&crs=EPSG:4326&spatialIndex=no&subsetIndex=no&watchFile=no
"56110",Poa bulbosa,Poa,bulbosa,,,,exotic,unlisted,,48.865961560000002,-123.381497300000007,,NA,NA,"6471870",obs_exotic,file:///D:/Simon/Sync/Root/GIS/Biodiversity%20Data/obs_exotic.csv?type=csv&maxFields=10000&detectTypes=yes&xField=longitude&yField=latitude&crs=EPSG:4326&spatialIndex=no&subsetIndex=no&watchFile=no
"58510",Rubus bifrons,Rubus,bifrons,,,,exotic,unlisted,,48.877754199999998,-123.316527199999996,,NA,NA,"6601941",obs_exotic,file:///D:/Simon/Sync/Root/GIS/Biodiversity%20Data/obs_exotic.csv?type=csv&maxFields=10000&detectTypes=yes&xField=longitude&yField=latitude&crs=EPSG:4326&spatialIndex=no&subsetIndex=no&watchFile=no
"58810",Erodium cicutarium ssp. cicutarium,Erodium,cicutarium,,,,exotic,unlisted,,48.954683719999998,-123.527054800000002,,NA,NA,"6610509",obs_exotic,file:///D:/Simon/Sync/Root/GIS/Biodiversity%20Data/obs_exotic.csv?type=csv&maxFields=10000&detectTypes=yes&xField=longitude&yField=latitude&crs=EPSG:4326&spatialIndex=no&subsetIndex=no&watchFile=no
"59210",Prunella vulgaris var. vulgaris,Prunella,vulgaris,,,,exotic,unlisted,,48.972462520000001,-123.554005599999996,,NA,NA,"6611348",obs_exotic,file:///D:/Simon/Sync/Root/GIS/Biodiversity%20Data/obs_exotic.csv?type=csv&maxFields=10000&detectTypes=yes&xField=longitude&yField=latitude&crs=EPSG:4326&spatialIndex=no&subsetIndex=no&watchFile=no
"60810",Prunella vulgaris var. vulgaris,Prunella,vulgaris,,,,exotic,unlisted,,48.928916670000000,-123.468750000000000,,NA,NA,"6783383",obs_exotic,file:///D:/Simon/Sync/Root/GIS/Biodiversity%20Data/obs_exotic.csv?type=csv&maxFields=10000&detectTypes=yes&xField=longitude&yField=latitude&crs=EPSG:4326&spatialIndex=no&subsetIndex=no&watchFile=no
"62110",Cakile maritima ssp. maritima,Cakile,maritima,,,,exotic,unlisted,,48.898600999999999,-123.339153999999994,,NA,NA,"7773325",obs_exotic,file:///D:/Simon/Sync/Root/GIS/Biodiversity%20Data/obs_exotic.csv?type=csv&maxFields=10000&detectTypes=yes&xField=longitude&yField=latitude&crs=EPSG:4326&spatialIndex=no&subsetIndex=no&watchFile=no
"62210",Prunella vulgaris var. vulgaris,Prunella,vulgaris,,,,exotic,unlisted,,48.869094500000003,-123.323020799999995,,NA,NA,"8089476",obs_exotic,file:///D:/Simon/Sync/Root/GIS/Biodiversity%20Data/obs_exotic.csv?type=csv&maxFields=10000&detectTypes=yes&xField=longitude&yField=latitude&crs=EPSG:4326&spatialIndex=no&subsetIndex=no&watchFile=no
"64010",Taraxacum officinale agg.,Taraxacum,officinale,,,,exotic,unlisted,,48.865749999999998,-123.350162999999995,,NA,NA,"10558277",obs_exotic,file:///D:/Simon/Sync/Root/GIS/Biodiversity%20Data/obs_exotic.csv?type=csv&maxFields=10000&detectTypes=yes&xField=longitude&yField=latitude&crs=EPSG:4326&spatialIndex=no&subsetIndex=no&watchFile=no
"64310",Erodium cicutarium ssp. cicutarium,Erodium,cicutarium,,,,exotic,unlisted,,48.867978330000000,-123.339966700000005,,NA,NA,"10663858",obs_exotic,file:///D:/Simon/Sync/Root/GIS/Biodiversity%20Data/obs_exotic.csv?type=csv&maxFields=10000&detectTypes=yes&xField=longitude&yField=latitude&crs=EPSG:4326&spatialIndex=no&subsetIndex=no&watchFile=no
"64610",Erodium cicutarium ssp. cicutarium,Erodium,cicutarium,,,,exotic,unlisted,,48.866394440000001,-123.334372200000004,,NA,NA,"10685135",obs_exotic,file:///D:/Simon/Sync/Root/GIS/Biodiversity%20Data/obs_exotic.csv?type=csv&maxFields=10000&detectTypes=yes&xField=longitude&yField=latitude&crs=EPSG:4326&spatialIndex=no&subsetIndex=no&watchFile=no
"65410",Veronica peregrina var. peregrina,Veronica,peregrina,,,,exotic,unlisted,,48.884926000000000,-123.340912000000003,,NA,NA,"10997736",obs_exotic,file:///D:/Simon/Sync/Root/GIS/Biodiversity%20Data/obs_exotic.csv?type=csv&maxFields=10000&detectTypes=yes&xField=longitude&yField=latitude&crs=EPSG:4326&spatialIndex=no&subsetIndex=no&watchFile=no
"65510",Erodium cicutarium ssp. cicutarium,Erodium,cicutarium,,,,exotic,unlisted,,48.884920000000001,-123.340965999999995,,NA,NA,"10998062",obs_exotic,file:///D:/Simon/Sync/Root/GIS/Biodiversity%20Data/obs_exotic.csv?type=csv&maxFields=10000&detectTypes=yes&xField=longitude&yField=latitude&crs=EPSG:4326&spatialIndex=no&subsetIndex=no&watchFile=no
"65810",Veronica serpyllifolia,Veronica,serpyllifolia,,,,exotic,unlisted,,48.869691000000003,-123.319850000000002,,NA,NA,"10999315",obs_exotic,file:///D:/Simon/Sync/Root/GIS/Biodiversity%20Data/obs_exotic.csv?type=csv&maxFields=10000&detectTypes=yes&xField=longitude&yField=latitude&crs=EPSG:4326&spatialIndex=no&subsetIndex=no&watchFile=no
"66010",Lamium purpureum var. hybridum,Lamium,purpureum,,,hybridum,exotic,unlisted,,48.991743999999997,-123.570847999999998,,NA,NA,"11101842",obs_exotic,file:///D:/Simon/Sync/Root/GIS/Biodiversity%20Data/obs_exotic.csv?type=csv&maxFields=10000&detectTypes=yes&xField=longitude&yField=latitude&crs=EPSG:4326&spatialIndex=no&subsetIndex=no&watchFile=no
"68310",Crataegus monogyna var. monogyna,Crataegus,monogyna,,,,exotic,unlisted,,48.869678999999998,-123.320034000000007,,NA,NA,"12256238",obs_exotic,file:///D:/Simon/Sync/Root/GIS/Biodiversity%20Data/obs_exotic.csv?type=csv&maxFields=10000&detectTypes=yes&xField=longitude&yField=latitude&crs=EPSG:4326&spatialIndex=no&subsetIndex=no&watchFile=no
"69510",Cerastium fontanum ssp. vulgare,Cerastium,fontanum,,vulgare,,exotic,unlisted,,48.928410999999997,-123.444340999999994,,NA,NA,"12406613",obs_exotic,file:///D:/Simon/Sync/Root/GIS/Biodiversity%20Data/obs_exotic.csv?type=csv&maxFields=10000&detectTypes=yes&xField=longitude&yField=latitude&crs=EPSG:4326&spatialIndex=no&subsetIndex=no&watchFile=no
"71610",Prunella vulgaris var. vulgaris,Prunella,vulgaris,,,,exotic,unlisted,,48.880172999999999,-123.338239000000002,,NA,NA,"12789943",obs_exotic,file:///D:/Simon/Sync/Root/GIS/Biodiversity%20Data/obs_exotic.csv?type=csv&maxFields=10000&detectTypes=yes&xField=longitude&yField=latitude&crs=EPSG:4326&spatialIndex=no&subsetIndex=no&watchFile=no
"71910",Crataegus monogyna var. monogyna,Crataegus,monogyna,,,,exotic,unlisted,,48.880817999999998,-123.341763999999998,,NA,NA,"12790316",obs_exotic,file:///D:/Simon/Sync/Root/GIS/Biodiversity%20Data/obs_exotic.csv?type=csv&maxFields=10000&detectTypes=yes&xField=longitude&yField=latitude&crs=EPSG:4326&spatialIndex=no&subsetIndex=no&watchFile=no
"74110",Anthoxanthum aristatum spp. aristatum,Anthoxanthum,aristatum,,,,exotic,unlisted,,48.866945000000001,-123.341328000000004,,NA,NA,"12817810",obs_exotic,file:///D:/Simon/Sync/Root/GIS/Biodiversity%20Data/obs_exotic.csv?type=csv&maxFields=10000&detectTypes=yes&xField=longitude&yField=latitude&crs=EPSG:4326&spatialIndex=no&subsetIndex=no&watchFile=no
"74210",Crataegus monogyna var. monogyna,Crataegus,monogyna,,,,exotic,unlisted,,48.873908999999998,-123.342164999999994,,NA,NA,"12845406",obs_exotic,file:///D:/Simon/Sync/Root/GIS/Biodiversity%20Data/obs_exotic.csv?type=csv&maxFields=10000&detectTypes=yes&xField=longitude&yField=latitude&crs=EPSG:4326&spatialIndex=no&subsetIndex=no&watchFile=no
"75110",Erodium cicutarium ssp. cicutarium,Erodium,cicutarium,,,,exotic,unlisted,,48.867140999999997,-123.375646000000003,,NA,NA,"13031407",obs_exotic,file:///D:/Simon/Sync/Root/GIS/Biodiversity%20Data/obs_exotic.csv?type=csv&maxFields=10000&detectTypes=yes&xField=longitude&yField=latitude&crs=EPSG:4326&spatialIndex=no&subsetIndex=no&watchFile=no
"75810",Vicia villosa var. villosa,Vicia,villosa,,,,exotic,unlisted,,48.939861000000001,-123.492050000000006,,NA,NA,"13167168",obs_exotic,file:///D:/Simon/Sync/Root/GIS/Biodiversity%20Data/obs_exotic.csv?type=csv&maxFields=10000&detectTypes=yes&xField=longitude&yField=latitude&crs=EPSG:4326&spatialIndex=no&subsetIndex=no&watchFile=no
"77010",Prunella vulgaris var. vulgaris,Prunella,vulgaris,,,,exotic,unlisted,,48.974396480000003,-123.560320399999995,,NA,NA,"13320992",obs_exotic,file:///D:/Simon/Sync/Root/GIS/Biodiversity%20Data/obs_exotic.csv?type=csv&maxFields=10000&detectTypes=yes&xField=longitude&yField=latitude&crs=EPSG:4326&spatialIndex=no&subsetIndex=no&watchFile=no
"77710",Prunella vulgaris var. vulgaris,Prunella,vulgaris,,,,exotic,unlisted,,48.880108999999997,-123.341578999999996,,NA,NA,"13965035",obs_exotic,file:///D:/Simon/Sync/Root/GIS/Biodiversity%20Data/obs_exotic.csv?type=csv&maxFields=10000&detectTypes=yes&xField=longitude&yField=latitude&crs=EPSG:4326&spatialIndex=no&subsetIndex=no&watchFile=no
"77910",Achillea millefolium,Achillea,millefolium,,,,exotic,unlisted,,48.903991670000003,-123.344314999999995,,NA,NA,"13971905",obs_exotic,file:///D:/Simon/Sync/Root/GIS/Biodiversity%20Data/obs_exotic.csv?type=csv&maxFields=10000&detectTypes=yes&xField=longitude&yField=latitude&crs=EPSG:4326&spatialIndex=no&subsetIndex=no&watchFile=no
"79010",Achillea millefolium,Achillea,millefolium,,,,exotic,unlisted,,48.903988890000001,-123.344311099999999,,NA,NA,"13973462",obs_exotic,file:///D:/Simon/Sync/Root/GIS/Biodiversity%20Data/obs_exotic.csv?type=csv&maxFields=10000&detectTypes=yes&xField=longitude&yField=latitude&crs=EPSG:4326&spatialIndex=no&subsetIndex=no&watchFile=no
"80010",Achillea millefolium,Achillea,millefolium,,,,exotic,unlisted,,48.897930000000002,-123.408088300000003,,NA,NA,"13974230",obs_exotic,file:///D:/Simon/Sync/Root/GIS/Biodiversity%20Data/obs_exotic.csv?type=csv&maxFields=10000&detectTypes=yes&xField=longitude&yField=latitude&crs=EPSG:4326&spatialIndex=no&subsetIndex=no&watchFile=no
"81310",Achillea millefolium,Achillea,millefolium,,,,exotic,unlisted,,48.917034330000000,-123.395857399999997,,NA,NA,"14197958",obs_exotic,file:///D:/Simon/Sync/Root/GIS/Biodiversity%20Data/obs_exotic.csv?type=csv&maxFields=10000&detectTypes=yes&xField=longitude&yField=latitude&crs=EPSG:4326&spatialIndex=no&subsetIndex=no&watchFile=no
"81410",Leontodon saxatilis ssp. saxatilis,Leontodon,saxatilis,,,,exotic,unlisted,,48.897491670000001,-123.356499999999997,,NA,NA,"14220767",obs_exotic,file:///D:/Simon/Sync/Root/GIS/Biodiversity%20Data/obs_exotic.csv?type=csv&maxFields=10000&detectTypes=yes&xField=longitude&yField=latitude&crs=EPSG:4326&spatialIndex=no&subsetIndex=no&watchFile=no
"81510",Cerastium fontanum ssp. vulgare,Cerastium,fontanum,,vulgare,,exotic,unlisted,,48.928494999999998,-123.444611699999996,,NA,NA,"14276800",obs_exotic,file:///D:/Simon/Sync/Root/GIS/Biodiversity%20Data/obs_exotic.csv?type=csv&maxFields=10000&detectTypes=yes&xField=longitude&yField=latitude&crs=EPSG:4326&spatialIndex=no&subsetIndex=no&watchFile=no
"81710",Rubus bifrons,Rubus,bifrons,,,,exotic,unlisted,,48.950769090000001,-123.508003200000005,,NA,NA,"14437120",obs_exotic,file:///D:/Simon/Sync/Root/GIS/Biodiversity%20Data/obs_exotic.csv?type=csv&maxFields=10000&detectTypes=yes&xField=longitude&yField=latitude&crs=EPSG:4326&spatialIndex=no&subsetIndex=no&watchFile=no
"81810",Prunella vulgaris var. vulgaris,Prunella,vulgaris,,,,exotic,unlisted,,48.983658740000003,-123.568015299999999,,NA,NA,"14503132",obs_exotic,file:///D:/Simon/Sync/Root/GIS/Biodiversity%20Data/obs_exotic.csv?type=csv&maxFields=10000&detectTypes=yes&xField=longitude&yField=latitude&crs=EPSG:4326&spatialIndex=no&subsetIndex=no&watchFile=no
"81910",Cerastium fontanum ssp. vulgare,Cerastium,fontanum,,vulgare,,exotic,unlisted,,48.983764989999997,-123.568013500000006,,NA,NA,"14524690",obs_exotic,file:///D:/Simon/Sync/Root/GIS/Biodiversity%20Data/obs_exotic.csv?type=csv&maxFields=10000&detectTypes=yes&xField=longitude&yField=latitude&crs=EPSG:4326&spatialIndex=no&subsetIndex=no&watchFile=no
"82010",Prunella vulgaris var. vulgaris,Prunella,vulgaris,,,,exotic,unlisted,,48.941357869999997,-123.475725400000002,,NA,NA,"14596573",obs_exotic,file:///D:/Simon/Sync/Root/GIS/Biodiversity%20Data/obs_exotic.csv?type=csv&maxFields=10000&detectTypes=yes&xField=longitude&yField=latitude&crs=EPSG:4326&spatialIndex=no&subsetIndex=no&watchFile=no
"84410",Leontodon saxatilis ssp. saxatilis,Leontodon,saxatilis,,,,exotic,unlisted,,48.899243069999997,-123.407323300000002,,NA,NA,"16471994",obs_exotic,file:///D:/Simon/Sync/Root/GIS/Biodiversity%20Data/obs_exotic.csv?type=csv&maxFields=10000&detectTypes=yes&xField=longitude&yField=latitude&crs=EPSG:4326&spatialIndex=no&subsetIndex=no&watchFile=no
"86110",Erodium cicutarium ssp. cicutarium,Erodium,cicutarium,,,,exotic,unlisted,,48.867612129999998,-123.339456700000000,,NA,NA,"21350296",obs_exotic,file:///D:/Simon/Sync/Root/GIS/Biodiversity%20Data/obs_exotic.csv?type=csv&maxFields=10000&detectTypes=yes&xField=longitude&yField=latitude&crs=EPSG:4326&spatialIndex=no&subsetIndex=no&watchFile=no
"86410",Erodium cicutarium ssp. cicutarium,Erodium,cicutarium,,,,exotic,unlisted,,48.957133329999998,-123.529616700000005,,NA,NA,"21351564",obs_exotic,file:///D:/Simon/Sync/Root/GIS/Biodiversity%20Data/obs_exotic.csv?type=csv&maxFields=10000&detectTypes=yes&xField=longitude&yField=latitude&crs=EPSG:4326&spatialIndex=no&subsetIndex=no&watchFile=no
"86710",Erodium cicutarium ssp. cicutarium,Erodium,cicutarium,,,,exotic,unlisted,,48.867291450000003,-123.375948500000007,,NA,NA,"21817849",obs_exotic,file:///D:/Simon/Sync/Root/GIS/Biodiversity%20Data/obs_exotic.csv?type=csv&maxFields=10000&detectTypes=yes&xField=longitude&yField=latitude&crs=EPSG:4326&spatialIndex=no&subsetIndex=no&watchFile=no
"86810",Erodium cicutarium ssp. cicutarium,Erodium,cicutarium,,,,exotic,unlisted,,48.868463310000003,-123.346114999999998,,NA,NA,"21985579",obs_exotic,file:///D:/Simon/Sync/Root/GIS/Biodiversity%20Data/obs_exotic.csv?type=csv&maxFields=10000&detectTypes=yes&xField=longitude&yField=latitude&crs=EPSG:4326&spatialIndex=no&subsetIndex=no&watchFile=no
"87610",Erodium cicutarium ssp. cicutarium,Erodium,cicutarium,,,,exotic,unlisted,,48.867755000000002,-123.340246699999994,,NA,NA,"22384493",obs_exotic,file:///D:/Simon/Sync/Root/GIS/Biodiversity%20Data/obs_exotic.csv?type=csv&maxFields=10000&detectTypes=yes&xField=longitude&yField=latitude&crs=EPSG:4326&spatialIndex=no&subsetIndex=no&watchFile=no
"88610",Erodium cicutarium ssp. cicutarium,Erodium,cicutarium,,,,exotic,unlisted,,48.872148009999997,-123.310879000000000,,NA,NA,"22799494",obs_exotic,file:///D:/Simon/Sync/Root/GIS/Biodiversity%20Data/obs_exotic.csv?type=csv&maxFields=10000&detectTypes=yes&xField=longitude&yField=latitude&crs=EPSG:4326&spatialIndex=no&subsetIndex=no&watchFile=no
"88710",Cerastium fontanum ssp. vulgare,Cerastium,fontanum,,vulgare,,exotic,unlisted,,48.872768030000003,-123.311257400000002,,NA,NA,"22799496",obs_exotic,file:///D:/Simon/Sync/Root/GIS/Biodiversity%20Data/obs_exotic.csv?type=csv&maxFields=10000&detectTypes=yes&xField=longitude&yField=latitude&crs=EPSG:4326&spatialIndex=no&subsetIndex=no&watchFile=no
"96110",Taraxacum officinale agg.,Taraxacum,officinale,,,,exotic,unlisted,,48.899391670000000,-123.407499999999999,,NA,NA,"24672768",obs_exotic,file:///D:/Simon/Sync/Root/GIS/Biodiversity%20Data/obs_exotic.csv?type=csv&maxFields=10000&detectTypes=yes&xField=longitude&yField=latitude&crs=EPSG:4326&spatialIndex=no&subsetIndex=no&watchFile=no
"10161",Erodium cicutarium ssp. cicutarium,Erodium,cicutarium,,,,exotic,unlisted,,48.868847219999999,-123.378197200000002,,NA,NA,"24687984",obs_exotic,file:///D:/Simon/Sync/Root/GIS/Biodiversity%20Data/obs_exotic.csv?type=csv&maxFields=10000&detectTypes=yes&xField=longitude&yField=latitude&crs=EPSG:4326&spatialIndex=no&subsetIndex=no&watchFile=no
"10361",Rubus bifrons,Rubus,bifrons,,,,exotic,unlisted,,48.966308329999997,-123.472755599999999,,NA,NA,"24690268",obs_exotic,file:///D:/Simon/Sync/Root/GIS/Biodiversity%20Data/obs_exotic.csv?type=csv&maxFields=10000&detectTypes=yes&xField=longitude&yField=latitude&crs=EPSG:4326&spatialIndex=no&subsetIndex=no&watchFile=no
"10441",Taraxacum officinale agg.,Taraxacum,officinale,,,,exotic,unlisted,,48.963013889999999,-123.519691699999996,,NA,NA,"24694141",obs_exotic,file:///D:/Simon/Sync/Root/GIS/Biodiversity%20Data/obs_exotic.csv?type=csv&maxFields=10000&detectTypes=yes&xField=longitude&yField=latitude&crs=EPSG:4326&spatialIndex=no&subsetIndex=no&watchFile=no
"10691",Taraxacum officinale agg.,Taraxacum,officinale,,,,exotic,unlisted,,48.895058329999998,-123.404708299999996,,NA,NA,"24701273",obs_exotic,file:///D:/Simon/Sync/Root/GIS/Biodiversity%20Data/obs_exotic.csv?type=csv&maxFields=10000&detectTypes=yes&xField=longitude&yField=latitude&crs=EPSG:4326&spatialIndex=no&subsetIndex=no&watchFile=no
"11281",Taraxacum officinale agg.,Taraxacum,officinale,,,,exotic,unlisted,,48.897940540000000,-123.408345100000005,,NA,NA,"24711746",obs_exotic,file:///D:/Simon/Sync/Root/GIS/Biodiversity%20Data/obs_exotic.csv?type=csv&maxFields=10000&detectTypes=yes&xField=longitude&yField=latitude&crs=EPSG:4326&spatialIndex=no&subsetIndex=no&watchFile=no
"11412",Rubus bifrons,Rubus,bifrons,,,,exotic,unlisted,,48.872126289999997,-123.311964300000000,,NA,NA,"24712712",obs_exotic,file:///D:/Simon/Sync/Root/GIS/Biodiversity%20Data/obs_exotic.csv?type=csv&maxFields=10000&detectTypes=yes&xField=longitude&yField=latitude&crs=EPSG:4326&spatialIndex=no&subsetIndex=no&watchFile=no
"11821",Crataegus monogyna var. monogyna,Crataegus,monogyna,,,,exotic,unlisted,,48.871780559999998,-123.312333300000006,,NA,NA,"24806492",obs_exotic,file:///D:/Simon/Sync/Root/GIS/Biodiversity%20Data/obs_exotic.csv?type=csv&maxFields=10000&detectTypes=yes&xField=longitude&yField=latitude&crs=EPSG:4326&spatialIndex=no&subsetIndex=no&watchFile=no
"11891",Erodium cicutarium ssp. cicutarium,Erodium,cicutarium,,,,exotic,unlisted,,48.872544439999999,-123.311049999999994,,NA,NA,"24806526",obs_exotic,file:///D:/Simon/Sync/Root/GIS/Biodiversity%20Data/obs_exotic.csv?type=csv&maxFields=10000&detectTypes=yes&xField=longitude&yField=latitude&crs=EPSG:4326&spatialIndex=no&subsetIndex=no&watchFile=no
"12012",Crataegus monogyna var. monogyna,Crataegus,monogyna,,,,exotic,unlisted,,48.871758329999999,-123.312027799999996,,NA,NA,"24824097",obs_exotic,file:///D:/Simon/Sync/Root/GIS/Biodiversity%20Data/obs_exotic.csv?type=csv&maxFields=10000&detectTypes=yes&xField=longitude&yField=latitude&crs=EPSG:4326&spatialIndex=no&subsetIndex=no&watchFile=no
"12021",Erodium cicutarium ssp. cicutarium,Erodium,cicutarium,,,,exotic,unlisted,,48.872544439999999,-123.311049999999994,,NA,NA,"24824099",obs_exotic,file:///D:/Simon/Sync/Root/GIS/Biodiversity%20Data/obs_exotic.csv?type=csv&maxFields=10000&detectTypes=yes&xField=longitude&yField=latitude&crs=EPSG:4326&spatialIndex=no&subsetIndex=no&watchFile=no
"12412",Prunella vulgaris var. vulgaris,Prunella,vulgaris,,,,exotic,unlisted,,48.962907119999997,-123.516693599999996,,NA,NA,"24920014",obs_exotic,file:///D:/Simon/Sync/Root/GIS/Biodiversity%20Data/obs_exotic.csv?type=csv&maxFields=10000&detectTypes=yes&xField=longitude&yField=latitude&crs=EPSG:4326&spatialIndex=no&subsetIndex=no&watchFile=no
"12431",Rubus bifrons,Rubus,bifrons,,,,exotic,unlisted,,48.963431530000001,-123.516050500000006,,NA,NA,"24920078",obs_exotic,file:///D:/Simon/Sync/Root/GIS/Biodiversity%20Data/obs_exotic.csv?type=csv&maxFields=10000&detectTypes=yes&xField=longitude&yField=latitude&crs=EPSG:4326&spatialIndex=no&subsetIndex=no&watchFile=no
"12471",Taraxacum officinale agg.,Taraxacum,officinale,,,,exotic,unlisted,,48.962124500000002,-123.518843599999997,,NA,NA,"24936983",obs_exotic,file:///D:/Simon/Sync/Root/GIS/Biodiversity%20Data/obs_exotic.csv?type=csv&maxFields=10000&detectTypes=yes&xField=longitude&yField=latitude&crs=EPSG:4326&spatialIndex=no&subsetIndex=no&watchFile=no
"12651",Taraxacum officinale agg.,Taraxacum,officinale,,,,exotic,unlisted,,48.872161110000000,-123.312486100000001,,NA,NA,"25048259",obs_exotic,file:///D:/Simon/Sync/Root/GIS/Biodiversity%20Data/obs_exotic.csv?type=csv&maxFields=10000&detectTypes=yes&xField=longitude&yField=latitude&crs=EPSG:4326&spatialIndex=no&subsetIndex=no&watchFile=no
"12691",Erodium cicutarium ssp. cicutarium,Erodium,cicutarium,,,,exotic,unlisted,,48.872413889999997,-123.310950000000005,,NA,NA,"25048285",obs_exotic,file:///D:/Simon/Sync/Root/GIS/Biodiversity%20Data/obs_exotic.csv?type=csv&maxFields=10000&detectTypes=yes&xField=longitude&yField=latitude&crs=EPSG:4326&spatialIndex=no&subsetIndex=no&watchFile=no
"12721",Lamium purpureum,Lamium,purpureum,,,,exotic,unlisted,,48.872341669999997,-123.312561099999996,,NA,NA,"25048307",obs_exotic,file:///D:/Simon/Sync/Root/GIS/Biodiversity%20Data/obs_exotic.csv?type=csv&maxFields=10000&detectTypes=yes&xField=longitude&yField=latitude&crs=EPSG:4326&spatialIndex=no&subsetIndex=no&watchFile=no
"12861",Rubus bifrons,Rubus,bifrons,,,,exotic,unlisted,,48.872657150000002,-123.312038099999995,,NA,NA,"25148351",obs_exotic,file:///D:/Simon/Sync/Root/GIS/Biodiversity%20Data/obs_exotic.csv?type=csv&maxFields=10000&detectTypes=yes&xField=longitude&yField=latitude&crs=EPSG:4326&spatialIndex=no&subsetIndex=no&watchFile=no
"13041",Taraxacum officinale agg.,Taraxacum,officinale,,,,exotic,unlisted,,48.872831120000001,-123.313311700000000,,NA,NA,"25199412",obs_exotic,file:///D:/Simon/Sync/Root/GIS/Biodiversity%20Data/obs_exotic.csv?type=csv&maxFields=10000&detectTypes=yes&xField=longitude&yField=latitude&crs=EPSG:4326&spatialIndex=no&subsetIndex=no&watchFile=no
"13131",Taraxacum officinale agg.,Taraxacum,officinale,,,,exotic,unlisted,,48.899430840000001,-123.407487700000004,,NA,NA,"25200251",obs_exotic,file:///D:/Simon/Sync/Root/GIS/Biodiversity%20Data/obs_exotic.csv?type=csv&maxFields=10000&detectTypes=yes&xField=longitude&yField=latitude&crs=EPSG:4326&spatialIndex=no&subsetIndex=no&watchFile=no
"13161",Crataegus monogyna var. monogyna,Crataegus,monogyna,,,,exotic,unlisted,,48.907475200000000,-123.368567999999996,,NA,NA,"25336905",obs_exotic,file:///D:/Simon/Sync/Root/GIS/Biodiversity%20Data/obs_exotic.csv?type=csv&maxFields=10000&detectTypes=yes&xField=longitude&yField=latitude&crs=EPSG:4326&spatialIndex=no&subsetIndex=no&watchFile=no
"13441",Taraxacum officinale agg.,Taraxacum,officinale,,,,exotic,unlisted,,48.979724990000001,-123.557638400000002,,NA,NA,"25482709",obs_exotic,file:///D:/Simon/Sync/Root/GIS/Biodiversity%20Data/obs_exotic.csv?type=csv&maxFields=10000&detectTypes=yes&xField=longitude&yField=latitude&crs=EPSG:4326&spatialIndex=no&subsetIndex=no&watchFile=no
"13612",Bromus diandrus,Bromus,diandrus,,,,exotic,unlisted,,48.868910169999999,-123.378347899999994,,NA,NA,"25539462",obs_exotic,file:///D:/Simon/Sync/Root/GIS/Biodiversity%20Data/obs_exotic.csv?type=csv&maxFields=10000&detectTypes=yes&xField=longitude&yField=latitude&crs=EPSG:4326&spatialIndex=no&subsetIndex=no&watchFile=no
"13791",Prunella vulgaris var. vulgaris,Prunella,vulgaris,,,,exotic,unlisted,,48.962472220000002,-123.517883299999994,,NA,NA,"25596131",obs_exotic,file:///D:/Simon/Sync/Root/GIS/Biodiversity%20Data/obs_exotic.csv?type=csv&maxFields=10000&detectTypes=yes&xField=longitude&yField=latitude&crs=EPSG:4326&spatialIndex=no&subsetIndex=no&watchFile=no
"13921",Rubus bifrons,Rubus,bifrons,,,,exotic,unlisted,,48.897930559999999,-123.399338900000004,,NA,NA,"25655425",obs_exotic,file:///D:/Simon/Sync/Root/GIS/Biodiversity%20Data/obs_exotic.csv?type=csv&maxFields=10000&detectTypes=yes&xField=longitude&yField=latitude&crs=EPSG:4326&spatialIndex=no&subsetIndex=no&watchFile=no
"13931",Rubus bifrons,Rubus,bifrons,,,,exotic,unlisted,,48.897955560000000,-123.399338900000004,,NA,NA,"25655427",obs_exotic,file:///D:/Simon/Sync/Root/GIS/Biodiversity%20Data/obs_exotic.csv?type=csv&maxFields=10000&detectTypes=yes&xField=longitude&yField=latitude&crs=EPSG:4326&spatialIndex=no&subsetIndex=no&watchFile=no
"14181",Prunella vulgaris var. vulgaris,Prunella,vulgaris,,,,exotic,unlisted,,48.900589930000002,-123.346062799999999,,NA,NA,"27812348",obs_exotic,file:///D:/Simon/Sync/Root/GIS/Biodiversity%20Data/obs_exotic.csv?type=csv&maxFields=10000&detectTypes=yes&xField=longitude&yField=latitude&crs=EPSG:4326&spatialIndex=no&subsetIndex=no&watchFile=no
"14212",Juncus effusus ssp. effusus,Juncus,effusus,,,,exotic,unlisted,,48.948238060000001,-123.502001800000002,,NA,NA,"28440101",obs_exotic,file:///D:/Simon/Sync/Root/GIS/Biodiversity%20Data/obs_exotic.csv?type=csv&maxFields=10000&detectTypes=yes&xField=longitude&yField=latitude&crs=EPSG:4326&spatialIndex=no&subsetIndex=no&watchFile=no
"14312",Cakile maritima ssp. maritima,Cakile,maritima,,,,exotic,unlisted,,48.943342889999997,-123.510008499999998,,NA,NA,"30217319",obs_exotic,file:///D:/Simon/Sync/Root/GIS/Biodiversity%20Data/obs_exotic.csv?type=csv&maxFields=10000&detectTypes=yes&xField=longitude&yField=latitude&crs=EPSG:4326&spatialIndex=no&subsetIndex=no&watchFile=no
"14651",Erodium cicutarium ssp. cicutarium,Erodium,cicutarium,,,,exotic,unlisted,,48.871666670000003,-123.311650000000000,,NA,NA,"40419914",obs_exotic,file:///D:/Simon/Sync/Root/GIS/Biodiversity%20Data/obs_exotic.csv?type=csv&maxFields=10000&detectTypes=yes&xField=longitude&yField=latitude&crs=EPSG:4326&spatialIndex=no&subsetIndex=no&watchFile=no
"14671",Erodium cicutarium ssp. cicutarium,Erodium,cicutarium,,,,exotic,unlisted,,48.866468329999996,-123.369060000000005,,NA,NA,"41788580",obs_exotic,file:///D:/Simon/Sync/Root/GIS/Biodiversity%20Data/obs_exotic.csv?type=csv&maxFields=10000&detectTypes=yes&xField=longitude&yField=latitude&crs=EPSG:4326&spatialIndex=no&subsetIndex=no&watchFile=no
"14712",Erodium cicutarium ssp. cicutarium,Erodium,cicutarium,,,,exotic,unlisted,,48.867631000000003,-123.339715999999996,,NA,NA,"41850558",obs_exotic,file:///D:/Simon/Sync/Root/GIS/Biodiversity%20Data/obs_exotic.csv?type=csv&maxFields=10000&detectTypes=yes&xField=longitude&yField=latitude&crs=EPSG:4326&spatialIndex=no&subsetIndex=no&watchFile=no
"14791",Erodium cicutarium ssp. cicutarium,Erodium,cicutarium,,,,exotic,unlisted,,48.867620000000002,-123.376286699999994,,NA,NA,"42365241",obs_exotic,file:///D:/Simon/Sync/Root/GIS/Biodiversity%20Data/obs_exotic.csv?type=csv&maxFields=10000&detectTypes=yes&xField=longitude&yField=latitude&crs=EPSG:4326&spatialIndex=no&subsetIndex=no&watchFile=no
"14981",Erodium cicutarium ssp. cicutarium,Erodium,cicutarium,,,,exotic,unlisted,,48.866804700000003,-123.342733899999999,,NA,NA,"43253104",obs_exotic,file:///D:/Simon/Sync/Root/GIS/Biodiversity%20Data/obs_exotic.csv?type=csv&maxFields=10000&detectTypes=yes&xField=longitude&yField=latitude&crs=EPSG:4326&spatialIndex=no&subsetIndex=no&watchFile=no
"15012",Crataegus monogyna var. monogyna,Crataegus,monogyna,,,,exotic,unlisted,,48.866043910000002,-123.350611799999996,,NA,NA,"43555527",obs_exotic,file:///D:/Simon/Sync/Root/GIS/Biodiversity%20Data/obs_exotic.csv?type=csv&maxFields=10000&detectTypes=yes&xField=longitude&yField=latitude&crs=EPSG:4326&spatialIndex=no&subsetIndex=no&watchFile=no
"15141",Erodium cicutarium ssp. cicutarium,Erodium,cicutarium,,,,exotic,unlisted,,48.871032999999997,-123.320021999999994,,NA,NA,"44787043",obs_exotic,file:///D:/Simon/Sync/Root/GIS/Biodiversity%20Data/obs_exotic.csv?type=csv&maxFields=10000&detectTypes=yes&xField=longitude&yField=latitude&crs=EPSG:4326&spatialIndex=no&subsetIndex=no&watchFile=no
"15161",Crataegus monogyna var. monogyna,Crataegus,monogyna,,,,exotic,unlisted,,48.908045809999997,-123.368538599999994,,NA,NA,"44951280",obs_exotic,file:///D:/Simon/Sync/Root/GIS/Biodiversity%20Data/obs_exotic.csv?type=csv&maxFields=10000&detectTypes=yes&xField=longitude&yField=latitude&crs=EPSG:4326&spatialIndex=no&subsetIndex=no&watchFile=no
"15221",Erodium cicutarium ssp. cicutarium,Erodium,cicutarium,,,,exotic,unlisted,,48.871522960000000,-123.320969500000004,,NA,NA,"45205058",obs_exotic,file:///D:/Simon/Sync/Root/GIS/Biodiversity%20Data/obs_exotic.csv?type=csv&maxFields=10000&detectTypes=yes&xField=longitude&yField=latitude&crs=EPSG:4326&spatialIndex=no&subsetIndex=no&watchFile=no
"15231",Luzula multiflora ssp. multiflora,Luzula,multiflora,,,,exotic,unlisted,,48.870983330000001,-123.321296700000005,,NA,NA,"45205078",obs_exotic,file:///D:/Simon/Sync/Root/GIS/Biodiversity%20Data/obs_exotic.csv?type=csv&maxFields=10000&detectTypes=yes&xField=longitude&yField=latitude&crs=EPSG:4326&spatialIndex=no&subsetIndex=no&watchFile=no
"15512",Crataegus monogyna var. monogyna,Crataegus,monogyna,,,,exotic,unlisted,,48.866036670000000,-123.350549999999998,,NA,NA,"48304565",obs_exotic,file:///D:/Simon/Sync/Root/GIS/Biodiversity%20Data/obs_exotic.csv?type=csv&maxFields=10000&detectTypes=yes&xField=longitude&yField=latitude&crs=EPSG:4326&spatialIndex=no&subsetIndex=no&watchFile=no
"15591",Prunella vulgaris var. vulgaris,Prunella,vulgaris,,,,exotic,unlisted,,48.870464310000003,-123.318488799999997,,NA,NA,"48489304",obs_exotic,file:///D:/Simon/Sync/Root/GIS/Biodiversity%20Data/obs_exotic.csv?type=csv&maxFields=10000&detectTypes=yes&xField=longitude&yField=latitude&crs=EPSG:4326&spatialIndex=no&subsetIndex=no&watchFile=no
"15781",Prunella vulgaris var. vulgaris,Prunella,vulgaris,,,,exotic,unlisted,,48.926954940000002,-123.466274100000007,,NA,NA,"51035964",obs_exotic,file:///D:/Simon/Sync/Root/GIS/Biodiversity%20Data/obs_exotic.csv?type=csv&maxFields=10000&detectTypes=yes&xField=longitude&yField=latitude&crs=EPSG:4326&spatialIndex=no&subsetIndex=no&watchFile=no
"15821",Juncus effusus ssp. effusus,Juncus,effusus,,,,exotic,unlisted,,48.914360000000002,-123.388368299999996,,NA,NA,"52033137",obs_exotic,file:///D:/Simon/Sync/Root/GIS/Biodiversity%20Data/obs_exotic.csv?type=csv&maxFields=10000&detectTypes=yes&xField=longitude&yField=latitude&crs=EPSG:4326&spatialIndex=no&subsetIndex=no&watchFile=no
"15851",Erodium cicutarium ssp. cicutarium,Erodium,cicutarium,,,,exotic,unlisted,,48.869453329999999,-123.378813300000004,,NA,NA,"52497705",obs_exotic,file:///D:/Simon/Sync/Root/GIS/Biodiversity%20Data/obs_exotic.csv?type=csv&maxFields=10000&detectTypes=yes&xField=longitude&yField=latitude&crs=EPSG:4326&spatialIndex=no&subsetIndex=no&watchFile=no
"15901",Rubus bifrons,Rubus,bifrons,,,,exotic,unlisted,,48.929914859999997,-123.467376700000003,,NA,NA,"52517876",obs_exotic,file:///D:/Simon/Sync/Root/GIS/Biodiversity%20Data/obs_exotic.csv?type=csv&maxFields=10000&detectTypes=yes&xField=longitude&yField=latitude&crs=EPSG:4326&spatialIndex=no&subsetIndex=no&watchFile=no
"15951",Prunella vulgaris var. vulgaris,Prunella,vulgaris,,,,exotic,unlisted,,48.929843130000002,-123.467598899999999,,NA,NA,"52906725",obs_exotic,file:///D:/Simon/Sync/Root/GIS/Biodiversity%20Data/obs_exotic.csv?type=csv&maxFields=10000&detectTypes=yes&xField=longitude&yField=latitude&crs=EPSG:4326&spatialIndex=no&subsetIndex=no&watchFile=no
"15961",Rubus bifrons,Rubus,bifrons,,,,exotic,unlisted,,48.930255050000000,-123.467202700000001,,NA,NA,"52907361",obs_exotic,file:///D:/Simon/Sync/Root/GIS/Biodiversity%20Data/obs_exotic.csv?type=csv&maxFields=10000&detectTypes=yes&xField=longitude&yField=latitude&crs=EPSG:4326&spatialIndex=no&subsetIndex=no&watchFile=no
"16181",Crataegus monogyna var. monogyna,Crataegus,monogyna,,,,exotic,unlisted,,48.932226530000001,-123.478891700000005,,NA,NA,"53389570",obs_exotic,file:///D:/Simon/Sync/Root/GIS/Biodiversity%20Data/obs_exotic.csv?type=csv&maxFields=10000&detectTypes=yes&xField=longitude&yField=latitude&crs=EPSG:4326&spatialIndex=no&subsetIndex=no&watchFile=no
"16291",Prunella vulgaris var. vulgaris,Prunella,vulgaris,,,,exotic,unlisted,,48.928598070000000,-123.469102199999995,,NA,NA,"54690803",obs_exotic,file:///D:/Simon/Sync/Root/GIS/Biodiversity%20Data/obs_exotic.csv?type=csv&maxFields=10000&detectTypes=yes&xField=longitude&yField=latitude&crs=EPSG:4326&spatialIndex=no&subsetIndex=no&watchFile=no
"16471",Cakile maritima ssp. maritima,Cakile,maritima,,,,exotic,unlisted,,49.013289999999998,-123.572789999999998,,NA,NA,"57099243",obs_exotic,file:///D:/Simon/Sync/Root/GIS/Biodiversity%20Data/obs_exotic.csv?type=csv&maxFields=10000&detectTypes=yes&xField=longitude&yField=latitude&crs=EPSG:4326&spatialIndex=no&subsetIndex=no&watchFile=no
"16551",Crataegus monogyna var. monogyna,Crataegus,monogyna,,,,exotic,unlisted,,48.876350000000002,-123.318966399999994,,NA,NA,"59943199",obs_exotic,file:///D:/Simon/Sync/Root/GIS/Biodiversity%20Data/obs_exotic.csv?type=csv&maxFields=10000&detectTypes=yes&xField=longitude&yField=latitude&crs=EPSG:4326&spatialIndex=no&subsetIndex=no&watchFile=no
"16661",Crataegus monogyna var. monogyna,Crataegus,monogyna,,,,exotic,unlisted,,48.931471010000003,-123.473696099999998,,NA,NA,"62565543",obs_exotic,file:///D:/Simon/Sync/Root/GIS/Biodiversity%20Data/obs_exotic.csv?type=csv&maxFields=10000&detectTypes=yes&xField=longitude&yField=latitude&crs=EPSG:4326&spatialIndex=no&subsetIndex=no&watchFile=no
"16821",Erodium cicutarium ssp. cicutarium,Erodium,cicutarium,,,,exotic,unlisted,,48.863700170000001,-123.362958199999994,,NA,NA,"72142656",obs_exotic,file:///D:/Simon/Sync/Root/GIS/Biodiversity%20Data/obs_exotic.csv?type=csv&maxFields=10000&detectTypes=yes&xField=longitude&yField=latitude&crs=EPSG:4326&spatialIndex=no&subsetIndex=no&watchFile=no
"16961",Erodium cicutarium ssp. cicutarium,Erodium,cicutarium,,,,exotic,unlisted,,48.898829999999997,-123.407745000000006,,NA,NA,"73151631",obs_exotic,file:///D:/Simon/Sync/Root/GIS/Biodiversity%20Data/obs_exotic.csv?type=csv&maxFields=10000&detectTypes=yes&xField=longitude&yField=latitude&crs=EPSG:4326&spatialIndex=no&subsetIndex=no&watchFile=no
"17941",Prunella vulgaris var. vulgaris,Prunella,vulgaris,,,,exotic,unlisted,,48.928883329999998,-123.468871699999994,,NA,NA,"83856992",obs_exotic,file:///D:/Simon/Sync/Root/GIS/Biodiversity%20Data/obs_exotic.csv?type=csv&maxFields=10000&detectTypes=yes&xField=longitude&yField=latitude&crs=EPSG:4326&spatialIndex=no&subsetIndex=no&watchFile=no
"17981",Prunella vulgaris var. vulgaris,Prunella,vulgaris,,,,exotic,unlisted,,48.928353909999998,-123.467968700000000,,NA,NA,"83974089",obs_exotic,file:///D:/Simon/Sync/Root/GIS/Biodiversity%20Data/obs_exotic.csv?type=csv&maxFields=10000&detectTypes=yes&xField=longitude&yField=latitude&crs=EPSG:4326&spatialIndex=no&subsetIndex=no&watchFile=no
"18131",Prunella vulgaris var. vulgaris,Prunella,vulgaris,,,,exotic,unlisted,,48.926963330000000,-123.466194999999999,,NA,NA,"84242256",obs_exotic,file:///D:/Simon/Sync/Root/GIS/Biodiversity%20Data/obs_exotic.csv?type=csv&maxFields=10000&detectTypes=yes&xField=longitude&yField=latitude&crs=EPSG:4326&spatialIndex=no&subsetIndex=no&watchFile=no
"18151",Prunella vulgaris var. vulgaris,Prunella,vulgaris,,,,exotic,unlisted,,48.928256859999998,-123.467692799999995,,NA,NA,"84243160",obs_exotic,file:///D:/Simon/Sync/Root/GIS/Biodiversity%20Data/obs_exotic.csv?type=csv&maxFields=10000&detectTypes=yes&xField=longitude&yField=latitude&crs=EPSG:4326&spatialIndex=no&subsetIndex=no&watchFile=no
"18241",Prunella vulgaris var. vulgaris,Prunella,vulgaris,,,,exotic,unlisted,,48.927233000000001,-123.464902300000006,,NA,NA,"84269505",obs_exotic,file:///D:/Simon/Sync/Root/GIS/Biodiversity%20Data/obs_exotic.csv?type=csv&maxFields=10000&detectTypes=yes&xField=longitude&yField=latitude&crs=EPSG:4326&spatialIndex=no&subsetIndex=no&watchFile=no
"18271",Prunella vulgaris var. vulgaris,Prunella,vulgaris,,,,exotic,unlisted,,48.926771670000001,-123.466295000000002,,NA,NA,"84313147",obs_exotic,file:///D:/Simon/Sync/Root/GIS/Biodiversity%20Data/obs_exotic.csv?type=csv&maxFields=10000&detectTypes=yes&xField=longitude&yField=latitude&crs=EPSG:4326&spatialIndex=no&subsetIndex=no&watchFile=no
"18401",Vicia villosa var. villosa,Vicia,villosa,,,,exotic,unlisted,,48.930611669999998,-123.475088299999996,,NA,NA,"84460661",obs_exotic,file:///D:/Simon/Sync/Root/GIS/Biodiversity%20Data/obs_exotic.csv?type=csv&maxFields=10000&detectTypes=yes&xField=longitude&yField=latitude&crs=EPSG:4326&spatialIndex=no&subsetIndex=no&watchFile=no
"18712",Prunella vulgaris var. vulgaris,Prunella,vulgaris,,,,exotic,unlisted,,48.998719999999999,-123.586005000000000,,NA,NA,"85248395",obs_exotic,file:///D:/Simon/Sync/Root/GIS/Biodiversity%20Data/obs_exotic.csv?type=csv&maxFields=10000&detectTypes=yes&xField=longitude&yField=latitude&crs=EPSG:4326&spatialIndex=no&subsetIndex=no&watchFile=no
"18781",Leontodon saxatilis ssp. saxatilis,Leontodon,saxatilis,,,,exotic,unlisted,,48.900455559999997,-123.406788899999995,,NA,NA,"85701677",obs_exotic,file:///D:/Simon/Sync/Root/GIS/Biodiversity%20Data/obs_exotic.csv?type=csv&maxFields=10000&detectTypes=yes&xField=longitude&yField=latitude&crs=EPSG:4326&spatialIndex=no&subsetIndex=no&watchFile=no
"18801",Prunella vulgaris var. vulgaris,Prunella,vulgaris,,,,exotic,unlisted,,48.893997220000003,-123.406861100000000,,NA,NA,"85701696",obs_exotic,file:///D:/Simon/Sync/Root/GIS/Biodiversity%20Data/obs_exotic.csv?type=csv&maxFields=10000&detectTypes=yes&xField=longitude&yField=latitude&crs=EPSG:4326&spatialIndex=no&subsetIndex=no&watchFile=no
"18871",Crataegus monogyna var. monogyna,Crataegus,monogyna,,,,exotic,unlisted,,48.874274999999997,-123.319103299999995,,NA,NA,"86360334",obs_exotic,file:///D:/Simon/Sync/Root/GIS/Biodiversity%20Data/obs_exotic.csv?type=csv&maxFields=10000&detectTypes=yes&xField=longitude&yField=latitude&crs=EPSG:4326&spatialIndex=no&subsetIndex=no&watchFile=no
"19021",Prunella vulgaris var. vulgaris,Prunella,vulgaris,,,,exotic,unlisted,,48.984040000000000,-123.556708299999997,,NA,NA,"89513146",obs_exotic,file:///D:/Simon/Sync/Root/GIS/Biodiversity%20Data/obs_exotic.csv?type=csv&maxFields=10000&detectTypes=yes&xField=longitude&yField=latitude&crs=EPSG:4326&spatialIndex=no&subsetIndex=no&watchFile=no
"19091",Prunella vulgaris var. vulgaris,Prunella,vulgaris,,,,exotic,unlisted,,48.928713330000001,-123.451819999999998,,NA,NA,"90751192",obs_exotic,file:///D:/Simon/Sync/Root/GIS/Biodiversity%20Data/obs_exotic.csv?type=csv&maxFields=10000&detectTypes=yes&xField=longitude&yField=latitude&crs=EPSG:4326&spatialIndex=no&subsetIndex=no&watchFile=no
"19451",Cakile edentula var. edentula,Cakile,edentula,,,,exotic,unlisted,,49.012477779999998,-123.573608300000004,,NA,NA,"98760190",obs_exotic,file:///D:/Simon/Sync/Root/GIS/Biodiversity%20Data/obs_exotic.csv?type=csv&maxFields=10000&detectTypes=yes&xField=longitude&yField=latitude&crs=EPSG:4326&spatialIndex=no&subsetIndex=no&watchFile=no
"19471",Prunella vulgaris var. vulgaris,Prunella,vulgaris,,,,exotic,unlisted,,48.985244999999999,-123.557005000000004,,NA,NA,"99427156",obs_exotic,file:///D:/Simon/Sync/Root/GIS/Biodiversity%20Data/obs_exotic.csv?type=csv&maxFields=10000&detectTypes=yes&xField=longitude&yField=latitude&crs=EPSG:4326&spatialIndex=no&subsetIndex=no&watchFile=no
"19871",Rubus bifrons,Rubus,bifrons,,,,exotic,unlisted,,48.939685500000003,-123.500542699999997,,NA,NA,"107686047",obs_exotic,file:///D:/Simon/Sync/Root/GIS/Biodiversity%20Data/obs_exotic.csv?type=csv&maxFields=10000&detectTypes=yes&xField=longitude&yField=latitude&crs=EPSG:4326&spatialIndex=no&subsetIndex=no&watchFile=no
"19981",Erodium cicutarium ssp. cicutarium,Erodium,cicutarium,,,,exotic,unlisted,,48.863616669999999,-123.329871699999998,,NA,NA,"109624356",obs_exotic,file:///D:/Simon/Sync/Root/GIS/Biodiversity%20Data/obs_exotic.csv?type=csv&maxFields=10000&detectTypes=yes&xField=longitude&yField=latitude&crs=EPSG:4326&spatialIndex=no&subsetIndex=no&watchFile=no
"20061",Erodium cicutarium ssp. cicutarium,Erodium,cicutarium,,,,exotic,unlisted,,48.957027170000003,-123.529702999999998,,NA,NA,"110524383",obs_exotic,file:///D:/Simon/Sync/Root/GIS/Biodiversity%20Data/obs_exotic.csv?type=csv&maxFields=10000&detectTypes=yes&xField=longitude&yField=latitude&crs=EPSG:4326&spatialIndex=no&subsetIndex=no&watchFile=no
"20151",Erodium cicutarium ssp. cicutarium,Erodium,cicutarium,,,,exotic,unlisted,,48.862383330000000,-123.368774999999999,,NA,NA,"110932095",obs_exotic,file:///D:/Simon/Sync/Root/GIS/Biodiversity%20Data/obs_exotic.csv?type=csv&maxFields=10000&detectTypes=yes&xField=longitude&yField=latitude&crs=EPSG:4326&spatialIndex=no&subsetIndex=no&watchFile=no
"20231",Prunella vulgaris var. vulgaris,Prunella,vulgaris,,,,exotic,unlisted,,48.909986670000002,-123.373931700000000,,NA,NA,"111052942",obs_exotic,file:///D:/Simon/Sync/Root/GIS/Biodiversity%20Data/obs_exotic.csv?type=csv&maxFields=10000&detectTypes=yes&xField=longitude&yField=latitude&crs=EPSG:4326&spatialIndex=no&subsetIndex=no&watchFile=no
"20281",Erodium cicutarium ssp. cicutarium,Erodium,cicutarium,,,,exotic,unlisted,,48.871678330000002,-123.310738299999997,,NA,NA,"111112057",obs_exotic,file:///D:/Simon/Sync/Root/GIS/Biodiversity%20Data/obs_exotic.csv?type=csv&maxFields=10000&detectTypes=yes&xField=longitude&yField=latitude&crs=EPSG:4326&spatialIndex=no&subsetIndex=no&watchFile=no
"20351",Erodium cicutarium ssp. cicutarium,Erodium,cicutarium,,,,exotic,unlisted,,48.865665690000000,-123.368015000000000,,NA,NA,"111609909",obs_exotic,file:///D:/Simon/Sync/Root/GIS/Biodiversity%20Data/obs_exotic.csv?type=csv&maxFields=10000&detectTypes=yes&xField=longitude&yField=latitude&crs=EPSG:4326&spatialIndex=no&subsetIndex=no&watchFile=no
"20471",Crataegus monogyna var. monogyna,Crataegus,monogyna,,,,exotic,unlisted,,48.906241940000001,-123.379735299999993,,NA,NA,"114056297",obs_exotic,file:///D:/Simon/Sync/Root/GIS/Biodiversity%20Data/obs_exotic.csv?type=csv&maxFields=10000&detectTypes=yes&xField=longitude&yField=latitude&crs=EPSG:4326&spatialIndex=no&subsetIndex=no&watchFile=no
"20661",Erodium cicutarium ssp. cicutarium,Erodium,cicutarium,,,,exotic,unlisted,,48.866346669999999,-123.334236700000005,,NA,NA,"114482492",obs_exotic,file:///D:/Simon/Sync/Root/GIS/Biodiversity%20Data/obs_exotic.csv?type=csv&maxFields=10000&detectTypes=yes&xField=longitude&yField=latitude&crs=EPSG:4326&spatialIndex=no&subsetIndex=no&watchFile=no
"21151",Crataegus monogyna var. monogyna,Crataegus,monogyna,,,,exotic,unlisted,,48.872671670000003,-123.315951699999999,,NA,NA,"119369475",obs_exotic,file:///D:/Simon/Sync/Root/GIS/Biodiversity%20Data/obs_exotic.csv?type=csv&maxFields=10000&detectTypes=yes&xField=longitude&yField=latitude&crs=EPSG:4326&spatialIndex=no&subsetIndex=no&watchFile=no
"21241",Crataegus monogyna var. monogyna,Crataegus,monogyna,,,,exotic,unlisted,,48.892636910000000,-123.391449899999998,,NA,NA,"119787803",obs_exotic,file:///D:/Simon/Sync/Root/GIS/Biodiversity%20Data/obs_exotic.csv?type=csv&maxFields=10000&detectTypes=yes&xField=longitude&yField=latitude&crs=EPSG:4326&spatialIndex=no&subsetIndex=no&watchFile=no
"21412",Anthoxanthum aristatum spp. aristatum,Anthoxanthum,aristatum,,,,exotic,unlisted,,48.872586669999997,-123.312307899999993,,NA,NA,"120889609",obs_exotic,file:///D:/Simon/Sync/Root/GIS/Biodiversity%20Data/obs_exotic.csv?type=csv&maxFields=10000&detectTypes=yes&xField=longitude&yField=latitude&crs=EPSG:4326&spatialIndex=no&subsetIndex=no&watchFile=no
"21481",Erodium cicutarium ssp. cicutarium,Erodium,cicutarium,,,,exotic,unlisted,,48.873674999999999,-123.383475000000004,,NA,NA,"120972636",obs_exotic,file:///D:/Simon/Sync/Root/GIS/Biodiversity%20Data/obs_exotic.csv?type=csv&maxFields=10000&detectTypes=yes&xField=longitude&yField=latitude&crs=EPSG:4326&spatialIndex=no&subsetIndex=no&watchFile=no
"21521",Erodium cicutarium ssp. cicutarium,Erodium,cicutarium,,,,exotic,unlisted,,48.869999929999999,-123.379999999999995,,NA,NA,"121007572",obs_exotic,file:///D:/Simon/Sync/Root/GIS/Biodiversity%20Data/obs_exotic.csv?type=csv&maxFields=10000&detectTypes=yes&xField=longitude&yField=latitude&crs=EPSG:4326&spatialIndex=no&subsetIndex=no&watchFile=no
"21581",Veronica peregrina var. peregrina,Veronica,peregrina,,,,exotic,unlisted,,48.870481669999997,-123.318833299999994,,NA,NA,"121538423",obs_exotic,file:///D:/Simon/Sync/Root/GIS/Biodiversity%20Data/obs_exotic.csv?type=csv&maxFields=10000&detectTypes=yes&xField=longitude&yField=latitude&crs=EPSG:4326&spatialIndex=no&subsetIndex=no&watchFile=no
"21591",Prunella vulgaris var. vulgaris,Prunella,vulgaris,,,,exotic,unlisted,,48.870511669999999,-123.319173300000003,,NA,NA,"121538439",obs_exotic,file:///D:/Simon/Sync/Root/GIS/Biodiversity%20Data/obs_exotic.csv?type=csv&maxFields=10000&detectTypes=yes&xField=longitude&yField=latitude&crs=EPSG:4326&spatialIndex=no&subsetIndex=no&watchFile=no
"21621",Juncus effusus ssp. effusus,Juncus,effusus,,,,exotic,unlisted,,48.870856670000002,-123.321160000000006,,NA,NA,"121538456",obs_exotic,file:///D:/Simon/Sync/Root/GIS/Biodiversity%20Data/obs_exotic.csv?type=csv&maxFields=10000&detectTypes=yes&xField=longitude&yField=latitude&crs=EPSG:4326&spatialIndex=no&subsetIndex=no&watchFile=no
"21701",Juncus effusus ssp. effusus,Juncus,effusus,,,,exotic,unlisted,,48.910105559999998,-123.374358299999997,,NA,NA,"121538518",obs_exotic,file:///D:/Simon/Sync/Root/GIS/Biodiversity%20Data/obs_exotic.csv?type=csv&maxFields=10000&detectTypes=yes&xField=longitude&yField=latitude&crs=EPSG:4326&spatialIndex=no&subsetIndex=no&watchFile=no
"21721",Bromus diandrus,Bromus,diandrus,,,,exotic,unlisted,,48.865984230000002,-123.350598300000001,,NA,NA,"121712836",obs_exotic,file:///D:/Simon/Sync/Root/GIS/Biodiversity%20Data/obs_exotic.csv?type=csv&maxFields=10000&detectTypes=yes&xField=longitude&yField=latitude&crs=EPSG:4326&spatialIndex=no&subsetIndex=no&watchFile=no
"21861",Juncus effusus ssp. effusus,Juncus,effusus,,,,exotic,unlisted,,48.983424999999997,-123.555560000000000,,NA,NA,"121838592",obs_exotic,file:///D:/Simon/Sync/Root/GIS/Biodiversity%20Data/obs_exotic.csv?type=csv&maxFields=10000&detectTypes=yes&xField=longitude&yField=latitude&crs=EPSG:4326&spatialIndex=no&subsetIndex=no&watchFile=no
"22201",Cakile maritima ssp. maritima,Cakile,maritima,,,,exotic,unlisted,,49.012358329999998,-123.573973300000006,,NA,NA,"123934560",obs_exotic,file:///D:/Simon/Sync/Root/GIS/Biodiversity%20Data/obs_exotic.csv?type=csv&maxFields=10000&detectTypes=yes&xField=longitude&yField=latitude&crs=EPSG:4326&spatialIndex=no&subsetIndex=no&watchFile=no
"22241",Bromus diandrus,Bromus,diandrus,,,,exotic,unlisted,,49.014023330000001,-123.573804999999993,,NA,NA,"123934616",obs_exotic,file:///D:/Simon/Sync/Root/GIS/Biodiversity%20Data/obs_exotic.csv?type=csv&maxFields=10000&detectTypes=yes&xField=longitude&yField=latitude&crs=EPSG:4326&spatialIndex=no&subsetIndex=no&watchFile=no
"22281",Cakile maritima ssp. maritima,Cakile,maritima,,,,exotic,unlisted,,49.012298330000000,-123.573878300000004,,NA,NA,"124067894",obs_exotic,file:///D:/Simon/Sync/Root/GIS/Biodiversity%20Data/obs_exotic.csv?type=csv&maxFields=10000&detectTypes=yes&xField=longitude&yField=latitude&crs=EPSG:4326&spatialIndex=no&subsetIndex=no&watchFile=no
"22291",Cakile maritima ssp. maritima,Cakile,maritima,,,,exotic,unlisted,,49.011968330000002,-123.573674999999994,,NA,NA,"124067904",obs_exotic,file:///D:/Simon/Sync/Root/GIS/Biodiversity%20Data/obs_exotic.csv?type=csv&maxFields=10000&detectTypes=yes&xField=longitude&yField=latitude&crs=EPSG:4326&spatialIndex=no&subsetIndex=no&watchFile=no
"22431",Prunella vulgaris var. vulgaris,Prunella,vulgaris,,,,exotic,unlisted,,48.879275000000000,-123.326155000000000,,NA,NA,"125821364",obs_exotic,file:///D:/Simon/Sync/Root/GIS/Biodiversity%20Data/obs_exotic.csv?type=csv&maxFields=10000&detectTypes=yes&xField=longitude&yField=latitude&crs=EPSG:4326&spatialIndex=no&subsetIndex=no&watchFile=no
"22441",Prunella vulgaris var. vulgaris,Prunella,vulgaris,,,,exotic,unlisted,,48.870573000000000,-123.321072999999998,,NA,NA,"125828070",obs_exotic,file:///D:/Simon/Sync/Root/GIS/Biodiversity%20Data/obs_exotic.csv?type=csv&maxFields=10000&detectTypes=yes&xField=longitude&yField=latitude&crs=EPSG:4326&spatialIndex=no&subsetIndex=no&watchFile=no
"22541",Prunella vulgaris var. vulgaris,Prunella,vulgaris,,,,exotic,unlisted,,48.908669359999998,-123.370209299999999,,NA,NA,"126426940",obs_exotic,file:///D:/Simon/Sync/Root/GIS/Biodiversity%20Data/obs_exotic.csv?type=csv&maxFields=10000&detectTypes=yes&xField=longitude&yField=latitude&crs=EPSG:4326&spatialIndex=no&subsetIndex=no&watchFile=no
"22551",Prunella vulgaris var. vulgaris,Prunella,vulgaris,,,,exotic,unlisted,,48.993590939999997,-123.576547300000001,,NA,NA,"126515375",obs_exotic,file:///D:/Simon/Sync/Root/GIS/Biodiversity%20Data/obs_exotic.csv?type=csv&maxFields=10000&detectTypes=yes&xField=longitude&yField=latitude&crs=EPSG:4326&spatialIndex=no&subsetIndex=no&watchFile=no
"22621",Cakile maritima ssp. maritima,Cakile,maritima,,,,exotic,unlisted,,49.012393279999998,-123.573637199999993,,NA,NA,"126741899",obs_exotic,file:///D:/Simon/Sync/Root/GIS/Biodiversity%20Data/obs_exotic.csv?type=csv&maxFields=10000&detectTypes=yes&xField=longitude&yField=latitude&crs=EPSG:4326&spatialIndex=no&subsetIndex=no&watchFile=no
"22651",Cakile maritima ssp. maritima,Cakile,maritima,,,,exotic,unlisted,,48.862254829999998,-123.321366299999994,,NA,NA,"127157393",obs_exotic,file:///D:/Simon/Sync/Root/GIS/Biodiversity%20Data/obs_exotic.csv?type=csv&maxFields=10000&detectTypes=yes&xField=longitude&yField=latitude&crs=EPSG:4326&spatialIndex=no&subsetIndex=no&watchFile=no
"22661",Cakile maritima ssp. maritima,Cakile,maritima,,,,exotic,unlisted,,48.885006740000001,-123.321852800000002,,NA,NA,"127159452",obs_exotic,file:///D:/Simon/Sync/Root/GIS/Biodiversity%20Data/obs_exotic.csv?type=csv&maxFields=10000&detectTypes=yes&xField=longitude&yField=latitude&crs=EPSG:4326&spatialIndex=no&subsetIndex=no&watchFile=no
"22801",Rubus bifrons,Rubus,bifrons,,,,exotic,unlisted,,48.990074999999997,-123.577903300000003,,NA,NA,"129715950",obs_exotic,file:///D:/Simon/Sync/Root/GIS/Biodiversity%20Data/obs_exotic.csv?type=csv&maxFields=10000&detectTypes=yes&xField=longitude&yField=latitude&crs=EPSG:4326&spatialIndex=no&subsetIndex=no&watchFile=no
"22851",Prunella vulgaris var. vulgaris,Prunella,vulgaris,,,,exotic,unlisted,,48.978378329999998,-123.566978300000002,,NA,NA,"130173703",obs_exotic,file:///D:/Simon/Sync/Root/GIS/Biodiversity%20Data/obs_exotic.csv?type=csv&maxFields=10000&detectTypes=yes&xField=longitude&yField=latitude&crs=EPSG:4326&spatialIndex=no&subsetIndex=no&watchFile=no
"22881",Hordeum murinum ssp. murinum,Hordeum,murinum,,,,exotic,unlisted,,48.871238329999997,-123.319519999999997,,NA,NA,"130442508",obs_exotic,file:///D:/Simon/Sync/Root/GIS/Biodiversity%20Data/obs_exotic.csv?type=csv&maxFields=10000&detectTypes=yes&xField=longitude&yField=latitude&crs=EPSG:4326&spatialIndex=no&subsetIndex=no&watchFile=no
"22951",Prunella vulgaris var. vulgaris,Prunella,vulgaris,,,,exotic,unlisted,,48.870668000000002,-123.320948000000001,,NA,NA,"132185830",obs_exotic,file:///D:/Simon/Sync/Root/GIS/Biodiversity%20Data/obs_exotic.csv?type=csv&maxFields=10000&detectTypes=yes&xField=longitude&yField=latitude&crs=EPSG:4326&spatialIndex=no&subsetIndex=no&watchFile=no
"267",Corallorhiza maculata var. ozettensis,Corallorhiza,maculata,,,ozettensis,native,S3 (2018),,48.866819999999997,-123.338487000000001,,"48.86682","-123.338487","12819711",obs_native,file:///D:/Simon/Sync/Root/GIS/Biodiversity%20Data/obs_native.csv?type=csv&maxFields=10000&detectTypes=yes&xField=longitude&yField=latitude&crs=EPSG:4326&spatialIndex=no&subsetIndex=no&watchFile=no
"15421",Corallorhiza maculata var. occidentalis,Corallorhiza,maculata,,,occidentalis,native,S5,,48.877254999999998,-123.335199000000003,,"48.877255","-123.335199","47755494",obs_native,file:///D:/Simon/Sync/Root/GIS/Biodiversity%20Data/obs_native.csv?type=csv&maxFields=10000&detectTypes=yes&xField=longitude&yField=latitude&crs=EPSG:4326&spatialIndex=no&subsetIndex=no&watchFile=no
"1915",Cardamine oligosperma,Cardamine,oligosperma,,,,native,S5,,48.877564999999997,-123.359272000000004,obscured,"48.877565","-123.359272","2870654",obs_native,file:///D:/Simon/Sync/Root/GIS/Biodiversity%20Data/obs_native.csv?type=csv&maxFields=10000&detectTypes=yes&xField=longitude&yField=latitude&crs=EPSG:4326&spatialIndex=no&subsetIndex=no&watchFile=no
"15431",Corallorhiza maculata var. occidentalis,Corallorhiza,maculata,,,occidentalis,native,S5,,48.880502000000000,-123.340458999999996,,"48.880502","-123.340459","47755990",obs_native,file:///D:/Simon/Sync/Root/GIS/Biodiversity%20Data/obs_native.csv?type=csv&maxFields=10000&detectTypes=yes&xField=longitude&yField=latitude&crs=EPSG:4326&spatialIndex=no&subsetIndex=no&watchFile=no
"269",Corallorhiza maculata var. ozettensis,Corallorhiza,maculata,,,ozettensis,native,S3 (2018),,48.880656999999999,-123.339343000000000,,"48.880657","-123.339343","12916676",obs_native,file:///D:/Simon/Sync/Root/GIS/Biodiversity%20Data/obs_native.csv?type=csv&maxFields=10000&detectTypes=yes&xField=longitude&yField=latitude&crs=EPSG:4326&spatialIndex=no&subsetIndex=no&watchFile=no
"74310",Corallorhiza maculata var. occidentalis,Corallorhiza,maculata,,,occidentalis,native,S5,,48.897233839999998,-123.351527599999997,,"48.89723384","-123.3515276","12866363",obs_native,file:///D:/Simon/Sync/Root/GIS/Biodiversity%20Data/obs_native.csv?type=csv&maxFields=10000&detectTypes=yes&xField=longitude&yField=latitude&crs=EPSG:4326&spatialIndex=no&subsetIndex=no&watchFile=no
"274",Corallorhiza maculata var. ozettensis,Corallorhiza,maculata,,,ozettensis,native,S3 (2018),,48.913654139999998,-123.395882999999998,,"48.91365414","-123.395883","52033143",obs_native,file:///D:/Simon/Sync/Root/GIS/Biodiversity%20Data/obs_native.csv?type=csv&maxFields=10000&detectTypes=yes&xField=longitude&yField=latitude&crs=EPSG:4326&spatialIndex=no&subsetIndex=no&watchFile=no
"665",Allotropa virgata,Allotropa,virgata,,,,native,S4,,48.915354999999998,-123.424492999999998,private,"48.915355","-123.424493","12345119",obs_native,file:///D:/Simon/Sync/Root/GIS/Biodiversity%20Data/obs_native.csv?type=csv&maxFields=10000&detectTypes=yes&xField=longitude&yField=latitude&crs=EPSG:4326&spatialIndex=no&subsetIndex=no&watchFile=no
"270",Corallorhiza maculata var. ozettensis,Corallorhiza,maculata,,,ozettensis,native,S3 (2018),,48.915372220000002,-123.423119400000004,,"48.91537222","-123.4231194","12996624",obs_native,file:///D:/Simon/Sync/Root/GIS/Biodiversity%20Data/obs_native.csv?type=csv&maxFields=10000&detectTypes=yes&xField=longitude&yField=latitude&crs=EPSG:4326&spatialIndex=no&subsetIndex=no&watchFile=no
"666",Allotropa virgata,Allotropa,virgata,,,,native,S4,,48.917803999999997,-123.431194000000005,obscured,"48.917804","-123.431194","12996054",obs_native,file:///D:/Simon/Sync/Root/GIS/Biodiversity%20Data/obs_native.csv?type=csv&maxFields=10000&detectTypes=yes&xField=longitude&yField=latitude&crs=EPSG:4326&spatialIndex=no&subsetIndex=no&watchFile=no
"266",Corallorhiza maculata var. ozettensis,Corallorhiza,maculata,,,ozettensis,native,S3 (2018),,48.931029000000002,-123.477080000000001,,"48.931029","-123.47708","2563709",obs_native,file:///D:/Simon/Sync/Root/GIS/Biodiversity%20Data/obs_native.csv?type=csv&maxFields=10000&detectTypes=yes&xField=longitude&yField=latitude&crs=EPSG:4326&spatialIndex=no&subsetIndex=no&watchFile=no
"85101",Corallorhiza maculata var. occidentalis,Corallorhiza,maculata,,,occidentalis,native,S5,,48.931297000000001,-123.476027999999999,,"48.931297","-123.476028","2629728",obs_native,file:///D:/Simon/Sync/Root/GIS/Biodiversity%20Data/obs_native.csv?type=csv&maxFields=10000&detectTypes=yes&xField=longitude&yField=latitude&crs=EPSG:4326&spatialIndex=no&subsetIndex=no&watchFile=no
"694",Alnus rubra,Alnus,rubra,,,,native,S5,,48.940126999999997,-123.489598000000001,obscured,"48.940127","-123.489598","4171727",obs_native,file:///D:/Simon/Sync/Root/GIS/Biodiversity%20Data/obs_native.csv?type=csv&maxFields=10000&detectTypes=yes&xField=longitude&yField=latitude&crs=EPSG:4326&spatialIndex=no&subsetIndex=no&watchFile=no
"272",Corallorhiza maculata var. ozettensis,Corallorhiza,maculata,,,ozettensis,native,S3 (2018),,48.942078000000002,-123.475971000000001,,"48.942078","-123.475971","13027602",obs_native,file:///D:/Simon/Sync/Root/GIS/Biodiversity%20Data/obs_native.csv?type=csv&maxFields=10000&detectTypes=yes&xField=longitude&yField=latitude&crs=EPSG:4326&spatialIndex=no&subsetIndex=no&watchFile=no
"271",Corallorhiza maculata var. ozettensis,Corallorhiza,maculata,,,ozettensis,native,S3 (2018),,48.951065000000000,-123.507099999999994,,"48.951065","-123.5071","12996820",obs_native,file:///D:/Simon/Sync/Root/GIS/Biodiversity%20Data/obs_native.csv?type=csv&maxFields=10000&detectTypes=yes&xField=longitude&yField=latitude&crs=EPSG:4326&spatialIndex=no&subsetIndex=no&watchFile=no
"667",Allotropa virgata,Allotropa,virgata,,,,native,S4,,48.962619770000003,-123.540280699999997,obscured,"48.96261977","-123.5402807","83938928",obs_native,file:///D:/Simon/Sync/Root/GIS/Biodiversity%20Data/obs_native.csv?type=csv&maxFields=10000&detectTypes=yes&xField=longitude&yField=latitude&crs=EPSG:4326&spatialIndex=no&subsetIndex=no&watchFile=no
"273",Corallorhiza maculata var. ozettensis,Corallorhiza,maculata,,,ozettensis,native,S3 (2018),,49.000512999999998,-123.582307999999998,,"49.000513","-123.582308","13372380",obs_native,file:///D:/Simon/Sync/Root/GIS/Biodiversity%20Data/obs_native.csv?type=csv&maxFields=10000&detectTypes=yes&xField=longitude&yField=latitude&crs=EPSG:4326&spatialIndex=no&subsetIndex=no&watchFile=no
"1",Athyrium filix-femina ssp. cyclosorum,Athyrium,filix-femina,,cyclosorum,,native,S5,,48.930236000000001,-123.467016000000001,,NA,NA,"2567709",obs_native,file:///D:/Simon/Sync/Root/GIS/Biodiversity%20Data/obs_native.csv?type=csv&maxFields=10000&detectTypes=yes&xField=longitude&yField=latitude&crs=EPSG:4326&spatialIndex=no&subsetIndex=no&watchFile=no
"2",Athyrium filix-femina ssp. cyclosorum,Athyrium,filix-femina,,cyclosorum,,native,S5,,48.874296670000000,-123.342680000000001,,NA,NA,"3164023",obs_native,file:///D:/Simon/Sync/Root/GIS/Biodiversity%20Data/obs_native.csv?type=csv&maxFields=10000&detectTypes=yes&xField=longitude&yField=latitude&crs=EPSG:4326&spatialIndex=no&subsetIndex=no&watchFile=no
"3",Camassia leichtlinii ssp. suksdorfii,Camassia,leichtlinii,,suksdorfii,,native,S4,,48.932492000000003,-123.484526000000002,,NA,NA,"2567447",obs_native,file:///D:/Simon/Sync/Root/GIS/Biodiversity%20Data/obs_native.csv?type=csv&maxFields=10000&detectTypes=yes&xField=longitude&yField=latitude&crs=EPSG:4326&spatialIndex=no&subsetIndex=no&watchFile=no
"4",Camassia leichtlinii ssp. suksdorfii,Camassia,leichtlinii,,suksdorfii,,native,S4,,48.943610000000000,-123.509823999999995,,NA,NA,"2604245",obs_native,file:///D:/Simon/Sync/Root/GIS/Biodiversity%20Data/obs_native.csv?type=csv&maxFields=10000&detectTypes=yes&xField=longitude&yField=latitude&crs=EPSG:4326&spatialIndex=no&subsetIndex=no&watchFile=no
"5",Camassia leichtlinii ssp. suksdorfii,Camassia,leichtlinii,,suksdorfii,,native,S4,,48.926532000000002,-123.465728999999996,,NA,NA,"2625671",obs_native,file:///D:/Simon/Sync/Root/GIS/Biodiversity%20Data/obs_native.csv?type=csv&maxFields=10000&detectTypes=yes&xField=longitude&yField=latitude&crs=EPSG:4326&spatialIndex=no&subsetIndex=no&watchFile=no
"6",Camassia leichtlinii ssp. suksdorfii,Camassia,leichtlinii,,suksdorfii,,native,S4,,49.012850899999997,-123.573103000000003,,NA,NA,"6309369",obs_native,file:///D:/Simon/Sync/Root/GIS/Biodiversity%20Data/obs_native.csv?type=csv&maxFields=10000&detectTypes=yes&xField=longitude&yField=latitude&crs=EPSG:4326&spatialIndex=no&subsetIndex=no&watchFile=no
"7",Camassia leichtlinii ssp. suksdorfii,Camassia,leichtlinii,,suksdorfii,,native,S4,,48.868800149999998,-123.378610600000002,,NA,NA,"6410311",obs_native,file:///D:/Simon/Sync/Root/GIS/Biodiversity%20Data/obs_native.csv?type=csv&maxFields=10000&detectTypes=yes&xField=longitude&yField=latitude&crs=EPSG:4326&spatialIndex=no&subsetIndex=no&watchFile=no
"8",Camassia leichtlinii ssp. suksdorfii,Camassia,leichtlinii,,suksdorfii,,native,S4,,48.869368000000001,-123.378810000000001,,NA,NA,"12287603",obs_native,file:///D:/Simon/Sync/Root/GIS/Biodiversity%20Data/obs_native.csv?type=csv&maxFields=10000&detectTypes=yes&xField=longitude&yField=latitude&crs=EPSG:4326&spatialIndex=no&subsetIndex=no&watchFile=no
"9",Camassia leichtlinii ssp. suksdorfii,Camassia,leichtlinii,,suksdorfii,,native,S4,,48.958745000000000,-123.533368999999993,,NA,NA,"12373774",obs_native,file:///D:/Simon/Sync/Root/GIS/Biodiversity%20Data/obs_native.csv?type=csv&maxFields=10000&detectTypes=yes&xField=longitude&yField=latitude&crs=EPSG:4326&spatialIndex=no&subsetIndex=no&watchFile=no
"10",Cerastium arvense ssp. strictum,Cerastium,arvense,,strictum,,native,S5,,48.932492000000003,-123.484526000000002,,NA,NA,"2567449",obs_native,file:///D:/Simon/Sync/Root/GIS/Biodiversity%20Data/obs_native.csv?type=csv&maxFields=10000&detectTypes=yes&xField=longitude&yField=latitude&crs=EPSG:4326&spatialIndex=no&subsetIndex=no&watchFile=no
"11",Cerastium arvense ssp. strictum,Cerastium,arvense,,strictum,,native,S5,,48.868068700000002,-123.340400700000004,,NA,NA,"24567431",obs_native,file:///D:/Simon/Sync/Root/GIS/Biodiversity%20Data/obs_native.csv?type=csv&maxFields=10000&detectTypes=yes&xField=longitude&yField=latitude&crs=EPSG:4326&spatialIndex=no&subsetIndex=no&watchFile=no
"12",Cerastium arvense ssp. strictum,Cerastium,arvense,,strictum,,native,S5,,48.867525000000001,-123.340158000000002,,NA,NA,"42431229",obs_native,file:///D:/Simon/Sync/Root/GIS/Biodiversity%20Data/obs_native.csv?type=csv&maxFields=10000&detectTypes=yes&xField=longitude&yField=latitude&crs=EPSG:4326&spatialIndex=no&subsetIndex=no&watchFile=no
"13",Cerastium arvense ssp. strictum,Cerastium,arvense,,strictum,,native,S5,,48.868330000000000,-123.341108300000002,,NA,NA,"43252908",obs_native,file:///D:/Simon/Sync/Root/GIS/Biodiversity%20Data/obs_native.csv?type=csv&maxFields=10000&detectTypes=yes&xField=longitude&yField=latitude&crs=EPSG:4326&spatialIndex=no&subsetIndex=no&watchFile=no
"14",Cerastium arvense ssp. strictum,Cerastium,arvense,,strictum,,native,S5,,48.866839980000002,-123.343624399999996,,NA,NA,"43253145",obs_native,file:///D:/Simon/Sync/Root/GIS/Biodiversity%20Data/obs_native.csv?type=csv&maxFields=10000&detectTypes=yes&xField=longitude&yField=latitude&crs=EPSG:4326&spatialIndex=no&subsetIndex=no&watchFile=no
"15",Cerastium arvense ssp. strictum,Cerastium,arvense,,strictum,,native,S5,,48.863672399999999,-123.329920099999995,,NA,NA,"78657697",obs_native,file:///D:/Simon/Sync/Root/GIS/Biodiversity%20Data/obs_native.csv?type=csv&maxFields=10000&detectTypes=yes&xField=longitude&yField=latitude&crs=EPSG:4326&spatialIndex=no&subsetIndex=no&watchFile=no
"16",Cerastium arvense ssp. strictum,Cerastium,arvense,,strictum,,native,S5,,48.868526670000001,-123.379193299999997,,NA,NA,"81147008",obs_native,file:///D:/Simon/Sync/Root/GIS/Biodiversity%20Data/obs_native.csv?type=csv&maxFields=10000&detectTypes=yes&xField=longitude&yField=latitude&crs=EPSG:4326&spatialIndex=no&subsetIndex=no&watchFile=no
"17",Circaea alpina ssp. pacifica,Circaea,alpina,,pacifica,,native,S5,,48.868327999999998,-123.345822999999996,,NA,NA,"2561121",obs_native,file:///D:/Simon/Sync/Root/GIS/Biodiversity%20Data/obs_native.csv?type=csv&maxFields=10000&detectTypes=yes&xField=longitude&yField=latitude&crs=EPSG:4326&spatialIndex=no&subsetIndex=no&watchFile=no
"18",Circaea alpina ssp. pacifica,Circaea,alpina,,pacifica,,native,S5,,48.995741000000002,-123.577927000000003,,NA,NA,"13224719",obs_native,file:///D:/Simon/Sync/Root/GIS/Biodiversity%20Data/obs_native.csv?type=csv&maxFields=10000&detectTypes=yes&xField=longitude&yField=latitude&crs=EPSG:4326&spatialIndex=no&subsetIndex=no&watchFile=no
"19",Clarkia amoena ssp. caurina,Clarkia,amoena,,caurina,,native,S3S4,,48.866634460000000,-123.375670900000003,,NA,NA,"6411597",obs_native,file:///D:/Simon/Sync/Root/GIS/Biodiversity%20Data/obs_native.csv?type=csv&maxFields=10000&detectTypes=yes&xField=longitude&yField=latitude&crs=EPSG:4326&spatialIndex=no&subsetIndex=no&watchFile=no
"20",Clarkia amoena ssp. lindleyi,Clarkia,amoena,,lindleyi,,native,S3S4,,48.867523710000000,-123.339750800000004,,NA,NA,"6434828",obs_native,file:///D:/Simon/Sync/Root/GIS/Biodiversity%20Data/obs_native.csv?type=csv&maxFields=10000&detectTypes=yes&xField=longitude&yField=latitude&crs=EPSG:4326&spatialIndex=no&subsetIndex=no&watchFile=no
"21",Claytonia exigua ssp. glauca,Claytonia,exigua,,glauca,,native,S4,,48.868813000000003,-123.378924999999995,,NA,NA,"5473252",obs_native,file:///D:/Simon/Sync/Root/GIS/Biodiversity%20Data/obs_native.csv?type=csv&maxFields=10000&detectTypes=yes&xField=longitude&yField=latitude&crs=EPSG:4326&spatialIndex=no&subsetIndex=no&watchFile=no
"22",Claytonia exigua ssp. glauca,Claytonia,exigua,,glauca,,native,S4,,48.869788000000000,-123.380022999999994,,NA,NA,"9142506",obs_native,file:///D:/Simon/Sync/Root/GIS/Biodiversity%20Data/obs_native.csv?type=csv&maxFields=10000&detectTypes=yes&xField=longitude&yField=latitude&crs=EPSG:4326&spatialIndex=no&subsetIndex=no&watchFile=no
"23",Claytonia exigua ssp. glauca,Claytonia,exigua,,glauca,,native,S4,,48.869788000000000,-123.380022999999994,,NA,NA,"9142531",obs_native,file:///D:/Simon/Sync/Root/GIS/Biodiversity%20Data/obs_native.csv?type=csv&maxFields=10000&detectTypes=yes&xField=longitude&yField=latitude&crs=EPSG:4326&spatialIndex=no&subsetIndex=no&watchFile=no
"24",Claytonia rubra ssp. depressa,Claytonia,rubra,,depressa,,native,S5,,48.868022000000003,-123.377638000000005,,NA,NA,"5472855",obs_native,file:///D:/Simon/Sync/Root/GIS/Biodiversity%20Data/obs_native.csv?type=csv&maxFields=10000&detectTypes=yes&xField=longitude&yField=latitude&crs=EPSG:4326&spatialIndex=no&subsetIndex=no&watchFile=no
"25",Claytonia rubra ssp. depressa,Claytonia,rubra,,depressa,,native,S5,,48.866906999999998,-123.341780999999997,,NA,NA,"10671922",obs_native,file:///D:/Simon/Sync/Root/GIS/Biodiversity%20Data/obs_native.csv?type=csv&maxFields=10000&detectTypes=yes&xField=longitude&yField=latitude&crs=EPSG:4326&spatialIndex=no&subsetIndex=no&watchFile=no
"26",Cornus sericea ssp. occidentalis,Cornus,sericea,,occidentalis,,native,S5,,48.900643129999999,-123.441641700000005,,NA,NA,"14633044",obs_native,file:///D:/Simon/Sync/Root/GIS/Biodiversity%20Data/obs_native.csv?type=csv&maxFields=10000&detectTypes=yes&xField=longitude&yField=latitude&crs=EPSG:4326&spatialIndex=no&subsetIndex=no&watchFile=no
"27",Corylus cornuta ssp. californica,Corylus,cornuta,,californica,,native,S5,,48.894831000000003,-123.362482999999997,,NA,NA,"3682332",obs_native,file:///D:/Simon/Sync/Root/GIS/Biodiversity%20Data/obs_native.csv?type=csv&maxFields=10000&detectTypes=yes&xField=longitude&yField=latitude&crs=EPSG:4326&spatialIndex=no&subsetIndex=no&watchFile=no
"28",Equisetum hyemale ssp. affine,Equisetum,hyemale,,affine,,native,S5,,48.933551999999999,-123.482594000000006,,NA,NA,"2561787",obs_native,file:///D:/Simon/Sync/Root/GIS/Biodiversity%20Data/obs_native.csv?type=csv&maxFields=10000&detectTypes=yes&xField=longitude&yField=latitude&crs=EPSG:4326&spatialIndex=no&subsetIndex=no&watchFile=no
"29",Equisetum hyemale ssp. affine,Equisetum,hyemale,,affine,,native,S5,,48.899912999999998,-123.405669000000003,,NA,NA,"2771233",obs_native,file:///D:/Simon/Sync/Root/GIS/Biodiversity%20Data/obs_native.csv?type=csv&maxFields=10000&detectTypes=yes&xField=longitude&yField=latitude&crs=EPSG:4326&spatialIndex=no&subsetIndex=no&watchFile=no
"30",Equisetum hyemale ssp. affine,Equisetum,hyemale,,affine,,native,S5,,48.964202780000001,-123.515944399999995,,NA,NA,"24666636",obs_native,file:///D:/Simon/Sync/Root/GIS/Biodiversity%20Data/obs_native.csv?type=csv&maxFields=10000&detectTypes=yes&xField=longitude&yField=latitude&crs=EPSG:4326&spatialIndex=no&subsetIndex=no&watchFile=no
"31",Equisetum hyemale ssp. affine,Equisetum,hyemale,,affine,,native,S5,,48.899801320000002,-123.406414400000003,,NA,NA,"25478711",obs_native,file:///D:/Simon/Sync/Root/GIS/Biodiversity%20Data/obs_native.csv?type=csv&maxFields=10000&detectTypes=yes&xField=longitude&yField=latitude&crs=EPSG:4326&spatialIndex=no&subsetIndex=no&watchFile=no
"32",Equisetum hyemale ssp. affine,Equisetum,hyemale,,affine,,native,S5,,48.988588090000000,-123.556627800000001,,NA,NA,"72223774",obs_native,file:///D:/Simon/Sync/Root/GIS/Biodiversity%20Data/obs_native.csv?type=csv&maxFields=10000&detectTypes=yes&xField=longitude&yField=latitude&crs=EPSG:4326&spatialIndex=no&subsetIndex=no&watchFile=no
"33",Equisetum hyemale ssp. affine,Equisetum,hyemale,,affine,,native,S5,,48.923094900000002,-123.455735300000001,,NA,NA,"74711597",obs_native,file:///D:/Simon/Sync/Root/GIS/Biodiversity%20Data/obs_native.csv?type=csv&maxFields=10000&detectTypes=yes&xField=longitude&yField=latitude&crs=EPSG:4326&spatialIndex=no&subsetIndex=no&watchFile=no
"34",Equisetum hyemale ssp. affine,Equisetum,hyemale,,affine,,native,S5,,48.969134429999997,-123.523278199999993,,NA,NA,"107021656",obs_native,file:///D:/Simon/Sync/Root/GIS/Biodiversity%20Data/obs_native.csv?type=csv&maxFields=10000&detectTypes=yes&xField=longitude&yField=latitude&crs=EPSG:4326&spatialIndex=no&subsetIndex=no&watchFile=no
"35",Equisetum telmateia ssp. braunii,Equisetum,telmateia,,braunii,,native,S5,,48.931126999999996,-123.468131999999997,,NA,NA,"2566305",obs_native,file:///D:/Simon/Sync/Root/GIS/Biodiversity%20Data/obs_native.csv?type=csv&maxFields=10000&detectTypes=yes&xField=longitude&yField=latitude&crs=EPSG:4326&spatialIndex=no&subsetIndex=no&watchFile=no
"36",Equisetum telmateia ssp. braunii,Equisetum,telmateia,,braunii,,native,S5,,48.929986999999997,-123.466458000000003,,NA,NA,"2567325",obs_native,file:///D:/Simon/Sync/Root/GIS/Biodiversity%20Data/obs_native.csv?type=csv&maxFields=10000&detectTypes=yes&xField=longitude&yField=latitude&crs=EPSG:4326&spatialIndex=no&subsetIndex=no&watchFile=no
"37",Equisetum telmateia ssp. braunii,Equisetum,telmateia,,braunii,,native,S5,,48.929212999999997,-123.470384999999993,,NA,NA,"2567674",obs_native,file:///D:/Simon/Sync/Root/GIS/Biodiversity%20Data/obs_native.csv?type=csv&maxFields=10000&detectTypes=yes&xField=longitude&yField=latitude&crs=EPSG:4326&spatialIndex=no&subsetIndex=no&watchFile=no
"38",Equisetum telmateia ssp. braunii,Equisetum,telmateia,,braunii,,native,S5,,48.930236000000001,-123.467016000000001,,NA,NA,"2567721",obs_native,file:///D:/Simon/Sync/Root/GIS/Biodiversity%20Data/obs_native.csv?type=csv&maxFields=10000&detectTypes=yes&xField=longitude&yField=latitude&crs=EPSG:4326&spatialIndex=no&subsetIndex=no&watchFile=no
"39",Equisetum telmateia ssp. braunii,Equisetum,telmateia,,braunii,,native,S5,,48.930619999999998,-123.466587000000004,,NA,NA,"2568920",obs_native,file:///D:/Simon/Sync/Root/GIS/Biodiversity%20Data/obs_native.csv?type=csv&maxFields=10000&detectTypes=yes&xField=longitude&yField=latitude&crs=EPSG:4326&spatialIndex=no&subsetIndex=no&watchFile=no
"40",Equisetum telmateia ssp. braunii,Equisetum,telmateia,,braunii,,native,S5,,48.929209999999998,-123.470620999999994,,NA,NA,"2569390",obs_native,file:///D:/Simon/Sync/Root/GIS/Biodiversity%20Data/obs_native.csv?type=csv&maxFields=10000&detectTypes=yes&xField=longitude&yField=latitude&crs=EPSG:4326&spatialIndex=no&subsetIndex=no&watchFile=no
"41",Equisetum telmateia ssp. braunii,Equisetum,telmateia,,braunii,,native,S5,,48.929326000000003,-123.470513999999994,,NA,NA,"2591233",obs_native,file:///D:/Simon/Sync/Root/GIS/Biodiversity%20Data/obs_native.csv?type=csv&maxFields=10000&detectTypes=yes&xField=longitude&yField=latitude&crs=EPSG:4326&spatialIndex=no&subsetIndex=no&watchFile=no
"42",Equisetum telmateia ssp. braunii,Equisetum,telmateia,,braunii,,native,S5,,48.918506000000001,-123.405561000000006,,NA,NA,"2914815",obs_native,file:///D:/Simon/Sync/Root/GIS/Biodiversity%20Data/obs_native.csv?type=csv&maxFields=10000&detectTypes=yes&xField=longitude&yField=latitude&crs=EPSG:4326&spatialIndex=no&subsetIndex=no&watchFile=no
"43",Equisetum telmateia ssp. braunii,Equisetum,telmateia,,braunii,,native,S5,,48.916645000000003,-123.424272999999999,,NA,NA,"3093858",obs_native,file:///D:/Simon/Sync/Root/GIS/Biodiversity%20Data/obs_native.csv?type=csv&maxFields=10000&detectTypes=yes&xField=longitude&yField=latitude&crs=EPSG:4326&spatialIndex=no&subsetIndex=no&watchFile=no
"44",Equisetum telmateia ssp. braunii,Equisetum,telmateia,,braunii,,native,S5,,48.890791569999998,-123.347297800000007,,NA,NA,"6487428",obs_native,file:///D:/Simon/Sync/Root/GIS/Biodiversity%20Data/obs_native.csv?type=csv&maxFields=10000&detectTypes=yes&xField=longitude&yField=latitude&crs=EPSG:4326&spatialIndex=no&subsetIndex=no&watchFile=no
"45",Equisetum telmateia ssp. braunii,Equisetum,telmateia,,braunii,,native,S5,,48.873980000000003,-123.349118300000001,,NA,NA,"13973465",obs_native,file:///D:/Simon/Sync/Root/GIS/Biodiversity%20Data/obs_native.csv?type=csv&maxFields=10000&detectTypes=yes&xField=longitude&yField=latitude&crs=EPSG:4326&spatialIndex=no&subsetIndex=no&watchFile=no
"46",Equisetum telmateia ssp. braunii,Equisetum,telmateia,,braunii,,native,S5,,48.865438890000000,-123.350197199999997,,NA,NA,"13991902",obs_native,file:///D:/Simon/Sync/Root/GIS/Biodiversity%20Data/obs_native.csv?type=csv&maxFields=10000&detectTypes=yes&xField=longitude&yField=latitude&crs=EPSG:4326&spatialIndex=no&subsetIndex=no&watchFile=no
"47",Equisetum telmateia ssp. braunii,Equisetum,telmateia,,braunii,,native,S5,,48.865181669999998,-123.332723299999998,,NA,NA,"22799467",obs_native,file:///D:/Simon/Sync/Root/GIS/Biodiversity%20Data/obs_native.csv?type=csv&maxFields=10000&detectTypes=yes&xField=longitude&yField=latitude&crs=EPSG:4326&spatialIndex=no&subsetIndex=no&watchFile=no
"48",Equisetum telmateia ssp. braunii,Equisetum,telmateia,,braunii,,native,S5,,48.879328330000000,-123.321013300000004,,NA,NA,"23775305",obs_native,file:///D:/Simon/Sync/Root/GIS/Biodiversity%20Data/obs_native.csv?type=csv&maxFields=10000&detectTypes=yes&xField=longitude&yField=latitude&crs=EPSG:4326&spatialIndex=no&subsetIndex=no&watchFile=no
"49",Equisetum telmateia ssp. braunii,Equisetum,telmateia,,braunii,,native,S5,,48.985730070000002,-123.559883299999996,,NA,NA,"24652505",obs_native,file:///D:/Simon/Sync/Root/GIS/Biodiversity%20Data/obs_native.csv?type=csv&maxFields=10000&detectTypes=yes&xField=longitude&yField=latitude&crs=EPSG:4326&spatialIndex=no&subsetIndex=no&watchFile=no
"50",Equisetum telmateia ssp. braunii,Equisetum,telmateia,,braunii,,native,S5,,48.981611979999997,-123.557608000000002,,NA,NA,"24653163",obs_native,file:///D:/Simon/Sync/Root/GIS/Biodiversity%20Data/obs_native.csv?type=csv&maxFields=10000&detectTypes=yes&xField=longitude&yField=latitude&crs=EPSG:4326&spatialIndex=no&subsetIndex=no&watchFile=no
"51",Equisetum telmateia ssp. braunii,Equisetum,telmateia,,braunii,,native,S5,,48.962641669999996,-123.519133299999993,,NA,NA,"24694143",obs_native,file:///D:/Simon/Sync/Root/GIS/Biodiversity%20Data/obs_native.csv?type=csv&maxFields=10000&detectTypes=yes&xField=longitude&yField=latitude&crs=EPSG:4326&spatialIndex=no&subsetIndex=no&watchFile=no
"52",Equisetum telmateia ssp. braunii,Equisetum,telmateia,,braunii,,native,S5,,48.962755860000001,-123.519257800000005,,NA,NA,"24710417",obs_native,file:///D:/Simon/Sync/Root/GIS/Biodiversity%20Data/obs_native.csv?type=csv&maxFields=10000&detectTypes=yes&xField=longitude&yField=latitude&crs=EPSG:4326&spatialIndex=no&subsetIndex=no&watchFile=no
"53",Equisetum telmateia ssp. braunii,Equisetum,telmateia,,braunii,,native,S5,,48.965172070000001,-123.516847100000007,,NA,NA,"24941801",obs_native,file:///D:/Simon/Sync/Root/GIS/Biodiversity%20Data/obs_native.csv?type=csv&maxFields=10000&detectTypes=yes&xField=longitude&yField=latitude&crs=EPSG:4326&spatialIndex=no&subsetIndex=no&watchFile=no
"54",Equisetum telmateia ssp. braunii,Equisetum,telmateia,,braunii,,native,S5,,48.965038550000003,-123.516994400000002,,NA,NA,"24941823",obs_native,file:///D:/Simon/Sync/Root/GIS/Biodiversity%20Data/obs_native.csv?type=csv&maxFields=10000&detectTypes=yes&xField=longitude&yField=latitude&crs=EPSG:4326&spatialIndex=no&subsetIndex=no&watchFile=no
"55",Equisetum telmateia ssp. braunii,Equisetum,telmateia,,braunii,,native,S5,,48.979155270000000,-123.557418799999994,,NA,NA,"25480265",obs_native,file:///D:/Simon/Sync/Root/GIS/Biodiversity%20Data/obs_native.csv?type=csv&maxFields=10000&detectTypes=yes&xField=longitude&yField=latitude&crs=EPSG:4326&spatialIndex=no&subsetIndex=no&watchFile=no
"56",Equisetum telmateia ssp. braunii,Equisetum,telmateia,,braunii,,native,S5,,48.897941670000002,-123.399344400000004,,NA,NA,"25655200",obs_native,file:///D:/Simon/Sync/Root/GIS/Biodiversity%20Data/obs_native.csv?type=csv&maxFields=10000&detectTypes=yes&xField=longitude&yField=latitude&crs=EPSG:4326&spatialIndex=no&subsetIndex=no&watchFile=no
"57",Equisetum telmateia ssp. braunii,Equisetum,telmateia,,braunii,,native,S5,,48.911585490000000,-123.386696700000002,,NA,NA,"41879848",obs_native,file:///D:/Simon/Sync/Root/GIS/Biodiversity%20Data/obs_native.csv?type=csv&maxFields=10000&detectTypes=yes&xField=longitude&yField=latitude&crs=EPSG:4326&spatialIndex=no&subsetIndex=no&watchFile=no
"58",Equisetum telmateia ssp. braunii,Equisetum,telmateia,,braunii,,native,S5,,48.865953740000002,-123.350378000000006,,NA,NA,"43555570",obs_native,file:///D:/Simon/Sync/Root/GIS/Biodiversity%20Data/obs_native.csv?type=csv&maxFields=10000&detectTypes=yes&xField=longitude&yField=latitude&crs=EPSG:4326&spatialIndex=no&subsetIndex=no&watchFile=no
"59",Equisetum telmateia ssp. braunii,Equisetum,telmateia,,braunii,,native,S5,,48.944041669999997,-123.501471699999996,,NA,NA,"57301167",obs_native,file:///D:/Simon/Sync/Root/GIS/Biodiversity%20Data/obs_native.csv?type=csv&maxFields=10000&detectTypes=yes&xField=longitude&yField=latitude&crs=EPSG:4326&spatialIndex=no&subsetIndex=no&watchFile=no
"60",Equisetum telmateia ssp. braunii,Equisetum,telmateia,,braunii,,native,S5,,48.931021670000000,-123.474786699999996,,NA,NA,"62512802",obs_native,file:///D:/Simon/Sync/Root/GIS/Biodiversity%20Data/obs_native.csv?type=csv&maxFields=10000&detectTypes=yes&xField=longitude&yField=latitude&crs=EPSG:4326&spatialIndex=no&subsetIndex=no&watchFile=no
"61",Equisetum telmateia ssp. braunii,Equisetum,telmateia,,braunii,,native,S5,,48.928349290000000,-123.467774300000002,,NA,NA,"84499366",obs_native,file:///D:/Simon/Sync/Root/GIS/Biodiversity%20Data/obs_native.csv?type=csv&maxFields=10000&detectTypes=yes&xField=longitude&yField=latitude&crs=EPSG:4326&spatialIndex=no&subsetIndex=no&watchFile=no
"62",Equisetum telmateia ssp. braunii,Equisetum,telmateia,,braunii,,native,S5,,48.984903330000002,-123.558935000000005,,NA,NA,"89513099",obs_native,file:///D:/Simon/Sync/Root/GIS/Biodiversity%20Data/obs_native.csv?type=csv&maxFields=10000&detectTypes=yes&xField=longitude&yField=latitude&crs=EPSG:4326&spatialIndex=no&subsetIndex=no&watchFile=no
"63",Equisetum telmateia ssp. braunii,Equisetum,telmateia,,braunii,,native,S5,,48.948366669999999,-123.501901700000005,,NA,NA,"107022556",obs_native,file:///D:/Simon/Sync/Root/GIS/Biodiversity%20Data/obs_native.csv?type=csv&maxFields=10000&detectTypes=yes&xField=longitude&yField=latitude&crs=EPSG:4326&spatialIndex=no&subsetIndex=no&watchFile=no
"64",Equisetum telmateia ssp. braunii,Equisetum,telmateia,,braunii,,native,S5,,48.865349999999999,-123.350148000000004,,NA,NA,"111351939",obs_native,file:///D:/Simon/Sync/Root/GIS/Biodiversity%20Data/obs_native.csv?type=csv&maxFields=10000&detectTypes=yes&xField=longitude&yField=latitude&crs=EPSG:4326&spatialIndex=no&subsetIndex=no&watchFile=no
"65",Equisetum telmateia ssp. braunii,Equisetum,telmateia,,braunii,,native,S5,,48.876465000000003,-123.367603299999999,,NA,NA,"129778456",obs_native,file:///D:/Simon/Sync/Root/GIS/Biodiversity%20Data/obs_native.csv?type=csv&maxFields=10000&detectTypes=yes&xField=longitude&yField=latitude&crs=EPSG:4326&spatialIndex=no&subsetIndex=no&watchFile=no
"66",Festuca rubra ssp. pruinosa,Festuca,rubra,,pruinosa,,native,S5? (2020),,48.910205560000001,-123.375180599999993,,NA,NA,"121538510",obs_native,file:///D:/Simon/Sync/Root/GIS/Biodiversity%20Data/obs_native.csv?type=csv&maxFields=10000&detectTypes=yes&xField=longitude&yField=latitude&crs=EPSG:4326&spatialIndex=no&subsetIndex=no&watchFile=no
"67",Juncus arcticus ssp. alaskanus,Juncus,arcticus,,alaskanus,,native,S5,,48.982773999999999,-123.555121000000000,,NA,NA,"6479435",obs_native,file:///D:/Simon/Sync/Root/GIS/Biodiversity%20Data/obs_native.csv?type=csv&maxFields=10000&detectTypes=yes&xField=longitude&yField=latitude&crs=EPSG:4326&spatialIndex=no&subsetIndex=no&watchFile=no
"68",Juncus effusus ssp. pacificus,Juncus,effusus,,pacificus,,native,S5 (2015),,48.863805610000000,-123.372308099999998,,NA,NA,"52033159",obs_native,file:///D:/Simon/Sync/Root/GIS/Biodiversity%20Data/obs_native.csv?type=csv&maxFields=10000&detectTypes=yes&xField=longitude&yField=latitude&crs=EPSG:4326&spatialIndex=no&subsetIndex=no&watchFile=no
"69",Juncus effusus ssp. pacificus,Juncus,effusus,,pacificus,,native,S5 (2015),,48.930736670000002,-123.475624999999994,,NA,NA,"52474939",obs_native,file:///D:/Simon/Sync/Root/GIS/Biodiversity%20Data/obs_native.csv?type=csv&maxFields=10000&detectTypes=yes&xField=longitude&yField=latitude&crs=EPSG:4326&spatialIndex=no&subsetIndex=no&watchFile=no
"70",Juncus effusus ssp. pacificus,Juncus,effusus,,pacificus,,native,S5 (2015),,48.874383330000001,-123.319595000000007,,NA,NA,"86360380",obs_native,file:///D:/Simon/Sync/Root/GIS/Biodiversity%20Data/obs_native.csv?type=csv&maxFields=10000&detectTypes=yes&xField=longitude&yField=latitude&crs=EPSG:4326&spatialIndex=no&subsetIndex=no&watchFile=no
"71",Juncus effusus ssp. pacificus,Juncus,effusus,,pacificus,,native,S5 (2015),,48.873674999999999,-123.343361700000003,,NA,NA,"87960709",obs_native,file:///D:/Simon/Sync/Root/GIS/Biodiversity%20Data/obs_native.csv?type=csv&maxFields=10000&detectTypes=yes&xField=longitude&yField=latitude&crs=EPSG:4326&spatialIndex=no&subsetIndex=no&watchFile=no
"72",Juncus effusus ssp. pacificus,Juncus,effusus,,pacificus,,native,S5 (2015),,48.870840000000001,-123.321179999999998,,NA,NA,"121538458",obs_native,file:///D:/Simon/Sync/Root/GIS/Biodiversity%20Data/obs_native.csv?type=csv&maxFields=10000&detectTypes=yes&xField=longitude&yField=latitude&crs=EPSG:4326&spatialIndex=no&subsetIndex=no&watchFile=no
"73",Juncus effusus ssp. pacificus,Juncus,effusus,,pacificus,,native,S5 (2015),,48.909770000000002,-123.372706699999995,,NA,NA,"121538549",obs_native,file:///D:/Simon/Sync/Root/GIS/Biodiversity%20Data/obs_native.csv?type=csv&maxFields=10000&detectTypes=yes&xField=longitude&yField=latitude&crs=EPSG:4326&spatialIndex=no&subsetIndex=no&watchFile=no
"75",Lepidium virginicum ssp. menziesii,Lepidium,virginicum,,menziesii,,native,S5,,48.897021670000001,-123.405313300000003,,NA,NA,"48091418",obs_native,file:///D:/Simon/Sync/Root/GIS/Biodiversity%20Data/obs_native.csv?type=csv&maxFields=10000&detectTypes=yes&xField=longitude&yField=latitude&crs=EPSG:4326&spatialIndex=no&subsetIndex=no&watchFile=no
"76",Lepidium virginicum ssp. menziesii,Lepidium,virginicum,,menziesii,,native,S5,,48.868426669999998,-123.378083300000000,,NA,NA,"81146976",obs_native,file:///D:/Simon/Sync/Root/GIS/Biodiversity%20Data/obs_native.csv?type=csv&maxFields=10000&detectTypes=yes&xField=longitude&yField=latitude&crs=EPSG:4326&spatialIndex=no&subsetIndex=no&watchFile=no
"77",Lepidium virginicum ssp. menziesii,Lepidium,virginicum,,menziesii,,native,S5,,48.866025000000000,-123.368306700000005,,NA,NA,"85291218",obs_native,file:///D:/Simon/Sync/Root/GIS/Biodiversity%20Data/obs_native.csv?type=csv&maxFields=10000&detectTypes=yes&xField=longitude&yField=latitude&crs=EPSG:4326&spatialIndex=no&subsetIndex=no&watchFile=no
"78",Lepidium virginicum ssp. menziesii,Lepidium,virginicum,,menziesii,,native,S5,,48.865988330000000,-123.374593300000001,,NA,NA,"114122114",obs_native,file:///D:/Simon/Sync/Root/GIS/Biodiversity%20Data/obs_native.csv?type=csv&maxFields=10000&detectTypes=yes&xField=longitude&yField=latitude&crs=EPSG:4326&spatialIndex=no&subsetIndex=no&watchFile=no
"79",Lepidium virginicum ssp. menziesii,Lepidium,virginicum,,menziesii,,native,S5,,48.870233329999998,-123.380009999999999,,NA,NA,"116636181",obs_native,file:///D:/Simon/Sync/Root/GIS/Biodiversity%20Data/obs_native.csv?type=csv&maxFields=10000&detectTypes=yes&xField=longitude&yField=latitude&crs=EPSG:4326&spatialIndex=no&subsetIndex=no&watchFile=no
"80",Lepidium virginicum ssp. menziesii,Lepidium,virginicum,,menziesii,,native,S5,,48.863376670000001,-123.362600000000000,,NA,NA,"116636253",obs_native,file:///D:/Simon/Sync/Root/GIS/Biodiversity%20Data/obs_native.csv?type=csv&maxFields=10000&detectTypes=yes&xField=longitude&yField=latitude&crs=EPSG:4326&spatialIndex=no&subsetIndex=no&watchFile=no
"81",Lysimachia europaea ssp. arctica,Lysimachia,europaea,,arctica,,native,S5,,48.983659000000003,-123.556323000000006,,NA,NA,"3296137",obs_native,file:///D:/Simon/Sync/Root/GIS/Biodiversity%20Data/obs_native.csv?type=csv&maxFields=10000&detectTypes=yes&xField=longitude&yField=latitude&crs=EPSG:4326&spatialIndex=no&subsetIndex=no&watchFile=no
"82",Lysimachia europaea ssp. arctica,Lysimachia,europaea,,arctica,,native,S5,,48.983659000000003,-123.556323000000006,,NA,NA,"3296161",obs_native,file:///D:/Simon/Sync/Root/GIS/Biodiversity%20Data/obs_native.csv?type=csv&maxFields=10000&detectTypes=yes&xField=longitude&yField=latitude&crs=EPSG:4326&spatialIndex=no&subsetIndex=no&watchFile=no
"83",Lysimachia europaea ssp. arctica,Lysimachia,europaea,,arctica,,native,S5,,48.983659000000003,-123.556323000000006,,NA,NA,"3296469",obs_native,file:///D:/Simon/Sync/Root/GIS/Biodiversity%20Data/obs_native.csv?type=csv&maxFields=10000&detectTypes=yes&xField=longitude&yField=latitude&crs=EPSG:4326&spatialIndex=no&subsetIndex=no&watchFile=no
"84",Lysimachia europaea ssp. arctica,Lysimachia,europaea,,arctica,,native,S5,,48.982325000000003,-123.554777999999999,,NA,NA,"6453548",obs_native,file:///D:/Simon/Sync/Root/GIS/Biodiversity%20Data/obs_native.csv?type=csv&maxFields=10000&detectTypes=yes&xField=longitude&yField=latitude&crs=EPSG:4326&spatialIndex=no&subsetIndex=no&watchFile=no
"85",Lysimachia europaea ssp. arctica,Lysimachia,europaea,,arctica,,native,S5,,48.983364000000002,-123.556359000000000,,NA,NA,"13224925",obs_native,file:///D:/Simon/Sync/Root/GIS/Biodiversity%20Data/obs_native.csv?type=csv&maxFields=10000&detectTypes=yes&xField=longitude&yField=latitude&crs=EPSG:4326&spatialIndex=no&subsetIndex=no&watchFile=no
"86",Lysimachia europaea ssp. arctica,Lysimachia,europaea,,arctica,,native,S5,,48.983538770000003,-123.556732900000000,,NA,NA,"15412684",obs_native,file:///D:/Simon/Sync/Root/GIS/Biodiversity%20Data/obs_native.csv?type=csv&maxFields=10000&detectTypes=yes&xField=longitude&yField=latitude&crs=EPSG:4326&spatialIndex=no&subsetIndex=no&watchFile=no
"87",Lysimachia europaea ssp. arctica,Lysimachia,europaea,,arctica,,native,S5,,48.983419439999999,-123.555902799999998,,NA,NA,"121838567",obs_native,file:///D:/Simon/Sync/Root/GIS/Biodiversity%20Data/obs_native.csv?type=csv&maxFields=10000&detectTypes=yes&xField=longitude&yField=latitude&crs=EPSG:4326&spatialIndex=no&subsetIndex=no&watchFile=no
"88",Maianthemum racemosum ssp. amplexicaule,Maianthemum,racemosum,,amplexicaule,,native,S5,,48.862960000000001,-123.350579999999994,,NA,NA,"122258286",obs_native,file:///D:/Simon/Sync/Root/GIS/Biodiversity%20Data/obs_native.csv?type=csv&maxFields=10000&detectTypes=yes&xField=longitude&yField=latitude&crs=EPSG:4326&spatialIndex=no&subsetIndex=no&watchFile=no
"89",Plectritis congesta ssp. brachystemon,Plectritis,congesta,,brachystemon,,native,S5,,48.916645000000003,-123.424272999999999,,NA,NA,"3094142",obs_native,file:///D:/Simon/Sync/Root/GIS/Biodiversity%20Data/obs_native.csv?type=csv&maxFields=10000&detectTypes=yes&xField=longitude&yField=latitude&crs=EPSG:4326&spatialIndex=no&subsetIndex=no&watchFile=no
"90",Plectritis congesta ssp. brachystemon,Plectritis,congesta,,brachystemon,,native,S5,,48.916645000000003,-123.424272999999999,,NA,NA,"3094165",obs_native,file:///D:/Simon/Sync/Root/GIS/Biodiversity%20Data/obs_native.csv?type=csv&maxFields=10000&detectTypes=yes&xField=longitude&yField=latitude&crs=EPSG:4326&spatialIndex=no&subsetIndex=no&watchFile=no
"91",Plectritis congesta ssp. brachystemon,Plectritis,congesta,,brachystemon,,native,S5,,48.916249999999998,-123.424959000000001,,NA,NA,"3094355",obs_native,file:///D:/Simon/Sync/Root/GIS/Biodiversity%20Data/obs_native.csv?type=csv&maxFields=10000&detectTypes=yes&xField=longitude&yField=latitude&crs=EPSG:4326&spatialIndex=no&subsetIndex=no&watchFile=no
"92",Plectritis congesta ssp. brachystemon,Plectritis,congesta,,brachystemon,,native,S5,,48.915635999999999,-123.423867000000001,,NA,NA,"11251353",obs_native,file:///D:/Simon/Sync/Root/GIS/Biodiversity%20Data/obs_native.csv?type=csv&maxFields=10000&detectTypes=yes&xField=longitude&yField=latitude&crs=EPSG:4326&spatialIndex=no&subsetIndex=no&watchFile=no
"93",Plectritis congesta ssp. brachystemon,Plectritis,congesta,,brachystemon,,native,S5,,48.958745000000000,-123.533368999999993,,NA,NA,"12373840",obs_native,file:///D:/Simon/Sync/Root/GIS/Biodiversity%20Data/obs_native.csv?type=csv&maxFields=10000&detectTypes=yes&xField=longitude&yField=latitude&crs=EPSG:4326&spatialIndex=no&subsetIndex=no&watchFile=no
"94",Plectritis congesta ssp. brachystemon,Plectritis,congesta,,brachystemon,,native,S5,,49.014015000000001,-123.573710000000005,,NA,NA,"24259248",obs_native,file:///D:/Simon/Sync/Root/GIS/Biodiversity%20Data/obs_native.csv?type=csv&maxFields=10000&detectTypes=yes&xField=longitude&yField=latitude&crs=EPSG:4326&spatialIndex=no&subsetIndex=no&watchFile=no
"95",Plectritis congesta ssp. brachystemon,Plectritis,congesta,,brachystemon,,native,S5,,48.870998329999999,-123.382125000000002,,NA,NA,"81147042",obs_native,file:///D:/Simon/Sync/Root/GIS/Biodiversity%20Data/obs_native.csv?type=csv&maxFields=10000&detectTypes=yes&xField=longitude&yField=latitude&crs=EPSG:4326&spatialIndex=no&subsetIndex=no&watchFile=no
"96",Plectritis congesta ssp. brachystemon,Plectritis,congesta,,brachystemon,,native,S5,,49.014016669999997,-123.573719999999994,,NA,NA,"123934602",obs_native,file:///D:/Simon/Sync/Root/GIS/Biodiversity%20Data/obs_native.csv?type=csv&maxFields=10000&detectTypes=yes&xField=longitude&yField=latitude&crs=EPSG:4326&spatialIndex=no&subsetIndex=no&watchFile=no
"97",Sagina decumbens ssp. occidentalis,Sagina,decumbens,,occidentalis,,native,S5,,48.900696850000003,-123.336124400000003,,NA,NA,"6425199",obs_native,file:///D:/Simon/Sync/Root/GIS/Biodiversity%20Data/obs_native.csv?type=csv&maxFields=10000&detectTypes=yes&xField=longitude&yField=latitude&crs=EPSG:4326&spatialIndex=no&subsetIndex=no&watchFile=no
"98",Sagina decumbens ssp. occidentalis,Sagina,decumbens,,occidentalis,,native,S5,,48.900696850000003,-123.336124400000003,,NA,NA,"6425218",obs_native,file:///D:/Simon/Sync/Root/GIS/Biodiversity%20Data/obs_native.csv?type=csv&maxFields=10000&detectTypes=yes&xField=longitude&yField=latitude&crs=EPSG:4326&spatialIndex=no&subsetIndex=no&watchFile=no
"99",Sagina decumbens ssp. occidentalis,Sagina,decumbens,,occidentalis,,native,S5,,48.872026159999997,-123.311426600000004,,NA,NA,"6434847",obs_native,file:///D:/Simon/Sync/Root/GIS/Biodiversity%20Data/obs_native.csv?type=csv&maxFields=10000&detectTypes=yes&xField=longitude&yField=latitude&crs=EPSG:4326&spatialIndex=no&subsetIndex=no&watchFile=no
"100",Urtica dioica ssp. gracilis,Urtica,dioica,,gracilis,,native,S5 (2019),,48.865241670000003,-123.364283299999997,,NA,NA,"85291245",obs_native,file:///D:/Simon/Sync/Root/GIS/Biodiversity%20Data/obs_native.csv?type=csv&maxFields=10000&detectTypes=yes&xField=longitude&yField=latitude&crs=EPSG:4326&spatialIndex=no&subsetIndex=no&watchFile=no
"101",Urtica dioica ssp. gracilis,Urtica,dioica,,gracilis,,native,S5 (2019),,48.872369999999997,-123.340091700000002,,NA,NA,"87960705",obs_native,file:///D:/Simon/Sync/Root/GIS/Biodiversity%20Data/obs_native.csv?type=csv&maxFields=10000&detectTypes=yes&xField=longitude&yField=latitude&crs=EPSG:4326&spatialIndex=no&subsetIndex=no&watchFile=no
"102",Veronica peregrina var. xalapensis,Veronica,peregrina,,xalapensis,,native,S4S5 (2015),,48.909325000000003,-123.370636700000006,,NA,NA,"121538561",obs_native,file:///D:/Simon/Sync/Root/GIS/Biodiversity%20Data/obs_native.csv?type=csv&maxFields=10000&detectTypes=yes&xField=longitude&yField=latitude&crs=EPSG:4326&spatialIndex=no&subsetIndex=no&watchFile=no
"103",Acer glabrum var. douglasii,Acer,glabrum,,,douglasii,native,S5,,48.888325000000002,-123.336516700000004,,NA,NA,"3852586",obs_native,file:///D:/Simon/Sync/Root/GIS/Biodiversity%20Data/obs_native.csv?type=csv&maxFields=10000&detectTypes=yes&xField=longitude&yField=latitude&crs=EPSG:4326&spatialIndex=no&subsetIndex=no&watchFile=no
"104",Acer glabrum var. douglasii,Acer,glabrum,,,douglasii,native,S5,,48.865857630000001,-123.350120599999997,,NA,NA,"13974252",obs_native,file:///D:/Simon/Sync/Root/GIS/Biodiversity%20Data/obs_native.csv?type=csv&maxFields=10000&detectTypes=yes&xField=longitude&yField=latitude&crs=EPSG:4326&spatialIndex=no&subsetIndex=no&watchFile=no
"105",Acer glabrum var. douglasii,Acer,glabrum,,,douglasii,native,S5,,48.865549170000001,-123.350108800000001,,NA,NA,"43555529",obs_native,file:///D:/Simon/Sync/Root/GIS/Biodiversity%20Data/obs_native.csv?type=csv&maxFields=10000&detectTypes=yes&xField=longitude&yField=latitude&crs=EPSG:4326&spatialIndex=no&subsetIndex=no&watchFile=no
"106",Acer glabrum var. douglasii,Acer,glabrum,,,douglasii,native,S5,,49.011755149999999,-123.574255100000002,,NA,NA,"57099066",obs_native,file:///D:/Simon/Sync/Root/GIS/Biodiversity%20Data/obs_native.csv?type=csv&maxFields=10000&detectTypes=yes&xField=longitude&yField=latitude&crs=EPSG:4326&spatialIndex=no&subsetIndex=no&watchFile=no
"107",Acer glabrum var. douglasii,Acer,glabrum,,,douglasii,native,S5,,48.906096669999997,-123.361353300000005,,NA,NA,"111052776",obs_native,file:///D:/Simon/Sync/Root/GIS/Biodiversity%20Data/obs_native.csv?type=csv&maxFields=10000&detectTypes=yes&xField=longitude&yField=latitude&crs=EPSG:4326&spatialIndex=no&subsetIndex=no&watchFile=no
"108",Acer glabrum var. douglasii,Acer,glabrum,,,douglasii,native,S5,,48.888288330000002,-123.336465000000004,,NA,NA,"121538488",obs_native,file:///D:/Simon/Sync/Root/GIS/Biodiversity%20Data/obs_native.csv?type=csv&maxFields=10000&detectTypes=yes&xField=longitude&yField=latitude&crs=EPSG:4326&spatialIndex=no&subsetIndex=no&watchFile=no
"109",Acer glabrum var. douglasii,Acer,glabrum,,,douglasii,native,S5,,49.012050000000002,-123.574541699999997,,NA,NA,"123934491",obs_native,file:///D:/Simon/Sync/Root/GIS/Biodiversity%20Data/obs_native.csv?type=csv&maxFields=10000&detectTypes=yes&xField=longitude&yField=latitude&crs=EPSG:4326&spatialIndex=no&subsetIndex=no&watchFile=no
"110",Agoseris grandiflora var. leptophylla,Agoseris,grandiflora,,,leptophylla,native,S5,,48.867548999999997,-123.339915000000005,,NA,NA,"3040898",obs_native,file:///D:/Simon/Sync/Root/GIS/Biodiversity%20Data/obs_native.csv?type=csv&maxFields=10000&detectTypes=yes&xField=longitude&yField=latitude&crs=EPSG:4326&spatialIndex=no&subsetIndex=no&watchFile=no
"111",Agoseris grandiflora var. leptophylla,Agoseris,grandiflora,,,leptophylla,native,S5,,48.867271000000002,-123.338217000000000,,NA,NA,"3461616",obs_native,file:///D:/Simon/Sync/Root/GIS/Biodiversity%20Data/obs_native.csv?type=csv&maxFields=10000&detectTypes=yes&xField=longitude&yField=latitude&crs=EPSG:4326&spatialIndex=no&subsetIndex=no&watchFile=no
"112",Agoseris grandiflora var. leptophylla,Agoseris,grandiflora,,,leptophylla,native,S5,,48.867605560000001,-123.339088899999993,,NA,NA,"13973459",obs_native,file:///D:/Simon/Sync/Root/GIS/Biodiversity%20Data/obs_native.csv?type=csv&maxFields=10000&detectTypes=yes&xField=longitude&yField=latitude&crs=EPSG:4326&spatialIndex=no&subsetIndex=no&watchFile=no
"113",Calypso bulbosa var. occidentalis,Calypso,bulbosa,,,occidentalis,native,S5,,48.932091999999997,-123.482809000000003,,NA,NA,"2567445",obs_native,file:///D:/Simon/Sync/Root/GIS/Biodiversity%20Data/obs_native.csv?type=csv&maxFields=10000&detectTypes=yes&xField=longitude&yField=latitude&crs=EPSG:4326&spatialIndex=no&subsetIndex=no&watchFile=no
"114",Calypso bulbosa var. occidentalis,Calypso,bulbosa,,,occidentalis,native,S5,,48.931668999999999,-123.482337000000001,,NA,NA,"2588084",obs_native,file:///D:/Simon/Sync/Root/GIS/Biodiversity%20Data/obs_native.csv?type=csv&maxFields=10000&detectTypes=yes&xField=longitude&yField=latitude&crs=EPSG:4326&spatialIndex=no&subsetIndex=no&watchFile=no
"115",Calypso bulbosa var. occidentalis,Calypso,bulbosa,,,occidentalis,native,S5,,49.010444000000000,-123.570594999999997,,NA,NA,"2588468",obs_native,file:///D:/Simon/Sync/Root/GIS/Biodiversity%20Data/obs_native.csv?type=csv&maxFields=10000&detectTypes=yes&xField=longitude&yField=latitude&crs=EPSG:4326&spatialIndex=no&subsetIndex=no&watchFile=no
"116",Calypso bulbosa var. occidentalis,Calypso,bulbosa,,,occidentalis,native,S5,,48.909282640000001,-123.377472999999995,,NA,NA,"2860899",obs_native,file:///D:/Simon/Sync/Root/GIS/Biodiversity%20Data/obs_native.csv?type=csv&maxFields=10000&detectTypes=yes&xField=longitude&yField=latitude&crs=EPSG:4326&spatialIndex=no&subsetIndex=no&watchFile=no
"117",Calypso bulbosa var. occidentalis,Calypso,bulbosa,,,occidentalis,native,S5,,48.874415579999997,-123.328275000000005,,NA,NA,"2914500",obs_native,file:///D:/Simon/Sync/Root/GIS/Biodiversity%20Data/obs_native.csv?type=csv&maxFields=10000&detectTypes=yes&xField=longitude&yField=latitude&crs=EPSG:4326&spatialIndex=no&subsetIndex=no&watchFile=no
"118",Calypso bulbosa var. occidentalis,Calypso,bulbosa,,,occidentalis,native,S5,,48.861539000000000,-123.315073999999996,,NA,NA,"2914501",obs_native,file:///D:/Simon/Sync/Root/GIS/Biodiversity%20Data/obs_native.csv?type=csv&maxFields=10000&detectTypes=yes&xField=longitude&yField=latitude&crs=EPSG:4326&spatialIndex=no&subsetIndex=no&watchFile=no
"119",Calypso bulbosa var. occidentalis,Calypso,bulbosa,,,occidentalis,native,S5,,48.917265000000000,-123.406848999999994,,NA,NA,"2915793",obs_native,file:///D:/Simon/Sync/Root/GIS/Biodiversity%20Data/obs_native.csv?type=csv&maxFields=10000&detectTypes=yes&xField=longitude&yField=latitude&crs=EPSG:4326&spatialIndex=no&subsetIndex=no&watchFile=no
"120",Calypso bulbosa var. occidentalis,Calypso,bulbosa,,,occidentalis,native,S5,,48.874288000000000,-123.329132999999999,,NA,NA,"2989819",obs_native,file:///D:/Simon/Sync/Root/GIS/Biodiversity%20Data/obs_native.csv?type=csv&maxFields=10000&detectTypes=yes&xField=longitude&yField=latitude&crs=EPSG:4326&spatialIndex=no&subsetIndex=no&watchFile=no
"121",Calypso bulbosa var. occidentalis,Calypso,bulbosa,,,occidentalis,native,S5,,48.867548999999997,-123.339915000000005,,NA,NA,"3040946",obs_native,file:///D:/Simon/Sync/Root/GIS/Biodiversity%20Data/obs_native.csv?type=csv&maxFields=10000&detectTypes=yes&xField=longitude&yField=latitude&crs=EPSG:4326&spatialIndex=no&subsetIndex=no&watchFile=no
"122",Calypso bulbosa var. occidentalis,Calypso,bulbosa,,,occidentalis,native,S5,,48.867548999999997,-123.339915000000005,,NA,NA,"3040951",obs_native,file:///D:/Simon/Sync/Root/GIS/Biodiversity%20Data/obs_native.csv?type=csv&maxFields=10000&detectTypes=yes&xField=longitude&yField=latitude&crs=EPSG:4326&spatialIndex=no&subsetIndex=no&watchFile=no
"123",Calypso bulbosa var. occidentalis,Calypso,bulbosa,,,occidentalis,native,S5,,48.904364149999999,-123.357689399999998,,NA,NA,"5900407",obs_native,file:///D:/Simon/Sync/Root/GIS/Biodiversity%20Data/obs_native.csv?type=csv&maxFields=10000&detectTypes=yes&xField=longitude&yField=latitude&crs=EPSG:4326&spatialIndex=no&subsetIndex=no&watchFile=no
"124",Calypso bulbosa var. occidentalis,Calypso,bulbosa,,,occidentalis,native,S5,,48.898863089999999,-123.353912800000003,,NA,NA,"5953040",obs_native,file:///D:/Simon/Sync/Root/GIS/Biodiversity%20Data/obs_native.csv?type=csv&maxFields=10000&detectTypes=yes&xField=longitude&yField=latitude&crs=EPSG:4326&spatialIndex=no&subsetIndex=no&watchFile=no
"125",Calypso bulbosa var. occidentalis,Calypso,bulbosa,,,occidentalis,native,S5,,48.897734589999999,-123.361905800000002,,NA,NA,"5993200",obs_native,file:///D:/Simon/Sync/Root/GIS/Biodiversity%20Data/obs_native.csv?type=csv&maxFields=10000&detectTypes=yes&xField=longitude&yField=latitude&crs=EPSG:4326&spatialIndex=no&subsetIndex=no&watchFile=no
"126",Calypso bulbosa var. occidentalis,Calypso,bulbosa,,,occidentalis,native,S5,,48.927349220000004,-123.467359500000001,,NA,NA,"6217458",obs_native,file:///D:/Simon/Sync/Root/GIS/Biodiversity%20Data/obs_native.csv?type=csv&maxFields=10000&detectTypes=yes&xField=longitude&yField=latitude&crs=EPSG:4326&spatialIndex=no&subsetIndex=no&watchFile=no
"127",Calypso bulbosa var. occidentalis,Calypso,bulbosa,,,occidentalis,native,S5,,48.927588880000002,-123.467831599999997,,NA,NA,"6218077",obs_native,file:///D:/Simon/Sync/Root/GIS/Biodiversity%20Data/obs_native.csv?type=csv&maxFields=10000&detectTypes=yes&xField=longitude&yField=latitude&crs=EPSG:4326&spatialIndex=no&subsetIndex=no&watchFile=no
"128",Calypso bulbosa var. occidentalis,Calypso,bulbosa,,,occidentalis,native,S5,,48.927123649999999,-123.466844600000002,,NA,NA,"6298756",obs_native,file:///D:/Simon/Sync/Root/GIS/Biodiversity%20Data/obs_native.csv?type=csv&maxFields=10000&detectTypes=yes&xField=longitude&yField=latitude&crs=EPSG:4326&spatialIndex=no&subsetIndex=no&watchFile=no
"130",Calypso bulbosa var. occidentalis,Calypso,bulbosa,,,occidentalis,native,S5,,48.971984310000003,-123.562101699999999,,NA,NA,"10818531",obs_native,file:///D:/Simon/Sync/Root/GIS/Biodiversity%20Data/obs_native.csv?type=csv&maxFields=10000&detectTypes=yes&xField=longitude&yField=latitude&crs=EPSG:4326&spatialIndex=no&subsetIndex=no&watchFile=no
"131",Calypso bulbosa var. occidentalis,Calypso,bulbosa,,,occidentalis,native,S5,,48.977632270000001,-123.565399900000003,,NA,NA,"10829496",obs_native,file:///D:/Simon/Sync/Root/GIS/Biodiversity%20Data/obs_native.csv?type=csv&maxFields=10000&detectTypes=yes&xField=longitude&yField=latitude&crs=EPSG:4326&spatialIndex=no&subsetIndex=no&watchFile=no
"132",Calypso bulbosa var. occidentalis,Calypso,bulbosa,,,occidentalis,native,S5,,48.863097220000000,-123.328133300000005,,NA,NA,"10916359",obs_native,file:///D:/Simon/Sync/Root/GIS/Biodiversity%20Data/obs_native.csv?type=csv&maxFields=10000&detectTypes=yes&xField=longitude&yField=latitude&crs=EPSG:4326&spatialIndex=no&subsetIndex=no&watchFile=no
"133",Calypso bulbosa var. occidentalis,Calypso,bulbosa,,,occidentalis,native,S5,,48.984704000000001,-123.555830999999998,,NA,NA,"11102683",obs_native,file:///D:/Simon/Sync/Root/GIS/Biodiversity%20Data/obs_native.csv?type=csv&maxFields=10000&detectTypes=yes&xField=longitude&yField=latitude&crs=EPSG:4326&spatialIndex=no&subsetIndex=no&watchFile=no
"134",Calypso bulbosa var. occidentalis,Calypso,bulbosa,,,occidentalis,native,S5,,48.896380559999997,-123.410141699999997,,NA,NA,"11168503",obs_native,file:///D:/Simon/Sync/Root/GIS/Biodiversity%20Data/obs_native.csv?type=csv&maxFields=10000&detectTypes=yes&xField=longitude&yField=latitude&crs=EPSG:4326&spatialIndex=no&subsetIndex=no&watchFile=no
"135",Calypso bulbosa var. occidentalis,Calypso,bulbosa,,,occidentalis,native,S5,,48.879505559999998,-123.335791700000001,,NA,NA,"11435785",obs_native,file:///D:/Simon/Sync/Root/GIS/Biodiversity%20Data/obs_native.csv?type=csv&maxFields=10000&detectTypes=yes&xField=longitude&yField=latitude&crs=EPSG:4326&spatialIndex=no&subsetIndex=no&watchFile=no
"136",Calypso bulbosa var. occidentalis,Calypso,bulbosa,,,occidentalis,native,S5,,48.917319999999997,-123.397203300000001,,NA,NA,"11577179",obs_native,file:///D:/Simon/Sync/Root/GIS/Biodiversity%20Data/obs_native.csv?type=csv&maxFields=10000&detectTypes=yes&xField=longitude&yField=latitude&crs=EPSG:4326&spatialIndex=no&subsetIndex=no&watchFile=no
"137",Calypso bulbosa var. occidentalis,Calypso,bulbosa,,,occidentalis,native,S5,,48.898086669999998,-123.349821700000007,,NA,NA,"11810288",obs_native,file:///D:/Simon/Sync/Root/GIS/Biodiversity%20Data/obs_native.csv?type=csv&maxFields=10000&detectTypes=yes&xField=longitude&yField=latitude&crs=EPSG:4326&spatialIndex=no&subsetIndex=no&watchFile=no
"138",Calypso bulbosa var. occidentalis,Calypso,bulbosa,,,occidentalis,native,S5,,48.927410000000002,-123.466742999999994,,NA,NA,"12258694",obs_native,file:///D:/Simon/Sync/Root/GIS/Biodiversity%20Data/obs_native.csv?type=csv&maxFields=10000&detectTypes=yes&xField=longitude&yField=latitude&crs=EPSG:4326&spatialIndex=no&subsetIndex=no&watchFile=no
"139",Calypso bulbosa var. occidentalis,Calypso,bulbosa,,,occidentalis,native,S5,,48.916105999999999,-123.395972000000000,,NA,NA,"12655268",obs_native,file:///D:/Simon/Sync/Root/GIS/Biodiversity%20Data/obs_native.csv?type=csv&maxFields=10000&detectTypes=yes&xField=longitude&yField=latitude&crs=EPSG:4326&spatialIndex=no&subsetIndex=no&watchFile=no
"140",Calypso bulbosa var. occidentalis,Calypso,bulbosa,,,occidentalis,native,S5,,48.880411000000002,-123.336709999999997,,NA,NA,"12789829",obs_native,file:///D:/Simon/Sync/Root/GIS/Biodiversity%20Data/obs_native.csv?type=csv&maxFields=10000&detectTypes=yes&xField=longitude&yField=latitude&crs=EPSG:4326&spatialIndex=no&subsetIndex=no&watchFile=no
"141",Calypso bulbosa var. occidentalis,Calypso,bulbosa,,,occidentalis,native,S5,,48.926970179999998,-123.465532899999999,,NA,NA,"16307950",obs_native,file:///D:/Simon/Sync/Root/GIS/Biodiversity%20Data/obs_native.csv?type=csv&maxFields=10000&detectTypes=yes&xField=longitude&yField=latitude&crs=EPSG:4326&spatialIndex=no&subsetIndex=no&watchFile=no
"142",Calypso bulbosa var. occidentalis,Calypso,bulbosa,,,occidentalis,native,S5,,48.896711220000000,-123.401812899999996,,NA,NA,"16739930",obs_native,file:///D:/Simon/Sync/Root/GIS/Biodiversity%20Data/obs_native.csv?type=csv&maxFields=10000&detectTypes=yes&xField=longitude&yField=latitude&crs=EPSG:4326&spatialIndex=no&subsetIndex=no&watchFile=no
"143",Calypso bulbosa var. occidentalis,Calypso,bulbosa,,,occidentalis,native,S5,,48.973145770000002,-123.561974100000000,,NA,NA,"21985678",obs_native,file:///D:/Simon/Sync/Root/GIS/Biodiversity%20Data/obs_native.csv?type=csv&maxFields=10000&detectTypes=yes&xField=longitude&yField=latitude&crs=EPSG:4326&spatialIndex=no&subsetIndex=no&watchFile=no
"144",Calypso bulbosa var. occidentalis,Calypso,bulbosa,,,occidentalis,native,S5,,48.872979870000002,-123.355549400000001,,NA,NA,"22642532",obs_native,file:///D:/Simon/Sync/Root/GIS/Biodiversity%20Data/obs_native.csv?type=csv&maxFields=10000&detectTypes=yes&xField=longitude&yField=latitude&crs=EPSG:4326&spatialIndex=no&subsetIndex=no&watchFile=no
"145",Calypso bulbosa var. occidentalis,Calypso,bulbosa,,,occidentalis,native,S5,,49.006408329999999,-123.580313300000000,,NA,NA,"22659095",obs_native,file:///D:/Simon/Sync/Root/GIS/Biodiversity%20Data/obs_native.csv?type=csv&maxFields=10000&detectTypes=yes&xField=longitude&yField=latitude&crs=EPSG:4326&spatialIndex=no&subsetIndex=no&watchFile=no
"146",Calypso bulbosa var. occidentalis,Calypso,bulbosa,,,occidentalis,native,S5,,48.956359929999998,-123.531218999999993,,NA,NA,"22708729",obs_native,file:///D:/Simon/Sync/Root/GIS/Biodiversity%20Data/obs_native.csv?type=csv&maxFields=10000&detectTypes=yes&xField=longitude&yField=latitude&crs=EPSG:4326&spatialIndex=no&subsetIndex=no&watchFile=no
"147",Calypso bulbosa var. occidentalis,Calypso,bulbosa,,,occidentalis,native,S5,,48.901656989999999,-123.346972100000002,,NA,NA,"22726518",obs_native,file:///D:/Simon/Sync/Root/GIS/Biodiversity%20Data/obs_native.csv?type=csv&maxFields=10000&detectTypes=yes&xField=longitude&yField=latitude&crs=EPSG:4326&spatialIndex=no&subsetIndex=no&watchFile=no
"148",Calypso bulbosa var. occidentalis,Calypso,bulbosa,,,occidentalis,native,S5,,48.910061669999997,-123.385925000000000,,NA,NA,"22735329",obs_native,file:///D:/Simon/Sync/Root/GIS/Biodiversity%20Data/obs_native.csv?type=csv&maxFields=10000&detectTypes=yes&xField=longitude&yField=latitude&crs=EPSG:4326&spatialIndex=no&subsetIndex=no&watchFile=no
"149",Calypso bulbosa var. occidentalis,Calypso,bulbosa,,,occidentalis,native,S5,,48.879058329999999,-123.319658300000000,,NA,NA,"22841963",obs_native,file:///D:/Simon/Sync/Root/GIS/Biodiversity%20Data/obs_native.csv?type=csv&maxFields=10000&detectTypes=yes&xField=longitude&yField=latitude&crs=EPSG:4326&spatialIndex=no&subsetIndex=no&watchFile=no
"150",Calypso bulbosa var. occidentalis,Calypso,bulbosa,,,occidentalis,native,S5,,48.875436669999999,-123.324844999999996,,NA,NA,"23815849",obs_native,file:///D:/Simon/Sync/Root/GIS/Biodiversity%20Data/obs_native.csv?type=csv&maxFields=10000&detectTypes=yes&xField=longitude&yField=latitude&crs=EPSG:4326&spatialIndex=no&subsetIndex=no&watchFile=no
"151",Calypso bulbosa var. occidentalis,Calypso,bulbosa,,,occidentalis,native,S5,,48.875391669999999,-123.325024999999997,,NA,NA,"23818611",obs_native,file:///D:/Simon/Sync/Root/GIS/Biodiversity%20Data/obs_native.csv?type=csv&maxFields=10000&detectTypes=yes&xField=longitude&yField=latitude&crs=EPSG:4326&spatialIndex=no&subsetIndex=no&watchFile=no
"152",Calypso bulbosa var. occidentalis,Calypso,bulbosa,,,occidentalis,native,S5,,48.928138890000000,-123.471916699999994,,NA,NA,"24352856",obs_native,file:///D:/Simon/Sync/Root/GIS/Biodiversity%20Data/obs_native.csv?type=csv&maxFields=10000&detectTypes=yes&xField=longitude&yField=latitude&crs=EPSG:4326&spatialIndex=no&subsetIndex=no&watchFile=no
"153",Calypso bulbosa var. occidentalis,Calypso,bulbosa,,,occidentalis,native,S5,,49.005115000000004,-123.576286699999997,,NA,NA,"24497737",obs_native,file:///D:/Simon/Sync/Root/GIS/Biodiversity%20Data/obs_native.csv?type=csv&maxFields=10000&detectTypes=yes&xField=longitude&yField=latitude&crs=EPSG:4326&spatialIndex=no&subsetIndex=no&watchFile=no
"154",Calypso bulbosa var. occidentalis,Calypso,bulbosa,,,occidentalis,native,S5,,48.897107370000001,-123.407333100000002,,NA,NA,"24536647",obs_native,file:///D:/Simon/Sync/Root/GIS/Biodiversity%20Data/obs_native.csv?type=csv&maxFields=10000&detectTypes=yes&xField=longitude&yField=latitude&crs=EPSG:4326&spatialIndex=no&subsetIndex=no&watchFile=no
"155",Calypso bulbosa var. occidentalis,Calypso,bulbosa,,,occidentalis,native,S5,,48.880062100000004,-123.335342400000002,,NA,NA,"24567639",obs_native,file:///D:/Simon/Sync/Root/GIS/Biodiversity%20Data/obs_native.csv?type=csv&maxFields=10000&detectTypes=yes&xField=longitude&yField=latitude&crs=EPSG:4326&spatialIndex=no&subsetIndex=no&watchFile=no
"156",Calypso bulbosa var. occidentalis,Calypso,bulbosa,,,occidentalis,native,S5,,48.868021669999997,-123.338928300000006,,NA,NA,"24570108",obs_native,file:///D:/Simon/Sync/Root/GIS/Biodiversity%20Data/obs_native.csv?type=csv&maxFields=10000&detectTypes=yes&xField=longitude&yField=latitude&crs=EPSG:4326&spatialIndex=no&subsetIndex=no&watchFile=no
"157",Calypso bulbosa var. occidentalis,Calypso,bulbosa,,,occidentalis,native,S5,,48.898612980000003,-123.408058199999999,,NA,NA,"24607029",obs_native,file:///D:/Simon/Sync/Root/GIS/Biodiversity%20Data/obs_native.csv?type=csv&maxFields=10000&detectTypes=yes&xField=longitude&yField=latitude&crs=EPSG:4326&spatialIndex=no&subsetIndex=no&watchFile=no
"158",Calypso bulbosa var. occidentalis,Calypso,bulbosa,,,occidentalis,native,S5,,48.897758330000002,-123.408127800000003,,NA,NA,"24677359",obs_native,file:///D:/Simon/Sync/Root/GIS/Biodiversity%20Data/obs_native.csv?type=csv&maxFields=10000&detectTypes=yes&xField=longitude&yField=latitude&crs=EPSG:4326&spatialIndex=no&subsetIndex=no&watchFile=no
"159",Calypso bulbosa var. occidentalis,Calypso,bulbosa,,,occidentalis,native,S5,,48.895455560000002,-123.406083300000006,,NA,NA,"24677389",obs_native,file:///D:/Simon/Sync/Root/GIS/Biodiversity%20Data/obs_native.csv?type=csv&maxFields=10000&detectTypes=yes&xField=longitude&yField=latitude&crs=EPSG:4326&spatialIndex=no&subsetIndex=no&watchFile=no
"160",Calypso bulbosa var. occidentalis,Calypso,bulbosa,,,occidentalis,native,S5,,48.895602779999997,-123.406263899999999,,NA,NA,"24677492",obs_native,file:///D:/Simon/Sync/Root/GIS/Biodiversity%20Data/obs_native.csv?type=csv&maxFields=10000&detectTypes=yes&xField=longitude&yField=latitude&crs=EPSG:4326&spatialIndex=no&subsetIndex=no&watchFile=no
"161",Calypso bulbosa var. occidentalis,Calypso,bulbosa,,,occidentalis,native,S5,,48.897758330000002,-123.408127800000003,,NA,NA,"24677550",obs_native,file:///D:/Simon/Sync/Root/GIS/Biodiversity%20Data/obs_native.csv?type=csv&maxFields=10000&detectTypes=yes&xField=longitude&yField=latitude&crs=EPSG:4326&spatialIndex=no&subsetIndex=no&watchFile=no
"162",Calypso bulbosa var. occidentalis,Calypso,bulbosa,,,occidentalis,native,S5,,48.895511110000001,-123.405761100000007,,NA,NA,"24677581",obs_native,file:///D:/Simon/Sync/Root/GIS/Biodiversity%20Data/obs_native.csv?type=csv&maxFields=10000&detectTypes=yes&xField=longitude&yField=latitude&crs=EPSG:4326&spatialIndex=no&subsetIndex=no&watchFile=no
"163",Calypso bulbosa var. occidentalis,Calypso,bulbosa,,,occidentalis,native,S5,,48.901232100000001,-123.404560000000004,,NA,NA,"24690038",obs_native,file:///D:/Simon/Sync/Root/GIS/Biodiversity%20Data/obs_native.csv?type=csv&maxFields=10000&detectTypes=yes&xField=longitude&yField=latitude&crs=EPSG:4326&spatialIndex=no&subsetIndex=no&watchFile=no
"164",Calypso bulbosa var. occidentalis,Calypso,bulbosa,,,occidentalis,native,S5,,48.879066999999999,-123.336230000000000,,NA,NA,"24690349",obs_native,file:///D:/Simon/Sync/Root/GIS/Biodiversity%20Data/obs_native.csv?type=csv&maxFields=10000&detectTypes=yes&xField=longitude&yField=latitude&crs=EPSG:4326&spatialIndex=no&subsetIndex=no&watchFile=no
"165",Calypso bulbosa var. occidentalis,Calypso,bulbosa,,,occidentalis,native,S5,,48.879857000000001,-123.334902999999997,,NA,NA,"24690922",obs_native,file:///D:/Simon/Sync/Root/GIS/Biodiversity%20Data/obs_native.csv?type=csv&maxFields=10000&detectTypes=yes&xField=longitude&yField=latitude&crs=EPSG:4326&spatialIndex=no&subsetIndex=no&watchFile=no
"166",Calypso bulbosa var. occidentalis,Calypso,bulbosa,,,occidentalis,native,S5,,48.897297219999999,-123.407499999999999,,NA,NA,"24701241",obs_native,file:///D:/Simon/Sync/Root/GIS/Biodiversity%20Data/obs_native.csv?type=csv&maxFields=10000&detectTypes=yes&xField=longitude&yField=latitude&crs=EPSG:4326&spatialIndex=no&subsetIndex=no&watchFile=no
"167",Calypso bulbosa var. occidentalis,Calypso,bulbosa,,,occidentalis,native,S5,,48.894791669999996,-123.404816699999998,,NA,NA,"24701283",obs_native,file:///D:/Simon/Sync/Root/GIS/Biodiversity%20Data/obs_native.csv?type=csv&maxFields=10000&detectTypes=yes&xField=longitude&yField=latitude&crs=EPSG:4326&spatialIndex=no&subsetIndex=no&watchFile=no
"168",Calypso bulbosa var. occidentalis,Calypso,bulbosa,,,occidentalis,native,S5,,48.894199999999998,-123.403991700000006,,NA,NA,"24701286",obs_native,file:///D:/Simon/Sync/Root/GIS/Biodiversity%20Data/obs_native.csv?type=csv&maxFields=10000&detectTypes=yes&xField=longitude&yField=latitude&crs=EPSG:4326&spatialIndex=no&subsetIndex=no&watchFile=no
"169",Calypso bulbosa var. occidentalis,Calypso,bulbosa,,,occidentalis,native,S5,,48.893730560000002,-123.404036099999999,,NA,NA,"24701302",obs_native,file:///D:/Simon/Sync/Root/GIS/Biodiversity%20Data/obs_native.csv?type=csv&maxFields=10000&detectTypes=yes&xField=longitude&yField=latitude&crs=EPSG:4326&spatialIndex=no&subsetIndex=no&watchFile=no
"170",Calypso bulbosa var. occidentalis,Calypso,bulbosa,,,occidentalis,native,S5,,48.893749999999997,-123.403947200000005,,NA,NA,"24701303",obs_native,file:///D:/Simon/Sync/Root/GIS/Biodiversity%20Data/obs_native.csv?type=csv&maxFields=10000&detectTypes=yes&xField=longitude&yField=latitude&crs=EPSG:4326&spatialIndex=no&subsetIndex=no&watchFile=no
"171",Calypso bulbosa var. occidentalis,Calypso,bulbosa,,,occidentalis,native,S5,,48.896155559999997,-123.410355600000003,,NA,NA,"24701345",obs_native,file:///D:/Simon/Sync/Root/GIS/Biodiversity%20Data/obs_native.csv?type=csv&maxFields=10000&detectTypes=yes&xField=longitude&yField=latitude&crs=EPSG:4326&spatialIndex=no&subsetIndex=no&watchFile=no
"172",Calypso bulbosa var. occidentalis,Calypso,bulbosa,,,occidentalis,native,S5,,48.898180930000002,-123.407272000000006,,NA,NA,"24712151",obs_native,file:///D:/Simon/Sync/Root/GIS/Biodiversity%20Data/obs_native.csv?type=csv&maxFields=10000&detectTypes=yes&xField=longitude&yField=latitude&crs=EPSG:4326&spatialIndex=no&subsetIndex=no&watchFile=no
"173",Calypso bulbosa var. occidentalis,Calypso,bulbosa,,,occidentalis,native,S5,,48.896366389999997,-123.407503599999998,,NA,NA,"24714789",obs_native,file:///D:/Simon/Sync/Root/GIS/Biodiversity%20Data/obs_native.csv?type=csv&maxFields=10000&detectTypes=yes&xField=longitude&yField=latitude&crs=EPSG:4326&spatialIndex=no&subsetIndex=no&watchFile=no
"174",Calypso bulbosa var. occidentalis,Calypso,bulbosa,,,occidentalis,native,S5,,48.901559169999999,-123.404452300000003,,NA,NA,"24715747",obs_native,file:///D:/Simon/Sync/Root/GIS/Biodiversity%20Data/obs_native.csv?type=csv&maxFields=10000&detectTypes=yes&xField=longitude&yField=latitude&crs=EPSG:4326&spatialIndex=no&subsetIndex=no&watchFile=no
"175",Calypso bulbosa var. occidentalis,Calypso,bulbosa,,,occidentalis,native,S5,,48.894206670000003,-123.404174999999995,,NA,NA,"24873194",obs_native,file:///D:/Simon/Sync/Root/GIS/Biodiversity%20Data/obs_native.csv?type=csv&maxFields=10000&detectTypes=yes&xField=longitude&yField=latitude&crs=EPSG:4326&spatialIndex=no&subsetIndex=no&watchFile=no
"176",Calypso bulbosa var. occidentalis,Calypso,bulbosa,,,occidentalis,native,S5,,48.897105000000003,-123.407641699999999,,NA,NA,"24873195",obs_native,file:///D:/Simon/Sync/Root/GIS/Biodiversity%20Data/obs_native.csv?type=csv&maxFields=10000&detectTypes=yes&xField=longitude&yField=latitude&crs=EPSG:4326&spatialIndex=no&subsetIndex=no&watchFile=no
"177",Calypso bulbosa var. occidentalis,Calypso,bulbosa,,,occidentalis,native,S5,,48.896093370000003,-123.409405599999999,,NA,NA,"24942734",obs_native,file:///D:/Simon/Sync/Root/GIS/Biodiversity%20Data/obs_native.csv?type=csv&maxFields=10000&detectTypes=yes&xField=longitude&yField=latitude&crs=EPSG:4326&spatialIndex=no&subsetIndex=no&watchFile=no
"178",Calypso bulbosa var. occidentalis,Calypso,bulbosa,,,occidentalis,native,S5,,48.896406270000000,-123.410080300000004,,NA,NA,"24942735",obs_native,file:///D:/Simon/Sync/Root/GIS/Biodiversity%20Data/obs_native.csv?type=csv&maxFields=10000&detectTypes=yes&xField=longitude&yField=latitude&crs=EPSG:4326&spatialIndex=no&subsetIndex=no&watchFile=no
"179",Calypso bulbosa var. occidentalis,Calypso,bulbosa,,,occidentalis,native,S5,,48.901244439999999,-123.404372199999997,,NA,NA,"25542472",obs_native,file:///D:/Simon/Sync/Root/GIS/Biodiversity%20Data/obs_native.csv?type=csv&maxFields=10000&detectTypes=yes&xField=longitude&yField=latitude&crs=EPSG:4326&spatialIndex=no&subsetIndex=no&watchFile=no
"180",Calypso bulbosa var. occidentalis,Calypso,bulbosa,,,occidentalis,native,S5,,48.897269440000002,-123.407638899999995,,NA,NA,"25655024",obs_native,file:///D:/Simon/Sync/Root/GIS/Biodiversity%20Data/obs_native.csv?type=csv&maxFields=10000&detectTypes=yes&xField=longitude&yField=latitude&crs=EPSG:4326&spatialIndex=no&subsetIndex=no&watchFile=no
"181",Calypso bulbosa var. occidentalis,Calypso,bulbosa,,,occidentalis,native,S5,,48.894050000000000,-123.403930599999995,,NA,NA,"25655026",obs_native,file:///D:/Simon/Sync/Root/GIS/Biodiversity%20Data/obs_native.csv?type=csv&maxFields=10000&detectTypes=yes&xField=longitude&yField=latitude&crs=EPSG:4326&spatialIndex=no&subsetIndex=no&watchFile=no
"182",Calypso bulbosa var. occidentalis,Calypso,bulbosa,,,occidentalis,native,S5,,48.895150000000001,-123.404974999999993,,NA,NA,"25746718",obs_native,file:///D:/Simon/Sync/Root/GIS/Biodiversity%20Data/obs_native.csv?type=csv&maxFields=10000&detectTypes=yes&xField=longitude&yField=latitude&crs=EPSG:4326&spatialIndex=no&subsetIndex=no&watchFile=no
"183",Calypso bulbosa var. occidentalis,Calypso,bulbosa,,,occidentalis,native,S5,,48.893866670000001,-123.404183300000000,,NA,NA,"32120941",obs_native,file:///D:/Simon/Sync/Root/GIS/Biodiversity%20Data/obs_native.csv?type=csv&maxFields=10000&detectTypes=yes&xField=longitude&yField=latitude&crs=EPSG:4326&spatialIndex=no&subsetIndex=no&watchFile=no
"184",Calypso bulbosa var. occidentalis,Calypso,bulbosa,,,occidentalis,native,S5,,48.880474000000000,-123.337197000000003,,NA,NA,"41849743",obs_native,file:///D:/Simon/Sync/Root/GIS/Biodiversity%20Data/obs_native.csv?type=csv&maxFields=10000&detectTypes=yes&xField=longitude&yField=latitude&crs=EPSG:4326&spatialIndex=no&subsetIndex=no&watchFile=no
"185",Calypso bulbosa var. occidentalis,Calypso,bulbosa,,,occidentalis,native,S5,,48.866326829999998,-123.370008700000000,,NA,NA,"42637580",obs_native,file:///D:/Simon/Sync/Root/GIS/Biodiversity%20Data/obs_native.csv?type=csv&maxFields=10000&detectTypes=yes&xField=longitude&yField=latitude&crs=EPSG:4326&spatialIndex=no&subsetIndex=no&watchFile=no
"186",Calypso bulbosa var. occidentalis,Calypso,bulbosa,,,occidentalis,native,S5,,48.986785670000003,-123.571535499999996,,NA,NA,"45310605",obs_native,file:///D:/Simon/Sync/Root/GIS/Biodiversity%20Data/obs_native.csv?type=csv&maxFields=10000&detectTypes=yes&xField=longitude&yField=latitude&crs=EPSG:4326&spatialIndex=no&subsetIndex=no&watchFile=no
"187",Calypso bulbosa var. occidentalis,Calypso,bulbosa,,,occidentalis,native,S5,,49.010686759999999,-123.573877100000004,,NA,NA,"60477726",obs_native,file:///D:/Simon/Sync/Root/GIS/Biodiversity%20Data/obs_native.csv?type=csv&maxFields=10000&detectTypes=yes&xField=longitude&yField=latitude&crs=EPSG:4326&spatialIndex=no&subsetIndex=no&watchFile=no
"188",Calypso bulbosa var. occidentalis,Calypso,bulbosa,,,occidentalis,native,S5,,48.897154999999998,-123.407586699999996,,NA,NA,"73149400",obs_native,file:///D:/Simon/Sync/Root/GIS/Biodiversity%20Data/obs_native.csv?type=csv&maxFields=10000&detectTypes=yes&xField=longitude&yField=latitude&crs=EPSG:4326&spatialIndex=no&subsetIndex=no&watchFile=no
"189",Calypso bulbosa var. occidentalis,Calypso,bulbosa,,,occidentalis,native,S5,,48.880555559999998,-123.336111099999997,,NA,NA,"74297945",obs_native,file:///D:/Simon/Sync/Root/GIS/Biodiversity%20Data/obs_native.csv?type=csv&maxFields=10000&detectTypes=yes&xField=longitude&yField=latitude&crs=EPSG:4326&spatialIndex=no&subsetIndex=no&watchFile=no
"190",Calypso bulbosa var. occidentalis,Calypso,bulbosa,,,occidentalis,native,S5,,49.010395680000002,-123.569913600000007,,NA,NA,"74339530",obs_native,file:///D:/Simon/Sync/Root/GIS/Biodiversity%20Data/obs_native.csv?type=csv&maxFields=10000&detectTypes=yes&xField=longitude&yField=latitude&crs=EPSG:4326&spatialIndex=no&subsetIndex=no&watchFile=no
"191",Calypso bulbosa var. occidentalis,Calypso,bulbosa,,,occidentalis,native,S5,,48.886109099999999,-123.388953500000000,,NA,NA,"74340228",obs_native,file:///D:/Simon/Sync/Root/GIS/Biodiversity%20Data/obs_native.csv?type=csv&maxFields=10000&detectTypes=yes&xField=longitude&yField=latitude&crs=EPSG:4326&spatialIndex=no&subsetIndex=no&watchFile=no
"192",Calypso bulbosa var. occidentalis,Calypso,bulbosa,,,occidentalis,native,S5,,48.894041670000000,-123.403970000000001,,NA,NA,"75508558",obs_native,file:///D:/Simon/Sync/Root/GIS/Biodiversity%20Data/obs_native.csv?type=csv&maxFields=10000&detectTypes=yes&xField=longitude&yField=latitude&crs=EPSG:4326&spatialIndex=no&subsetIndex=no&watchFile=no
"193",Calypso bulbosa var. occidentalis,Calypso,bulbosa,,,occidentalis,native,S5,,48.894153330000002,-123.404121700000005,,NA,NA,"75593947",obs_native,file:///D:/Simon/Sync/Root/GIS/Biodiversity%20Data/obs_native.csv?type=csv&maxFields=10000&detectTypes=yes&xField=longitude&yField=latitude&crs=EPSG:4326&spatialIndex=no&subsetIndex=no&watchFile=no
"194",Calypso bulbosa var. occidentalis,Calypso,bulbosa,,,occidentalis,native,S5,,48.949008939999999,-123.484168999999994,,NA,NA,"75605406",obs_native,file:///D:/Simon/Sync/Root/GIS/Biodiversity%20Data/obs_native.csv?type=csv&maxFields=10000&detectTypes=yes&xField=longitude&yField=latitude&crs=EPSG:4326&spatialIndex=no&subsetIndex=no&watchFile=no
"195",Calypso bulbosa var. occidentalis,Calypso,bulbosa,,,occidentalis,native,S5,,48.894533330000002,-123.404613900000001,,NA,NA,"75691297",obs_native,file:///D:/Simon/Sync/Root/GIS/Biodiversity%20Data/obs_native.csv?type=csv&maxFields=10000&detectTypes=yes&xField=longitude&yField=latitude&crs=EPSG:4326&spatialIndex=no&subsetIndex=no&watchFile=no
"196",Calypso bulbosa var. occidentalis,Calypso,bulbosa,,,occidentalis,native,S5,,48.878333329999997,-123.330833299999995,,NA,NA,"75730056",obs_native,file:///D:/Simon/Sync/Root/GIS/Biodiversity%20Data/obs_native.csv?type=csv&maxFields=10000&detectTypes=yes&xField=longitude&yField=latitude&crs=EPSG:4326&spatialIndex=no&subsetIndex=no&watchFile=no
"197",Calypso bulbosa var. occidentalis,Calypso,bulbosa,,,occidentalis,native,S5,,48.869511670000001,-123.362525000000005,,NA,NA,"83568161",obs_native,file:///D:/Simon/Sync/Root/GIS/Biodiversity%20Data/obs_native.csv?type=csv&maxFields=10000&detectTypes=yes&xField=longitude&yField=latitude&crs=EPSG:4326&spatialIndex=no&subsetIndex=no&watchFile=no
"198",Calypso bulbosa var. occidentalis,Calypso,bulbosa,,,occidentalis,native,S5,,49.011033329999997,-123.577295000000007,,NA,NA,"101372517",obs_native,file:///D:/Simon/Sync/Root/GIS/Biodiversity%20Data/obs_native.csv?type=csv&maxFields=10000&detectTypes=yes&xField=longitude&yField=latitude&crs=EPSG:4326&spatialIndex=no&subsetIndex=no&watchFile=no
"199",Calypso bulbosa var. occidentalis,Calypso,bulbosa,,,occidentalis,native,S5,,48.930324270000000,-123.478397200000003,,NA,NA,"110413262",obs_native,file:///D:/Simon/Sync/Root/GIS/Biodiversity%20Data/obs_native.csv?type=csv&maxFields=10000&detectTypes=yes&xField=longitude&yField=latitude&crs=EPSG:4326&spatialIndex=no&subsetIndex=no&watchFile=no
"200",Calypso bulbosa var. occidentalis,Calypso,bulbosa,,,occidentalis,native,S5,,48.996875000000003,-123.564125000000004,,NA,NA,"110844982",obs_native,file:///D:/Simon/Sync/Root/GIS/Biodiversity%20Data/obs_native.csv?type=csv&maxFields=10000&detectTypes=yes&xField=longitude&yField=latitude&crs=EPSG:4326&spatialIndex=no&subsetIndex=no&watchFile=no
"201",Calypso bulbosa var. occidentalis,Calypso,bulbosa,,,occidentalis,native,S5,,48.863133349999998,-123.366896499999996,,NA,NA,"110932082",obs_native,file:///D:/Simon/Sync/Root/GIS/Biodiversity%20Data/obs_native.csv?type=csv&maxFields=10000&detectTypes=yes&xField=longitude&yField=latitude&crs=EPSG:4326&spatialIndex=no&subsetIndex=no&watchFile=no
"202",Calypso bulbosa var. occidentalis,Calypso,bulbosa,,,occidentalis,native,S5,,48.863300000000002,-123.328091700000002,,NA,NA,"111348677",obs_native,file:///D:/Simon/Sync/Root/GIS/Biodiversity%20Data/obs_native.csv?type=csv&maxFields=10000&detectTypes=yes&xField=longitude&yField=latitude&crs=EPSG:4326&spatialIndex=no&subsetIndex=no&watchFile=no
"203",Calypso bulbosa var. occidentalis,Calypso,bulbosa,,,occidentalis,native,S5,,48.931443479999999,-123.480513999999999,,NA,NA,"111470971",obs_native,file:///D:/Simon/Sync/Root/GIS/Biodiversity%20Data/obs_native.csv?type=csv&maxFields=10000&detectTypes=yes&xField=longitude&yField=latitude&crs=EPSG:4326&spatialIndex=no&subsetIndex=no&watchFile=no
"204",Calypso bulbosa var. occidentalis,Calypso,bulbosa,,,occidentalis,native,S5,,48.897543710000001,-123.407924300000005,,NA,NA,"111608871",obs_native,file:///D:/Simon/Sync/Root/GIS/Biodiversity%20Data/obs_native.csv?type=csv&maxFields=10000&detectTypes=yes&xField=longitude&yField=latitude&crs=EPSG:4326&spatialIndex=no&subsetIndex=no&watchFile=no
"205",Calypso bulbosa var. occidentalis,Calypso,bulbosa,,,occidentalis,native,S5,,48.984344999999998,-123.554741699999994,,NA,NA,"111885307",obs_native,file:///D:/Simon/Sync/Root/GIS/Biodiversity%20Data/obs_native.csv?type=csv&maxFields=10000&detectTypes=yes&xField=longitude&yField=latitude&crs=EPSG:4326&spatialIndex=no&subsetIndex=no&watchFile=no
"206",Calypso bulbosa var. occidentalis,Calypso,bulbosa,,,occidentalis,native,S5,,48.985325000000003,-123.550478299999995,,NA,NA,"111885573",obs_native,file:///D:/Simon/Sync/Root/GIS/Biodiversity%20Data/obs_native.csv?type=csv&maxFields=10000&detectTypes=yes&xField=longitude&yField=latitude&crs=EPSG:4326&spatialIndex=no&subsetIndex=no&watchFile=no
"207",Calypso bulbosa var. occidentalis,Calypso,bulbosa,,,occidentalis,native,S5,,48.985095829999999,-123.554610499999995,,NA,NA,"111965246",obs_native,file:///D:/Simon/Sync/Root/GIS/Biodiversity%20Data/obs_native.csv?type=csv&maxFields=10000&detectTypes=yes&xField=longitude&yField=latitude&crs=EPSG:4326&spatialIndex=no&subsetIndex=no&watchFile=no
"208",Calypso bulbosa var. occidentalis,Calypso,bulbosa,,,occidentalis,native,S5,,48.985294660000001,-123.550516099999996,,NA,NA,"111965565",obs_native,file:///D:/Simon/Sync/Root/GIS/Biodiversity%20Data/obs_native.csv?type=csv&maxFields=10000&detectTypes=yes&xField=longitude&yField=latitude&crs=EPSG:4326&spatialIndex=no&subsetIndex=no&watchFile=no
"209",Calypso bulbosa var. occidentalis,Calypso,bulbosa,,,occidentalis,native,S5,,49.006763290000002,-123.570475599999995,,NA,NA,"111965665",obs_native,file:///D:/Simon/Sync/Root/GIS/Biodiversity%20Data/obs_native.csv?type=csv&maxFields=10000&detectTypes=yes&xField=longitude&yField=latitude&crs=EPSG:4326&spatialIndex=no&subsetIndex=no&watchFile=no
"210",Calypso bulbosa var. occidentalis,Calypso,bulbosa,,,occidentalis,native,S5,,48.917255560000001,-123.421730600000004,,NA,NA,"111975265",obs_native,file:///D:/Simon/Sync/Root/GIS/Biodiversity%20Data/obs_native.csv?type=csv&maxFields=10000&detectTypes=yes&xField=longitude&yField=latitude&crs=EPSG:4326&spatialIndex=no&subsetIndex=no&watchFile=no
"211",Calypso bulbosa var. occidentalis,Calypso,bulbosa,,,occidentalis,native,S5,,48.880072220000002,-123.334580599999995,,NA,NA,"112857609",obs_native,file:///D:/Simon/Sync/Root/GIS/Biodiversity%20Data/obs_native.csv?type=csv&maxFields=10000&detectTypes=yes&xField=longitude&yField=latitude&crs=EPSG:4326&spatialIndex=no&subsetIndex=no&watchFile=no
"212",Calypso bulbosa var. occidentalis,Calypso,bulbosa,,,occidentalis,native,S5,,48.928428330000003,-123.472420000000000,,NA,NA,"113299224",obs_native,file:///D:/Simon/Sync/Root/GIS/Biodiversity%20Data/obs_native.csv?type=csv&maxFields=10000&detectTypes=yes&xField=longitude&yField=latitude&crs=EPSG:4326&spatialIndex=no&subsetIndex=no&watchFile=no
"213",Calypso bulbosa var. occidentalis,Calypso,bulbosa,,,occidentalis,native,S5,,48.908247410000001,-123.370817200000005,,NA,NA,"113956572",obs_native,file:///D:/Simon/Sync/Root/GIS/Biodiversity%20Data/obs_native.csv?type=csv&maxFields=10000&detectTypes=yes&xField=longitude&yField=latitude&crs=EPSG:4326&spatialIndex=no&subsetIndex=no&watchFile=no
"214",Calypso bulbosa var. occidentalis,Calypso,bulbosa,,,occidentalis,native,S5,,48.880583330000000,-123.333266699999996,,NA,NA,"114507223",obs_native,file:///D:/Simon/Sync/Root/GIS/Biodiversity%20Data/obs_native.csv?type=csv&maxFields=10000&detectTypes=yes&xField=longitude&yField=latitude&crs=EPSG:4326&spatialIndex=no&subsetIndex=no&watchFile=no
"215",Calypso bulbosa var. occidentalis,Calypso,bulbosa,,,occidentalis,native,S5,,48.880036109999999,-123.334702800000002,,NA,NA,"115145435",obs_native,file:///D:/Simon/Sync/Root/GIS/Biodiversity%20Data/obs_native.csv?type=csv&maxFields=10000&detectTypes=yes&xField=longitude&yField=latitude&crs=EPSG:4326&spatialIndex=no&subsetIndex=no&watchFile=no
"216",Calypso bulbosa var. occidentalis,Calypso,bulbosa,,,occidentalis,native,S5,,49.009770000000003,-123.570166700000001,,NA,NA,"117151459",obs_native,file:///D:/Simon/Sync/Root/GIS/Biodiversity%20Data/obs_native.csv?type=csv&maxFields=10000&detectTypes=yes&xField=longitude&yField=latitude&crs=EPSG:4326&spatialIndex=no&subsetIndex=no&watchFile=no
"217",Calypso bulbosa var. occidentalis,Calypso,bulbosa,,,occidentalis,native,S5,,49.009803329999997,-123.570161700000000,,NA,NA,"117151461",obs_native,file:///D:/Simon/Sync/Root/GIS/Biodiversity%20Data/obs_native.csv?type=csv&maxFields=10000&detectTypes=yes&xField=longitude&yField=latitude&crs=EPSG:4326&spatialIndex=no&subsetIndex=no&watchFile=no
"218",Calypso bulbosa var. occidentalis,Calypso,bulbosa,,,occidentalis,native,S5,,49.009821670000001,-123.570228299999997,,NA,NA,"117151462",obs_native,file:///D:/Simon/Sync/Root/GIS/Biodiversity%20Data/obs_native.csv?type=csv&maxFields=10000&detectTypes=yes&xField=longitude&yField=latitude&crs=EPSG:4326&spatialIndex=no&subsetIndex=no&watchFile=no
"219",Calypso bulbosa var. occidentalis,Calypso,bulbosa,,,occidentalis,native,S5,,48.894418559999998,-123.405806900000002,,NA,NA,"117325523",obs_native,file:///D:/Simon/Sync/Root/GIS/Biodiversity%20Data/obs_native.csv?type=csv&maxFields=10000&detectTypes=yes&xField=longitude&yField=latitude&crs=EPSG:4326&spatialIndex=no&subsetIndex=no&watchFile=no
"220",Calypso bulbosa var. occidentalis,Calypso,bulbosa,,,occidentalis,native,S5,,48.894418559999998,-123.405806900000002,,NA,NA,"117325524",obs_native,file:///D:/Simon/Sync/Root/GIS/Biodiversity%20Data/obs_native.csv?type=csv&maxFields=10000&detectTypes=yes&xField=longitude&yField=latitude&crs=EPSG:4326&spatialIndex=no&subsetIndex=no&watchFile=no
"221",Calypso bulbosa var. occidentalis,Calypso,bulbosa,,,occidentalis,native,S5,,48.894418559999998,-123.405806900000002,,NA,NA,"117325525",obs_native,file:///D:/Simon/Sync/Root/GIS/Biodiversity%20Data/obs_native.csv?type=csv&maxFields=10000&detectTypes=yes&xField=longitude&yField=latitude&crs=EPSG:4326&spatialIndex=no&subsetIndex=no&watchFile=no
"222",Calypso bulbosa var. occidentalis,Calypso,bulbosa,,,occidentalis,native,S5,,48.894418559999998,-123.405806900000002,,NA,NA,"117325526",obs_native,file:///D:/Simon/Sync/Root/GIS/Biodiversity%20Data/obs_native.csv?type=csv&maxFields=10000&detectTypes=yes&xField=longitude&yField=latitude&crs=EPSG:4326&spatialIndex=no&subsetIndex=no&watchFile=no
"223",Calypso bulbosa var. occidentalis,Calypso,bulbosa,,,occidentalis,native,S5,,48.894418559999998,-123.405806900000002,,NA,NA,"117325533",obs_native,file:///D:/Simon/Sync/Root/GIS/Biodiversity%20Data/obs_native.csv?type=csv&maxFields=10000&detectTypes=yes&xField=longitude&yField=latitude&crs=EPSG:4326&spatialIndex=no&subsetIndex=no&watchFile=no
"224",Calypso bulbosa var. occidentalis,Calypso,bulbosa,,,occidentalis,native,S5,,48.869034380000002,-123.321334600000000,,NA,NA,"117909006",obs_native,file:///D:/Simon/Sync/Root/GIS/Biodiversity%20Data/obs_native.csv?type=csv&maxFields=10000&detectTypes=yes&xField=longitude&yField=latitude&crs=EPSG:4326&spatialIndex=no&subsetIndex=no&watchFile=no
"225",Calypso bulbosa var. occidentalis,Calypso,bulbosa,,,occidentalis,native,S5,,48.875976670000000,-123.372478299999997,,NA,NA,"118608431",obs_native,file:///D:/Simon/Sync/Root/GIS/Biodiversity%20Data/obs_native.csv?type=csv&maxFields=10000&detectTypes=yes&xField=longitude&yField=latitude&crs=EPSG:4326&spatialIndex=no&subsetIndex=no&watchFile=no
"226",Carex aquatilis var. dives,Carex,aquatilis,,,dives,native,S5,,48.982830999999997,-123.555250000000001,,NA,NA,"6671024",obs_native,file:///D:/Simon/Sync/Root/GIS/Biodiversity%20Data/obs_native.csv?type=csv&maxFields=10000&detectTypes=yes&xField=longitude&yField=latitude&crs=EPSG:4326&spatialIndex=no&subsetIndex=no&watchFile=no
"227",Carex aquatilis var. dives,Carex,aquatilis,,,dives,native,S5,,48.982762999999998,-123.555121000000000,,NA,NA,"6691105",obs_native,file:///D:/Simon/Sync/Root/GIS/Biodiversity%20Data/obs_native.csv?type=csv&maxFields=10000&detectTypes=yes&xField=longitude&yField=latitude&crs=EPSG:4326&spatialIndex=no&subsetIndex=no&watchFile=no
"228",Castilleja miniata var. dixonii,Castilleja,miniata,,,dixonii,native,S3S4 (2015),,48.896877859999996,-123.409945500000006,,NA,NA,"121738925",obs_native,file:///D:/Simon/Sync/Root/GIS/Biodiversity%20Data/obs_native.csv?type=csv&maxFields=10000&detectTypes=yes&xField=longitude&yField=latitude&crs=EPSG:4326&spatialIndex=no&subsetIndex=no&watchFile=no
"229",Corallorhiza maculata var. occidentalis,Corallorhiza,maculata,,,occidentalis,native,S5,,48.869661000000001,-123.337755000000001,,NA,NA,"2604239",obs_native,file:///D:/Simon/Sync/Root/GIS/Biodiversity%20Data/obs_native.csv?type=csv&maxFields=10000&detectTypes=yes&xField=longitude&yField=latitude&crs=EPSG:4326&spatialIndex=no&subsetIndex=no&watchFile=no
"230",Corallorhiza maculata var. occidentalis,Corallorhiza,maculata,,,occidentalis,native,S5,,48.928624999999997,-123.470782999999997,,NA,NA,"2617703",obs_native,file:///D:/Simon/Sync/Root/GIS/Biodiversity%20Data/obs_native.csv?type=csv&maxFields=10000&detectTypes=yes&xField=longitude&yField=latitude&crs=EPSG:4326&spatialIndex=no&subsetIndex=no&watchFile=no
"231",Corallorhiza maculata var. occidentalis,Corallorhiza,maculata,,,occidentalis,native,S5,,48.933326000000001,-123.486328000000000,,NA,NA,"2621434",obs_native,file:///D:/Simon/Sync/Root/GIS/Biodiversity%20Data/obs_native.csv?type=csv&maxFields=10000&detectTypes=yes&xField=longitude&yField=latitude&crs=EPSG:4326&spatialIndex=no&subsetIndex=no&watchFile=no
"232",Corallorhiza maculata var. occidentalis,Corallorhiza,maculata,,,occidentalis,native,S5,,48.917558999999997,-123.403158000000005,,NA,NA,"2979366",obs_native,file:///D:/Simon/Sync/Root/GIS/Biodiversity%20Data/obs_native.csv?type=csv&maxFields=10000&detectTypes=yes&xField=longitude&yField=latitude&crs=EPSG:4326&spatialIndex=no&subsetIndex=no&watchFile=no
"233",Corallorhiza maculata var. occidentalis,Corallorhiza,maculata,,,occidentalis,native,S5,,48.916645000000003,-123.424272999999999,,NA,NA,"3093873",obs_native,file:///D:/Simon/Sync/Root/GIS/Biodiversity%20Data/obs_native.csv?type=csv&maxFields=10000&detectTypes=yes&xField=longitude&yField=latitude&crs=EPSG:4326&spatialIndex=no&subsetIndex=no&watchFile=no
"234",Corallorhiza maculata var. occidentalis,Corallorhiza,maculata,,,occidentalis,native,S5,,48.916870000000003,-123.423242999999999,,NA,NA,"3098666",obs_native,file:///D:/Simon/Sync/Root/GIS/Biodiversity%20Data/obs_native.csv?type=csv&maxFields=10000&detectTypes=yes&xField=longitude&yField=latitude&crs=EPSG:4326&spatialIndex=no&subsetIndex=no&watchFile=no
"235",Corallorhiza maculata var. occidentalis,Corallorhiza,maculata,,,occidentalis,native,S5,,48.934009000000003,-123.471886999999995,,NA,NA,"3104487",obs_native,file:///D:/Simon/Sync/Root/GIS/Biodiversity%20Data/obs_native.csv?type=csv&maxFields=10000&detectTypes=yes&xField=longitude&yField=latitude&crs=EPSG:4326&spatialIndex=no&subsetIndex=no&watchFile=no
"236",Corallorhiza maculata var. occidentalis,Corallorhiza,maculata,,,occidentalis,native,S5,,48.915923999999997,-123.425291999999999,,NA,NA,"3340429",obs_native,file:///D:/Simon/Sync/Root/GIS/Biodiversity%20Data/obs_native.csv?type=csv&maxFields=10000&detectTypes=yes&xField=longitude&yField=latitude&crs=EPSG:4326&spatialIndex=no&subsetIndex=no&watchFile=no
"237",Corallorhiza maculata var. occidentalis,Corallorhiza,maculata,,,occidentalis,native,S5,,48.915923999999997,-123.425291999999999,,NA,NA,"3340494",obs_native,file:///D:/Simon/Sync/Root/GIS/Biodiversity%20Data/obs_native.csv?type=csv&maxFields=10000&detectTypes=yes&xField=longitude&yField=latitude&crs=EPSG:4326&spatialIndex=no&subsetIndex=no&watchFile=no
"238",Corallorhiza maculata var. occidentalis,Corallorhiza,maculata,,,occidentalis,native,S5,,48.946078999999997,-123.480749000000003,,NA,NA,"3404348",obs_native,file:///D:/Simon/Sync/Root/GIS/Biodiversity%20Data/obs_native.csv?type=csv&maxFields=10000&detectTypes=yes&xField=longitude&yField=latitude&crs=EPSG:4326&spatialIndex=no&subsetIndex=no&watchFile=no
"239",Corallorhiza maculata var. occidentalis,Corallorhiza,maculata,,,occidentalis,native,S5,,48.868800149999998,-123.378610600000002,,NA,NA,"6410313",obs_native,file:///D:/Simon/Sync/Root/GIS/Biodiversity%20Data/obs_native.csv?type=csv&maxFields=10000&detectTypes=yes&xField=longitude&yField=latitude&crs=EPSG:4326&spatialIndex=no&subsetIndex=no&watchFile=no
"240",Corallorhiza maculata var. occidentalis,Corallorhiza,maculata,,,occidentalis,native,S5,,48.931226019999997,-123.479697700000003,,NA,NA,"6411215",obs_native,file:///D:/Simon/Sync/Root/GIS/Biodiversity%20Data/obs_native.csv?type=csv&maxFields=10000&detectTypes=yes&xField=longitude&yField=latitude&crs=EPSG:4326&spatialIndex=no&subsetIndex=no&watchFile=no
"241",Corallorhiza maculata var. occidentalis,Corallorhiza,maculata,,,occidentalis,native,S5,,48.902713900000002,-123.361895099999998,,NA,NA,"6413750",obs_native,file:///D:/Simon/Sync/Root/GIS/Biodiversity%20Data/obs_native.csv?type=csv&maxFields=10000&detectTypes=yes&xField=longitude&yField=latitude&crs=EPSG:4326&spatialIndex=no&subsetIndex=no&watchFile=no
"242",Corallorhiza maculata var. occidentalis,Corallorhiza,maculata,,,occidentalis,native,S5,,48.964835880000003,-123.552117300000006,,NA,NA,"6464456",obs_native,file:///D:/Simon/Sync/Root/GIS/Biodiversity%20Data/obs_native.csv?type=csv&maxFields=10000&detectTypes=yes&xField=longitude&yField=latitude&crs=EPSG:4326&spatialIndex=no&subsetIndex=no&watchFile=no
"243",Corallorhiza maculata var. occidentalis,Corallorhiza,maculata,,,occidentalis,native,S5,,48.997669700000003,-123.568933799999996,,NA,NA,"6570505",obs_native,file:///D:/Simon/Sync/Root/GIS/Biodiversity%20Data/obs_native.csv?type=csv&maxFields=10000&detectTypes=yes&xField=longitude&yField=latitude&crs=EPSG:4326&spatialIndex=no&subsetIndex=no&watchFile=no
"244",Corallorhiza maculata var. occidentalis,Corallorhiza,maculata,,,occidentalis,native,S5,,48.876097999999999,-123.386035000000007,,NA,NA,"6817910",obs_native,file:///D:/Simon/Sync/Root/GIS/Biodiversity%20Data/obs_native.csv?type=csv&maxFields=10000&detectTypes=yes&xField=longitude&yField=latitude&crs=EPSG:4326&spatialIndex=no&subsetIndex=no&watchFile=no
"245",Corallorhiza maculata var. occidentalis,Corallorhiza,maculata,,,occidentalis,native,S5,,48.863292999999999,-123.373086000000001,,NA,NA,"12152241",obs_native,file:///D:/Simon/Sync/Root/GIS/Biodiversity%20Data/obs_native.csv?type=csv&maxFields=10000&detectTypes=yes&xField=longitude&yField=latitude&crs=EPSG:4326&spatialIndex=no&subsetIndex=no&watchFile=no
"246",Corallorhiza maculata var. occidentalis,Corallorhiza,maculata,,,occidentalis,native,S5,,48.875870999999997,-123.341898000000000,,NA,NA,"12631836",obs_native,file:///D:/Simon/Sync/Root/GIS/Biodiversity%20Data/obs_native.csv?type=csv&maxFields=10000&detectTypes=yes&xField=longitude&yField=latitude&crs=EPSG:4326&spatialIndex=no&subsetIndex=no&watchFile=no
"247",Corallorhiza maculata var. occidentalis,Corallorhiza,maculata,,,occidentalis,native,S5,,48.868769999999998,-123.342315999999997,,NA,NA,"12635376",obs_native,file:///D:/Simon/Sync/Root/GIS/Biodiversity%20Data/obs_native.csv?type=csv&maxFields=10000&detectTypes=yes&xField=longitude&yField=latitude&crs=EPSG:4326&spatialIndex=no&subsetIndex=no&watchFile=no
"248",Corallorhiza maculata var. occidentalis,Corallorhiza,maculata,,,occidentalis,native,S5,,48.895814710000003,-123.406162199999997,,NA,NA,"12710056",obs_native,file:///D:/Simon/Sync/Root/GIS/Biodiversity%20Data/obs_native.csv?type=csv&maxFields=10000&detectTypes=yes&xField=longitude&yField=latitude&crs=EPSG:4326&spatialIndex=no&subsetIndex=no&watchFile=no
"249",Corallorhiza maculata var. occidentalis,Corallorhiza,maculata,,,occidentalis,native,S5,,48.880699999999997,-123.334048999999993,,NA,NA,"12788898",obs_native,file:///D:/Simon/Sync/Root/GIS/Biodiversity%20Data/obs_native.csv?type=csv&maxFields=10000&detectTypes=yes&xField=longitude&yField=latitude&crs=EPSG:4326&spatialIndex=no&subsetIndex=no&watchFile=no
"250",Corallorhiza maculata var. occidentalis,Corallorhiza,maculata,,,occidentalis,native,S5,,48.924016680000001,-123.453709200000006,,NA,NA,"13003370",obs_native,file:///D:/Simon/Sync/Root/GIS/Biodiversity%20Data/obs_native.csv?type=csv&maxFields=10000&detectTypes=yes&xField=longitude&yField=latitude&crs=EPSG:4326&spatialIndex=no&subsetIndex=no&watchFile=no
"251",Corallorhiza maculata var. occidentalis,Corallorhiza,maculata,,,occidentalis,native,S5,,48.914786800000002,-123.389681600000003,,NA,NA,"13102189",obs_native,file:///D:/Simon/Sync/Root/GIS/Biodiversity%20Data/obs_native.csv?type=csv&maxFields=10000&detectTypes=yes&xField=longitude&yField=latitude&crs=EPSG:4326&spatialIndex=no&subsetIndex=no&watchFile=no
"252",Corallorhiza maculata var. occidentalis,Corallorhiza,maculata,,,occidentalis,native,S5,,48.915954999999997,-123.423670000000001,,NA,NA,"13165897",obs_native,file:///D:/Simon/Sync/Root/GIS/Biodiversity%20Data/obs_native.csv?type=csv&maxFields=10000&detectTypes=yes&xField=longitude&yField=latitude&crs=EPSG:4326&spatialIndex=no&subsetIndex=no&watchFile=no
"253",Corallorhiza maculata var. occidentalis,Corallorhiza,maculata,,,occidentalis,native,S5,,49.004970299999997,-123.573749500000005,,NA,NA,"13320797",obs_native,file:///D:/Simon/Sync/Root/GIS/Biodiversity%20Data/obs_native.csv?type=csv&maxFields=10000&detectTypes=yes&xField=longitude&yField=latitude&crs=EPSG:4326&spatialIndex=no&subsetIndex=no&watchFile=no
"254",Corallorhiza maculata var. occidentalis,Corallorhiza,maculata,,,occidentalis,native,S5,,48.898766109999997,-123.406165599999994,,NA,NA,"24605297",obs_native,file:///D:/Simon/Sync/Root/GIS/Biodiversity%20Data/obs_native.csv?type=csv&maxFields=10000&detectTypes=yes&xField=longitude&yField=latitude&crs=EPSG:4326&spatialIndex=no&subsetIndex=no&watchFile=no
"255",Corallorhiza maculata var. occidentalis,Corallorhiza,maculata,,,occidentalis,native,S5,,48.972430510000002,-123.562093300000001,,NA,NA,"24810605",obs_native,file:///D:/Simon/Sync/Root/GIS/Biodiversity%20Data/obs_native.csv?type=csv&maxFields=10000&detectTypes=yes&xField=longitude&yField=latitude&crs=EPSG:4326&spatialIndex=no&subsetIndex=no&watchFile=no
"256",Corallorhiza maculata var. occidentalis,Corallorhiza,maculata,,,occidentalis,native,S5,,48.895091669999999,-123.405053300000006,,NA,NA,"25746327",obs_native,file:///D:/Simon/Sync/Root/GIS/Biodiversity%20Data/obs_native.csv?type=csv&maxFields=10000&detectTypes=yes&xField=longitude&yField=latitude&crs=EPSG:4326&spatialIndex=no&subsetIndex=no&watchFile=no
"257",Corallorhiza maculata var. occidentalis,Corallorhiza,maculata,,,occidentalis,native,S5,,48.890228759999999,-123.318819800000000,,NA,NA,"44277605",obs_native,file:///D:/Simon/Sync/Root/GIS/Biodiversity%20Data/obs_native.csv?type=csv&maxFields=10000&detectTypes=yes&xField=longitude&yField=latitude&crs=EPSG:4326&spatialIndex=no&subsetIndex=no&watchFile=no
"258",Corallorhiza maculata var. occidentalis,Corallorhiza,maculata,,,occidentalis,native,S5,,48.926758329999998,-123.467796699999994,,NA,NA,"45038511",obs_native,file:///D:/Simon/Sync/Root/GIS/Biodiversity%20Data/obs_native.csv?type=csv&maxFields=10000&detectTypes=yes&xField=longitude&yField=latitude&crs=EPSG:4326&spatialIndex=no&subsetIndex=no&watchFile=no
"259",Corallorhiza maculata var. occidentalis,Corallorhiza,maculata,,,occidentalis,native,S5,,48.909512429999999,-123.375578599999997,,NA,NA,"45535652",obs_native,file:///D:/Simon/Sync/Root/GIS/Biodiversity%20Data/obs_native.csv?type=csv&maxFields=10000&detectTypes=yes&xField=longitude&yField=latitude&crs=EPSG:4326&spatialIndex=no&subsetIndex=no&watchFile=no
"260",Corallorhiza maculata var. occidentalis,Corallorhiza,maculata,,,occidentalis,native,S5,,48.894930000000002,-123.404899999999998,,NA,NA,"75593870",obs_native,file:///D:/Simon/Sync/Root/GIS/Biodiversity%20Data/obs_native.csv?type=csv&maxFields=10000&detectTypes=yes&xField=longitude&yField=latitude&crs=EPSG:4326&spatialIndex=no&subsetIndex=no&watchFile=no
"261",Corallorhiza maculata var. occidentalis,Corallorhiza,maculata,,,occidentalis,native,S5,,49.009999999999998,-123.571944400000007,,NA,NA,"78990957",obs_native,file:///D:/Simon/Sync/Root/GIS/Biodiversity%20Data/obs_native.csv?type=csv&maxFields=10000&detectTypes=yes&xField=longitude&yField=latitude&crs=EPSG:4326&spatialIndex=no&subsetIndex=no&watchFile=no
"262",Corallorhiza maculata var. occidentalis,Corallorhiza,maculata,,,occidentalis,native,S5,,48.885880000000000,-123.358275000000006,,NA,NA,"83175769",obs_native,file:///D:/Simon/Sync/Root/GIS/Biodiversity%20Data/obs_native.csv?type=csv&maxFields=10000&detectTypes=yes&xField=longitude&yField=latitude&crs=EPSG:4326&spatialIndex=no&subsetIndex=no&watchFile=no
"263",Corallorhiza maculata var. occidentalis,Corallorhiza,maculata,,,occidentalis,native,S5,,48.876701670000003,-123.384606700000006,,NA,NA,"83738297",obs_native,file:///D:/Simon/Sync/Root/GIS/Biodiversity%20Data/obs_native.csv?type=csv&maxFields=10000&detectTypes=yes&xField=longitude&yField=latitude&crs=EPSG:4326&spatialIndex=no&subsetIndex=no&watchFile=no
"264",Corallorhiza maculata var. occidentalis,Corallorhiza,maculata,,,occidentalis,native,S5,,48.900883329999999,-123.444620000000000,,NA,NA,"117059514",obs_native,file:///D:/Simon/Sync/Root/GIS/Biodiversity%20Data/obs_native.csv?type=csv&maxFields=10000&detectTypes=yes&xField=longitude&yField=latitude&crs=EPSG:4326&spatialIndex=no&subsetIndex=no&watchFile=no
"265",Corallorhiza maculata var. occidentalis,Corallorhiza,maculata,,,occidentalis,native,S5,,48.881691670000002,-123.357749999999996,,NA,NA,"118411279",obs_native,file:///D:/Simon/Sync/Root/GIS/Biodiversity%20Data/obs_native.csv?type=csv&maxFields=10000&detectTypes=yes&xField=longitude&yField=latitude&crs=EPSG:4326&spatialIndex=no&subsetIndex=no&watchFile=no
"268",Corallorhiza maculata var. ozettensis,Corallorhiza,maculata,,,ozettensis,native,S3 (2018),,48.843724440000003,-123.423045500000001,obscured,NA,NA,"12871801",obs_native,file:///D:/Simon/Sync/Root/GIS/Biodiversity%20Data/obs_native.csv?type=csv&maxFields=10000&detectTypes=yes&xField=longitude&yField=latitude&crs=EPSG:4326&spatialIndex=no&subsetIndex=no&watchFile=no
"275",Corallorhiza maculata var. ozettensis,Corallorhiza,maculata,,,ozettensis,native,S3 (2018),,48.854654109999998,-123.434567099999995,,NA,NA,"90752993",obs_native,file:///D:/Simon/Sync/Root/GIS/Biodiversity%20Data/obs_native.csv?type=csv&maxFields=10000&detectTypes=yes&xField=longitude&yField=latitude&crs=EPSG:4326&spatialIndex=no&subsetIndex=no&watchFile=no
"276",Festuca microstachys var. pauciflora,Festuca,microstachys,,,pauciflora,native,S4,,48.866909999999997,-123.336459000000005,,NA,NA,"6434874",obs_native,file:///D:/Simon/Sync/Root/GIS/Biodiversity%20Data/obs_native.csv?type=csv&maxFields=10000&detectTypes=yes&xField=longitude&yField=latitude&crs=EPSG:4326&spatialIndex=no&subsetIndex=no&watchFile=no
"277",Festuca microstachys var. pauciflora,Festuca,microstachys,,,pauciflora,native,S4,,48.865973009999998,-123.350297800000007,,NA,NA,"48408991",obs_native,file:///D:/Simon/Sync/Root/GIS/Biodiversity%20Data/obs_native.csv?type=csv&maxFields=10000&detectTypes=yes&xField=longitude&yField=latitude&crs=EPSG:4326&spatialIndex=no&subsetIndex=no&watchFile=no
"278",Festuca microstachys var. pauciflora,Festuca,microstachys,,,pauciflora,native,S4,,48.886789999999998,-123.373379999999997,,NA,NA,"53022058",obs_native,file:///D:/Simon/Sync/Root/GIS/Biodiversity%20Data/obs_native.csv?type=csv&maxFields=10000&detectTypes=yes&xField=longitude&yField=latitude&crs=EPSG:4326&spatialIndex=no&subsetIndex=no&watchFile=no
"279",Festuca microstachys var. pauciflora,Festuca,microstachys,,,pauciflora,native,S4,,48.956816670000002,-123.529280600000007,,NA,NA,"116033729",obs_native,file:///D:/Simon/Sync/Root/GIS/Biodiversity%20Data/obs_native.csv?type=csv&maxFields=10000&detectTypes=yes&xField=longitude&yField=latitude&crs=EPSG:4326&spatialIndex=no&subsetIndex=no&watchFile=no
"280",Heuchera micrantha var. diversifolia,Heuchera,micrantha,,,diversifolia,native,S5,,48.934680000000000,-123.484440000000006,,NA,NA,"2647527",obs_native,file:///D:/Simon/Sync/Root/GIS/Biodiversity%20Data/obs_native.csv?type=csv&maxFields=10000&detectTypes=yes&xField=longitude&yField=latitude&crs=EPSG:4326&spatialIndex=no&subsetIndex=no&watchFile=no
"281",Heuchera micrantha var. diversifolia,Heuchera,micrantha,,,diversifolia,native,S5,,48.926133329999999,-123.467950000000002,,NA,NA,"16152482",obs_native,file:///D:/Simon/Sync/Root/GIS/Biodiversity%20Data/obs_native.csv?type=csv&maxFields=10000&detectTypes=yes&xField=longitude&yField=latitude&crs=EPSG:4326&spatialIndex=no&subsetIndex=no&watchFile=no
"282",Heuchera micrantha var. diversifolia,Heuchera,micrantha,,,diversifolia,native,S5,,48.899780560000004,-123.407416699999999,,NA,NA,"24672781",obs_native,file:///D:/Simon/Sync/Root/GIS/Biodiversity%20Data/obs_native.csv?type=csv&maxFields=10000&detectTypes=yes&xField=longitude&yField=latitude&crs=EPSG:4326&spatialIndex=no&subsetIndex=no&watchFile=no
"283",Heuchera micrantha var. diversifolia,Heuchera,micrantha,,,diversifolia,native,S5,,48.868324999999999,-123.376549999999995,,NA,NA,"24688040",obs_native,file:///D:/Simon/Sync/Root/GIS/Biodiversity%20Data/obs_native.csv?type=csv&maxFields=10000&detectTypes=yes&xField=longitude&yField=latitude&crs=EPSG:4326&spatialIndex=no&subsetIndex=no&watchFile=no
"284",Heuchera micrantha var. diversifolia,Heuchera,micrantha,,,diversifolia,native,S5,,48.901543550000000,-123.404503199999994,,NA,NA,"24714378",obs_native,file:///D:/Simon/Sync/Root/GIS/Biodiversity%20Data/obs_native.csv?type=csv&maxFields=10000&detectTypes=yes&xField=longitude&yField=latitude&crs=EPSG:4326&spatialIndex=no&subsetIndex=no&watchFile=no
"285",Heuchera micrantha var. diversifolia,Heuchera,micrantha,,,diversifolia,native,S5,,48.900955879999998,-123.406815899999998,,NA,NA,"24714534",obs_native,file:///D:/Simon/Sync/Root/GIS/Biodiversity%20Data/obs_native.csv?type=csv&maxFields=10000&detectTypes=yes&xField=longitude&yField=latitude&crs=EPSG:4326&spatialIndex=no&subsetIndex=no&watchFile=no
"286",Kalmia microphylla var. occidentalis,Kalmia,microphylla,,,occidentalis,native,S5,,48.983659000000003,-123.556323000000006,,NA,NA,"3296183",obs_native,file:///D:/Simon/Sync/Root/GIS/Biodiversity%20Data/obs_native.csv?type=csv&maxFields=10000&detectTypes=yes&xField=longitude&yField=latitude&crs=EPSG:4326&spatialIndex=no&subsetIndex=no&watchFile=no
"287",Lathyrus nevadensis var. pilosellus,Lathyrus,nevadensis,,,pilosellus,native,S5,,48.896949999999997,-123.406677000000002,,NA,NA,"3311137",obs_native,file:///D:/Simon/Sync/Root/GIS/Biodiversity%20Data/obs_native.csv?type=csv&maxFields=10000&detectTypes=yes&xField=longitude&yField=latitude&crs=EPSG:4326&spatialIndex=no&subsetIndex=no&watchFile=no
"288",Lathyrus nevadensis var. pilosellus,Lathyrus,nevadensis,,,pilosellus,native,S5,,48.952294999999999,-123.532870000000003,,NA,NA,"3341107",obs_native,file:///D:/Simon/Sync/Root/GIS/Biodiversity%20Data/obs_native.csv?type=csv&maxFields=10000&detectTypes=yes&xField=longitude&yField=latitude&crs=EPSG:4326&spatialIndex=no&subsetIndex=no&watchFile=no
"289",Lathyrus nevadensis var. pilosellus,Lathyrus,nevadensis,,,pilosellus,native,S5,,48.897871670000001,-123.408175000000000,,NA,NA,"13974232",obs_native,file:///D:/Simon/Sync/Root/GIS/Biodiversity%20Data/obs_native.csv?type=csv&maxFields=10000&detectTypes=yes&xField=longitude&yField=latitude&crs=EPSG:4326&spatialIndex=no&subsetIndex=no&watchFile=no
"290",Lathyrus nevadensis var. pilosellus,Lathyrus,nevadensis,,,pilosellus,native,S5,,48.940428439999998,-123.503384900000000,,NA,NA,"16307024",obs_native,file:///D:/Simon/Sync/Root/GIS/Biodiversity%20Data/obs_native.csv?type=csv&maxFields=10000&detectTypes=yes&xField=longitude&yField=latitude&crs=EPSG:4326&spatialIndex=no&subsetIndex=no&watchFile=no
"291",Lathyrus nevadensis var. pilosellus,Lathyrus,nevadensis,,,pilosellus,native,S5,,48.962288890000004,-123.517866699999999,,NA,NA,"25597352",obs_native,file:///D:/Simon/Sync/Root/GIS/Biodiversity%20Data/obs_native.csv?type=csv&maxFields=10000&detectTypes=yes&xField=longitude&yField=latitude&crs=EPSG:4326&spatialIndex=no&subsetIndex=no&watchFile=no
"292",Lathyrus nevadensis var. pilosellus,Lathyrus,nevadensis,,,pilosellus,native,S5,,48.893678330000000,-123.405961700000006,,NA,NA,"32120944",obs_native,file:///D:/Simon/Sync/Root/GIS/Biodiversity%20Data/obs_native.csv?type=csv&maxFields=10000&detectTypes=yes&xField=longitude&yField=latitude&crs=EPSG:4326&spatialIndex=no&subsetIndex=no&watchFile=no
"293",Lathyrus nevadensis var. pilosellus,Lathyrus,nevadensis,,,pilosellus,native,S5,,48.996946780000002,-123.586512600000006,,NA,NA,"84513001",obs_native,file:///D:/Simon/Sync/Root/GIS/Biodiversity%20Data/obs_native.csv?type=csv&maxFields=10000&detectTypes=yes&xField=longitude&yField=latitude&crs=EPSG:4326&spatialIndex=no&subsetIndex=no&watchFile=no
"294",Luzula comosa var. laxa,Luzula,comosa,,,laxa,native,S5,,48.868124999999999,-123.342905000000002,,NA,NA,"2890034",obs_native,file:///D:/Simon/Sync/Root/GIS/Biodiversity%20Data/obs_native.csv?type=csv&maxFields=10000&detectTypes=yes&xField=longitude&yField=latitude&crs=EPSG:4326&spatialIndex=no&subsetIndex=no&watchFile=no
"295",Luzula comosa var. laxa,Luzula,comosa,,,laxa,native,S5,,48.868800149999998,-123.378610600000002,,NA,NA,"6410322",obs_native,file:///D:/Simon/Sync/Root/GIS/Biodiversity%20Data/obs_native.csv?type=csv&maxFields=10000&detectTypes=yes&xField=longitude&yField=latitude&crs=EPSG:4326&spatialIndex=no&subsetIndex=no&watchFile=no
"296",Luzula comosa var. laxa,Luzula,comosa,,,laxa,native,S5,,48.943192879999998,-123.484139400000004,,NA,NA,"6411179",obs_native,file:///D:/Simon/Sync/Root/GIS/Biodiversity%20Data/obs_native.csv?type=csv&maxFields=10000&detectTypes=yes&xField=longitude&yField=latitude&crs=EPSG:4326&spatialIndex=no&subsetIndex=no&watchFile=no
"297",Luzula comosa var. laxa,Luzula,comosa,,,laxa,native,S5,,48.896559109999998,-123.410208499999996,,NA,NA,"24937395",obs_native,file:///D:/Simon/Sync/Root/GIS/Biodiversity%20Data/obs_native.csv?type=csv&maxFields=10000&detectTypes=yes&xField=longitude&yField=latitude&crs=EPSG:4326&spatialIndex=no&subsetIndex=no&watchFile=no
"298",Luzula comosa var. laxa,Luzula,comosa,,,laxa,native,S5,,48.868660439999999,-123.345877700000003,,NA,NA,"46051229",obs_native,file:///D:/Simon/Sync/Root/GIS/Biodiversity%20Data/obs_native.csv?type=csv&maxFields=10000&detectTypes=yes&xField=longitude&yField=latitude&crs=EPSG:4326&spatialIndex=no&subsetIndex=no&watchFile=no
"299",Luzula comosa var. laxa,Luzula,comosa,,,laxa,native,S5,,48.865316669999999,-123.381703299999998,,NA,NA,"79112168",obs_native,file:///D:/Simon/Sync/Root/GIS/Biodiversity%20Data/obs_native.csv?type=csv&maxFields=10000&detectTypes=yes&xField=longitude&yField=latitude&crs=EPSG:4326&spatialIndex=no&subsetIndex=no&watchFile=no
"300",Petasites frigidus var. palmatus,Petasites,frigidus,,,palmatus,native,S5,,48.902870000000000,-123.367285999999993,,NA,NA,"23075792",obs_native,file:///D:/Simon/Sync/Root/GIS/Biodiversity%20Data/obs_native.csv?type=csv&maxFields=10000&detectTypes=yes&xField=longitude&yField=latitude&crs=EPSG:4326&spatialIndex=no&subsetIndex=no&watchFile=no
"301",Prunus emarginata var. mollis,Prunus,emarginata,,,mollis,native,S5,,48.963336669999997,-123.519653300000002,,NA,NA,"24870149",obs_native,file:///D:/Simon/Sync/Root/GIS/Biodiversity%20Data/obs_native.csv?type=csv&maxFields=10000&detectTypes=yes&xField=longitude&yField=latitude&crs=EPSG:4326&spatialIndex=no&subsetIndex=no&watchFile=no
"302",Prunus emarginata var. mollis,Prunus,emarginata,,,mollis,native,S5,,48.962101670000003,-123.518608299999997,,NA,NA,"24870151",obs_native,file:///D:/Simon/Sync/Root/GIS/Biodiversity%20Data/obs_native.csv?type=csv&maxFields=10000&detectTypes=yes&xField=longitude&yField=latitude&crs=EPSG:4326&spatialIndex=no&subsetIndex=no&watchFile=no
"303",Prunus emarginata var. mollis,Prunus,emarginata,,,mollis,native,S5,,48.962136670000000,-123.518505000000005,,NA,NA,"24870152",obs_native,file:///D:/Simon/Sync/Root/GIS/Biodiversity%20Data/obs_native.csv?type=csv&maxFields=10000&detectTypes=yes&xField=longitude&yField=latitude&crs=EPSG:4326&spatialIndex=no&subsetIndex=no&watchFile=no
"304",Prunus emarginata var. mollis,Prunus,emarginata,,,mollis,native,S5,,48.962021569999997,-123.518814599999999,,NA,NA,"24916300",obs_native,file:///D:/Simon/Sync/Root/GIS/Biodiversity%20Data/obs_native.csv?type=csv&maxFields=10000&detectTypes=yes&xField=longitude&yField=latitude&crs=EPSG:4326&spatialIndex=no&subsetIndex=no&watchFile=no
"305",Sanicula crassicaulis var. tripartita,Sanicula,crassicaulis,,,tripartita,native,S4,,48.869262999999997,-123.346316999999999,,NA,NA,"3116731",obs_native,file:///D:/Simon/Sync/Root/GIS/Biodiversity%20Data/obs_native.csv?type=csv&maxFields=10000&detectTypes=yes&xField=longitude&yField=latitude&crs=EPSG:4326&spatialIndex=no&subsetIndex=no&watchFile=no
"306",Sanicula crassicaulis var. tripartita,Sanicula,crassicaulis,,,tripartita,native,S4,,48.897734589999999,-123.406956199999996,,NA,NA,"6434866",obs_native,file:///D:/Simon/Sync/Root/GIS/Biodiversity%20Data/obs_native.csv?type=csv&maxFields=10000&detectTypes=yes&xField=longitude&yField=latitude&crs=EPSG:4326&spatialIndex=no&subsetIndex=no&watchFile=no
"307",Spergularia canadensis var. occidentalis,Spergularia,canadensis,,,occidentalis,native,S5,,48.896888199999999,-123.406301700000000,,NA,NA,"3701047",obs_native,file:///D:/Simon/Sync/Root/GIS/Biodiversity%20Data/obs_native.csv?type=csv&maxFields=10000&detectTypes=yes&xField=longitude&yField=latitude&crs=EPSG:4326&spatialIndex=no&subsetIndex=no&watchFile=no
"308",Symphoricarpos albus var. laevigatus,Symphoricarpos,albus,,,laevigatus,native,S5,,48.900092999999998,-123.406484000000006,,NA,NA,"2679254",obs_native,file:///D:/Simon/Sync/Root/GIS/Biodiversity%20Data/obs_native.csv?type=csv&maxFields=10000&detectTypes=yes&xField=longitude&yField=latitude&crs=EPSG:4326&spatialIndex=no&subsetIndex=no&watchFile=no
"309",Symphoricarpos albus var. laevigatus,Symphoricarpos,albus,,,laevigatus,native,S5,,48.896949999999997,-123.406677000000002,,NA,NA,"3310842",obs_native,file:///D:/Simon/Sync/Root/GIS/Biodiversity%20Data/obs_native.csv?type=csv&maxFields=10000&detectTypes=yes&xField=longitude&yField=latitude&crs=EPSG:4326&spatialIndex=no&subsetIndex=no&watchFile=no
"310",Symphoricarpos albus var. laevigatus,Symphoricarpos,albus,,,laevigatus,native,S5,,48.896949999999997,-123.406677000000002,,NA,NA,"3310983",obs_native,file:///D:/Simon/Sync/Root/GIS/Biodiversity%20Data/obs_native.csv?type=csv&maxFields=10000&detectTypes=yes&xField=longitude&yField=latitude&crs=EPSG:4326&spatialIndex=no&subsetIndex=no&watchFile=no
"311",Symphoricarpos albus var. laevigatus,Symphoricarpos,albus,,,laevigatus,native,S5,,48.932485999999997,-123.483839000000003,,NA,NA,"3317894",obs_native,file:///D:/Simon/Sync/Root/GIS/Biodiversity%20Data/obs_native.csv?type=csv&maxFields=10000&detectTypes=yes&xField=longitude&yField=latitude&crs=EPSG:4326&spatialIndex=no&subsetIndex=no&watchFile=no
"312",Symphoricarpos albus var. laevigatus,Symphoricarpos,albus,,,laevigatus,native,S5,,48.898259000000003,-123.408028999999999,,NA,NA,"3498671",obs_native,file:///D:/Simon/Sync/Root/GIS/Biodiversity%20Data/obs_native.csv?type=csv&maxFields=10000&detectTypes=yes&xField=longitude&yField=latitude&crs=EPSG:4326&spatialIndex=no&subsetIndex=no&watchFile=no
"313",Symphoricarpos albus var. laevigatus,Symphoricarpos,albus,,,laevigatus,native,S5,,48.896498999999999,-123.409938999999994,,NA,NA,"3498835",obs_native,file:///D:/Simon/Sync/Root/GIS/Biodiversity%20Data/obs_native.csv?type=csv&maxFields=10000&detectTypes=yes&xField=longitude&yField=latitude&crs=EPSG:4326&spatialIndex=no&subsetIndex=no&watchFile=no
"314",Symphoricarpos albus var. laevigatus,Symphoricarpos,albus,,,laevigatus,native,S5,,48.896498999999999,-123.409938999999994,,NA,NA,"3498937",obs_native,file:///D:/Simon/Sync/Root/GIS/Biodiversity%20Data/obs_native.csv?type=csv&maxFields=10000&detectTypes=yes&xField=longitude&yField=latitude&crs=EPSG:4326&spatialIndex=no&subsetIndex=no&watchFile=no
"315",Symphoricarpos albus var. laevigatus,Symphoricarpos,albus,,,laevigatus,native,S5,,49.010998999999998,-123.572115999999994,,NA,NA,"3542732",obs_native,file:///D:/Simon/Sync/Root/GIS/Biodiversity%20Data/obs_native.csv?type=csv&maxFields=10000&detectTypes=yes&xField=longitude&yField=latitude&crs=EPSG:4326&spatialIndex=no&subsetIndex=no&watchFile=no
"316",Symphoricarpos albus var. laevigatus,Symphoricarpos,albus,,,laevigatus,native,S5,,48.898755999999999,-123.407449999999997,,NA,NA,"3652779",obs_native,file:///D:/Simon/Sync/Root/GIS/Biodiversity%20Data/obs_native.csv?type=csv&maxFields=10000&detectTypes=yes&xField=longitude&yField=latitude&crs=EPSG:4326&spatialIndex=no&subsetIndex=no&watchFile=no
"317",Symphoricarpos albus var. laevigatus,Symphoricarpos,albus,,,laevigatus,native,S5,,48.897091000000003,-123.404617000000002,,NA,NA,"3652904",obs_native,file:///D:/Simon/Sync/Root/GIS/Biodiversity%20Data/obs_native.csv?type=csv&maxFields=10000&detectTypes=yes&xField=longitude&yField=latitude&crs=EPSG:4326&spatialIndex=no&subsetIndex=no&watchFile=no
"318",Symphoricarpos albus var. laevigatus,Symphoricarpos,albus,,,laevigatus,native,S5,,48.951748000000002,-123.519381999999993,,NA,NA,"3680970",obs_native,file:///D:/Simon/Sync/Root/GIS/Biodiversity%20Data/obs_native.csv?type=csv&maxFields=10000&detectTypes=yes&xField=longitude&yField=latitude&crs=EPSG:4326&spatialIndex=no&subsetIndex=no&watchFile=no
"319",Symphoricarpos albus var. laevigatus,Symphoricarpos,albus,,,laevigatus,native,S5,,48.929753329999997,-123.475883300000007,,NA,NA,"3684432",obs_native,file:///D:/Simon/Sync/Root/GIS/Biodiversity%20Data/obs_native.csv?type=csv&maxFields=10000&detectTypes=yes&xField=longitude&yField=latitude&crs=EPSG:4326&spatialIndex=no&subsetIndex=no&watchFile=no
"320",Symphoricarpos albus var. laevigatus,Symphoricarpos,albus,,,laevigatus,native,S5,,48.952296799999999,-123.519068799999999,,NA,NA,"4058587",obs_native,file:///D:/Simon/Sync/Root/GIS/Biodiversity%20Data/obs_native.csv?type=csv&maxFields=10000&detectTypes=yes&xField=longitude&yField=latitude&crs=EPSG:4326&spatialIndex=no&subsetIndex=no&watchFile=no
"321",Symphoricarpos albus var. laevigatus,Symphoricarpos,albus,,,laevigatus,native,S5,,48.940345899999997,-123.504352600000004,,NA,NA,"6306977",obs_native,file:///D:/Simon/Sync/Root/GIS/Biodiversity%20Data/obs_native.csv?type=csv&maxFields=10000&detectTypes=yes&xField=longitude&yField=latitude&crs=EPSG:4326&spatialIndex=no&subsetIndex=no&watchFile=no
"322",Symphoricarpos albus var. laevigatus,Symphoricarpos,albus,,,laevigatus,native,S5,,48.900696850000003,-123.336124400000003,,NA,NA,"6425184",obs_native,file:///D:/Simon/Sync/Root/GIS/Biodiversity%20Data/obs_native.csv?type=csv&maxFields=10000&detectTypes=yes&xField=longitude&yField=latitude&crs=EPSG:4326&spatialIndex=no&subsetIndex=no&watchFile=no
"323",Symphoricarpos albus var. laevigatus,Symphoricarpos,albus,,,laevigatus,native,S5,,48.900449999999999,-123.441188999999994,,NA,NA,"6489933",obs_native,file:///D:/Simon/Sync/Root/GIS/Biodiversity%20Data/obs_native.csv?type=csv&maxFields=10000&detectTypes=yes&xField=longitude&yField=latitude&crs=EPSG:4326&spatialIndex=no&subsetIndex=no&watchFile=no
"324",Symphoricarpos albus var. laevigatus,Symphoricarpos,albus,,,laevigatus,native,S5,,48.900592000000003,-123.441102999999998,,NA,NA,"6504975",obs_native,file:///D:/Simon/Sync/Root/GIS/Biodiversity%20Data/obs_native.csv?type=csv&maxFields=10000&detectTypes=yes&xField=longitude&yField=latitude&crs=EPSG:4326&spatialIndex=no&subsetIndex=no&watchFile=no
"325",Tiarella trifoliata var. laciniata,Tiarella,trifoliata,,,laciniata,native,S5 (2000),,49.007592539999997,-123.576028399999998,,NA,NA,"24497694",obs_native,file:///D:/Simon/Sync/Root/GIS/Biodiversity%20Data/obs_native.csv?type=csv&maxFields=10000&detectTypes=yes&xField=longitude&yField=latitude&crs=EPSG:4326&spatialIndex=no&subsetIndex=no&watchFile=no
"326",Torreyochloa pallida var. pauciflora,Torreyochloa,pallida,,,pauciflora,native,S5,,48.948238060000001,-123.502001800000002,,NA,NA,"28440118",obs_native,file:///D:/Simon/Sync/Root/GIS/Biodiversity%20Data/obs_native.csv?type=csv&maxFields=10000&detectTypes=yes&xField=longitude&yField=latitude&crs=EPSG:4326&spatialIndex=no&subsetIndex=no&watchFile=no
"327",Torreyochloa pallida var. pauciflora,Torreyochloa,pallida,,,pauciflora,native,S5,,48.864886669999997,-123.364143299999995,,NA,NA,"85291235",obs_native,file:///D:/Simon/Sync/Root/GIS/Biodiversity%20Data/obs_native.csv?type=csv&maxFields=10000&detectTypes=yes&xField=longitude&yField=latitude&crs=EPSG:4326&spatialIndex=no&subsetIndex=no&watchFile=no
"16227",Erythronium revolutum × erythronium oregonum,Erythronium,,Erythronium revolutum × Erythronium oregonum,,,native,S5?,,48.896628329999999,-123.405053800000005,,NA,NA,"3287322",obs_native,file:///D:/Simon/Sync/Root/GIS/Biodiversity%20Data/obs_native.csv?type=csv&maxFields=10000&detectTypes=yes&xField=longitude&yField=latitude&crs=EPSG:4326&spatialIndex=no&subsetIndex=no&watchFile=no
"11000",Abies grandis,Abies,grandis,,,,native,S5,,48.940497999999998,-123.472424000000004,,NA,NA,"2584103",obs_native,file:///D:/Simon/Sync/Root/GIS/Biodiversity%20Data/obs_native.csv?type=csv&maxFields=10000&detectTypes=yes&xField=longitude&yField=latitude&crs=EPSG:4326&spatialIndex=no&subsetIndex=no&watchFile=no
"21000",Abies grandis,Abies,grandis,,,,native,S5,,48.898873999999999,-123.358954999999995,,NA,NA,"2586528",obs_native,file:///D:/Simon/Sync/Root/GIS/Biodiversity%20Data/obs_native.csv?type=csv&maxFields=10000&detectTypes=yes&xField=longitude&yField=latitude&crs=EPSG:4326&spatialIndex=no&subsetIndex=no&watchFile=no
"31000",Abies grandis,Abies,grandis,,,,native,S5,,48.869118999999998,-123.358269000000007,,NA,NA,"2589576",obs_native,file:///D:/Simon/Sync/Root/GIS/Biodiversity%20Data/obs_native.csv?type=csv&maxFields=10000&detectTypes=yes&xField=longitude&yField=latitude&crs=EPSG:4326&spatialIndex=no&subsetIndex=no&watchFile=no
"41000",Abies grandis,Abies,grandis,,,,native,S5,,48.866104000000000,-123.351444999999998,,NA,NA,"2603519",obs_native,file:///D:/Simon/Sync/Root/GIS/Biodiversity%20Data/obs_native.csv?type=csv&maxFields=10000&detectTypes=yes&xField=longitude&yField=latitude&crs=EPSG:4326&spatialIndex=no&subsetIndex=no&watchFile=no
"51000",Abies grandis,Abies,grandis,,,,native,S5,,48.899123000000003,-123.407471000000001,,NA,NA,"2731776",obs_native,file:///D:/Simon/Sync/Root/GIS/Biodiversity%20Data/obs_native.csv?type=csv&maxFields=10000&detectTypes=yes&xField=longitude&yField=latitude&crs=EPSG:4326&spatialIndex=no&subsetIndex=no&watchFile=no
"61000",Abies grandis,Abies,grandis,,,,native,S5,,48.931565999999997,-123.474531999999996,,NA,NA,"2734284",obs_native,file:///D:/Simon/Sync/Root/GIS/Biodiversity%20Data/obs_native.csv?type=csv&maxFields=10000&detectTypes=yes&xField=longitude&yField=latitude&crs=EPSG:4326&spatialIndex=no&subsetIndex=no&watchFile=no
"71000",Abies grandis,Abies,grandis,,,,native,S5,,48.934009000000003,-123.471886999999995,,NA,NA,"3104388",obs_native,file:///D:/Simon/Sync/Root/GIS/Biodiversity%20Data/obs_native.csv?type=csv&maxFields=10000&detectTypes=yes&xField=longitude&yField=latitude&crs=EPSG:4326&spatialIndex=no&subsetIndex=no&watchFile=no
"81000",Abies grandis,Abies,grandis,,,,native,S5,,48.916442000000004,-123.425903000000005,,NA,NA,"3190448",obs_native,file:///D:/Simon/Sync/Root/GIS/Biodiversity%20Data/obs_native.csv?type=csv&maxFields=10000&detectTypes=yes&xField=longitude&yField=latitude&crs=EPSG:4326&spatialIndex=no&subsetIndex=no&watchFile=no
"9993",Abies grandis,Abies,grandis,,,,native,S5,,49.005571000000003,-123.568826000000001,,NA,NA,"4833765",obs_native,file:///D:/Simon/Sync/Root/GIS/Biodiversity%20Data/obs_native.csv?type=csv&maxFields=10000&detectTypes=yes&xField=longitude&yField=latitude&crs=EPSG:4326&spatialIndex=no&subsetIndex=no&watchFile=no
"10100",Abies grandis,Abies,grandis,,,,native,S5,,48.906141290000001,-123.359899499999997,,NA,NA,"5646941",obs_native,file:///D:/Simon/Sync/Root/GIS/Biodiversity%20Data/obs_native.csv?type=csv&maxFields=10000&detectTypes=yes&xField=longitude&yField=latitude&crs=EPSG:4326&spatialIndex=no&subsetIndex=no&watchFile=no
"11100",Abies grandis,Abies,grandis,,,,native,S5,,48.906042560000003,-123.358268699999996,,NA,NA,"5886272",obs_native,file:///D:/Simon/Sync/Root/GIS/Biodiversity%20Data/obs_native.csv?type=csv&maxFields=10000&detectTypes=yes&xField=longitude&yField=latitude&crs=EPSG:4326&spatialIndex=no&subsetIndex=no&watchFile=no
"12100",Abies grandis,Abies,grandis,,,,native,S5,,48.904688559999997,-123.357871799999998,,NA,NA,"5900166",obs_native,file:///D:/Simon/Sync/Root/GIS/Biodiversity%20Data/obs_native.csv?type=csv&maxFields=10000&detectTypes=yes&xField=longitude&yField=latitude&crs=EPSG:4326&spatialIndex=no&subsetIndex=no&watchFile=no
"13100",Abies grandis,Abies,grandis,,,,native,S5,,48.905012960000001,-123.357904000000005,,NA,NA,"5935106",obs_native,file:///D:/Simon/Sync/Root/GIS/Biodiversity%20Data/obs_native.csv?type=csv&maxFields=10000&detectTypes=yes&xField=longitude&yField=latitude&crs=EPSG:4326&spatialIndex=no&subsetIndex=no&watchFile=no
"14100",Abies grandis,Abies,grandis,,,,native,S5,,48.905012960000001,-123.357904000000005,,NA,NA,"5935107",obs_native,file:///D:/Simon/Sync/Root/GIS/Biodiversity%20Data/obs_native.csv?type=csv&maxFields=10000&detectTypes=yes&xField=longitude&yField=latitude&crs=EPSG:4326&spatialIndex=no&subsetIndex=no&watchFile=no
"15100",Abies grandis,Abies,grandis,,,,native,S5,,48.898863089999999,-123.353912800000003,,NA,NA,"5953039",obs_native,file:///D:/Simon/Sync/Root/GIS/Biodiversity%20Data/obs_native.csv?type=csv&maxFields=10000&detectTypes=yes&xField=longitude&yField=latitude&crs=EPSG:4326&spatialIndex=no&subsetIndex=no&watchFile=no
"16100",Abies grandis,Abies,grandis,,,,native,S5,,48.896718919999998,-123.358692500000004,,NA,NA,"5993217",obs_native,file:///D:/Simon/Sync/Root/GIS/Biodiversity%20Data/obs_native.csv?type=csv&maxFields=10000&detectTypes=yes&xField=longitude&yField=latitude&crs=EPSG:4326&spatialIndex=no&subsetIndex=no&watchFile=no
"17100",Abies grandis,Abies,grandis,,,,native,S5,,48.874199609999998,-123.380134100000006,,NA,NA,"7280629",obs_native,file:///D:/Simon/Sync/Root/GIS/Biodiversity%20Data/obs_native.csv?type=csv&maxFields=10000&detectTypes=yes&xField=longitude&yField=latitude&crs=EPSG:4326&spatialIndex=no&subsetIndex=no&watchFile=no
"18100",Abies grandis,Abies,grandis,,,,native,S5,,48.872402999999998,-123.342645000000005,,NA,NA,"12762654",obs_native,file:///D:/Simon/Sync/Root/GIS/Biodiversity%20Data/obs_native.csv?type=csv&maxFields=10000&detectTypes=yes&xField=longitude&yField=latitude&crs=EPSG:4326&spatialIndex=no&subsetIndex=no&watchFile=no
"19100",Abies grandis,Abies,grandis,,,,native,S5,,48.877445999999999,-123.337104999999994,,NA,NA,"12773620",obs_native,file:///D:/Simon/Sync/Root/GIS/Biodiversity%20Data/obs_native.csv?type=csv&maxFields=10000&detectTypes=yes&xField=longitude&yField=latitude&crs=EPSG:4326&spatialIndex=no&subsetIndex=no&watchFile=no
"20100",Abies grandis,Abies,grandis,,,,native,S5,,48.875491670000002,-123.350086700000006,,NA,NA,"13973468",obs_native,file:///D:/Simon/Sync/Root/GIS/Biodiversity%20Data/obs_native.csv?type=csv&maxFields=10000&detectTypes=yes&xField=longitude&yField=latitude&crs=EPSG:4326&spatialIndex=no&subsetIndex=no&watchFile=no
"21100",Abies grandis,Abies,grandis,,,,native,S5,,48.909273329999998,-123.374790000000004,,NA,NA,"13973810",obs_native,file:///D:/Simon/Sync/Root/GIS/Biodiversity%20Data/obs_native.csv?type=csv&maxFields=10000&detectTypes=yes&xField=longitude&yField=latitude&crs=EPSG:4326&spatialIndex=no&subsetIndex=no&watchFile=no
"22100",Abies grandis,Abies,grandis,,,,native,S5,,48.868854589999998,-123.341772800000001,,NA,NA,"20378033",obs_native,file:///D:/Simon/Sync/Root/GIS/Biodiversity%20Data/obs_native.csv?type=csv&maxFields=10000&detectTypes=yes&xField=longitude&yField=latitude&crs=EPSG:4326&spatialIndex=no&subsetIndex=no&watchFile=no
"23100",Abies grandis,Abies,grandis,,,,native,S5,,49.007592539999997,-123.576028399999998,,NA,NA,"24497703",obs_native,file:///D:/Simon/Sync/Root/GIS/Biodiversity%20Data/obs_native.csv?type=csv&maxFields=10000&detectTypes=yes&xField=longitude&yField=latitude&crs=EPSG:4326&spatialIndex=no&subsetIndex=no&watchFile=no
"24100",Abies grandis,Abies,grandis,,,,native,S5,,48.963019439999997,-123.517158300000006,,NA,NA,"24665150",obs_native,file:///D:/Simon/Sync/Root/GIS/Biodiversity%20Data/obs_native.csv?type=csv&maxFields=10000&detectTypes=yes&xField=longitude&yField=latitude&crs=EPSG:4326&spatialIndex=no&subsetIndex=no&watchFile=no
"25100",Abies grandis,Abies,grandis,,,,native,S5,,48.900024999999999,-123.406677799999997,,NA,NA,"24701365",obs_native,file:///D:/Simon/Sync/Root/GIS/Biodiversity%20Data/obs_native.csv?type=csv&maxFields=10000&detectTypes=yes&xField=longitude&yField=latitude&crs=EPSG:4326&spatialIndex=no&subsetIndex=no&watchFile=no
"26100",Abies grandis,Abies,grandis,,,,native,S5,,48.871936110000000,-123.312950000000001,,NA,NA,"24806720",obs_native,file:///D:/Simon/Sync/Root/GIS/Biodiversity%20Data/obs_native.csv?type=csv&maxFields=10000&detectTypes=yes&xField=longitude&yField=latitude&crs=EPSG:4326&spatialIndex=no&subsetIndex=no&watchFile=no
"27100",Abies grandis,Abies,grandis,,,,native,S5,,48.872033330000001,-123.312644399999996,,NA,NA,"25048276",obs_native,file:///D:/Simon/Sync/Root/GIS/Biodiversity%20Data/obs_native.csv?type=csv&maxFields=10000&detectTypes=yes&xField=longitude&yField=latitude&crs=EPSG:4326&spatialIndex=no&subsetIndex=no&watchFile=no
"28100",Abies grandis,Abies,grandis,,,,native,S5,,48.963905560000001,-123.516694400000006,,NA,NA,"25577943",obs_native,file:///D:/Simon/Sync/Root/GIS/Biodiversity%20Data/obs_native.csv?type=csv&maxFields=10000&detectTypes=yes&xField=longitude&yField=latitude&crs=EPSG:4326&spatialIndex=no&subsetIndex=no&watchFile=no
"29100",Abies grandis,Abies,grandis,,,,native,S5,,48.866566669999997,-123.329583299999996,,NA,NA,"25658053",obs_native,file:///D:/Simon/Sync/Root/GIS/Biodiversity%20Data/obs_native.csv?type=csv&maxFields=10000&detectTypes=yes&xField=longitude&yField=latitude&crs=EPSG:4326&spatialIndex=no&subsetIndex=no&watchFile=no
"30100",Abies grandis,Abies,grandis,,,,native,S5,,48.930390500000001,-123.467594700000006,,NA,NA,"52516003",obs_native,file:///D:/Simon/Sync/Root/GIS/Biodiversity%20Data/obs_native.csv?type=csv&maxFields=10000&detectTypes=yes&xField=longitude&yField=latitude&crs=EPSG:4326&spatialIndex=no&subsetIndex=no&watchFile=no
"31100",Abies grandis,Abies,grandis,,,,native,S5,,48.929854319999997,-123.467546200000001,,NA,NA,"52907061",obs_native,file:///D:/Simon/Sync/Root/GIS/Biodiversity%20Data/obs_native.csv?type=csv&maxFields=10000&detectTypes=yes&xField=longitude&yField=latitude&crs=EPSG:4326&spatialIndex=no&subsetIndex=no&watchFile=no
"32100",Abies grandis,Abies,grandis,,,,native,S5,,48.929942089999997,-123.467459300000002,,NA,NA,"52921719",obs_native,file:///D:/Simon/Sync/Root/GIS/Biodiversity%20Data/obs_native.csv?type=csv&maxFields=10000&detectTypes=yes&xField=longitude&yField=latitude&crs=EPSG:4326&spatialIndex=no&subsetIndex=no&watchFile=no
"33100",Abies grandis,Abies,grandis,,,,native,S5,,48.865243589999999,-123.352306200000001,,NA,NA,"66860047",obs_native,file:///D:/Simon/Sync/Root/GIS/Biodiversity%20Data/obs_native.csv?type=csv&maxFields=10000&detectTypes=yes&xField=longitude&yField=latitude&crs=EPSG:4326&spatialIndex=no&subsetIndex=no&watchFile=no
"34100",Abies grandis,Abies,grandis,,,,native,S5,,48.992931669999997,-123.558778300000000,,NA,NA,"68992590",obs_native,file:///D:/Simon/Sync/Root/GIS/Biodiversity%20Data/obs_native.csv?type=csv&maxFields=10000&detectTypes=yes&xField=longitude&yField=latitude&crs=EPSG:4326&spatialIndex=no&subsetIndex=no&watchFile=no
"35100",Abies grandis,Abies,grandis,,,,native,S5,,48.946925000000000,-123.500846699999997,,NA,NA,"70065824",obs_native,file:///D:/Simon/Sync/Root/GIS/Biodiversity%20Data/obs_native.csv?type=csv&maxFields=10000&detectTypes=yes&xField=longitude&yField=latitude&crs=EPSG:4326&spatialIndex=no&subsetIndex=no&watchFile=no
"36100",Abies grandis,Abies,grandis,,,,native,S5,,48.942041670000002,-123.501411700000006,,NA,NA,"72321450",obs_native,file:///D:/Simon/Sync/Root/GIS/Biodiversity%20Data/obs_native.csv?type=csv&maxFields=10000&detectTypes=yes&xField=longitude&yField=latitude&crs=EPSG:4326&spatialIndex=no&subsetIndex=no&watchFile=no
"37100",Abies grandis,Abies,grandis,,,,native,S5,,48.928996669999997,-123.450958299999996,,NA,NA,"83420234",obs_native,file:///D:/Simon/Sync/Root/GIS/Biodiversity%20Data/obs_native.csv?type=csv&maxFields=10000&detectTypes=yes&xField=longitude&yField=latitude&crs=EPSG:4326&spatialIndex=no&subsetIndex=no&watchFile=no
"38100",Abies grandis,Abies,grandis,,,,native,S5,,48.929860720000001,-123.467534700000002,,NA,NA,"84198244",obs_native,file:///D:/Simon/Sync/Root/GIS/Biodiversity%20Data/obs_native.csv?type=csv&maxFields=10000&detectTypes=yes&xField=longitude&yField=latitude&crs=EPSG:4326&spatialIndex=no&subsetIndex=no&watchFile=no
"39100",Abies grandis,Abies,grandis,,,,native,S5,,48.872213330000001,-123.340651699999995,,NA,NA,"87960707",obs_native,file:///D:/Simon/Sync/Root/GIS/Biodiversity%20Data/obs_native.csv?type=csv&maxFields=10000&detectTypes=yes&xField=longitude&yField=latitude&crs=EPSG:4326&spatialIndex=no&subsetIndex=no&watchFile=no
"40100",Abies grandis,Abies,grandis,,,,native,S5,,48.884500820000000,-123.371703400000001,,NA,NA,"93550074",obs_native,file:///D:/Simon/Sync/Root/GIS/Biodiversity%20Data/obs_native.csv?type=csv&maxFields=10000&detectTypes=yes&xField=longitude&yField=latitude&crs=EPSG:4326&spatialIndex=no&subsetIndex=no&watchFile=no
"41100",Abies grandis,Abies,grandis,,,,native,S5,,48.995559999999998,-123.563271700000001,,NA,NA,"94679719",obs_native,file:///D:/Simon/Sync/Root/GIS/Biodiversity%20Data/obs_native.csv?type=csv&maxFields=10000&detectTypes=yes&xField=longitude&yField=latitude&crs=EPSG:4326&spatialIndex=no&subsetIndex=no&watchFile=no
"42100",Abies grandis,Abies,grandis,,,,native,S5,,48.990696669999998,-123.551226700000001,,NA,NA,"100641887",obs_native,file:///D:/Simon/Sync/Root/GIS/Biodiversity%20Data/obs_native.csv?type=csv&maxFields=10000&detectTypes=yes&xField=longitude&yField=latitude&crs=EPSG:4326&spatialIndex=no&subsetIndex=no&watchFile=no
"43100",Abies grandis,Abies,grandis,,,,native,S5,,48.873226449999997,-123.339482099999998,,NA,NA,"101502213",obs_native,file:///D:/Simon/Sync/Root/GIS/Biodiversity%20Data/obs_native.csv?type=csv&maxFields=10000&detectTypes=yes&xField=longitude&yField=latitude&crs=EPSG:4326&spatialIndex=no&subsetIndex=no&watchFile=no
"44100",Abies grandis,Abies,grandis,,,,native,S5,,48.929303210000000,-123.470705600000002,,NA,NA,"101742812",obs_native,file:///D:/Simon/Sync/Root/GIS/Biodiversity%20Data/obs_native.csv?type=csv&maxFields=10000&detectTypes=yes&xField=longitude&yField=latitude&crs=EPSG:4326&spatialIndex=no&subsetIndex=no&watchFile=no
"45100",Abies grandis,Abies,grandis,,,,native,S5,,48.947975000000000,-123.501660000000001,,NA,NA,"107022560",obs_native,file:///D:/Simon/Sync/Root/GIS/Biodiversity%20Data/obs_native.csv?type=csv&maxFields=10000&detectTypes=yes&xField=longitude&yField=latitude&crs=EPSG:4326&spatialIndex=no&subsetIndex=no&watchFile=no
"46100",Abies grandis,Abies,grandis,,,,native,S5,,48.867966899999999,-123.349772400000006,,NA,NA,"107672184",obs_native,file:///D:/Simon/Sync/Root/GIS/Biodiversity%20Data/obs_native.csv?type=csv&maxFields=10000&detectTypes=yes&xField=longitude&yField=latitude&crs=EPSG:4326&spatialIndex=no&subsetIndex=no&watchFile=no
"47100",Abies grandis,Abies,grandis,,,,native,S5,,49.010303000000000,-123.573441000000003,,NA,NA,"110936358",obs_native,file:///D:/Simon/Sync/Root/GIS/Biodiversity%20Data/obs_native.csv?type=csv&maxFields=10000&detectTypes=yes&xField=longitude&yField=latitude&crs=EPSG:4326&spatialIndex=no&subsetIndex=no&watchFile=no
"48100",Abies grandis,Abies,grandis,,,,native,S5,,48.888383330000003,-123.336330000000004,,NA,NA,"121538480",obs_native,file:///D:/Simon/Sync/Root/GIS/Biodiversity%20Data/obs_native.csv?type=csv&maxFields=10000&detectTypes=yes&xField=longitude&yField=latitude&crs=EPSG:4326&spatialIndex=no&subsetIndex=no&watchFile=no
"49100",Abies grandis,Abies,grandis,,,,native,S5,,48.862626669999997,-123.351298299999996,,NA,NA,"122258274",obs_native,file:///D:/Simon/Sync/Root/GIS/Biodiversity%20Data/obs_native.csv?type=csv&maxFields=10000&detectTypes=yes&xField=longitude&yField=latitude&crs=EPSG:4326&spatialIndex=no&subsetIndex=no&watchFile=no
"50100",Abies grandis,Abies,grandis,,,,native,S5,,49.012156670000003,-123.574600000000004,,NA,NA,"123934480",obs_native,file:///D:/Simon/Sync/Root/GIS/Biodiversity%20Data/obs_native.csv?type=csv&maxFields=10000&detectTypes=yes&xField=longitude&yField=latitude&crs=EPSG:4326&spatialIndex=no&subsetIndex=no&watchFile=no
"51100",Abies grandis,Abies,grandis,,,,native,S5,,48.881239999999998,-123.323613300000005,,NA,NA,"127183996",obs_native,file:///D:/Simon/Sync/Root/GIS/Biodiversity%20Data/obs_native.csv?type=csv&maxFields=10000&detectTypes=yes&xField=longitude&yField=latitude&crs=EPSG:4326&spatialIndex=no&subsetIndex=no&watchFile=no
"52100",Acer macrophyllum,Acer,macrophyllum,,,,native,S5,,48.929436000000003,-123.475319999999996,,NA,NA,"2563581",obs_native,file:///D:/Simon/Sync/Root/GIS/Biodiversity%20Data/obs_native.csv?type=csv&maxFields=10000&detectTypes=yes&xField=longitude&yField=latitude&crs=EPSG:4326&spatialIndex=no&subsetIndex=no&watchFile=no
"53100",Acer macrophyllum,Acer,macrophyllum,,,,native,S5,,48.929322999999997,-123.472102000000007,,NA,NA,"2566633",obs_native,file:///D:/Simon/Sync/Root/GIS/Biodiversity%20Data/obs_native.csv?type=csv&maxFields=10000&detectTypes=yes&xField=longitude&yField=latitude&crs=EPSG:4326&spatialIndex=no&subsetIndex=no&watchFile=no
"54100",Acer macrophyllum,Acer,macrophyllum,,,,native,S5,,48.929527999999998,-123.475247999999993,,NA,NA,"2567229",obs_native,file:///D:/Simon/Sync/Root/GIS/Biodiversity%20Data/obs_native.csv?type=csv&maxFields=10000&detectTypes=yes&xField=longitude&yField=latitude&crs=EPSG:4326&spatialIndex=no&subsetIndex=no&watchFile=no
"55100",Acer macrophyllum,Acer,macrophyllum,,,,native,S5,,48.929437000000000,-123.472605999999999,,NA,NA,"2567323",obs_native,file:///D:/Simon/Sync/Root/GIS/Biodiversity%20Data/obs_native.csv?type=csv&maxFields=10000&detectTypes=yes&xField=longitude&yField=latitude&crs=EPSG:4326&spatialIndex=no&subsetIndex=no&watchFile=no
"56100",Acer macrophyllum,Acer,macrophyllum,,,,native,S5,,48.929526000000003,-123.475244000000004,,NA,NA,"2567571",obs_native,file:///D:/Simon/Sync/Root/GIS/Biodiversity%20Data/obs_native.csv?type=csv&maxFields=10000&detectTypes=yes&xField=longitude&yField=latitude&crs=EPSG:4326&spatialIndex=no&subsetIndex=no&watchFile=no
"57100",Acer macrophyllum,Acer,macrophyllum,,,,native,S5,,48.929667000000002,-123.472594999999998,,NA,NA,"2567676",obs_native,file:///D:/Simon/Sync/Root/GIS/Biodiversity%20Data/obs_native.csv?type=csv&maxFields=10000&detectTypes=yes&xField=longitude&yField=latitude&crs=EPSG:4326&spatialIndex=no&subsetIndex=no&watchFile=no
"58100",Acer macrophyllum,Acer,macrophyllum,,,,native,S5,,48.929774000000002,-123.473023999999995,,NA,NA,"2569392",obs_native,file:///D:/Simon/Sync/Root/GIS/Biodiversity%20Data/obs_native.csv?type=csv&maxFields=10000&detectTypes=yes&xField=longitude&yField=latitude&crs=EPSG:4326&spatialIndex=no&subsetIndex=no&watchFile=no
"59100",Acer macrophyllum,Acer,macrophyllum,,,,native,S5,,48.881157999999999,-123.361036999999996,,NA,NA,"2577852",obs_native,file:///D:/Simon/Sync/Root/GIS/Biodiversity%20Data/obs_native.csv?type=csv&maxFields=10000&detectTypes=yes&xField=longitude&yField=latitude&crs=EPSG:4326&spatialIndex=no&subsetIndex=no&watchFile=no
"60100",Acer macrophyllum,Acer,macrophyllum,,,,native,S5,,48.931071000000003,-123.473968999999997,,NA,NA,"2580277",obs_native,file:///D:/Simon/Sync/Root/GIS/Biodiversity%20Data/obs_native.csv?type=csv&maxFields=10000&detectTypes=yes&xField=longitude&yField=latitude&crs=EPSG:4326&spatialIndex=no&subsetIndex=no&watchFile=no
"61100",Acer macrophyllum,Acer,macrophyllum,,,,native,S5,,48.929521000000001,-123.475247999999993,,NA,NA,"2580627",obs_native,file:///D:/Simon/Sync/Root/GIS/Biodiversity%20Data/obs_native.csv?type=csv&maxFields=10000&detectTypes=yes&xField=longitude&yField=latitude&crs=EPSG:4326&spatialIndex=no&subsetIndex=no&watchFile=no
"62100",Acer macrophyllum,Acer,macrophyllum,,,,native,S5,,48.940441999999997,-123.473367999999994,,NA,NA,"2584079",obs_native,file:///D:/Simon/Sync/Root/GIS/Biodiversity%20Data/obs_native.csv?type=csv&maxFields=10000&detectTypes=yes&xField=longitude&yField=latitude&crs=EPSG:4326&spatialIndex=no&subsetIndex=no&watchFile=no
"63100",Acer macrophyllum,Acer,macrophyllum,,,,native,S5,,48.928095999999996,-123.467724000000004,,NA,NA,"2589190",obs_native,file:///D:/Simon/Sync/Root/GIS/Biodiversity%20Data/obs_native.csv?type=csv&maxFields=10000&detectTypes=yes&xField=longitude&yField=latitude&crs=EPSG:4326&spatialIndex=no&subsetIndex=no&watchFile=no
"64100",Acer macrophyllum,Acer,macrophyllum,,,,native,S5,,48.866917000000001,-123.361272999999997,,NA,NA,"2589502",obs_native,file:///D:/Simon/Sync/Root/GIS/Biodiversity%20Data/obs_native.csv?type=csv&maxFields=10000&detectTypes=yes&xField=longitude&yField=latitude&crs=EPSG:4326&spatialIndex=no&subsetIndex=no&watchFile=no
"65100",Acer macrophyllum,Acer,macrophyllum,,,,native,S5,,48.929537000000003,-123.472723999999999,,NA,NA,"2591279",obs_native,file:///D:/Simon/Sync/Root/GIS/Biodiversity%20Data/obs_native.csv?type=csv&maxFields=10000&detectTypes=yes&xField=longitude&yField=latitude&crs=EPSG:4326&spatialIndex=no&subsetIndex=no&watchFile=no
"66100",Acer macrophyllum,Acer,macrophyllum,,,,native,S5,,48.929535000000001,-123.475243000000006,,NA,NA,"2609294",obs_native,file:///D:/Simon/Sync/Root/GIS/Biodiversity%20Data/obs_native.csv?type=csv&maxFields=10000&detectTypes=yes&xField=longitude&yField=latitude&crs=EPSG:4326&spatialIndex=no&subsetIndex=no&watchFile=no
"67100",Acer macrophyllum,Acer,macrophyllum,,,,native,S5,,48.929530999999997,-123.475258999999994,,NA,NA,"2632673",obs_native,file:///D:/Simon/Sync/Root/GIS/Biodiversity%20Data/obs_native.csv?type=csv&maxFields=10000&detectTypes=yes&xField=longitude&yField=latitude&crs=EPSG:4326&spatialIndex=no&subsetIndex=no&watchFile=no
"68100",Acer macrophyllum,Acer,macrophyllum,,,,native,S5,,48.929530999999997,-123.475258999999994,,NA,NA,"2632677",obs_native,file:///D:/Simon/Sync/Root/GIS/Biodiversity%20Data/obs_native.csv?type=csv&maxFields=10000&detectTypes=yes&xField=longitude&yField=latitude&crs=EPSG:4326&spatialIndex=no&subsetIndex=no&watchFile=no
"69100",Acer macrophyllum,Acer,macrophyllum,,,,native,S5,,48.929530999999997,-123.475258999999994,,NA,NA,"2632678",obs_native,file:///D:/Simon/Sync/Root/GIS/Biodiversity%20Data/obs_native.csv?type=csv&maxFields=10000&detectTypes=yes&xField=longitude&yField=latitude&crs=EPSG:4326&spatialIndex=no&subsetIndex=no&watchFile=no
"70100",Acer macrophyllum,Acer,macrophyllum,,,,native,S5,,48.929530999999997,-123.475258999999994,,NA,NA,"2632679",obs_native,file:///D:/Simon/Sync/Root/GIS/Biodiversity%20Data/obs_native.csv?type=csv&maxFields=10000&detectTypes=yes&xField=longitude&yField=latitude&crs=EPSG:4326&spatialIndex=no&subsetIndex=no&watchFile=no
"71100",Acer macrophyllum,Acer,macrophyllum,,,,native,S5,,48.929530999999997,-123.475258999999994,,NA,NA,"2632682",obs_native,file:///D:/Simon/Sync/Root/GIS/Biodiversity%20Data/obs_native.csv?type=csv&maxFields=10000&detectTypes=yes&xField=longitude&yField=latitude&crs=EPSG:4326&spatialIndex=no&subsetIndex=no&watchFile=no
"72100",Acer macrophyllum,Acer,macrophyllum,,,,native,S5,,48.929538999999998,-123.475240999999997,,NA,NA,"2633698",obs_native,file:///D:/Simon/Sync/Root/GIS/Biodiversity%20Data/obs_native.csv?type=csv&maxFields=10000&detectTypes=yes&xField=longitude&yField=latitude&crs=EPSG:4326&spatialIndex=no&subsetIndex=no&watchFile=no
"73100",Acer macrophyllum,Acer,macrophyllum,,,,native,S5,,48.862086669999997,-123.357666699999996,,NA,NA,"2659834",obs_native,file:///D:/Simon/Sync/Root/GIS/Biodiversity%20Data/obs_native.csv?type=csv&maxFields=10000&detectTypes=yes&xField=longitude&yField=latitude&crs=EPSG:4326&spatialIndex=no&subsetIndex=no&watchFile=no
"74100",Acer macrophyllum,Acer,macrophyllum,,,,native,S5,,48.929209999999998,-123.475256000000002,,NA,NA,"2663670",obs_native,file:///D:/Simon/Sync/Root/GIS/Biodiversity%20Data/obs_native.csv?type=csv&maxFields=10000&detectTypes=yes&xField=longitude&yField=latitude&crs=EPSG:4326&spatialIndex=no&subsetIndex=no&watchFile=no
"75100",Acer macrophyllum,Acer,macrophyllum,,,,native,S5,,48.876500000000000,-123.351007999999993,,NA,NA,"2710494",obs_native,file:///D:/Simon/Sync/Root/GIS/Biodiversity%20Data/obs_native.csv?type=csv&maxFields=10000&detectTypes=yes&xField=longitude&yField=latitude&crs=EPSG:4326&spatialIndex=no&subsetIndex=no&watchFile=no
"76100",Acer macrophyllum,Acer,macrophyllum,,,,native,S5,,48.871608000000002,-123.340694999999997,,NA,NA,"2731905",obs_native,file:///D:/Simon/Sync/Root/GIS/Biodiversity%20Data/obs_native.csv?type=csv&maxFields=10000&detectTypes=yes&xField=longitude&yField=latitude&crs=EPSG:4326&spatialIndex=no&subsetIndex=no&watchFile=no
"77100",Acer macrophyllum,Acer,macrophyllum,,,,native,S5,,48.903196000000001,-123.360500000000002,,NA,NA,"2763281",obs_native,file:///D:/Simon/Sync/Root/GIS/Biodiversity%20Data/obs_native.csv?type=csv&maxFields=10000&detectTypes=yes&xField=longitude&yField=latitude&crs=EPSG:4326&spatialIndex=no&subsetIndex=no&watchFile=no
"78100",Acer macrophyllum,Acer,macrophyllum,,,,native,S5,,48.876600000000003,-123.350994999999998,,NA,NA,"2767722",obs_native,file:///D:/Simon/Sync/Root/GIS/Biodiversity%20Data/obs_native.csv?type=csv&maxFields=10000&detectTypes=yes&xField=longitude&yField=latitude&crs=EPSG:4326&spatialIndex=no&subsetIndex=no&watchFile=no
"79100",Acer macrophyllum,Acer,macrophyllum,,,,native,S5,,48.890250999999999,-123.347800000000007,,NA,NA,"2784618",obs_native,file:///D:/Simon/Sync/Root/GIS/Biodiversity%20Data/obs_native.csv?type=csv&maxFields=10000&detectTypes=yes&xField=longitude&yField=latitude&crs=EPSG:4326&spatialIndex=no&subsetIndex=no&watchFile=no
"80100",Acer macrophyllum,Acer,macrophyllum,,,,native,S5,,48.868113999999998,-123.340801999999996,,NA,NA,"2890018",obs_native,file:///D:/Simon/Sync/Root/GIS/Biodiversity%20Data/obs_native.csv?type=csv&maxFields=10000&detectTypes=yes&xField=longitude&yField=latitude&crs=EPSG:4326&spatialIndex=no&subsetIndex=no&watchFile=no
"81100",Acer macrophyllum,Acer,macrophyllum,,,,native,S5,,48.863954999999997,-123.350522999999995,,NA,NA,"2975367",obs_native,file:///D:/Simon/Sync/Root/GIS/Biodiversity%20Data/obs_native.csv?type=csv&maxFields=10000&detectTypes=yes&xField=longitude&yField=latitude&crs=EPSG:4326&spatialIndex=no&subsetIndex=no&watchFile=no
"82100",Acer macrophyllum,Acer,macrophyllum,,,,native,S5,,48.866764000000003,-123.336060000000003,,NA,NA,"3027180",obs_native,file:///D:/Simon/Sync/Root/GIS/Biodiversity%20Data/obs_native.csv?type=csv&maxFields=10000&detectTypes=yes&xField=longitude&yField=latitude&crs=EPSG:4326&spatialIndex=no&subsetIndex=no&watchFile=no
"83100",Acer macrophyllum,Acer,macrophyllum,,,,native,S5,,48.919024999999998,-123.430623999999995,,NA,NA,"3114468",obs_native,file:///D:/Simon/Sync/Root/GIS/Biodiversity%20Data/obs_native.csv?type=csv&maxFields=10000&detectTypes=yes&xField=longitude&yField=latitude&crs=EPSG:4326&spatialIndex=no&subsetIndex=no&watchFile=no
"84100",Acer macrophyllum,Acer,macrophyllum,,,,native,S5,,48.915987999999999,-123.424981000000002,,NA,NA,"3214458",obs_native,file:///D:/Simon/Sync/Root/GIS/Biodiversity%20Data/obs_native.csv?type=csv&maxFields=10000&detectTypes=yes&xField=longitude&yField=latitude&crs=EPSG:4326&spatialIndex=no&subsetIndex=no&watchFile=no
"85100",Acer macrophyllum,Acer,macrophyllum,,,,native,S5,,48.929479000000001,-123.475319999999996,,NA,NA,"3719884",obs_native,file:///D:/Simon/Sync/Root/GIS/Biodiversity%20Data/obs_native.csv?type=csv&maxFields=10000&detectTypes=yes&xField=longitude&yField=latitude&crs=EPSG:4326&spatialIndex=no&subsetIndex=no&watchFile=no
"86100",Acer macrophyllum,Acer,macrophyllum,,,,native,S5,,48.929412999999997,-123.475513000000007,,NA,NA,"3734795",obs_native,file:///D:/Simon/Sync/Root/GIS/Biodiversity%20Data/obs_native.csv?type=csv&maxFields=10000&detectTypes=yes&xField=longitude&yField=latitude&crs=EPSG:4326&spatialIndex=no&subsetIndex=no&watchFile=no
"87100",Acer macrophyllum,Acer,macrophyllum,,,,native,S5,,49.005600450000003,-123.575849500000004,,NA,NA,"3948553",obs_native,file:///D:/Simon/Sync/Root/GIS/Biodiversity%20Data/obs_native.csv?type=csv&maxFields=10000&detectTypes=yes&xField=longitude&yField=latitude&crs=EPSG:4326&spatialIndex=no&subsetIndex=no&watchFile=no
"88100",Acer macrophyllum,Acer,macrophyllum,,,,native,S5,,48.892364999999998,-123.391003999999995,,NA,NA,"4017122",obs_native,file:///D:/Simon/Sync/Root/GIS/Biodiversity%20Data/obs_native.csv?type=csv&maxFields=10000&detectTypes=yes&xField=longitude&yField=latitude&crs=EPSG:4326&spatialIndex=no&subsetIndex=no&watchFile=no
"89100",Acer macrophyllum,Acer,macrophyllum,,,,native,S5,,48.963664000000001,-123.549627999999998,,NA,NA,"4030124",obs_native,file:///D:/Simon/Sync/Root/GIS/Biodiversity%20Data/obs_native.csv?type=csv&maxFields=10000&detectTypes=yes&xField=longitude&yField=latitude&crs=EPSG:4326&spatialIndex=no&subsetIndex=no&watchFile=no
"90100",Acer macrophyllum,Acer,macrophyllum,,,,native,S5,,48.867016999999997,-123.337788000000003,,NA,NA,"4410983",obs_native,file:///D:/Simon/Sync/Root/GIS/Biodiversity%20Data/obs_native.csv?type=csv&maxFields=10000&detectTypes=yes&xField=longitude&yField=latitude&crs=EPSG:4326&spatialIndex=no&subsetIndex=no&watchFile=no
"91100",Acer macrophyllum,Acer,macrophyllum,,,,native,S5,,48.945335000000000,-123.484268000000000,,NA,NA,"5165764",obs_native,file:///D:/Simon/Sync/Root/GIS/Biodiversity%20Data/obs_native.csv?type=csv&maxFields=10000&detectTypes=yes&xField=longitude&yField=latitude&crs=EPSG:4326&spatialIndex=no&subsetIndex=no&watchFile=no
"92100",Acer macrophyllum,Acer,macrophyllum,,,,native,S5,,48.896728000000003,-123.348455000000001,,NA,NA,"5308482",obs_native,file:///D:/Simon/Sync/Root/GIS/Biodiversity%20Data/obs_native.csv?type=csv&maxFields=10000&detectTypes=yes&xField=longitude&yField=latitude&crs=EPSG:4326&spatialIndex=no&subsetIndex=no&watchFile=no
"93100",Acer macrophyllum,Acer,macrophyllum,,,,native,S5,,48.878338999999997,-123.350888999999995,,NA,NA,"5393811",obs_native,file:///D:/Simon/Sync/Root/GIS/Biodiversity%20Data/obs_native.csv?type=csv&maxFields=10000&detectTypes=yes&xField=longitude&yField=latitude&crs=EPSG:4326&spatialIndex=no&subsetIndex=no&watchFile=no
"94100",Acer macrophyllum,Acer,macrophyllum,,,,native,S5,,48.868794000000001,-123.379532999999995,,NA,NA,"5619957",obs_native,file:///D:/Simon/Sync/Root/GIS/Biodiversity%20Data/obs_native.csv?type=csv&maxFields=10000&detectTypes=yes&xField=longitude&yField=latitude&crs=EPSG:4326&spatialIndex=no&subsetIndex=no&watchFile=no
"95100",Acer macrophyllum,Acer,macrophyllum,,,,native,S5,,48.901373909999997,-123.362045300000005,,NA,NA,"5646993",obs_native,file:///D:/Simon/Sync/Root/GIS/Biodiversity%20Data/obs_native.csv?type=csv&maxFields=10000&detectTypes=yes&xField=longitude&yField=latitude&crs=EPSG:4326&spatialIndex=no&subsetIndex=no&watchFile=no
"96100",Acer macrophyllum,Acer,macrophyllum,,,,native,S5,,48.900019780000001,-123.361401599999994,,NA,NA,"5646996",obs_native,file:///D:/Simon/Sync/Root/GIS/Biodiversity%20Data/obs_native.csv?type=csv&maxFields=10000&detectTypes=yes&xField=longitude&yField=latitude&crs=EPSG:4326&spatialIndex=no&subsetIndex=no&watchFile=no
"97100",Acer macrophyllum,Acer,macrophyllum,,,,native,S5,,48.878280179999997,-123.350629499999997,,NA,NA,"5651844",obs_native,file:///D:/Simon/Sync/Root/GIS/Biodiversity%20Data/obs_native.csv?type=csv&maxFields=10000&detectTypes=yes&xField=longitude&yField=latitude&crs=EPSG:4326&spatialIndex=no&subsetIndex=no&watchFile=no
"98100",Acer macrophyllum,Acer,macrophyllum,,,,native,S5,,48.902417690000000,-123.360629099999997,,NA,NA,"5953031",obs_native,file:///D:/Simon/Sync/Root/GIS/Biodiversity%20Data/obs_native.csv?type=csv&maxFields=10000&detectTypes=yes&xField=longitude&yField=latitude&crs=EPSG:4326&spatialIndex=no&subsetIndex=no&watchFile=no
"9994",Acer macrophyllum,Acer,macrophyllum,,,,native,S5,,48.898665610000002,-123.363965699999994,,NA,NA,"5993170",obs_native,file:///D:/Simon/Sync/Root/GIS/Biodiversity%20Data/obs_native.csv?type=csv&maxFields=10000&detectTypes=yes&xField=longitude&yField=latitude&crs=EPSG:4326&spatialIndex=no&subsetIndex=no&watchFile=no
"10010",Acer macrophyllum,Acer,macrophyllum,,,,native,S5,,48.901261069999997,-123.364362700000001,,NA,NA,"6020005",obs_native,file:///D:/Simon/Sync/Root/GIS/Biodiversity%20Data/obs_native.csv?type=csv&maxFields=10000&detectTypes=yes&xField=longitude&yField=latitude&crs=EPSG:4326&spatialIndex=no&subsetIndex=no&watchFile=no
"10110",Acer macrophyllum,Acer,macrophyllum,,,,native,S5,,48.901261069999997,-123.364362700000001,,NA,NA,"6020006",obs_native,file:///D:/Simon/Sync/Root/GIS/Biodiversity%20Data/obs_native.csv?type=csv&maxFields=10000&detectTypes=yes&xField=longitude&yField=latitude&crs=EPSG:4326&spatialIndex=no&subsetIndex=no&watchFile=no
"10210",Acer macrophyllum,Acer,macrophyllum,,,,native,S5,,48.901261069999997,-123.364362700000001,,NA,NA,"6020007",obs_native,file:///D:/Simon/Sync/Root/GIS/Biodiversity%20Data/obs_native.csv?type=csv&maxFields=10000&detectTypes=yes&xField=longitude&yField=latitude&crs=EPSG:4326&spatialIndex=no&subsetIndex=no&watchFile=no
"10310",Acer macrophyllum,Acer,macrophyllum,,,,native,S5,,48.901261069999997,-123.364362700000001,,NA,NA,"6020008",obs_native,file:///D:/Simon/Sync/Root/GIS/Biodiversity%20Data/obs_native.csv?type=csv&maxFields=10000&detectTypes=yes&xField=longitude&yField=latitude&crs=EPSG:4326&spatialIndex=no&subsetIndex=no&watchFile=no
"10410",Acer macrophyllum,Acer,macrophyllum,,,,native,S5,,48.901261069999997,-123.364362700000001,,NA,NA,"6020009",obs_native,file:///D:/Simon/Sync/Root/GIS/Biodiversity%20Data/obs_native.csv?type=csv&maxFields=10000&detectTypes=yes&xField=longitude&yField=latitude&crs=EPSG:4326&spatialIndex=no&subsetIndex=no&watchFile=no
"10510",Acer macrophyllum,Acer,macrophyllum,,,,native,S5,,48.904561620000003,-123.413457899999997,,NA,NA,"6047539",obs_native,file:///D:/Simon/Sync/Root/GIS/Biodiversity%20Data/obs_native.csv?type=csv&maxFields=10000&detectTypes=yes&xField=longitude&yField=latitude&crs=EPSG:4326&spatialIndex=no&subsetIndex=no&watchFile=no
"10610",Acer macrophyllum,Acer,macrophyllum,,,,native,S5,,48.868045960000003,-123.376979800000001,,NA,NA,"6216772",obs_native,file:///D:/Simon/Sync/Root/GIS/Biodiversity%20Data/obs_native.csv?type=csv&maxFields=10000&detectTypes=yes&xField=longitude&yField=latitude&crs=EPSG:4326&spatialIndex=no&subsetIndex=no&watchFile=no
"10710",Acer macrophyllum,Acer,macrophyllum,,,,native,S5,,48.868045960000003,-123.376979800000001,,NA,NA,"6216774",obs_native,file:///D:/Simon/Sync/Root/GIS/Biodiversity%20Data/obs_native.csv?type=csv&maxFields=10000&detectTypes=yes&xField=longitude&yField=latitude&crs=EPSG:4326&spatialIndex=no&subsetIndex=no&watchFile=no
"10810",Acer macrophyllum,Acer,macrophyllum,,,,native,S5,,48.901853490000001,-123.364233999999996,,NA,NA,"6216793",obs_native,file:///D:/Simon/Sync/Root/GIS/Biodiversity%20Data/obs_native.csv?type=csv&maxFields=10000&detectTypes=yes&xField=longitude&yField=latitude&crs=EPSG:4326&spatialIndex=no&subsetIndex=no&watchFile=no
"10910",Acer macrophyllum,Acer,macrophyllum,,,,native,S5,,48.901853490000001,-123.364233999999996,,NA,NA,"6216794",obs_native,file:///D:/Simon/Sync/Root/GIS/Biodiversity%20Data/obs_native.csv?type=csv&maxFields=10000&detectTypes=yes&xField=longitude&yField=latitude&crs=EPSG:4326&spatialIndex=no&subsetIndex=no&watchFile=no
"11010",Acer macrophyllum,Acer,macrophyllum,,,,native,S5,,48.901853490000001,-123.364233999999996,,NA,NA,"6216795",obs_native,file:///D:/Simon/Sync/Root/GIS/Biodiversity%20Data/obs_native.csv?type=csv&maxFields=10000&detectTypes=yes&xField=longitude&yField=latitude&crs=EPSG:4326&spatialIndex=no&subsetIndex=no&watchFile=no
"11110",Acer macrophyllum,Acer,macrophyllum,,,,native,S5,,48.903913000000003,-123.412599999999998,,NA,NA,"6297943",obs_native,file:///D:/Simon/Sync/Root/GIS/Biodiversity%20Data/obs_native.csv?type=csv&maxFields=10000&detectTypes=yes&xField=longitude&yField=latitude&crs=EPSG:4326&spatialIndex=no&subsetIndex=no&watchFile=no
"11210",Acer macrophyllum,Acer,macrophyllum,,,,native,S5,,48.866838029999997,-123.378304499999999,,NA,NA,"6469272",obs_native,file:///D:/Simon/Sync/Root/GIS/Biodiversity%20Data/obs_native.csv?type=csv&maxFields=10000&detectTypes=yes&xField=longitude&yField=latitude&crs=EPSG:4326&spatialIndex=no&subsetIndex=no&watchFile=no
"11310",Acer macrophyllum,Acer,macrophyllum,,,,native,S5,,48.876097999999999,-123.386035000000007,,NA,NA,"6817949",obs_native,file:///D:/Simon/Sync/Root/GIS/Biodiversity%20Data/obs_native.csv?type=csv&maxFields=10000&detectTypes=yes&xField=longitude&yField=latitude&crs=EPSG:4326&spatialIndex=no&subsetIndex=no&watchFile=no
"11410",Acer macrophyllum,Acer,macrophyllum,,,,native,S5,,48.898341000000002,-123.343038000000007,,NA,NA,"8097400",obs_native,file:///D:/Simon/Sync/Root/GIS/Biodiversity%20Data/obs_native.csv?type=csv&maxFields=10000&detectTypes=yes&xField=longitude&yField=latitude&crs=EPSG:4326&spatialIndex=no&subsetIndex=no&watchFile=no
"11510",Acer macrophyllum,Acer,macrophyllum,,,,native,S5,,48.877395999999997,-123.362611000000001,,NA,NA,"9060120",obs_native,file:///D:/Simon/Sync/Root/GIS/Biodiversity%20Data/obs_native.csv?type=csv&maxFields=10000&detectTypes=yes&xField=longitude&yField=latitude&crs=EPSG:4326&spatialIndex=no&subsetIndex=no&watchFile=no
"11610",Acer macrophyllum,Acer,macrophyllum,,,,native,S5,,48.877395999999997,-123.362611000000001,,NA,NA,"9060124",obs_native,file:///D:/Simon/Sync/Root/GIS/Biodiversity%20Data/obs_native.csv?type=csv&maxFields=10000&detectTypes=yes&xField=longitude&yField=latitude&crs=EPSG:4326&spatialIndex=no&subsetIndex=no&watchFile=no
"11710",Acer macrophyllum,Acer,macrophyllum,,,,native,S5,,48.930239000000000,-123.474663000000007,,NA,NA,"9060341",obs_native,file:///D:/Simon/Sync/Root/GIS/Biodiversity%20Data/obs_native.csv?type=csv&maxFields=10000&detectTypes=yes&xField=longitude&yField=latitude&crs=EPSG:4326&spatialIndex=no&subsetIndex=no&watchFile=no
"11810",Acer macrophyllum,Acer,macrophyllum,,,,native,S5,,48.866982999999998,-123.340727999999999,,NA,NA,"10406601",obs_native,file:///D:/Simon/Sync/Root/GIS/Biodiversity%20Data/obs_native.csv?type=csv&maxFields=10000&detectTypes=yes&xField=longitude&yField=latitude&crs=EPSG:4326&spatialIndex=no&subsetIndex=no&watchFile=no
"11910",Acer macrophyllum,Acer,macrophyllum,,,,native,S5,,48.876342000000001,-123.326228999999998,,NA,NA,"10998352",obs_native,file:///D:/Simon/Sync/Root/GIS/Biodiversity%20Data/obs_native.csv?type=csv&maxFields=10000&detectTypes=yes&xField=longitude&yField=latitude&crs=EPSG:4326&spatialIndex=no&subsetIndex=no&watchFile=no
"12010",Acer macrophyllum,Acer,macrophyllum,,,,native,S5,,48.866304999999997,-123.334698000000003,,NA,NA,"11252430",obs_native,file:///D:/Simon/Sync/Root/GIS/Biodiversity%20Data/obs_native.csv?type=csv&maxFields=10000&detectTypes=yes&xField=longitude&yField=latitude&crs=EPSG:4326&spatialIndex=no&subsetIndex=no&watchFile=no
"12110",Acer macrophyllum,Acer,macrophyllum,,,,native,S5,,48.887771999999998,-123.376317000000000,,NA,NA,"11583098",obs_native,file:///D:/Simon/Sync/Root/GIS/Biodiversity%20Data/obs_native.csv?type=csv&maxFields=10000&detectTypes=yes&xField=longitude&yField=latitude&crs=EPSG:4326&spatialIndex=no&subsetIndex=no&watchFile=no
"12210",Acer macrophyllum,Acer,macrophyllum,,,,native,S5,,48.981081000000003,-123.557699999999997,,NA,NA,"11830402",obs_native,file:///D:/Simon/Sync/Root/GIS/Biodiversity%20Data/obs_native.csv?type=csv&maxFields=10000&detectTypes=yes&xField=longitude&yField=latitude&crs=EPSG:4326&spatialIndex=no&subsetIndex=no&watchFile=no
"12310",Acer macrophyllum,Acer,macrophyllum,,,,native,S5,,48.869269000000003,-123.378422999999998,,NA,NA,"12287470",obs_native,file:///D:/Simon/Sync/Root/GIS/Biodiversity%20Data/obs_native.csv?type=csv&maxFields=10000&detectTypes=yes&xField=longitude&yField=latitude&crs=EPSG:4326&spatialIndex=no&subsetIndex=no&watchFile=no
"12410",Acer macrophyllum,Acer,macrophyllum,,,,native,S5,,48.940271000000003,-123.492616999999996,,NA,NA,"12345089",obs_native,file:///D:/Simon/Sync/Root/GIS/Biodiversity%20Data/obs_native.csv?type=csv&maxFields=10000&detectTypes=yes&xField=longitude&yField=latitude&crs=EPSG:4326&spatialIndex=no&subsetIndex=no&watchFile=no
"12510",Acer macrophyllum,Acer,macrophyllum,,,,native,S5,,48.875982999999998,-123.341898000000000,,NA,NA,"12630986",obs_native,file:///D:/Simon/Sync/Root/GIS/Biodiversity%20Data/obs_native.csv?type=csv&maxFields=10000&detectTypes=yes&xField=longitude&yField=latitude&crs=EPSG:4326&spatialIndex=no&subsetIndex=no&watchFile=no
"12610",Acer macrophyllum,Acer,macrophyllum,,,,native,S5,,48.874772999999998,-123.336338999999995,,NA,NA,"12762920",obs_native,file:///D:/Simon/Sync/Root/GIS/Biodiversity%20Data/obs_native.csv?type=csv&maxFields=10000&detectTypes=yes&xField=longitude&yField=latitude&crs=EPSG:4326&spatialIndex=no&subsetIndex=no&watchFile=no
"12710",Acer macrophyllum,Acer,macrophyllum,,,,native,S5,,48.874510000000001,-123.333782999999997,,NA,NA,"12763392",obs_native,file:///D:/Simon/Sync/Root/GIS/Biodiversity%20Data/obs_native.csv?type=csv&maxFields=10000&detectTypes=yes&xField=longitude&yField=latitude&crs=EPSG:4326&spatialIndex=no&subsetIndex=no&watchFile=no
"12810",Acer macrophyllum,Acer,macrophyllum,,,,native,S5,,48.874077000000000,-123.342488000000003,,NA,NA,"12790886",obs_native,file:///D:/Simon/Sync/Root/GIS/Biodiversity%20Data/obs_native.csv?type=csv&maxFields=10000&detectTypes=yes&xField=longitude&yField=latitude&crs=EPSG:4326&spatialIndex=no&subsetIndex=no&watchFile=no
"12910",Acer macrophyllum,Acer,macrophyllum,,,,native,S5,,48.871012999999998,-123.333776999999998,,NA,NA,"12792417",obs_native,file:///D:/Simon/Sync/Root/GIS/Biodiversity%20Data/obs_native.csv?type=csv&maxFields=10000&detectTypes=yes&xField=longitude&yField=latitude&crs=EPSG:4326&spatialIndex=no&subsetIndex=no&watchFile=no
"13010",Acer macrophyllum,Acer,macrophyllum,,,,native,S5,,48.868533999999997,-123.338466999999994,,NA,NA,"12816593",obs_native,file:///D:/Simon/Sync/Root/GIS/Biodiversity%20Data/obs_native.csv?type=csv&maxFields=10000&detectTypes=yes&xField=longitude&yField=latitude&crs=EPSG:4326&spatialIndex=no&subsetIndex=no&watchFile=no
"13110",Acer macrophyllum,Acer,macrophyllum,,,,native,S5,,48.866025999999998,-123.333974999999995,,NA,NA,"12817497",obs_native,file:///D:/Simon/Sync/Root/GIS/Biodiversity%20Data/obs_native.csv?type=csv&maxFields=10000&detectTypes=yes&xField=longitude&yField=latitude&crs=EPSG:4326&spatialIndex=no&subsetIndex=no&watchFile=no
"13210",Acer macrophyllum,Acer,macrophyllum,,,,native,S5,,48.866025999999998,-123.333974999999995,,NA,NA,"12817518",obs_native,file:///D:/Simon/Sync/Root/GIS/Biodiversity%20Data/obs_native.csv?type=csv&maxFields=10000&detectTypes=yes&xField=longitude&yField=latitude&crs=EPSG:4326&spatialIndex=no&subsetIndex=no&watchFile=no
"13310",Acer macrophyllum,Acer,macrophyllum,,,,native,S5,,48.876939000000000,-123.336063999999993,,NA,NA,"13965830",obs_native,file:///D:/Simon/Sync/Root/GIS/Biodiversity%20Data/obs_native.csv?type=csv&maxFields=10000&detectTypes=yes&xField=longitude&yField=latitude&crs=EPSG:4326&spatialIndex=no&subsetIndex=no&watchFile=no
"13410",Acer macrophyllum,Acer,macrophyllum,,,,native,S5,,48.866421000000003,-123.334615999999997,,NA,NA,"13966605",obs_native,file:///D:/Simon/Sync/Root/GIS/Biodiversity%20Data/obs_native.csv?type=csv&maxFields=10000&detectTypes=yes&xField=longitude&yField=latitude&crs=EPSG:4326&spatialIndex=no&subsetIndex=no&watchFile=no
"13510",Acer macrophyllum,Acer,macrophyllum,,,,native,S5,,48.869005119999997,-123.345825800000000,,NA,NA,"13972527",obs_native,file:///D:/Simon/Sync/Root/GIS/Biodiversity%20Data/obs_native.csv?type=csv&maxFields=10000&detectTypes=yes&xField=longitude&yField=latitude&crs=EPSG:4326&spatialIndex=no&subsetIndex=no&watchFile=no
"13610",Acer macrophyllum,Acer,macrophyllum,,,,native,S5,,48.957312940000001,-123.530222499999994,,NA,NA,"16344829",obs_native,file:///D:/Simon/Sync/Root/GIS/Biodiversity%20Data/obs_native.csv?type=csv&maxFields=10000&detectTypes=yes&xField=longitude&yField=latitude&crs=EPSG:4326&spatialIndex=no&subsetIndex=no&watchFile=no
"13710",Acer macrophyllum,Acer,macrophyllum,,,,native,S5,,48.867603400000000,-123.339363399999996,,NA,NA,"20378030",obs_native,file:///D:/Simon/Sync/Root/GIS/Biodiversity%20Data/obs_native.csv?type=csv&maxFields=10000&detectTypes=yes&xField=longitude&yField=latitude&crs=EPSG:4326&spatialIndex=no&subsetIndex=no&watchFile=no
"13810",Acer macrophyllum,Acer,macrophyllum,,,,native,S5,,48.877422610000004,-123.362354800000006,,NA,NA,"21571141",obs_native,file:///D:/Simon/Sync/Root/GIS/Biodiversity%20Data/obs_native.csv?type=csv&maxFields=10000&detectTypes=yes&xField=longitude&yField=latitude&crs=EPSG:4326&spatialIndex=no&subsetIndex=no&watchFile=no
"13910",Acer macrophyllum,Acer,macrophyllum,,,,native,S5,,48.868212550000003,-123.377060299999997,,NA,NA,"21817834",obs_native,file:///D:/Simon/Sync/Root/GIS/Biodiversity%20Data/obs_native.csv?type=csv&maxFields=10000&detectTypes=yes&xField=longitude&yField=latitude&crs=EPSG:4326&spatialIndex=no&subsetIndex=no&watchFile=no
"14010",Acer macrophyllum,Acer,macrophyllum,,,,native,S5,,48.867324820000000,-123.338506499999994,,NA,NA,"22845172",obs_native,file:///D:/Simon/Sync/Root/GIS/Biodiversity%20Data/obs_native.csv?type=csv&maxFields=10000&detectTypes=yes&xField=longitude&yField=latitude&crs=EPSG:4326&spatialIndex=no&subsetIndex=no&watchFile=no
"14110",Acer macrophyllum,Acer,macrophyllum,,,,native,S5,,49.007592539999997,-123.576028399999998,,NA,NA,"24497701",obs_native,file:///D:/Simon/Sync/Root/GIS/Biodiversity%20Data/obs_native.csv?type=csv&maxFields=10000&detectTypes=yes&xField=longitude&yField=latitude&crs=EPSG:4326&spatialIndex=no&subsetIndex=no&watchFile=no
"14210",Acer macrophyllum,Acer,macrophyllum,,,,native,S5,,48.962119999999999,-123.518136699999999,,NA,NA,"24633769",obs_native,file:///D:/Simon/Sync/Root/GIS/Biodiversity%20Data/obs_native.csv?type=csv&maxFields=10000&detectTypes=yes&xField=longitude&yField=latitude&crs=EPSG:4326&spatialIndex=no&subsetIndex=no&watchFile=no
"14310",Acer macrophyllum,Acer,macrophyllum,,,,native,S5,,48.962325000000000,-123.517944400000005,,NA,NA,"24663859",obs_native,file:///D:/Simon/Sync/Root/GIS/Biodiversity%20Data/obs_native.csv?type=csv&maxFields=10000&detectTypes=yes&xField=longitude&yField=latitude&crs=EPSG:4326&spatialIndex=no&subsetIndex=no&watchFile=no
"14410",Acer macrophyllum,Acer,macrophyllum,,,,native,S5,,48.962119440000002,-123.518136100000007,,NA,NA,"24663916",obs_native,file:///D:/Simon/Sync/Root/GIS/Biodiversity%20Data/obs_native.csv?type=csv&maxFields=10000&detectTypes=yes&xField=longitude&yField=latitude&crs=EPSG:4326&spatialIndex=no&subsetIndex=no&watchFile=no
"14510",Acer macrophyllum,Acer,macrophyllum,,,,native,S5,,48.963066670000003,-123.516061100000002,,NA,NA,"24665201",obs_native,file:///D:/Simon/Sync/Root/GIS/Biodiversity%20Data/obs_native.csv?type=csv&maxFields=10000&detectTypes=yes&xField=longitude&yField=latitude&crs=EPSG:4326&spatialIndex=no&subsetIndex=no&watchFile=no
"14610",Acer macrophyllum,Acer,macrophyllum,,,,native,S5,,48.963066670000003,-123.516061100000002,,NA,NA,"24665261",obs_native,file:///D:/Simon/Sync/Root/GIS/Biodiversity%20Data/obs_native.csv?type=csv&maxFields=10000&detectTypes=yes&xField=longitude&yField=latitude&crs=EPSG:4326&spatialIndex=no&subsetIndex=no&watchFile=no
"14710",Acer macrophyllum,Acer,macrophyllum,,,,native,S5,,48.964122220000000,-123.515669399999993,,NA,NA,"24666601",obs_native,file:///D:/Simon/Sync/Root/GIS/Biodiversity%20Data/obs_native.csv?type=csv&maxFields=10000&detectTypes=yes&xField=longitude&yField=latitude&crs=EPSG:4326&spatialIndex=no&subsetIndex=no&watchFile=no
"14810",Acer macrophyllum,Acer,macrophyllum,,,,native,S5,,48.963194440000002,-123.520491699999994,,NA,NA,"24674014",obs_native,file:///D:/Simon/Sync/Root/GIS/Biodiversity%20Data/obs_native.csv?type=csv&maxFields=10000&detectTypes=yes&xField=longitude&yField=latitude&crs=EPSG:4326&spatialIndex=no&subsetIndex=no&watchFile=no
"14910",Acer macrophyllum,Acer,macrophyllum,,,,native,S5,,48.900966670000003,-123.406686100000002,,NA,NA,"24676891",obs_native,file:///D:/Simon/Sync/Root/GIS/Biodiversity%20Data/obs_native.csv?type=csv&maxFields=10000&detectTypes=yes&xField=longitude&yField=latitude&crs=EPSG:4326&spatialIndex=no&subsetIndex=no&watchFile=no
"15010",Acer macrophyllum,Acer,macrophyllum,,,,native,S5,,48.962463890000002,-123.517325000000000,,NA,NA,"24684069",obs_native,file:///D:/Simon/Sync/Root/GIS/Biodiversity%20Data/obs_native.csv?type=csv&maxFields=10000&detectTypes=yes&xField=longitude&yField=latitude&crs=EPSG:4326&spatialIndex=no&subsetIndex=no&watchFile=no
"15110",Acer macrophyllum,Acer,macrophyllum,,,,native,S5,,48.869250000000001,-123.379594400000002,,NA,NA,"24688003",obs_native,file:///D:/Simon/Sync/Root/GIS/Biodiversity%20Data/obs_native.csv?type=csv&maxFields=10000&detectTypes=yes&xField=longitude&yField=latitude&crs=EPSG:4326&spatialIndex=no&subsetIndex=no&watchFile=no
"15210",Acer macrophyllum,Acer,macrophyllum,,,,native,S5,,48.868977780000002,-123.377861100000004,,NA,NA,"24688029",obs_native,file:///D:/Simon/Sync/Root/GIS/Biodiversity%20Data/obs_native.csv?type=csv&maxFields=10000&detectTypes=yes&xField=longitude&yField=latitude&crs=EPSG:4326&spatialIndex=no&subsetIndex=no&watchFile=no
"15310",Acer macrophyllum,Acer,macrophyllum,,,,native,S5,,48.868466669999997,-123.377205599999996,,NA,NA,"24688033",obs_native,file:///D:/Simon/Sync/Root/GIS/Biodiversity%20Data/obs_native.csv?type=csv&maxFields=10000&detectTypes=yes&xField=longitude&yField=latitude&crs=EPSG:4326&spatialIndex=no&subsetIndex=no&watchFile=no
"15410",Acer macrophyllum,Acer,macrophyllum,,,,native,S5,,48.900874680000001,-123.406301700000000,,NA,NA,"24689839",obs_native,file:///D:/Simon/Sync/Root/GIS/Biodiversity%20Data/obs_native.csv?type=csv&maxFields=10000&detectTypes=yes&xField=longitude&yField=latitude&crs=EPSG:4326&spatialIndex=no&subsetIndex=no&watchFile=no
"15510",Acer macrophyllum,Acer,macrophyllum,,,,native,S5,,48.963027779999997,-123.516302800000005,,NA,NA,"24690248",obs_native,file:///D:/Simon/Sync/Root/GIS/Biodiversity%20Data/obs_native.csv?type=csv&maxFields=10000&detectTypes=yes&xField=longitude&yField=latitude&crs=EPSG:4326&spatialIndex=no&subsetIndex=no&watchFile=no
"15610",Acer macrophyllum,Acer,macrophyllum,,,,native,S5,,48.963421670000002,-123.516021699999996,,NA,NA,"24698259",obs_native,file:///D:/Simon/Sync/Root/GIS/Biodiversity%20Data/obs_native.csv?type=csv&maxFields=10000&detectTypes=yes&xField=longitude&yField=latitude&crs=EPSG:4326&spatialIndex=no&subsetIndex=no&watchFile=no
"15710",Acer macrophyllum,Acer,macrophyllum,,,,native,S5,,48.962053330000003,-123.518158299999996,,NA,NA,"24698569",obs_native,file:///D:/Simon/Sync/Root/GIS/Biodiversity%20Data/obs_native.csv?type=csv&maxFields=10000&detectTypes=yes&xField=longitude&yField=latitude&crs=EPSG:4326&spatialIndex=no&subsetIndex=no&watchFile=no
"15810",Acer macrophyllum,Acer,macrophyllum,,,,native,S5,,48.865299999999998,-123.331947200000002,,NA,NA,"24702384",obs_native,file:///D:/Simon/Sync/Root/GIS/Biodiversity%20Data/obs_native.csv?type=csv&maxFields=10000&detectTypes=yes&xField=longitude&yField=latitude&crs=EPSG:4326&spatialIndex=no&subsetIndex=no&watchFile=no
"15910",Acer macrophyllum,Acer,macrophyllum,,,,native,S5,,48.901270869999998,-123.406496399999995,,NA,NA,"24708662",obs_native,file:///D:/Simon/Sync/Root/GIS/Biodiversity%20Data/obs_native.csv?type=csv&maxFields=10000&detectTypes=yes&xField=longitude&yField=latitude&crs=EPSG:4326&spatialIndex=no&subsetIndex=no&watchFile=no
"16010",Acer macrophyllum,Acer,macrophyllum,,,,native,S5,,48.899837650000002,-123.406388000000007,,NA,NA,"24709458",obs_native,file:///D:/Simon/Sync/Root/GIS/Biodiversity%20Data/obs_native.csv?type=csv&maxFields=10000&detectTypes=yes&xField=longitude&yField=latitude&crs=EPSG:4326&spatialIndex=no&subsetIndex=no&watchFile=no
"16110",Acer macrophyllum,Acer,macrophyllum,,,,native,S5,,48.962530680000000,-123.518002600000003,,NA,NA,"24709634",obs_native,file:///D:/Simon/Sync/Root/GIS/Biodiversity%20Data/obs_native.csv?type=csv&maxFields=10000&detectTypes=yes&xField=longitude&yField=latitude&crs=EPSG:4326&spatialIndex=no&subsetIndex=no&watchFile=no
"16210",Acer macrophyllum,Acer,macrophyllum,,,,native,S5,,48.900933330000001,-123.405455000000003,,NA,NA,"24712559",obs_native,file:///D:/Simon/Sync/Root/GIS/Biodiversity%20Data/obs_native.csv?type=csv&maxFields=10000&detectTypes=yes&xField=longitude&yField=latitude&crs=EPSG:4326&spatialIndex=no&subsetIndex=no&watchFile=no
"16310",Acer macrophyllum,Acer,macrophyllum,,,,native,S5,,48.861321150000002,-123.367755900000006,,NA,NA,"24768075",obs_native,file:///D:/Simon/Sync/Root/GIS/Biodiversity%20Data/obs_native.csv?type=csv&maxFields=10000&detectTypes=yes&xField=longitude&yField=latitude&crs=EPSG:4326&spatialIndex=no&subsetIndex=no&watchFile=no
"16410",Acer macrophyllum,Acer,macrophyllum,,,,native,S5,,48.866423330000003,-123.331563299999999,,NA,NA,"24874395",obs_native,file:///D:/Simon/Sync/Root/GIS/Biodiversity%20Data/obs_native.csv?type=csv&maxFields=10000&detectTypes=yes&xField=longitude&yField=latitude&crs=EPSG:4326&spatialIndex=no&subsetIndex=no&watchFile=no
"16510",Acer macrophyllum,Acer,macrophyllum,,,,native,S5,,48.899490890000003,-123.406305000000003,,NA,NA,"24919586",obs_native,file:///D:/Simon/Sync/Root/GIS/Biodiversity%20Data/obs_native.csv?type=csv&maxFields=10000&detectTypes=yes&xField=longitude&yField=latitude&crs=EPSG:4326&spatialIndex=no&subsetIndex=no&watchFile=no
"16610",Acer macrophyllum,Acer,macrophyllum,,,,native,S5,,48.962073619999998,-123.518152400000005,,NA,NA,"24919718",obs_native,file:///D:/Simon/Sync/Root/GIS/Biodiversity%20Data/obs_native.csv?type=csv&maxFields=10000&detectTypes=yes&xField=longitude&yField=latitude&crs=EPSG:4326&spatialIndex=no&subsetIndex=no&watchFile=no
"16710",Acer macrophyllum,Acer,macrophyllum,,,,native,S5,,48.962909969999998,-123.516488600000002,,NA,NA,"24941044",obs_native,file:///D:/Simon/Sync/Root/GIS/Biodiversity%20Data/obs_native.csv?type=csv&maxFields=10000&detectTypes=yes&xField=longitude&yField=latitude&crs=EPSG:4326&spatialIndex=no&subsetIndex=no&watchFile=no
"16810",Acer macrophyllum,Acer,macrophyllum,,,,native,S5,,48.963323570000000,-123.520071900000005,,NA,NA,"24941944",obs_native,file:///D:/Simon/Sync/Root/GIS/Biodiversity%20Data/obs_native.csv?type=csv&maxFields=10000&detectTypes=yes&xField=longitude&yField=latitude&crs=EPSG:4326&spatialIndex=no&subsetIndex=no&watchFile=no
"16910",Acer macrophyllum,Acer,macrophyllum,,,,native,S5,,48.899288929999997,-123.404110399999993,,NA,NA,"25478311",obs_native,file:///D:/Simon/Sync/Root/GIS/Biodiversity%20Data/obs_native.csv?type=csv&maxFields=10000&detectTypes=yes&xField=longitude&yField=latitude&crs=EPSG:4326&spatialIndex=no&subsetIndex=no&watchFile=no
"17010",Acer macrophyllum,Acer,macrophyllum,,,,native,S5,,48.899972769999998,-123.406416300000004,,NA,NA,"25478764",obs_native,file:///D:/Simon/Sync/Root/GIS/Biodiversity%20Data/obs_native.csv?type=csv&maxFields=10000&detectTypes=yes&xField=longitude&yField=latitude&crs=EPSG:4326&spatialIndex=no&subsetIndex=no&watchFile=no
"17110",Acer macrophyllum,Acer,macrophyllum,,,,native,S5,,48.978932639999996,-123.556360299999994,,NA,NA,"25479268",obs_native,file:///D:/Simon/Sync/Root/GIS/Biodiversity%20Data/obs_native.csv?type=csv&maxFields=10000&detectTypes=yes&xField=longitude&yField=latitude&crs=EPSG:4326&spatialIndex=no&subsetIndex=no&watchFile=no
"17210",Acer macrophyllum,Acer,macrophyllum,,,,native,S5,,48.978884030000003,-123.556635900000003,,NA,NA,"25479847",obs_native,file:///D:/Simon/Sync/Root/GIS/Biodiversity%20Data/obs_native.csv?type=csv&maxFields=10000&detectTypes=yes&xField=longitude&yField=latitude&crs=EPSG:4326&spatialIndex=no&subsetIndex=no&watchFile=no
"17310",Acer macrophyllum,Acer,macrophyllum,,,,native,S5,,48.863664419999999,-123.330206300000000,,NA,NA,"25483141",obs_native,file:///D:/Simon/Sync/Root/GIS/Biodiversity%20Data/obs_native.csv?type=csv&maxFields=10000&detectTypes=yes&xField=longitude&yField=latitude&crs=EPSG:4326&spatialIndex=no&subsetIndex=no&watchFile=no
"17410",Acer macrophyllum,Acer,macrophyllum,,,,native,S5,,48.865176800000000,-123.378781700000005,,NA,NA,"32186186",obs_native,file:///D:/Simon/Sync/Root/GIS/Biodiversity%20Data/obs_native.csv?type=csv&maxFields=10000&detectTypes=yes&xField=longitude&yField=latitude&crs=EPSG:4326&spatialIndex=no&subsetIndex=no&watchFile=no
"17510",Acer macrophyllum,Acer,macrophyllum,,,,native,S5,,48.879600600000003,-123.326128100000005,,NA,NA,"34122807",obs_native,file:///D:/Simon/Sync/Root/GIS/Biodiversity%20Data/obs_native.csv?type=csv&maxFields=10000&detectTypes=yes&xField=longitude&yField=latitude&crs=EPSG:4326&spatialIndex=no&subsetIndex=no&watchFile=no
"17610",Acer macrophyllum,Acer,macrophyllum,,,,native,S5,,48.864423530000003,-123.351321299999995,,NA,NA,"35113774",obs_native,file:///D:/Simon/Sync/Root/GIS/Biodiversity%20Data/obs_native.csv?type=csv&maxFields=10000&detectTypes=yes&xField=longitude&yField=latitude&crs=EPSG:4326&spatialIndex=no&subsetIndex=no&watchFile=no
"17710",Acer macrophyllum,Acer,macrophyllum,,,,native,S5,,48.865670000000001,-123.365148300000001,,NA,NA,"42637615",obs_native,file:///D:/Simon/Sync/Root/GIS/Biodiversity%20Data/obs_native.csv?type=csv&maxFields=10000&detectTypes=yes&xField=longitude&yField=latitude&crs=EPSG:4326&spatialIndex=no&subsetIndex=no&watchFile=no
"17810",Acer macrophyllum,Acer,macrophyllum,,,,native,S5,,48.864276670000002,-123.359899999999996,,NA,NA,"42637647",obs_native,file:///D:/Simon/Sync/Root/GIS/Biodiversity%20Data/obs_native.csv?type=csv&maxFields=10000&detectTypes=yes&xField=longitude&yField=latitude&crs=EPSG:4326&spatialIndex=no&subsetIndex=no&watchFile=no
"17910",Acer macrophyllum,Acer,macrophyllum,,,,native,S5,,48.972830559999998,-123.561319400000002,,NA,NA,"42813438",obs_native,file:///D:/Simon/Sync/Root/GIS/Biodiversity%20Data/obs_native.csv?type=csv&maxFields=10000&detectTypes=yes&xField=longitude&yField=latitude&crs=EPSG:4326&spatialIndex=no&subsetIndex=no&watchFile=no
"18010",Acer macrophyllum,Acer,macrophyllum,,,,native,S5,,48.943100000000001,-123.488266699999997,,NA,NA,"45848910",obs_native,file:///D:/Simon/Sync/Root/GIS/Biodiversity%20Data/obs_native.csv?type=csv&maxFields=10000&detectTypes=yes&xField=longitude&yField=latitude&crs=EPSG:4326&spatialIndex=no&subsetIndex=no&watchFile=no
"18110",Acer macrophyllum,Acer,macrophyllum,,,,native,S5,,48.865940500000001,-123.350926999999999,,NA,NA,"48304571",obs_native,file:///D:/Simon/Sync/Root/GIS/Biodiversity%20Data/obs_native.csv?type=csv&maxFields=10000&detectTypes=yes&xField=longitude&yField=latitude&crs=EPSG:4326&spatialIndex=no&subsetIndex=no&watchFile=no
"18210",Acer macrophyllum,Acer,macrophyllum,,,,native,S5,,48.866040210000001,-123.350841200000005,,NA,NA,"48304573",obs_native,file:///D:/Simon/Sync/Root/GIS/Biodiversity%20Data/obs_native.csv?type=csv&maxFields=10000&detectTypes=yes&xField=longitude&yField=latitude&crs=EPSG:4326&spatialIndex=no&subsetIndex=no&watchFile=no
"18310",Acer macrophyllum,Acer,macrophyllum,,,,native,S5,,48.930275790000003,-123.467559199999997,,NA,NA,"52515283",obs_native,file:///D:/Simon/Sync/Root/GIS/Biodiversity%20Data/obs_native.csv?type=csv&maxFields=10000&detectTypes=yes&xField=longitude&yField=latitude&crs=EPSG:4326&spatialIndex=no&subsetIndex=no&watchFile=no
"18410",Acer macrophyllum,Acer,macrophyllum,,,,native,S5,,48.929894760000003,-123.467061900000004,,NA,NA,"52907182",obs_native,file:///D:/Simon/Sync/Root/GIS/Biodiversity%20Data/obs_native.csv?type=csv&maxFields=10000&detectTypes=yes&xField=longitude&yField=latitude&crs=EPSG:4326&spatialIndex=no&subsetIndex=no&watchFile=no
"18510",Acer macrophyllum,Acer,macrophyllum,,,,native,S5,,48.932223610000001,-123.478992000000005,,NA,NA,"53390007",obs_native,file:///D:/Simon/Sync/Root/GIS/Biodiversity%20Data/obs_native.csv?type=csv&maxFields=10000&detectTypes=yes&xField=longitude&yField=latitude&crs=EPSG:4326&spatialIndex=no&subsetIndex=no&watchFile=no
"18610",Acer macrophyllum,Acer,macrophyllum,,,,native,S5,,48.900407670000000,-123.390566300000003,,NA,NA,"61365879",obs_native,file:///D:/Simon/Sync/Root/GIS/Biodiversity%20Data/obs_native.csv?type=csv&maxFields=10000&detectTypes=yes&xField=longitude&yField=latitude&crs=EPSG:4326&spatialIndex=no&subsetIndex=no&watchFile=no
"18710",Acer macrophyllum,Acer,macrophyllum,,,,native,S5,,48.865243589999999,-123.352306200000001,,NA,NA,"66860041",obs_native,file:///D:/Simon/Sync/Root/GIS/Biodiversity%20Data/obs_native.csv?type=csv&maxFields=10000&detectTypes=yes&xField=longitude&yField=latitude&crs=EPSG:4326&spatialIndex=no&subsetIndex=no&watchFile=no
"18810",Acer macrophyllum,Acer,macrophyllum,,,,native,S5,,48.941779400000001,-123.501407599999993,,NA,NA,"70065797",obs_native,file:///D:/Simon/Sync/Root/GIS/Biodiversity%20Data/obs_native.csv?type=csv&maxFields=10000&detectTypes=yes&xField=longitude&yField=latitude&crs=EPSG:4326&spatialIndex=no&subsetIndex=no&watchFile=no
"18910",Acer macrophyllum,Acer,macrophyllum,,,,native,S5,,48.948197219999997,-123.501430600000006,,NA,NA,"70065816",obs_native,file:///D:/Simon/Sync/Root/GIS/Biodiversity%20Data/obs_native.csv?type=csv&maxFields=10000&detectTypes=yes&xField=longitude&yField=latitude&crs=EPSG:4326&spatialIndex=no&subsetIndex=no&watchFile=no
"19010",Acer macrophyllum,Acer,macrophyllum,,,,native,S5,,48.866709190000002,-123.335241999999994,,NA,NA,"72138671",obs_native,file:///D:/Simon/Sync/Root/GIS/Biodiversity%20Data/obs_native.csv?type=csv&maxFields=10000&detectTypes=yes&xField=longitude&yField=latitude&crs=EPSG:4326&spatialIndex=no&subsetIndex=no&watchFile=no
"19110",Acer macrophyllum,Acer,macrophyllum,,,,native,S5,,48.941634999999998,-123.501263300000005,,NA,NA,"72321477",obs_native,file:///D:/Simon/Sync/Root/GIS/Biodiversity%20Data/obs_native.csv?type=csv&maxFields=10000&detectTypes=yes&xField=longitude&yField=latitude&crs=EPSG:4326&spatialIndex=no&subsetIndex=no&watchFile=no
"19210",Acer macrophyllum,Acer,macrophyllum,,,,native,S5,,48.873568329999998,-123.383556700000000,,NA,NA,"77854415",obs_native,file:///D:/Simon/Sync/Root/GIS/Biodiversity%20Data/obs_native.csv?type=csv&maxFields=10000&detectTypes=yes&xField=longitude&yField=latitude&crs=EPSG:4326&spatialIndex=no&subsetIndex=no&watchFile=no
"19310",Acer macrophyllum,Acer,macrophyllum,,,,native,S5,,48.879303329999999,-123.326033300000006,,NA,NA,"78912348",obs_native,file:///D:/Simon/Sync/Root/GIS/Biodiversity%20Data/obs_native.csv?type=csv&maxFields=10000&detectTypes=yes&xField=longitude&yField=latitude&crs=EPSG:4326&spatialIndex=no&subsetIndex=no&watchFile=no
"19410",Acer macrophyllum,Acer,macrophyllum,,,,native,S5,,48.865198010000000,-123.352695199999999,,NA,NA,"83596918",obs_native,file:///D:/Simon/Sync/Root/GIS/Biodiversity%20Data/obs_native.csv?type=csv&maxFields=10000&detectTypes=yes&xField=longitude&yField=latitude&crs=EPSG:4326&spatialIndex=no&subsetIndex=no&watchFile=no
"19510",Acer macrophyllum,Acer,macrophyllum,,,,native,S5,,48.928428330000003,-123.468086700000001,,NA,NA,"83971491",obs_native,file:///D:/Simon/Sync/Root/GIS/Biodiversity%20Data/obs_native.csv?type=csv&maxFields=10000&detectTypes=yes&xField=longitude&yField=latitude&crs=EPSG:4326&spatialIndex=no&subsetIndex=no&watchFile=no
"19610",Acer macrophyllum,Acer,macrophyllum,,,,native,S5,,48.944417070000000,-123.490216799999999,,NA,NA,"84485663",obs_native,file:///D:/Simon/Sync/Root/GIS/Biodiversity%20Data/obs_native.csv?type=csv&maxFields=10000&detectTypes=yes&xField=longitude&yField=latitude&crs=EPSG:4326&spatialIndex=no&subsetIndex=no&watchFile=no
"19710",Acer macrophyllum,Acer,macrophyllum,,,,native,S5,,48.874256670000001,-123.319633300000007,,NA,NA,"86360313",obs_native,file:///D:/Simon/Sync/Root/GIS/Biodiversity%20Data/obs_native.csv?type=csv&maxFields=10000&detectTypes=yes&xField=longitude&yField=latitude&crs=EPSG:4326&spatialIndex=no&subsetIndex=no&watchFile=no
"19810",Acer macrophyllum,Acer,macrophyllum,,,,native,S5,,48.874755000000000,-123.320643300000000,,NA,NA,"86360410",obs_native,file:///D:/Simon/Sync/Root/GIS/Biodiversity%20Data/obs_native.csv?type=csv&maxFields=10000&detectTypes=yes&xField=longitude&yField=latitude&crs=EPSG:4326&spatialIndex=no&subsetIndex=no&watchFile=no
"19910",Acer macrophyllum,Acer,macrophyllum,,,,native,S5,,48.867899430000001,-123.342420500000003,,NA,NA,"86633398",obs_native,file:///D:/Simon/Sync/Root/GIS/Biodiversity%20Data/obs_native.csv?type=csv&maxFields=10000&detectTypes=yes&xField=longitude&yField=latitude&crs=EPSG:4326&spatialIndex=no&subsetIndex=no&watchFile=no
"20010",Acer macrophyllum,Acer,macrophyllum,,,,native,S5,,48.872745049999999,-123.342777799999993,,NA,NA,"87960703",obs_native,file:///D:/Simon/Sync/Root/GIS/Biodiversity%20Data/obs_native.csv?type=csv&maxFields=10000&detectTypes=yes&xField=longitude&yField=latitude&crs=EPSG:4326&spatialIndex=no&subsetIndex=no&watchFile=no
"20110",Acer macrophyllum,Acer,macrophyllum,,,,native,S5,,48.868418329999997,-123.336096699999999,,NA,NA,"94748735",obs_native,file:///D:/Simon/Sync/Root/GIS/Biodiversity%20Data/obs_native.csv?type=csv&maxFields=10000&detectTypes=yes&xField=longitude&yField=latitude&crs=EPSG:4326&spatialIndex=no&subsetIndex=no&watchFile=no
"20210",Acer macrophyllum,Acer,macrophyllum,,,,native,S5,,48.990113330000000,-123.551496700000001,,NA,NA,"100641809",obs_native,file:///D:/Simon/Sync/Root/GIS/Biodiversity%20Data/obs_native.csv?type=csv&maxFields=10000&detectTypes=yes&xField=longitude&yField=latitude&crs=EPSG:4326&spatialIndex=no&subsetIndex=no&watchFile=no
"20310",Acer macrophyllum,Acer,macrophyllum,,,,native,S5,,48.990555000000001,-123.551183300000005,,NA,NA,"100641880",obs_native,file:///D:/Simon/Sync/Root/GIS/Biodiversity%20Data/obs_native.csv?type=csv&maxFields=10000&detectTypes=yes&xField=longitude&yField=latitude&crs=EPSG:4326&spatialIndex=no&subsetIndex=no&watchFile=no
"20410",Acer macrophyllum,Acer,macrophyllum,,,,native,S5,,48.899645000000000,-123.344358600000007,,NA,NA,"100646699",obs_native,file:///D:/Simon/Sync/Root/GIS/Biodiversity%20Data/obs_native.csv?type=csv&maxFields=10000&detectTypes=yes&xField=longitude&yField=latitude&crs=EPSG:4326&spatialIndex=no&subsetIndex=no&watchFile=no
"20510",Acer macrophyllum,Acer,macrophyllum,,,,native,S5,,48.872828329999997,-123.345857600000002,,NA,NA,"101067814",obs_native,file:///D:/Simon/Sync/Root/GIS/Biodiversity%20Data/obs_native.csv?type=csv&maxFields=10000&detectTypes=yes&xField=longitude&yField=latitude&crs=EPSG:4326&spatialIndex=no&subsetIndex=no&watchFile=no
"20610",Acer macrophyllum,Acer,macrophyllum,,,,native,S5,,48.969134429999997,-123.523278199999993,,NA,NA,"107021657",obs_native,file:///D:/Simon/Sync/Root/GIS/Biodiversity%20Data/obs_native.csv?type=csv&maxFields=10000&detectTypes=yes&xField=longitude&yField=latitude&crs=EPSG:4326&spatialIndex=no&subsetIndex=no&watchFile=no
"20710",Acer macrophyllum,Acer,macrophyllum,,,,native,S5,,48.947568330000003,-123.500574999999998,,NA,NA,"107022586",obs_native,file:///D:/Simon/Sync/Root/GIS/Biodiversity%20Data/obs_native.csv?type=csv&maxFields=10000&detectTypes=yes&xField=longitude&yField=latitude&crs=EPSG:4326&spatialIndex=no&subsetIndex=no&watchFile=no
"20810",Acer macrophyllum,Acer,macrophyllum,,,,native,S5,,49.000733330000003,-123.584069999999997,,NA,NA,"109621680",obs_native,file:///D:/Simon/Sync/Root/GIS/Biodiversity%20Data/obs_native.csv?type=csv&maxFields=10000&detectTypes=yes&xField=longitude&yField=latitude&crs=EPSG:4326&spatialIndex=no&subsetIndex=no&watchFile=no
"20910",Acer macrophyllum,Acer,macrophyllum,,,,native,S5,,48.864341670000002,-123.330879999999993,,NA,NA,"109624679",obs_native,file:///D:/Simon/Sync/Root/GIS/Biodiversity%20Data/obs_native.csv?type=csv&maxFields=10000&detectTypes=yes&xField=longitude&yField=latitude&crs=EPSG:4326&spatialIndex=no&subsetIndex=no&watchFile=no
"21010",Acer macrophyllum,Acer,macrophyllum,,,,native,S5,,48.863705340000003,-123.368749399999999,,NA,NA,"110932100",obs_native,file:///D:/Simon/Sync/Root/GIS/Biodiversity%20Data/obs_native.csv?type=csv&maxFields=10000&detectTypes=yes&xField=longitude&yField=latitude&crs=EPSG:4326&spatialIndex=no&subsetIndex=no&watchFile=no
"21110",Acer macrophyllum,Acer,macrophyllum,,,,native,S5,,48.863846310000000,-123.365037200000003,,NA,NA,"111610110",obs_native,file:///D:/Simon/Sync/Root/GIS/Biodiversity%20Data/obs_native.csv?type=csv&maxFields=10000&detectTypes=yes&xField=longitude&yField=latitude&crs=EPSG:4326&spatialIndex=no&subsetIndex=no&watchFile=no
"21210",Acer macrophyllum,Acer,macrophyllum,,,,native,S5,,48.861250609999999,-123.364863700000001,,NA,NA,"111867202",obs_native,file:///D:/Simon/Sync/Root/GIS/Biodiversity%20Data/obs_native.csv?type=csv&maxFields=10000&detectTypes=yes&xField=longitude&yField=latitude&crs=EPSG:4326&spatialIndex=no&subsetIndex=no&watchFile=no
"21310",Acer macrophyllum,Acer,macrophyllum,,,,native,S5,,48.985055459999998,-123.550650399999995,,NA,NA,"111965326",obs_native,file:///D:/Simon/Sync/Root/GIS/Biodiversity%20Data/obs_native.csv?type=csv&maxFields=10000&detectTypes=yes&xField=longitude&yField=latitude&crs=EPSG:4326&spatialIndex=no&subsetIndex=no&watchFile=no
"21410",Acer macrophyllum,Acer,macrophyllum,,,,native,S5,,48.866331670000001,-123.334265000000002,,NA,NA,"114482503",obs_native,file:///D:/Simon/Sync/Root/GIS/Biodiversity%20Data/obs_native.csv?type=csv&maxFields=10000&detectTypes=yes&xField=longitude&yField=latitude&crs=EPSG:4326&spatialIndex=no&subsetIndex=no&watchFile=no
"21510",Acer macrophyllum,Acer,macrophyllum,,,,native,S5,,48.866511670000001,-123.332686699999996,,NA,NA,"117176169",obs_native,file:///D:/Simon/Sync/Root/GIS/Biodiversity%20Data/obs_native.csv?type=csv&maxFields=10000&detectTypes=yes&xField=longitude&yField=latitude&crs=EPSG:4326&spatialIndex=no&subsetIndex=no&watchFile=no
"21610",Acer macrophyllum,Acer,macrophyllum,,,,native,S5,,48.988547550000000,-123.562966799999998,,NA,NA,"117239082",obs_native,file:///D:/Simon/Sync/Root/GIS/Biodiversity%20Data/obs_native.csv?type=csv&maxFields=10000&detectTypes=yes&xField=longitude&yField=latitude&crs=EPSG:4326&spatialIndex=no&subsetIndex=no&watchFile=no
"21710",Acer macrophyllum,Acer,macrophyllum,,,,native,S5,,48.888264999999997,-123.336333300000007,,NA,NA,"121538491",obs_native,file:///D:/Simon/Sync/Root/GIS/Biodiversity%20Data/obs_native.csv?type=csv&maxFields=10000&detectTypes=yes&xField=longitude&yField=latitude&crs=EPSG:4326&spatialIndex=no&subsetIndex=no&watchFile=no
"21810",Acer macrophyllum,Acer,macrophyllum,,,,native,S5,,48.916865540000003,-123.413560899999993,,NA,NA,"121638275",obs_native,file:///D:/Simon/Sync/Root/GIS/Biodiversity%20Data/obs_native.csv?type=csv&maxFields=10000&detectTypes=yes&xField=longitude&yField=latitude&crs=EPSG:4326&spatialIndex=no&subsetIndex=no&watchFile=no
"21910",Acer macrophyllum,Acer,macrophyllum,,,,native,S5,,48.863023329999997,-123.350991699999994,,NA,NA,"122258285",obs_native,file:///D:/Simon/Sync/Root/GIS/Biodiversity%20Data/obs_native.csv?type=csv&maxFields=10000&detectTypes=yes&xField=longitude&yField=latitude&crs=EPSG:4326&spatialIndex=no&subsetIndex=no&watchFile=no
"22010",Acer macrophyllum,Acer,macrophyllum,,,,native,S5,,48.924196119999998,-123.461985799999994,,NA,NA,"123934401",obs_native,file:///D:/Simon/Sync/Root/GIS/Biodiversity%20Data/obs_native.csv?type=csv&maxFields=10000&detectTypes=yes&xField=longitude&yField=latitude&crs=EPSG:4326&spatialIndex=no&subsetIndex=no&watchFile=no
"22110",Acer macrophyllum,Acer,macrophyllum,,,,native,S5,,48.957746579999998,-123.542774800000004,,NA,NA,"123934437",obs_native,file:///D:/Simon/Sync/Root/GIS/Biodiversity%20Data/obs_native.csv?type=csv&maxFields=10000&detectTypes=yes&xField=longitude&yField=latitude&crs=EPSG:4326&spatialIndex=no&subsetIndex=no&watchFile=no
"22210",Acer macrophyllum,Acer,macrophyllum,,,,native,S5,,48.990513190000001,-123.560825399999999,,NA,NA,"126719826",obs_native,file:///D:/Simon/Sync/Root/GIS/Biodiversity%20Data/obs_native.csv?type=csv&maxFields=10000&detectTypes=yes&xField=longitude&yField=latitude&crs=EPSG:4326&spatialIndex=no&subsetIndex=no&watchFile=no
"22310",Acer macrophyllum,Acer,macrophyllum,,,,native,S5,,48.993153329999998,-123.581694999999996,,NA,NA,"129717744",obs_native,file:///D:/Simon/Sync/Root/GIS/Biodiversity%20Data/obs_native.csv?type=csv&maxFields=10000&detectTypes=yes&xField=longitude&yField=latitude&crs=EPSG:4326&spatialIndex=no&subsetIndex=no&watchFile=no
"22410",Acer macrophyllum,Acer,macrophyllum,,,,native,S5,,48.866413330000000,-123.356588299999999,,NA,NA,"132887366",obs_native,file:///D:/Simon/Sync/Root/GIS/Biodiversity%20Data/obs_native.csv?type=csv&maxFields=10000&detectTypes=yes&xField=longitude&yField=latitude&crs=EPSG:4326&spatialIndex=no&subsetIndex=no&watchFile=no
"22510",Acer macrophyllum,Acer,macrophyllum,,,,native,S5,,48.929718530000002,-123.473223899999994,,NA,NA,"134336184",obs_native,file:///D:/Simon/Sync/Root/GIS/Biodiversity%20Data/obs_native.csv?type=csv&maxFields=10000&detectTypes=yes&xField=longitude&yField=latitude&crs=EPSG:4326&spatialIndex=no&subsetIndex=no&watchFile=no
"22610",Acer macrophyllum,Acer,macrophyllum,,,,native,S5,,48.892078329999997,-123.386566700000003,,NA,NA,"135830358",obs_native,file:///D:/Simon/Sync/Root/GIS/Biodiversity%20Data/obs_native.csv?type=csv&maxFields=10000&detectTypes=yes&xField=longitude&yField=latitude&crs=EPSG:4326&spatialIndex=no&subsetIndex=no&watchFile=no
"29210",Achlys triphylla,Achlys,triphylla,,,,native,S5,,48.933219000000001,-123.480104999999995,,NA,NA,"2567650",obs_native,file:///D:/Simon/Sync/Root/GIS/Biodiversity%20Data/obs_native.csv?type=csv&maxFields=10000&detectTypes=yes&xField=longitude&yField=latitude&crs=EPSG:4326&spatialIndex=no&subsetIndex=no&watchFile=no
"29310",Achlys triphylla,Achlys,triphylla,,,,native,S5,,48.930236000000001,-123.467016000000001,,NA,NA,"2567732",obs_native,file:///D:/Simon/Sync/Root/GIS/Biodiversity%20Data/obs_native.csv?type=csv&maxFields=10000&detectTypes=yes&xField=longitude&yField=latitude&crs=EPSG:4326&spatialIndex=no&subsetIndex=no&watchFile=no
"29410",Achlys triphylla,Achlys,triphylla,,,,native,S5,,48.868971999999999,-123.342927000000003,,NA,NA,"2583396",obs_native,file:///D:/Simon/Sync/Root/GIS/Biodiversity%20Data/obs_native.csv?type=csv&maxFields=10000&detectTypes=yes&xField=longitude&yField=latitude&crs=EPSG:4326&spatialIndex=no&subsetIndex=no&watchFile=no
"29510",Achlys triphylla,Achlys,triphylla,,,,native,S5,,48.947499999999998,-123.489654000000002,,NA,NA,"2583446",obs_native,file:///D:/Simon/Sync/Root/GIS/Biodiversity%20Data/obs_native.csv?type=csv&maxFields=10000&detectTypes=yes&xField=longitude&yField=latitude&crs=EPSG:4326&spatialIndex=no&subsetIndex=no&watchFile=no
"29610",Achlys triphylla,Achlys,triphylla,,,,native,S5,,48.865591999999999,-123.352069000000000,,NA,NA,"2622649",obs_native,file:///D:/Simon/Sync/Root/GIS/Biodiversity%20Data/obs_native.csv?type=csv&maxFields=10000&detectTypes=yes&xField=longitude&yField=latitude&crs=EPSG:4326&spatialIndex=no&subsetIndex=no&watchFile=no
"29710",Achlys triphylla,Achlys,triphylla,,,,native,S5,,48.897776999999998,-123.368418000000005,,NA,NA,"2886974",obs_native,file:///D:/Simon/Sync/Root/GIS/Biodiversity%20Data/obs_native.csv?type=csv&maxFields=10000&detectTypes=yes&xField=longitude&yField=latitude&crs=EPSG:4326&spatialIndex=no&subsetIndex=no&watchFile=no
"29810",Achlys triphylla,Achlys,triphylla,,,,native,S5,,48.868870000000001,-123.327026000000004,,NA,NA,"2889829",obs_native,file:///D:/Simon/Sync/Root/GIS/Biodiversity%20Data/obs_native.csv?type=csv&maxFields=10000&detectTypes=yes&xField=longitude&yField=latitude&crs=EPSG:4326&spatialIndex=no&subsetIndex=no&watchFile=no
"29910",Achlys triphylla,Achlys,triphylla,,,,native,S5,,48.866116669999997,-123.322175000000001,,NA,NA,"2959086",obs_native,file:///D:/Simon/Sync/Root/GIS/Biodiversity%20Data/obs_native.csv?type=csv&maxFields=10000&detectTypes=yes&xField=longitude&yField=latitude&crs=EPSG:4326&spatialIndex=no&subsetIndex=no&watchFile=no
"30010",Achlys triphylla,Achlys,triphylla,,,,native,S5,,48.916645000000003,-123.424272999999999,,NA,NA,"3093558",obs_native,file:///D:/Simon/Sync/Root/GIS/Biodiversity%20Data/obs_native.csv?type=csv&maxFields=10000&detectTypes=yes&xField=longitude&yField=latitude&crs=EPSG:4326&spatialIndex=no&subsetIndex=no&watchFile=no
"30110",Achlys triphylla,Achlys,triphylla,,,,native,S5,,48.934009000000003,-123.471886999999995,,NA,NA,"3104473",obs_native,file:///D:/Simon/Sync/Root/GIS/Biodiversity%20Data/obs_native.csv?type=csv&maxFields=10000&detectTypes=yes&xField=longitude&yField=latitude&crs=EPSG:4326&spatialIndex=no&subsetIndex=no&watchFile=no
"30210",Achlys triphylla,Achlys,triphylla,,,,native,S5,,48.948469000000003,-123.503151000000003,,NA,NA,"3403001",obs_native,file:///D:/Simon/Sync/Root/GIS/Biodiversity%20Data/obs_native.csv?type=csv&maxFields=10000&detectTypes=yes&xField=longitude&yField=latitude&crs=EPSG:4326&spatialIndex=no&subsetIndex=no&watchFile=no
"30310",Achlys triphylla,Achlys,triphylla,,,,native,S5,,48.869185240000000,-123.346359699999994,,NA,NA,"3649997",obs_native,file:///D:/Simon/Sync/Root/GIS/Biodiversity%20Data/obs_native.csv?type=csv&maxFields=10000&detectTypes=yes&xField=longitude&yField=latitude&crs=EPSG:4326&spatialIndex=no&subsetIndex=no&watchFile=no
"30410",Achlys triphylla,Achlys,triphylla,,,,native,S5,,48.868890250000000,-123.346141399999993,,NA,NA,"5652958",obs_native,file:///D:/Simon/Sync/Root/GIS/Biodiversity%20Data/obs_native.csv?type=csv&maxFields=10000&detectTypes=yes&xField=longitude&yField=latitude&crs=EPSG:4326&spatialIndex=no&subsetIndex=no&watchFile=no
"30510",Achlys triphylla,Achlys,triphylla,,,,native,S5,,48.867820119999998,-123.337197300000000,,NA,NA,"5655030",obs_native,file:///D:/Simon/Sync/Root/GIS/Biodiversity%20Data/obs_native.csv?type=csv&maxFields=10000&detectTypes=yes&xField=longitude&yField=latitude&crs=EPSG:4326&spatialIndex=no&subsetIndex=no&watchFile=no
"30610",Achlys triphylla,Achlys,triphylla,,,,native,S5,,48.906225919999997,-123.360671999999994,,NA,NA,"5885595",obs_native,file:///D:/Simon/Sync/Root/GIS/Biodiversity%20Data/obs_native.csv?type=csv&maxFields=10000&detectTypes=yes&xField=longitude&yField=latitude&crs=EPSG:4326&spatialIndex=no&subsetIndex=no&watchFile=no
"30710",Achlys triphylla,Achlys,triphylla,,,,native,S5,,48.906282330000003,-123.358955399999999,,NA,NA,"5885684",obs_native,file:///D:/Simon/Sync/Root/GIS/Biodiversity%20Data/obs_native.csv?type=csv&maxFields=10000&detectTypes=yes&xField=longitude&yField=latitude&crs=EPSG:4326&spatialIndex=no&subsetIndex=no&watchFile=no
"30810",Achlys triphylla,Achlys,triphylla,,,,native,S5,,48.904688559999997,-123.357871799999998,,NA,NA,"5900167",obs_native,file:///D:/Simon/Sync/Root/GIS/Biodiversity%20Data/obs_native.csv?type=csv&maxFields=10000&detectTypes=yes&xField=longitude&yField=latitude&crs=EPSG:4326&spatialIndex=no&subsetIndex=no&watchFile=no
"30910",Achlys triphylla,Achlys,triphylla,,,,native,S5,,48.901345700000000,-123.364856200000006,,NA,NA,"5953019",obs_native,file:///D:/Simon/Sync/Root/GIS/Biodiversity%20Data/obs_native.csv?type=csv&maxFields=10000&detectTypes=yes&xField=longitude&yField=latitude&crs=EPSG:4326&spatialIndex=no&subsetIndex=no&watchFile=no
"31010",Achlys triphylla,Achlys,triphylla,,,,native,S5,,48.898863089999999,-123.353912800000003,,NA,NA,"5953037",obs_native,file:///D:/Simon/Sync/Root/GIS/Biodiversity%20Data/obs_native.csv?type=csv&maxFields=10000&detectTypes=yes&xField=longitude&yField=latitude&crs=EPSG:4326&spatialIndex=no&subsetIndex=no&watchFile=no
"31110",Achlys triphylla,Achlys,triphylla,,,,native,S5,,48.897903870000000,-123.362978699999999,,NA,NA,"5993182",obs_native,file:///D:/Simon/Sync/Root/GIS/Biodiversity%20Data/obs_native.csv?type=csv&maxFields=10000&detectTypes=yes&xField=longitude&yField=latitude&crs=EPSG:4326&spatialIndex=no&subsetIndex=no&watchFile=no
"31210",Achlys triphylla,Achlys,triphylla,,,,native,S5,,48.901261069999997,-123.364362700000001,,NA,NA,"6020011",obs_native,file:///D:/Simon/Sync/Root/GIS/Biodiversity%20Data/obs_native.csv?type=csv&maxFields=10000&detectTypes=yes&xField=longitude&yField=latitude&crs=EPSG:4326&spatialIndex=no&subsetIndex=no&watchFile=no
"31310",Achlys triphylla,Achlys,triphylla,,,,native,S5,,48.976160890000003,-123.548855799999998,,NA,NA,"6085934",obs_native,file:///D:/Simon/Sync/Root/GIS/Biodiversity%20Data/obs_native.csv?type=csv&maxFields=10000&detectTypes=yes&xField=longitude&yField=latitude&crs=EPSG:4326&spatialIndex=no&subsetIndex=no&watchFile=no
"31410",Achlys triphylla,Achlys,triphylla,,,,native,S5,,48.970639560000002,-123.542718899999997,,NA,NA,"6216787",obs_native,file:///D:/Simon/Sync/Root/GIS/Biodiversity%20Data/obs_native.csv?type=csv&maxFields=10000&detectTypes=yes&xField=longitude&yField=latitude&crs=EPSG:4326&spatialIndex=no&subsetIndex=no&watchFile=no
"31510",Achlys triphylla,Achlys,triphylla,,,,native,S5,,48.901853490000001,-123.364233999999996,,NA,NA,"6216796",obs_native,file:///D:/Simon/Sync/Root/GIS/Biodiversity%20Data/obs_native.csv?type=csv&maxFields=10000&detectTypes=yes&xField=longitude&yField=latitude&crs=EPSG:4326&spatialIndex=no&subsetIndex=no&watchFile=no
"31610",Achlys triphylla,Achlys,triphylla,,,,native,S5,,49.011795350000000,-123.574218799999997,,NA,NA,"6309411",obs_native,file:///D:/Simon/Sync/Root/GIS/Biodiversity%20Data/obs_native.csv?type=csv&maxFields=10000&detectTypes=yes&xField=longitude&yField=latitude&crs=EPSG:4326&spatialIndex=no&subsetIndex=no&watchFile=no
"31710",Achlys triphylla,Achlys,triphylla,,,,native,S5,,48.963990619999997,-123.548555399999998,,NA,NA,"6391055",obs_native,file:///D:/Simon/Sync/Root/GIS/Biodiversity%20Data/obs_native.csv?type=csv&maxFields=10000&detectTypes=yes&xField=longitude&yField=latitude&crs=EPSG:4326&spatialIndex=no&subsetIndex=no&watchFile=no
"31810",Achlys triphylla,Achlys,triphylla,,,,native,S5,,48.943192879999998,-123.484139400000004,,NA,NA,"6411180",obs_native,file:///D:/Simon/Sync/Root/GIS/Biodiversity%20Data/obs_native.csv?type=csv&maxFields=10000&detectTypes=yes&xField=longitude&yField=latitude&crs=EPSG:4326&spatialIndex=no&subsetIndex=no&watchFile=no
"31910",Achlys triphylla,Achlys,triphylla,,,,native,S5,,48.866500000000002,-123.350668999999996,,NA,NA,"6532263",obs_native,file:///D:/Simon/Sync/Root/GIS/Biodiversity%20Data/obs_native.csv?type=csv&maxFields=10000&detectTypes=yes&xField=longitude&yField=latitude&crs=EPSG:4326&spatialIndex=no&subsetIndex=no&watchFile=no
"32010",Achlys triphylla,Achlys,triphylla,,,,native,S5,,48.972264469999999,-123.554649400000002,,NA,NA,"6611381",obs_native,file:///D:/Simon/Sync/Root/GIS/Biodiversity%20Data/obs_native.csv?type=csv&maxFields=10000&detectTypes=yes&xField=longitude&yField=latitude&crs=EPSG:4326&spatialIndex=no&subsetIndex=no&watchFile=no
"32110",Achlys triphylla,Achlys,triphylla,,,,native,S5,,48.867700499999998,-123.343105100000002,,NA,NA,"10407071",obs_native,file:///D:/Simon/Sync/Root/GIS/Biodiversity%20Data/obs_native.csv?type=csv&maxFields=10000&detectTypes=yes&xField=longitude&yField=latitude&crs=EPSG:4326&spatialIndex=no&subsetIndex=no&watchFile=no
"32210",Achlys triphylla,Achlys,triphylla,,,,native,S5,,48.872655559999998,-123.338975000000005,,NA,NA,"12068657",obs_native,file:///D:/Simon/Sync/Root/GIS/Biodiversity%20Data/obs_native.csv?type=csv&maxFields=10000&detectTypes=yes&xField=longitude&yField=latitude&crs=EPSG:4326&spatialIndex=no&subsetIndex=no&watchFile=no
"32310",Achlys triphylla,Achlys,triphylla,,,,native,S5,,48.911310000000000,-123.396345999999994,,NA,NA,"12314621",obs_native,file:///D:/Simon/Sync/Root/GIS/Biodiversity%20Data/obs_native.csv?type=csv&maxFields=10000&detectTypes=yes&xField=longitude&yField=latitude&crs=EPSG:4326&spatialIndex=no&subsetIndex=no&watchFile=no
"32410",Achlys triphylla,Achlys,triphylla,,,,native,S5,,48.875487000000000,-123.342487000000006,,NA,NA,"12631321",obs_native,file:///D:/Simon/Sync/Root/GIS/Biodiversity%20Data/obs_native.csv?type=csv&maxFields=10000&detectTypes=yes&xField=longitude&yField=latitude&crs=EPSG:4326&spatialIndex=no&subsetIndex=no&watchFile=no
"32510",Achlys triphylla,Achlys,triphylla,,,,native,S5,,48.872402999999998,-123.342645000000005,,NA,NA,"12762431",obs_native,file:///D:/Simon/Sync/Root/GIS/Biodiversity%20Data/obs_native.csv?type=csv&maxFields=10000&detectTypes=yes&xField=longitude&yField=latitude&crs=EPSG:4326&spatialIndex=no&subsetIndex=no&watchFile=no
"32610",Achlys triphylla,Achlys,triphylla,,,,native,S5,,48.874772999999998,-123.336338999999995,,NA,NA,"12762981",obs_native,file:///D:/Simon/Sync/Root/GIS/Biodiversity%20Data/obs_native.csv?type=csv&maxFields=10000&detectTypes=yes&xField=longitude&yField=latitude&crs=EPSG:4326&spatialIndex=no&subsetIndex=no&watchFile=no
"32710",Achlys triphylla,Achlys,triphylla,,,,native,S5,,48.874510000000001,-123.333782999999997,,NA,NA,"12763275",obs_native,file:///D:/Simon/Sync/Root/GIS/Biodiversity%20Data/obs_native.csv?type=csv&maxFields=10000&detectTypes=yes&xField=longitude&yField=latitude&crs=EPSG:4326&spatialIndex=no&subsetIndex=no&watchFile=no
"328",Achlys triphylla,Achlys,triphylla,,,,native,S5,,48.877445999999999,-123.337104999999994,,NA,NA,"12774064",obs_native,file:///D:/Simon/Sync/Root/GIS/Biodiversity%20Data/obs_native.csv?type=csv&maxFields=10000&detectTypes=yes&xField=longitude&yField=latitude&crs=EPSG:4326&spatialIndex=no&subsetIndex=no&watchFile=no
"329",Achlys triphylla,Achlys,triphylla,,,,native,S5,,48.874077000000000,-123.342488000000003,,NA,NA,"12791290",obs_native,file:///D:/Simon/Sync/Root/GIS/Biodiversity%20Data/obs_native.csv?type=csv&maxFields=10000&detectTypes=yes&xField=longitude&yField=latitude&crs=EPSG:4326&spatialIndex=no&subsetIndex=no&watchFile=no
"330",Achlys triphylla,Achlys,triphylla,,,,native,S5,,48.868533999999997,-123.338466999999994,,NA,NA,"12816597",obs_native,file:///D:/Simon/Sync/Root/GIS/Biodiversity%20Data/obs_native.csv?type=csv&maxFields=10000&detectTypes=yes&xField=longitude&yField=latitude&crs=EPSG:4326&spatialIndex=no&subsetIndex=no&watchFile=no
"331",Achlys triphylla,Achlys,triphylla,,,,native,S5,,48.874460999999997,-123.340913999999998,,NA,NA,"13962977",obs_native,file:///D:/Simon/Sync/Root/GIS/Biodiversity%20Data/obs_native.csv?type=csv&maxFields=10000&detectTypes=yes&xField=longitude&yField=latitude&crs=EPSG:4326&spatialIndex=no&subsetIndex=no&watchFile=no
"332",Achlys triphylla,Achlys,triphylla,,,,native,S5,,48.898076670000002,-123.344923300000005,,NA,NA,"13972287",obs_native,file:///D:/Simon/Sync/Root/GIS/Biodiversity%20Data/obs_native.csv?type=csv&maxFields=10000&detectTypes=yes&xField=longitude&yField=latitude&crs=EPSG:4326&spatialIndex=no&subsetIndex=no&watchFile=no
"333",Achlys triphylla,Achlys,triphylla,,,,native,S5,,48.985424739999999,-123.559515500000003,,NA,NA,"15412692",obs_native,file:///D:/Simon/Sync/Root/GIS/Biodiversity%20Data/obs_native.csv?type=csv&maxFields=10000&detectTypes=yes&xField=longitude&yField=latitude&crs=EPSG:4326&spatialIndex=no&subsetIndex=no&watchFile=no
"334",Achlys triphylla,Achlys,triphylla,,,,native,S5,,48.991918419999998,-123.570659300000003,,NA,NA,"16309750",obs_native,file:///D:/Simon/Sync/Root/GIS/Biodiversity%20Data/obs_native.csv?type=csv&maxFields=10000&detectTypes=yes&xField=longitude&yField=latitude&crs=EPSG:4326&spatialIndex=no&subsetIndex=no&watchFile=no
"335",Achlys triphylla,Achlys,triphylla,,,,native,S5,,49.000319449999999,-123.571061700000001,,NA,NA,"21351511",obs_native,file:///D:/Simon/Sync/Root/GIS/Biodiversity%20Data/obs_native.csv?type=csv&maxFields=10000&detectTypes=yes&xField=longitude&yField=latitude&crs=EPSG:4326&spatialIndex=no&subsetIndex=no&watchFile=no
"336",Achlys triphylla,Achlys,triphylla,,,,native,S5,,48.872802780000001,-123.339041699999996,,NA,NA,"21993618",obs_native,file:///D:/Simon/Sync/Root/GIS/Biodiversity%20Data/obs_native.csv?type=csv&maxFields=10000&detectTypes=yes&xField=longitude&yField=latitude&crs=EPSG:4326&spatialIndex=no&subsetIndex=no&watchFile=no
"337",Achlys triphylla,Achlys,triphylla,,,,native,S5,,48.877384999999997,-123.323364999999995,,NA,NA,"23812439",obs_native,file:///D:/Simon/Sync/Root/GIS/Biodiversity%20Data/obs_native.csv?type=csv&maxFields=10000&detectTypes=yes&xField=longitude&yField=latitude&crs=EPSG:4326&spatialIndex=no&subsetIndex=no&watchFile=no
"338",Achlys triphylla,Achlys,triphylla,,,,native,S5,,48.869995000000003,-123.342268300000001,,NA,NA,"23844694",obs_native,file:///D:/Simon/Sync/Root/GIS/Biodiversity%20Data/obs_native.csv?type=csv&maxFields=10000&detectTypes=yes&xField=longitude&yField=latitude&crs=EPSG:4326&spatialIndex=no&subsetIndex=no&watchFile=no
"339",Achlys triphylla,Achlys,triphylla,,,,native,S5,,49.002826519999999,-123.574567099999996,,NA,NA,"24497660",obs_native,file:///D:/Simon/Sync/Root/GIS/Biodiversity%20Data/obs_native.csv?type=csv&maxFields=10000&detectTypes=yes&xField=longitude&yField=latitude&crs=EPSG:4326&spatialIndex=no&subsetIndex=no&watchFile=no
"340",Achlys triphylla,Achlys,triphylla,,,,native,S5,,48.899316030000001,-123.406754699999993,,NA,NA,"24624372",obs_native,file:///D:/Simon/Sync/Root/GIS/Biodiversity%20Data/obs_native.csv?type=csv&maxFields=10000&detectTypes=yes&xField=longitude&yField=latitude&crs=EPSG:4326&spatialIndex=no&subsetIndex=no&watchFile=no
"341",Achlys triphylla,Achlys,triphylla,,,,native,S5,,48.901068909999999,-123.350965900000006,,NA,NA,"24652670",obs_native,file:///D:/Simon/Sync/Root/GIS/Biodiversity%20Data/obs_native.csv?type=csv&maxFields=10000&detectTypes=yes&xField=longitude&yField=latitude&crs=EPSG:4326&spatialIndex=no&subsetIndex=no&watchFile=no
"342",Achlys triphylla,Achlys,triphylla,,,,native,S5,,48.912463809999998,-123.387128099999998,,NA,NA,"24653155",obs_native,file:///D:/Simon/Sync/Root/GIS/Biodiversity%20Data/obs_native.csv?type=csv&maxFields=10000&detectTypes=yes&xField=longitude&yField=latitude&crs=EPSG:4326&spatialIndex=no&subsetIndex=no&watchFile=no
"343",Achlys triphylla,Achlys,triphylla,,,,native,S5,,48.962458329999997,-123.517875000000004,,NA,NA,"24663835",obs_native,file:///D:/Simon/Sync/Root/GIS/Biodiversity%20Data/obs_native.csv?type=csv&maxFields=10000&detectTypes=yes&xField=longitude&yField=latitude&crs=EPSG:4326&spatialIndex=no&subsetIndex=no&watchFile=no
"344",Achlys triphylla,Achlys,triphylla,,,,native,S5,,48.962380560000000,-123.517747200000002,,NA,NA,"24663853",obs_native,file:///D:/Simon/Sync/Root/GIS/Biodiversity%20Data/obs_native.csv?type=csv&maxFields=10000&detectTypes=yes&xField=longitude&yField=latitude&crs=EPSG:4326&spatialIndex=no&subsetIndex=no&watchFile=no
"345",Achlys triphylla,Achlys,triphylla,,,,native,S5,,48.962563889999998,-123.517958300000004,,NA,NA,"24663862",obs_native,file:///D:/Simon/Sync/Root/GIS/Biodiversity%20Data/obs_native.csv?type=csv&maxFields=10000&detectTypes=yes&xField=longitude&yField=latitude&crs=EPSG:4326&spatialIndex=no&subsetIndex=no&watchFile=no
"346",Achlys triphylla,Achlys,triphylla,,,,native,S5,,48.963136110000001,-123.515791699999994,,NA,NA,"24665175",obs_native,file:///D:/Simon/Sync/Root/GIS/Biodiversity%20Data/obs_native.csv?type=csv&maxFields=10000&detectTypes=yes&xField=longitude&yField=latitude&crs=EPSG:4326&spatialIndex=no&subsetIndex=no&watchFile=no
"347",Achlys triphylla,Achlys,triphylla,,,,native,S5,,48.963077779999999,-123.516272200000003,,NA,NA,"24665264",obs_native,file:///D:/Simon/Sync/Root/GIS/Biodiversity%20Data/obs_native.csv?type=csv&maxFields=10000&detectTypes=yes&xField=longitude&yField=latitude&crs=EPSG:4326&spatialIndex=no&subsetIndex=no&watchFile=no
"348",Achlys triphylla,Achlys,triphylla,,,,native,S5,,48.964397220000002,-123.517127799999997,,NA,NA,"24673986",obs_native,file:///D:/Simon/Sync/Root/GIS/Biodiversity%20Data/obs_native.csv?type=csv&maxFields=10000&detectTypes=yes&xField=longitude&yField=latitude&crs=EPSG:4326&spatialIndex=no&subsetIndex=no&watchFile=no
"349",Achlys triphylla,Achlys,triphylla,,,,native,S5,,48.962822220000000,-123.519791699999999,,NA,NA,"24674141",obs_native,file:///D:/Simon/Sync/Root/GIS/Biodiversity%20Data/obs_native.csv?type=csv&maxFields=10000&detectTypes=yes&xField=longitude&yField=latitude&crs=EPSG:4326&spatialIndex=no&subsetIndex=no&watchFile=no
"350",Achlys triphylla,Achlys,triphylla,,,,native,S5,,48.962566670000001,-123.519874999999999,,NA,NA,"24674173",obs_native,file:///D:/Simon/Sync/Root/GIS/Biodiversity%20Data/obs_native.csv?type=csv&maxFields=10000&detectTypes=yes&xField=longitude&yField=latitude&crs=EPSG:4326&spatialIndex=no&subsetIndex=no&watchFile=no
"351",Achlys triphylla,Achlys,triphylla,,,,native,S5,,48.896858330000001,-123.407799999999995,,NA,NA,"24677345",obs_native,file:///D:/Simon/Sync/Root/GIS/Biodiversity%20Data/obs_native.csv?type=csv&maxFields=10000&detectTypes=yes&xField=longitude&yField=latitude&crs=EPSG:4326&spatialIndex=no&subsetIndex=no&watchFile=no
"352",Achlys triphylla,Achlys,triphylla,,,,native,S5,,48.895752780000002,-123.406966699999998,,NA,NA,"24677368",obs_native,file:///D:/Simon/Sync/Root/GIS/Biodiversity%20Data/obs_native.csv?type=csv&maxFields=10000&detectTypes=yes&xField=longitude&yField=latitude&crs=EPSG:4326&spatialIndex=no&subsetIndex=no&watchFile=no
"353",Achlys triphylla,Achlys,triphylla,,,,native,S5,,48.895894439999999,-123.407027799999994,,NA,NA,"24677374",obs_native,file:///D:/Simon/Sync/Root/GIS/Biodiversity%20Data/obs_native.csv?type=csv&maxFields=10000&detectTypes=yes&xField=longitude&yField=latitude&crs=EPSG:4326&spatialIndex=no&subsetIndex=no&watchFile=no
"354",Achlys triphylla,Achlys,triphylla,,,,native,S5,,48.896819440000002,-123.407913899999997,,NA,NA,"24677375",obs_native,file:///D:/Simon/Sync/Root/GIS/Biodiversity%20Data/obs_native.csv?type=csv&maxFields=10000&detectTypes=yes&xField=longitude&yField=latitude&crs=EPSG:4326&spatialIndex=no&subsetIndex=no&watchFile=no
"355",Achlys triphylla,Achlys,triphylla,,,,native,S5,,48.896469439999997,-123.407830599999997,,NA,NA,"24677466",obs_native,file:///D:/Simon/Sync/Root/GIS/Biodiversity%20Data/obs_native.csv?type=csv&maxFields=10000&detectTypes=yes&xField=longitude&yField=latitude&crs=EPSG:4326&spatialIndex=no&subsetIndex=no&watchFile=no
"356",Achlys triphylla,Achlys,triphylla,,,,native,S5,,48.896738890000002,-123.407913899999997,,NA,NA,"24677481",obs_native,file:///D:/Simon/Sync/Root/GIS/Biodiversity%20Data/obs_native.csv?type=csv&maxFields=10000&detectTypes=yes&xField=longitude&yField=latitude&crs=EPSG:4326&spatialIndex=no&subsetIndex=no&watchFile=no
"357",Achlys triphylla,Achlys,triphylla,,,,native,S5,,48.895216670000003,-123.408286099999998,,NA,NA,"24677487",obs_native,file:///D:/Simon/Sync/Root/GIS/Biodiversity%20Data/obs_native.csv?type=csv&maxFields=10000&detectTypes=yes&xField=longitude&yField=latitude&crs=EPSG:4326&spatialIndex=no&subsetIndex=no&watchFile=no
"358",Achlys triphylla,Achlys,triphylla,,,,native,S5,,48.896916670000003,-123.408041699999998,,NA,NA,"24677503",obs_native,file:///D:/Simon/Sync/Root/GIS/Biodiversity%20Data/obs_native.csv?type=csv&maxFields=10000&detectTypes=yes&xField=longitude&yField=latitude&crs=EPSG:4326&spatialIndex=no&subsetIndex=no&watchFile=no
"359",Achlys triphylla,Achlys,triphylla,,,,native,S5,,48.897141670000003,-123.408424999999994,,NA,NA,"24677520",obs_native,file:///D:/Simon/Sync/Root/GIS/Biodiversity%20Data/obs_native.csv?type=csv&maxFields=10000&detectTypes=yes&xField=longitude&yField=latitude&crs=EPSG:4326&spatialIndex=no&subsetIndex=no&watchFile=no
"360",Achlys triphylla,Achlys,triphylla,,,,native,S5,,48.895722220000003,-123.406997200000006,,NA,NA,"24677564",obs_native,file:///D:/Simon/Sync/Root/GIS/Biodiversity%20Data/obs_native.csv?type=csv&maxFields=10000&detectTypes=yes&xField=longitude&yField=latitude&crs=EPSG:4326&spatialIndex=no&subsetIndex=no&watchFile=no
"361",Achlys triphylla,Achlys,triphylla,,,,native,S5,,48.897147220000001,-123.408408300000005,,NA,NA,"24677595",obs_native,file:///D:/Simon/Sync/Root/GIS/Biodiversity%20Data/obs_native.csv?type=csv&maxFields=10000&detectTypes=yes&xField=longitude&yField=latitude&crs=EPSG:4326&spatialIndex=no&subsetIndex=no&watchFile=no
"362",Achlys triphylla,Achlys,triphylla,,,,native,S5,,48.894961109999997,-123.406516699999997,,NA,NA,"24677600",obs_native,file:///D:/Simon/Sync/Root/GIS/Biodiversity%20Data/obs_native.csv?type=csv&maxFields=10000&detectTypes=yes&xField=longitude&yField=latitude&crs=EPSG:4326&spatialIndex=no&subsetIndex=no&watchFile=no
"363",Achlys triphylla,Achlys,triphylla,,,,native,S5,,48.900652780000001,-123.403969399999994,,NA,NA,"24683940",obs_native,file:///D:/Simon/Sync/Root/GIS/Biodiversity%20Data/obs_native.csv?type=csv&maxFields=10000&detectTypes=yes&xField=longitude&yField=latitude&crs=EPSG:4326&spatialIndex=no&subsetIndex=no&watchFile=no
"364",Achlys triphylla,Achlys,triphylla,,,,native,S5,,48.962416670000003,-123.517861100000005,,NA,NA,"24684028",obs_native,file:///D:/Simon/Sync/Root/GIS/Biodiversity%20Data/obs_native.csv?type=csv&maxFields=10000&detectTypes=yes&xField=longitude&yField=latitude&crs=EPSG:4326&spatialIndex=no&subsetIndex=no&watchFile=no
"365",Achlys triphylla,Achlys,triphylla,,,,native,S5,,48.897883329999999,-123.401603300000005,,NA,NA,"24687775",obs_native,file:///D:/Simon/Sync/Root/GIS/Biodiversity%20Data/obs_native.csv?type=csv&maxFields=10000&detectTypes=yes&xField=longitude&yField=latitude&crs=EPSG:4326&spatialIndex=no&subsetIndex=no&watchFile=no
"366",Achlys triphylla,Achlys,triphylla,,,,native,S5,,48.900799149999997,-123.403873099999998,,NA,NA,"24690048",obs_native,file:///D:/Simon/Sync/Root/GIS/Biodiversity%20Data/obs_native.csv?type=csv&maxFields=10000&detectTypes=yes&xField=longitude&yField=latitude&crs=EPSG:4326&spatialIndex=no&subsetIndex=no&watchFile=no
"367",Achlys triphylla,Achlys,triphylla,,,,native,S5,,48.962441669999997,-123.517349999999993,,NA,NA,"24698465",obs_native,file:///D:/Simon/Sync/Root/GIS/Biodiversity%20Data/obs_native.csv?type=csv&maxFields=10000&detectTypes=yes&xField=longitude&yField=latitude&crs=EPSG:4326&spatialIndex=no&subsetIndex=no&watchFile=no
"368",Achlys triphylla,Achlys,triphylla,,,,native,S5,,48.897813329999998,-123.401623299999997,,NA,NA,"24699761",obs_native,file:///D:/Simon/Sync/Root/GIS/Biodiversity%20Data/obs_native.csv?type=csv&maxFields=10000&detectTypes=yes&xField=longitude&yField=latitude&crs=EPSG:4326&spatialIndex=no&subsetIndex=no&watchFile=no
"369",Achlys triphylla,Achlys,triphylla,,,,native,S5,,48.866072220000000,-123.331725000000006,,NA,NA,"24702381",obs_native,file:///D:/Simon/Sync/Root/GIS/Biodiversity%20Data/obs_native.csv?type=csv&maxFields=10000&detectTypes=yes&xField=longitude&yField=latitude&crs=EPSG:4326&spatialIndex=no&subsetIndex=no&watchFile=no
"370",Achlys triphylla,Achlys,triphylla,,,,native,S5,,48.901289990000002,-123.404132799999999,,NA,NA,"24709096",obs_native,file:///D:/Simon/Sync/Root/GIS/Biodiversity%20Data/obs_native.csv?type=csv&maxFields=10000&detectTypes=yes&xField=longitude&yField=latitude&crs=EPSG:4326&spatialIndex=no&subsetIndex=no&watchFile=no
"371",Achlys triphylla,Achlys,triphylla,,,,native,S5,,48.962466669999998,-123.517966700000002,,NA,NA,"24709613",obs_native,file:///D:/Simon/Sync/Root/GIS/Biodiversity%20Data/obs_native.csv?type=csv&maxFields=10000&detectTypes=yes&xField=longitude&yField=latitude&crs=EPSG:4326&spatialIndex=no&subsetIndex=no&watchFile=no
"372",Achlys triphylla,Achlys,triphylla,,,,native,S5,,48.964463469999998,-123.516959099999994,,NA,NA,"24710321",obs_native,file:///D:/Simon/Sync/Root/GIS/Biodiversity%20Data/obs_native.csv?type=csv&maxFields=10000&detectTypes=yes&xField=longitude&yField=latitude&crs=EPSG:4326&spatialIndex=no&subsetIndex=no&watchFile=no
"373",Achlys triphylla,Achlys,triphylla,,,,native,S5,,48.901067189999999,-123.406631700000005,,NA,NA,"24715370",obs_native,file:///D:/Simon/Sync/Root/GIS/Biodiversity%20Data/obs_native.csv?type=csv&maxFields=10000&detectTypes=yes&xField=longitude&yField=latitude&crs=EPSG:4326&spatialIndex=no&subsetIndex=no&watchFile=no
"374",Achlys triphylla,Achlys,triphylla,,,,native,S5,,48.901285840000000,-123.403721500000003,,NA,NA,"24715794",obs_native,file:///D:/Simon/Sync/Root/GIS/Biodiversity%20Data/obs_native.csv?type=csv&maxFields=10000&detectTypes=yes&xField=longitude&yField=latitude&crs=EPSG:4326&spatialIndex=no&subsetIndex=no&watchFile=no
"375",Achlys triphylla,Achlys,triphylla,,,,native,S5,,48.954720379999998,-123.523978299999996,,NA,NA,"24772182",obs_native,file:///D:/Simon/Sync/Root/GIS/Biodiversity%20Data/obs_native.csv?type=csv&maxFields=10000&detectTypes=yes&xField=longitude&yField=latitude&crs=EPSG:4326&spatialIndex=no&subsetIndex=no&watchFile=no
"376",Achlys triphylla,Achlys,triphylla,,,,native,S5,,48.963225000000001,-123.516406700000005,,NA,NA,"24870164",obs_native,file:///D:/Simon/Sync/Root/GIS/Biodiversity%20Data/obs_native.csv?type=csv&maxFields=10000&detectTypes=yes&xField=longitude&yField=latitude&crs=EPSG:4326&spatialIndex=no&subsetIndex=no&watchFile=no
"377",Achlys triphylla,Achlys,triphylla,,,,native,S5,,48.890585960000003,-123.406745700000002,,NA,NA,"24870726",obs_native,file:///D:/Simon/Sync/Root/GIS/Biodiversity%20Data/obs_native.csv?type=csv&maxFields=10000&detectTypes=yes&xField=longitude&yField=latitude&crs=EPSG:4326&spatialIndex=no&subsetIndex=no&watchFile=no
"378",Achlys triphylla,Achlys,triphylla,,,,native,S5,,48.962393220000003,-123.517871700000001,,NA,NA,"24919793",obs_native,file:///D:/Simon/Sync/Root/GIS/Biodiversity%20Data/obs_native.csv?type=csv&maxFields=10000&detectTypes=yes&xField=longitude&yField=latitude&crs=EPSG:4326&spatialIndex=no&subsetIndex=no&watchFile=no
"379",Achlys triphylla,Achlys,triphylla,,,,native,S5,,48.962350979999997,-123.517761899999996,,NA,NA,"24940405",obs_native,file:///D:/Simon/Sync/Root/GIS/Biodiversity%20Data/obs_native.csv?type=csv&maxFields=10000&detectTypes=yes&xField=longitude&yField=latitude&crs=EPSG:4326&spatialIndex=no&subsetIndex=no&watchFile=no
"380",Achlys triphylla,Achlys,triphylla,,,,native,S5,,48.962698779999997,-123.517678799999999,,NA,NA,"24940425",obs_native,file:///D:/Simon/Sync/Root/GIS/Biodiversity%20Data/obs_native.csv?type=csv&maxFields=10000&detectTypes=yes&xField=longitude&yField=latitude&crs=EPSG:4326&spatialIndex=no&subsetIndex=no&watchFile=no
"381",Achlys triphylla,Achlys,triphylla,,,,native,S5,,48.896217430000000,-123.409639700000000,,NA,NA,"24942629",obs_native,file:///D:/Simon/Sync/Root/GIS/Biodiversity%20Data/obs_native.csv?type=csv&maxFields=10000&detectTypes=yes&xField=longitude&yField=latitude&crs=EPSG:4326&spatialIndex=no&subsetIndex=no&watchFile=no
"382",Achlys triphylla,Achlys,triphylla,,,,native,S5,,48.899531420000002,-123.404065500000002,,NA,NA,"25478399",obs_native,file:///D:/Simon/Sync/Root/GIS/Biodiversity%20Data/obs_native.csv?type=csv&maxFields=10000&detectTypes=yes&xField=longitude&yField=latitude&crs=EPSG:4326&spatialIndex=no&subsetIndex=no&watchFile=no
"383",Achlys triphylla,Achlys,triphylla,,,,native,S5,,48.899816909999998,-123.405736800000000,,NA,NA,"25478686",obs_native,file:///D:/Simon/Sync/Root/GIS/Biodiversity%20Data/obs_native.csv?type=csv&maxFields=10000&detectTypes=yes&xField=longitude&yField=latitude&crs=EPSG:4326&spatialIndex=no&subsetIndex=no&watchFile=no
"384",Achlys triphylla,Achlys,triphylla,,,,native,S5,,48.978733159999997,-123.556267000000005,,NA,NA,"25479678",obs_native,file:///D:/Simon/Sync/Root/GIS/Biodiversity%20Data/obs_native.csv?type=csv&maxFields=10000&detectTypes=yes&xField=longitude&yField=latitude&crs=EPSG:4326&spatialIndex=no&subsetIndex=no&watchFile=no
"385",Achlys triphylla,Achlys,triphylla,,,,native,S5,,48.979354170000001,-123.557602799999998,,NA,NA,"25480002",obs_native,file:///D:/Simon/Sync/Root/GIS/Biodiversity%20Data/obs_native.csv?type=csv&maxFields=10000&detectTypes=yes&xField=longitude&yField=latitude&crs=EPSG:4326&spatialIndex=no&subsetIndex=no&watchFile=no
"386",Achlys triphylla,Achlys,triphylla,,,,native,S5,,48.979131920000000,-123.557395200000002,,NA,NA,"25480186",obs_native,file:///D:/Simon/Sync/Root/GIS/Biodiversity%20Data/obs_native.csv?type=csv&maxFields=10000&detectTypes=yes&xField=longitude&yField=latitude&crs=EPSG:4326&spatialIndex=no&subsetIndex=no&watchFile=no
"387",Achlys triphylla,Achlys,triphylla,,,,native,S5,,48.979105519999997,-123.557499500000006,,NA,NA,"25480417",obs_native,file:///D:/Simon/Sync/Root/GIS/Biodiversity%20Data/obs_native.csv?type=csv&maxFields=10000&detectTypes=yes&xField=longitude&yField=latitude&crs=EPSG:4326&spatialIndex=no&subsetIndex=no&watchFile=no
"388",Achlys triphylla,Achlys,triphylla,,,,native,S5,,48.979307230000003,-123.557388700000004,,NA,NA,"25480474",obs_native,file:///D:/Simon/Sync/Root/GIS/Biodiversity%20Data/obs_native.csv?type=csv&maxFields=10000&detectTypes=yes&xField=longitude&yField=latitude&crs=EPSG:4326&spatialIndex=no&subsetIndex=no&watchFile=no
"389",Achlys triphylla,Achlys,triphylla,,,,native,S5,,48.900577779999999,-123.406005600000000,,NA,NA,"25560952",obs_native,file:///D:/Simon/Sync/Root/GIS/Biodiversity%20Data/obs_native.csv?type=csv&maxFields=10000&detectTypes=yes&xField=longitude&yField=latitude&crs=EPSG:4326&spatialIndex=no&subsetIndex=no&watchFile=no
"390",Achlys triphylla,Achlys,triphylla,,,,native,S5,,48.900938889999999,-123.403877800000004,,NA,NA,"25560953",obs_native,file:///D:/Simon/Sync/Root/GIS/Biodiversity%20Data/obs_native.csv?type=csv&maxFields=10000&detectTypes=yes&xField=longitude&yField=latitude&crs=EPSG:4326&spatialIndex=no&subsetIndex=no&watchFile=no
"391",Achlys triphylla,Achlys,triphylla,,,,native,S5,,48.963172219999997,-123.516616700000000,,NA,NA,"25595841",obs_native,file:///D:/Simon/Sync/Root/GIS/Biodiversity%20Data/obs_native.csv?type=csv&maxFields=10000&detectTypes=yes&xField=longitude&yField=latitude&crs=EPSG:4326&spatialIndex=no&subsetIndex=no&watchFile=no
"392",Achlys triphylla,Achlys,triphylla,,,,native,S5,,48.962444439999999,-123.517747200000002,,NA,NA,"25595843",obs_native,file:///D:/Simon/Sync/Root/GIS/Biodiversity%20Data/obs_native.csv?type=csv&maxFields=10000&detectTypes=yes&xField=longitude&yField=latitude&crs=EPSG:4326&spatialIndex=no&subsetIndex=no&watchFile=no
"393",Achlys triphylla,Achlys,triphylla,,,,native,S5,,48.865241670000003,-123.332025000000002,,NA,NA,"25658070",obs_native,file:///D:/Simon/Sync/Root/GIS/Biodiversity%20Data/obs_native.csv?type=csv&maxFields=10000&detectTypes=yes&xField=longitude&yField=latitude&crs=EPSG:4326&spatialIndex=no&subsetIndex=no&watchFile=no
"394",Achlys triphylla,Achlys,triphylla,,,,native,S5,,48.866091670000003,-123.331611100000003,,NA,NA,"25658072",obs_native,file:///D:/Simon/Sync/Root/GIS/Biodiversity%20Data/obs_native.csv?type=csv&maxFields=10000&detectTypes=yes&xField=longitude&yField=latitude&crs=EPSG:4326&spatialIndex=no&subsetIndex=no&watchFile=no
"395",Achlys triphylla,Achlys,triphylla,,,,native,S5,,48.871116160000000,-123.346852799999994,,NA,NA,"42363919",obs_native,file:///D:/Simon/Sync/Root/GIS/Biodiversity%20Data/obs_native.csv?type=csv&maxFields=10000&detectTypes=yes&xField=longitude&yField=latitude&crs=EPSG:4326&spatialIndex=no&subsetIndex=no&watchFile=no
"396",Achlys triphylla,Achlys,triphylla,,,,native,S5,,48.869471670000003,-123.342516700000004,,NA,NA,"43252967",obs_native,file:///D:/Simon/Sync/Root/GIS/Biodiversity%20Data/obs_native.csv?type=csv&maxFields=10000&detectTypes=yes&xField=longitude&yField=latitude&crs=EPSG:4326&spatialIndex=no&subsetIndex=no&watchFile=no
"397",Achlys triphylla,Achlys,triphylla,,,,native,S5,,48.879294000000002,-123.336332999999996,,NA,NA,"43748960",obs_native,file:///D:/Simon/Sync/Root/GIS/Biodiversity%20Data/obs_native.csv?type=csv&maxFields=10000&detectTypes=yes&xField=longitude&yField=latitude&crs=EPSG:4326&spatialIndex=no&subsetIndex=no&watchFile=no
"398",Achlys triphylla,Achlys,triphylla,,,,native,S5,,48.999434190000002,-123.574265600000004,,NA,NA,"44275659",obs_native,file:///D:/Simon/Sync/Root/GIS/Biodiversity%20Data/obs_native.csv?type=csv&maxFields=10000&detectTypes=yes&xField=longitude&yField=latitude&crs=EPSG:4326&spatialIndex=no&subsetIndex=no&watchFile=no
"399",Achlys triphylla,Achlys,triphylla,,,,native,S5,,48.958115149999998,-123.509313899999995,,NA,NA,"44569691",obs_native,file:///D:/Simon/Sync/Root/GIS/Biodiversity%20Data/obs_native.csv?type=csv&maxFields=10000&detectTypes=yes&xField=longitude&yField=latitude&crs=EPSG:4326&spatialIndex=no&subsetIndex=no&watchFile=no
"400",Achlys triphylla,Achlys,triphylla,,,,native,S5,,48.948308670000003,-123.503202200000004,,NA,NA,"44576081",obs_native,file:///D:/Simon/Sync/Root/GIS/Biodiversity%20Data/obs_native.csv?type=csv&maxFields=10000&detectTypes=yes&xField=longitude&yField=latitude&crs=EPSG:4326&spatialIndex=no&subsetIndex=no&watchFile=no
"401",Achlys triphylla,Achlys,triphylla,,,,native,S5,,48.943341670000002,-123.487196699999998,,NA,NA,"45848889",obs_native,file:///D:/Simon/Sync/Root/GIS/Biodiversity%20Data/obs_native.csv?type=csv&maxFields=10000&detectTypes=yes&xField=longitude&yField=latitude&crs=EPSG:4326&spatialIndex=no&subsetIndex=no&watchFile=no
"402",Achlys triphylla,Achlys,triphylla,,,,native,S5,,48.900035860000003,-123.342430100000001,,NA,NA,"51325439",obs_native,file:///D:/Simon/Sync/Root/GIS/Biodiversity%20Data/obs_native.csv?type=csv&maxFields=10000&detectTypes=yes&xField=longitude&yField=latitude&crs=EPSG:4326&spatialIndex=no&subsetIndex=no&watchFile=no
"403",Achlys triphylla,Achlys,triphylla,,,,native,S5,,48.928553690000001,-123.468988199999998,,NA,NA,"54675260",obs_native,file:///D:/Simon/Sync/Root/GIS/Biodiversity%20Data/obs_native.csv?type=csv&maxFields=10000&detectTypes=yes&xField=longitude&yField=latitude&crs=EPSG:4326&spatialIndex=no&subsetIndex=no&watchFile=no
"404",Achlys triphylla,Achlys,triphylla,,,,native,S5,,48.876903329999998,-123.359008299999999,,NA,NA,"56581128",obs_native,file:///D:/Simon/Sync/Root/GIS/Biodiversity%20Data/obs_native.csv?type=csv&maxFields=10000&detectTypes=yes&xField=longitude&yField=latitude&crs=EPSG:4326&spatialIndex=no&subsetIndex=no&watchFile=no
"405",Achlys triphylla,Achlys,triphylla,,,,native,S5,,49.006418480000001,-123.567013000000003,,NA,NA,"57063733",obs_native,file:///D:/Simon/Sync/Root/GIS/Biodiversity%20Data/obs_native.csv?type=csv&maxFields=10000&detectTypes=yes&xField=longitude&yField=latitude&crs=EPSG:4326&spatialIndex=no&subsetIndex=no&watchFile=no
"406",Achlys triphylla,Achlys,triphylla,,,,native,S5,,48.976919350000003,-123.550957900000000,,NA,NA,"59926624",obs_native,file:///D:/Simon/Sync/Root/GIS/Biodiversity%20Data/obs_native.csv?type=csv&maxFields=10000&detectTypes=yes&xField=longitude&yField=latitude&crs=EPSG:4326&spatialIndex=no&subsetIndex=no&watchFile=no
"407",Achlys triphylla,Achlys,triphylla,,,,native,S5,,48.871472220000001,-123.346213899999995,,NA,NA,"73880781",obs_native,file:///D:/Simon/Sync/Root/GIS/Biodiversity%20Data/obs_native.csv?type=csv&maxFields=10000&detectTypes=yes&xField=longitude&yField=latitude&crs=EPSG:4326&spatialIndex=no&subsetIndex=no&watchFile=no
"408",Achlys triphylla,Achlys,triphylla,,,,native,S5,,48.900188329999999,-123.342444999999998,,NA,NA,"75131392",obs_native,file:///D:/Simon/Sync/Root/GIS/Biodiversity%20Data/obs_native.csv?type=csv&maxFields=10000&detectTypes=yes&xField=longitude&yField=latitude&crs=EPSG:4326&spatialIndex=no&subsetIndex=no&watchFile=no
"409",Achlys triphylla,Achlys,triphylla,,,,native,S5,,48.887336670000003,-123.335463300000001,,NA,NA,"76002629",obs_native,file:///D:/Simon/Sync/Root/GIS/Biodiversity%20Data/obs_native.csv?type=csv&maxFields=10000&detectTypes=yes&xField=longitude&yField=latitude&crs=EPSG:4326&spatialIndex=no&subsetIndex=no&watchFile=no
"410",Achlys triphylla,Achlys,triphylla,,,,native,S5,,48.887248329999998,-123.362396700000005,,NA,NA,"83097991",obs_native,file:///D:/Simon/Sync/Root/GIS/Biodiversity%20Data/obs_native.csv?type=csv&maxFields=10000&detectTypes=yes&xField=longitude&yField=latitude&crs=EPSG:4326&spatialIndex=no&subsetIndex=no&watchFile=no
"411",Achlys triphylla,Achlys,triphylla,,,,native,S5,,48.865198010000000,-123.352695199999999,,NA,NA,"83596915",obs_native,file:///D:/Simon/Sync/Root/GIS/Biodiversity%20Data/obs_native.csv?type=csv&maxFields=10000&detectTypes=yes&xField=longitude&yField=latitude&crs=EPSG:4326&spatialIndex=no&subsetIndex=no&watchFile=no
"412",Achlys triphylla,Achlys,triphylla,,,,native,S5,,48.868415100000000,-123.343911100000000,,NA,NA,"83597094",obs_native,file:///D:/Simon/Sync/Root/GIS/Biodiversity%20Data/obs_native.csv?type=csv&maxFields=10000&detectTypes=yes&xField=longitude&yField=latitude&crs=EPSG:4326&spatialIndex=no&subsetIndex=no&watchFile=no
"413",Achlys triphylla,Achlys,triphylla,,,,native,S5,,49.003791560000003,-123.566434999999998,,NA,NA,"83606641",obs_native,file:///D:/Simon/Sync/Root/GIS/Biodiversity%20Data/obs_native.csv?type=csv&maxFields=10000&detectTypes=yes&xField=longitude&yField=latitude&crs=EPSG:4326&spatialIndex=no&subsetIndex=no&watchFile=no
"414",Achlys triphylla,Achlys,triphylla,,,,native,S5,,48.928011619999999,-123.467344100000005,,NA,NA,"84073773",obs_native,file:///D:/Simon/Sync/Root/GIS/Biodiversity%20Data/obs_native.csv?type=csv&maxFields=10000&detectTypes=yes&xField=longitude&yField=latitude&crs=EPSG:4326&spatialIndex=no&subsetIndex=no&watchFile=no
"415",Achlys triphylla,Achlys,triphylla,,,,native,S5,,48.930854709999998,-123.467924300000007,,NA,NA,"84340337",obs_native,file:///D:/Simon/Sync/Root/GIS/Biodiversity%20Data/obs_native.csv?type=csv&maxFields=10000&detectTypes=yes&xField=longitude&yField=latitude&crs=EPSG:4326&spatialIndex=no&subsetIndex=no&watchFile=no
"416",Achlys triphylla,Achlys,triphylla,,,,native,S5,,48.928271320000000,-123.467714599999994,,NA,NA,"84375740",obs_native,file:///D:/Simon/Sync/Root/GIS/Biodiversity%20Data/obs_native.csv?type=csv&maxFields=10000&detectTypes=yes&xField=longitude&yField=latitude&crs=EPSG:4326&spatialIndex=no&subsetIndex=no&watchFile=no
"417",Achlys triphylla,Achlys,triphylla,,,,native,S5,,48.927470509999999,-123.468451599999995,,NA,NA,"84485657",obs_native,file:///D:/Simon/Sync/Root/GIS/Biodiversity%20Data/obs_native.csv?type=csv&maxFields=10000&detectTypes=yes&xField=longitude&yField=latitude&crs=EPSG:4326&spatialIndex=no&subsetIndex=no&watchFile=no
"418",Achlys triphylla,Achlys,triphylla,,,,native,S5,,48.927752769999998,-123.463974600000000,,NA,NA,"84582509",obs_native,file:///D:/Simon/Sync/Root/GIS/Biodiversity%20Data/obs_native.csv?type=csv&maxFields=10000&detectTypes=yes&xField=longitude&yField=latitude&crs=EPSG:4326&spatialIndex=no&subsetIndex=no&watchFile=no
"419",Achlys triphylla,Achlys,triphylla,,,,native,S5,,48.929336669999998,-123.472480000000004,,NA,NA,"84593018",obs_native,file:///D:/Simon/Sync/Root/GIS/Biodiversity%20Data/obs_native.csv?type=csv&maxFields=10000&detectTypes=yes&xField=longitude&yField=latitude&crs=EPSG:4326&spatialIndex=no&subsetIndex=no&watchFile=no
"420",Achlys triphylla,Achlys,triphylla,,,,native,S5,,48.927721669999997,-123.468383299999999,,NA,NA,"84634945",obs_native,file:///D:/Simon/Sync/Root/GIS/Biodiversity%20Data/obs_native.csv?type=csv&maxFields=10000&detectTypes=yes&xField=longitude&yField=latitude&crs=EPSG:4326&spatialIndex=no&subsetIndex=no&watchFile=no
"421",Achlys triphylla,Achlys,triphylla,,,,native,S5,,49.003669449999997,-123.567946699999993,,NA,NA,"85685570",obs_native,file:///D:/Simon/Sync/Root/GIS/Biodiversity%20Data/obs_native.csv?type=csv&maxFields=10000&detectTypes=yes&xField=longitude&yField=latitude&crs=EPSG:4326&spatialIndex=no&subsetIndex=no&watchFile=no
"422",Achlys triphylla,Achlys,triphylla,,,,native,S5,,48.874313330000000,-123.319683299999994,,NA,NA,"86360316",obs_native,file:///D:/Simon/Sync/Root/GIS/Biodiversity%20Data/obs_native.csv?type=csv&maxFields=10000&detectTypes=yes&xField=longitude&yField=latitude&crs=EPSG:4326&spatialIndex=no&subsetIndex=no&watchFile=no
"423",Achlys triphylla,Achlys,triphylla,,,,native,S5,,48.929388330000002,-123.450530000000001,,NA,NA,"87486379",obs_native,file:///D:/Simon/Sync/Root/GIS/Biodiversity%20Data/obs_native.csv?type=csv&maxFields=10000&detectTypes=yes&xField=longitude&yField=latitude&crs=EPSG:4326&spatialIndex=no&subsetIndex=no&watchFile=no
"424",Achlys triphylla,Achlys,triphylla,,,,native,S5,,48.977222220000002,-123.554283299999994,,NA,NA,"89513173",obs_native,file:///D:/Simon/Sync/Root/GIS/Biodiversity%20Data/obs_native.csv?type=csv&maxFields=10000&detectTypes=yes&xField=longitude&yField=latitude&crs=EPSG:4326&spatialIndex=no&subsetIndex=no&watchFile=no
"425",Achlys triphylla,Achlys,triphylla,,,,native,S5,,48.977063330000000,-123.554156699999993,,NA,NA,"89513178",obs_native,file:///D:/Simon/Sync/Root/GIS/Biodiversity%20Data/obs_native.csv?type=csv&maxFields=10000&detectTypes=yes&xField=longitude&yField=latitude&crs=EPSG:4326&spatialIndex=no&subsetIndex=no&watchFile=no
"426",Achlys triphylla,Achlys,triphylla,,,,native,S5,,48.948911109999997,-123.482305600000004,,NA,NA,"91588660",obs_native,file:///D:/Simon/Sync/Root/GIS/Biodiversity%20Data/obs_native.csv?type=csv&maxFields=10000&detectTypes=yes&xField=longitude&yField=latitude&crs=EPSG:4326&spatialIndex=no&subsetIndex=no&watchFile=no
"427",Achlys triphylla,Achlys,triphylla,,,,native,S5,,48.994635000000002,-123.562889999999996,,NA,NA,"94679733",obs_native,file:///D:/Simon/Sync/Root/GIS/Biodiversity%20Data/obs_native.csv?type=csv&maxFields=10000&detectTypes=yes&xField=longitude&yField=latitude&crs=EPSG:4326&spatialIndex=no&subsetIndex=no&watchFile=no
"428",Achlys triphylla,Achlys,triphylla,,,,native,S5,,48.994533750000002,-123.562800400000000,,NA,NA,"94679739",obs_native,file:///D:/Simon/Sync/Root/GIS/Biodiversity%20Data/obs_native.csv?type=csv&maxFields=10000&detectTypes=yes&xField=longitude&yField=latitude&crs=EPSG:4326&spatialIndex=no&subsetIndex=no&watchFile=no
"429",Achlys triphylla,Achlys,triphylla,,,,native,S5,,48.994198130000001,-123.556165899999996,,NA,NA,"94679770",obs_native,file:///D:/Simon/Sync/Root/GIS/Biodiversity%20Data/obs_native.csv?type=csv&maxFields=10000&detectTypes=yes&xField=longitude&yField=latitude&crs=EPSG:4326&spatialIndex=no&subsetIndex=no&watchFile=no
"430",Achlys triphylla,Achlys,triphylla,,,,native,S5,,48.987098330000002,-123.548389999999998,,NA,NA,"100641827",obs_native,file:///D:/Simon/Sync/Root/GIS/Biodiversity%20Data/obs_native.csv?type=csv&maxFields=10000&detectTypes=yes&xField=longitude&yField=latitude&crs=EPSG:4326&spatialIndex=no&subsetIndex=no&watchFile=no
"431",Achlys triphylla,Achlys,triphylla,,,,native,S5,,48.871963000000001,-123.346727999999999,,NA,NA,"109463259",obs_native,file:///D:/Simon/Sync/Root/GIS/Biodiversity%20Data/obs_native.csv?type=csv&maxFields=10000&detectTypes=yes&xField=longitude&yField=latitude&crs=EPSG:4326&spatialIndex=no&subsetIndex=no&watchFile=no
"432",Achlys triphylla,Achlys,triphylla,,,,native,S5,,48.878729999999997,-123.341163300000005,,NA,NA,"109597040",obs_native,file:///D:/Simon/Sync/Root/GIS/Biodiversity%20Data/obs_native.csv?type=csv&maxFields=10000&detectTypes=yes&xField=longitude&yField=latitude&crs=EPSG:4326&spatialIndex=no&subsetIndex=no&watchFile=no
"433",Achlys triphylla,Achlys,triphylla,,,,native,S5,,48.950513299999997,-123.492620299999999,,NA,NA,"117325528",obs_native,file:///D:/Simon/Sync/Root/GIS/Biodiversity%20Data/obs_native.csv?type=csv&maxFields=10000&detectTypes=yes&xField=longitude&yField=latitude&crs=EPSG:4326&spatialIndex=no&subsetIndex=no&watchFile=no
"434",Achlys triphylla,Achlys,triphylla,,,,native,S5,,48.876242859999998,-123.371536800000001,,NA,NA,"118608396",obs_native,file:///D:/Simon/Sync/Root/GIS/Biodiversity%20Data/obs_native.csv?type=csv&maxFields=10000&detectTypes=yes&xField=longitude&yField=latitude&crs=EPSG:4326&spatialIndex=no&subsetIndex=no&watchFile=no
"435",Achlys triphylla,Achlys,triphylla,,,,native,S5,,48.869336670000003,-123.343429999999998,,NA,NA,"120702208",obs_native,file:///D:/Simon/Sync/Root/GIS/Biodiversity%20Data/obs_native.csv?type=csv&maxFields=10000&detectTypes=yes&xField=longitude&yField=latitude&crs=EPSG:4326&spatialIndex=no&subsetIndex=no&watchFile=no
"436",Achlys triphylla,Achlys,triphylla,,,,native,S5,,48.888264999999997,-123.336333300000007,,NA,NA,"121538490",obs_native,file:///D:/Simon/Sync/Root/GIS/Biodiversity%20Data/obs_native.csv?type=csv&maxFields=10000&detectTypes=yes&xField=longitude&yField=latitude&crs=EPSG:4326&spatialIndex=no&subsetIndex=no&watchFile=no
"437",Achlys triphylla,Achlys,triphylla,,,,native,S5,,48.862846670000003,-123.350463300000001,,NA,NA,"121538575",obs_native,file:///D:/Simon/Sync/Root/GIS/Biodiversity%20Data/obs_native.csv?type=csv&maxFields=10000&detectTypes=yes&xField=longitude&yField=latitude&crs=EPSG:4326&spatialIndex=no&subsetIndex=no&watchFile=no
"438",Achlys triphylla,Achlys,triphylla,,,,native,S5,,48.915799499999999,-123.420329899999999,,NA,NA,"121638302",obs_native,file:///D:/Simon/Sync/Root/GIS/Biodiversity%20Data/obs_native.csv?type=csv&maxFields=10000&detectTypes=yes&xField=longitude&yField=latitude&crs=EPSG:4326&spatialIndex=no&subsetIndex=no&watchFile=no
"439",Achlys triphylla,Achlys,triphylla,,,,native,S5,,48.945045000000000,-123.479370000000003,,NA,NA,"121964069",obs_native,file:///D:/Simon/Sync/Root/GIS/Biodiversity%20Data/obs_native.csv?type=csv&maxFields=10000&detectTypes=yes&xField=longitude&yField=latitude&crs=EPSG:4326&spatialIndex=no&subsetIndex=no&watchFile=no
"440",Achlys triphylla,Achlys,triphylla,,,,native,S5,,48.862983010000001,-123.350601100000006,,NA,NA,"122258255",obs_native,file:///D:/Simon/Sync/Root/GIS/Biodiversity%20Data/obs_native.csv?type=csv&maxFields=10000&detectTypes=yes&xField=longitude&yField=latitude&crs=EPSG:4326&spatialIndex=no&subsetIndex=no&watchFile=no
"441",Achlys triphylla,Achlys,triphylla,,,,native,S5,,48.862843779999999,-123.351224599999995,,NA,NA,"122258268",obs_native,file:///D:/Simon/Sync/Root/GIS/Biodiversity%20Data/obs_native.csv?type=csv&maxFields=10000&detectTypes=yes&xField=longitude&yField=latitude&crs=EPSG:4326&spatialIndex=no&subsetIndex=no&watchFile=no
"442",Achlys triphylla,Achlys,triphylla,,,,native,S5,,48.985105460000000,-123.555801900000006,,NA,NA,"126719234",obs_native,file:///D:/Simon/Sync/Root/GIS/Biodiversity%20Data/obs_native.csv?type=csv&maxFields=10000&detectTypes=yes&xField=longitude&yField=latitude&crs=EPSG:4326&spatialIndex=no&subsetIndex=no&watchFile=no
"443",Achlys triphylla,Achlys,triphylla,,,,native,S5,,48.876800000000003,-123.367766700000004,,NA,NA,"129586011",obs_native,file:///D:/Simon/Sync/Root/GIS/Biodiversity%20Data/obs_native.csv?type=csv&maxFields=10000&detectTypes=yes&xField=longitude&yField=latitude&crs=EPSG:4326&spatialIndex=no&subsetIndex=no&watchFile=no
"444",Achlys triphylla,Achlys,triphylla,,,,native,S5,,48.876465000000003,-123.367603299999999,,NA,NA,"129778455",obs_native,file:///D:/Simon/Sync/Root/GIS/Biodiversity%20Data/obs_native.csv?type=csv&maxFields=10000&detectTypes=yes&xField=longitude&yField=latitude&crs=EPSG:4326&spatialIndex=no&subsetIndex=no&watchFile=no
"445",Achlys triphylla,Achlys,triphylla,,,,native,S5,,49.011474999999997,-123.574341700000005,,NA,NA,"137666046",obs_native,file:///D:/Simon/Sync/Root/GIS/Biodiversity%20Data/obs_native.csv?type=csv&maxFields=10000&detectTypes=yes&xField=longitude&yField=latitude&crs=EPSG:4326&spatialIndex=no&subsetIndex=no&watchFile=no
"446",Acmispon parviflorus,Acmispon,parviflorus,,,,native,S4S5,,48.930368000000001,-123.476265999999995,,NA,NA,"2617636",obs_native,file:///D:/Simon/Sync/Root/GIS/Biodiversity%20Data/obs_native.csv?type=csv&maxFields=10000&detectTypes=yes&xField=longitude&yField=latitude&crs=EPSG:4326&spatialIndex=no&subsetIndex=no&watchFile=no
"447",Acmispon parviflorus,Acmispon,parviflorus,,,,native,S4S5,,48.926808000000001,-123.466395000000006,,NA,NA,"2621629",obs_native,file:///D:/Simon/Sync/Root/GIS/Biodiversity%20Data/obs_native.csv?type=csv&maxFields=10000&detectTypes=yes&xField=longitude&yField=latitude&crs=EPSG:4326&spatialIndex=no&subsetIndex=no&watchFile=no
"448",Acmispon parviflorus,Acmispon,parviflorus,,,,native,S4S5,,48.867718000000004,-123.340086999999997,,NA,NA,"3041225",obs_native,file:///D:/Simon/Sync/Root/GIS/Biodiversity%20Data/obs_native.csv?type=csv&maxFields=10000&detectTypes=yes&xField=longitude&yField=latitude&crs=EPSG:4326&spatialIndex=no&subsetIndex=no&watchFile=no
"449",Acmispon parviflorus,Acmispon,parviflorus,,,,native,S4S5,,48.916249999999998,-123.424959000000001,,NA,NA,"3094376",obs_native,file:///D:/Simon/Sync/Root/GIS/Biodiversity%20Data/obs_native.csv?type=csv&maxFields=10000&detectTypes=yes&xField=longitude&yField=latitude&crs=EPSG:4326&spatialIndex=no&subsetIndex=no&watchFile=no
"450",Acmispon parviflorus,Acmispon,parviflorus,,,,native,S4S5,,48.916870000000003,-123.423242999999999,,NA,NA,"3098531",obs_native,file:///D:/Simon/Sync/Root/GIS/Biodiversity%20Data/obs_native.csv?type=csv&maxFields=10000&detectTypes=yes&xField=longitude&yField=latitude&crs=EPSG:4326&spatialIndex=no&subsetIndex=no&watchFile=no
"451",Acmispon parviflorus,Acmispon,parviflorus,,,,native,S4S5,,48.915923999999997,-123.425291999999999,,NA,NA,"3340625",obs_native,file:///D:/Simon/Sync/Root/GIS/Biodiversity%20Data/obs_native.csv?type=csv&maxFields=10000&detectTypes=yes&xField=longitude&yField=latitude&crs=EPSG:4326&spatialIndex=no&subsetIndex=no&watchFile=no
"452",Acmispon parviflorus,Acmispon,parviflorus,,,,native,S4S5,,48.867594439999998,-123.339866700000002,,NA,NA,"6161011",obs_native,file:///D:/Simon/Sync/Root/GIS/Biodiversity%20Data/obs_native.csv?type=csv&maxFields=10000&detectTypes=yes&xField=longitude&yField=latitude&crs=EPSG:4326&spatialIndex=no&subsetIndex=no&watchFile=no
"453",Acmispon parviflorus,Acmispon,parviflorus,,,,native,S4S5,,48.867255520000001,-123.338141399999998,,NA,NA,"6217224",obs_native,file:///D:/Simon/Sync/Root/GIS/Biodiversity%20Data/obs_native.csv?type=csv&maxFields=10000&detectTypes=yes&xField=longitude&yField=latitude&crs=EPSG:4326&spatialIndex=no&subsetIndex=no&watchFile=no
"454",Acmispon parviflorus,Acmispon,parviflorus,,,,native,S4S5,,48.867227290000002,-123.338077100000007,,NA,NA,"6217925",obs_native,file:///D:/Simon/Sync/Root/GIS/Biodiversity%20Data/obs_native.csv?type=csv&maxFields=10000&detectTypes=yes&xField=longitude&yField=latitude&crs=EPSG:4326&spatialIndex=no&subsetIndex=no&watchFile=no
"455",Acmispon parviflorus,Acmispon,parviflorus,,,,native,S4S5,,48.866634460000000,-123.375670900000003,,NA,NA,"6411591",obs_native,file:///D:/Simon/Sync/Root/GIS/Biodiversity%20Data/obs_native.csv?type=csv&maxFields=10000&detectTypes=yes&xField=longitude&yField=latitude&crs=EPSG:4326&spatialIndex=no&subsetIndex=no&watchFile=no
"456",Acmispon parviflorus,Acmispon,parviflorus,,,,native,S4S5,,48.866956060000000,-123.341274999999996,,NA,NA,"16310362",obs_native,file:///D:/Simon/Sync/Root/GIS/Biodiversity%20Data/obs_native.csv?type=csv&maxFields=10000&detectTypes=yes&xField=longitude&yField=latitude&crs=EPSG:4326&spatialIndex=no&subsetIndex=no&watchFile=no
"457",Acmispon parviflorus,Acmispon,parviflorus,,,,native,S4S5,,48.866956060000000,-123.341274999999996,,NA,NA,"16310364",obs_native,file:///D:/Simon/Sync/Root/GIS/Biodiversity%20Data/obs_native.csv?type=csv&maxFields=10000&detectTypes=yes&xField=longitude&yField=latitude&crs=EPSG:4326&spatialIndex=no&subsetIndex=no&watchFile=no
"458",Acmispon parviflorus,Acmispon,parviflorus,,,,native,S4S5,,48.956750000000000,-123.528846700000003,,NA,NA,"22182742",obs_native,file:///D:/Simon/Sync/Root/GIS/Biodiversity%20Data/obs_native.csv?type=csv&maxFields=10000&detectTypes=yes&xField=longitude&yField=latitude&crs=EPSG:4326&spatialIndex=no&subsetIndex=no&watchFile=no
"459",Acmispon parviflorus,Acmispon,parviflorus,,,,native,S4S5,,48.901359509999999,-123.406313400000002,,NA,NA,"24715271",obs_native,file:///D:/Simon/Sync/Root/GIS/Biodiversity%20Data/obs_native.csv?type=csv&maxFields=10000&detectTypes=yes&xField=longitude&yField=latitude&crs=EPSG:4326&spatialIndex=no&subsetIndex=no&watchFile=no
"460",Acmispon parviflorus,Acmispon,parviflorus,,,,native,S4S5,,48.867060889999998,-123.375812600000003,,NA,NA,"25479102",obs_native,file:///D:/Simon/Sync/Root/GIS/Biodiversity%20Data/obs_native.csv?type=csv&maxFields=10000&detectTypes=yes&xField=longitude&yField=latitude&crs=EPSG:4326&spatialIndex=no&subsetIndex=no&watchFile=no
"461",Acmispon parviflorus,Acmispon,parviflorus,,,,native,S4S5,,48.866766110000000,-123.340338099999997,,NA,NA,"43252998",obs_native,file:///D:/Simon/Sync/Root/GIS/Biodiversity%20Data/obs_native.csv?type=csv&maxFields=10000&detectTypes=yes&xField=longitude&yField=latitude&crs=EPSG:4326&spatialIndex=no&subsetIndex=no&watchFile=no
"462",Acmispon parviflorus,Acmispon,parviflorus,,,,native,S4S5,,48.869444600000001,-123.378508600000004,,NA,NA,"46839110",obs_native,file:///D:/Simon/Sync/Root/GIS/Biodiversity%20Data/obs_native.csv?type=csv&maxFields=10000&detectTypes=yes&xField=longitude&yField=latitude&crs=EPSG:4326&spatialIndex=no&subsetIndex=no&watchFile=no
"463",Acmispon parviflorus,Acmispon,parviflorus,,,,native,S4S5,,48.886768330000002,-123.373284999999996,,NA,NA,"53022053",obs_native,file:///D:/Simon/Sync/Root/GIS/Biodiversity%20Data/obs_native.csv?type=csv&maxFields=10000&detectTypes=yes&xField=longitude&yField=latitude&crs=EPSG:4326&spatialIndex=no&subsetIndex=no&watchFile=no
"464",Acmispon parviflorus,Acmispon,parviflorus,,,,native,S4S5,,48.870646669999999,-123.380661700000005,,NA,NA,"79421991",obs_native,file:///D:/Simon/Sync/Root/GIS/Biodiversity%20Data/obs_native.csv?type=csv&maxFields=10000&detectTypes=yes&xField=longitude&yField=latitude&crs=EPSG:4326&spatialIndex=no&subsetIndex=no&watchFile=no
"465",Acmispon parviflorus,Acmispon,parviflorus,,,,native,S4S5,,49.000294449999998,-123.561638299999998,,NA,NA,"84599515",obs_native,file:///D:/Simon/Sync/Root/GIS/Biodiversity%20Data/obs_native.csv?type=csv&maxFields=10000&detectTypes=yes&xField=longitude&yField=latitude&crs=EPSG:4326&spatialIndex=no&subsetIndex=no&watchFile=no
"466",Acmispon parviflorus,Acmispon,parviflorus,,,,native,S4S5,,48.866231669999998,-123.374673299999998,,NA,NA,"114122135",obs_native,file:///D:/Simon/Sync/Root/GIS/Biodiversity%20Data/obs_native.csv?type=csv&maxFields=10000&detectTypes=yes&xField=longitude&yField=latitude&crs=EPSG:4326&spatialIndex=no&subsetIndex=no&watchFile=no
"467",Acmispon parviflorus,Acmispon,parviflorus,,,,native,S4S5,,48.863365000000002,-123.363006700000000,,NA,NA,"116636233",obs_native,file:///D:/Simon/Sync/Root/GIS/Biodiversity%20Data/obs_native.csv?type=csv&maxFields=10000&detectTypes=yes&xField=longitude&yField=latitude&crs=EPSG:4326&spatialIndex=no&subsetIndex=no&watchFile=no
"468",Acmispon parviflorus,Acmispon,parviflorus,,,,native,S4S5,,48.866109999999999,-123.369058300000006,,NA,NA,"120470349",obs_native,file:///D:/Simon/Sync/Root/GIS/Biodiversity%20Data/obs_native.csv?type=csv&maxFields=10000&detectTypes=yes&xField=longitude&yField=latitude&crs=EPSG:4326&spatialIndex=no&subsetIndex=no&watchFile=no
"469",Acmispon parviflorus,Acmispon,parviflorus,,,,native,S4S5,,48.939900000000002,-123.502786099999994,,NA,NA,"120768674",obs_native,file:///D:/Simon/Sync/Root/GIS/Biodiversity%20Data/obs_native.csv?type=csv&maxFields=10000&detectTypes=yes&xField=longitude&yField=latitude&crs=EPSG:4326&spatialIndex=no&subsetIndex=no&watchFile=no
"470",Acmispon parviflorus,Acmispon,parviflorus,,,,native,S4S5,,48.871500859999998,-123.386089600000005,,NA,NA,"120973095",obs_native,file:///D:/Simon/Sync/Root/GIS/Biodiversity%20Data/obs_native.csv?type=csv&maxFields=10000&detectTypes=yes&xField=longitude&yField=latitude&crs=EPSG:4326&spatialIndex=no&subsetIndex=no&watchFile=no
"471",Acmispon parviflorus,Acmispon,parviflorus,,,,native,S4S5,,48.869999929999999,-123.379999999999995,,NA,NA,"121008246",obs_native,file:///D:/Simon/Sync/Root/GIS/Biodiversity%20Data/obs_native.csv?type=csv&maxFields=10000&detectTypes=yes&xField=longitude&yField=latitude&crs=EPSG:4326&spatialIndex=no&subsetIndex=no&watchFile=no
"472",Adenocaulon bicolor,Adenocaulon,bicolor,,,,native,S5,,48.985449000000003,-123.559939000000000,,NA,NA,"3296016",obs_native,file:///D:/Simon/Sync/Root/GIS/Biodiversity%20Data/obs_native.csv?type=csv&maxFields=10000&detectTypes=yes&xField=longitude&yField=latitude&crs=EPSG:4326&spatialIndex=no&subsetIndex=no&watchFile=no
"473",Adenocaulon bicolor,Adenocaulon,bicolor,,,,native,S5,,48.932492000000003,-123.483323999999996,,NA,NA,"3319316",obs_native,file:///D:/Simon/Sync/Root/GIS/Biodiversity%20Data/obs_native.csv?type=csv&maxFields=10000&detectTypes=yes&xField=longitude&yField=latitude&crs=EPSG:4326&spatialIndex=no&subsetIndex=no&watchFile=no
"474",Adenocaulon bicolor,Adenocaulon,bicolor,,,,native,S5,,48.932492000000003,-123.483323999999996,,NA,NA,"3319770",obs_native,file:///D:/Simon/Sync/Root/GIS/Biodiversity%20Data/obs_native.csv?type=csv&maxFields=10000&detectTypes=yes&xField=longitude&yField=latitude&crs=EPSG:4326&spatialIndex=no&subsetIndex=no&watchFile=no
"475",Adenocaulon bicolor,Adenocaulon,bicolor,,,,native,S5,,48.951200000000000,-123.516368999999997,,NA,NA,"3555274",obs_native,file:///D:/Simon/Sync/Root/GIS/Biodiversity%20Data/obs_native.csv?type=csv&maxFields=10000&detectTypes=yes&xField=longitude&yField=latitude&crs=EPSG:4326&spatialIndex=no&subsetIndex=no&watchFile=no
"476",Adenocaulon bicolor,Adenocaulon,bicolor,,,,native,S5,,48.951200000000000,-123.516368999999997,,NA,NA,"3555889",obs_native,file:///D:/Simon/Sync/Root/GIS/Biodiversity%20Data/obs_native.csv?type=csv&maxFields=10000&detectTypes=yes&xField=longitude&yField=latitude&crs=EPSG:4326&spatialIndex=no&subsetIndex=no&watchFile=no
"477",Adenocaulon bicolor,Adenocaulon,bicolor,,,,native,S5,,49.003481000000001,-123.575036999999995,,NA,NA,"3890880",obs_native,file:///D:/Simon/Sync/Root/GIS/Biodiversity%20Data/obs_native.csv?type=csv&maxFields=10000&detectTypes=yes&xField=longitude&yField=latitude&crs=EPSG:4326&spatialIndex=no&subsetIndex=no&watchFile=no
"478",Adenocaulon bicolor,Adenocaulon,bicolor,,,,native,S5,,49.011795350000000,-123.574218799999997,,NA,NA,"6309409",obs_native,file:///D:/Simon/Sync/Root/GIS/Biodiversity%20Data/obs_native.csv?type=csv&maxFields=10000&detectTypes=yes&xField=longitude&yField=latitude&crs=EPSG:4326&spatialIndex=no&subsetIndex=no&watchFile=no
"479",Adenocaulon bicolor,Adenocaulon,bicolor,,,,native,S5,,48.984174000000003,-123.568038999999999,,NA,NA,"11039747",obs_native,file:///D:/Simon/Sync/Root/GIS/Biodiversity%20Data/obs_native.csv?type=csv&maxFields=10000&detectTypes=yes&xField=longitude&yField=latitude&crs=EPSG:4326&spatialIndex=no&subsetIndex=no&watchFile=no
"480",Adenocaulon bicolor,Adenocaulon,bicolor,,,,native,S5,,48.874896000000000,-123.341813000000002,,NA,NA,"12631213",obs_native,file:///D:/Simon/Sync/Root/GIS/Biodiversity%20Data/obs_native.csv?type=csv&maxFields=10000&detectTypes=yes&xField=longitude&yField=latitude&crs=EPSG:4326&spatialIndex=no&subsetIndex=no&watchFile=no
"481",Adenocaulon bicolor,Adenocaulon,bicolor,,,,native,S5,,48.867816189999999,-123.339099200000007,,NA,NA,"12817022",obs_native,file:///D:/Simon/Sync/Root/GIS/Biodiversity%20Data/obs_native.csv?type=csv&maxFields=10000&detectTypes=yes&xField=longitude&yField=latitude&crs=EPSG:4326&spatialIndex=no&subsetIndex=no&watchFile=no
"482",Adenocaulon bicolor,Adenocaulon,bicolor,,,,native,S5,,49.009577120000003,-123.577590499999999,,NA,NA,"24497720",obs_native,file:///D:/Simon/Sync/Root/GIS/Biodiversity%20Data/obs_native.csv?type=csv&maxFields=10000&detectTypes=yes&xField=longitude&yField=latitude&crs=EPSG:4326&spatialIndex=no&subsetIndex=no&watchFile=no
"483",Adenocaulon bicolor,Adenocaulon,bicolor,,,,native,S5,,48.896503330000002,-123.402983300000002,,NA,NA,"24639778",obs_native,file:///D:/Simon/Sync/Root/GIS/Biodiversity%20Data/obs_native.csv?type=csv&maxFields=10000&detectTypes=yes&xField=longitude&yField=latitude&crs=EPSG:4326&spatialIndex=no&subsetIndex=no&watchFile=no
"484",Adenocaulon bicolor,Adenocaulon,bicolor,,,,native,S5,,48.963702779999998,-123.515372200000002,,NA,NA,"24666666",obs_native,file:///D:/Simon/Sync/Root/GIS/Biodiversity%20Data/obs_native.csv?type=csv&maxFields=10000&detectTypes=yes&xField=longitude&yField=latitude&crs=EPSG:4326&spatialIndex=no&subsetIndex=no&watchFile=no
"485",Adenocaulon bicolor,Adenocaulon,bicolor,,,,native,S5,,48.963947220000001,-123.515502799999993,,NA,NA,"24666713",obs_native,file:///D:/Simon/Sync/Root/GIS/Biodiversity%20Data/obs_native.csv?type=csv&maxFields=10000&detectTypes=yes&xField=longitude&yField=latitude&crs=EPSG:4326&spatialIndex=no&subsetIndex=no&watchFile=no
"486",Adenocaulon bicolor,Adenocaulon,bicolor,,,,native,S5,,48.963733329999997,-123.515572199999994,,NA,NA,"24666714",obs_native,file:///D:/Simon/Sync/Root/GIS/Biodiversity%20Data/obs_native.csv?type=csv&maxFields=10000&detectTypes=yes&xField=longitude&yField=latitude&crs=EPSG:4326&spatialIndex=no&subsetIndex=no&watchFile=no
"487",Adenocaulon bicolor,Adenocaulon,bicolor,,,,native,S5,,48.962486110000000,-123.519883300000004,,NA,NA,"24674148",obs_native,file:///D:/Simon/Sync/Root/GIS/Biodiversity%20Data/obs_native.csv?type=csv&maxFields=10000&detectTypes=yes&xField=longitude&yField=latitude&crs=EPSG:4326&spatialIndex=no&subsetIndex=no&watchFile=no
"488",Adenocaulon bicolor,Adenocaulon,bicolor,,,,native,S5,,48.900894440000002,-123.406738899999993,,NA,NA,"24676887",obs_native,file:///D:/Simon/Sync/Root/GIS/Biodiversity%20Data/obs_native.csv?type=csv&maxFields=10000&detectTypes=yes&xField=longitude&yField=latitude&crs=EPSG:4326&spatialIndex=no&subsetIndex=no&watchFile=no
"489",Adenocaulon bicolor,Adenocaulon,bicolor,,,,native,S5,,48.896766669999998,-123.408019400000001,,NA,NA,"24677392",obs_native,file:///D:/Simon/Sync/Root/GIS/Biodiversity%20Data/obs_native.csv?type=csv&maxFields=10000&detectTypes=yes&xField=longitude&yField=latitude&crs=EPSG:4326&spatialIndex=no&subsetIndex=no&watchFile=no
"490",Adenocaulon bicolor,Adenocaulon,bicolor,,,,native,S5,,48.897072219999998,-123.408333299999995,,NA,NA,"24677406",obs_native,file:///D:/Simon/Sync/Root/GIS/Biodiversity%20Data/obs_native.csv?type=csv&maxFields=10000&detectTypes=yes&xField=longitude&yField=latitude&crs=EPSG:4326&spatialIndex=no&subsetIndex=no&watchFile=no
"491",Adenocaulon bicolor,Adenocaulon,bicolor,,,,native,S5,,48.897358330000003,-123.408363899999998,,NA,NA,"24677433",obs_native,file:///D:/Simon/Sync/Root/GIS/Biodiversity%20Data/obs_native.csv?type=csv&maxFields=10000&detectTypes=yes&xField=longitude&yField=latitude&crs=EPSG:4326&spatialIndex=no&subsetIndex=no&watchFile=no
"492",Adenocaulon bicolor,Adenocaulon,bicolor,,,,native,S5,,48.896911109999998,-123.407738899999998,,NA,NA,"24677493",obs_native,file:///D:/Simon/Sync/Root/GIS/Biodiversity%20Data/obs_native.csv?type=csv&maxFields=10000&detectTypes=yes&xField=longitude&yField=latitude&crs=EPSG:4326&spatialIndex=no&subsetIndex=no&watchFile=no
"493",Adenocaulon bicolor,Adenocaulon,bicolor,,,,native,S5,,48.900344500000003,-123.405464199999997,,NA,NA,"24690102",obs_native,file:///D:/Simon/Sync/Root/GIS/Biodiversity%20Data/obs_native.csv?type=csv&maxFields=10000&detectTypes=yes&xField=longitude&yField=latitude&crs=EPSG:4326&spatialIndex=no&subsetIndex=no&watchFile=no
"494",Adenocaulon bicolor,Adenocaulon,bicolor,,,,native,S5,,48.900413659999998,-123.404190900000003,,NA,NA,"24709119",obs_native,file:///D:/Simon/Sync/Root/GIS/Biodiversity%20Data/obs_native.csv?type=csv&maxFields=10000&detectTypes=yes&xField=longitude&yField=latitude&crs=EPSG:4326&spatialIndex=no&subsetIndex=no&watchFile=no
"495",Adenocaulon bicolor,Adenocaulon,bicolor,,,,native,S5,,48.900940960000000,-123.406769499999996,,NA,NA,"24714974",obs_native,file:///D:/Simon/Sync/Root/GIS/Biodiversity%20Data/obs_native.csv?type=csv&maxFields=10000&detectTypes=yes&xField=longitude&yField=latitude&crs=EPSG:4326&spatialIndex=no&subsetIndex=no&watchFile=no
"496",Adenocaulon bicolor,Adenocaulon,bicolor,,,,native,S5,,48.900298030000002,-123.406501599999999,,NA,NA,"24715302",obs_native,file:///D:/Simon/Sync/Root/GIS/Biodiversity%20Data/obs_native.csv?type=csv&maxFields=10000&detectTypes=yes&xField=longitude&yField=latitude&crs=EPSG:4326&spatialIndex=no&subsetIndex=no&watchFile=no
"497",Adenocaulon bicolor,Adenocaulon,bicolor,,,,native,S5,,48.901094139999998,-123.404596400000003,,NA,NA,"24939389",obs_native,file:///D:/Simon/Sync/Root/GIS/Biodiversity%20Data/obs_native.csv?type=csv&maxFields=10000&detectTypes=yes&xField=longitude&yField=latitude&crs=EPSG:4326&spatialIndex=no&subsetIndex=no&watchFile=no
"498",Adenocaulon bicolor,Adenocaulon,bicolor,,,,native,S5,,48.963873550000002,-123.515309500000001,,NA,NA,"24941225",obs_native,file:///D:/Simon/Sync/Root/GIS/Biodiversity%20Data/obs_native.csv?type=csv&maxFields=10000&detectTypes=yes&xField=longitude&yField=latitude&crs=EPSG:4326&spatialIndex=no&subsetIndex=no&watchFile=no
"499",Adenocaulon bicolor,Adenocaulon,bicolor,,,,native,S5,,48.896283730000000,-123.409444300000004,,NA,NA,"24942645",obs_native,file:///D:/Simon/Sync/Root/GIS/Biodiversity%20Data/obs_native.csv?type=csv&maxFields=10000&detectTypes=yes&xField=longitude&yField=latitude&crs=EPSG:4326&spatialIndex=no&subsetIndex=no&watchFile=no
"500",Adenocaulon bicolor,Adenocaulon,bicolor,,,,native,S5,,48.899272840000002,-123.403710700000005,,NA,NA,"25478213",obs_native,file:///D:/Simon/Sync/Root/GIS/Biodiversity%20Data/obs_native.csv?type=csv&maxFields=10000&detectTypes=yes&xField=longitude&yField=latitude&crs=EPSG:4326&spatialIndex=no&subsetIndex=no&watchFile=no
"501",Adenocaulon bicolor,Adenocaulon,bicolor,,,,native,S5,,48.899679700000000,-123.404450100000005,,NA,NA,"25478431",obs_native,file:///D:/Simon/Sync/Root/GIS/Biodiversity%20Data/obs_native.csv?type=csv&maxFields=10000&detectTypes=yes&xField=longitude&yField=latitude&crs=EPSG:4326&spatialIndex=no&subsetIndex=no&watchFile=no
"502",Adenocaulon bicolor,Adenocaulon,bicolor,,,,native,S5,,48.979265450000000,-123.557090200000005,,NA,NA,"25479213",obs_native,file:///D:/Simon/Sync/Root/GIS/Biodiversity%20Data/obs_native.csv?type=csv&maxFields=10000&detectTypes=yes&xField=longitude&yField=latitude&crs=EPSG:4326&spatialIndex=no&subsetIndex=no&watchFile=no
"503",Adenocaulon bicolor,Adenocaulon,bicolor,,,,native,S5,,48.978843210000001,-123.555755099999999,,NA,NA,"25479497",obs_native,file:///D:/Simon/Sync/Root/GIS/Biodiversity%20Data/obs_native.csv?type=csv&maxFields=10000&detectTypes=yes&xField=longitude&yField=latitude&crs=EPSG:4326&spatialIndex=no&subsetIndex=no&watchFile=no
"504",Adenocaulon bicolor,Adenocaulon,bicolor,,,,native,S5,,48.963519439999999,-123.515122199999993,,NA,NA,"25595374",obs_native,file:///D:/Simon/Sync/Root/GIS/Biodiversity%20Data/obs_native.csv?type=csv&maxFields=10000&detectTypes=yes&xField=longitude&yField=latitude&crs=EPSG:4326&spatialIndex=no&subsetIndex=no&watchFile=no
"505",Adenocaulon bicolor,Adenocaulon,bicolor,,,,native,S5,,48.950634399999998,-123.515606199999993,,NA,NA,"26161299",obs_native,file:///D:/Simon/Sync/Root/GIS/Biodiversity%20Data/obs_native.csv?type=csv&maxFields=10000&detectTypes=yes&xField=longitude&yField=latitude&crs=EPSG:4326&spatialIndex=no&subsetIndex=no&watchFile=no
"506",Adenocaulon bicolor,Adenocaulon,bicolor,,,,native,S5,,48.899156380000001,-123.404079199999998,,NA,NA,"27756366",obs_native,file:///D:/Simon/Sync/Root/GIS/Biodiversity%20Data/obs_native.csv?type=csv&maxFields=10000&detectTypes=yes&xField=longitude&yField=latitude&crs=EPSG:4326&spatialIndex=no&subsetIndex=no&watchFile=no
"507",Adenocaulon bicolor,Adenocaulon,bicolor,,,,native,S5,,48.901174779999998,-123.405422700000003,,NA,NA,"32128792",obs_native,file:///D:/Simon/Sync/Root/GIS/Biodiversity%20Data/obs_native.csv?type=csv&maxFields=10000&detectTypes=yes&xField=longitude&yField=latitude&crs=EPSG:4326&spatialIndex=no&subsetIndex=no&watchFile=no
"508",Adenocaulon bicolor,Adenocaulon,bicolor,,,,native,S5,,49.006153359999999,-123.576806500000004,,NA,NA,"54417424",obs_native,file:///D:/Simon/Sync/Root/GIS/Biodiversity%20Data/obs_native.csv?type=csv&maxFields=10000&detectTypes=yes&xField=longitude&yField=latitude&crs=EPSG:4326&spatialIndex=no&subsetIndex=no&watchFile=no
"509",Adenocaulon bicolor,Adenocaulon,bicolor,,,,native,S5,,48.929000150000000,-123.469149299999998,,NA,NA,"54691697",obs_native,file:///D:/Simon/Sync/Root/GIS/Biodiversity%20Data/obs_native.csv?type=csv&maxFields=10000&detectTypes=yes&xField=longitude&yField=latitude&crs=EPSG:4326&spatialIndex=no&subsetIndex=no&watchFile=no
"510",Adenocaulon bicolor,Adenocaulon,bicolor,,,,native,S5,,48.865198010000000,-123.352695199999999,,NA,NA,"83596920",obs_native,file:///D:/Simon/Sync/Root/GIS/Biodiversity%20Data/obs_native.csv?type=csv&maxFields=10000&detectTypes=yes&xField=longitude&yField=latitude&crs=EPSG:4326&spatialIndex=no&subsetIndex=no&watchFile=no
"511",Adenocaulon bicolor,Adenocaulon,bicolor,,,,native,S5,,48.927952529999999,-123.468111899999997,,NA,NA,"84486648",obs_native,file:///D:/Simon/Sync/Root/GIS/Biodiversity%20Data/obs_native.csv?type=csv&maxFields=10000&detectTypes=yes&xField=longitude&yField=latitude&crs=EPSG:4326&spatialIndex=no&subsetIndex=no&watchFile=no
"512",Adenocaulon bicolor,Adenocaulon,bicolor,,,,native,S5,,48.927893619999999,-123.467645500000003,,NA,NA,"84749801",obs_native,file:///D:/Simon/Sync/Root/GIS/Biodiversity%20Data/obs_native.csv?type=csv&maxFields=10000&detectTypes=yes&xField=longitude&yField=latitude&crs=EPSG:4326&spatialIndex=no&subsetIndex=no&watchFile=no
"513",Adenocaulon bicolor,Adenocaulon,bicolor,,,,native,S5,,48.927558329999997,-123.468824999999995,,NA,NA,"84753897",obs_native,file:///D:/Simon/Sync/Root/GIS/Biodiversity%20Data/obs_native.csv?type=csv&maxFields=10000&detectTypes=yes&xField=longitude&yField=latitude&crs=EPSG:4326&spatialIndex=no&subsetIndex=no&watchFile=no
"514",Adenocaulon bicolor,Adenocaulon,bicolor,,,,native,S5,,48.874823329999998,-123.320089999999993,,NA,NA,"86360397",obs_native,file:///D:/Simon/Sync/Root/GIS/Biodiversity%20Data/obs_native.csv?type=csv&maxFields=10000&detectTypes=yes&xField=longitude&yField=latitude&crs=EPSG:4326&spatialIndex=no&subsetIndex=no&watchFile=no
"515",Adenocaulon bicolor,Adenocaulon,bicolor,,,,native,S5,,48.868304999999999,-123.342536699999997,,NA,NA,"86657460",obs_native,file:///D:/Simon/Sync/Root/GIS/Biodiversity%20Data/obs_native.csv?type=csv&maxFields=10000&detectTypes=yes&xField=longitude&yField=latitude&crs=EPSG:4326&spatialIndex=no&subsetIndex=no&watchFile=no
"516",Adenocaulon bicolor,Adenocaulon,bicolor,,,,native,S5,,48.978958329999998,-123.556741700000003,,NA,NA,"89513163",obs_native,file:///D:/Simon/Sync/Root/GIS/Biodiversity%20Data/obs_native.csv?type=csv&maxFields=10000&detectTypes=yes&xField=longitude&yField=latitude&crs=EPSG:4326&spatialIndex=no&subsetIndex=no&watchFile=no
"517",Adenocaulon bicolor,Adenocaulon,bicolor,,,,native,S5,,48.977351669999997,-123.554383299999998,,NA,NA,"89513168",obs_native,file:///D:/Simon/Sync/Root/GIS/Biodiversity%20Data/obs_native.csv?type=csv&maxFields=10000&detectTypes=yes&xField=longitude&yField=latitude&crs=EPSG:4326&spatialIndex=no&subsetIndex=no&watchFile=no
"518",Adenocaulon bicolor,Adenocaulon,bicolor,,,,native,S5,,48.946741670000002,-123.479553300000006,,NA,NA,"118577700",obs_native,file:///D:/Simon/Sync/Root/GIS/Biodiversity%20Data/obs_native.csv?type=csv&maxFields=10000&detectTypes=yes&xField=longitude&yField=latitude&crs=EPSG:4326&spatialIndex=no&subsetIndex=no&watchFile=no
"519",Adenocaulon bicolor,Adenocaulon,bicolor,,,,native,S5,,48.862843779999999,-123.351224599999995,,NA,NA,"122258267",obs_native,file:///D:/Simon/Sync/Root/GIS/Biodiversity%20Data/obs_native.csv?type=csv&maxFields=10000&detectTypes=yes&xField=longitude&yField=latitude&crs=EPSG:4326&spatialIndex=no&subsetIndex=no&watchFile=no
"520",Adenocaulon bicolor,Adenocaulon,bicolor,,,,native,S5,,49.011736669999998,-123.574854999999999,,NA,NA,"123934543",obs_native,file:///D:/Simon/Sync/Root/GIS/Biodiversity%20Data/obs_native.csv?type=csv&maxFields=10000&detectTypes=yes&xField=longitude&yField=latitude&crs=EPSG:4326&spatialIndex=no&subsetIndex=no&watchFile=no
"521",Adenocaulon bicolor,Adenocaulon,bicolor,,,,native,S5,,48.950944980000003,-123.515997700000000,,NA,NA,"126717129",obs_native,file:///D:/Simon/Sync/Root/GIS/Biodiversity%20Data/obs_native.csv?type=csv&maxFields=10000&detectTypes=yes&xField=longitude&yField=latitude&crs=EPSG:4326&spatialIndex=no&subsetIndex=no&watchFile=no
"522",Adenocaulon bicolor,Adenocaulon,bicolor,,,,native,S5,,49.010258329999999,-123.578216699999999,,NA,NA,"137665284",obs_native,file:///D:/Simon/Sync/Root/GIS/Biodiversity%20Data/obs_native.csv?type=csv&maxFields=10000&detectTypes=yes&xField=longitude&yField=latitude&crs=EPSG:4326&spatialIndex=no&subsetIndex=no&watchFile=no
"535",Agrostis exarata,Agrostis,exarata,,,,native,S5,,48.894395000000003,-123.336708999999999,,NA,NA,"6677554",obs_native,file:///D:/Simon/Sync/Root/GIS/Biodiversity%20Data/obs_native.csv?type=csv&maxFields=10000&detectTypes=yes&xField=longitude&yField=latitude&crs=EPSG:4326&spatialIndex=no&subsetIndex=no&watchFile=no
"536",Agrostis exarata,Agrostis,exarata,,,,native,S5,,48.897365000000001,-123.405595000000005,,NA,NA,"56194851",obs_native,file:///D:/Simon/Sync/Root/GIS/Biodiversity%20Data/obs_native.csv?type=csv&maxFields=10000&detectTypes=yes&xField=longitude&yField=latitude&crs=EPSG:4326&spatialIndex=no&subsetIndex=no&watchFile=no
"539",Agrostis pallens,Agrostis,pallens,,,,native,S4,,48.909750000000003,-123.372855000000001,,NA,NA,"121538541",obs_native,file:///D:/Simon/Sync/Root/GIS/Biodiversity%20Data/obs_native.csv?type=csv&maxFields=10000&detectTypes=yes&xField=longitude&yField=latitude&crs=EPSG:4326&spatialIndex=no&subsetIndex=no&watchFile=no
"581",Allium acuminatum,Allium,acuminatum,,,,native,S5,,48.871021669999998,-123.381820000000005,,NA,NA,"3318703",obs_native,file:///D:/Simon/Sync/Root/GIS/Biodiversity%20Data/obs_native.csv?type=csv&maxFields=10000&detectTypes=yes&xField=longitude&yField=latitude&crs=EPSG:4326&spatialIndex=no&subsetIndex=no&watchFile=no
"582",Allium acuminatum,Allium,acuminatum,,,,native,S5,,48.915923999999997,-123.425291999999999,,NA,NA,"3340578",obs_native,file:///D:/Simon/Sync/Root/GIS/Biodiversity%20Data/obs_native.csv?type=csv&maxFields=10000&detectTypes=yes&xField=longitude&yField=latitude&crs=EPSG:4326&spatialIndex=no&subsetIndex=no&watchFile=no
"583",Allium acuminatum,Allium,acuminatum,,,,native,S5,,48.867322999999999,-123.337926999999993,,NA,NA,"3345493",obs_native,file:///D:/Simon/Sync/Root/GIS/Biodiversity%20Data/obs_native.csv?type=csv&maxFields=10000&detectTypes=yes&xField=longitude&yField=latitude&crs=EPSG:4326&spatialIndex=no&subsetIndex=no&watchFile=no
"584",Allium acuminatum,Allium,acuminatum,,,,native,S5,,48.867548999999997,-123.338527999999997,,NA,NA,"3351090",obs_native,file:///D:/Simon/Sync/Root/GIS/Biodiversity%20Data/obs_native.csv?type=csv&maxFields=10000&detectTypes=yes&xField=longitude&yField=latitude&crs=EPSG:4326&spatialIndex=no&subsetIndex=no&watchFile=no
"585",Allium acuminatum,Allium,acuminatum,,,,native,S5,,48.867548999999997,-123.338527999999997,,NA,NA,"3351162",obs_native,file:///D:/Simon/Sync/Root/GIS/Biodiversity%20Data/obs_native.csv?type=csv&maxFields=10000&detectTypes=yes&xField=longitude&yField=latitude&crs=EPSG:4326&spatialIndex=no&subsetIndex=no&watchFile=no
"586",Allium acuminatum,Allium,acuminatum,,,,native,S5,,48.956932999999999,-123.529767000000007,,NA,NA,"3681766",obs_native,file:///D:/Simon/Sync/Root/GIS/Biodiversity%20Data/obs_native.csv?type=csv&maxFields=10000&detectTypes=yes&xField=longitude&yField=latitude&crs=EPSG:4326&spatialIndex=no&subsetIndex=no&watchFile=no
"587",Allium acuminatum,Allium,acuminatum,,,,native,S5,,48.956538999999999,-123.528608000000006,,NA,NA,"3682188",obs_native,file:///D:/Simon/Sync/Root/GIS/Biodiversity%20Data/obs_native.csv?type=csv&maxFields=10000&detectTypes=yes&xField=longitude&yField=latitude&crs=EPSG:4326&spatialIndex=no&subsetIndex=no&watchFile=no
"588",Allium acuminatum,Allium,acuminatum,,,,native,S5,,48.866747380000000,-123.375649499999994,,NA,NA,"6409655",obs_native,file:///D:/Simon/Sync/Root/GIS/Biodiversity%20Data/obs_native.csv?type=csv&maxFields=10000&detectTypes=yes&xField=longitude&yField=latitude&crs=EPSG:4326&spatialIndex=no&subsetIndex=no&watchFile=no
"589",Allium acuminatum,Allium,acuminatum,,,,native,S5,,48.868800149999998,-123.378610600000002,,NA,NA,"6410300",obs_native,file:///D:/Simon/Sync/Root/GIS/Biodiversity%20Data/obs_native.csv?type=csv&maxFields=10000&detectTypes=yes&xField=longitude&yField=latitude&crs=EPSG:4326&spatialIndex=no&subsetIndex=no&watchFile=no
"590",Allium acuminatum,Allium,acuminatum,,,,native,S5,,48.867523710000000,-123.339750800000004,,NA,NA,"6434830",obs_native,file:///D:/Simon/Sync/Root/GIS/Biodiversity%20Data/obs_native.csv?type=csv&maxFields=10000&detectTypes=yes&xField=longitude&yField=latitude&crs=EPSG:4326&spatialIndex=no&subsetIndex=no&watchFile=no
"591",Allium acuminatum,Allium,acuminatum,,,,native,S5,,48.861976689999999,-123.326160700000003,,NA,NA,"6446962",obs_native,file:///D:/Simon/Sync/Root/GIS/Biodiversity%20Data/obs_native.csv?type=csv&maxFields=10000&detectTypes=yes&xField=longitude&yField=latitude&crs=EPSG:4326&spatialIndex=no&subsetIndex=no&watchFile=no
"592",Allium acuminatum,Allium,acuminatum,,,,native,S5,,48.863599999999998,-123.363032000000004,,NA,NA,"6646946",obs_native,file:///D:/Simon/Sync/Root/GIS/Biodiversity%20Data/obs_native.csv?type=csv&maxFields=10000&detectTypes=yes&xField=longitude&yField=latitude&crs=EPSG:4326&spatialIndex=no&subsetIndex=no&watchFile=no
"593",Allium acuminatum,Allium,acuminatum,,,,native,S5,,48.868237000000001,-123.377365999999995,,NA,NA,"6665069",obs_native,file:///D:/Simon/Sync/Root/GIS/Biodiversity%20Data/obs_native.csv?type=csv&maxFields=10000&detectTypes=yes&xField=longitude&yField=latitude&crs=EPSG:4326&spatialIndex=no&subsetIndex=no&watchFile=no
"594",Allium acuminatum,Allium,acuminatum,,,,native,S5,,48.875377999999998,-123.384533000000005,,NA,NA,"6817703",obs_native,file:///D:/Simon/Sync/Root/GIS/Biodiversity%20Data/obs_native.csv?type=csv&maxFields=10000&detectTypes=yes&xField=longitude&yField=latitude&crs=EPSG:4326&spatialIndex=no&subsetIndex=no&watchFile=no
"595",Allium acuminatum,Allium,acuminatum,,,,native,S5,,48.866925999999999,-123.341881000000001,,NA,NA,"12635287",obs_native,file:///D:/Simon/Sync/Root/GIS/Biodiversity%20Data/obs_native.csv?type=csv&maxFields=10000&detectTypes=yes&xField=longitude&yField=latitude&crs=EPSG:4326&spatialIndex=no&subsetIndex=no&watchFile=no
"596",Allium acuminatum,Allium,acuminatum,,,,native,S5,,48.867189000000003,-123.337681000000003,,NA,NA,"12635605",obs_native,file:///D:/Simon/Sync/Root/GIS/Biodiversity%20Data/obs_native.csv?type=csv&maxFields=10000&detectTypes=yes&xField=longitude&yField=latitude&crs=EPSG:4326&spatialIndex=no&subsetIndex=no&watchFile=no
"597",Allium acuminatum,Allium,acuminatum,,,,native,S5,,48.863229509999996,-123.327863899999997,,NA,NA,"13184640",obs_native,file:///D:/Simon/Sync/Root/GIS/Biodiversity%20Data/obs_native.csv?type=csv&maxFields=10000&detectTypes=yes&xField=longitude&yField=latitude&crs=EPSG:4326&spatialIndex=no&subsetIndex=no&watchFile=no
"598",Allium acuminatum,Allium,acuminatum,,,,native,S5,,48.867791670000003,-123.339355600000005,,NA,NA,"13973460",obs_native,file:///D:/Simon/Sync/Root/GIS/Biodiversity%20Data/obs_native.csv?type=csv&maxFields=10000&detectTypes=yes&xField=longitude&yField=latitude&crs=EPSG:4326&spatialIndex=no&subsetIndex=no&watchFile=no
"599",Allium acuminatum,Allium,acuminatum,,,,native,S5,,48.867718000000004,-123.340205999999995,,NA,NA,"13980352",obs_native,file:///D:/Simon/Sync/Root/GIS/Biodiversity%20Data/obs_native.csv?type=csv&maxFields=10000&detectTypes=yes&xField=longitude&yField=latitude&crs=EPSG:4326&spatialIndex=no&subsetIndex=no&watchFile=no
"600",Allium acuminatum,Allium,acuminatum,,,,native,S5,,48.875168330000001,-123.384218300000001,,NA,NA,"14197962",obs_native,file:///D:/Simon/Sync/Root/GIS/Biodiversity%20Data/obs_native.csv?type=csv&maxFields=10000&detectTypes=yes&xField=longitude&yField=latitude&crs=EPSG:4326&spatialIndex=no&subsetIndex=no&watchFile=no
"601",Allium acuminatum,Allium,acuminatum,,,,native,S5,,48.952547830000000,-123.520034899999999,,NA,NA,"26372062",obs_native,file:///D:/Simon/Sync/Root/GIS/Biodiversity%20Data/obs_native.csv?type=csv&maxFields=10000&detectTypes=yes&xField=longitude&yField=latitude&crs=EPSG:4326&spatialIndex=no&subsetIndex=no&watchFile=no
"602",Allium acuminatum,Allium,acuminatum,,,,native,S5,,48.867175000000003,-123.336929999999995,,NA,NA,"26455444",obs_native,file:///D:/Simon/Sync/Root/GIS/Biodiversity%20Data/obs_native.csv?type=csv&maxFields=10000&detectTypes=yes&xField=longitude&yField=latitude&crs=EPSG:4326&spatialIndex=no&subsetIndex=no&watchFile=no
"603",Allium acuminatum,Allium,acuminatum,,,,native,S5,,48.867267409999997,-123.378136999999995,,NA,NA,"26468342",obs_native,file:///D:/Simon/Sync/Root/GIS/Biodiversity%20Data/obs_native.csv?type=csv&maxFields=10000&detectTypes=yes&xField=longitude&yField=latitude&crs=EPSG:4326&spatialIndex=no&subsetIndex=no&watchFile=no
"604",Allium acuminatum,Allium,acuminatum,,,,native,S5,,48.871661670000002,-123.310699999999997,,NA,NA,"26683841",obs_native,file:///D:/Simon/Sync/Root/GIS/Biodiversity%20Data/obs_native.csv?type=csv&maxFields=10000&detectTypes=yes&xField=longitude&yField=latitude&crs=EPSG:4326&spatialIndex=no&subsetIndex=no&watchFile=no
"605",Allium acuminatum,Allium,acuminatum,,,,native,S5,,48.870501400000002,-123.381992499999996,,NA,NA,"47483107",obs_native,file:///D:/Simon/Sync/Root/GIS/Biodiversity%20Data/obs_native.csv?type=csv&maxFields=10000&detectTypes=yes&xField=longitude&yField=latitude&crs=EPSG:4326&spatialIndex=no&subsetIndex=no&watchFile=no
"606",Allium acuminatum,Allium,acuminatum,,,,native,S5,,48.864465369999998,-123.330762500000006,,NA,NA,"51434364",obs_native,file:///D:/Simon/Sync/Root/GIS/Biodiversity%20Data/obs_native.csv?type=csv&maxFields=10000&detectTypes=yes&xField=longitude&yField=latitude&crs=EPSG:4326&spatialIndex=no&subsetIndex=no&watchFile=no
"607",Allium acuminatum,Allium,acuminatum,,,,native,S5,,48.866689399999998,-123.335315600000001,,NA,NA,"51951387",obs_native,file:///D:/Simon/Sync/Root/GIS/Biodiversity%20Data/obs_native.csv?type=csv&maxFields=10000&detectTypes=yes&xField=longitude&yField=latitude&crs=EPSG:4326&spatialIndex=no&subsetIndex=no&watchFile=no
"608",Allium acuminatum,Allium,acuminatum,,,,native,S5,,48.954504999999997,-123.524308300000001,,NA,NA,"53806888",obs_native,file:///D:/Simon/Sync/Root/GIS/Biodiversity%20Data/obs_native.csv?type=csv&maxFields=10000&detectTypes=yes&xField=longitude&yField=latitude&crs=EPSG:4326&spatialIndex=no&subsetIndex=no&watchFile=no
"609",Allium acuminatum,Allium,acuminatum,,,,native,S5,,48.867676830000001,-123.340121499999995,,NA,NA,"81526320",obs_native,file:///D:/Simon/Sync/Root/GIS/Biodiversity%20Data/obs_native.csv?type=csv&maxFields=10000&detectTypes=yes&xField=longitude&yField=latitude&crs=EPSG:4326&spatialIndex=no&subsetIndex=no&watchFile=no
"610",Allium acuminatum,Allium,acuminatum,,,,native,S5,,48.871625000000002,-123.310638299999994,,NA,NA,"82924221",obs_native,file:///D:/Simon/Sync/Root/GIS/Biodiversity%20Data/obs_native.csv?type=csv&maxFields=10000&detectTypes=yes&xField=longitude&yField=latitude&crs=EPSG:4326&spatialIndex=no&subsetIndex=no&watchFile=no
"611",Allium acuminatum,Allium,acuminatum,,,,native,S5,,48.864911669999998,-123.366804999999999,,NA,NA,"85291219",obs_native,file:///D:/Simon/Sync/Root/GIS/Biodiversity%20Data/obs_native.csv?type=csv&maxFields=10000&detectTypes=yes&xField=longitude&yField=latitude&crs=EPSG:4326&spatialIndex=no&subsetIndex=no&watchFile=no
"612",Allium acuminatum,Allium,acuminatum,,,,native,S5,,48.863530560000001,-123.363538899999995,,NA,NA,"120470382",obs_native,file:///D:/Simon/Sync/Root/GIS/Biodiversity%20Data/obs_native.csv?type=csv&maxFields=10000&detectTypes=yes&xField=longitude&yField=latitude&crs=EPSG:4326&spatialIndex=no&subsetIndex=no&watchFile=no
"613",Allium acuminatum,Allium,acuminatum,,,,native,S5,,48.868338330000000,-123.376853299999993,,NA,NA,"120922005",obs_native,file:///D:/Simon/Sync/Root/GIS/Biodiversity%20Data/obs_native.csv?type=csv&maxFields=10000&detectTypes=yes&xField=longitude&yField=latitude&crs=EPSG:4326&spatialIndex=no&subsetIndex=no&watchFile=no
"614",Allium acuminatum,Allium,acuminatum,,,,native,S5,,48.868366670000000,-123.376855599999999,,NA,NA,"121011891",obs_native,file:///D:/Simon/Sync/Root/GIS/Biodiversity%20Data/obs_native.csv?type=csv&maxFields=10000&detectTypes=yes&xField=longitude&yField=latitude&crs=EPSG:4326&spatialIndex=no&subsetIndex=no&watchFile=no
"615",Allium acuminatum,Allium,acuminatum,,,,native,S5,,48.867578330000001,-123.339079999999996,,NA,NA,"121932832",obs_native,file:///D:/Simon/Sync/Root/GIS/Biodiversity%20Data/obs_native.csv?type=csv&maxFields=10000&detectTypes=yes&xField=longitude&yField=latitude&crs=EPSG:4326&spatialIndex=no&subsetIndex=no&watchFile=no
"616",Allium acuminatum,Allium,acuminatum,,,,native,S5,,48.867241669999999,-123.337936700000000,,NA,NA,"123870494",obs_native,file:///D:/Simon/Sync/Root/GIS/Biodiversity%20Data/obs_native.csv?type=csv&maxFields=10000&detectTypes=yes&xField=longitude&yField=latitude&crs=EPSG:4326&spatialIndex=no&subsetIndex=no&watchFile=no
"617",Allium acuminatum,Allium,acuminatum,,,,native,S5,,48.863459949999999,-123.367239200000000,,NA,NA,"124607816",obs_native,file:///D:/Simon/Sync/Root/GIS/Biodiversity%20Data/obs_native.csv?type=csv&maxFields=10000&detectTypes=yes&xField=longitude&yField=latitude&crs=EPSG:4326&spatialIndex=no&subsetIndex=no&watchFile=no
"618",Allium acuminatum,Allium,acuminatum,,,,native,S5,,48.863878499999998,-123.363827200000003,,NA,NA,"126118829",obs_native,file:///D:/Simon/Sync/Root/GIS/Biodiversity%20Data/obs_native.csv?type=csv&maxFields=10000&detectTypes=yes&xField=longitude&yField=latitude&crs=EPSG:4326&spatialIndex=no&subsetIndex=no&watchFile=no
"619",Allium acuminatum,Allium,acuminatum,,,,native,S5,,48.866913330000003,-123.336250000000007,,NA,NA,"126388718",obs_native,file:///D:/Simon/Sync/Root/GIS/Biodiversity%20Data/obs_native.csv?type=csv&maxFields=10000&detectTypes=yes&xField=longitude&yField=latitude&crs=EPSG:4326&spatialIndex=no&subsetIndex=no&watchFile=no
"620",Allium acuminatum,Allium,acuminatum,,,,native,S5,,48.866908330000001,-123.336394999999996,,NA,NA,"126666875",obs_native,file:///D:/Simon/Sync/Root/GIS/Biodiversity%20Data/obs_native.csv?type=csv&maxFields=10000&detectTypes=yes&xField=longitude&yField=latitude&crs=EPSG:4326&spatialIndex=no&subsetIndex=no&watchFile=no
"621",Allium acuminatum,Allium,acuminatum,,,,native,S5,,48.868331670000003,-123.338538299999996,,NA,NA,"127181972",obs_native,file:///D:/Simon/Sync/Root/GIS/Biodiversity%20Data/obs_native.csv?type=csv&maxFields=10000&detectTypes=yes&xField=longitude&yField=latitude&crs=EPSG:4326&spatialIndex=no&subsetIndex=no&watchFile=no
"622",Allium acuminatum,Allium,acuminatum,,,,native,S5,,48.952255340000001,-123.518980600000006,,NA,NA,"127456386",obs_native,file:///D:/Simon/Sync/Root/GIS/Biodiversity%20Data/obs_native.csv?type=csv&maxFields=10000&detectTypes=yes&xField=longitude&yField=latitude&crs=EPSG:4326&spatialIndex=no&subsetIndex=no&watchFile=no
"623",Allium acuminatum,Allium,acuminatum,,,,native,S5,,48.866936670000001,-123.376975000000002,,NA,NA,"130111232",obs_native,file:///D:/Simon/Sync/Root/GIS/Biodiversity%20Data/obs_native.csv?type=csv&maxFields=10000&detectTypes=yes&xField=longitude&yField=latitude&crs=EPSG:4326&spatialIndex=no&subsetIndex=no&watchFile=no
"624",Allium amplectens,Allium,amplectens,,,,native,S3 (2019),,48.897433329999998,-123.338691699999998,,NA,NA,"6249542",obs_native,file:///D:/Simon/Sync/Root/GIS/Biodiversity%20Data/obs_native.csv?type=csv&maxFields=10000&detectTypes=yes&xField=longitude&yField=latitude&crs=EPSG:4326&spatialIndex=no&subsetIndex=no&watchFile=no
"625",Allium amplectens,Allium,amplectens,,,,native,S3 (2019),,48.897271629999999,-123.338726199999996,,NA,NA,"6447929",obs_native,file:///D:/Simon/Sync/Root/GIS/Biodiversity%20Data/obs_native.csv?type=csv&maxFields=10000&detectTypes=yes&xField=longitude&yField=latitude&crs=EPSG:4326&spatialIndex=no&subsetIndex=no&watchFile=no
"626",Allium amplectens,Allium,amplectens,,,,native,S3 (2019),,48.897541670000003,-123.338530000000006,,NA,NA,"26057588",obs_native,file:///D:/Simon/Sync/Root/GIS/Biodiversity%20Data/obs_native.csv?type=csv&maxFields=10000&detectTypes=yes&xField=longitude&yField=latitude&crs=EPSG:4326&spatialIndex=no&subsetIndex=no&watchFile=no
"627",Allium amplectens,Allium,amplectens,,,,native,S3 (2019),,48.897392760000002,-123.338793400000000,,NA,NA,"26288907",obs_native,file:///D:/Simon/Sync/Root/GIS/Biodiversity%20Data/obs_native.csv?type=csv&maxFields=10000&detectTypes=yes&xField=longitude&yField=latitude&crs=EPSG:4326&spatialIndex=no&subsetIndex=no&watchFile=no
"628",Allium amplectens,Allium,amplectens,,,,native,S3 (2019),,48.909615000000002,-123.371939999999995,,NA,NA,"111053106",obs_native,file:///D:/Simon/Sync/Root/GIS/Biodiversity%20Data/obs_native.csv?type=csv&maxFields=10000&detectTypes=yes&xField=longitude&yField=latitude&crs=EPSG:4326&spatialIndex=no&subsetIndex=no&watchFile=no
"629",Allium amplectens,Allium,amplectens,,,,native,S3 (2019),,48.909509999999997,-123.371206700000002,,NA,NA,"114482009",obs_native,file:///D:/Simon/Sync/Root/GIS/Biodiversity%20Data/obs_native.csv?type=csv&maxFields=10000&detectTypes=yes&xField=longitude&yField=latitude&crs=EPSG:4326&spatialIndex=no&subsetIndex=no&watchFile=no
"630",Allium amplectens,Allium,amplectens,,,,native,S3 (2019),,48.909626670000002,-123.371953300000001,,NA,NA,"119369501",obs_native,file:///D:/Simon/Sync/Root/GIS/Biodiversity%20Data/obs_native.csv?type=csv&maxFields=10000&detectTypes=yes&xField=longitude&yField=latitude&crs=EPSG:4326&spatialIndex=no&subsetIndex=no&watchFile=no
"631",Allium amplectens,Allium,amplectens,,,,native,S3 (2019),,48.897358330000003,-123.338668299999995,,NA,NA,"120494798",obs_native,file:///D:/Simon/Sync/Root/GIS/Biodiversity%20Data/obs_native.csv?type=csv&maxFields=10000&detectTypes=yes&xField=longitude&yField=latitude&crs=EPSG:4326&spatialIndex=no&subsetIndex=no&watchFile=no
"632",Allium amplectens,Allium,amplectens,,,,native,S3 (2019),,48.909615000000002,-123.371939999999995,,NA,NA,"121538559",obs_native,file:///D:/Simon/Sync/Root/GIS/Biodiversity%20Data/obs_native.csv?type=csv&maxFields=10000&detectTypes=yes&xField=longitude&yField=latitude&crs=EPSG:4326&spatialIndex=no&subsetIndex=no&watchFile=no
"633",Allium cernuum,Allium,cernuum,,,,native,S5,,48.869188330000000,-123.381150000000005,,NA,NA,"3318682",obs_native,file:///D:/Simon/Sync/Root/GIS/Biodiversity%20Data/obs_native.csv?type=csv&maxFields=10000&detectTypes=yes&xField=longitude&yField=latitude&crs=EPSG:4326&spatialIndex=no&subsetIndex=no&watchFile=no
"634",Allium cernuum,Allium,cernuum,,,,native,S5,,48.900891049999998,-123.341475900000006,,NA,NA,"6420474",obs_native,file:///D:/Simon/Sync/Root/GIS/Biodiversity%20Data/obs_native.csv?type=csv&maxFields=10000&detectTypes=yes&xField=longitude&yField=latitude&crs=EPSG:4326&spatialIndex=no&subsetIndex=no&watchFile=no
"635",Allium cernuum,Allium,cernuum,,,,native,S5,,48.870460000000001,-123.381614999999996,,NA,NA,"6665234",obs_native,file:///D:/Simon/Sync/Root/GIS/Biodiversity%20Data/obs_native.csv?type=csv&maxFields=10000&detectTypes=yes&xField=longitude&yField=latitude&crs=EPSG:4326&spatialIndex=no&subsetIndex=no&watchFile=no
"636",Allium cernuum,Allium,cernuum,,,,native,S5,,48.874552000000001,-123.383330999999998,,NA,NA,"6817548",obs_native,file:///D:/Simon/Sync/Root/GIS/Biodiversity%20Data/obs_native.csv?type=csv&maxFields=10000&detectTypes=yes&xField=longitude&yField=latitude&crs=EPSG:4326&spatialIndex=no&subsetIndex=no&watchFile=no
"637",Allium cernuum,Allium,cernuum,,,,native,S5,,48.875413000000002,-123.384748000000002,,NA,NA,"7280844",obs_native,file:///D:/Simon/Sync/Root/GIS/Biodiversity%20Data/obs_native.csv?type=csv&maxFields=10000&detectTypes=yes&xField=longitude&yField=latitude&crs=EPSG:4326&spatialIndex=no&subsetIndex=no&watchFile=no
"638",Allium cernuum,Allium,cernuum,,,,native,S5,,48.957161999999997,-123.530113000000000,,NA,NA,"12374053",obs_native,file:///D:/Simon/Sync/Root/GIS/Biodiversity%20Data/obs_native.csv?type=csv&maxFields=10000&detectTypes=yes&xField=longitude&yField=latitude&crs=EPSG:4326&spatialIndex=no&subsetIndex=no&watchFile=no
"639",Allium cernuum,Allium,cernuum,,,,native,S5,,48.903991670000003,-123.344311700000006,,NA,NA,"13971906",obs_native,file:///D:/Simon/Sync/Root/GIS/Biodiversity%20Data/obs_native.csv?type=csv&maxFields=10000&detectTypes=yes&xField=longitude&yField=latitude&crs=EPSG:4326&spatialIndex=no&subsetIndex=no&watchFile=no
"640",Allium cernuum,Allium,cernuum,,,,native,S5,,48.910331079999999,-123.375646700000004,,NA,NA,"13987694",obs_native,file:///D:/Simon/Sync/Root/GIS/Biodiversity%20Data/obs_native.csv?type=csv&maxFields=10000&detectTypes=yes&xField=longitude&yField=latitude&crs=EPSG:4326&spatialIndex=no&subsetIndex=no&watchFile=no
"641",Allium cernuum,Allium,cernuum,,,,native,S5,,48.917034330000000,-123.395857399999997,,NA,NA,"14197957",obs_native,file:///D:/Simon/Sync/Root/GIS/Biodiversity%20Data/obs_native.csv?type=csv&maxFields=10000&detectTypes=yes&xField=longitude&yField=latitude&crs=EPSG:4326&spatialIndex=no&subsetIndex=no&watchFile=no
"642",Allium cernuum,Allium,cernuum,,,,native,S5,,48.875136670000003,-123.384245000000007,,NA,NA,"14197959",obs_native,file:///D:/Simon/Sync/Root/GIS/Biodiversity%20Data/obs_native.csv?type=csv&maxFields=10000&detectTypes=yes&xField=longitude&yField=latitude&crs=EPSG:4326&spatialIndex=no&subsetIndex=no&watchFile=no
"643",Allium cernuum,Allium,cernuum,,,,native,S5,,48.894947219999999,-123.404433299999994,,NA,NA,"25656199",obs_native,file:///D:/Simon/Sync/Root/GIS/Biodiversity%20Data/obs_native.csv?type=csv&maxFields=10000&detectTypes=yes&xField=longitude&yField=latitude&crs=EPSG:4326&spatialIndex=no&subsetIndex=no&watchFile=no
"644",Allium cernuum,Allium,cernuum,,,,native,S5,,48.897224999999999,-123.338525000000004,,NA,NA,"26117649",obs_native,file:///D:/Simon/Sync/Root/GIS/Biodiversity%20Data/obs_native.csv?type=csv&maxFields=10000&detectTypes=yes&xField=longitude&yField=latitude&crs=EPSG:4326&spatialIndex=no&subsetIndex=no&watchFile=no
"645",Allium cernuum,Allium,cernuum,,,,native,S5,,48.897392760000002,-123.338793400000000,,NA,NA,"26288905",obs_native,file:///D:/Simon/Sync/Root/GIS/Biodiversity%20Data/obs_native.csv?type=csv&maxFields=10000&detectTypes=yes&xField=longitude&yField=latitude&crs=EPSG:4326&spatialIndex=no&subsetIndex=no&watchFile=no
"646",Allium cernuum,Allium,cernuum,,,,native,S5,,48.896348369999998,-123.337990700000006,,NA,NA,"27812560",obs_native,file:///D:/Simon/Sync/Root/GIS/Biodiversity%20Data/obs_native.csv?type=csv&maxFields=10000&detectTypes=yes&xField=longitude&yField=latitude&crs=EPSG:4326&spatialIndex=no&subsetIndex=no&watchFile=no
"647",Allium cernuum,Allium,cernuum,,,,native,S5,,48.913525000000000,-123.387253299999998,,NA,NA,"31276294",obs_native,file:///D:/Simon/Sync/Root/GIS/Biodiversity%20Data/obs_native.csv?type=csv&maxFields=10000&detectTypes=yes&xField=longitude&yField=latitude&crs=EPSG:4326&spatialIndex=no&subsetIndex=no&watchFile=no
"648",Allium cernuum,Allium,cernuum,,,,native,S5,,48.926663890000000,-123.466700299999999,,NA,NA,"45037378",obs_native,file:///D:/Simon/Sync/Root/GIS/Biodiversity%20Data/obs_native.csv?type=csv&maxFields=10000&detectTypes=yes&xField=longitude&yField=latitude&crs=EPSG:4326&spatialIndex=no&subsetIndex=no&watchFile=no
"649",Allium cernuum,Allium,cernuum,,,,native,S5,,49.007583330000003,-123.567413299999998,,NA,NA,"53807064",obs_native,file:///D:/Simon/Sync/Root/GIS/Biodiversity%20Data/obs_native.csv?type=csv&maxFields=10000&detectTypes=yes&xField=longitude&yField=latitude&crs=EPSG:4326&spatialIndex=no&subsetIndex=no&watchFile=no
"650",Allium cernuum,Allium,cernuum,,,,native,S5,,48.928295140000003,-123.467956500000000,,NA,NA,"83990028",obs_native,file:///D:/Simon/Sync/Root/GIS/Biodiversity%20Data/obs_native.csv?type=csv&maxFields=10000&detectTypes=yes&xField=longitude&yField=latitude&crs=EPSG:4326&spatialIndex=no&subsetIndex=no&watchFile=no
"651",Allium cernuum,Allium,cernuum,,,,native,S5,,48.884853329999999,-123.322083300000003,,NA,NA,"84119270",obs_native,file:///D:/Simon/Sync/Root/GIS/Biodiversity%20Data/obs_native.csv?type=csv&maxFields=10000&detectTypes=yes&xField=longitude&yField=latitude&crs=EPSG:4326&spatialIndex=no&subsetIndex=no&watchFile=no
"652",Allium cernuum,Allium,cernuum,,,,native,S5,,48.928588249999997,-123.468371899999994,,NA,NA,"84147248",obs_native,file:///D:/Simon/Sync/Root/GIS/Biodiversity%20Data/obs_native.csv?type=csv&maxFields=10000&detectTypes=yes&xField=longitude&yField=latitude&crs=EPSG:4326&spatialIndex=no&subsetIndex=no&watchFile=no
"653",Allium cernuum,Allium,cernuum,,,,native,S5,,48.926916669999997,-123.466286699999998,,NA,NA,"84312859",obs_native,file:///D:/Simon/Sync/Root/GIS/Biodiversity%20Data/obs_native.csv?type=csv&maxFields=10000&detectTypes=yes&xField=longitude&yField=latitude&crs=EPSG:4326&spatialIndex=no&subsetIndex=no&watchFile=no
"654",Allium cernuum,Allium,cernuum,,,,native,S5,,48.928501439999998,-123.468266799999995,,NA,NA,"84347595",obs_native,file:///D:/Simon/Sync/Root/GIS/Biodiversity%20Data/obs_native.csv?type=csv&maxFields=10000&detectTypes=yes&xField=longitude&yField=latitude&crs=EPSG:4326&spatialIndex=no&subsetIndex=no&watchFile=no
"655",Allium cernuum,Allium,cernuum,,,,native,S5,,48.927670069999998,-123.467838200000003,,NA,NA,"84376106",obs_native,file:///D:/Simon/Sync/Root/GIS/Biodiversity%20Data/obs_native.csv?type=csv&maxFields=10000&detectTypes=yes&xField=longitude&yField=latitude&crs=EPSG:4326&spatialIndex=no&subsetIndex=no&watchFile=no
"656",Allium cernuum,Allium,cernuum,,,,native,S5,,48.929229950000000,-123.468035799999996,,NA,NA,"84491300",obs_native,file:///D:/Simon/Sync/Root/GIS/Biodiversity%20Data/obs_native.csv?type=csv&maxFields=10000&detectTypes=yes&xField=longitude&yField=latitude&crs=EPSG:4326&spatialIndex=no&subsetIndex=no&watchFile=no
"657",Allium cernuum,Allium,cernuum,,,,native,S5,,48.909689999999998,-123.372228300000003,,NA,NA,"119369504",obs_native,file:///D:/Simon/Sync/Root/GIS/Biodiversity%20Data/obs_native.csv?type=csv&maxFields=10000&detectTypes=yes&xField=longitude&yField=latitude&crs=EPSG:4326&spatialIndex=no&subsetIndex=no&watchFile=no
"658",Allium cernuum,Allium,cernuum,,,,native,S5,,48.897610000000000,-123.338576700000004,,NA,NA,"120494795",obs_native,file:///D:/Simon/Sync/Root/GIS/Biodiversity%20Data/obs_native.csv?type=csv&maxFields=10000&detectTypes=yes&xField=longitude&yField=latitude&crs=EPSG:4326&spatialIndex=no&subsetIndex=no&watchFile=no
"659",Allium cernuum,Allium,cernuum,,,,native,S5,,48.909603330000003,-123.372344999999996,,NA,NA,"121538556",obs_native,file:///D:/Simon/Sync/Root/GIS/Biodiversity%20Data/obs_native.csv?type=csv&maxFields=10000&detectTypes=yes&xField=longitude&yField=latitude&crs=EPSG:4326&spatialIndex=no&subsetIndex=no&watchFile=no
"660",Allium cernuum,Allium,cernuum,,,,native,S5,,48.909658329999999,-123.372180000000000,,NA,NA,"121538564",obs_native,file:///D:/Simon/Sync/Root/GIS/Biodiversity%20Data/obs_native.csv?type=csv&maxFields=10000&detectTypes=yes&xField=longitude&yField=latitude&crs=EPSG:4326&spatialIndex=no&subsetIndex=no&watchFile=no
"661",Allium cernuum,Allium,cernuum,,,,native,S5,,48.926991670000000,-123.466161099999994,,NA,NA,"122869213",obs_native,file:///D:/Simon/Sync/Root/GIS/Biodiversity%20Data/obs_native.csv?type=csv&maxFields=10000&detectTypes=yes&xField=longitude&yField=latitude&crs=EPSG:4326&spatialIndex=no&subsetIndex=no&watchFile=no
"662",Allium cernuum,Allium,cernuum,,,,native,S5,,49.002405140000000,-123.562865200000005,,NA,NA,"126741855",obs_native,file:///D:/Simon/Sync/Root/GIS/Biodiversity%20Data/obs_native.csv?type=csv&maxFields=10000&detectTypes=yes&xField=longitude&yField=latitude&crs=EPSG:4326&spatialIndex=no&subsetIndex=no&watchFile=no
"668",Alnus rubra,Alnus,rubra,,,,native,S5,,48.929915000000001,-123.475641999999993,,NA,NA,"2561774",obs_native,file:///D:/Simon/Sync/Root/GIS/Biodiversity%20Data/obs_native.csv?type=csv&maxFields=10000&detectTypes=yes&xField=longitude&yField=latitude&crs=EPSG:4326&spatialIndex=no&subsetIndex=no&watchFile=no
"669",Alnus rubra,Alnus,rubra,,,,native,S5,,48.929853000000001,-123.475857000000005,,NA,NA,"2564998",obs_native,file:///D:/Simon/Sync/Root/GIS/Biodiversity%20Data/obs_native.csv?type=csv&maxFields=10000&detectTypes=yes&xField=longitude&yField=latitude&crs=EPSG:4326&spatialIndex=no&subsetIndex=no&watchFile=no
"670",Alnus rubra,Alnus,rubra,,,,native,S5,,48.929830000000003,-123.474140000000006,,NA,NA,"2565236",obs_native,file:///D:/Simon/Sync/Root/GIS/Biodiversity%20Data/obs_native.csv?type=csv&maxFields=10000&detectTypes=yes&xField=longitude&yField=latitude&crs=EPSG:4326&spatialIndex=no&subsetIndex=no&watchFile=no
"671",Alnus rubra,Alnus,rubra,,,,native,S5,,48.930197000000000,-123.476113999999995,,NA,NA,"2566212",obs_native,file:///D:/Simon/Sync/Root/GIS/Biodiversity%20Data/obs_native.csv?type=csv&maxFields=10000&detectTypes=yes&xField=longitude&yField=latitude&crs=EPSG:4326&spatialIndex=no&subsetIndex=no&watchFile=no
"672",Alnus rubra,Alnus,rubra,,,,native,S5,,48.933242000000000,-123.481263999999996,,NA,NA,"2566265",obs_native,file:///D:/Simon/Sync/Root/GIS/Biodiversity%20Data/obs_native.csv?type=csv&maxFields=10000&detectTypes=yes&xField=longitude&yField=latitude&crs=EPSG:4326&spatialIndex=no&subsetIndex=no&watchFile=no
"673",Alnus rubra,Alnus,rubra,,,,native,S5,,48.929830000000003,-123.475684999999999,,NA,NA,"2566430",obs_native,file:///D:/Simon/Sync/Root/GIS/Biodiversity%20Data/obs_native.csv?type=csv&maxFields=10000&detectTypes=yes&xField=longitude&yField=latitude&crs=EPSG:4326&spatialIndex=no&subsetIndex=no&watchFile=no
"674",Alnus rubra,Alnus,rubra,,,,native,S5,,48.929830000000003,-123.475513000000007,,NA,NA,"2575126",obs_native,file:///D:/Simon/Sync/Root/GIS/Biodiversity%20Data/obs_native.csv?type=csv&maxFields=10000&detectTypes=yes&xField=longitude&yField=latitude&crs=EPSG:4326&spatialIndex=no&subsetIndex=no&watchFile=no
"675",Alnus rubra,Alnus,rubra,,,,native,S5,,48.931071000000003,-123.473968999999997,,NA,NA,"2580284",obs_native,file:///D:/Simon/Sync/Root/GIS/Biodiversity%20Data/obs_native.csv?type=csv&maxFields=10000&detectTypes=yes&xField=longitude&yField=latitude&crs=EPSG:4326&spatialIndex=no&subsetIndex=no&watchFile=no
"676",Alnus rubra,Alnus,rubra,,,,native,S5,,48.930000000000000,-123.475857000000005,,NA,NA,"2580626",obs_native,file:///D:/Simon/Sync/Root/GIS/Biodiversity%20Data/obs_native.csv?type=csv&maxFields=10000&detectTypes=yes&xField=longitude&yField=latitude&crs=EPSG:4326&spatialIndex=no&subsetIndex=no&watchFile=no
"677",Alnus rubra,Alnus,rubra,,,,native,S5,,48.941231000000002,-123.474569000000002,,NA,NA,"2584048",obs_native,file:///D:/Simon/Sync/Root/GIS/Biodiversity%20Data/obs_native.csv?type=csv&maxFields=10000&detectTypes=yes&xField=longitude&yField=latitude&crs=EPSG:4326&spatialIndex=no&subsetIndex=no&watchFile=no
"678",Alnus rubra,Alnus,rubra,,,,native,S5,,48.934341000000003,-123.484010999999995,,NA,NA,"2589109",obs_native,file:///D:/Simon/Sync/Root/GIS/Biodiversity%20Data/obs_native.csv?type=csv&maxFields=10000&detectTypes=yes&xField=longitude&yField=latitude&crs=EPSG:4326&spatialIndex=no&subsetIndex=no&watchFile=no
"679",Alnus rubra,Alnus,rubra,,,,native,S5,,48.929954000000002,-123.475599000000003,,NA,NA,"2590647",obs_native,file:///D:/Simon/Sync/Root/GIS/Biodiversity%20Data/obs_native.csv?type=csv&maxFields=10000&detectTypes=yes&xField=longitude&yField=latitude&crs=EPSG:4326&spatialIndex=no&subsetIndex=no&watchFile=no
"680",Alnus rubra,Alnus,rubra,,,,native,S5,,48.930236000000001,-123.475770999999995,,NA,NA,"2599910",obs_native,file:///D:/Simon/Sync/Root/GIS/Biodiversity%20Data/obs_native.csv?type=csv&maxFields=10000&detectTypes=yes&xField=longitude&yField=latitude&crs=EPSG:4326&spatialIndex=no&subsetIndex=no&watchFile=no
"681",Alnus rubra,Alnus,rubra,,,,native,S5,,48.930086000000003,-123.475882999999996,,NA,NA,"2609288",obs_native,file:///D:/Simon/Sync/Root/GIS/Biodiversity%20Data/obs_native.csv?type=csv&maxFields=10000&detectTypes=yes&xField=longitude&yField=latitude&crs=EPSG:4326&spatialIndex=no&subsetIndex=no&watchFile=no
"682",Alnus rubra,Alnus,rubra,,,,native,S5,,48.929378999999997,-123.474913000000001,,NA,NA,"2647979",obs_native,file:///D:/Simon/Sync/Root/GIS/Biodiversity%20Data/obs_native.csv?type=csv&maxFields=10000&detectTypes=yes&xField=longitude&yField=latitude&crs=EPSG:4326&spatialIndex=no&subsetIndex=no&watchFile=no
"683",Alnus rubra,Alnus,rubra,,,,native,S5,,48.928590000000000,-123.468990000000005,,NA,NA,"2648057",obs_native,file:///D:/Simon/Sync/Root/GIS/Biodiversity%20Data/obs_native.csv?type=csv&maxFields=10000&detectTypes=yes&xField=longitude&yField=latitude&crs=EPSG:4326&spatialIndex=no&subsetIndex=no&watchFile=no
"684",Alnus rubra,Alnus,rubra,,,,native,S5,,48.929209999999998,-123.475256000000002,,NA,NA,"2663673",obs_native,file:///D:/Simon/Sync/Root/GIS/Biodiversity%20Data/obs_native.csv?type=csv&maxFields=10000&detectTypes=yes&xField=longitude&yField=latitude&crs=EPSG:4326&spatialIndex=no&subsetIndex=no&watchFile=no
"685",Alnus rubra,Alnus,rubra,,,,native,S5,,48.875075000000002,-123.319623000000007,,NA,NA,"2710450",obs_native,file:///D:/Simon/Sync/Root/GIS/Biodiversity%20Data/obs_native.csv?type=csv&maxFields=10000&detectTypes=yes&xField=longitude&yField=latitude&crs=EPSG:4326&spatialIndex=no&subsetIndex=no&watchFile=no
"686",Alnus rubra,Alnus,rubra,,,,native,S5,,48.872121999999997,-123.339257000000003,,NA,NA,"2731923",obs_native,file:///D:/Simon/Sync/Root/GIS/Biodiversity%20Data/obs_native.csv?type=csv&maxFields=10000&detectTypes=yes&xField=longitude&yField=latitude&crs=EPSG:4326&spatialIndex=no&subsetIndex=no&watchFile=no
"687",Alnus rubra,Alnus,rubra,,,,native,S5,,48.929808000000001,-123.475577999999999,,NA,NA,"2738436",obs_native,file:///D:/Simon/Sync/Root/GIS/Biodiversity%20Data/obs_native.csv?type=csv&maxFields=10000&detectTypes=yes&xField=longitude&yField=latitude&crs=EPSG:4326&spatialIndex=no&subsetIndex=no&watchFile=no
"688",Alnus rubra,Alnus,rubra,,,,native,S5,,48.915973999999999,-123.424808999999996,,NA,NA,"3296835",obs_native,file:///D:/Simon/Sync/Root/GIS/Biodiversity%20Data/obs_native.csv?type=csv&maxFields=10000&detectTypes=yes&xField=longitude&yField=latitude&crs=EPSG:4326&spatialIndex=no&subsetIndex=no&watchFile=no
"689",Alnus rubra,Alnus,rubra,,,,native,S5,,48.899388000000002,-123.403716000000003,,NA,NA,"3657126",obs_native,file:///D:/Simon/Sync/Root/GIS/Biodiversity%20Data/obs_native.csv?type=csv&maxFields=10000&detectTypes=yes&xField=longitude&yField=latitude&crs=EPSG:4326&spatialIndex=no&subsetIndex=no&watchFile=no
"690",Alnus rubra,Alnus,rubra,,,,native,S5,,48.985295999999998,-123.557446999999996,,NA,NA,"3681020",obs_native,file:///D:/Simon/Sync/Root/GIS/Biodiversity%20Data/obs_native.csv?type=csv&maxFields=10000&detectTypes=yes&xField=longitude&yField=latitude&crs=EPSG:4326&spatialIndex=no&subsetIndex=no&watchFile=no
"691",Alnus rubra,Alnus,rubra,,,,native,S5,,48.930033000000002,-123.475427999999994,,NA,NA,"3734782",obs_native,file:///D:/Simon/Sync/Root/GIS/Biodiversity%20Data/obs_native.csv?type=csv&maxFields=10000&detectTypes=yes&xField=longitude&yField=latitude&crs=EPSG:4326&spatialIndex=no&subsetIndex=no&watchFile=no
"692",Alnus rubra,Alnus,rubra,,,,native,S5,,48.963664000000001,-123.549627999999998,,NA,NA,"4030108",obs_native,file:///D:/Simon/Sync/Root/GIS/Biodiversity%20Data/obs_native.csv?type=csv&maxFields=10000&detectTypes=yes&xField=longitude&yField=latitude&crs=EPSG:4326&spatialIndex=no&subsetIndex=no&watchFile=no
"693",Alnus rubra,Alnus,rubra,,,,native,S5,,48.964004709999998,-123.549660399999993,,NA,NA,"4030116",obs_native,file:///D:/Simon/Sync/Root/GIS/Biodiversity%20Data/obs_native.csv?type=csv&maxFields=10000&detectTypes=yes&xField=longitude&yField=latitude&crs=EPSG:4326&spatialIndex=no&subsetIndex=no&watchFile=no
"695",Alnus rubra,Alnus,rubra,,,,native,S5,,48.878160999999999,-123.350021999999996,,NA,NA,"5393731",obs_native,file:///D:/Simon/Sync/Root/GIS/Biodiversity%20Data/obs_native.csv?type=csv&maxFields=10000&detectTypes=yes&xField=longitude&yField=latitude&crs=EPSG:4326&spatialIndex=no&subsetIndex=no&watchFile=no
"696",Alnus rubra,Alnus,rubra,,,,native,S5,,48.885499799999998,-123.374156200000002,,NA,NA,"5466008",obs_native,file:///D:/Simon/Sync/Root/GIS/Biodiversity%20Data/obs_native.csv?type=csv&maxFields=10000&detectTypes=yes&xField=longitude&yField=latitude&crs=EPSG:4326&spatialIndex=no&subsetIndex=no&watchFile=no
"697",Alnus rubra,Alnus,rubra,,,,native,S5,,48.904618040000003,-123.358869600000006,,NA,NA,"5646982",obs_native,file:///D:/Simon/Sync/Root/GIS/Biodiversity%20Data/obs_native.csv?type=csv&maxFields=10000&detectTypes=yes&xField=longitude&yField=latitude&crs=EPSG:4326&spatialIndex=no&subsetIndex=no&watchFile=no
"698",Alnus rubra,Alnus,rubra,,,,native,S5,,48.900019780000001,-123.361401599999994,,NA,NA,"5646997",obs_native,file:///D:/Simon/Sync/Root/GIS/Biodiversity%20Data/obs_native.csv?type=csv&maxFields=10000&detectTypes=yes&xField=longitude&yField=latitude&crs=EPSG:4326&spatialIndex=no&subsetIndex=no&watchFile=no
"699",Alnus rubra,Alnus,rubra,,,,native,S5,,48.905563020000002,-123.356026400000005,,NA,NA,"5899724",obs_native,file:///D:/Simon/Sync/Root/GIS/Biodiversity%20Data/obs_native.csv?type=csv&maxFields=10000&detectTypes=yes&xField=longitude&yField=latitude&crs=EPSG:4326&spatialIndex=no&subsetIndex=no&watchFile=no
"700",Alnus rubra,Alnus,rubra,,,,native,S5,,48.902361270000000,-123.362238399999995,,NA,NA,"5935156",obs_native,file:///D:/Simon/Sync/Root/GIS/Biodiversity%20Data/obs_native.csv?type=csv&maxFields=10000&detectTypes=yes&xField=longitude&yField=latitude&crs=EPSG:4326&spatialIndex=no&subsetIndex=no&watchFile=no
"701",Alnus rubra,Alnus,rubra,,,,native,S5,,48.900723999999997,-123.362584999999996,,NA,NA,"5935183",obs_native,file:///D:/Simon/Sync/Root/GIS/Biodiversity%20Data/obs_native.csv?type=csv&maxFields=10000&detectTypes=yes&xField=longitude&yField=latitude&crs=EPSG:4326&spatialIndex=no&subsetIndex=no&watchFile=no
"702",Alnus rubra,Alnus,rubra,,,,native,S5,,48.901345700000000,-123.364856200000006,,NA,NA,"5953022",obs_native,file:///D:/Simon/Sync/Root/GIS/Biodiversity%20Data/obs_native.csv?type=csv&maxFields=10000&detectTypes=yes&xField=longitude&yField=latitude&crs=EPSG:4326&spatialIndex=no&subsetIndex=no&watchFile=no
"703",Alnus rubra,Alnus,rubra,,,,native,S5,,48.896718919999998,-123.358692500000004,,NA,NA,"5993215",obs_native,file:///D:/Simon/Sync/Root/GIS/Biodiversity%20Data/obs_native.csv?type=csv&maxFields=10000&detectTypes=yes&xField=longitude&yField=latitude&crs=EPSG:4326&spatialIndex=no&subsetIndex=no&watchFile=no
"704",Alnus rubra,Alnus,rubra,,,,native,S5,,48.901261069999997,-123.364362700000001,,NA,NA,"6020010",obs_native,file:///D:/Simon/Sync/Root/GIS/Biodiversity%20Data/obs_native.csv?type=csv&maxFields=10000&detectTypes=yes&xField=longitude&yField=latitude&crs=EPSG:4326&spatialIndex=no&subsetIndex=no&watchFile=no
"705",Alnus rubra,Alnus,rubra,,,,native,S5,,48.901261069999997,-123.364362700000001,,NA,NA,"6020012",obs_native,file:///D:/Simon/Sync/Root/GIS/Biodiversity%20Data/obs_native.csv?type=csv&maxFields=10000&detectTypes=yes&xField=longitude&yField=latitude&crs=EPSG:4326&spatialIndex=no&subsetIndex=no&watchFile=no
"706",Alnus rubra,Alnus,rubra,,,,native,S5,,48.976160890000003,-123.548855799999998,,NA,NA,"6085931",obs_native,file:///D:/Simon/Sync/Root/GIS/Biodiversity%20Data/obs_native.csv?type=csv&maxFields=10000&detectTypes=yes&xField=longitude&yField=latitude&crs=EPSG:4326&spatialIndex=no&subsetIndex=no&watchFile=no
"707",Alnus rubra,Alnus,rubra,,,,native,S5,,48.899299999999997,-123.364233999999996,,NA,NA,"6190690",obs_native,file:///D:/Simon/Sync/Root/GIS/Biodiversity%20Data/obs_native.csv?type=csv&maxFields=10000&detectTypes=yes&xField=longitude&yField=latitude&crs=EPSG:4326&spatialIndex=no&subsetIndex=no&watchFile=no
"708",Alnus rubra,Alnus,rubra,,,,native,S5,,48.970639560000002,-123.542718899999997,,NA,NA,"6216783",obs_native,file:///D:/Simon/Sync/Root/GIS/Biodiversity%20Data/obs_native.csv?type=csv&maxFields=10000&detectTypes=yes&xField=longitude&yField=latitude&crs=EPSG:4326&spatialIndex=no&subsetIndex=no&watchFile=no
"709",Alnus rubra,Alnus,rubra,,,,native,S5,,48.943192879999998,-123.484139400000004,,NA,NA,"6411201",obs_native,file:///D:/Simon/Sync/Root/GIS/Biodiversity%20Data/obs_native.csv?type=csv&maxFields=10000&detectTypes=yes&xField=longitude&yField=latitude&crs=EPSG:4326&spatialIndex=no&subsetIndex=no&watchFile=no
"710",Alnus rubra,Alnus,rubra,,,,native,S5,,48.901345700000000,-123.363590200000004,,NA,NA,"6413834",obs_native,file:///D:/Simon/Sync/Root/GIS/Biodiversity%20Data/obs_native.csv?type=csv&maxFields=10000&detectTypes=yes&xField=longitude&yField=latitude&crs=EPSG:4326&spatialIndex=no&subsetIndex=no&watchFile=no
"711",Alnus rubra,Alnus,rubra,,,,native,S5,,48.898341000000002,-123.343038000000007,,NA,NA,"8096834",obs_native,file:///D:/Simon/Sync/Root/GIS/Biodiversity%20Data/obs_native.csv?type=csv&maxFields=10000&detectTypes=yes&xField=longitude&yField=latitude&crs=EPSG:4326&spatialIndex=no&subsetIndex=no&watchFile=no
"712",Alnus rubra,Alnus,rubra,,,,native,S5,,48.898341000000002,-123.343038000000007,,NA,NA,"8097297",obs_native,file:///D:/Simon/Sync/Root/GIS/Biodiversity%20Data/obs_native.csv?type=csv&maxFields=10000&detectTypes=yes&xField=longitude&yField=latitude&crs=EPSG:4326&spatialIndex=no&subsetIndex=no&watchFile=no
"713",Alnus rubra,Alnus,rubra,,,,native,S5,,48.941031000000002,-123.475504000000001,,NA,NA,"10405619",obs_native,file:///D:/Simon/Sync/Root/GIS/Biodiversity%20Data/obs_native.csv?type=csv&maxFields=10000&detectTypes=yes&xField=longitude&yField=latitude&crs=EPSG:4326&spatialIndex=no&subsetIndex=no&watchFile=no
"714",Alnus rubra,Alnus,rubra,,,,native,S5,,48.875743999999997,-123.335286999999994,,NA,NA,"12772800",obs_native,file:///D:/Simon/Sync/Root/GIS/Biodiversity%20Data/obs_native.csv?type=csv&maxFields=10000&detectTypes=yes&xField=longitude&yField=latitude&crs=EPSG:4326&spatialIndex=no&subsetIndex=no&watchFile=no
"715",Alnus rubra,Alnus,rubra,,,,native,S5,,48.880899999999997,-123.333145000000002,,NA,NA,"12774834",obs_native,file:///D:/Simon/Sync/Root/GIS/Biodiversity%20Data/obs_native.csv?type=csv&maxFields=10000&detectTypes=yes&xField=longitude&yField=latitude&crs=EPSG:4326&spatialIndex=no&subsetIndex=no&watchFile=no
"716",Alnus rubra,Alnus,rubra,,,,native,S5,,48.874077000000000,-123.342488000000003,,NA,NA,"12791663",obs_native,file:///D:/Simon/Sync/Root/GIS/Biodiversity%20Data/obs_native.csv?type=csv&maxFields=10000&detectTypes=yes&xField=longitude&yField=latitude&crs=EPSG:4326&spatialIndex=no&subsetIndex=no&watchFile=no
"717",Alnus rubra,Alnus,rubra,,,,native,S5,,48.871484000000002,-123.337271999999999,,NA,NA,"12791901",obs_native,file:///D:/Simon/Sync/Root/GIS/Biodiversity%20Data/obs_native.csv?type=csv&maxFields=10000&detectTypes=yes&xField=longitude&yField=latitude&crs=EPSG:4326&spatialIndex=no&subsetIndex=no&watchFile=no
"718",Alnus rubra,Alnus,rubra,,,,native,S5,,48.871012999999998,-123.333776999999998,,NA,NA,"12792276",obs_native,file:///D:/Simon/Sync/Root/GIS/Biodiversity%20Data/obs_native.csv?type=csv&maxFields=10000&detectTypes=yes&xField=longitude&yField=latitude&crs=EPSG:4326&spatialIndex=no&subsetIndex=no&watchFile=no
"719",Alnus rubra,Alnus,rubra,,,,native,S5,,48.868533999999997,-123.338466999999994,,NA,NA,"12816433",obs_native,file:///D:/Simon/Sync/Root/GIS/Biodiversity%20Data/obs_native.csv?type=csv&maxFields=10000&detectTypes=yes&xField=longitude&yField=latitude&crs=EPSG:4326&spatialIndex=no&subsetIndex=no&watchFile=no
"720",Alnus rubra,Alnus,rubra,,,,native,S5,,48.898096670000001,-123.344930000000005,,NA,NA,"13972286",obs_native,file:///D:/Simon/Sync/Root/GIS/Biodiversity%20Data/obs_native.csv?type=csv&maxFields=10000&detectTypes=yes&xField=longitude&yField=latitude&crs=EPSG:4326&spatialIndex=no&subsetIndex=no&watchFile=no
"721",Alnus rubra,Alnus,rubra,,,,native,S5,,48.872966669999997,-123.346741699999995,,NA,NA,"13984077",obs_native,file:///D:/Simon/Sync/Root/GIS/Biodiversity%20Data/obs_native.csv?type=csv&maxFields=10000&detectTypes=yes&xField=longitude&yField=latitude&crs=EPSG:4326&spatialIndex=no&subsetIndex=no&watchFile=no
"722",Alnus rubra,Alnus,rubra,,,,native,S5,,48.872493380000002,-123.344277599999998,,NA,NA,"20378025",obs_native,file:///D:/Simon/Sync/Root/GIS/Biodiversity%20Data/obs_native.csv?type=csv&maxFields=10000&detectTypes=yes&xField=longitude&yField=latitude&crs=EPSG:4326&spatialIndex=no&subsetIndex=no&watchFile=no
"723",Alnus rubra,Alnus,rubra,,,,native,S5,,49.002826519999999,-123.574567099999996,,NA,NA,"24497657",obs_native,file:///D:/Simon/Sync/Root/GIS/Biodiversity%20Data/obs_native.csv?type=csv&maxFields=10000&detectTypes=yes&xField=longitude&yField=latitude&crs=EPSG:4326&spatialIndex=no&subsetIndex=no&watchFile=no
"724",Alnus rubra,Alnus,rubra,,,,native,S5,,48.989166259999998,-123.565551799999994,,NA,NA,"24624230",obs_native,file:///D:/Simon/Sync/Root/GIS/Biodiversity%20Data/obs_native.csv?type=csv&maxFields=10000&detectTypes=yes&xField=longitude&yField=latitude&crs=EPSG:4326&spatialIndex=no&subsetIndex=no&watchFile=no
"725",Alnus rubra,Alnus,rubra,,,,native,S5,,48.963116669999998,-123.518172199999995,,NA,NA,"24663872",obs_native,file:///D:/Simon/Sync/Root/GIS/Biodiversity%20Data/obs_native.csv?type=csv&maxFields=10000&detectTypes=yes&xField=longitude&yField=latitude&crs=EPSG:4326&spatialIndex=no&subsetIndex=no&watchFile=no
"726",Alnus rubra,Alnus,rubra,,,,native,S5,,48.963680560000000,-123.515808300000003,,NA,NA,"24665095",obs_native,file:///D:/Simon/Sync/Root/GIS/Biodiversity%20Data/obs_native.csv?type=csv&maxFields=10000&detectTypes=yes&xField=longitude&yField=latitude&crs=EPSG:4326&spatialIndex=no&subsetIndex=no&watchFile=no
"727",Alnus rubra,Alnus,rubra,,,,native,S5,,48.962997219999998,-123.517363900000007,,NA,NA,"24665221",obs_native,file:///D:/Simon/Sync/Root/GIS/Biodiversity%20Data/obs_native.csv?type=csv&maxFields=10000&detectTypes=yes&xField=longitude&yField=latitude&crs=EPSG:4326&spatialIndex=no&subsetIndex=no&watchFile=no
"728",Alnus rubra,Alnus,rubra,,,,native,S5,,48.964205560000003,-123.515930600000004,,NA,NA,"24666599",obs_native,file:///D:/Simon/Sync/Root/GIS/Biodiversity%20Data/obs_native.csv?type=csv&maxFields=10000&detectTypes=yes&xField=longitude&yField=latitude&crs=EPSG:4326&spatialIndex=no&subsetIndex=no&watchFile=no
"729",Alnus rubra,Alnus,rubra,,,,native,S5,,48.963202780000003,-123.520058300000002,,NA,NA,"24673936",obs_native,file:///D:/Simon/Sync/Root/GIS/Biodiversity%20Data/obs_native.csv?type=csv&maxFields=10000&detectTypes=yes&xField=longitude&yField=latitude&crs=EPSG:4326&spatialIndex=no&subsetIndex=no&watchFile=no
"730",Alnus rubra,Alnus,rubra,,,,native,S5,,48.963208330000001,-123.520041699999993,,NA,NA,"24674022",obs_native,file:///D:/Simon/Sync/Root/GIS/Biodiversity%20Data/obs_native.csv?type=csv&maxFields=10000&detectTypes=yes&xField=longitude&yField=latitude&crs=EPSG:4326&spatialIndex=no&subsetIndex=no&watchFile=no
"731",Alnus rubra,Alnus,rubra,,,,native,S5,,48.965008330000003,-123.516586099999998,,NA,NA,"24674137",obs_native,file:///D:/Simon/Sync/Root/GIS/Biodiversity%20Data/obs_native.csv?type=csv&maxFields=10000&detectTypes=yes&xField=longitude&yField=latitude&crs=EPSG:4326&spatialIndex=no&subsetIndex=no&watchFile=no
"732",Alnus rubra,Alnus,rubra,,,,native,S5,,48.964313890000000,-123.517563899999999,,NA,NA,"24674147",obs_native,file:///D:/Simon/Sync/Root/GIS/Biodiversity%20Data/obs_native.csv?type=csv&maxFields=10000&detectTypes=yes&xField=longitude&yField=latitude&crs=EPSG:4326&spatialIndex=no&subsetIndex=no&watchFile=no
"733",Alnus rubra,Alnus,rubra,,,,native,S5,,48.962466669999998,-123.517525000000006,,NA,NA,"24684055",obs_native,file:///D:/Simon/Sync/Root/GIS/Biodiversity%20Data/obs_native.csv?type=csv&maxFields=10000&detectTypes=yes&xField=longitude&yField=latitude&crs=EPSG:4326&spatialIndex=no&subsetIndex=no&watchFile=no
"734",Alnus rubra,Alnus,rubra,,,,native,S5,,48.963702779999998,-123.515563900000004,,NA,NA,"24690281",obs_native,file:///D:/Simon/Sync/Root/GIS/Biodiversity%20Data/obs_native.csv?type=csv&maxFields=10000&detectTypes=yes&xField=longitude&yField=latitude&crs=EPSG:4326&spatialIndex=no&subsetIndex=no&watchFile=no
"735",Alnus rubra,Alnus,rubra,,,,native,S5,,48.963196840000002,-123.518230500000001,,NA,NA,"24709651",obs_native,file:///D:/Simon/Sync/Root/GIS/Biodiversity%20Data/obs_native.csv?type=csv&maxFields=10000&detectTypes=yes&xField=longitude&yField=latitude&crs=EPSG:4326&spatialIndex=no&subsetIndex=no&watchFile=no
"736",Alnus rubra,Alnus,rubra,,,,native,S5,,48.962989049999997,-123.516720000000007,,NA,NA,"24709734",obs_native,file:///D:/Simon/Sync/Root/GIS/Biodiversity%20Data/obs_native.csv?type=csv&maxFields=10000&detectTypes=yes&xField=longitude&yField=latitude&crs=EPSG:4326&spatialIndex=no&subsetIndex=no&watchFile=no
"737",Alnus rubra,Alnus,rubra,,,,native,S5,,48.899704999999997,-123.406599999999997,,NA,NA,"24712585",obs_native,file:///D:/Simon/Sync/Root/GIS/Biodiversity%20Data/obs_native.csv?type=csv&maxFields=10000&detectTypes=yes&xField=longitude&yField=latitude&crs=EPSG:4326&spatialIndex=no&subsetIndex=no&watchFile=no
"738",Alnus rubra,Alnus,rubra,,,,native,S5,,48.962994500000001,-123.517056600000004,,NA,NA,"24919941",obs_native,file:///D:/Simon/Sync/Root/GIS/Biodiversity%20Data/obs_native.csv?type=csv&maxFields=10000&detectTypes=yes&xField=longitude&yField=latitude&crs=EPSG:4326&spatialIndex=no&subsetIndex=no&watchFile=no
"739",Alnus rubra,Alnus,rubra,,,,native,S5,,48.964769410000002,-123.516711299999997,,NA,NA,"24920303",obs_native,file:///D:/Simon/Sync/Root/GIS/Biodiversity%20Data/obs_native.csv?type=csv&maxFields=10000&detectTypes=yes&xField=longitude&yField=latitude&crs=EPSG:4326&spatialIndex=no&subsetIndex=no&watchFile=no
"740",Alnus rubra,Alnus,rubra,,,,native,S5,,48.899985090000001,-123.405408399999999,,NA,NA,"25478804",obs_native,file:///D:/Simon/Sync/Root/GIS/Biodiversity%20Data/obs_native.csv?type=csv&maxFields=10000&detectTypes=yes&xField=longitude&yField=latitude&crs=EPSG:4326&spatialIndex=no&subsetIndex=no&watchFile=no
"741",Alnus rubra,Alnus,rubra,,,,native,S5,,48.899452969999999,-123.404069899999996,,NA,NA,"25478845",obs_native,file:///D:/Simon/Sync/Root/GIS/Biodiversity%20Data/obs_native.csv?type=csv&maxFields=10000&detectTypes=yes&xField=longitude&yField=latitude&crs=EPSG:4326&spatialIndex=no&subsetIndex=no&watchFile=no
"742",Alnus rubra,Alnus,rubra,,,,native,S5,,48.978459700000002,-123.555745299999998,,NA,NA,"25479565",obs_native,file:///D:/Simon/Sync/Root/GIS/Biodiversity%20Data/obs_native.csv?type=csv&maxFields=10000&detectTypes=yes&xField=longitude&yField=latitude&crs=EPSG:4326&spatialIndex=no&subsetIndex=no&watchFile=no
"743",Alnus rubra,Alnus,rubra,,,,native,S5,,48.979683829999999,-123.557781399999996,,NA,NA,"25480503",obs_native,file:///D:/Simon/Sync/Root/GIS/Biodiversity%20Data/obs_native.csv?type=csv&maxFields=10000&detectTypes=yes&xField=longitude&yField=latitude&crs=EPSG:4326&spatialIndex=no&subsetIndex=no&watchFile=no
"744",Alnus rubra,Alnus,rubra,,,,native,S5,,48.962433330000003,-123.517258299999995,,NA,NA,"25597332",obs_native,file:///D:/Simon/Sync/Root/GIS/Biodiversity%20Data/obs_native.csv?type=csv&maxFields=10000&detectTypes=yes&xField=longitude&yField=latitude&crs=EPSG:4326&spatialIndex=no&subsetIndex=no&watchFile=no
"745",Alnus rubra,Alnus,rubra,,,,native,S5,,48.963641670000001,-123.516822199999993,,NA,NA,"25597334",obs_native,file:///D:/Simon/Sync/Root/GIS/Biodiversity%20Data/obs_native.csv?type=csv&maxFields=10000&detectTypes=yes&xField=longitude&yField=latitude&crs=EPSG:4326&spatialIndex=no&subsetIndex=no&watchFile=no
"746",Alnus rubra,Alnus,rubra,,,,native,S5,,48.962463890000002,-123.517830599999996,,NA,NA,"25597335",obs_native,file:///D:/Simon/Sync/Root/GIS/Biodiversity%20Data/obs_native.csv?type=csv&maxFields=10000&detectTypes=yes&xField=longitude&yField=latitude&crs=EPSG:4326&spatialIndex=no&subsetIndex=no&watchFile=no
"747",Alnus rubra,Alnus,rubra,,,,native,S5,,48.948677940000003,-123.479799000000000,,NA,NA,"38468681",obs_native,file:///D:/Simon/Sync/Root/GIS/Biodiversity%20Data/obs_native.csv?type=csv&maxFields=10000&detectTypes=yes&xField=longitude&yField=latitude&crs=EPSG:4326&spatialIndex=no&subsetIndex=no&watchFile=no
"748",Alnus rubra,Alnus,rubra,,,,native,S5,,48.911585490000000,-123.386696700000002,,NA,NA,"41879865",obs_native,file:///D:/Simon/Sync/Root/GIS/Biodiversity%20Data/obs_native.csv?type=csv&maxFields=10000&detectTypes=yes&xField=longitude&yField=latitude&crs=EPSG:4326&spatialIndex=no&subsetIndex=no&watchFile=no
"749",Alnus rubra,Alnus,rubra,,,,native,S5,,48.910832659999997,-123.383449900000002,,NA,NA,"43492667",obs_native,file:///D:/Simon/Sync/Root/GIS/Biodiversity%20Data/obs_native.csv?type=csv&maxFields=10000&detectTypes=yes&xField=longitude&yField=latitude&crs=EPSG:4326&spatialIndex=no&subsetIndex=no&watchFile=no
"750",Alnus rubra,Alnus,rubra,,,,native,S5,,48.930340579999999,-123.467772100000005,,NA,NA,"52518036",obs_native,file:///D:/Simon/Sync/Root/GIS/Biodiversity%20Data/obs_native.csv?type=csv&maxFields=10000&detectTypes=yes&xField=longitude&yField=latitude&crs=EPSG:4326&spatialIndex=no&subsetIndex=no&watchFile=no
"751",Alnus rubra,Alnus,rubra,,,,native,S5,,48.930328539999998,-123.467735200000007,,NA,NA,"52520609",obs_native,file:///D:/Simon/Sync/Root/GIS/Biodiversity%20Data/obs_native.csv?type=csv&maxFields=10000&detectTypes=yes&xField=longitude&yField=latitude&crs=EPSG:4326&spatialIndex=no&subsetIndex=no&watchFile=no
"752",Alnus rubra,Alnus,rubra,,,,native,S5,,48.929853360000003,-123.467547600000003,,NA,NA,"52906825",obs_native,file:///D:/Simon/Sync/Root/GIS/Biodiversity%20Data/obs_native.csv?type=csv&maxFields=10000&detectTypes=yes&xField=longitude&yField=latitude&crs=EPSG:4326&spatialIndex=no&subsetIndex=no&watchFile=no
"753",Alnus rubra,Alnus,rubra,,,,native,S5,,48.930236729999997,-123.467267300000003,,NA,NA,"52925148",obs_native,file:///D:/Simon/Sync/Root/GIS/Biodiversity%20Data/obs_native.csv?type=csv&maxFields=10000&detectTypes=yes&xField=longitude&yField=latitude&crs=EPSG:4326&spatialIndex=no&subsetIndex=no&watchFile=no
"754",Alnus rubra,Alnus,rubra,,,,native,S5,,48.884036670000000,-123.369470000000007,,NA,NA,"53020586",obs_native,file:///D:/Simon/Sync/Root/GIS/Biodiversity%20Data/obs_native.csv?type=csv&maxFields=10000&detectTypes=yes&xField=longitude&yField=latitude&crs=EPSG:4326&spatialIndex=no&subsetIndex=no&watchFile=no
"755",Alnus rubra,Alnus,rubra,,,,native,S5,,48.930113740000003,-123.467366499999997,,NA,NA,"53206786",obs_native,file:///D:/Simon/Sync/Root/GIS/Biodiversity%20Data/obs_native.csv?type=csv&maxFields=10000&detectTypes=yes&xField=longitude&yField=latitude&crs=EPSG:4326&spatialIndex=no&subsetIndex=no&watchFile=no
"756",Alnus rubra,Alnus,rubra,,,,native,S5,,48.900662619999999,-123.342031100000000,,NA,NA,"55207753",obs_native,file:///D:/Simon/Sync/Root/GIS/Biodiversity%20Data/obs_native.csv?type=csv&maxFields=10000&detectTypes=yes&xField=longitude&yField=latitude&crs=EPSG:4326&spatialIndex=no&subsetIndex=no&watchFile=no
"757",Alnus rubra,Alnus,rubra,,,,native,S5,,48.942277580000003,-123.499643899999995,,NA,NA,"70065789",obs_native,file:///D:/Simon/Sync/Root/GIS/Biodiversity%20Data/obs_native.csv?type=csv&maxFields=10000&detectTypes=yes&xField=longitude&yField=latitude&crs=EPSG:4326&spatialIndex=no&subsetIndex=no&watchFile=no
"758",Alnus rubra,Alnus,rubra,,,,native,S5,,48.942259999999997,-123.499681699999996,,NA,NA,"70065796",obs_native,file:///D:/Simon/Sync/Root/GIS/Biodiversity%20Data/obs_native.csv?type=csv&maxFields=10000&detectTypes=yes&xField=longitude&yField=latitude&crs=EPSG:4326&spatialIndex=no&subsetIndex=no&watchFile=no
"759",Alnus rubra,Alnus,rubra,,,,native,S5,,48.948130560000003,-123.502099999999999,,NA,NA,"70065804",obs_native,file:///D:/Simon/Sync/Root/GIS/Biodiversity%20Data/obs_native.csv?type=csv&maxFields=10000&detectTypes=yes&xField=longitude&yField=latitude&crs=EPSG:4326&spatialIndex=no&subsetIndex=no&watchFile=no
"760",Alnus rubra,Alnus,rubra,,,,native,S5,,48.865551000000004,-123.350082999999998,,NA,NA,"70955678",obs_native,file:///D:/Simon/Sync/Root/GIS/Biodiversity%20Data/obs_native.csv?type=csv&maxFields=10000&detectTypes=yes&xField=longitude&yField=latitude&crs=EPSG:4326&spatialIndex=no&subsetIndex=no&watchFile=no
"761",Alnus rubra,Alnus,rubra,,,,native,S5,,48.942309999999999,-123.501218300000005,,NA,NA,"72321449",obs_native,file:///D:/Simon/Sync/Root/GIS/Biodiversity%20Data/obs_native.csv?type=csv&maxFields=10000&detectTypes=yes&xField=longitude&yField=latitude&crs=EPSG:4326&spatialIndex=no&subsetIndex=no&watchFile=no
"762",Alnus rubra,Alnus,rubra,,,,native,S5,,48.887144999999997,-123.362723299999999,,NA,NA,"83097994",obs_native,file:///D:/Simon/Sync/Root/GIS/Biodiversity%20Data/obs_native.csv?type=csv&maxFields=10000&detectTypes=yes&xField=longitude&yField=latitude&crs=EPSG:4326&spatialIndex=no&subsetIndex=no&watchFile=no
"763",Alnus rubra,Alnus,rubra,,,,native,S5,,48.887331670000002,-123.361630000000005,,NA,NA,"83098005",obs_native,file:///D:/Simon/Sync/Root/GIS/Biodiversity%20Data/obs_native.csv?type=csv&maxFields=10000&detectTypes=yes&xField=longitude&yField=latitude&crs=EPSG:4326&spatialIndex=no&subsetIndex=no&watchFile=no
"764",Alnus rubra,Alnus,rubra,,,,native,S5,,48.928294760000000,-123.467956099999995,,NA,NA,"83972555",obs_native,file:///D:/Simon/Sync/Root/GIS/Biodiversity%20Data/obs_native.csv?type=csv&maxFields=10000&detectTypes=yes&xField=longitude&yField=latitude&crs=EPSG:4326&spatialIndex=no&subsetIndex=no&watchFile=no
"765",Alnus rubra,Alnus,rubra,,,,native,S5,,48.929894689999998,-123.469319200000001,,NA,NA,"84388551",obs_native,file:///D:/Simon/Sync/Root/GIS/Biodiversity%20Data/obs_native.csv?type=csv&maxFields=10000&detectTypes=yes&xField=longitude&yField=latitude&crs=EPSG:4326&spatialIndex=no&subsetIndex=no&watchFile=no
"766",Alnus rubra,Alnus,rubra,,,,native,S5,,48.928950000000000,-123.468886699999999,,NA,NA,"84494791",obs_native,file:///D:/Simon/Sync/Root/GIS/Biodiversity%20Data/obs_native.csv?type=csv&maxFields=10000&detectTypes=yes&xField=longitude&yField=latitude&crs=EPSG:4326&spatialIndex=no&subsetIndex=no&watchFile=no
"767",Alnus rubra,Alnus,rubra,,,,native,S5,,48.927945840000000,-123.467071599999997,,NA,NA,"84498842",obs_native,file:///D:/Simon/Sync/Root/GIS/Biodiversity%20Data/obs_native.csv?type=csv&maxFields=10000&detectTypes=yes&xField=longitude&yField=latitude&crs=EPSG:4326&spatialIndex=no&subsetIndex=no&watchFile=no
"768",Alnus rubra,Alnus,rubra,,,,native,S5,,48.931388329999997,-123.474495000000005,,NA,NA,"84593127",obs_native,file:///D:/Simon/Sync/Root/GIS/Biodiversity%20Data/obs_native.csv?type=csv&maxFields=10000&detectTypes=yes&xField=longitude&yField=latitude&crs=EPSG:4326&spatialIndex=no&subsetIndex=no&watchFile=no
"769",Alnus rubra,Alnus,rubra,,,,native,S5,,48.929011670000001,-123.468879999999999,,NA,NA,"84782568",obs_native,file:///D:/Simon/Sync/Root/GIS/Biodiversity%20Data/obs_native.csv?type=csv&maxFields=10000&detectTypes=yes&xField=longitude&yField=latitude&crs=EPSG:4326&spatialIndex=no&subsetIndex=no&watchFile=no
"770",Alnus rubra,Alnus,rubra,,,,native,S5,,48.874943330000001,-123.320481700000002,,NA,NA,"86360405",obs_native,file:///D:/Simon/Sync/Root/GIS/Biodiversity%20Data/obs_native.csv?type=csv&maxFields=10000&detectTypes=yes&xField=longitude&yField=latitude&crs=EPSG:4326&spatialIndex=no&subsetIndex=no&watchFile=no
"771",Alnus rubra,Alnus,rubra,,,,native,S5,,48.984668329999998,-123.558983299999994,,NA,NA,"89513156",obs_native,file:///D:/Simon/Sync/Root/GIS/Biodiversity%20Data/obs_native.csv?type=csv&maxFields=10000&detectTypes=yes&xField=longitude&yField=latitude&crs=EPSG:4326&spatialIndex=no&subsetIndex=no&watchFile=no
"772",Alnus rubra,Alnus,rubra,,,,native,S5,,48.979206830000003,-123.557561300000003,,NA,NA,"89513264",obs_native,file:///D:/Simon/Sync/Root/GIS/Biodiversity%20Data/obs_native.csv?type=csv&maxFields=10000&detectTypes=yes&xField=longitude&yField=latitude&crs=EPSG:4326&spatialIndex=no&subsetIndex=no&watchFile=no
"773",Alnus rubra,Alnus,rubra,,,,native,S5,,48.884640189999999,-123.371316399999998,,NA,NA,"93550057",obs_native,file:///D:/Simon/Sync/Root/GIS/Biodiversity%20Data/obs_native.csv?type=csv&maxFields=10000&detectTypes=yes&xField=longitude&yField=latitude&crs=EPSG:4326&spatialIndex=no&subsetIndex=no&watchFile=no
"774",Alnus rubra,Alnus,rubra,,,,native,S5,,48.995758330000001,-123.563368299999993,,NA,NA,"94679725",obs_native,file:///D:/Simon/Sync/Root/GIS/Biodiversity%20Data/obs_native.csv?type=csv&maxFields=10000&detectTypes=yes&xField=longitude&yField=latitude&crs=EPSG:4326&spatialIndex=no&subsetIndex=no&watchFile=no
"775",Alnus rubra,Alnus,rubra,,,,native,S5,,48.993853330000000,-123.561558300000002,,NA,NA,"94679750",obs_native,file:///D:/Simon/Sync/Root/GIS/Biodiversity%20Data/obs_native.csv?type=csv&maxFields=10000&detectTypes=yes&xField=longitude&yField=latitude&crs=EPSG:4326&spatialIndex=no&subsetIndex=no&watchFile=no
"776",Alnus rubra,Alnus,rubra,,,,native,S5,,48.994198130000001,-123.556165899999996,,NA,NA,"94679765",obs_native,file:///D:/Simon/Sync/Root/GIS/Biodiversity%20Data/obs_native.csv?type=csv&maxFields=10000&detectTypes=yes&xField=longitude&yField=latitude&crs=EPSG:4326&spatialIndex=no&subsetIndex=no&watchFile=no
"777",Alnus rubra,Alnus,rubra,,,,native,S5,,48.994681669999999,-123.556803299999999,,NA,NA,"94679789",obs_native,file:///D:/Simon/Sync/Root/GIS/Biodiversity%20Data/obs_native.csv?type=csv&maxFields=10000&detectTypes=yes&xField=longitude&yField=latitude&crs=EPSG:4326&spatialIndex=no&subsetIndex=no&watchFile=no
"778",Alnus rubra,Alnus,rubra,,,,native,S5,,48.868343330000002,-123.336706699999993,,NA,NA,"94748732",obs_native,file:///D:/Simon/Sync/Root/GIS/Biodiversity%20Data/obs_native.csv?type=csv&maxFields=10000&detectTypes=yes&xField=longitude&yField=latitude&crs=EPSG:4326&spatialIndex=no&subsetIndex=no&watchFile=no
"779",Alnus rubra,Alnus,rubra,,,,native,S5,,48.894219999999997,-123.356043299999996,,NA,NA,"94749323",obs_native,file:///D:/Simon/Sync/Root/GIS/Biodiversity%20Data/obs_native.csv?type=csv&maxFields=10000&detectTypes=yes&xField=longitude&yField=latitude&crs=EPSG:4326&spatialIndex=no&subsetIndex=no&watchFile=no
"780",Alnus rubra,Alnus,rubra,,,,native,S5,,48.989716670000000,-123.551608299999998,,NA,NA,"100641818",obs_native,file:///D:/Simon/Sync/Root/GIS/Biodiversity%20Data/obs_native.csv?type=csv&maxFields=10000&detectTypes=yes&xField=longitude&yField=latitude&crs=EPSG:4326&spatialIndex=no&subsetIndex=no&watchFile=no
"781",Alnus rubra,Alnus,rubra,,,,native,S5,,48.993452840000003,-123.554223800000003,,NA,NA,"100641943",obs_native,file:///D:/Simon/Sync/Root/GIS/Biodiversity%20Data/obs_native.csv?type=csv&maxFields=10000&detectTypes=yes&xField=longitude&yField=latitude&crs=EPSG:4326&spatialIndex=no&subsetIndex=no&watchFile=no
"782",Alnus rubra,Alnus,rubra,,,,native,S5,,48.964754579999997,-123.516253399999997,,NA,NA,"107021663",obs_native,file:///D:/Simon/Sync/Root/GIS/Biodiversity%20Data/obs_native.csv?type=csv&maxFields=10000&detectTypes=yes&xField=longitude&yField=latitude&crs=EPSG:4326&spatialIndex=no&subsetIndex=no&watchFile=no
"783",Alnus rubra,Alnus,rubra,,,,native,S5,,48.964754579999997,-123.516253399999997,,NA,NA,"107021665",obs_native,file:///D:/Simon/Sync/Root/GIS/Biodiversity%20Data/obs_native.csv?type=csv&maxFields=10000&detectTypes=yes&xField=longitude&yField=latitude&crs=EPSG:4326&spatialIndex=no&subsetIndex=no&watchFile=no
"784",Alnus rubra,Alnus,rubra,,,,native,S5,,48.948596670000001,-123.502386700000002,,NA,NA,"107022554",obs_native,file:///D:/Simon/Sync/Root/GIS/Biodiversity%20Data/obs_native.csv?type=csv&maxFields=10000&detectTypes=yes&xField=longitude&yField=latitude&crs=EPSG:4326&spatialIndex=no&subsetIndex=no&watchFile=no
"785",Alnus rubra,Alnus,rubra,,,,native,S5,,48.946818329999999,-123.502086700000007,,NA,NA,"107022578",obs_native,file:///D:/Simon/Sync/Root/GIS/Biodiversity%20Data/obs_native.csv?type=csv&maxFields=10000&detectTypes=yes&xField=longitude&yField=latitude&crs=EPSG:4326&spatialIndex=no&subsetIndex=no&watchFile=no
"786",Alnus rubra,Alnus,rubra,,,,native,S5,,48.947451649999998,-123.499991899999998,,NA,NA,"107022589",obs_native,file:///D:/Simon/Sync/Root/GIS/Biodiversity%20Data/obs_native.csv?type=csv&maxFields=10000&detectTypes=yes&xField=longitude&yField=latitude&crs=EPSG:4326&spatialIndex=no&subsetIndex=no&watchFile=no
"787",Alnus rubra,Alnus,rubra,,,,native,S5,,48.947419050000001,-123.500347099999999,,NA,NA,"107022594",obs_native,file:///D:/Simon/Sync/Root/GIS/Biodiversity%20Data/obs_native.csv?type=csv&maxFields=10000&detectTypes=yes&xField=longitude&yField=latitude&crs=EPSG:4326&spatialIndex=no&subsetIndex=no&watchFile=no
"788",Alnus rubra,Alnus,rubra,,,,native,S5,,48.871011000000003,-123.321090999999996,,NA,NA,"108259766",obs_native,file:///D:/Simon/Sync/Root/GIS/Biodiversity%20Data/obs_native.csv?type=csv&maxFields=10000&detectTypes=yes&xField=longitude&yField=latitude&crs=EPSG:4326&spatialIndex=no&subsetIndex=no&watchFile=no
"789",Alnus rubra,Alnus,rubra,,,,native,S5,,48.877038329999998,-123.371633299999999,,NA,NA,"118608410",obs_native,file:///D:/Simon/Sync/Root/GIS/Biodiversity%20Data/obs_native.csv?type=csv&maxFields=10000&detectTypes=yes&xField=longitude&yField=latitude&crs=EPSG:4326&spatialIndex=no&subsetIndex=no&watchFile=no
"790",Alnus rubra,Alnus,rubra,,,,native,S5,,48.877013329999997,-123.371735000000001,,NA,NA,"118608412",obs_native,file:///D:/Simon/Sync/Root/GIS/Biodiversity%20Data/obs_native.csv?type=csv&maxFields=10000&detectTypes=yes&xField=longitude&yField=latitude&crs=EPSG:4326&spatialIndex=no&subsetIndex=no&watchFile=no
"791",Alnus rubra,Alnus,rubra,,,,native,S5,,48.880485000000000,-123.380308299999996,,NA,NA,"118718757",obs_native,file:///D:/Simon/Sync/Root/GIS/Biodiversity%20Data/obs_native.csv?type=csv&maxFields=10000&detectTypes=yes&xField=longitude&yField=latitude&crs=EPSG:4326&spatialIndex=no&subsetIndex=no&watchFile=no
"792",Alnus rubra,Alnus,rubra,,,,native,S5,,48.888351669999999,-123.336581699999996,,NA,NA,"121538489",obs_native,file:///D:/Simon/Sync/Root/GIS/Biodiversity%20Data/obs_native.csv?type=csv&maxFields=10000&detectTypes=yes&xField=longitude&yField=latitude&crs=EPSG:4326&spatialIndex=no&subsetIndex=no&watchFile=no
"793",Alnus rubra,Alnus,rubra,,,,native,S5,,48.877434999999998,-123.366735000000006,,NA,NA,"129778460",obs_native,file:///D:/Simon/Sync/Root/GIS/Biodiversity%20Data/obs_native.csv?type=csv&maxFields=10000&detectTypes=yes&xField=longitude&yField=latitude&crs=EPSG:4326&spatialIndex=no&subsetIndex=no&watchFile=no
"797",Ambrosia chamissonis,Ambrosia,chamissonis,,,,native,S5,,48.949010000000001,-123.479461999999998,,NA,NA,"3404260",obs_native,file:///D:/Simon/Sync/Root/GIS/Biodiversity%20Data/obs_native.csv?type=csv&maxFields=10000&detectTypes=yes&xField=longitude&yField=latitude&crs=EPSG:4326&spatialIndex=no&subsetIndex=no&watchFile=no
"798",Ambrosia chamissonis,Ambrosia,chamissonis,,,,native,S5,,48.898355270000003,-123.407707200000004,,NA,NA,"6434858",obs_native,file:///D:/Simon/Sync/Root/GIS/Biodiversity%20Data/obs_native.csv?type=csv&maxFields=10000&detectTypes=yes&xField=longitude&yField=latitude&crs=EPSG:4326&spatialIndex=no&subsetIndex=no&watchFile=no
"799",Ambrosia chamissonis,Ambrosia,chamissonis,,,,native,S5,,48.898688329999999,-123.408021700000006,,NA,NA,"15084777",obs_native,file:///D:/Simon/Sync/Root/GIS/Biodiversity%20Data/obs_native.csv?type=csv&maxFields=10000&detectTypes=yes&xField=longitude&yField=latitude&crs=EPSG:4326&spatialIndex=no&subsetIndex=no&watchFile=no
"800",Ambrosia chamissonis,Ambrosia,chamissonis,,,,native,S5,,48.926627779999997,-123.467622199999994,,NA,NA,"16152486",obs_native,file:///D:/Simon/Sync/Root/GIS/Biodiversity%20Data/obs_native.csv?type=csv&maxFields=10000&detectTypes=yes&xField=longitude&yField=latitude&crs=EPSG:4326&spatialIndex=no&subsetIndex=no&watchFile=no
"801",Ambrosia chamissonis,Ambrosia,chamissonis,,,,native,S5,,48.862311669999997,-123.321716699999996,,NA,NA,"28034451",obs_native,file:///D:/Simon/Sync/Root/GIS/Biodiversity%20Data/obs_native.csv?type=csv&maxFields=10000&detectTypes=yes&xField=longitude&yField=latitude&crs=EPSG:4326&spatialIndex=no&subsetIndex=no&watchFile=no
"802",Ambrosia chamissonis,Ambrosia,chamissonis,,,,native,S5,,49.012850000000000,-123.572734999999994,,NA,NA,"57099236",obs_native,file:///D:/Simon/Sync/Root/GIS/Biodiversity%20Data/obs_native.csv?type=csv&maxFields=10000&detectTypes=yes&xField=longitude&yField=latitude&crs=EPSG:4326&spatialIndex=no&subsetIndex=no&watchFile=no
"803",Ambrosia chamissonis,Ambrosia,chamissonis,,,,native,S5,,48.876801389999997,-123.318920000000006,,NA,NA,"59943198",obs_native,file:///D:/Simon/Sync/Root/GIS/Biodiversity%20Data/obs_native.csv?type=csv&maxFields=10000&detectTypes=yes&xField=longitude&yField=latitude&crs=EPSG:4326&spatialIndex=no&subsetIndex=no&watchFile=no
"804",Ambrosia chamissonis,Ambrosia,chamissonis,,,,native,S5,,48.885108330000001,-123.322128300000003,,NA,NA,"84886254",obs_native,file:///D:/Simon/Sync/Root/GIS/Biodiversity%20Data/obs_native.csv?type=csv&maxFields=10000&detectTypes=yes&xField=longitude&yField=latitude&crs=EPSG:4326&spatialIndex=no&subsetIndex=no&watchFile=no
"805",Ambrosia chamissonis,Ambrosia,chamissonis,,,,native,S5,,48.877828870000002,-123.317719499999995,,NA,NA,"88628591",obs_native,file:///D:/Simon/Sync/Root/GIS/Biodiversity%20Data/obs_native.csv?type=csv&maxFields=10000&detectTypes=yes&xField=longitude&yField=latitude&crs=EPSG:4326&spatialIndex=no&subsetIndex=no&watchFile=no
"806",Ambrosia chamissonis,Ambrosia,chamissonis,,,,native,S5,,48.885083330000001,-123.322021699999993,,NA,NA,"90750595",obs_native,file:///D:/Simon/Sync/Root/GIS/Biodiversity%20Data/obs_native.csv?type=csv&maxFields=10000&detectTypes=yes&xField=longitude&yField=latitude&crs=EPSG:4326&spatialIndex=no&subsetIndex=no&watchFile=no
"807",Ambrosia chamissonis,Ambrosia,chamissonis,,,,native,S5,,49.012466670000002,-123.573543299999997,,NA,NA,"123934565",obs_native,file:///D:/Simon/Sync/Root/GIS/Biodiversity%20Data/obs_native.csv?type=csv&maxFields=10000&detectTypes=yes&xField=longitude&yField=latitude&crs=EPSG:4326&spatialIndex=no&subsetIndex=no&watchFile=no
"808",Ambrosia chamissonis,Ambrosia,chamissonis,,,,native,S5,,48.862241599999997,-123.321180299999995,,NA,NA,"127157379",obs_native,file:///D:/Simon/Sync/Root/GIS/Biodiversity%20Data/obs_native.csv?type=csv&maxFields=10000&detectTypes=yes&xField=longitude&yField=latitude&crs=EPSG:4326&spatialIndex=no&subsetIndex=no&watchFile=no
"809",Ambrosia chamissonis,Ambrosia,chamissonis,,,,native,S5,,48.862246900000002,-123.321098100000000,,NA,NA,"127180975",obs_native,file:///D:/Simon/Sync/Root/GIS/Biodiversity%20Data/obs_native.csv?type=csv&maxFields=10000&detectTypes=yes&xField=longitude&yField=latitude&crs=EPSG:4326&spatialIndex=no&subsetIndex=no&watchFile=no
"810",Amelanchier alnifolia,Amelanchier,alnifolia,,,,native,S5,,48.896949999999997,-123.406677000000002,,NA,NA,"3310767",obs_native,file:///D:/Simon/Sync/Root/GIS/Biodiversity%20Data/obs_native.csv?type=csv&maxFields=10000&detectTypes=yes&xField=longitude&yField=latitude&crs=EPSG:4326&spatialIndex=no&subsetIndex=no&watchFile=no
"811",Amelanchier alnifolia,Amelanchier,alnifolia,,,,native,S5,,48.932485999999997,-123.483839000000003,,NA,NA,"3317471",obs_native,file:///D:/Simon/Sync/Root/GIS/Biodiversity%20Data/obs_native.csv?type=csv&maxFields=10000&detectTypes=yes&xField=longitude&yField=latitude&crs=EPSG:4326&spatialIndex=no&subsetIndex=no&watchFile=no
"812",Amelanchier alnifolia,Amelanchier,alnifolia,,,,native,S5,,48.894743949999999,-123.405110800000003,,NA,NA,"3701041",obs_native,file:///D:/Simon/Sync/Root/GIS/Biodiversity%20Data/obs_native.csv?type=csv&maxFields=10000&detectTypes=yes&xField=longitude&yField=latitude&crs=EPSG:4326&spatialIndex=no&subsetIndex=no&watchFile=no
"813",Amelanchier alnifolia,Amelanchier,alnifolia,,,,native,S5,,48.963779310000000,-123.551291199999994,,NA,NA,"4030118",obs_native,file:///D:/Simon/Sync/Root/GIS/Biodiversity%20Data/obs_native.csv?type=csv&maxFields=10000&detectTypes=yes&xField=longitude&yField=latitude&crs=EPSG:4326&spatialIndex=no&subsetIndex=no&watchFile=no
"814",Amelanchier alnifolia,Amelanchier,alnifolia,,,,native,S5,,49.000983550000001,-123.561150400000002,,NA,NA,"24471734",obs_native,file:///D:/Simon/Sync/Root/GIS/Biodiversity%20Data/obs_native.csv?type=csv&maxFields=10000&detectTypes=yes&xField=longitude&yField=latitude&crs=EPSG:4326&spatialIndex=no&subsetIndex=no&watchFile=no
"815",Amelanchier alnifolia,Amelanchier,alnifolia,,,,native,S5,,48.871936669999997,-123.311341700000000,,NA,NA,"24630123",obs_native,file:///D:/Simon/Sync/Root/GIS/Biodiversity%20Data/obs_native.csv?type=csv&maxFields=10000&detectTypes=yes&xField=longitude&yField=latitude&crs=EPSG:4326&spatialIndex=no&subsetIndex=no&watchFile=no
"816",Amelanchier alnifolia,Amelanchier,alnifolia,,,,native,S5,,48.900244440000002,-123.407150000000001,,NA,NA,"24672699",obs_native,file:///D:/Simon/Sync/Root/GIS/Biodiversity%20Data/obs_native.csv?type=csv&maxFields=10000&detectTypes=yes&xField=longitude&yField=latitude&crs=EPSG:4326&spatialIndex=no&subsetIndex=no&watchFile=no
"817",Amelanchier alnifolia,Amelanchier,alnifolia,,,,native,S5,,48.872524349999999,-123.311918599999998,,NA,NA,"24688847",obs_native,file:///D:/Simon/Sync/Root/GIS/Biodiversity%20Data/obs_native.csv?type=csv&maxFields=10000&detectTypes=yes&xField=longitude&yField=latitude&crs=EPSG:4326&spatialIndex=no&subsetIndex=no&watchFile=no
"818",Amelanchier alnifolia,Amelanchier,alnifolia,,,,native,S5,,48.871533780000000,-123.312371400000004,,NA,NA,"24689474",obs_native,file:///D:/Simon/Sync/Root/GIS/Biodiversity%20Data/obs_native.csv?type=csv&maxFields=10000&detectTypes=yes&xField=longitude&yField=latitude&crs=EPSG:4326&spatialIndex=no&subsetIndex=no&watchFile=no
"819",Amelanchier alnifolia,Amelanchier,alnifolia,,,,native,S5,,48.957683330000002,-123.541929999999994,,NA,NA,"24699283",obs_native,file:///D:/Simon/Sync/Root/GIS/Biodiversity%20Data/obs_native.csv?type=csv&maxFields=10000&detectTypes=yes&xField=longitude&yField=latitude&crs=EPSG:4326&spatialIndex=no&subsetIndex=no&watchFile=no
"820",Amelanchier alnifolia,Amelanchier,alnifolia,,,,native,S5,,48.872411110000002,-123.312652799999995,,NA,NA,"24701428",obs_native,file:///D:/Simon/Sync/Root/GIS/Biodiversity%20Data/obs_native.csv?type=csv&maxFields=10000&detectTypes=yes&xField=longitude&yField=latitude&crs=EPSG:4326&spatialIndex=no&subsetIndex=no&watchFile=no
"821",Amelanchier alnifolia,Amelanchier,alnifolia,,,,native,S5,,48.957621670000002,-123.541664999999995,,NA,NA,"24702221",obs_native,file:///D:/Simon/Sync/Root/GIS/Biodiversity%20Data/obs_native.csv?type=csv&maxFields=10000&detectTypes=yes&xField=longitude&yField=latitude&crs=EPSG:4326&spatialIndex=no&subsetIndex=no&watchFile=no
"822",Amelanchier alnifolia,Amelanchier,alnifolia,,,,native,S5,,48.872328119999999,-123.311869000000002,,NA,NA,"24707694",obs_native,file:///D:/Simon/Sync/Root/GIS/Biodiversity%20Data/obs_native.csv?type=csv&maxFields=10000&detectTypes=yes&xField=longitude&yField=latitude&crs=EPSG:4326&spatialIndex=no&subsetIndex=no&watchFile=no
"823",Amelanchier alnifolia,Amelanchier,alnifolia,,,,native,S5,,48.872176670000002,-123.312700000000007,,NA,NA,"24708777",obs_native,file:///D:/Simon/Sync/Root/GIS/Biodiversity%20Data/obs_native.csv?type=csv&maxFields=10000&detectTypes=yes&xField=longitude&yField=latitude&crs=EPSG:4326&spatialIndex=no&subsetIndex=no&watchFile=no
"824",Amelanchier alnifolia,Amelanchier,alnifolia,,,,native,S5,,48.896534140000000,-123.410283800000002,,NA,NA,"24712046",obs_native,file:///D:/Simon/Sync/Root/GIS/Biodiversity%20Data/obs_native.csv?type=csv&maxFields=10000&detectTypes=yes&xField=longitude&yField=latitude&crs=EPSG:4326&spatialIndex=no&subsetIndex=no&watchFile=no
"825",Amelanchier alnifolia,Amelanchier,alnifolia,,,,native,S5,,48.872144220000003,-123.311809699999998,,NA,NA,"24712459",obs_native,file:///D:/Simon/Sync/Root/GIS/Biodiversity%20Data/obs_native.csv?type=csv&maxFields=10000&detectTypes=yes&xField=longitude&yField=latitude&crs=EPSG:4326&spatialIndex=no&subsetIndex=no&watchFile=no
"826",Amelanchier alnifolia,Amelanchier,alnifolia,,,,native,S5,,48.872089199999998,-123.312232100000003,,NA,NA,"24713618",obs_native,file:///D:/Simon/Sync/Root/GIS/Biodiversity%20Data/obs_native.csv?type=csv&maxFields=10000&detectTypes=yes&xField=longitude&yField=latitude&crs=EPSG:4326&spatialIndex=no&subsetIndex=no&watchFile=no
"827",Amelanchier alnifolia,Amelanchier,alnifolia,,,,native,S5,,48.871720480000000,-123.311072300000006,,NA,NA,"24714260",obs_native,file:///D:/Simon/Sync/Root/GIS/Biodiversity%20Data/obs_native.csv?type=csv&maxFields=10000&detectTypes=yes&xField=longitude&yField=latitude&crs=EPSG:4326&spatialIndex=no&subsetIndex=no&watchFile=no
"828",Amelanchier alnifolia,Amelanchier,alnifolia,,,,native,S5,,48.871856479999998,-123.312739899999997,,NA,NA,"24743620",obs_native,file:///D:/Simon/Sync/Root/GIS/Biodiversity%20Data/obs_native.csv?type=csv&maxFields=10000&detectTypes=yes&xField=longitude&yField=latitude&crs=EPSG:4326&spatialIndex=no&subsetIndex=no&watchFile=no
"829",Amelanchier alnifolia,Amelanchier,alnifolia,,,,native,S5,,48.871780559999998,-123.312294399999999,,NA,NA,"24806475",obs_native,file:///D:/Simon/Sync/Root/GIS/Biodiversity%20Data/obs_native.csv?type=csv&maxFields=10000&detectTypes=yes&xField=longitude&yField=latitude&crs=EPSG:4326&spatialIndex=no&subsetIndex=no&watchFile=no
"830",Amelanchier alnifolia,Amelanchier,alnifolia,,,,native,S5,,48.872086109999998,-123.312294399999999,,NA,NA,"24806515",obs_native,file:///D:/Simon/Sync/Root/GIS/Biodiversity%20Data/obs_native.csv?type=csv&maxFields=10000&detectTypes=yes&xField=longitude&yField=latitude&crs=EPSG:4326&spatialIndex=no&subsetIndex=no&watchFile=no
"831",Amelanchier alnifolia,Amelanchier,alnifolia,,,,native,S5,,48.871763889999997,-123.312058300000004,,NA,NA,"24806517",obs_native,file:///D:/Simon/Sync/Root/GIS/Biodiversity%20Data/obs_native.csv?type=csv&maxFields=10000&detectTypes=yes&xField=longitude&yField=latitude&crs=EPSG:4326&spatialIndex=no&subsetIndex=no&watchFile=no
"832",Amelanchier alnifolia,Amelanchier,alnifolia,,,,native,S5,,48.872138890000002,-123.312605599999998,,NA,NA,"24806531",obs_native,file:///D:/Simon/Sync/Root/GIS/Biodiversity%20Data/obs_native.csv?type=csv&maxFields=10000&detectTypes=yes&xField=longitude&yField=latitude&crs=EPSG:4326&spatialIndex=no&subsetIndex=no&watchFile=no
"833",Amelanchier alnifolia,Amelanchier,alnifolia,,,,native,S5,,48.980293099999997,-123.558324700000000,,NA,NA,"24820900",obs_native,file:///D:/Simon/Sync/Root/GIS/Biodiversity%20Data/obs_native.csv?type=csv&maxFields=10000&detectTypes=yes&xField=longitude&yField=latitude&crs=EPSG:4326&spatialIndex=no&subsetIndex=no&watchFile=no
"834",Amelanchier alnifolia,Amelanchier,alnifolia,,,,native,S5,,48.872088890000001,-123.312316699999997,,NA,NA,"24824087",obs_native,file:///D:/Simon/Sync/Root/GIS/Biodiversity%20Data/obs_native.csv?type=csv&maxFields=10000&detectTypes=yes&xField=longitude&yField=latitude&crs=EPSG:4326&spatialIndex=no&subsetIndex=no&watchFile=no
"835",Amelanchier alnifolia,Amelanchier,alnifolia,,,,native,S5,,48.871952780000001,-123.312408300000001,,NA,NA,"24824088",obs_native,file:///D:/Simon/Sync/Root/GIS/Biodiversity%20Data/obs_native.csv?type=csv&maxFields=10000&detectTypes=yes&xField=longitude&yField=latitude&crs=EPSG:4326&spatialIndex=no&subsetIndex=no&watchFile=no
"836",Amelanchier alnifolia,Amelanchier,alnifolia,,,,native,S5,,48.872394440000001,-123.312766699999997,,NA,NA,"24824179",obs_native,file:///D:/Simon/Sync/Root/GIS/Biodiversity%20Data/obs_native.csv?type=csv&maxFields=10000&detectTypes=yes&xField=longitude&yField=latitude&crs=EPSG:4326&spatialIndex=no&subsetIndex=no&watchFile=no
"837",Amelanchier alnifolia,Amelanchier,alnifolia,,,,native,S5,,48.894015000000003,-123.406973300000004,,NA,NA,"24873227",obs_native,file:///D:/Simon/Sync/Root/GIS/Biodiversity%20Data/obs_native.csv?type=csv&maxFields=10000&detectTypes=yes&xField=longitude&yField=latitude&crs=EPSG:4326&spatialIndex=no&subsetIndex=no&watchFile=no
"838",Amelanchier alnifolia,Amelanchier,alnifolia,,,,native,S5,,48.872869129999998,-123.313534700000005,,NA,NA,"25199335",obs_native,file:///D:/Simon/Sync/Root/GIS/Biodiversity%20Data/obs_native.csv?type=csv&maxFields=10000&detectTypes=yes&xField=longitude&yField=latitude&crs=EPSG:4326&spatialIndex=no&subsetIndex=no&watchFile=no
"839",Amelanchier alnifolia,Amelanchier,alnifolia,,,,native,S5,,48.872544540000000,-123.312923600000005,,NA,NA,"25199446",obs_native,file:///D:/Simon/Sync/Root/GIS/Biodiversity%20Data/obs_native.csv?type=csv&maxFields=10000&detectTypes=yes&xField=longitude&yField=latitude&crs=EPSG:4326&spatialIndex=no&subsetIndex=no&watchFile=no
"840",Amelanchier alnifolia,Amelanchier,alnifolia,,,,native,S5,,48.872334580000000,-123.312674099999995,,NA,NA,"25199461",obs_native,file:///D:/Simon/Sync/Root/GIS/Biodiversity%20Data/obs_native.csv?type=csv&maxFields=10000&detectTypes=yes&xField=longitude&yField=latitude&crs=EPSG:4326&spatialIndex=no&subsetIndex=no&watchFile=no
"841",Amelanchier alnifolia,Amelanchier,alnifolia,,,,native,S5,,48.898764020000002,-123.407010400000004,,NA,NA,"25476478",obs_native,file:///D:/Simon/Sync/Root/GIS/Biodiversity%20Data/obs_native.csv?type=csv&maxFields=10000&detectTypes=yes&xField=longitude&yField=latitude&crs=EPSG:4326&spatialIndex=no&subsetIndex=no&watchFile=no
"842",Amelanchier alnifolia,Amelanchier,alnifolia,,,,native,S5,,48.873412000000002,-123.290729999999996,,NA,NA,"25626019",obs_native,file:///D:/Simon/Sync/Root/GIS/Biodiversity%20Data/obs_native.csv?type=csv&maxFields=10000&detectTypes=yes&xField=longitude&yField=latitude&crs=EPSG:4326&spatialIndex=no&subsetIndex=no&watchFile=no
"843",Amelanchier alnifolia,Amelanchier,alnifolia,,,,native,S5,,48.898066669999999,-123.408272199999999,,NA,NA,"25658147",obs_native,file:///D:/Simon/Sync/Root/GIS/Biodiversity%20Data/obs_native.csv?type=csv&maxFields=10000&detectTypes=yes&xField=longitude&yField=latitude&crs=EPSG:4326&spatialIndex=no&subsetIndex=no&watchFile=no
"844",Amelanchier alnifolia,Amelanchier,alnifolia,,,,native,S5,,48.894977779999998,-123.404494400000004,,NA,NA,"25658149",obs_native,file:///D:/Simon/Sync/Root/GIS/Biodiversity%20Data/obs_native.csv?type=csv&maxFields=10000&detectTypes=yes&xField=longitude&yField=latitude&crs=EPSG:4326&spatialIndex=no&subsetIndex=no&watchFile=no
"845",Amelanchier alnifolia,Amelanchier,alnifolia,,,,native,S5,,48.899742130000000,-123.407295199999993,,NA,NA,"26096502",obs_native,file:///D:/Simon/Sync/Root/GIS/Biodiversity%20Data/obs_native.csv?type=csv&maxFields=10000&detectTypes=yes&xField=longitude&yField=latitude&crs=EPSG:4326&spatialIndex=no&subsetIndex=no&watchFile=no
"846",Amelanchier alnifolia,Amelanchier,alnifolia,,,,native,S5,,48.896276380000003,-123.337673199999998,,NA,NA,"27813063",obs_native,file:///D:/Simon/Sync/Root/GIS/Biodiversity%20Data/obs_native.csv?type=csv&maxFields=10000&detectTypes=yes&xField=longitude&yField=latitude&crs=EPSG:4326&spatialIndex=no&subsetIndex=no&watchFile=no
"847",Amelanchier alnifolia,Amelanchier,alnifolia,,,,native,S5,,48.866825239999997,-123.317188999999999,,NA,NA,"42801698",obs_native,file:///D:/Simon/Sync/Root/GIS/Biodiversity%20Data/obs_native.csv?type=csv&maxFields=10000&detectTypes=yes&xField=longitude&yField=latitude&crs=EPSG:4326&spatialIndex=no&subsetIndex=no&watchFile=no
"848",Amelanchier alnifolia,Amelanchier,alnifolia,,,,native,S5,,48.977368079999998,-123.566527600000001,,NA,NA,"42813401",obs_native,file:///D:/Simon/Sync/Root/GIS/Biodiversity%20Data/obs_native.csv?type=csv&maxFields=10000&detectTypes=yes&xField=longitude&yField=latitude&crs=EPSG:4326&spatialIndex=no&subsetIndex=no&watchFile=no
"849",Amelanchier alnifolia,Amelanchier,alnifolia,,,,native,S5,,48.906235819999999,-123.369752300000002,,NA,NA,"44951287",obs_native,file:///D:/Simon/Sync/Root/GIS/Biodiversity%20Data/obs_native.csv?type=csv&maxFields=10000&detectTypes=yes&xField=longitude&yField=latitude&crs=EPSG:4326&spatialIndex=no&subsetIndex=no&watchFile=no
"850",Amelanchier alnifolia,Amelanchier,alnifolia,,,,native,S5,,48.932991049999998,-123.479253299999996,,NA,NA,"45992766",obs_native,file:///D:/Simon/Sync/Root/GIS/Biodiversity%20Data/obs_native.csv?type=csv&maxFields=10000&detectTypes=yes&xField=longitude&yField=latitude&crs=EPSG:4326&spatialIndex=no&subsetIndex=no&watchFile=no
"851",Amelanchier alnifolia,Amelanchier,alnifolia,,,,native,S5,,48.929870119999997,-123.467327200000000,,NA,NA,"53260568",obs_native,file:///D:/Simon/Sync/Root/GIS/Biodiversity%20Data/obs_native.csv?type=csv&maxFields=10000&detectTypes=yes&xField=longitude&yField=latitude&crs=EPSG:4326&spatialIndex=no&subsetIndex=no&watchFile=no
"852",Amelanchier alnifolia,Amelanchier,alnifolia,,,,native,S5,,48.871538059999999,-123.312283100000002,,NA,NA,"59943209",obs_native,file:///D:/Simon/Sync/Root/GIS/Biodiversity%20Data/obs_native.csv?type=csv&maxFields=10000&detectTypes=yes&xField=longitude&yField=latitude&crs=EPSG:4326&spatialIndex=no&subsetIndex=no&watchFile=no
"853",Amelanchier alnifolia,Amelanchier,alnifolia,,,,native,S5,,48.871560000000002,-123.311381699999998,,NA,NA,"82960313",obs_native,file:///D:/Simon/Sync/Root/GIS/Biodiversity%20Data/obs_native.csv?type=csv&maxFields=10000&detectTypes=yes&xField=longitude&yField=latitude&crs=EPSG:4326&spatialIndex=no&subsetIndex=no&watchFile=no
"854",Amelanchier alnifolia,Amelanchier,alnifolia,,,,native,S5,,49.013068330000003,-123.575939599999998,,NA,NA,"83604092",obs_native,file:///D:/Simon/Sync/Root/GIS/Biodiversity%20Data/obs_native.csv?type=csv&maxFields=10000&detectTypes=yes&xField=longitude&yField=latitude&crs=EPSG:4326&spatialIndex=no&subsetIndex=no&watchFile=no
"855",Amelanchier alnifolia,Amelanchier,alnifolia,,,,native,S5,,48.872611669999998,-123.312966700000004,,NA,NA,"83664868",obs_native,file:///D:/Simon/Sync/Root/GIS/Biodiversity%20Data/obs_native.csv?type=csv&maxFields=10000&detectTypes=yes&xField=longitude&yField=latitude&crs=EPSG:4326&spatialIndex=no&subsetIndex=no&watchFile=no
"856",Amelanchier alnifolia,Amelanchier,alnifolia,,,,native,S5,,48.874400000000001,-123.319606699999994,,NA,NA,"86360373",obs_native,file:///D:/Simon/Sync/Root/GIS/Biodiversity%20Data/obs_native.csv?type=csv&maxFields=10000&detectTypes=yes&xField=longitude&yField=latitude&crs=EPSG:4326&spatialIndex=no&subsetIndex=no&watchFile=no
"857",Amelanchier alnifolia,Amelanchier,alnifolia,,,,native,S5,,48.900121669999997,-123.445021699999998,,NA,NA,"92852208",obs_native,file:///D:/Simon/Sync/Root/GIS/Biodiversity%20Data/obs_native.csv?type=csv&maxFields=10000&detectTypes=yes&xField=longitude&yField=latitude&crs=EPSG:4326&spatialIndex=no&subsetIndex=no&watchFile=no
"858",Amelanchier alnifolia,Amelanchier,alnifolia,,,,native,S5,,48.994594890000002,-123.554896400000004,,NA,NA,"94679804",obs_native,file:///D:/Simon/Sync/Root/GIS/Biodiversity%20Data/obs_native.csv?type=csv&maxFields=10000&detectTypes=yes&xField=longitude&yField=latitude&crs=EPSG:4326&spatialIndex=no&subsetIndex=no&watchFile=no
"859",Amelanchier alnifolia,Amelanchier,alnifolia,,,,native,S5,,48.957895000000001,-123.531593299999997,,NA,NA,"116029592",obs_native,file:///D:/Simon/Sync/Root/GIS/Biodiversity%20Data/obs_native.csv?type=csv&maxFields=10000&detectTypes=yes&xField=longitude&yField=latitude&crs=EPSG:4326&spatialIndex=no&subsetIndex=no&watchFile=no
"860",Amelanchier alnifolia,Amelanchier,alnifolia,,,,native,S5,,48.983133219999999,-123.558364100000006,,NA,NA,"116294305",obs_native,file:///D:/Simon/Sync/Root/GIS/Biodiversity%20Data/obs_native.csv?type=csv&maxFields=10000&detectTypes=yes&xField=longitude&yField=latitude&crs=EPSG:4326&spatialIndex=no&subsetIndex=no&watchFile=no
"861",Amelanchier alnifolia,Amelanchier,alnifolia,,,,native,S5,,48.939960829999997,-123.500479400000003,,NA,NA,"117818460",obs_native,file:///D:/Simon/Sync/Root/GIS/Biodiversity%20Data/obs_native.csv?type=csv&maxFields=10000&detectTypes=yes&xField=longitude&yField=latitude&crs=EPSG:4326&spatialIndex=no&subsetIndex=no&watchFile=no
"862",Amelanchier alnifolia,Amelanchier,alnifolia,,,,native,S5,,48.897404999999999,-123.338463300000001,,NA,NA,"120494813",obs_native,file:///D:/Simon/Sync/Root/GIS/Biodiversity%20Data/obs_native.csv?type=csv&maxFields=10000&detectTypes=yes&xField=longitude&yField=latitude&crs=EPSG:4326&spatialIndex=no&subsetIndex=no&watchFile=no
"863",Amelanchier alnifolia,Amelanchier,alnifolia,,,,native,S5,,48.862268440000001,-123.321393799999996,,NA,NA,"127157382",obs_native,file:///D:/Simon/Sync/Root/GIS/Biodiversity%20Data/obs_native.csv?type=csv&maxFields=10000&detectTypes=yes&xField=longitude&yField=latitude&crs=EPSG:4326&spatialIndex=no&subsetIndex=no&watchFile=no
"864",Amelanchier alnifolia,Amelanchier,alnifolia,,,,native,S5,,48.881124999999997,-123.323814999999996,,NA,NA,"127184014",obs_native,file:///D:/Simon/Sync/Root/GIS/Biodiversity%20Data/obs_native.csv?type=csv&maxFields=10000&detectTypes=yes&xField=longitude&yField=latitude&crs=EPSG:4326&spatialIndex=no&subsetIndex=no&watchFile=no
"865",Amelanchier alnifolia,Amelanchier,alnifolia,,,,native,S5,,48.959152510000003,-123.509147299999995,,NA,NA,"135389764",obs_native,file:///D:/Simon/Sync/Root/GIS/Biodiversity%20Data/obs_native.csv?type=csv&maxFields=10000&detectTypes=yes&xField=longitude&yField=latitude&crs=EPSG:4326&spatialIndex=no&subsetIndex=no&watchFile=no
"866",Amelanchier alnifolia,Amelanchier,alnifolia,,,,native,S5,,49.010700000000000,-123.578683299999994,,NA,NA,"137665347",obs_native,file:///D:/Simon/Sync/Root/GIS/Biodiversity%20Data/obs_native.csv?type=csv&maxFields=10000&detectTypes=yes&xField=longitude&yField=latitude&crs=EPSG:4326&spatialIndex=no&subsetIndex=no&watchFile=no
"867",Amsinckia menziesii,Amsinckia,menziesii,,,,native,S5,,48.904561620000003,-123.413457899999997,,NA,NA,"6047543",obs_native,file:///D:/Simon/Sync/Root/GIS/Biodiversity%20Data/obs_native.csv?type=csv&maxFields=10000&detectTypes=yes&xField=longitude&yField=latitude&crs=EPSG:4326&spatialIndex=no&subsetIndex=no&watchFile=no
"868",Amsinckia menziesii,Amsinckia,menziesii,,,,native,S5,,48.894444999999997,-123.408508299999994,,NA,NA,"14276666",obs_native,file:///D:/Simon/Sync/Root/GIS/Biodiversity%20Data/obs_native.csv?type=csv&maxFields=10000&detectTypes=yes&xField=longitude&yField=latitude&crs=EPSG:4326&spatialIndex=no&subsetIndex=no&watchFile=no
"869",Amsinckia menziesii,Amsinckia,menziesii,,,,native,S5,,48.870511669999999,-123.382346699999999,,NA,NA,"81147055",obs_native,file:///D:/Simon/Sync/Root/GIS/Biodiversity%20Data/obs_native.csv?type=csv&maxFields=10000&detectTypes=yes&xField=longitude&yField=latitude&crs=EPSG:4326&spatialIndex=no&subsetIndex=no&watchFile=no
"870",Amsinckia menziesii,Amsinckia,menziesii,,,,native,S5,,48.870294999999999,-123.382121699999999,,NA,NA,"81147056",obs_native,file:///D:/Simon/Sync/Root/GIS/Biodiversity%20Data/obs_native.csv?type=csv&maxFields=10000&detectTypes=yes&xField=longitude&yField=latitude&crs=EPSG:4326&spatialIndex=no&subsetIndex=no&watchFile=no
"871",Anaphalis margaritacea,Anaphalis,margaritacea,,,,native,S5,,48.928632000000000,-123.468925999999996,,NA,NA,"2564129",obs_native,file:///D:/Simon/Sync/Root/GIS/Biodiversity%20Data/obs_native.csv?type=csv&maxFields=10000&detectTypes=yes&xField=longitude&yField=latitude&crs=EPSG:4326&spatialIndex=no&subsetIndex=no&watchFile=no
"872",Anaphalis margaritacea,Anaphalis,margaritacea,,,,native,S5,,48.928910000000002,-123.469684000000001,,NA,NA,"2632628",obs_native,file:///D:/Simon/Sync/Root/GIS/Biodiversity%20Data/obs_native.csv?type=csv&maxFields=10000&detectTypes=yes&xField=longitude&yField=latitude&crs=EPSG:4326&spatialIndex=no&subsetIndex=no&watchFile=no
"873",Anaphalis margaritacea,Anaphalis,margaritacea,,,,native,S5,,48.948452000000003,-123.502377999999993,,NA,NA,"3414622",obs_native,file:///D:/Simon/Sync/Root/GIS/Biodiversity%20Data/obs_native.csv?type=csv&maxFields=10000&detectTypes=yes&xField=longitude&yField=latitude&crs=EPSG:4326&spatialIndex=no&subsetIndex=no&watchFile=no
"874",Anaphalis margaritacea,Anaphalis,margaritacea,,,,native,S5,,48.938735000000001,-123.496964000000006,,NA,NA,"3636687",obs_native,file:///D:/Simon/Sync/Root/GIS/Biodiversity%20Data/obs_native.csv?type=csv&maxFields=10000&detectTypes=yes&xField=longitude&yField=latitude&crs=EPSG:4326&spatialIndex=no&subsetIndex=no&watchFile=no
"875",Anaphalis margaritacea,Anaphalis,margaritacea,,,,native,S5,,48.942272799999998,-123.485813100000001,,NA,NA,"3650085",obs_native,file:///D:/Simon/Sync/Root/GIS/Biodiversity%20Data/obs_native.csv?type=csv&maxFields=10000&detectTypes=yes&xField=longitude&yField=latitude&crs=EPSG:4326&spatialIndex=no&subsetIndex=no&watchFile=no
"876",Anaphalis margaritacea,Anaphalis,margaritacea,,,,native,S5,,48.914927470000002,-123.395273000000003,,NA,NA,"14897864",obs_native,file:///D:/Simon/Sync/Root/GIS/Biodiversity%20Data/obs_native.csv?type=csv&maxFields=10000&detectTypes=yes&xField=longitude&yField=latitude&crs=EPSG:4326&spatialIndex=no&subsetIndex=no&watchFile=no
"877",Anaphalis margaritacea,Anaphalis,margaritacea,,,,native,S5,,48.979192320000003,-123.557607399999995,,NA,NA,"25480420",obs_native,file:///D:/Simon/Sync/Root/GIS/Biodiversity%20Data/obs_native.csv?type=csv&maxFields=10000&detectTypes=yes&xField=longitude&yField=latitude&crs=EPSG:4326&spatialIndex=no&subsetIndex=no&watchFile=no
"878",Anaphalis margaritacea,Anaphalis,margaritacea,,,,native,S5,,48.928762130000003,-123.469372000000007,,NA,NA,"27790631",obs_native,file:///D:/Simon/Sync/Root/GIS/Biodiversity%20Data/obs_native.csv?type=csv&maxFields=10000&detectTypes=yes&xField=longitude&yField=latitude&crs=EPSG:4326&spatialIndex=no&subsetIndex=no&watchFile=no
"879",Anaphalis margaritacea,Anaphalis,margaritacea,,,,native,S5,,48.928563089999997,-123.469001599999999,,NA,NA,"27830373",obs_native,file:///D:/Simon/Sync/Root/GIS/Biodiversity%20Data/obs_native.csv?type=csv&maxFields=10000&detectTypes=yes&xField=longitude&yField=latitude&crs=EPSG:4326&spatialIndex=no&subsetIndex=no&watchFile=no
"880",Anaphalis margaritacea,Anaphalis,margaritacea,,,,native,S5,,48.914368809999999,-123.398658499999996,,NA,NA,"29666473",obs_native,file:///D:/Simon/Sync/Root/GIS/Biodiversity%20Data/obs_native.csv?type=csv&maxFields=10000&detectTypes=yes&xField=longitude&yField=latitude&crs=EPSG:4326&spatialIndex=no&subsetIndex=no&watchFile=no
"881",Anaphalis margaritacea,Anaphalis,margaritacea,,,,native,S5,,48.928445330000002,-123.468992200000002,,NA,NA,"54690701",obs_native,file:///D:/Simon/Sync/Root/GIS/Biodiversity%20Data/obs_native.csv?type=csv&maxFields=10000&detectTypes=yes&xField=longitude&yField=latitude&crs=EPSG:4326&spatialIndex=no&subsetIndex=no&watchFile=no
"882",Anaphalis margaritacea,Anaphalis,margaritacea,,,,native,S5,,48.928826290000003,-123.468928599999998,,NA,NA,"54692168",obs_native,file:///D:/Simon/Sync/Root/GIS/Biodiversity%20Data/obs_native.csv?type=csv&maxFields=10000&detectTypes=yes&xField=longitude&yField=latitude&crs=EPSG:4326&spatialIndex=no&subsetIndex=no&watchFile=no
"883",Anaphalis margaritacea,Anaphalis,margaritacea,,,,native,S5,,48.928241720000003,-123.467964199999997,,NA,NA,"62512577",obs_native,file:///D:/Simon/Sync/Root/GIS/Biodiversity%20Data/obs_native.csv?type=csv&maxFields=10000&detectTypes=yes&xField=longitude&yField=latitude&crs=EPSG:4326&spatialIndex=no&subsetIndex=no&watchFile=no
"884",Anaphalis margaritacea,Anaphalis,margaritacea,,,,native,S5,,48.928299400000000,-123.467961000000003,,NA,NA,"84063216",obs_native,file:///D:/Simon/Sync/Root/GIS/Biodiversity%20Data/obs_native.csv?type=csv&maxFields=10000&detectTypes=yes&xField=longitude&yField=latitude&crs=EPSG:4326&spatialIndex=no&subsetIndex=no&watchFile=no
"885",Anaphalis margaritacea,Anaphalis,margaritacea,,,,native,S5,,48.928561670000001,-123.468675000000005,,NA,NA,"84252009",obs_native,file:///D:/Simon/Sync/Root/GIS/Biodiversity%20Data/obs_native.csv?type=csv&maxFields=10000&detectTypes=yes&xField=longitude&yField=latitude&crs=EPSG:4326&spatialIndex=no&subsetIndex=no&watchFile=no
"886",Anaphalis margaritacea,Anaphalis,margaritacea,,,,native,S5,,48.927959360000003,-123.467969999999994,,NA,NA,"84598878",obs_native,file:///D:/Simon/Sync/Root/GIS/Biodiversity%20Data/obs_native.csv?type=csv&maxFields=10000&detectTypes=yes&xField=longitude&yField=latitude&crs=EPSG:4326&spatialIndex=no&subsetIndex=no&watchFile=no
"887",Anaphalis margaritacea,Anaphalis,margaritacea,,,,native,S5,,48.928583580000002,-123.468728400000003,,NA,NA,"84722892",obs_native,file:///D:/Simon/Sync/Root/GIS/Biodiversity%20Data/obs_native.csv?type=csv&maxFields=10000&detectTypes=yes&xField=longitude&yField=latitude&crs=EPSG:4326&spatialIndex=no&subsetIndex=no&watchFile=no
"888",Anaphalis margaritacea,Anaphalis,margaritacea,,,,native,S5,,48.957522509999997,-123.512242000000001,,NA,NA,"93316230",obs_native,file:///D:/Simon/Sync/Root/GIS/Biodiversity%20Data/obs_native.csv?type=csv&maxFields=10000&detectTypes=yes&xField=longitude&yField=latitude&crs=EPSG:4326&spatialIndex=no&subsetIndex=no&watchFile=no
"889",Anaphalis margaritacea,Anaphalis,margaritacea,,,,native,S5,,48.928165579999998,-123.467844099999994,,NA,NA,"97936786",obs_native,file:///D:/Simon/Sync/Root/GIS/Biodiversity%20Data/obs_native.csv?type=csv&maxFields=10000&detectTypes=yes&xField=longitude&yField=latitude&crs=EPSG:4326&spatialIndex=no&subsetIndex=no&watchFile=no
"890",Anaphalis margaritacea,Anaphalis,margaritacea,,,,native,S5,,48.948946669999998,-123.509653299999997,,NA,NA,"129714234",obs_native,file:///D:/Simon/Sync/Root/GIS/Biodiversity%20Data/obs_native.csv?type=csv&maxFields=10000&detectTypes=yes&xField=longitude&yField=latitude&crs=EPSG:4326&spatialIndex=no&subsetIndex=no&watchFile=no
"891",Anaphalis margaritacea,Anaphalis,margaritacea,,,,native,S5,,48.992931169999999,-123.573572200000001,,NA,NA,"134871907",obs_native,file:///D:/Simon/Sync/Root/GIS/Biodiversity%20Data/obs_native.csv?type=csv&maxFields=10000&detectTypes=yes&xField=longitude&yField=latitude&crs=EPSG:4326&spatialIndex=no&subsetIndex=no&watchFile=no
"892",Anisocarpus madioides,Anisocarpus,madioides,,,,native,S5,,48.930816999999998,-123.475299000000007,,NA,NA,"2563712",obs_native,file:///D:/Simon/Sync/Root/GIS/Biodiversity%20Data/obs_native.csv?type=csv&maxFields=10000&detectTypes=yes&xField=longitude&yField=latitude&crs=EPSG:4326&spatialIndex=no&subsetIndex=no&watchFile=no
"893",Anisocarpus madioides,Anisocarpus,madioides,,,,native,S5,,48.868695000000002,-123.346231000000003,,NA,NA,"2570649",obs_native,file:///D:/Simon/Sync/Root/GIS/Biodiversity%20Data/obs_native.csv?type=csv&maxFields=10000&detectTypes=yes&xField=longitude&yField=latitude&crs=EPSG:4326&spatialIndex=no&subsetIndex=no&watchFile=no
"894",Anisocarpus madioides,Anisocarpus,madioides,,,,native,S5,,48.928624999999997,-123.470782999999997,,NA,NA,"2617714",obs_native,file:///D:/Simon/Sync/Root/GIS/Biodiversity%20Data/obs_native.csv?type=csv&maxFields=10000&detectTypes=yes&xField=longitude&yField=latitude&crs=EPSG:4326&spatialIndex=no&subsetIndex=no&watchFile=no
"895",Anisocarpus madioides,Anisocarpus,madioides,,,,native,S5,,48.928168999999997,-123.471115999999995,,NA,NA,"2617741",obs_native,file:///D:/Simon/Sync/Root/GIS/Biodiversity%20Data/obs_native.csv?type=csv&maxFields=10000&detectTypes=yes&xField=longitude&yField=latitude&crs=EPSG:4326&spatialIndex=no&subsetIndex=no&watchFile=no
"896",Anisocarpus madioides,Anisocarpus,madioides,,,,native,S5,,48.928054000000003,-123.471050000000005,,NA,NA,"2629088",obs_native,file:///D:/Simon/Sync/Root/GIS/Biodiversity%20Data/obs_native.csv?type=csv&maxFields=10000&detectTypes=yes&xField=longitude&yField=latitude&crs=EPSG:4326&spatialIndex=no&subsetIndex=no&watchFile=no
"897",Anisocarpus madioides,Anisocarpus,madioides,,,,native,S5,,48.916249999999998,-123.424959000000001,,NA,NA,"3094485",obs_native,file:///D:/Simon/Sync/Root/GIS/Biodiversity%20Data/obs_native.csv?type=csv&maxFields=10000&detectTypes=yes&xField=longitude&yField=latitude&crs=EPSG:4326&spatialIndex=no&subsetIndex=no&watchFile=no
"898",Anisocarpus madioides,Anisocarpus,madioides,,,,native,S5,,48.916249999999998,-123.424959000000001,,NA,NA,"3094634",obs_native,file:///D:/Simon/Sync/Root/GIS/Biodiversity%20Data/obs_native.csv?type=csv&maxFields=10000&detectTypes=yes&xField=longitude&yField=latitude&crs=EPSG:4326&spatialIndex=no&subsetIndex=no&watchFile=no
"899",Anisocarpus madioides,Anisocarpus,madioides,,,,native,S5,,48.915906000000000,-123.422921000000002,,NA,NA,"3123046",obs_native,file:///D:/Simon/Sync/Root/GIS/Biodiversity%20Data/obs_native.csv?type=csv&maxFields=10000&detectTypes=yes&xField=longitude&yField=latitude&crs=EPSG:4326&spatialIndex=no&subsetIndex=no&watchFile=no
"900",Anisocarpus madioides,Anisocarpus,madioides,,,,native,S5,,48.915973999999999,-123.425473999999994,,NA,NA,"3180937",obs_native,file:///D:/Simon/Sync/Root/GIS/Biodiversity%20Data/obs_native.csv?type=csv&maxFields=10000&detectTypes=yes&xField=longitude&yField=latitude&crs=EPSG:4326&spatialIndex=no&subsetIndex=no&watchFile=no
"901",Anisocarpus madioides,Anisocarpus,madioides,,,,native,S5,,48.983659000000003,-123.556323000000006,,NA,NA,"3296552",obs_native,file:///D:/Simon/Sync/Root/GIS/Biodiversity%20Data/obs_native.csv?type=csv&maxFields=10000&detectTypes=yes&xField=longitude&yField=latitude&crs=EPSG:4326&spatialIndex=no&subsetIndex=no&watchFile=no
"902",Anisocarpus madioides,Anisocarpus,madioides,,,,native,S5,,48.896949999999997,-123.406677000000002,,NA,NA,"3310671",obs_native,file:///D:/Simon/Sync/Root/GIS/Biodiversity%20Data/obs_native.csv?type=csv&maxFields=10000&detectTypes=yes&xField=longitude&yField=latitude&crs=EPSG:4326&spatialIndex=no&subsetIndex=no&watchFile=no
"903",Anisocarpus madioides,Anisocarpus,madioides,,,,native,S5,,48.896949999999997,-123.406677000000002,,NA,NA,"3311057",obs_native,file:///D:/Simon/Sync/Root/GIS/Biodiversity%20Data/obs_native.csv?type=csv&maxFields=10000&detectTypes=yes&xField=longitude&yField=latitude&crs=EPSG:4326&spatialIndex=no&subsetIndex=no&watchFile=no
"904",Anisocarpus madioides,Anisocarpus,madioides,,,,native,S5,,48.932485999999997,-123.483839000000003,,NA,NA,"3317839",obs_native,file:///D:/Simon/Sync/Root/GIS/Biodiversity%20Data/obs_native.csv?type=csv&maxFields=10000&detectTypes=yes&xField=longitude&yField=latitude&crs=EPSG:4326&spatialIndex=no&subsetIndex=no&watchFile=no
"905",Anisocarpus madioides,Anisocarpus,madioides,,,,native,S5,,48.915652000000001,-123.426826000000005,,NA,NA,"3335637",obs_native,file:///D:/Simon/Sync/Root/GIS/Biodiversity%20Data/obs_native.csv?type=csv&maxFields=10000&detectTypes=yes&xField=longitude&yField=latitude&crs=EPSG:4326&spatialIndex=no&subsetIndex=no&watchFile=no
"906",Anisocarpus madioides,Anisocarpus,madioides,,,,native,S5,,48.915923999999997,-123.425291999999999,,NA,NA,"3340504",obs_native,file:///D:/Simon/Sync/Root/GIS/Biodiversity%20Data/obs_native.csv?type=csv&maxFields=10000&detectTypes=yes&xField=longitude&yField=latitude&crs=EPSG:4326&spatialIndex=no&subsetIndex=no&watchFile=no
"907",Anisocarpus madioides,Anisocarpus,madioides,,,,native,S5,,48.868361999999998,-123.341702999999995,,NA,NA,"3351066",obs_native,file:///D:/Simon/Sync/Root/GIS/Biodiversity%20Data/obs_native.csv?type=csv&maxFields=10000&detectTypes=yes&xField=longitude&yField=latitude&crs=EPSG:4326&spatialIndex=no&subsetIndex=no&watchFile=no
"908",Anisocarpus madioides,Anisocarpus,madioides,,,,native,S5,,48.871721000000001,-123.310760999999999,,NA,NA,"3404575",obs_native,file:///D:/Simon/Sync/Root/GIS/Biodiversity%20Data/obs_native.csv?type=csv&maxFields=10000&detectTypes=yes&xField=longitude&yField=latitude&crs=EPSG:4326&spatialIndex=no&subsetIndex=no&watchFile=no
"909",Anisocarpus madioides,Anisocarpus,madioides,,,,native,S5,,48.898027999999996,-123.405991000000000,,NA,NA,"3493602",obs_native,file:///D:/Simon/Sync/Root/GIS/Biodiversity%20Data/obs_native.csv?type=csv&maxFields=10000&detectTypes=yes&xField=longitude&yField=latitude&crs=EPSG:4326&spatialIndex=no&subsetIndex=no&watchFile=no
"910",Anisocarpus madioides,Anisocarpus,madioides,,,,native,S5,,48.898027999999996,-123.405991000000000,,NA,NA,"3493663",obs_native,file:///D:/Simon/Sync/Root/GIS/Biodiversity%20Data/obs_native.csv?type=csv&maxFields=10000&detectTypes=yes&xField=longitude&yField=latitude&crs=EPSG:4326&spatialIndex=no&subsetIndex=no&watchFile=no
"911",Anisocarpus madioides,Anisocarpus,madioides,,,,native,S5,,48.898027999999996,-123.405991000000000,,NA,NA,"3493764",obs_native,file:///D:/Simon/Sync/Root/GIS/Biodiversity%20Data/obs_native.csv?type=csv&maxFields=10000&detectTypes=yes&xField=longitude&yField=latitude&crs=EPSG:4326&spatialIndex=no&subsetIndex=no&watchFile=no
"912",Anisocarpus madioides,Anisocarpus,madioides,,,,native,S5,,48.906225919999997,-123.360671999999994,,NA,NA,"5885579",obs_native,file:///D:/Simon/Sync/Root/GIS/Biodiversity%20Data/obs_native.csv?type=csv&maxFields=10000&detectTypes=yes&xField=longitude&yField=latitude&crs=EPSG:4326&spatialIndex=no&subsetIndex=no&watchFile=no
"913",Anisocarpus madioides,Anisocarpus,madioides,,,,native,S5,,48.906225919999997,-123.360671999999994,,NA,NA,"5885589",obs_native,file:///D:/Simon/Sync/Root/GIS/Biodiversity%20Data/obs_native.csv?type=csv&maxFields=10000&detectTypes=yes&xField=longitude&yField=latitude&crs=EPSG:4326&spatialIndex=no&subsetIndex=no&watchFile=no
"914",Anisocarpus madioides,Anisocarpus,madioides,,,,native,S5,,48.927969529999999,-123.470706899999996,,NA,NA,"6298743",obs_native,file:///D:/Simon/Sync/Root/GIS/Biodiversity%20Data/obs_native.csv?type=csv&maxFields=10000&detectTypes=yes&xField=longitude&yField=latitude&crs=EPSG:4326&spatialIndex=no&subsetIndex=no&watchFile=no
"915",Anisocarpus madioides,Anisocarpus,madioides,,,,native,S5,,48.931226019999997,-123.479697700000003,,NA,NA,"6411213",obs_native,file:///D:/Simon/Sync/Root/GIS/Biodiversity%20Data/obs_native.csv?type=csv&maxFields=10000&detectTypes=yes&xField=longitude&yField=latitude&crs=EPSG:4326&spatialIndex=no&subsetIndex=no&watchFile=no
"916",Anisocarpus madioides,Anisocarpus,madioides,,,,native,S5,,48.869005999999999,-123.356551999999994,,NA,NA,"6646480",obs_native,file:///D:/Simon/Sync/Root/GIS/Biodiversity%20Data/obs_native.csv?type=csv&maxFields=10000&detectTypes=yes&xField=longitude&yField=latitude&crs=EPSG:4326&spatialIndex=no&subsetIndex=no&watchFile=no
"917",Anisocarpus madioides,Anisocarpus,madioides,,,,native,S5,,48.876097999999999,-123.386035000000007,,NA,NA,"6817853",obs_native,file:///D:/Simon/Sync/Root/GIS/Biodiversity%20Data/obs_native.csv?type=csv&maxFields=10000&detectTypes=yes&xField=longitude&yField=latitude&crs=EPSG:4326&spatialIndex=no&subsetIndex=no&watchFile=no
"918",Anisocarpus madioides,Anisocarpus,madioides,,,,native,S5,,48.870607000000000,-123.343086000000000,,NA,NA,"12762055",obs_native,file:///D:/Simon/Sync/Root/GIS/Biodiversity%20Data/obs_native.csv?type=csv&maxFields=10000&detectTypes=yes&xField=longitude&yField=latitude&crs=EPSG:4326&spatialIndex=no&subsetIndex=no&watchFile=no
"919",Anisocarpus madioides,Anisocarpus,madioides,,,,native,S5,,48.862389579999999,-123.373279199999999,,NA,NA,"13102168",obs_native,file:///D:/Simon/Sync/Root/GIS/Biodiversity%20Data/obs_native.csv?type=csv&maxFields=10000&detectTypes=yes&xField=longitude&yField=latitude&crs=EPSG:4326&spatialIndex=no&subsetIndex=no&watchFile=no
"920",Anisocarpus madioides,Anisocarpus,madioides,,,,native,S5,,48.914786800000002,-123.389681600000003,,NA,NA,"13102206",obs_native,file:///D:/Simon/Sync/Root/GIS/Biodiversity%20Data/obs_native.csv?type=csv&maxFields=10000&detectTypes=yes&xField=longitude&yField=latitude&crs=EPSG:4326&spatialIndex=no&subsetIndex=no&watchFile=no
"921",Anisocarpus madioides,Anisocarpus,madioides,,,,native,S5,,48.939923069999999,-123.503365500000001,,NA,NA,"13198919",obs_native,file:///D:/Simon/Sync/Root/GIS/Biodiversity%20Data/obs_native.csv?type=csv&maxFields=10000&detectTypes=yes&xField=longitude&yField=latitude&crs=EPSG:4326&spatialIndex=no&subsetIndex=no&watchFile=no
"922",Anisocarpus madioides,Anisocarpus,madioides,,,,native,S5,,48.972669990000000,-123.561937000000000,,NA,NA,"13320669",obs_native,file:///D:/Simon/Sync/Root/GIS/Biodiversity%20Data/obs_native.csv?type=csv&maxFields=10000&detectTypes=yes&xField=longitude&yField=latitude&crs=EPSG:4326&spatialIndex=no&subsetIndex=no&watchFile=no
"923",Anisocarpus madioides,Anisocarpus,madioides,,,,native,S5,,48.869078330000001,-123.341358299999996,,NA,NA,"13973331",obs_native,file:///D:/Simon/Sync/Root/GIS/Biodiversity%20Data/obs_native.csv?type=csv&maxFields=10000&detectTypes=yes&xField=longitude&yField=latitude&crs=EPSG:4326&spatialIndex=no&subsetIndex=no&watchFile=no
"924",Anisocarpus madioides,Anisocarpus,madioides,,,,native,S5,,48.928667709999999,-123.472945300000006,,NA,NA,"19081779",obs_native,file:///D:/Simon/Sync/Root/GIS/Biodiversity%20Data/obs_native.csv?type=csv&maxFields=10000&detectTypes=yes&xField=longitude&yField=latitude&crs=EPSG:4326&spatialIndex=no&subsetIndex=no&watchFile=no
"925",Anisocarpus madioides,Anisocarpus,madioides,,,,native,S5,,48.901128329999999,-123.406350000000003,,NA,NA,"24639783",obs_native,file:///D:/Simon/Sync/Root/GIS/Biodiversity%20Data/obs_native.csv?type=csv&maxFields=10000&detectTypes=yes&xField=longitude&yField=latitude&crs=EPSG:4326&spatialIndex=no&subsetIndex=no&watchFile=no
"926",Anisocarpus madioides,Anisocarpus,madioides,,,,native,S5,,48.896172219999997,-123.406416699999994,,NA,NA,"24677365",obs_native,file:///D:/Simon/Sync/Root/GIS/Biodiversity%20Data/obs_native.csv?type=csv&maxFields=10000&detectTypes=yes&xField=longitude&yField=latitude&crs=EPSG:4326&spatialIndex=no&subsetIndex=no&watchFile=no
"927",Anisocarpus madioides,Anisocarpus,madioides,,,,native,S5,,48.897358330000003,-123.408583300000004,,NA,NA,"24677528",obs_native,file:///D:/Simon/Sync/Root/GIS/Biodiversity%20Data/obs_native.csv?type=csv&maxFields=10000&detectTypes=yes&xField=longitude&yField=latitude&crs=EPSG:4326&spatialIndex=no&subsetIndex=no&watchFile=no
"928",Anisocarpus madioides,Anisocarpus,madioides,,,,native,S5,,48.901927780000001,-123.405555600000000,,NA,NA,"24683886",obs_native,file:///D:/Simon/Sync/Root/GIS/Biodiversity%20Data/obs_native.csv?type=csv&maxFields=10000&detectTypes=yes&xField=longitude&yField=latitude&crs=EPSG:4326&spatialIndex=no&subsetIndex=no&watchFile=no
"929",Anisocarpus madioides,Anisocarpus,madioides,,,,native,S5,,48.901149029999999,-123.406021300000006,,NA,NA,"24689855",obs_native,file:///D:/Simon/Sync/Root/GIS/Biodiversity%20Data/obs_native.csv?type=csv&maxFields=10000&detectTypes=yes&xField=longitude&yField=latitude&crs=EPSG:4326&spatialIndex=no&subsetIndex=no&watchFile=no
"930",Anisocarpus madioides,Anisocarpus,madioides,,,,native,S5,,48.901378960000002,-123.404820799999996,,NA,NA,"24689995",obs_native,file:///D:/Simon/Sync/Root/GIS/Biodiversity%20Data/obs_native.csv?type=csv&maxFields=10000&detectTypes=yes&xField=longitude&yField=latitude&crs=EPSG:4326&spatialIndex=no&subsetIndex=no&watchFile=no
"931",Anisocarpus madioides,Anisocarpus,madioides,,,,native,S5,,48.895016669999997,-123.404747200000003,,NA,NA,"24701272",obs_native,file:///D:/Simon/Sync/Root/GIS/Biodiversity%20Data/obs_native.csv?type=csv&maxFields=10000&detectTypes=yes&xField=longitude&yField=latitude&crs=EPSG:4326&spatialIndex=no&subsetIndex=no&watchFile=no
"932",Anisocarpus madioides,Anisocarpus,madioides,,,,native,S5,,48.901818880000000,-123.405521300000004,,NA,NA,"24708892",obs_native,file:///D:/Simon/Sync/Root/GIS/Biodiversity%20Data/obs_native.csv?type=csv&maxFields=10000&detectTypes=yes&xField=longitude&yField=latitude&crs=EPSG:4326&spatialIndex=no&subsetIndex=no&watchFile=no
"933",Anisocarpus madioides,Anisocarpus,madioides,,,,native,S5,,48.901568769999997,-123.405526699999996,,NA,NA,"24715286",obs_native,file:///D:/Simon/Sync/Root/GIS/Biodiversity%20Data/obs_native.csv?type=csv&maxFields=10000&detectTypes=yes&xField=longitude&yField=latitude&crs=EPSG:4326&spatialIndex=no&subsetIndex=no&watchFile=no
"934",Anisocarpus madioides,Anisocarpus,madioides,,,,native,S5,,48.901584739999997,-123.404831000000001,,NA,NA,"24715764",obs_native,file:///D:/Simon/Sync/Root/GIS/Biodiversity%20Data/obs_native.csv?type=csv&maxFields=10000&detectTypes=yes&xField=longitude&yField=latitude&crs=EPSG:4326&spatialIndex=no&subsetIndex=no&watchFile=no
"935",Anisocarpus madioides,Anisocarpus,madioides,,,,native,S5,,48.872077779999998,-123.312936100000002,,NA,NA,"24806488",obs_native,file:///D:/Simon/Sync/Root/GIS/Biodiversity%20Data/obs_native.csv?type=csv&maxFields=10000&detectTypes=yes&xField=longitude&yField=latitude&crs=EPSG:4326&spatialIndex=no&subsetIndex=no&watchFile=no
"936",Anisocarpus madioides,Anisocarpus,madioides,,,,native,S5,,48.871947220000003,-123.312866700000001,,NA,NA,"24824116",obs_native,file:///D:/Simon/Sync/Root/GIS/Biodiversity%20Data/obs_native.csv?type=csv&maxFields=10000&detectTypes=yes&xField=longitude&yField=latitude&crs=EPSG:4326&spatialIndex=no&subsetIndex=no&watchFile=no
"937",Anisocarpus madioides,Anisocarpus,madioides,,,,native,S5,,48.872077779999998,-123.312936100000002,,NA,NA,"24824142",obs_native,file:///D:/Simon/Sync/Root/GIS/Biodiversity%20Data/obs_native.csv?type=csv&maxFields=10000&detectTypes=yes&xField=longitude&yField=latitude&crs=EPSG:4326&spatialIndex=no&subsetIndex=no&watchFile=no
"938",Anisocarpus madioides,Anisocarpus,madioides,,,,native,S5,,48.871947220000003,-123.312866700000001,,NA,NA,"24824181",obs_native,file:///D:/Simon/Sync/Root/GIS/Biodiversity%20Data/obs_native.csv?type=csv&maxFields=10000&detectTypes=yes&xField=longitude&yField=latitude&crs=EPSG:4326&spatialIndex=no&subsetIndex=no&watchFile=no
"939",Anisocarpus madioides,Anisocarpus,madioides,,,,native,S5,,48.872108330000003,-123.312819399999995,,NA,NA,"25048326",obs_native,file:///D:/Simon/Sync/Root/GIS/Biodiversity%20Data/obs_native.csv?type=csv&maxFields=10000&detectTypes=yes&xField=longitude&yField=latitude&crs=EPSG:4326&spatialIndex=no&subsetIndex=no&watchFile=no
"940",Anisocarpus madioides,Anisocarpus,madioides,,,,native,S5,,48.901069440000001,-123.406022199999995,,NA,NA,"25541304",obs_native,file:///D:/Simon/Sync/Root/GIS/Biodiversity%20Data/obs_native.csv?type=csv&maxFields=10000&detectTypes=yes&xField=longitude&yField=latitude&crs=EPSG:4326&spatialIndex=no&subsetIndex=no&watchFile=no
"941",Anisocarpus madioides,Anisocarpus,madioides,,,,native,S5,,48.893916670000003,-123.404550000000000,,NA,NA,"25656977",obs_native,file:///D:/Simon/Sync/Root/GIS/Biodiversity%20Data/obs_native.csv?type=csv&maxFields=10000&detectTypes=yes&xField=longitude&yField=latitude&crs=EPSG:4326&spatialIndex=no&subsetIndex=no&watchFile=no
"942",Anisocarpus madioides,Anisocarpus,madioides,,,,native,S5,,48.895016669999997,-123.404755600000001,,NA,NA,"25656978",obs_native,file:///D:/Simon/Sync/Root/GIS/Biodiversity%20Data/obs_native.csv?type=csv&maxFields=10000&detectTypes=yes&xField=longitude&yField=latitude&crs=EPSG:4326&spatialIndex=no&subsetIndex=no&watchFile=no
"943",Anisocarpus madioides,Anisocarpus,madioides,,,,native,S5,,48.933219630000004,-123.486581700000002,,NA,NA,"26417683",obs_native,file:///D:/Simon/Sync/Root/GIS/Biodiversity%20Data/obs_native.csv?type=csv&maxFields=10000&detectTypes=yes&xField=longitude&yField=latitude&crs=EPSG:4326&spatialIndex=no&subsetIndex=no&watchFile=no
"944",Anisocarpus madioides,Anisocarpus,madioides,,,,native,S5,,48.867661669999997,-123.339713300000000,,NA,NA,"26455623",obs_native,file:///D:/Simon/Sync/Root/GIS/Biodiversity%20Data/obs_native.csv?type=csv&maxFields=10000&detectTypes=yes&xField=longitude&yField=latitude&crs=EPSG:4326&spatialIndex=no&subsetIndex=no&watchFile=no
"945",Anisocarpus madioides,Anisocarpus,madioides,,,,native,S5,,48.895912729999999,-123.410268400000007,,NA,NA,"38469169",obs_native,file:///D:/Simon/Sync/Root/GIS/Biodiversity%20Data/obs_native.csv?type=csv&maxFields=10000&detectTypes=yes&xField=longitude&yField=latitude&crs=EPSG:4326&spatialIndex=no&subsetIndex=no&watchFile=no
"946",Anisocarpus madioides,Anisocarpus,madioides,,,,native,S5,,48.897828330000003,-123.406419999999997,,NA,NA,"48092272",obs_native,file:///D:/Simon/Sync/Root/GIS/Biodiversity%20Data/obs_native.csv?type=csv&maxFields=10000&detectTypes=yes&xField=longitude&yField=latitude&crs=EPSG:4326&spatialIndex=no&subsetIndex=no&watchFile=no
"947",Anisocarpus madioides,Anisocarpus,madioides,,,,native,S5,,48.963623509999998,-123.550455299999996,,NA,NA,"48201540",obs_native,file:///D:/Simon/Sync/Root/GIS/Biodiversity%20Data/obs_native.csv?type=csv&maxFields=10000&detectTypes=yes&xField=longitude&yField=latitude&crs=EPSG:4326&spatialIndex=no&subsetIndex=no&watchFile=no
"948",Anisocarpus madioides,Anisocarpus,madioides,,,,native,S5,,48.898216669999996,-123.406113300000001,,NA,NA,"49172892",obs_native,file:///D:/Simon/Sync/Root/GIS/Biodiversity%20Data/obs_native.csv?type=csv&maxFields=10000&detectTypes=yes&xField=longitude&yField=latitude&crs=EPSG:4326&spatialIndex=no&subsetIndex=no&watchFile=no
"949",Anisocarpus madioides,Anisocarpus,madioides,,,,native,S5,,48.899138330000000,-123.407538299999999,,NA,NA,"49173635",obs_native,file:///D:/Simon/Sync/Root/GIS/Biodiversity%20Data/obs_native.csv?type=csv&maxFields=10000&detectTypes=yes&xField=longitude&yField=latitude&crs=EPSG:4326&spatialIndex=no&subsetIndex=no&watchFile=no
"950",Anisocarpus madioides,Anisocarpus,madioides,,,,native,S5,,48.927189919999996,-123.468496999999999,,NA,NA,"53165872",obs_native,file:///D:/Simon/Sync/Root/GIS/Biodiversity%20Data/obs_native.csv?type=csv&maxFields=10000&detectTypes=yes&xField=longitude&yField=latitude&crs=EPSG:4326&spatialIndex=no&subsetIndex=no&watchFile=no
"951",Anisocarpus madioides,Anisocarpus,madioides,,,,native,S5,,48.927027979999998,-123.468468000000001,,NA,NA,"53379244",obs_native,file:///D:/Simon/Sync/Root/GIS/Biodiversity%20Data/obs_native.csv?type=csv&maxFields=10000&detectTypes=yes&xField=longitude&yField=latitude&crs=EPSG:4326&spatialIndex=no&subsetIndex=no&watchFile=no
"952",Anisocarpus madioides,Anisocarpus,madioides,,,,native,S5,,49.009757100000002,-123.570264300000005,,NA,NA,"72298618",obs_native,file:///D:/Simon/Sync/Root/GIS/Biodiversity%20Data/obs_native.csv?type=csv&maxFields=10000&detectTypes=yes&xField=longitude&yField=latitude&crs=EPSG:4326&spatialIndex=no&subsetIndex=no&watchFile=no
"953",Anisocarpus madioides,Anisocarpus,madioides,,,,native,S5,,48.893653329999999,-123.404296700000003,,NA,NA,"80185233",obs_native,file:///D:/Simon/Sync/Root/GIS/Biodiversity%20Data/obs_native.csv?type=csv&maxFields=10000&detectTypes=yes&xField=longitude&yField=latitude&crs=EPSG:4326&spatialIndex=no&subsetIndex=no&watchFile=no
"954",Anisocarpus madioides,Anisocarpus,madioides,,,,native,S5,,48.883094999999997,-123.328208300000000,,NA,NA,"82102306",obs_native,file:///D:/Simon/Sync/Root/GIS/Biodiversity%20Data/obs_native.csv?type=csv&maxFields=10000&detectTypes=yes&xField=longitude&yField=latitude&crs=EPSG:4326&spatialIndex=no&subsetIndex=no&watchFile=no
"955",Anisocarpus madioides,Anisocarpus,madioides,,,,native,S5,,48.943691670000000,-123.506638300000006,,NA,NA,"82358999",obs_native,file:///D:/Simon/Sync/Root/GIS/Biodiversity%20Data/obs_native.csv?type=csv&maxFields=10000&detectTypes=yes&xField=longitude&yField=latitude&crs=EPSG:4326&spatialIndex=no&subsetIndex=no&watchFile=no
"956",Anisocarpus madioides,Anisocarpus,madioides,,,,native,S5,,48.898131010000000,-123.406345599999995,,NA,NA,"82905037",obs_native,file:///D:/Simon/Sync/Root/GIS/Biodiversity%20Data/obs_native.csv?type=csv&maxFields=10000&detectTypes=yes&xField=longitude&yField=latitude&crs=EPSG:4326&spatialIndex=no&subsetIndex=no&watchFile=no
"957",Anisocarpus madioides,Anisocarpus,madioides,,,,native,S5,,48.871938329999999,-123.312921700000004,,NA,NA,"82960309",obs_native,file:///D:/Simon/Sync/Root/GIS/Biodiversity%20Data/obs_native.csv?type=csv&maxFields=10000&detectTypes=yes&xField=longitude&yField=latitude&crs=EPSG:4326&spatialIndex=no&subsetIndex=no&watchFile=no
"958",Anisocarpus madioides,Anisocarpus,madioides,,,,native,S5,,48.885318329999997,-123.356321699999995,,NA,NA,"83097980",obs_native,file:///D:/Simon/Sync/Root/GIS/Biodiversity%20Data/obs_native.csv?type=csv&maxFields=10000&detectTypes=yes&xField=longitude&yField=latitude&crs=EPSG:4326&spatialIndex=no&subsetIndex=no&watchFile=no
"959",Anisocarpus madioides,Anisocarpus,madioides,,,,native,S5,,48.876703329999998,-123.384606700000006,,NA,NA,"83738296",obs_native,file:///D:/Simon/Sync/Root/GIS/Biodiversity%20Data/obs_native.csv?type=csv&maxFields=10000&detectTypes=yes&xField=longitude&yField=latitude&crs=EPSG:4326&spatialIndex=no&subsetIndex=no&watchFile=no
"960",Anisocarpus madioides,Anisocarpus,madioides,,,,native,S5,,48.930428329999998,-123.468680000000006,,NA,NA,"84344617",obs_native,file:///D:/Simon/Sync/Root/GIS/Biodiversity%20Data/obs_native.csv?type=csv&maxFields=10000&detectTypes=yes&xField=longitude&yField=latitude&crs=EPSG:4326&spatialIndex=no&subsetIndex=no&watchFile=no
"961",Anisocarpus madioides,Anisocarpus,madioides,,,,native,S5,,49.005025000000003,-123.565788299999994,,NA,NA,"85131929",obs_native,file:///D:/Simon/Sync/Root/GIS/Biodiversity%20Data/obs_native.csv?type=csv&maxFields=10000&detectTypes=yes&xField=longitude&yField=latitude&crs=EPSG:4326&spatialIndex=no&subsetIndex=no&watchFile=no
"962",Anisocarpus madioides,Anisocarpus,madioides,,,,native,S5,,48.985763329999997,-123.545355000000001,,NA,NA,"90750854",obs_native,file:///D:/Simon/Sync/Root/GIS/Biodiversity%20Data/obs_native.csv?type=csv&maxFields=10000&detectTypes=yes&xField=longitude&yField=latitude&crs=EPSG:4326&spatialIndex=no&subsetIndex=no&watchFile=no
"963",Anisocarpus madioides,Anisocarpus,madioides,,,,native,S5,,48.956587849999998,-123.515312100000003,,NA,NA,"102799754",obs_native,file:///D:/Simon/Sync/Root/GIS/Biodiversity%20Data/obs_native.csv?type=csv&maxFields=10000&detectTypes=yes&xField=longitude&yField=latitude&crs=EPSG:4326&spatialIndex=no&subsetIndex=no&watchFile=no
"964",Anisocarpus madioides,Anisocarpus,madioides,,,,native,S5,,48.987807900000000,-123.573287899999997,,NA,NA,"106646966",obs_native,file:///D:/Simon/Sync/Root/GIS/Biodiversity%20Data/obs_native.csv?type=csv&maxFields=10000&detectTypes=yes&xField=longitude&yField=latitude&crs=EPSG:4326&spatialIndex=no&subsetIndex=no&watchFile=no
"965",Anisocarpus madioides,Anisocarpus,madioides,,,,native,S5,,48.894244999999998,-123.404304999999994,,NA,NA,"121924137",obs_native,file:///D:/Simon/Sync/Root/GIS/Biodiversity%20Data/obs_native.csv?type=csv&maxFields=10000&detectTypes=yes&xField=longitude&yField=latitude&crs=EPSG:4326&spatialIndex=no&subsetIndex=no&watchFile=no
"966",Anisocarpus madioides,Anisocarpus,madioides,,,,native,S5,,48.927680000000002,-123.468483300000003,,NA,NA,"122094431",obs_native,file:///D:/Simon/Sync/Root/GIS/Biodiversity%20Data/obs_native.csv?type=csv&maxFields=10000&detectTypes=yes&xField=longitude&yField=latitude&crs=EPSG:4326&spatialIndex=no&subsetIndex=no&watchFile=no
"967",Anisocarpus madioides,Anisocarpus,madioides,,,,native,S5,,48.927116669999997,-123.468358300000006,,NA,NA,"122226332",obs_native,file:///D:/Simon/Sync/Root/GIS/Biodiversity%20Data/obs_native.csv?type=csv&maxFields=10000&detectTypes=yes&xField=longitude&yField=latitude&crs=EPSG:4326&spatialIndex=no&subsetIndex=no&watchFile=no
"968",Anisocarpus madioides,Anisocarpus,madioides,,,,native,S5,,48.872082169999999,-123.312289300000003,,NA,NA,"123893337",obs_native,file:///D:/Simon/Sync/Root/GIS/Biodiversity%20Data/obs_native.csv?type=csv&maxFields=10000&detectTypes=yes&xField=longitude&yField=latitude&crs=EPSG:4326&spatialIndex=no&subsetIndex=no&watchFile=no
"969",Anisocarpus madioides,Anisocarpus,madioides,,,,native,S5,,49.012120000000003,-123.575623300000004,,NA,NA,"123934531",obs_native,file:///D:/Simon/Sync/Root/GIS/Biodiversity%20Data/obs_native.csv?type=csv&maxFields=10000&detectTypes=yes&xField=longitude&yField=latitude&crs=EPSG:4326&spatialIndex=no&subsetIndex=no&watchFile=no
"970",Anisocarpus madioides,Anisocarpus,madioides,,,,native,S5,,48.970478329999999,-123.548530000000000,,NA,NA,"124667760",obs_native,file:///D:/Simon/Sync/Root/GIS/Biodiversity%20Data/obs_native.csv?type=csv&maxFields=10000&detectTypes=yes&xField=longitude&yField=latitude&crs=EPSG:4326&spatialIndex=no&subsetIndex=no&watchFile=no
"971",Anisocarpus madioides,Anisocarpus,madioides,,,,native,S5,,48.862530000000000,-123.367180000000005,,NA,NA,"125993777",obs_native,file:///D:/Simon/Sync/Root/GIS/Biodiversity%20Data/obs_native.csv?type=csv&maxFields=10000&detectTypes=yes&xField=longitude&yField=latitude&crs=EPSG:4326&spatialIndex=no&subsetIndex=no&watchFile=no
"972",Anisocarpus madioides,Anisocarpus,madioides,,,,native,S5,,48.898853330000001,-123.407105000000001,,NA,NA,"129506113",obs_native,file:///D:/Simon/Sync/Root/GIS/Biodiversity%20Data/obs_native.csv?type=csv&maxFields=10000&detectTypes=yes&xField=longitude&yField=latitude&crs=EPSG:4326&spatialIndex=no&subsetIndex=no&watchFile=no
"973",Anisocarpus madioides,Anisocarpus,madioides,,,,native,S5,,48.899708330000003,-123.407349999999994,,NA,NA,"131337832",obs_native,file:///D:/Simon/Sync/Root/GIS/Biodiversity%20Data/obs_native.csv?type=csv&maxFields=10000&detectTypes=yes&xField=longitude&yField=latitude&crs=EPSG:4326&spatialIndex=no&subsetIndex=no&watchFile=no
"974",Anisocarpus madioides,Anisocarpus,madioides,,,,native,S5,,48.871946670000000,-123.312880000000007,,NA,NA,"135833324",obs_native,file:///D:/Simon/Sync/Root/GIS/Biodiversity%20Data/obs_native.csv?type=csv&maxFields=10000&detectTypes=yes&xField=longitude&yField=latitude&crs=EPSG:4326&spatialIndex=no&subsetIndex=no&watchFile=no
"1065",Aphyllon purpureum,Aphyllon,purpureum,,,,native,S5,,48.916249999999998,-123.424959000000001,,NA,NA,"3094687",obs_native,file:///D:/Simon/Sync/Root/GIS/Biodiversity%20Data/obs_native.csv?type=csv&maxFields=10000&detectTypes=yes&xField=longitude&yField=latitude&crs=EPSG:4326&spatialIndex=no&subsetIndex=no&watchFile=no
"1066",Aphyllon purpureum,Aphyllon,purpureum,,,,native,S5,,48.868813000000003,-123.378924999999995,,NA,NA,"5473354",obs_native,file:///D:/Simon/Sync/Root/GIS/Biodiversity%20Data/obs_native.csv?type=csv&maxFields=10000&detectTypes=yes&xField=longitude&yField=latitude&crs=EPSG:4326&spatialIndex=no&subsetIndex=no&watchFile=no
"1067",Aphyllon purpureum,Aphyllon,purpureum,,,,native,S5,,48.940200619999999,-123.500612300000000,,NA,NA,"5672024",obs_native,file:///D:/Simon/Sync/Root/GIS/Biodiversity%20Data/obs_native.csv?type=csv&maxFields=10000&detectTypes=yes&xField=longitude&yField=latitude&crs=EPSG:4326&spatialIndex=no&subsetIndex=no&watchFile=no
"1068",Aphyllon purpureum,Aphyllon,purpureum,,,,native,S5,,48.868751690000003,-123.379125599999995,,NA,NA,"6217939",obs_native,file:///D:/Simon/Sync/Root/GIS/Biodiversity%20Data/obs_native.csv?type=csv&maxFields=10000&detectTypes=yes&xField=longitude&yField=latitude&crs=EPSG:4326&spatialIndex=no&subsetIndex=no&watchFile=no
"1069",Aphyllon purpureum,Aphyllon,purpureum,,,,native,S5,,48.868751690000003,-123.379125599999995,,NA,NA,"6217951",obs_native,file:///D:/Simon/Sync/Root/GIS/Biodiversity%20Data/obs_native.csv?type=csv&maxFields=10000&detectTypes=yes&xField=longitude&yField=latitude&crs=EPSG:4326&spatialIndex=no&subsetIndex=no&watchFile=no
"1070",Aphyllon purpureum,Aphyllon,purpureum,,,,native,S5,,48.939568950000002,-123.501515100000006,,NA,NA,"6493585",obs_native,file:///D:/Simon/Sync/Root/GIS/Biodiversity%20Data/obs_native.csv?type=csv&maxFields=10000&detectTypes=yes&xField=longitude&yField=latitude&crs=EPSG:4326&spatialIndex=no&subsetIndex=no&watchFile=no
"1071",Aphyllon purpureum,Aphyllon,purpureum,,,,native,S5,,48.862412999999997,-123.373258000000007,,NA,NA,"11582534",obs_native,file:///D:/Simon/Sync/Root/GIS/Biodiversity%20Data/obs_native.csv?type=csv&maxFields=10000&detectTypes=yes&xField=longitude&yField=latitude&crs=EPSG:4326&spatialIndex=no&subsetIndex=no&watchFile=no
"1072",Aphyllon purpureum,Aphyllon,purpureum,,,,native,S5,,48.869269000000003,-123.378422999999998,,NA,NA,"12287439",obs_native,file:///D:/Simon/Sync/Root/GIS/Biodiversity%20Data/obs_native.csv?type=csv&maxFields=10000&detectTypes=yes&xField=longitude&yField=latitude&crs=EPSG:4326&spatialIndex=no&subsetIndex=no&watchFile=no
"1073",Aphyllon purpureum,Aphyllon,purpureum,,,,native,S5,,48.915641000000001,-123.425758999999999,,NA,NA,"12344858",obs_native,file:///D:/Simon/Sync/Root/GIS/Biodiversity%20Data/obs_native.csv?type=csv&maxFields=10000&detectTypes=yes&xField=longitude&yField=latitude&crs=EPSG:4326&spatialIndex=no&subsetIndex=no&watchFile=no
"1074",Aphyllon purpureum,Aphyllon,purpureum,,,,native,S5,,48.878028280000002,-123.387011799999996,,NA,NA,"24653171",obs_native,file:///D:/Simon/Sync/Root/GIS/Biodiversity%20Data/obs_native.csv?type=csv&maxFields=10000&detectTypes=yes&xField=longitude&yField=latitude&crs=EPSG:4326&spatialIndex=no&subsetIndex=no&watchFile=no
"1075",Aphyllon purpureum,Aphyllon,purpureum,,,,native,S5,,48.886901199999997,-123.387358100000000,,NA,NA,"24789811",obs_native,file:///D:/Simon/Sync/Root/GIS/Biodiversity%20Data/obs_native.csv?type=csv&maxFields=10000&detectTypes=yes&xField=longitude&yField=latitude&crs=EPSG:4326&spatialIndex=no&subsetIndex=no&watchFile=no
"1076",Aphyllon purpureum,Aphyllon,purpureum,,,,native,S5,,48.867304550000000,-123.376047999999997,,NA,NA,"25148242",obs_native,file:///D:/Simon/Sync/Root/GIS/Biodiversity%20Data/obs_native.csv?type=csv&maxFields=10000&detectTypes=yes&xField=longitude&yField=latitude&crs=EPSG:4326&spatialIndex=no&subsetIndex=no&watchFile=no
"1077",Aphyllon purpureum,Aphyllon,purpureum,,,,native,S5,,48.866012019999999,-123.349576600000006,,NA,NA,"28315874",obs_native,file:///D:/Simon/Sync/Root/GIS/Biodiversity%20Data/obs_native.csv?type=csv&maxFields=10000&detectTypes=yes&xField=longitude&yField=latitude&crs=EPSG:4326&spatialIndex=no&subsetIndex=no&watchFile=no
"1078",Aphyllon purpureum,Aphyllon,purpureum,,,,native,S5,,48.867619439999999,-123.376286100000002,,NA,NA,"42365236",obs_native,file:///D:/Simon/Sync/Root/GIS/Biodiversity%20Data/obs_native.csv?type=csv&maxFields=10000&detectTypes=yes&xField=longitude&yField=latitude&crs=EPSG:4326&spatialIndex=no&subsetIndex=no&watchFile=no
"1079",Aphyllon purpureum,Aphyllon,purpureum,,,,native,S5,,48.866311670000002,-123.369238300000006,,NA,NA,"42637676",obs_native,file:///D:/Simon/Sync/Root/GIS/Biodiversity%20Data/obs_native.csv?type=csv&maxFields=10000&detectTypes=yes&xField=longitude&yField=latitude&crs=EPSG:4326&spatialIndex=no&subsetIndex=no&watchFile=no
"1080",Aphyllon purpureum,Aphyllon,purpureum,,,,native,S5,,48.865793810000000,-123.349925200000001,,NA,NA,"43555537",obs_native,file:///D:/Simon/Sync/Root/GIS/Biodiversity%20Data/obs_native.csv?type=csv&maxFields=10000&detectTypes=yes&xField=longitude&yField=latitude&crs=EPSG:4326&spatialIndex=no&subsetIndex=no&watchFile=no
"1081",Aphyllon purpureum,Aphyllon,purpureum,,,,native,S5,,48.867469999999997,-123.376463299999998,,NA,NA,"114122157",obs_native,file:///D:/Simon/Sync/Root/GIS/Biodiversity%20Data/obs_native.csv?type=csv&maxFields=10000&detectTypes=yes&xField=longitude&yField=latitude&crs=EPSG:4326&spatialIndex=no&subsetIndex=no&watchFile=no
"1082",Aphyllon purpureum,Aphyllon,purpureum,,,,native,S5,,48.867543009999999,-123.376820899999998,,NA,NA,"114745446",obs_native,file:///D:/Simon/Sync/Root/GIS/Biodiversity%20Data/obs_native.csv?type=csv&maxFields=10000&detectTypes=yes&xField=longitude&yField=latitude&crs=EPSG:4326&spatialIndex=no&subsetIndex=no&watchFile=no
"1083",Aphyllon purpureum,Aphyllon,purpureum,,,,native,S5,,48.862176079999998,-123.329735700000001,,NA,NA,"114745553",obs_native,file:///D:/Simon/Sync/Root/GIS/Biodiversity%20Data/obs_native.csv?type=csv&maxFields=10000&detectTypes=yes&xField=longitude&yField=latitude&crs=EPSG:4326&spatialIndex=no&subsetIndex=no&watchFile=no
"1084",Aphyllon purpureum,Aphyllon,purpureum,,,,native,S5,,48.873541670000002,-123.383928299999994,,NA,NA,"120922397",obs_native,file:///D:/Simon/Sync/Root/GIS/Biodiversity%20Data/obs_native.csv?type=csv&maxFields=10000&detectTypes=yes&xField=longitude&yField=latitude&crs=EPSG:4326&spatialIndex=no&subsetIndex=no&watchFile=no
"1085",Arabis eschscholtziana,Arabis,eschscholtziana,,,,native,S5,,48.866764000000003,-123.336060000000003,,NA,NA,"3028222",obs_native,file:///D:/Simon/Sync/Root/GIS/Biodiversity%20Data/obs_native.csv?type=csv&maxFields=10000&detectTypes=yes&xField=longitude&yField=latitude&crs=EPSG:4326&spatialIndex=no&subsetIndex=no&watchFile=no
"1086",Arbutus menziesii,Arbutus,menziesii,,,,native,S5,,48.930464999999998,-123.475668999999996,,NA,NA,"2563522",obs_native,file:///D:/Simon/Sync/Root/GIS/Biodiversity%20Data/obs_native.csv?type=csv&maxFields=10000&detectTypes=yes&xField=longitude&yField=latitude&crs=EPSG:4326&spatialIndex=no&subsetIndex=no&watchFile=no
"1087",Arbutus menziesii,Arbutus,menziesii,,,,native,S5,,48.930351999999999,-123.476157000000001,,NA,NA,"2563980",obs_native,file:///D:/Simon/Sync/Root/GIS/Biodiversity%20Data/obs_native.csv?type=csv&maxFields=10000&detectTypes=yes&xField=longitude&yField=latitude&crs=EPSG:4326&spatialIndex=no&subsetIndex=no&watchFile=no
"1088",Arbutus menziesii,Arbutus,menziesii,,,,native,S5,,48.930506999999999,-123.475899999999996,,NA,NA,"2565038",obs_native,file:///D:/Simon/Sync/Root/GIS/Biodiversity%20Data/obs_native.csv?type=csv&maxFields=10000&detectTypes=yes&xField=longitude&yField=latitude&crs=EPSG:4326&spatialIndex=no&subsetIndex=no&watchFile=no
"1089",Arbutus menziesii,Arbutus,menziesii,,,,native,S5,,48.933439000000000,-123.480491999999998,,NA,NA,"2565192",obs_native,file:///D:/Simon/Sync/Root/GIS/Biodiversity%20Data/obs_native.csv?type=csv&maxFields=10000&detectTypes=yes&xField=longitude&yField=latitude&crs=EPSG:4326&spatialIndex=no&subsetIndex=no&watchFile=no
"1090",Arbutus menziesii,Arbutus,menziesii,,,,native,S5,,48.928201000000001,-123.471823000000001,,NA,NA,"2565193",obs_native,file:///D:/Simon/Sync/Root/GIS/Biodiversity%20Data/obs_native.csv?type=csv&maxFields=10000&detectTypes=yes&xField=longitude&yField=latitude&crs=EPSG:4326&spatialIndex=no&subsetIndex=no&watchFile=no
"1091",Arbutus menziesii,Arbutus,menziesii,,,,native,S5,,48.929830000000003,-123.474140000000006,,NA,NA,"2565240",obs_native,file:///D:/Simon/Sync/Root/GIS/Biodiversity%20Data/obs_native.csv?type=csv&maxFields=10000&detectTypes=yes&xField=longitude&yField=latitude&crs=EPSG:4326&spatialIndex=no&subsetIndex=no&watchFile=no
"1092",Arbutus menziesii,Arbutus,menziesii,,,,native,S5,,48.932209999999998,-123.475170000000006,,NA,NA,"2565525",obs_native,file:///D:/Simon/Sync/Root/GIS/Biodiversity%20Data/obs_native.csv?type=csv&maxFields=10000&detectTypes=yes&xField=longitude&yField=latitude&crs=EPSG:4326&spatialIndex=no&subsetIndex=no&watchFile=no
"1093",Arbutus menziesii,Arbutus,menziesii,,,,native,S5,,48.931325000000001,-123.481156999999996,,NA,NA,"2566201",obs_native,file:///D:/Simon/Sync/Root/GIS/Biodiversity%20Data/obs_native.csv?type=csv&maxFields=10000&detectTypes=yes&xField=longitude&yField=latitude&crs=EPSG:4326&spatialIndex=no&subsetIndex=no&watchFile=no
"1094",Arbutus menziesii,Arbutus,menziesii,,,,native,S5,,48.931325000000001,-123.481156999999996,,NA,NA,"2566204",obs_native,file:///D:/Simon/Sync/Root/GIS/Biodiversity%20Data/obs_native.csv?type=csv&maxFields=10000&detectTypes=yes&xField=longitude&yField=latitude&crs=EPSG:4326&spatialIndex=no&subsetIndex=no&watchFile=no
"1095",Arbutus menziesii,Arbutus,menziesii,,,,native,S5,,48.932988000000002,-123.480277000000001,,NA,NA,"2566583",obs_native,file:///D:/Simon/Sync/Root/GIS/Biodiversity%20Data/obs_native.csv?type=csv&maxFields=10000&detectTypes=yes&xField=longitude&yField=latitude&crs=EPSG:4326&spatialIndex=no&subsetIndex=no&watchFile=no
"1096",Arbutus menziesii,Arbutus,menziesii,,,,native,S5,,48.928930999999999,-123.469334000000003,,NA,NA,"2567320",obs_native,file:///D:/Simon/Sync/Root/GIS/Biodiversity%20Data/obs_native.csv?type=csv&maxFields=10000&detectTypes=yes&xField=longitude&yField=latitude&crs=EPSG:4326&spatialIndex=no&subsetIndex=no&watchFile=no
"1097",Arbutus menziesii,Arbutus,menziesii,,,,native,S5,,48.931071000000003,-123.473968999999997,,NA,NA,"2580252",obs_native,file:///D:/Simon/Sync/Root/GIS/Biodiversity%20Data/obs_native.csv?type=csv&maxFields=10000&detectTypes=yes&xField=longitude&yField=latitude&crs=EPSG:4326&spatialIndex=no&subsetIndex=no&watchFile=no
"1098",Arbutus menziesii,Arbutus,menziesii,,,,native,S5,,48.940441999999997,-123.473367999999994,,NA,NA,"2584085",obs_native,file:///D:/Simon/Sync/Root/GIS/Biodiversity%20Data/obs_native.csv?type=csv&maxFields=10000&detectTypes=yes&xField=longitude&yField=latitude&crs=EPSG:4326&spatialIndex=no&subsetIndex=no&watchFile=no
"1099",Arbutus menziesii,Arbutus,menziesii,,,,native,S5,,48.872348000000002,-123.312092000000007,,NA,NA,"2586461",obs_native,file:///D:/Simon/Sync/Root/GIS/Biodiversity%20Data/obs_native.csv?type=csv&maxFields=10000&detectTypes=yes&xField=longitude&yField=latitude&crs=EPSG:4326&spatialIndex=no&subsetIndex=no&watchFile=no
"1100",Arbutus menziesii,Arbutus,menziesii,,,,native,S5,,48.898079000000003,-123.358954999999995,,NA,NA,"2586476",obs_native,file:///D:/Simon/Sync/Root/GIS/Biodiversity%20Data/obs_native.csv?type=csv&maxFields=10000&detectTypes=yes&xField=longitude&yField=latitude&crs=EPSG:4326&spatialIndex=no&subsetIndex=no&watchFile=no
"1101",Arbutus menziesii,Arbutus,menziesii,,,,native,S5,,48.930343999999998,-123.476157000000001,,NA,NA,"2590578",obs_native,file:///D:/Simon/Sync/Root/GIS/Biodiversity%20Data/obs_native.csv?type=csv&maxFields=10000&detectTypes=yes&xField=longitude&yField=latitude&crs=EPSG:4326&spatialIndex=no&subsetIndex=no&watchFile=no
"1102",Arbutus menziesii,Arbutus,menziesii,,,,native,S5,,48.930383999999997,-123.476022999999998,,NA,NA,"2617621",obs_native,file:///D:/Simon/Sync/Root/GIS/Biodiversity%20Data/obs_native.csv?type=csv&maxFields=10000&detectTypes=yes&xField=longitude&yField=latitude&crs=EPSG:4326&spatialIndex=no&subsetIndex=no&watchFile=no
"1103",Arbutus menziesii,Arbutus,menziesii,,,,native,S5,,48.927688000000003,-123.470793000000000,,NA,NA,"2621475",obs_native,file:///D:/Simon/Sync/Root/GIS/Biodiversity%20Data/obs_native.csv?type=csv&maxFields=10000&detectTypes=yes&xField=longitude&yField=latitude&crs=EPSG:4326&spatialIndex=no&subsetIndex=no&watchFile=no
"1104",Arbutus menziesii,Arbutus,menziesii,,,,native,S5,,48.929378999999997,-123.474913000000001,,NA,NA,"2647984",obs_native,file:///D:/Simon/Sync/Root/GIS/Biodiversity%20Data/obs_native.csv?type=csv&maxFields=10000&detectTypes=yes&xField=longitude&yField=latitude&crs=EPSG:4326&spatialIndex=no&subsetIndex=no&watchFile=no
"1105",Arbutus menziesii,Arbutus,menziesii,,,,native,S5,,48.868286670000003,-123.386008300000000,,NA,NA,"2664611",obs_native,file:///D:/Simon/Sync/Root/GIS/Biodiversity%20Data/obs_native.csv?type=csv&maxFields=10000&detectTypes=yes&xField=longitude&yField=latitude&crs=EPSG:4326&spatialIndex=no&subsetIndex=no&watchFile=no
"1106",Arbutus menziesii,Arbutus,menziesii,,,,native,S5,,48.872731999999999,-123.311942000000002,,NA,NA,"2705739",obs_native,file:///D:/Simon/Sync/Root/GIS/Biodiversity%20Data/obs_native.csv?type=csv&maxFields=10000&detectTypes=yes&xField=longitude&yField=latitude&crs=EPSG:4326&spatialIndex=no&subsetIndex=no&watchFile=no
"1107",Arbutus menziesii,Arbutus,menziesii,,,,native,S5,,48.899123000000003,-123.407471000000001,,NA,NA,"2731790",obs_native,file:///D:/Simon/Sync/Root/GIS/Biodiversity%20Data/obs_native.csv?type=csv&maxFields=10000&detectTypes=yes&xField=longitude&yField=latitude&crs=EPSG:4326&spatialIndex=no&subsetIndex=no&watchFile=no
"1108",Arbutus menziesii,Arbutus,menziesii,,,,native,S5,,48.931189000000003,-123.480427000000006,,NA,NA,"2738367",obs_native,file:///D:/Simon/Sync/Root/GIS/Biodiversity%20Data/obs_native.csv?type=csv&maxFields=10000&detectTypes=yes&xField=longitude&yField=latitude&crs=EPSG:4326&spatialIndex=no&subsetIndex=no&watchFile=no
"1109",Arbutus menziesii,Arbutus,menziesii,,,,native,S5,,48.934178000000003,-123.489096000000004,,NA,NA,"2738382",obs_native,file:///D:/Simon/Sync/Root/GIS/Biodiversity%20Data/obs_native.csv?type=csv&maxFields=10000&detectTypes=yes&xField=longitude&yField=latitude&crs=EPSG:4326&spatialIndex=no&subsetIndex=no&watchFile=no
"1110",Arbutus menziesii,Arbutus,menziesii,,,,native,S5,,48.926797000000001,-123.466500999999994,,NA,NA,"2750166",obs_native,file:///D:/Simon/Sync/Root/GIS/Biodiversity%20Data/obs_native.csv?type=csv&maxFields=10000&detectTypes=yes&xField=longitude&yField=latitude&crs=EPSG:4326&spatialIndex=no&subsetIndex=no&watchFile=no
"1111",Arbutus menziesii,Arbutus,menziesii,,,,native,S5,,48.906683000000001,-123.356509000000003,,NA,NA,"2763251",obs_native,file:///D:/Simon/Sync/Root/GIS/Biodiversity%20Data/obs_native.csv?type=csv&maxFields=10000&detectTypes=yes&xField=longitude&yField=latitude&crs=EPSG:4326&spatialIndex=no&subsetIndex=no&watchFile=no
"1112",Arbutus menziesii,Arbutus,menziesii,,,,native,S5,,48.880279870000003,-123.320100100000005,,NA,NA,"2767538",obs_native,file:///D:/Simon/Sync/Root/GIS/Biodiversity%20Data/obs_native.csv?type=csv&maxFields=10000&detectTypes=yes&xField=longitude&yField=latitude&crs=EPSG:4326&spatialIndex=no&subsetIndex=no&watchFile=no
"1113",Arbutus menziesii,Arbutus,menziesii,,,,native,S5,,48.874316000000000,-123.329003999999998,,NA,NA,"2990184",obs_native,file:///D:/Simon/Sync/Root/GIS/Biodiversity%20Data/obs_native.csv?type=csv&maxFields=10000&detectTypes=yes&xField=longitude&yField=latitude&crs=EPSG:4326&spatialIndex=no&subsetIndex=no&watchFile=no
"1114",Arbutus menziesii,Arbutus,menziesii,,,,native,S5,,48.934009000000003,-123.471886999999995,,NA,NA,"3104527",obs_native,file:///D:/Simon/Sync/Root/GIS/Biodiversity%20Data/obs_native.csv?type=csv&maxFields=10000&detectTypes=yes&xField=longitude&yField=latitude&crs=EPSG:4326&spatialIndex=no&subsetIndex=no&watchFile=no
"1115",Arbutus menziesii,Arbutus,menziesii,,,,native,S5,,48.915973999999999,-123.425473999999994,,NA,NA,"3181013",obs_native,file:///D:/Simon/Sync/Root/GIS/Biodiversity%20Data/obs_native.csv?type=csv&maxFields=10000&detectTypes=yes&xField=longitude&yField=latitude&crs=EPSG:4326&spatialIndex=no&subsetIndex=no&watchFile=no
"1116",Arbutus menziesii,Arbutus,menziesii,,,,native,S5,,48.915793000000001,-123.425002000000006,,NA,NA,"3181369",obs_native,file:///D:/Simon/Sync/Root/GIS/Biodiversity%20Data/obs_native.csv?type=csv&maxFields=10000&detectTypes=yes&xField=longitude&yField=latitude&crs=EPSG:4326&spatialIndex=no&subsetIndex=no&watchFile=no
"1117",Arbutus menziesii,Arbutus,menziesii,,,,native,S5,,48.915973999999999,-123.424808999999996,,NA,NA,"3296774",obs_native,file:///D:/Simon/Sync/Root/GIS/Biodiversity%20Data/obs_native.csv?type=csv&maxFields=10000&detectTypes=yes&xField=longitude&yField=latitude&crs=EPSG:4326&spatialIndex=no&subsetIndex=no&watchFile=no
"1118",Arbutus menziesii,Arbutus,menziesii,,,,native,S5,,48.896949999999997,-123.406677000000002,,NA,NA,"3310734",obs_native,file:///D:/Simon/Sync/Root/GIS/Biodiversity%20Data/obs_native.csv?type=csv&maxFields=10000&detectTypes=yes&xField=longitude&yField=latitude&crs=EPSG:4326&spatialIndex=no&subsetIndex=no&watchFile=no
"1119",Arbutus menziesii,Arbutus,menziesii,,,,native,S5,,48.897576999999998,-123.406419999999997,,NA,NA,"3317150",obs_native,file:///D:/Simon/Sync/Root/GIS/Biodiversity%20Data/obs_native.csv?type=csv&maxFields=10000&detectTypes=yes&xField=longitude&yField=latitude&crs=EPSG:4326&spatialIndex=no&subsetIndex=no&watchFile=no
"1120",Arbutus menziesii,Arbutus,menziesii,,,,native,S5,,48.898304000000003,-123.407278000000005,,NA,NA,"3652801",obs_native,file:///D:/Simon/Sync/Root/GIS/Biodiversity%20Data/obs_native.csv?type=csv&maxFields=10000&detectTypes=yes&xField=longitude&yField=latitude&crs=EPSG:4326&spatialIndex=no&subsetIndex=no&watchFile=no
"1121",Arbutus menziesii,Arbutus,menziesii,,,,native,S5,,48.897226760000002,-123.405400499999999,,NA,NA,"3701048",obs_native,file:///D:/Simon/Sync/Root/GIS/Biodiversity%20Data/obs_native.csv?type=csv&maxFields=10000&detectTypes=yes&xField=longitude&yField=latitude&crs=EPSG:4326&spatialIndex=no&subsetIndex=no&watchFile=no
"1122",Arbutus menziesii,Arbutus,menziesii,,,,native,S5,,48.929859999999998,-123.475052000000005,,NA,NA,"3719885",obs_native,file:///D:/Simon/Sync/Root/GIS/Biodiversity%20Data/obs_native.csv?type=csv&maxFields=10000&detectTypes=yes&xField=longitude&yField=latitude&crs=EPSG:4326&spatialIndex=no&subsetIndex=no&watchFile=no
"1123",Arbutus menziesii,Arbutus,menziesii,,,,native,S5,,48.885466000000001,-123.370155999999994,,NA,NA,"3766878",obs_native,file:///D:/Simon/Sync/Root/GIS/Biodiversity%20Data/obs_native.csv?type=csv&maxFields=10000&detectTypes=yes&xField=longitude&yField=latitude&crs=EPSG:4326&spatialIndex=no&subsetIndex=no&watchFile=no
"1124",Arbutus menziesii,Arbutus,menziesii,,,,native,S5,,48.963765219999999,-123.550915700000004,,NA,NA,"4030114",obs_native,file:///D:/Simon/Sync/Root/GIS/Biodiversity%20Data/obs_native.csv?type=csv&maxFields=10000&detectTypes=yes&xField=longitude&yField=latitude&crs=EPSG:4326&spatialIndex=no&subsetIndex=no&watchFile=no
"1125",Arbutus menziesii,Arbutus,menziesii,,,,native,S5,,48.867609000000002,-123.338736999999995,,NA,NA,"4403293",obs_native,file:///D:/Simon/Sync/Root/GIS/Biodiversity%20Data/obs_native.csv?type=csv&maxFields=10000&detectTypes=yes&xField=longitude&yField=latitude&crs=EPSG:4326&spatialIndex=no&subsetIndex=no&watchFile=no
"1126",Arbutus menziesii,Arbutus,menziesii,,,,native,S5,,48.883868999999997,-123.325497999999996,,NA,NA,"4571958",obs_native,file:///D:/Simon/Sync/Root/GIS/Biodiversity%20Data/obs_native.csv?type=csv&maxFields=10000&detectTypes=yes&xField=longitude&yField=latitude&crs=EPSG:4326&spatialIndex=no&subsetIndex=no&watchFile=no
"1127",Arbutus menziesii,Arbutus,menziesii,,,,native,S5,,48.868599000000003,-123.345720000000000,,NA,NA,"4766223",obs_native,file:///D:/Simon/Sync/Root/GIS/Biodiversity%20Data/obs_native.csv?type=csv&maxFields=10000&detectTypes=yes&xField=longitude&yField=latitude&crs=EPSG:4326&spatialIndex=no&subsetIndex=no&watchFile=no
"1128",Arbutus menziesii,Arbutus,menziesii,,,,native,S5,,48.898580969999998,-123.409423799999999,,NA,NA,"5108068",obs_native,file:///D:/Simon/Sync/Root/GIS/Biodiversity%20Data/obs_native.csv?type=csv&maxFields=10000&detectTypes=yes&xField=longitude&yField=latitude&crs=EPSG:4326&spatialIndex=no&subsetIndex=no&watchFile=no
"1129",Arbutus menziesii,Arbutus,menziesii,,,,native,S5,,48.868150000000000,-123.385711700000002,,NA,NA,"5121227",obs_native,file:///D:/Simon/Sync/Root/GIS/Biodiversity%20Data/obs_native.csv?type=csv&maxFields=10000&detectTypes=yes&xField=longitude&yField=latitude&crs=EPSG:4326&spatialIndex=no&subsetIndex=no&watchFile=no
"1130",Arbutus menziesii,Arbutus,menziesii,,,,native,S5,,48.906620830000001,-123.356552100000002,,NA,NA,"5646976",obs_native,file:///D:/Simon/Sync/Root/GIS/Biodiversity%20Data/obs_native.csv?type=csv&maxFields=10000&detectTypes=yes&xField=longitude&yField=latitude&crs=EPSG:4326&spatialIndex=no&subsetIndex=no&watchFile=no
"1131",Arbutus menziesii,Arbutus,menziesii,,,,native,S5,,48.906225919999997,-123.360671999999994,,NA,NA,"5885593",obs_native,file:///D:/Simon/Sync/Root/GIS/Biodiversity%20Data/obs_native.csv?type=csv&maxFields=10000&detectTypes=yes&xField=longitude&yField=latitude&crs=EPSG:4326&spatialIndex=no&subsetIndex=no&watchFile=no
"1132",Arbutus menziesii,Arbutus,menziesii,,,,native,S5,,48.896253399999999,-123.359395300000003,,NA,NA,"5993209",obs_native,file:///D:/Simon/Sync/Root/GIS/Biodiversity%20Data/obs_native.csv?type=csv&maxFields=10000&detectTypes=yes&xField=longitude&yField=latitude&crs=EPSG:4326&spatialIndex=no&subsetIndex=no&watchFile=no
"1133",Arbutus menziesii,Arbutus,menziesii,,,,native,S5,,48.904561620000003,-123.413457899999997,,NA,NA,"6047531",obs_native,file:///D:/Simon/Sync/Root/GIS/Biodiversity%20Data/obs_native.csv?type=csv&maxFields=10000&detectTypes=yes&xField=longitude&yField=latitude&crs=EPSG:4326&spatialIndex=no&subsetIndex=no&watchFile=no
"1134",Arbutus menziesii,Arbutus,menziesii,,,,native,S5,,48.892148159999998,-123.391399399999997,,NA,NA,"6047556",obs_native,file:///D:/Simon/Sync/Root/GIS/Biodiversity%20Data/obs_native.csv?type=csv&maxFields=10000&detectTypes=yes&xField=longitude&yField=latitude&crs=EPSG:4326&spatialIndex=no&subsetIndex=no&watchFile=no
"1135",Arbutus menziesii,Arbutus,menziesii,,,,native,S5,,48.899737660000000,-123.407535600000003,,NA,NA,"6217235",obs_native,file:///D:/Simon/Sync/Root/GIS/Biodiversity%20Data/obs_native.csv?type=csv&maxFields=10000&detectTypes=yes&xField=longitude&yField=latitude&crs=EPSG:4326&spatialIndex=no&subsetIndex=no&watchFile=no
"1136",Arbutus menziesii,Arbutus,menziesii,,,,native,S5,,48.899737660000000,-123.407535600000003,,NA,NA,"6217238",obs_native,file:///D:/Simon/Sync/Root/GIS/Biodiversity%20Data/obs_native.csv?type=csv&maxFields=10000&detectTypes=yes&xField=longitude&yField=latitude&crs=EPSG:4326&spatialIndex=no&subsetIndex=no&watchFile=no
"1137",Arbutus menziesii,Arbutus,menziesii,,,,native,S5,,48.896042000000001,-123.395176000000006,,NA,NA,"6297798",obs_native,file:///D:/Simon/Sync/Root/GIS/Biodiversity%20Data/obs_native.csv?type=csv&maxFields=10000&detectTypes=yes&xField=longitude&yField=latitude&crs=EPSG:4326&spatialIndex=no&subsetIndex=no&watchFile=no
"1138",Arbutus menziesii,Arbutus,menziesii,,,,native,S5,,48.940345899999997,-123.504352600000004,,NA,NA,"6306975",obs_native,file:///D:/Simon/Sync/Root/GIS/Biodiversity%20Data/obs_native.csv?type=csv&maxFields=10000&detectTypes=yes&xField=longitude&yField=latitude&crs=EPSG:4326&spatialIndex=no&subsetIndex=no&watchFile=no
"1139",Arbutus menziesii,Arbutus,menziesii,,,,native,S5,,48.900421999999999,-123.441059999999993,,NA,NA,"6330063",obs_native,file:///D:/Simon/Sync/Root/GIS/Biodiversity%20Data/obs_native.csv?type=csv&maxFields=10000&detectTypes=yes&xField=longitude&yField=latitude&crs=EPSG:4326&spatialIndex=no&subsetIndex=no&watchFile=no
"1140",Arbutus menziesii,Arbutus,menziesii,,,,native,S5,,48.902087000000002,-123.445995999999994,,NA,NA,"6505020",obs_native,file:///D:/Simon/Sync/Root/GIS/Biodiversity%20Data/obs_native.csv?type=csv&maxFields=10000&detectTypes=yes&xField=longitude&yField=latitude&crs=EPSG:4326&spatialIndex=no&subsetIndex=no&watchFile=no
"1141",Arbutus menziesii,Arbutus,menziesii,,,,native,S5,,48.939458389999999,-123.500983399999996,,NA,NA,"6571174",obs_native,file:///D:/Simon/Sync/Root/GIS/Biodiversity%20Data/obs_native.csv?type=csv&maxFields=10000&detectTypes=yes&xField=longitude&yField=latitude&crs=EPSG:4326&spatialIndex=no&subsetIndex=no&watchFile=no
"1142",Arbutus menziesii,Arbutus,menziesii,,,,native,S5,,48.999064040000000,-123.582288800000001,,NA,NA,"8880187",obs_native,file:///D:/Simon/Sync/Root/GIS/Biodiversity%20Data/obs_native.csv?type=csv&maxFields=10000&detectTypes=yes&xField=longitude&yField=latitude&crs=EPSG:4326&spatialIndex=no&subsetIndex=no&watchFile=no
"1143",Arbutus menziesii,Arbutus,menziesii,,,,native,S5,,48.871574000000003,-123.310907000000000,,NA,NA,"9329250",obs_native,file:///D:/Simon/Sync/Root/GIS/Biodiversity%20Data/obs_native.csv?type=csv&maxFields=10000&detectTypes=yes&xField=longitude&yField=latitude&crs=EPSG:4326&spatialIndex=no&subsetIndex=no&watchFile=no
"1144",Arbutus menziesii,Arbutus,menziesii,,,,native,S5,,48.902538890000002,-123.447113900000005,,NA,NA,"10665774",obs_native,file:///D:/Simon/Sync/Root/GIS/Biodiversity%20Data/obs_native.csv?type=csv&maxFields=10000&detectTypes=yes&xField=longitude&yField=latitude&crs=EPSG:4326&spatialIndex=no&subsetIndex=no&watchFile=no
"1145",Arbutus menziesii,Arbutus,menziesii,,,,native,S5,,48.862703330000002,-123.372658299999998,,NA,NA,"11578699",obs_native,file:///D:/Simon/Sync/Root/GIS/Biodiversity%20Data/obs_native.csv?type=csv&maxFields=10000&detectTypes=yes&xField=longitude&yField=latitude&crs=EPSG:4326&spatialIndex=no&subsetIndex=no&watchFile=no
"1146",Arbutus menziesii,Arbutus,menziesii,,,,native,S5,,48.899563000000001,-123.407735000000002,,NA,NA,"12345363",obs_native,file:///D:/Simon/Sync/Root/GIS/Biodiversity%20Data/obs_native.csv?type=csv&maxFields=10000&detectTypes=yes&xField=longitude&yField=latitude&crs=EPSG:4326&spatialIndex=no&subsetIndex=no&watchFile=no
"1147",Arbutus menziesii,Arbutus,menziesii,,,,native,S5,,48.880172999999999,-123.338239000000002,,NA,NA,"12789865",obs_native,file:///D:/Simon/Sync/Root/GIS/Biodiversity%20Data/obs_native.csv?type=csv&maxFields=10000&detectTypes=yes&xField=longitude&yField=latitude&crs=EPSG:4326&spatialIndex=no&subsetIndex=no&watchFile=no
"1148",Arbutus menziesii,Arbutus,menziesii,,,,native,S5,,48.880817999999998,-123.341763999999998,,NA,NA,"12790205",obs_native,file:///D:/Simon/Sync/Root/GIS/Biodiversity%20Data/obs_native.csv?type=csv&maxFields=10000&detectTypes=yes&xField=longitude&yField=latitude&crs=EPSG:4326&spatialIndex=no&subsetIndex=no&watchFile=no
"1149",Arbutus menziesii,Arbutus,menziesii,,,,native,S5,,48.867058000000000,-123.334428000000003,,NA,NA,"12817040",obs_native,file:///D:/Simon/Sync/Root/GIS/Biodiversity%20Data/obs_native.csv?type=csv&maxFields=10000&detectTypes=yes&xField=longitude&yField=latitude&crs=EPSG:4326&spatialIndex=no&subsetIndex=no&watchFile=no
"1150",Arbutus menziesii,Arbutus,menziesii,,,,native,S5,,48.904053330000004,-123.344345000000004,,NA,NA,"13971914",obs_native,file:///D:/Simon/Sync/Root/GIS/Biodiversity%20Data/obs_native.csv?type=csv&maxFields=10000&detectTypes=yes&xField=longitude&yField=latitude&crs=EPSG:4326&spatialIndex=no&subsetIndex=no&watchFile=no
"1151",Arbutus menziesii,Arbutus,menziesii,,,,native,S5,,48.867705999999998,-123.339991999999995,,NA,NA,"13980241",obs_native,file:///D:/Simon/Sync/Root/GIS/Biodiversity%20Data/obs_native.csv?type=csv&maxFields=10000&detectTypes=yes&xField=longitude&yField=latitude&crs=EPSG:4326&spatialIndex=no&subsetIndex=no&watchFile=no
"1152",Arbutus menziesii,Arbutus,menziesii,,,,native,S5,,48.964287319999997,-123.551176900000002,,NA,NA,"14596791",obs_native,file:///D:/Simon/Sync/Root/GIS/Biodiversity%20Data/obs_native.csv?type=csv&maxFields=10000&detectTypes=yes&xField=longitude&yField=latitude&crs=EPSG:4326&spatialIndex=no&subsetIndex=no&watchFile=no
"1153",Arbutus menziesii,Arbutus,menziesii,,,,native,S5,,48.978765220000000,-123.565764700000003,,NA,NA,"14646887",obs_native,file:///D:/Simon/Sync/Root/GIS/Biodiversity%20Data/obs_native.csv?type=csv&maxFields=10000&detectTypes=yes&xField=longitude&yField=latitude&crs=EPSG:4326&spatialIndex=no&subsetIndex=no&watchFile=no
"1154",Arbutus menziesii,Arbutus,menziesii,,,,native,S5,,48.897718730000001,-123.408724800000002,,NA,NA,"19202214",obs_native,file:///D:/Simon/Sync/Root/GIS/Biodiversity%20Data/obs_native.csv?type=csv&maxFields=10000&detectTypes=yes&xField=longitude&yField=latitude&crs=EPSG:4326&spatialIndex=no&subsetIndex=no&watchFile=no
"1155",Arbutus menziesii,Arbutus,menziesii,,,,native,S5,,48.986665739999999,-123.574558400000001,,NA,NA,"19615093",obs_native,file:///D:/Simon/Sync/Root/GIS/Biodiversity%20Data/obs_native.csv?type=csv&maxFields=10000&detectTypes=yes&xField=longitude&yField=latitude&crs=EPSG:4326&spatialIndex=no&subsetIndex=no&watchFile=no
"1156",Arbutus menziesii,Arbutus,menziesii,,,,native,S5,,48.867603400000000,-123.339363399999996,,NA,NA,"20378032",obs_native,file:///D:/Simon/Sync/Root/GIS/Biodiversity%20Data/obs_native.csv?type=csv&maxFields=10000&detectTypes=yes&xField=longitude&yField=latitude&crs=EPSG:4326&spatialIndex=no&subsetIndex=no&watchFile=no
"1157",Arbutus menziesii,Arbutus,menziesii,,,,native,S5,,48.868632099999999,-123.346319399999999,,NA,NA,"20707110",obs_native,file:///D:/Simon/Sync/Root/GIS/Biodiversity%20Data/obs_native.csv?type=csv&maxFields=10000&detectTypes=yes&xField=longitude&yField=latitude&crs=EPSG:4326&spatialIndex=no&subsetIndex=no&watchFile=no
"1158",Arbutus menziesii,Arbutus,menziesii,,,,native,S5,,48.889186209999998,-123.375234000000006,,NA,NA,"20738984",obs_native,file:///D:/Simon/Sync/Root/GIS/Biodiversity%20Data/obs_native.csv?type=csv&maxFields=10000&detectTypes=yes&xField=longitude&yField=latitude&crs=EPSG:4326&spatialIndex=no&subsetIndex=no&watchFile=no
"1159",Arbutus menziesii,Arbutus,menziesii,,,,native,S5,,48.899875000000002,-123.407486700000007,,NA,NA,"20741392",obs_native,file:///D:/Simon/Sync/Root/GIS/Biodiversity%20Data/obs_native.csv?type=csv&maxFields=10000&detectTypes=yes&xField=longitude&yField=latitude&crs=EPSG:4326&spatialIndex=no&subsetIndex=no&watchFile=no
"1160",Arbutus menziesii,Arbutus,menziesii,,,,native,S5,,48.895737220000001,-123.410535300000006,,NA,NA,"21275376",obs_native,file:///D:/Simon/Sync/Root/GIS/Biodiversity%20Data/obs_native.csv?type=csv&maxFields=10000&detectTypes=yes&xField=longitude&yField=latitude&crs=EPSG:4326&spatialIndex=no&subsetIndex=no&watchFile=no
"1161",Arbutus menziesii,Arbutus,menziesii,,,,native,S5,,48.996903330000002,-123.567428300000003,,NA,NA,"21351311",obs_native,file:///D:/Simon/Sync/Root/GIS/Biodiversity%20Data/obs_native.csv?type=csv&maxFields=10000&detectTypes=yes&xField=longitude&yField=latitude&crs=EPSG:4326&spatialIndex=no&subsetIndex=no&watchFile=no
"1162",Arbutus menziesii,Arbutus,menziesii,,,,native,S5,,48.874164999999998,-123.326425000000000,,NA,NA,"23820795",obs_native,file:///D:/Simon/Sync/Root/GIS/Biodiversity%20Data/obs_native.csv?type=csv&maxFields=10000&detectTypes=yes&xField=longitude&yField=latitude&crs=EPSG:4326&spatialIndex=no&subsetIndex=no&watchFile=no
"1163",Arbutus menziesii,Arbutus,menziesii,,,,native,S5,,48.872353429999997,-123.310670299999998,,NA,NA,"24518768",obs_native,file:///D:/Simon/Sync/Root/GIS/Biodiversity%20Data/obs_native.csv?type=csv&maxFields=10000&detectTypes=yes&xField=longitude&yField=latitude&crs=EPSG:4326&spatialIndex=no&subsetIndex=no&watchFile=no
"1164",Arbutus menziesii,Arbutus,menziesii,,,,native,S5,,48.881767940000003,-123.389552499999994,,NA,NA,"24653150",obs_native,file:///D:/Simon/Sync/Root/GIS/Biodiversity%20Data/obs_native.csv?type=csv&maxFields=10000&detectTypes=yes&xField=longitude&yField=latitude&crs=EPSG:4326&spatialIndex=no&subsetIndex=no&watchFile=no
"1165",Arbutus menziesii,Arbutus,menziesii,,,,native,S5,,48.962111110000002,-123.518288900000002,,NA,NA,"24663884",obs_native,file:///D:/Simon/Sync/Root/GIS/Biodiversity%20Data/obs_native.csv?type=csv&maxFields=10000&detectTypes=yes&xField=longitude&yField=latitude&crs=EPSG:4326&spatialIndex=no&subsetIndex=no&watchFile=no
"1166",Arbutus menziesii,Arbutus,menziesii,,,,native,S5,,48.899811110000002,-123.407561099999995,,NA,NA,"24672713",obs_native,file:///D:/Simon/Sync/Root/GIS/Biodiversity%20Data/obs_native.csv?type=csv&maxFields=10000&detectTypes=yes&xField=longitude&yField=latitude&crs=EPSG:4326&spatialIndex=no&subsetIndex=no&watchFile=no
"1167",Arbutus menziesii,Arbutus,menziesii,,,,native,S5,,48.894961109999997,-123.406547200000006,,NA,NA,"24677407",obs_native,file:///D:/Simon/Sync/Root/GIS/Biodiversity%20Data/obs_native.csv?type=csv&maxFields=10000&detectTypes=yes&xField=longitude&yField=latitude&crs=EPSG:4326&spatialIndex=no&subsetIndex=no&watchFile=no
"1168",Arbutus menziesii,Arbutus,menziesii,,,,native,S5,,48.897072219999998,-123.406616700000001,,NA,NA,"24677468",obs_native,file:///D:/Simon/Sync/Root/GIS/Biodiversity%20Data/obs_native.csv?type=csv&maxFields=10000&detectTypes=yes&xField=longitude&yField=latitude&crs=EPSG:4326&spatialIndex=no&subsetIndex=no&watchFile=no
"1169",Arbutus menziesii,Arbutus,menziesii,,,,native,S5,,48.899369440000001,-123.407622200000006,,NA,NA,"24677485",obs_native,file:///D:/Simon/Sync/Root/GIS/Biodiversity%20Data/obs_native.csv?type=csv&maxFields=10000&detectTypes=yes&xField=longitude&yField=latitude&crs=EPSG:4326&spatialIndex=no&subsetIndex=no&watchFile=no
"1170",Arbutus menziesii,Arbutus,menziesii,,,,native,S5,,48.899730560000002,-123.407455600000006,,NA,NA,"24677496",obs_native,file:///D:/Simon/Sync/Root/GIS/Biodiversity%20Data/obs_native.csv?type=csv&maxFields=10000&detectTypes=yes&xField=longitude&yField=latitude&crs=EPSG:4326&spatialIndex=no&subsetIndex=no&watchFile=no
"1171",Arbutus menziesii,Arbutus,menziesii,,,,native,S5,,48.900499199999999,-123.407075899999995,,NA,NA,"24689561",obs_native,file:///D:/Simon/Sync/Root/GIS/Biodiversity%20Data/obs_native.csv?type=csv&maxFields=10000&detectTypes=yes&xField=longitude&yField=latitude&crs=EPSG:4326&spatialIndex=no&subsetIndex=no&watchFile=no
"1172",Arbutus menziesii,Arbutus,menziesii,,,,native,S5,,48.963536110000000,-123.514686100000006,,NA,NA,"24690300",obs_native,file:///D:/Simon/Sync/Root/GIS/Biodiversity%20Data/obs_native.csv?type=csv&maxFields=10000&detectTypes=yes&xField=longitude&yField=latitude&crs=EPSG:4326&spatialIndex=no&subsetIndex=no&watchFile=no
"1173",Arbutus menziesii,Arbutus,menziesii,,,,native,S5,,48.872111109999999,-123.311041700000004,,NA,NA,"24697628",obs_native,file:///D:/Simon/Sync/Root/GIS/Biodiversity%20Data/obs_native.csv?type=csv&maxFields=10000&detectTypes=yes&xField=longitude&yField=latitude&crs=EPSG:4326&spatialIndex=no&subsetIndex=no&watchFile=no
"1174",Arbutus menziesii,Arbutus,menziesii,,,,native,S5,,48.893731670000001,-123.406683299999997,,NA,NA,"24699774",obs_native,file:///D:/Simon/Sync/Root/GIS/Biodiversity%20Data/obs_native.csv?type=csv&maxFields=10000&detectTypes=yes&xField=longitude&yField=latitude&crs=EPSG:4326&spatialIndex=no&subsetIndex=no&watchFile=no
"1175",Arbutus menziesii,Arbutus,menziesii,,,,native,S5,,48.871630000000003,-123.312235000000001,,NA,NA,"24701548",obs_native,file:///D:/Simon/Sync/Root/GIS/Biodiversity%20Data/obs_native.csv?type=csv&maxFields=10000&detectTypes=yes&xField=longitude&yField=latitude&crs=EPSG:4326&spatialIndex=no&subsetIndex=no&watchFile=no
"1176",Arbutus menziesii,Arbutus,menziesii,,,,native,S5,,48.957723330000000,-123.542050000000003,,NA,NA,"24702210",obs_native,file:///D:/Simon/Sync/Root/GIS/Biodiversity%20Data/obs_native.csv?type=csv&maxFields=10000&detectTypes=yes&xField=longitude&yField=latitude&crs=EPSG:4326&spatialIndex=no&subsetIndex=no&watchFile=no
"1177",Arbutus menziesii,Arbutus,menziesii,,,,native,S5,,48.871512230000000,-123.311353100000005,,NA,NA,"24708077",obs_native,file:///D:/Simon/Sync/Root/GIS/Biodiversity%20Data/obs_native.csv?type=csv&maxFields=10000&detectTypes=yes&xField=longitude&yField=latitude&crs=EPSG:4326&spatialIndex=no&subsetIndex=no&watchFile=no
"1178",Arbutus menziesii,Arbutus,menziesii,,,,native,S5,,48.871915770000001,-123.312082700000005,,NA,NA,"24708280",obs_native,file:///D:/Simon/Sync/Root/GIS/Biodiversity%20Data/obs_native.csv?type=csv&maxFields=10000&detectTypes=yes&xField=longitude&yField=latitude&crs=EPSG:4326&spatialIndex=no&subsetIndex=no&watchFile=no
"1179",Arbutus menziesii,Arbutus,menziesii,,,,native,S5,,48.963025969999997,-123.518265499999998,,NA,NA,"24709672",obs_native,file:///D:/Simon/Sync/Root/GIS/Biodiversity%20Data/obs_native.csv?type=csv&maxFields=10000&detectTypes=yes&xField=longitude&yField=latitude&crs=EPSG:4326&spatialIndex=no&subsetIndex=no&watchFile=no
"1180",Arbutus menziesii,Arbutus,menziesii,,,,native,S5,,49.013266469999998,-123.573352999999997,,NA,NA,"24711781",obs_native,file:///D:/Simon/Sync/Root/GIS/Biodiversity%20Data/obs_native.csv?type=csv&maxFields=10000&detectTypes=yes&xField=longitude&yField=latitude&crs=EPSG:4326&spatialIndex=no&subsetIndex=no&watchFile=no
"1181",Arbutus menziesii,Arbutus,menziesii,,,,native,S5,,48.902638699999997,-123.407118400000002,,NA,NA,"24712356",obs_native,file:///D:/Simon/Sync/Root/GIS/Biodiversity%20Data/obs_native.csv?type=csv&maxFields=10000&detectTypes=yes&xField=longitude&yField=latitude&crs=EPSG:4326&spatialIndex=no&subsetIndex=no&watchFile=no
"1182",Arbutus menziesii,Arbutus,menziesii,,,,native,S5,,48.871795540000001,-123.312171000000006,,NA,NA,"24714979",obs_native,file:///D:/Simon/Sync/Root/GIS/Biodiversity%20Data/obs_native.csv?type=csv&maxFields=10000&detectTypes=yes&xField=longitude&yField=latitude&crs=EPSG:4326&spatialIndex=no&subsetIndex=no&watchFile=no
"1183",Arbutus menziesii,Arbutus,menziesii,,,,native,S5,,48.900716330000002,-123.407137199999994,,NA,NA,"24715362",obs_native,file:///D:/Simon/Sync/Root/GIS/Biodiversity%20Data/obs_native.csv?type=csv&maxFields=10000&detectTypes=yes&xField=longitude&yField=latitude&crs=EPSG:4326&spatialIndex=no&subsetIndex=no&watchFile=no
"1184",Arbutus menziesii,Arbutus,menziesii,,,,native,S5,,48.860593330000000,-123.351971700000007,,NA,NA,"24768127",obs_native,file:///D:/Simon/Sync/Root/GIS/Biodiversity%20Data/obs_native.csv?type=csv&maxFields=10000&detectTypes=yes&xField=longitude&yField=latitude&crs=EPSG:4326&spatialIndex=no&subsetIndex=no&watchFile=no
"1185",Arbutus menziesii,Arbutus,menziesii,,,,native,S5,,48.872038889999999,-123.312788900000001,,NA,NA,"24806497",obs_native,file:///D:/Simon/Sync/Root/GIS/Biodiversity%20Data/obs_native.csv?type=csv&maxFields=10000&detectTypes=yes&xField=longitude&yField=latitude&crs=EPSG:4326&spatialIndex=no&subsetIndex=no&watchFile=no
"1186",Arbutus menziesii,Arbutus,menziesii,,,,native,S5,,48.871661109999998,-123.311966699999999,,NA,NA,"24806530",obs_native,file:///D:/Simon/Sync/Root/GIS/Biodiversity%20Data/obs_native.csv?type=csv&maxFields=10000&detectTypes=yes&xField=longitude&yField=latitude&crs=EPSG:4326&spatialIndex=no&subsetIndex=no&watchFile=no
"1187",Arbutus menziesii,Arbutus,menziesii,,,,native,S5,,48.871780559999998,-123.312141699999998,,NA,NA,"24824085",obs_native,file:///D:/Simon/Sync/Root/GIS/Biodiversity%20Data/obs_native.csv?type=csv&maxFields=10000&detectTypes=yes&xField=longitude&yField=latitude&crs=EPSG:4326&spatialIndex=no&subsetIndex=no&watchFile=no
"1188",Arbutus menziesii,Arbutus,menziesii,,,,native,S5,,48.871930560000003,-123.312455600000007,,NA,NA,"24824092",obs_native,file:///D:/Simon/Sync/Root/GIS/Biodiversity%20Data/obs_native.csv?type=csv&maxFields=10000&detectTypes=yes&xField=longitude&yField=latitude&crs=EPSG:4326&spatialIndex=no&subsetIndex=no&watchFile=no
"1189",Arbutus menziesii,Arbutus,menziesii,,,,native,S5,,48.871794440000002,-123.312561099999996,,NA,NA,"24824096",obs_native,file:///D:/Simon/Sync/Root/GIS/Biodiversity%20Data/obs_native.csv?type=csv&maxFields=10000&detectTypes=yes&xField=longitude&yField=latitude&crs=EPSG:4326&spatialIndex=no&subsetIndex=no&watchFile=no
"1190",Arbutus menziesii,Arbutus,menziesii,,,,native,S5,,48.871661109999998,-123.311966699999999,,NA,NA,"24824170",obs_native,file:///D:/Simon/Sync/Root/GIS/Biodiversity%20Data/obs_native.csv?type=csv&maxFields=10000&detectTypes=yes&xField=longitude&yField=latitude&crs=EPSG:4326&spatialIndex=no&subsetIndex=no&watchFile=no
"1191",Arbutus menziesii,Arbutus,menziesii,,,,native,S5,,48.866338329999998,-123.331788299999999,,NA,NA,"24874394",obs_native,file:///D:/Simon/Sync/Root/GIS/Biodiversity%20Data/obs_native.csv?type=csv&maxFields=10000&detectTypes=yes&xField=longitude&yField=latitude&crs=EPSG:4326&spatialIndex=no&subsetIndex=no&watchFile=no
"1192",Arbutus menziesii,Arbutus,menziesii,,,,native,S5,,48.962167160000000,-123.518364800000001,,NA,NA,"24919611",obs_native,file:///D:/Simon/Sync/Root/GIS/Biodiversity%20Data/obs_native.csv?type=csv&maxFields=10000&detectTypes=yes&xField=longitude&yField=latitude&crs=EPSG:4326&spatialIndex=no&subsetIndex=no&watchFile=no
"1193",Arbutus menziesii,Arbutus,menziesii,,,,native,S5,,48.896720549999998,-123.410128200000003,,NA,NA,"24942470",obs_native,file:///D:/Simon/Sync/Root/GIS/Biodiversity%20Data/obs_native.csv?type=csv&maxFields=10000&detectTypes=yes&xField=longitude&yField=latitude&crs=EPSG:4326&spatialIndex=no&subsetIndex=no&watchFile=no
"1194",Arbutus menziesii,Arbutus,menziesii,,,,native,S5,,48.894737239999998,-123.409095800000003,,NA,NA,"25015733",obs_native,file:///D:/Simon/Sync/Root/GIS/Biodiversity%20Data/obs_native.csv?type=csv&maxFields=10000&detectTypes=yes&xField=longitude&yField=latitude&crs=EPSG:4326&spatialIndex=no&subsetIndex=no&watchFile=no
"1195",Arbutus menziesii,Arbutus,menziesii,,,,native,S5,,48.898750560000003,-123.407402500000003,,NA,NA,"25476265",obs_native,file:///D:/Simon/Sync/Root/GIS/Biodiversity%20Data/obs_native.csv?type=csv&maxFields=10000&detectTypes=yes&xField=longitude&yField=latitude&crs=EPSG:4326&spatialIndex=no&subsetIndex=no&watchFile=no
"1196",Arbutus menziesii,Arbutus,menziesii,,,,native,S5,,48.898505430000000,-123.406953700000003,,NA,NA,"25477685",obs_native,file:///D:/Simon/Sync/Root/GIS/Biodiversity%20Data/obs_native.csv?type=csv&maxFields=10000&detectTypes=yes&xField=longitude&yField=latitude&crs=EPSG:4326&spatialIndex=no&subsetIndex=no&watchFile=no
"1197",Arbutus menziesii,Arbutus,menziesii,,,,native,S5,,48.899858649999999,-123.407541800000004,,NA,NA,"25477909",obs_native,file:///D:/Simon/Sync/Root/GIS/Biodiversity%20Data/obs_native.csv?type=csv&maxFields=10000&detectTypes=yes&xField=longitude&yField=latitude&crs=EPSG:4326&spatialIndex=no&subsetIndex=no&watchFile=no
"1198",Arbutus menziesii,Arbutus,menziesii,,,,native,S5,,48.871943330000001,-123.312808300000000,,NA,NA,"25479451",obs_native,file:///D:/Simon/Sync/Root/GIS/Biodiversity%20Data/obs_native.csv?type=csv&maxFields=10000&detectTypes=yes&xField=longitude&yField=latitude&crs=EPSG:4326&spatialIndex=no&subsetIndex=no&watchFile=no
"1199",Arbutus menziesii,Arbutus,menziesii,,,,native,S5,,48.900413890000003,-123.407294399999998,,NA,NA,"25540435",obs_native,file:///D:/Simon/Sync/Root/GIS/Biodiversity%20Data/obs_native.csv?type=csv&maxFields=10000&detectTypes=yes&xField=longitude&yField=latitude&crs=EPSG:4326&spatialIndex=no&subsetIndex=no&watchFile=no
"1200",Arbutus menziesii,Arbutus,menziesii,,,,native,S5,,48.901316670000000,-123.406447200000002,,NA,NA,"25542469",obs_native,file:///D:/Simon/Sync/Root/GIS/Biodiversity%20Data/obs_native.csv?type=csv&maxFields=10000&detectTypes=yes&xField=longitude&yField=latitude&crs=EPSG:4326&spatialIndex=no&subsetIndex=no&watchFile=no
"1201",Arbutus menziesii,Arbutus,menziesii,,,,native,S5,,48.962580559999999,-123.517669400000003,,NA,NA,"25561081",obs_native,file:///D:/Simon/Sync/Root/GIS/Biodiversity%20Data/obs_native.csv?type=csv&maxFields=10000&detectTypes=yes&xField=longitude&yField=latitude&crs=EPSG:4326&spatialIndex=no&subsetIndex=no&watchFile=no
"1202",Arbutus menziesii,Arbutus,menziesii,,,,native,S5,,48.893791669999999,-123.403533300000007,,NA,NA,"25655422",obs_native,file:///D:/Simon/Sync/Root/GIS/Biodiversity%20Data/obs_native.csv?type=csv&maxFields=10000&detectTypes=yes&xField=longitude&yField=latitude&crs=EPSG:4326&spatialIndex=no&subsetIndex=no&watchFile=no
"1203",Arbutus menziesii,Arbutus,menziesii,,,,native,S5,,48.895969440000002,-123.405930600000005,,NA,NA,"25655423",obs_native,file:///D:/Simon/Sync/Root/GIS/Biodiversity%20Data/obs_native.csv?type=csv&maxFields=10000&detectTypes=yes&xField=longitude&yField=latitude&crs=EPSG:4326&spatialIndex=no&subsetIndex=no&watchFile=no
"1204",Arbutus menziesii,Arbutus,menziesii,,,,native,S5,,48.888493879999999,-123.378507400000004,,NA,NA,"25912221",obs_native,file:///D:/Simon/Sync/Root/GIS/Biodiversity%20Data/obs_native.csv?type=csv&maxFields=10000&detectTypes=yes&xField=longitude&yField=latitude&crs=EPSG:4326&spatialIndex=no&subsetIndex=no&watchFile=no
"1205",Arbutus menziesii,Arbutus,menziesii,,,,native,S5,,48.952640000000002,-123.533363300000005,,NA,NA,"28440119",obs_native,file:///D:/Simon/Sync/Root/GIS/Biodiversity%20Data/obs_native.csv?type=csv&maxFields=10000&detectTypes=yes&xField=longitude&yField=latitude&crs=EPSG:4326&spatialIndex=no&subsetIndex=no&watchFile=no
"1206",Arbutus menziesii,Arbutus,menziesii,,,,native,S5,,48.899281600000002,-123.407780500000001,,NA,NA,"29811829",obs_native,file:///D:/Simon/Sync/Root/GIS/Biodiversity%20Data/obs_native.csv?type=csv&maxFields=10000&detectTypes=yes&xField=longitude&yField=latitude&crs=EPSG:4326&spatialIndex=no&subsetIndex=no&watchFile=no
"1207",Arbutus menziesii,Arbutus,menziesii,,,,native,S5,,49.011699999999998,-123.583838299999996,,NA,NA,"31007237",obs_native,file:///D:/Simon/Sync/Root/GIS/Biodiversity%20Data/obs_native.csv?type=csv&maxFields=10000&detectTypes=yes&xField=longitude&yField=latitude&crs=EPSG:4326&spatialIndex=no&subsetIndex=no&watchFile=no
"1208",Arbutus menziesii,Arbutus,menziesii,,,,native,S5,,48.920509129999999,-123.411815099999998,,NA,NA,"34434175",obs_native,file:///D:/Simon/Sync/Root/GIS/Biodiversity%20Data/obs_native.csv?type=csv&maxFields=10000&detectTypes=yes&xField=longitude&yField=latitude&crs=EPSG:4326&spatialIndex=no&subsetIndex=no&watchFile=no
"1209",Arbutus menziesii,Arbutus,menziesii,,,,native,S5,,48.893712190000002,-123.404979100000006,,NA,NA,"35113340",obs_native,file:///D:/Simon/Sync/Root/GIS/Biodiversity%20Data/obs_native.csv?type=csv&maxFields=10000&detectTypes=yes&xField=longitude&yField=latitude&crs=EPSG:4326&spatialIndex=no&subsetIndex=no&watchFile=no
"1210",Arbutus menziesii,Arbutus,menziesii,,,,native,S5,,48.895681220000000,-123.410399400000003,,NA,NA,"38469081",obs_native,file:///D:/Simon/Sync/Root/GIS/Biodiversity%20Data/obs_native.csv?type=csv&maxFields=10000&detectTypes=yes&xField=longitude&yField=latitude&crs=EPSG:4326&spatialIndex=no&subsetIndex=no&watchFile=no
"1211",Arbutus menziesii,Arbutus,menziesii,,,,native,S5,,48.866766110000000,-123.340338099999997,,NA,NA,"43252999",obs_native,file:///D:/Simon/Sync/Root/GIS/Biodiversity%20Data/obs_native.csv?type=csv&maxFields=10000&detectTypes=yes&xField=longitude&yField=latitude&crs=EPSG:4326&spatialIndex=no&subsetIndex=no&watchFile=no
"1212",Arbutus menziesii,Arbutus,menziesii,,,,native,S5,,48.906235819999999,-123.369752300000002,,NA,NA,"44951286",obs_native,file:///D:/Simon/Sync/Root/GIS/Biodiversity%20Data/obs_native.csv?type=csv&maxFields=10000&detectTypes=yes&xField=longitude&yField=latitude&crs=EPSG:4326&spatialIndex=no&subsetIndex=no&watchFile=no
"1213",Arbutus menziesii,Arbutus,menziesii,,,,native,S5,,48.963585350000002,-123.550468300000006,,NA,NA,"48205043",obs_native,file:///D:/Simon/Sync/Root/GIS/Biodiversity%20Data/obs_native.csv?type=csv&maxFields=10000&detectTypes=yes&xField=longitude&yField=latitude&crs=EPSG:4326&spatialIndex=no&subsetIndex=no&watchFile=no
"1214",Arbutus menziesii,Arbutus,menziesii,,,,native,S5,,48.896630000000002,-123.406295000000000,,NA,NA,"49173122",obs_native,file:///D:/Simon/Sync/Root/GIS/Biodiversity%20Data/obs_native.csv?type=csv&maxFields=10000&detectTypes=yes&xField=longitude&yField=latitude&crs=EPSG:4326&spatialIndex=no&subsetIndex=no&watchFile=no
"1215",Arbutus menziesii,Arbutus,menziesii,,,,native,S5,,48.893703330000001,-123.403625000000005,,NA,NA,"49544178",obs_native,file:///D:/Simon/Sync/Root/GIS/Biodiversity%20Data/obs_native.csv?type=csv&maxFields=10000&detectTypes=yes&xField=longitude&yField=latitude&crs=EPSG:4326&spatialIndex=no&subsetIndex=no&watchFile=no
"1216",Arbutus menziesii,Arbutus,menziesii,,,,native,S5,,48.893666670000002,-123.403672200000003,,NA,NA,"50860021",obs_native,file:///D:/Simon/Sync/Root/GIS/Biodiversity%20Data/obs_native.csv?type=csv&maxFields=10000&detectTypes=yes&xField=longitude&yField=latitude&crs=EPSG:4326&spatialIndex=no&subsetIndex=no&watchFile=no
"1217",Arbutus menziesii,Arbutus,menziesii,,,,native,S5,,48.900561670000002,-123.407058300000003,,NA,NA,"52427209",obs_native,file:///D:/Simon/Sync/Root/GIS/Biodiversity%20Data/obs_native.csv?type=csv&maxFields=10000&detectTypes=yes&xField=longitude&yField=latitude&crs=EPSG:4326&spatialIndex=no&subsetIndex=no&watchFile=no
"1218",Arbutus menziesii,Arbutus,menziesii,,,,native,S5,,48.930262780000000,-123.467184099999997,,NA,NA,"53193492",obs_native,file:///D:/Simon/Sync/Root/GIS/Biodiversity%20Data/obs_native.csv?type=csv&maxFields=10000&detectTypes=yes&xField=longitude&yField=latitude&crs=EPSG:4326&spatialIndex=no&subsetIndex=no&watchFile=no
"1219",Arbutus menziesii,Arbutus,menziesii,,,,native,S5,,48.929766999999998,-123.467249300000006,,NA,NA,"53213259",obs_native,file:///D:/Simon/Sync/Root/GIS/Biodiversity%20Data/obs_native.csv?type=csv&maxFields=10000&detectTypes=yes&xField=longitude&yField=latitude&crs=EPSG:4326&spatialIndex=no&subsetIndex=no&watchFile=no
"1220",Arbutus menziesii,Arbutus,menziesii,,,,native,S5,,48.927174809999997,-123.468507500000001,,NA,NA,"53333516",obs_native,file:///D:/Simon/Sync/Root/GIS/Biodiversity%20Data/obs_native.csv?type=csv&maxFields=10000&detectTypes=yes&xField=longitude&yField=latitude&crs=EPSG:4326&spatialIndex=no&subsetIndex=no&watchFile=no
"1221",Arbutus menziesii,Arbutus,menziesii,,,,native,S5,,48.927263570000001,-123.468509900000001,,NA,NA,"53336435",obs_native,file:///D:/Simon/Sync/Root/GIS/Biodiversity%20Data/obs_native.csv?type=csv&maxFields=10000&detectTypes=yes&xField=longitude&yField=latitude&crs=EPSG:4326&spatialIndex=no&subsetIndex=no&watchFile=no
"1222",Arbutus menziesii,Arbutus,menziesii,,,,native,S5,,48.927124159999998,-123.468382800000001,,NA,NA,"53378077",obs_native,file:///D:/Simon/Sync/Root/GIS/Biodiversity%20Data/obs_native.csv?type=csv&maxFields=10000&detectTypes=yes&xField=longitude&yField=latitude&crs=EPSG:4326&spatialIndex=no&subsetIndex=no&watchFile=no
"1223",Arbutus menziesii,Arbutus,menziesii,,,,native,S5,,48.932157879999998,-123.478978400000003,,NA,NA,"53389157",obs_native,file:///D:/Simon/Sync/Root/GIS/Biodiversity%20Data/obs_native.csv?type=csv&maxFields=10000&detectTypes=yes&xField=longitude&yField=latitude&crs=EPSG:4326&spatialIndex=no&subsetIndex=no&watchFile=no
"1224",Arbutus menziesii,Arbutus,menziesii,,,,native,S5,,48.959788099999997,-123.508567999999997,,NA,NA,"55396559",obs_native,file:///D:/Simon/Sync/Root/GIS/Biodiversity%20Data/obs_native.csv?type=csv&maxFields=10000&detectTypes=yes&xField=longitude&yField=latitude&crs=EPSG:4326&spatialIndex=no&subsetIndex=no&watchFile=no
"1225",Arbutus menziesii,Arbutus,menziesii,,,,native,S5,,49.012796670000000,-123.572918299999998,,NA,NA,"57127963",obs_native,file:///D:/Simon/Sync/Root/GIS/Biodiversity%20Data/obs_native.csv?type=csv&maxFields=10000&detectTypes=yes&xField=longitude&yField=latitude&crs=EPSG:4326&spatialIndex=no&subsetIndex=no&watchFile=no
"1226",Arbutus menziesii,Arbutus,menziesii,,,,native,S5,,49.013005000000000,-123.572881699999996,,NA,NA,"57128006",obs_native,file:///D:/Simon/Sync/Root/GIS/Biodiversity%20Data/obs_native.csv?type=csv&maxFields=10000&detectTypes=yes&xField=longitude&yField=latitude&crs=EPSG:4326&spatialIndex=no&subsetIndex=no&watchFile=no
"1227",Arbutus menziesii,Arbutus,menziesii,,,,native,S5,,48.877126390000001,-123.318406400000001,,NA,NA,"59943196",obs_native,file:///D:/Simon/Sync/Root/GIS/Biodiversity%20Data/obs_native.csv?type=csv&maxFields=10000&detectTypes=yes&xField=longitude&yField=latitude&crs=EPSG:4326&spatialIndex=no&subsetIndex=no&watchFile=no
"1228",Arbutus menziesii,Arbutus,menziesii,,,,native,S5,,48.952441850000000,-123.519204200000004,,NA,NA,"60492171",obs_native,file:///D:/Simon/Sync/Root/GIS/Biodiversity%20Data/obs_native.csv?type=csv&maxFields=10000&detectTypes=yes&xField=longitude&yField=latitude&crs=EPSG:4326&spatialIndex=no&subsetIndex=no&watchFile=no
"1229",Arbutus menziesii,Arbutus,menziesii,,,,native,S5,,48.894704009999998,-123.408877500000003,,NA,NA,"60492247",obs_native,file:///D:/Simon/Sync/Root/GIS/Biodiversity%20Data/obs_native.csv?type=csv&maxFields=10000&detectTypes=yes&xField=longitude&yField=latitude&crs=EPSG:4326&spatialIndex=no&subsetIndex=no&watchFile=no
"1230",Arbutus menziesii,Arbutus,menziesii,,,,native,S5,,48.972969999999997,-123.557708300000002,,NA,NA,"60917757",obs_native,file:///D:/Simon/Sync/Root/GIS/Biodiversity%20Data/obs_native.csv?type=csv&maxFields=10000&detectTypes=yes&xField=longitude&yField=latitude&crs=EPSG:4326&spatialIndex=no&subsetIndex=no&watchFile=no
"1231",Arbutus menziesii,Arbutus,menziesii,,,,native,S5,,48.895780809999998,-123.406736100000003,,NA,NA,"61365885",obs_native,file:///D:/Simon/Sync/Root/GIS/Biodiversity%20Data/obs_native.csv?type=csv&maxFields=10000&detectTypes=yes&xField=longitude&yField=latitude&crs=EPSG:4326&spatialIndex=no&subsetIndex=no&watchFile=no
"1232",Arbutus menziesii,Arbutus,menziesii,,,,native,S5,,48.867240000000002,-123.338660000000004,,NA,NA,"61503240",obs_native,file:///D:/Simon/Sync/Root/GIS/Biodiversity%20Data/obs_native.csv?type=csv&maxFields=10000&detectTypes=yes&xField=longitude&yField=latitude&crs=EPSG:4326&spatialIndex=no&subsetIndex=no&watchFile=no
"1233",Arbutus menziesii,Arbutus,menziesii,,,,native,S5,,48.859418669999997,-123.353767300000001,,NA,NA,"61519487",obs_native,file:///D:/Simon/Sync/Root/GIS/Biodiversity%20Data/obs_native.csv?type=csv&maxFields=10000&detectTypes=yes&xField=longitude&yField=latitude&crs=EPSG:4326&spatialIndex=no&subsetIndex=no&watchFile=no
"1234",Arbutus menziesii,Arbutus,menziesii,,,,native,S5,,48.941768330000002,-123.501321700000005,,NA,NA,"70065798",obs_native,file:///D:/Simon/Sync/Root/GIS/Biodiversity%20Data/obs_native.csv?type=csv&maxFields=10000&detectTypes=yes&xField=longitude&yField=latitude&crs=EPSG:4326&spatialIndex=no&subsetIndex=no&watchFile=no
"1235",Arbutus menziesii,Arbutus,menziesii,,,,native,S5,,48.945625000000000,-123.506122199999993,,NA,NA,"70065844",obs_native,file:///D:/Simon/Sync/Root/GIS/Biodiversity%20Data/obs_native.csv?type=csv&maxFields=10000&detectTypes=yes&xField=longitude&yField=latitude&crs=EPSG:4326&spatialIndex=no&subsetIndex=no&watchFile=no
"1236",Arbutus menziesii,Arbutus,menziesii,,,,native,S5,,49.010430110000001,-123.574832400000005,,NA,NA,"72229354",obs_native,file:///D:/Simon/Sync/Root/GIS/Biodiversity%20Data/obs_native.csv?type=csv&maxFields=10000&detectTypes=yes&xField=longitude&yField=latitude&crs=EPSG:4326&spatialIndex=no&subsetIndex=no&watchFile=no
"1237",Arbutus menziesii,Arbutus,menziesii,,,,native,S5,,48.939410000000002,-123.501208300000002,,NA,NA,"72321404",obs_native,file:///D:/Simon/Sync/Root/GIS/Biodiversity%20Data/obs_native.csv?type=csv&maxFields=10000&detectTypes=yes&xField=longitude&yField=latitude&crs=EPSG:4326&spatialIndex=no&subsetIndex=no&watchFile=no
"1238",Arbutus menziesii,Arbutus,menziesii,,,,native,S5,,48.938645000000001,-123.500186700000000,,NA,NA,"72321429",obs_native,file:///D:/Simon/Sync/Root/GIS/Biodiversity%20Data/obs_native.csv?type=csv&maxFields=10000&detectTypes=yes&xField=longitude&yField=latitude&crs=EPSG:4326&spatialIndex=no&subsetIndex=no&watchFile=no
"1239",Arbutus menziesii,Arbutus,menziesii,,,,native,S5,,48.938678330000002,-123.500198299999994,,NA,NA,"72321431",obs_native,file:///D:/Simon/Sync/Root/GIS/Biodiversity%20Data/obs_native.csv?type=csv&maxFields=10000&detectTypes=yes&xField=longitude&yField=latitude&crs=EPSG:4326&spatialIndex=no&subsetIndex=no&watchFile=no
"1240",Arbutus menziesii,Arbutus,menziesii,,,,native,S5,,48.941681670000001,-123.501000000000005,,NA,NA,"72321455",obs_native,file:///D:/Simon/Sync/Root/GIS/Biodiversity%20Data/obs_native.csv?type=csv&maxFields=10000&detectTypes=yes&xField=longitude&yField=latitude&crs=EPSG:4326&spatialIndex=no&subsetIndex=no&watchFile=no
"1241",Arbutus menziesii,Arbutus,menziesii,,,,native,S5,,48.894899760000001,-123.408501000000001,,NA,NA,"77825527",obs_native,file:///D:/Simon/Sync/Root/GIS/Biodiversity%20Data/obs_native.csv?type=csv&maxFields=10000&detectTypes=yes&xField=longitude&yField=latitude&crs=EPSG:4326&spatialIndex=no&subsetIndex=no&watchFile=no
"1242",Arbutus menziesii,Arbutus,menziesii,,,,native,S5,,48.870430560000003,-123.382419400000003,,NA,NA,"81147057",obs_native,file:///D:/Simon/Sync/Root/GIS/Biodiversity%20Data/obs_native.csv?type=csv&maxFields=10000&detectTypes=yes&xField=longitude&yField=latitude&crs=EPSG:4326&spatialIndex=no&subsetIndex=no&watchFile=no
"1243",Arbutus menziesii,Arbutus,menziesii,,,,native,S5,,49.013068330000003,-123.575939599999998,,NA,NA,"83604142",obs_native,file:///D:/Simon/Sync/Root/GIS/Biodiversity%20Data/obs_native.csv?type=csv&maxFields=10000&detectTypes=yes&xField=longitude&yField=latitude&crs=EPSG:4326&spatialIndex=no&subsetIndex=no&watchFile=no
"1244",Arbutus menziesii,Arbutus,menziesii,,,,native,S5,,49.012787750000001,-123.572801100000007,,NA,NA,"83605330",obs_native,file:///D:/Simon/Sync/Root/GIS/Biodiversity%20Data/obs_native.csv?type=csv&maxFields=10000&detectTypes=yes&xField=longitude&yField=latitude&crs=EPSG:4326&spatialIndex=no&subsetIndex=no&watchFile=no
"1245",Arbutus menziesii,Arbutus,menziesii,,,,native,S5,,48.928341140000001,-123.467988899999995,,NA,NA,"83973642",obs_native,file:///D:/Simon/Sync/Root/GIS/Biodiversity%20Data/obs_native.csv?type=csv&maxFields=10000&detectTypes=yes&xField=longitude&yField=latitude&crs=EPSG:4326&spatialIndex=no&subsetIndex=no&watchFile=no
"1246",Arbutus menziesii,Arbutus,menziesii,,,,native,S5,,48.927361189999999,-123.470533500000002,,NA,NA,"83994565",obs_native,file:///D:/Simon/Sync/Root/GIS/Biodiversity%20Data/obs_native.csv?type=csv&maxFields=10000&detectTypes=yes&xField=longitude&yField=latitude&crs=EPSG:4326&spatialIndex=no&subsetIndex=no&watchFile=no
"1247",Arbutus menziesii,Arbutus,menziesii,,,,native,S5,,48.929186180000002,-123.467852399999998,,NA,NA,"84215355",obs_native,file:///D:/Simon/Sync/Root/GIS/Biodiversity%20Data/obs_native.csv?type=csv&maxFields=10000&detectTypes=yes&xField=longitude&yField=latitude&crs=EPSG:4326&spatialIndex=no&subsetIndex=no&watchFile=no
"1248",Arbutus menziesii,Arbutus,menziesii,,,,native,S5,,48.927738329999997,-123.471611699999997,,NA,NA,"84338203",obs_native,file:///D:/Simon/Sync/Root/GIS/Biodiversity%20Data/obs_native.csv?type=csv&maxFields=10000&detectTypes=yes&xField=longitude&yField=latitude&crs=EPSG:4326&spatialIndex=no&subsetIndex=no&watchFile=no
"1249",Arbutus menziesii,Arbutus,menziesii,,,,native,S5,,48.928086669999999,-123.472161700000001,,NA,NA,"84576664",obs_native,file:///D:/Simon/Sync/Root/GIS/Biodiversity%20Data/obs_native.csv?type=csv&maxFields=10000&detectTypes=yes&xField=longitude&yField=latitude&crs=EPSG:4326&spatialIndex=no&subsetIndex=no&watchFile=no
"1250",Arbutus menziesii,Arbutus,menziesii,,,,native,S5,,48.928925000000000,-123.464721699999998,,NA,NA,"84636319",obs_native,file:///D:/Simon/Sync/Root/GIS/Biodiversity%20Data/obs_native.csv?type=csv&maxFields=10000&detectTypes=yes&xField=longitude&yField=latitude&crs=EPSG:4326&spatialIndex=no&subsetIndex=no&watchFile=no
"1251",Arbutus menziesii,Arbutus,menziesii,,,,native,S5,,48.931103329999999,-123.475738300000003,,NA,NA,"84806526",obs_native,file:///D:/Simon/Sync/Root/GIS/Biodiversity%20Data/obs_native.csv?type=csv&maxFields=10000&detectTypes=yes&xField=longitude&yField=latitude&crs=EPSG:4326&spatialIndex=no&subsetIndex=no&watchFile=no
"1252",Arbutus menziesii,Arbutus,menziesii,,,,native,S5,,48.872446109999998,-123.321415400000006,,NA,NA,"86518609",obs_native,file:///D:/Simon/Sync/Root/GIS/Biodiversity%20Data/obs_native.csv?type=csv&maxFields=10000&detectTypes=yes&xField=longitude&yField=latitude&crs=EPSG:4326&spatialIndex=no&subsetIndex=no&watchFile=no
"1253",Arbutus menziesii,Arbutus,menziesii,,,,native,S5,,48.876210980000003,-123.400874900000005,,NA,NA,"86685775",obs_native,file:///D:/Simon/Sync/Root/GIS/Biodiversity%20Data/obs_native.csv?type=csv&maxFields=10000&detectTypes=yes&xField=longitude&yField=latitude&crs=EPSG:4326&spatialIndex=no&subsetIndex=no&watchFile=no
"1254",Arbutus menziesii,Arbutus,menziesii,,,,native,S5,,48.952548219999997,-123.533398500000004,,NA,NA,"88863605",obs_native,file:///D:/Simon/Sync/Root/GIS/Biodiversity%20Data/obs_native.csv?type=csv&maxFields=10000&detectTypes=yes&xField=longitude&yField=latitude&crs=EPSG:4326&spatialIndex=no&subsetIndex=no&watchFile=no
"1255",Arbutus menziesii,Arbutus,menziesii,,,,native,S5,,49.000851670000003,-123.561213300000006,,NA,NA,"94679696",obs_native,file:///D:/Simon/Sync/Root/GIS/Biodiversity%20Data/obs_native.csv?type=csv&maxFields=10000&detectTypes=yes&xField=longitude&yField=latitude&crs=EPSG:4326&spatialIndex=no&subsetIndex=no&watchFile=no
"1256",Arbutus menziesii,Arbutus,menziesii,,,,native,S5,,49.000574319999998,-123.560935499999999,,NA,NA,"94679706",obs_native,file:///D:/Simon/Sync/Root/GIS/Biodiversity%20Data/obs_native.csv?type=csv&maxFields=10000&detectTypes=yes&xField=longitude&yField=latitude&crs=EPSG:4326&spatialIndex=no&subsetIndex=no&watchFile=no
"1257",Arbutus menziesii,Arbutus,menziesii,,,,native,S5,,48.994565799999997,-123.561310199999994,,NA,NA,"94679744",obs_native,file:///D:/Simon/Sync/Root/GIS/Biodiversity%20Data/obs_native.csv?type=csv&maxFields=10000&detectTypes=yes&xField=longitude&yField=latitude&crs=EPSG:4326&spatialIndex=no&subsetIndex=no&watchFile=no
"1258",Arbutus menziesii,Arbutus,menziesii,,,,native,S5,,48.994408329999999,-123.560861700000004,,NA,NA,"94679754",obs_native,file:///D:/Simon/Sync/Root/GIS/Biodiversity%20Data/obs_native.csv?type=csv&maxFields=10000&detectTypes=yes&xField=longitude&yField=latitude&crs=EPSG:4326&spatialIndex=no&subsetIndex=no&watchFile=no
"1259",Arbutus menziesii,Arbutus,menziesii,,,,native,S5,,48.994810000000001,-123.556925000000007,,NA,NA,"94679788",obs_native,file:///D:/Simon/Sync/Root/GIS/Biodiversity%20Data/obs_native.csv?type=csv&maxFields=10000&detectTypes=yes&xField=longitude&yField=latitude&crs=EPSG:4326&spatialIndex=no&subsetIndex=no&watchFile=no
"1260",Arbutus menziesii,Arbutus,menziesii,,,,native,S5,,48.900540970000002,-123.407014300000000,,NA,NA,"95898923",obs_native,file:///D:/Simon/Sync/Root/GIS/Biodiversity%20Data/obs_native.csv?type=csv&maxFields=10000&detectTypes=yes&xField=longitude&yField=latitude&crs=EPSG:4326&spatialIndex=no&subsetIndex=no&watchFile=no
"1261",Arbutus menziesii,Arbutus,menziesii,,,,native,S5,,48.928232100000002,-123.468041499999998,,NA,NA,"98115575",obs_native,file:///D:/Simon/Sync/Root/GIS/Biodiversity%20Data/obs_native.csv?type=csv&maxFields=10000&detectTypes=yes&xField=longitude&yField=latitude&crs=EPSG:4326&spatialIndex=no&subsetIndex=no&watchFile=no
"1262",Arbutus menziesii,Arbutus,menziesii,,,,native,S5,,49.001581760000001,-123.563884700000003,,NA,NA,"98167994",obs_native,file:///D:/Simon/Sync/Root/GIS/Biodiversity%20Data/obs_native.csv?type=csv&maxFields=10000&detectTypes=yes&xField=longitude&yField=latitude&crs=EPSG:4326&spatialIndex=no&subsetIndex=no&watchFile=no
"1263",Arbutus menziesii,Arbutus,menziesii,,,,native,S5,,48.993452840000003,-123.554223800000003,,NA,NA,"100641936",obs_native,file:///D:/Simon/Sync/Root/GIS/Biodiversity%20Data/obs_native.csv?type=csv&maxFields=10000&detectTypes=yes&xField=longitude&yField=latitude&crs=EPSG:4326&spatialIndex=no&subsetIndex=no&watchFile=no
"1264",Arbutus menziesii,Arbutus,menziesii,,,,native,S5,,48.872828329999997,-123.345857600000002,,NA,NA,"101067815",obs_native,file:///D:/Simon/Sync/Root/GIS/Biodiversity%20Data/obs_native.csv?type=csv&maxFields=10000&detectTypes=yes&xField=longitude&yField=latitude&crs=EPSG:4326&spatialIndex=no&subsetIndex=no&watchFile=no
"1265",Arbutus menziesii,Arbutus,menziesii,,,,native,S5,,48.866006779999999,-123.339950500000000,,NA,NA,"101304315",obs_native,file:///D:/Simon/Sync/Root/GIS/Biodiversity%20Data/obs_native.csv?type=csv&maxFields=10000&detectTypes=yes&xField=longitude&yField=latitude&crs=EPSG:4326&spatialIndex=no&subsetIndex=no&watchFile=no
"1266",Arbutus menziesii,Arbutus,menziesii,,,,native,S5,,48.899555690000000,-123.407223200000004,,NA,NA,"101359587",obs_native,file:///D:/Simon/Sync/Root/GIS/Biodiversity%20Data/obs_native.csv?type=csv&maxFields=10000&detectTypes=yes&xField=longitude&yField=latitude&crs=EPSG:4326&spatialIndex=no&subsetIndex=no&watchFile=no
"1267",Arbutus menziesii,Arbutus,menziesii,,,,native,S5,,48.927222370000003,-123.468949199999997,,NA,NA,"101446852",obs_native,file:///D:/Simon/Sync/Root/GIS/Biodiversity%20Data/obs_native.csv?type=csv&maxFields=10000&detectTypes=yes&xField=longitude&yField=latitude&crs=EPSG:4326&spatialIndex=no&subsetIndex=no&watchFile=no
"1268",Arbutus menziesii,Arbutus,menziesii,,,,native,S5,,48.927025839999999,-123.468689400000002,,NA,NA,"101742815",obs_native,file:///D:/Simon/Sync/Root/GIS/Biodiversity%20Data/obs_native.csv?type=csv&maxFields=10000&detectTypes=yes&xField=longitude&yField=latitude&crs=EPSG:4326&spatialIndex=no&subsetIndex=no&watchFile=no
"1269",Arbutus menziesii,Arbutus,menziesii,,,,native,S5,,48.908882980000001,-123.406316899999993,,NA,NA,"102599835",obs_native,file:///D:/Simon/Sync/Root/GIS/Biodiversity%20Data/obs_native.csv?type=csv&maxFields=10000&detectTypes=yes&xField=longitude&yField=latitude&crs=EPSG:4326&spatialIndex=no&subsetIndex=no&watchFile=no
"1270",Arbutus menziesii,Arbutus,menziesii,,,,native,S5,,48.902855170000002,-123.404930300000004,,NA,NA,"102599865",obs_native,file:///D:/Simon/Sync/Root/GIS/Biodiversity%20Data/obs_native.csv?type=csv&maxFields=10000&detectTypes=yes&xField=longitude&yField=latitude&crs=EPSG:4326&spatialIndex=no&subsetIndex=no&watchFile=no
"1271",Arbutus menziesii,Arbutus,menziesii,,,,native,S5,,48.878945000000002,-123.320161700000000,,NA,NA,"102639860",obs_native,file:///D:/Simon/Sync/Root/GIS/Biodiversity%20Data/obs_native.csv?type=csv&maxFields=10000&detectTypes=yes&xField=longitude&yField=latitude&crs=EPSG:4326&spatialIndex=no&subsetIndex=no&watchFile=no
"1272",Arbutus menziesii,Arbutus,menziesii,,,,native,S5,,48.866000000000000,-123.340000000000003,,NA,NA,"103172279",obs_native,file:///D:/Simon/Sync/Root/GIS/Biodiversity%20Data/obs_native.csv?type=csv&maxFields=10000&detectTypes=yes&xField=longitude&yField=latitude&crs=EPSG:4326&spatialIndex=no&subsetIndex=no&watchFile=no
"1273",Arbutus menziesii,Arbutus,menziesii,,,,native,S5,,48.948294439999998,-123.502102800000003,,NA,NA,"107022546",obs_native,file:///D:/Simon/Sync/Root/GIS/Biodiversity%20Data/obs_native.csv?type=csv&maxFields=10000&detectTypes=yes&xField=longitude&yField=latitude&crs=EPSG:4326&spatialIndex=no&subsetIndex=no&watchFile=no
"1274",Arbutus menziesii,Arbutus,menziesii,,,,native,S5,,48.868314400000003,-123.341182200000006,,NA,NA,"107676227",obs_native,file:///D:/Simon/Sync/Root/GIS/Biodiversity%20Data/obs_native.csv?type=csv&maxFields=10000&detectTypes=yes&xField=longitude&yField=latitude&crs=EPSG:4326&spatialIndex=no&subsetIndex=no&watchFile=no
"1275",Arbutus menziesii,Arbutus,menziesii,,,,native,S5,,48.859444000000003,-123.346694999999997,,NA,NA,"109104049",obs_native,file:///D:/Simon/Sync/Root/GIS/Biodiversity%20Data/obs_native.csv?type=csv&maxFields=10000&detectTypes=yes&xField=longitude&yField=latitude&crs=EPSG:4326&spatialIndex=no&subsetIndex=no&watchFile=no
"1276",Arbutus menziesii,Arbutus,menziesii,,,,native,S5,,48.858756999999997,-123.348770000000002,,NA,NA,"109104050",obs_native,file:///D:/Simon/Sync/Root/GIS/Biodiversity%20Data/obs_native.csv?type=csv&maxFields=10000&detectTypes=yes&xField=longitude&yField=latitude&crs=EPSG:4326&spatialIndex=no&subsetIndex=no&watchFile=no
"1277",Arbutus menziesii,Arbutus,menziesii,,,,native,S5,,48.867325000000001,-123.337242000000003,,NA,NA,"110923232",obs_native,file:///D:/Simon/Sync/Root/GIS/Biodiversity%20Data/obs_native.csv?type=csv&maxFields=10000&detectTypes=yes&xField=longitude&yField=latitude&crs=EPSG:4326&spatialIndex=no&subsetIndex=no&watchFile=no
"1278",Arbutus menziesii,Arbutus,menziesii,,,,native,S5,,48.958786670000002,-123.532936699999993,,NA,NA,"116029557",obs_native,file:///D:/Simon/Sync/Root/GIS/Biodiversity%20Data/obs_native.csv?type=csv&maxFields=10000&detectTypes=yes&xField=longitude&yField=latitude&crs=EPSG:4326&spatialIndex=no&subsetIndex=no&watchFile=no
"1279",Arbutus menziesii,Arbutus,menziesii,,,,native,S5,,48.897500000000001,-123.405799999999999,,NA,NA,"116239578",obs_native,file:///D:/Simon/Sync/Root/GIS/Biodiversity%20Data/obs_native.csv?type=csv&maxFields=10000&detectTypes=yes&xField=longitude&yField=latitude&crs=EPSG:4326&spatialIndex=no&subsetIndex=no&watchFile=no
"1280",Arbutus menziesii,Arbutus,menziesii,,,,native,S5,,48.899733329999997,-123.407586699999996,,NA,NA,"116239614",obs_native,file:///D:/Simon/Sync/Root/GIS/Biodiversity%20Data/obs_native.csv?type=csv&maxFields=10000&detectTypes=yes&xField=longitude&yField=latitude&crs=EPSG:4326&spatialIndex=no&subsetIndex=no&watchFile=no
"1281",Arbutus menziesii,Arbutus,menziesii,,,,native,S5,,48.904609690000001,-123.367231700000005,,NA,NA,"120891228",obs_native,file:///D:/Simon/Sync/Root/GIS/Biodiversity%20Data/obs_native.csv?type=csv&maxFields=10000&detectTypes=yes&xField=longitude&yField=latitude&crs=EPSG:4326&spatialIndex=no&subsetIndex=no&watchFile=no
"1282",Arbutus menziesii,Arbutus,menziesii,,,,native,S5,,48.871658330000002,-123.311621700000003,,NA,NA,"122839924",obs_native,file:///D:/Simon/Sync/Root/GIS/Biodiversity%20Data/obs_native.csv?type=csv&maxFields=10000&detectTypes=yes&xField=longitude&yField=latitude&crs=EPSG:4326&spatialIndex=no&subsetIndex=no&watchFile=no
"1283",Arbutus menziesii,Arbutus,menziesii,,,,native,S5,,48.871608330000001,-123.312163299999995,,NA,NA,"123643861",obs_native,file:///D:/Simon/Sync/Root/GIS/Biodiversity%20Data/obs_native.csv?type=csv&maxFields=10000&detectTypes=yes&xField=longitude&yField=latitude&crs=EPSG:4326&spatialIndex=no&subsetIndex=no&watchFile=no
"1284",Arbutus menziesii,Arbutus,menziesii,,,,native,S5,,49.013407080000000,-123.573224400000001,,NA,NA,"123932590",obs_native,file:///D:/Simon/Sync/Root/GIS/Biodiversity%20Data/obs_native.csv?type=csv&maxFields=10000&detectTypes=yes&xField=longitude&yField=latitude&crs=EPSG:4326&spatialIndex=no&subsetIndex=no&watchFile=no
"1285",Arbutus menziesii,Arbutus,menziesii,,,,native,S5,,48.895084810000000,-123.410309999999996,,NA,NA,"123934385",obs_native,file:///D:/Simon/Sync/Root/GIS/Biodiversity%20Data/obs_native.csv?type=csv&maxFields=10000&detectTypes=yes&xField=longitude&yField=latitude&crs=EPSG:4326&spatialIndex=no&subsetIndex=no&watchFile=no
"1286",Arbutus menziesii,Arbutus,menziesii,,,,native,S5,,48.895802789999998,-123.410429800000003,,NA,NA,"126310862",obs_native,file:///D:/Simon/Sync/Root/GIS/Biodiversity%20Data/obs_native.csv?type=csv&maxFields=10000&detectTypes=yes&xField=longitude&yField=latitude&crs=EPSG:4326&spatialIndex=no&subsetIndex=no&watchFile=no
"1287",Arbutus menziesii,Arbutus,menziesii,,,,native,S5,,48.953997100000002,-123.523036000000005,,NA,NA,"126555347",obs_native,file:///D:/Simon/Sync/Root/GIS/Biodiversity%20Data/obs_native.csv?type=csv&maxFields=10000&detectTypes=yes&xField=longitude&yField=latitude&crs=EPSG:4326&spatialIndex=no&subsetIndex=no&watchFile=no
"1288",Arbutus menziesii,Arbutus,menziesii,,,,native,S5,,48.881200000000000,-123.323958300000001,,NA,NA,"127184028",obs_native,file:///D:/Simon/Sync/Root/GIS/Biodiversity%20Data/obs_native.csv?type=csv&maxFields=10000&detectTypes=yes&xField=longitude&yField=latitude&crs=EPSG:4326&spatialIndex=no&subsetIndex=no&watchFile=no
"1289",Arbutus menziesii,Arbutus,menziesii,,,,native,S5,,48.894505000000002,-123.408670000000001,,NA,NA,"132886602",obs_native,file:///D:/Simon/Sync/Root/GIS/Biodiversity%20Data/obs_native.csv?type=csv&maxFields=10000&detectTypes=yes&xField=longitude&yField=latitude&crs=EPSG:4326&spatialIndex=no&subsetIndex=no&watchFile=no
"1290",Arceuthobium douglasii,Arceuthobium,douglasii,,,,native,S4S5,,48.912933000000002,-123.393116000000006,,NA,NA,"2809040",obs_native,file:///D:/Simon/Sync/Root/GIS/Biodiversity%20Data/obs_native.csv?type=csv&maxFields=10000&detectTypes=yes&xField=longitude&yField=latitude&crs=EPSG:4326&spatialIndex=no&subsetIndex=no&watchFile=no
"1291",Arceuthobium douglasii,Arceuthobium,douglasii,,,,native,S4S5,,48.999771670000001,-123.584703300000001,,NA,NA,"109622798",obs_native,file:///D:/Simon/Sync/Root/GIS/Biodiversity%20Data/obs_native.csv?type=csv&maxFields=10000&detectTypes=yes&xField=longitude&yField=latitude&crs=EPSG:4326&spatialIndex=no&subsetIndex=no&watchFile=no
"1296",Arctostaphylos columbiana,Arctostaphylos,columbiana,,,,native,S5,,48.957262000000000,-123.530659999999997,,NA,NA,"2819341",obs_native,file:///D:/Simon/Sync/Root/GIS/Biodiversity%20Data/obs_native.csv?type=csv&maxFields=10000&detectTypes=yes&xField=longitude&yField=latitude&crs=EPSG:4326&spatialIndex=no&subsetIndex=no&watchFile=no
"1297",Arctostaphylos columbiana,Arctostaphylos,columbiana,,,,native,S5,,48.956359999999997,-123.529371999999995,,NA,NA,"2819429",obs_native,file:///D:/Simon/Sync/Root/GIS/Biodiversity%20Data/obs_native.csv?type=csv&maxFields=10000&detectTypes=yes&xField=longitude&yField=latitude&crs=EPSG:4326&spatialIndex=no&subsetIndex=no&watchFile=no
"1298",Arctostaphylos columbiana,Arctostaphylos,columbiana,,,,native,S5,,48.954595019999999,-123.526167000000001,,NA,NA,"2881736",obs_native,file:///D:/Simon/Sync/Root/GIS/Biodiversity%20Data/obs_native.csv?type=csv&maxFields=10000&detectTypes=yes&xField=longitude&yField=latitude&crs=EPSG:4326&spatialIndex=no&subsetIndex=no&watchFile=no
"1299",Arctostaphylos columbiana,Arctostaphylos,columbiana,,,,native,S5,,48.956932999999999,-123.529767000000007,,NA,NA,"3681771",obs_native,file:///D:/Simon/Sync/Root/GIS/Biodiversity%20Data/obs_native.csv?type=csv&maxFields=10000&detectTypes=yes&xField=longitude&yField=latitude&crs=EPSG:4326&spatialIndex=no&subsetIndex=no&watchFile=no
"1300",Arctostaphylos columbiana,Arctostaphylos,columbiana,,,,native,S5,,48.958258000000001,-123.532471000000001,,NA,NA,"3681774",obs_native,file:///D:/Simon/Sync/Root/GIS/Biodiversity%20Data/obs_native.csv?type=csv&maxFields=10000&detectTypes=yes&xField=longitude&yField=latitude&crs=EPSG:4326&spatialIndex=no&subsetIndex=no&watchFile=no
"1301",Arctostaphylos columbiana,Arctostaphylos,columbiana,,,,native,S5,,48.958258000000001,-123.532471000000001,,NA,NA,"3681800",obs_native,file:///D:/Simon/Sync/Root/GIS/Biodiversity%20Data/obs_native.csv?type=csv&maxFields=10000&detectTypes=yes&xField=longitude&yField=latitude&crs=EPSG:4326&spatialIndex=no&subsetIndex=no&watchFile=no
"1302",Arctostaphylos columbiana,Arctostaphylos,columbiana,,,,native,S5,,48.960427000000003,-123.536376000000004,,NA,NA,"3682062",obs_native,file:///D:/Simon/Sync/Root/GIS/Biodiversity%20Data/obs_native.csv?type=csv&maxFields=10000&detectTypes=yes&xField=longitude&yField=latitude&crs=EPSG:4326&spatialIndex=no&subsetIndex=no&watchFile=no
"1303",Arctostaphylos columbiana,Arctostaphylos,columbiana,,,,native,S5,,48.879154640000003,-123.319750999999997,,NA,NA,"3765747",obs_native,file:///D:/Simon/Sync/Root/GIS/Biodiversity%20Data/obs_native.csv?type=csv&maxFields=10000&detectTypes=yes&xField=longitude&yField=latitude&crs=EPSG:4326&spatialIndex=no&subsetIndex=no&watchFile=no
"1304",Arctostaphylos columbiana,Arctostaphylos,columbiana,,,,native,S5,,48.886628999999999,-123.373547000000002,,NA,NA,"3766797",obs_native,file:///D:/Simon/Sync/Root/GIS/Biodiversity%20Data/obs_native.csv?type=csv&maxFields=10000&detectTypes=yes&xField=longitude&yField=latitude&crs=EPSG:4326&spatialIndex=no&subsetIndex=no&watchFile=no
"1305",Arctostaphylos columbiana,Arctostaphylos,columbiana,,,,native,S5,,48.885466000000001,-123.370155999999994,,NA,NA,"3766867",obs_native,file:///D:/Simon/Sync/Root/GIS/Biodiversity%20Data/obs_native.csv?type=csv&maxFields=10000&detectTypes=yes&xField=longitude&yField=latitude&crs=EPSG:4326&spatialIndex=no&subsetIndex=no&watchFile=no
"1306",Arctostaphylos columbiana,Arctostaphylos,columbiana,,,,native,S5,,48.885071000000003,-123.367839000000004,,NA,NA,"3767160",obs_native,file:///D:/Simon/Sync/Root/GIS/Biodiversity%20Data/obs_native.csv?type=csv&maxFields=10000&detectTypes=yes&xField=longitude&yField=latitude&crs=EPSG:4326&spatialIndex=no&subsetIndex=no&watchFile=no
"1307",Arctostaphylos columbiana,Arctostaphylos,columbiana,,,,native,S5,,48.956000799999998,-123.527455599999996,,NA,NA,"4194310",obs_native,file:///D:/Simon/Sync/Root/GIS/Biodiversity%20Data/obs_native.csv?type=csv&maxFields=10000&detectTypes=yes&xField=longitude&yField=latitude&crs=EPSG:4326&spatialIndex=no&subsetIndex=no&watchFile=no
"1308",Arctostaphylos columbiana,Arctostaphylos,columbiana,,,,native,S5,,48.955875460000001,-123.524994899999996,,NA,NA,"5237455",obs_native,file:///D:/Simon/Sync/Root/GIS/Biodiversity%20Data/obs_native.csv?type=csv&maxFields=10000&detectTypes=yes&xField=longitude&yField=latitude&crs=EPSG:4326&spatialIndex=no&subsetIndex=no&watchFile=no
"1309",Arctostaphylos columbiana,Arctostaphylos,columbiana,,,,native,S5,,48.955880000000001,-123.527884000000000,,NA,NA,"5483406",obs_native,file:///D:/Simon/Sync/Root/GIS/Biodiversity%20Data/obs_native.csv?type=csv&maxFields=10000&detectTypes=yes&xField=longitude&yField=latitude&crs=EPSG:4326&spatialIndex=no&subsetIndex=no&watchFile=no
"1310",Arctostaphylos columbiana,Arctostaphylos,columbiana,,,,native,S5,,48.954910509999998,-123.533860200000007,,NA,NA,"6484813",obs_native,file:///D:/Simon/Sync/Root/GIS/Biodiversity%20Data/obs_native.csv?type=csv&maxFields=10000&detectTypes=yes&xField=longitude&yField=latitude&crs=EPSG:4326&spatialIndex=no&subsetIndex=no&watchFile=no
"1311",Arctostaphylos columbiana,Arctostaphylos,columbiana,,,,native,S5,,48.956261810000001,-123.527956000000003,,NA,NA,"6610501",obs_native,file:///D:/Simon/Sync/Root/GIS/Biodiversity%20Data/obs_native.csv?type=csv&maxFields=10000&detectTypes=yes&xField=longitude&yField=latitude&crs=EPSG:4326&spatialIndex=no&subsetIndex=no&watchFile=no
"1312",Arctostaphylos columbiana,Arctostaphylos,columbiana,,,,native,S5,,48.956282999999999,-123.528460999999993,,NA,NA,"10306071",obs_native,file:///D:/Simon/Sync/Root/GIS/Biodiversity%20Data/obs_native.csv?type=csv&maxFields=10000&detectTypes=yes&xField=longitude&yField=latitude&crs=EPSG:4326&spatialIndex=no&subsetIndex=no&watchFile=no
"1313",Arctostaphylos columbiana,Arctostaphylos,columbiana,,,,native,S5,,48.955581000000002,-123.532332999999994,,NA,NA,"10494237",obs_native,file:///D:/Simon/Sync/Root/GIS/Biodiversity%20Data/obs_native.csv?type=csv&maxFields=10000&detectTypes=yes&xField=longitude&yField=latitude&crs=EPSG:4326&spatialIndex=no&subsetIndex=no&watchFile=no
"1314",Arctostaphylos columbiana,Arctostaphylos,columbiana,,,,native,S5,,48.887937450000003,-123.376677599999994,,NA,NA,"14548136",obs_native,file:///D:/Simon/Sync/Root/GIS/Biodiversity%20Data/obs_native.csv?type=csv&maxFields=10000&detectTypes=yes&xField=longitude&yField=latitude&crs=EPSG:4326&spatialIndex=no&subsetIndex=no&watchFile=no
"1315",Arctostaphylos columbiana,Arctostaphylos,columbiana,,,,native,S5,,48.887888869999998,-123.376188400000004,,NA,NA,"15555475",obs_native,file:///D:/Simon/Sync/Root/GIS/Biodiversity%20Data/obs_native.csv?type=csv&maxFields=10000&detectTypes=yes&xField=longitude&yField=latitude&crs=EPSG:4326&spatialIndex=no&subsetIndex=no&watchFile=no
"1316",Arctostaphylos columbiana,Arctostaphylos,columbiana,,,,native,S5,,48.957312940000001,-123.530222499999994,,NA,NA,"16344824",obs_native,file:///D:/Simon/Sync/Root/GIS/Biodiversity%20Data/obs_native.csv?type=csv&maxFields=10000&detectTypes=yes&xField=longitude&yField=latitude&crs=EPSG:4326&spatialIndex=no&subsetIndex=no&watchFile=no
"1317",Arctostaphylos columbiana,Arctostaphylos,columbiana,,,,native,S5,,48.956577000000003,-123.531660000000002,,NA,NA,"16739958",obs_native,file:///D:/Simon/Sync/Root/GIS/Biodiversity%20Data/obs_native.csv?type=csv&maxFields=10000&detectTypes=yes&xField=longitude&yField=latitude&crs=EPSG:4326&spatialIndex=no&subsetIndex=no&watchFile=no
"1318",Arctostaphylos columbiana,Arctostaphylos,columbiana,,,,native,S5,,48.958151600000001,-123.531966900000000,,NA,NA,"19202192",obs_native,file:///D:/Simon/Sync/Root/GIS/Biodiversity%20Data/obs_native.csv?type=csv&maxFields=10000&detectTypes=yes&xField=longitude&yField=latitude&crs=EPSG:4326&spatialIndex=no&subsetIndex=no&watchFile=no
"1319",Arctostaphylos columbiana,Arctostaphylos,columbiana,,,,native,S5,,48.955883329999999,-123.527161699999994,,NA,NA,"21351550",obs_native,file:///D:/Simon/Sync/Root/GIS/Biodiversity%20Data/obs_native.csv?type=csv&maxFields=10000&detectTypes=yes&xField=longitude&yField=latitude&crs=EPSG:4326&spatialIndex=no&subsetIndex=no&watchFile=no
"1320",Arctostaphylos columbiana,Arctostaphylos,columbiana,,,,native,S5,,48.958683330000000,-123.532730000000001,,NA,NA,"22182365",obs_native,file:///D:/Simon/Sync/Root/GIS/Biodiversity%20Data/obs_native.csv?type=csv&maxFields=10000&detectTypes=yes&xField=longitude&yField=latitude&crs=EPSG:4326&spatialIndex=no&subsetIndex=no&watchFile=no
"1321",Arctostaphylos columbiana,Arctostaphylos,columbiana,,,,native,S5,,48.886618329999997,-123.372770000000003,,NA,NA,"53022063",obs_native,file:///D:/Simon/Sync/Root/GIS/Biodiversity%20Data/obs_native.csv?type=csv&maxFields=10000&detectTypes=yes&xField=longitude&yField=latitude&crs=EPSG:4326&spatialIndex=no&subsetIndex=no&watchFile=no
"1322",Arctostaphylos columbiana,Arctostaphylos,columbiana,,,,native,S5,,48.955951610000000,-123.527210800000006,,NA,NA,"55965785",obs_native,file:///D:/Simon/Sync/Root/GIS/Biodiversity%20Data/obs_native.csv?type=csv&maxFields=10000&detectTypes=yes&xField=longitude&yField=latitude&crs=EPSG:4326&spatialIndex=no&subsetIndex=no&watchFile=no
"1323",Arctostaphylos columbiana,Arctostaphylos,columbiana,,,,native,S5,,48.956308960000001,-123.528024200000004,,NA,NA,"61832256",obs_native,file:///D:/Simon/Sync/Root/GIS/Biodiversity%20Data/obs_native.csv?type=csv&maxFields=10000&detectTypes=yes&xField=longitude&yField=latitude&crs=EPSG:4326&spatialIndex=no&subsetIndex=no&watchFile=no
"1324",Arctostaphylos columbiana,Arctostaphylos,columbiana,,,,native,S5,,48.955814340000003,-123.527170499999997,,NA,NA,"67590787",obs_native,file:///D:/Simon/Sync/Root/GIS/Biodiversity%20Data/obs_native.csv?type=csv&maxFields=10000&detectTypes=yes&xField=longitude&yField=latitude&crs=EPSG:4326&spatialIndex=no&subsetIndex=no&watchFile=no
"1325",Arctostaphylos columbiana,Arctostaphylos,columbiana,,,,native,S5,,48.956711040000002,-123.526687600000002,,NA,NA,"68072966",obs_native,file:///D:/Simon/Sync/Root/GIS/Biodiversity%20Data/obs_native.csv?type=csv&maxFields=10000&detectTypes=yes&xField=longitude&yField=latitude&crs=EPSG:4326&spatialIndex=no&subsetIndex=no&watchFile=no
"1326",Arctostaphylos columbiana,Arctostaphylos,columbiana,,,,native,S5,,48.956122049999998,-123.527807600000003,,NA,NA,"72209619",obs_native,file:///D:/Simon/Sync/Root/GIS/Biodiversity%20Data/obs_native.csv?type=csv&maxFields=10000&detectTypes=yes&xField=longitude&yField=latitude&crs=EPSG:4326&spatialIndex=no&subsetIndex=no&watchFile=no
"1327",Arctostaphylos columbiana,Arctostaphylos,columbiana,,,,native,S5,,48.956666669999997,-123.524722199999999,,NA,NA,"83196208",obs_native,file:///D:/Simon/Sync/Root/GIS/Biodiversity%20Data/obs_native.csv?type=csv&maxFields=10000&detectTypes=yes&xField=longitude&yField=latitude&crs=EPSG:4326&spatialIndex=no&subsetIndex=no&watchFile=no
"1328",Arctostaphylos columbiana,Arctostaphylos,columbiana,,,,native,S5,,48.928295579999997,-123.467956700000002,,NA,NA,"83966052",obs_native,file:///D:/Simon/Sync/Root/GIS/Biodiversity%20Data/obs_native.csv?type=csv&maxFields=10000&detectTypes=yes&xField=longitude&yField=latitude&crs=EPSG:4326&spatialIndex=no&subsetIndex=no&watchFile=no
"1329",Arctostaphylos columbiana,Arctostaphylos,columbiana,,,,native,S5,,48.957005000000002,-123.525641699999994,,NA,NA,"93882410",obs_native,file:///D:/Simon/Sync/Root/GIS/Biodiversity%20Data/obs_native.csv?type=csv&maxFields=10000&detectTypes=yes&xField=longitude&yField=latitude&crs=EPSG:4326&spatialIndex=no&subsetIndex=no&watchFile=no
"1330",Arctostaphylos columbiana,Arctostaphylos,columbiana,,,,native,S5,,48.950011449999998,-123.515414800000002,,NA,NA,"97172666",obs_native,file:///D:/Simon/Sync/Root/GIS/Biodiversity%20Data/obs_native.csv?type=csv&maxFields=10000&detectTypes=yes&xField=longitude&yField=latitude&crs=EPSG:4326&spatialIndex=no&subsetIndex=no&watchFile=no
"1331",Arctostaphylos columbiana,Arctostaphylos,columbiana,,,,native,S5,,48.956653330000002,-123.527183300000004,,NA,NA,"99436062",obs_native,file:///D:/Simon/Sync/Root/GIS/Biodiversity%20Data/obs_native.csv?type=csv&maxFields=10000&detectTypes=yes&xField=longitude&yField=latitude&crs=EPSG:4326&spatialIndex=no&subsetIndex=no&watchFile=no
"1332",Arctostaphylos columbiana,Arctostaphylos,columbiana,,,,native,S5,,48.958448810000000,-123.532271499999993,,NA,NA,"101290339",obs_native,file:///D:/Simon/Sync/Root/GIS/Biodiversity%20Data/obs_native.csv?type=csv&maxFields=10000&detectTypes=yes&xField=longitude&yField=latitude&crs=EPSG:4326&spatialIndex=no&subsetIndex=no&watchFile=no
"1333",Arctostaphylos columbiana,Arctostaphylos,columbiana,,,,native,S5,,48.928494039999997,-123.468620099999995,,NA,NA,"101446626",obs_native,file:///D:/Simon/Sync/Root/GIS/Biodiversity%20Data/obs_native.csv?type=csv&maxFields=10000&detectTypes=yes&xField=longitude&yField=latitude&crs=EPSG:4326&spatialIndex=no&subsetIndex=no&watchFile=no
"1334",Arctostaphylos columbiana,Arctostaphylos,columbiana,,,,native,S5,,48.961103459999997,-123.532903599999997,,NA,NA,"102153405",obs_native,file:///D:/Simon/Sync/Root/GIS/Biodiversity%20Data/obs_native.csv?type=csv&maxFields=10000&detectTypes=yes&xField=longitude&yField=latitude&crs=EPSG:4326&spatialIndex=no&subsetIndex=no&watchFile=no
"1335",Arctostaphylos columbiana,Arctostaphylos,columbiana,,,,native,S5,,48.924779999999998,-123.462066699999994,,NA,NA,"107400014",obs_native,file:///D:/Simon/Sync/Root/GIS/Biodiversity%20Data/obs_native.csv?type=csv&maxFields=10000&detectTypes=yes&xField=longitude&yField=latitude&crs=EPSG:4326&spatialIndex=no&subsetIndex=no&watchFile=no
"1336",Arctostaphylos columbiana,Arctostaphylos,columbiana,,,,native,S5,,48.928747049999998,-123.468591300000000,,NA,NA,"108088499",obs_native,file:///D:/Simon/Sync/Root/GIS/Biodiversity%20Data/obs_native.csv?type=csv&maxFields=10000&detectTypes=yes&xField=longitude&yField=latitude&crs=EPSG:4326&spatialIndex=no&subsetIndex=no&watchFile=no
"1337",Arctostaphylos columbiana,Arctostaphylos,columbiana,,,,native,S5,,48.956156309999997,-123.527725899999993,,NA,NA,"109429654",obs_native,file:///D:/Simon/Sync/Root/GIS/Biodiversity%20Data/obs_native.csv?type=csv&maxFields=10000&detectTypes=yes&xField=longitude&yField=latitude&crs=EPSG:4326&spatialIndex=no&subsetIndex=no&watchFile=no
"1338",Arctostaphylos columbiana,Arctostaphylos,columbiana,,,,native,S5,,48.956842649999999,-123.529905200000002,,NA,NA,"133377000",obs_native,file:///D:/Simon/Sync/Root/GIS/Biodiversity%20Data/obs_native.csv?type=csv&maxFields=10000&detectTypes=yes&xField=longitude&yField=latitude&crs=EPSG:4326&spatialIndex=no&subsetIndex=no&watchFile=no
"1339",Arctostaphylos uva-ursi,Arctostaphylos,uva-ursi,,,,native,S5,,49.011230560000001,-123.577355600000004,,NA,NA,"3889075",obs_native,file:///D:/Simon/Sync/Root/GIS/Biodiversity%20Data/obs_native.csv?type=csv&maxFields=10000&detectTypes=yes&xField=longitude&yField=latitude&crs=EPSG:4326&spatialIndex=no&subsetIndex=no&watchFile=no
"1340",Arctostaphylos uva-ursi,Arctostaphylos,uva-ursi,,,,native,S5,,48.888458999999997,-123.377645000000001,,NA,NA,"4479860",obs_native,file:///D:/Simon/Sync/Root/GIS/Biodiversity%20Data/obs_native.csv?type=csv&maxFields=10000&detectTypes=yes&xField=longitude&yField=latitude&crs=EPSG:4326&spatialIndex=no&subsetIndex=no&watchFile=no
"1341",Arctostaphylos uva-ursi,Arctostaphylos,uva-ursi,,,,native,S5,,48.900696850000003,-123.336124400000003,,NA,NA,"6425198",obs_native,file:///D:/Simon/Sync/Root/GIS/Biodiversity%20Data/obs_native.csv?type=csv&maxFields=10000&detectTypes=yes&xField=longitude&yField=latitude&crs=EPSG:4326&spatialIndex=no&subsetIndex=no&watchFile=no
"1342",Arctostaphylos uva-ursi,Arctostaphylos,uva-ursi,,,,native,S5,,48.888300209999997,-123.378128300000000,,NA,NA,"16441753",obs_native,file:///D:/Simon/Sync/Root/GIS/Biodiversity%20Data/obs_native.csv?type=csv&maxFields=10000&detectTypes=yes&xField=longitude&yField=latitude&crs=EPSG:4326&spatialIndex=no&subsetIndex=no&watchFile=no
"1343",Arctostaphylos uva-ursi,Arctostaphylos,uva-ursi,,,,native,S5,,48.958763329999996,-123.532853299999999,,NA,NA,"22182340",obs_native,file:///D:/Simon/Sync/Root/GIS/Biodiversity%20Data/obs_native.csv?type=csv&maxFields=10000&detectTypes=yes&xField=longitude&yField=latitude&crs=EPSG:4326&spatialIndex=no&subsetIndex=no&watchFile=no
"1344",Arctostaphylos uva-ursi,Arctostaphylos,uva-ursi,,,,native,S5,,48.995833330000004,-123.586111099999997,,NA,NA,"110790411",obs_native,file:///D:/Simon/Sync/Root/GIS/Biodiversity%20Data/obs_native.csv?type=csv&maxFields=10000&detectTypes=yes&xField=longitude&yField=latitude&crs=EPSG:4326&spatialIndex=no&subsetIndex=no&watchFile=no
"1345",Arctostaphylos uva-ursi,Arctostaphylos,uva-ursi,,,,native,S5,,48.958661669999998,-123.532793299999994,,NA,NA,"116029577",obs_native,file:///D:/Simon/Sync/Root/GIS/Biodiversity%20Data/obs_native.csv?type=csv&maxFields=10000&detectTypes=yes&xField=longitude&yField=latitude&crs=EPSG:4326&spatialIndex=no&subsetIndex=no&watchFile=no
"1346",Arctostaphylos uva-ursi,Arctostaphylos,uva-ursi,,,,native,S5,,49.012968330000000,-123.576049999999995,,NA,NA,"123934514",obs_native,file:///D:/Simon/Sync/Root/GIS/Biodiversity%20Data/obs_native.csv?type=csv&maxFields=10000&detectTypes=yes&xField=longitude&yField=latitude&crs=EPSG:4326&spatialIndex=no&subsetIndex=no&watchFile=no
"1347",Argentina anserina,Argentina,anserina,,,,native,S5,,48.929377209999998,-123.448036200000004,,NA,NA,"15555476",obs_native,file:///D:/Simon/Sync/Root/GIS/Biodiversity%20Data/obs_native.csv?type=csv&maxFields=10000&detectTypes=yes&xField=longitude&yField=latitude&crs=EPSG:4326&spatialIndex=no&subsetIndex=no&watchFile=no
"1348",Argentina anserina,Argentina,anserina,,,,native,S5,,48.897283410000000,-123.408334900000000,,NA,NA,"24624788",obs_native,file:///D:/Simon/Sync/Root/GIS/Biodiversity%20Data/obs_native.csv?type=csv&maxFields=10000&detectTypes=yes&xField=longitude&yField=latitude&crs=EPSG:4326&spatialIndex=no&subsetIndex=no&watchFile=no
"1349",Argentina anserina,Argentina,anserina,,,,native,S5,,48.898204999999997,-123.408031699999995,,NA,NA,"24653203",obs_native,file:///D:/Simon/Sync/Root/GIS/Biodiversity%20Data/obs_native.csv?type=csv&maxFields=10000&detectTypes=yes&xField=longitude&yField=latitude&crs=EPSG:4326&spatialIndex=no&subsetIndex=no&watchFile=no
"1350",Argentina anserina,Argentina,anserina,,,,native,S5,,48.896991669999998,-123.406311099999996,,NA,NA,"24701243",obs_native,file:///D:/Simon/Sync/Root/GIS/Biodiversity%20Data/obs_native.csv?type=csv&maxFields=10000&detectTypes=yes&xField=longitude&yField=latitude&crs=EPSG:4326&spatialIndex=no&subsetIndex=no&watchFile=no
"1351",Argentina anserina,Argentina,anserina,,,,native,S5,,48.896919439999998,-123.406463900000006,,NA,NA,"25658160",obs_native,file:///D:/Simon/Sync/Root/GIS/Biodiversity%20Data/obs_native.csv?type=csv&maxFields=10000&detectTypes=yes&xField=longitude&yField=latitude&crs=EPSG:4326&spatialIndex=no&subsetIndex=no&watchFile=no
"1354",Artemisia suksdorfii,Artemisia,suksdorfii,,,,native,S5,,48.864642040000000,-123.327200899999994,,NA,NA,"3779806",obs_native,file:///D:/Simon/Sync/Root/GIS/Biodiversity%20Data/obs_native.csv?type=csv&maxFields=10000&detectTypes=yes&xField=longitude&yField=latitude&crs=EPSG:4326&spatialIndex=no&subsetIndex=no&watchFile=no
"1355",Artemisia suksdorfii,Artemisia,suksdorfii,,,,native,S5,,48.862303330000003,-123.320949999999996,,NA,NA,"127180967",obs_native,file:///D:/Simon/Sync/Root/GIS/Biodiversity%20Data/obs_native.csv?type=csv&maxFields=10000&detectTypes=yes&xField=longitude&yField=latitude&crs=EPSG:4326&spatialIndex=no&subsetIndex=no&watchFile=no
"1356",Athysanus pusillus,Athysanus,pusillus,,,,native,S5,,48.865663890000000,-123.368230600000004,,NA,NA,"41788597",obs_native,file:///D:/Simon/Sync/Root/GIS/Biodiversity%20Data/obs_native.csv?type=csv&maxFields=10000&detectTypes=yes&xField=longitude&yField=latitude&crs=EPSG:4326&spatialIndex=no&subsetIndex=no&watchFile=no
"1357",Athysanus pusillus,Athysanus,pusillus,,,,native,S5,,48.864709410000003,-123.367103000000000,,NA,NA,"41788607",obs_native,file:///D:/Simon/Sync/Root/GIS/Biodiversity%20Data/obs_native.csv?type=csv&maxFields=10000&detectTypes=yes&xField=longitude&yField=latitude&crs=EPSG:4326&spatialIndex=no&subsetIndex=no&watchFile=no
"1358",Athysanus pusillus,Athysanus,pusillus,,,,native,S5,,48.865452779999998,-123.367977800000006,,NA,NA,"41788612",obs_native,file:///D:/Simon/Sync/Root/GIS/Biodiversity%20Data/obs_native.csv?type=csv&maxFields=10000&detectTypes=yes&xField=longitude&yField=latitude&crs=EPSG:4326&spatialIndex=no&subsetIndex=no&watchFile=no
"1359",Athysanus pusillus,Athysanus,pusillus,,,,native,S5,,48.864672220000003,-123.366841699999995,,NA,NA,"41788628",obs_native,file:///D:/Simon/Sync/Root/GIS/Biodiversity%20Data/obs_native.csv?type=csv&maxFields=10000&detectTypes=yes&xField=longitude&yField=latitude&crs=EPSG:4326&spatialIndex=no&subsetIndex=no&watchFile=no
"1360",Athysanus pusillus,Athysanus,pusillus,,,,native,S5,,48.869152890000002,-123.379017700000006,,NA,NA,"74104780",obs_native,file:///D:/Simon/Sync/Root/GIS/Biodiversity%20Data/obs_native.csv?type=csv&maxFields=10000&detectTypes=yes&xField=longitude&yField=latitude&crs=EPSG:4326&spatialIndex=no&subsetIndex=no&watchFile=no
"1361",Athysanus pusillus,Athysanus,pusillus,,,,native,S5,,48.864602779999998,-123.367138900000000,,NA,NA,"74104794",obs_native,file:///D:/Simon/Sync/Root/GIS/Biodiversity%20Data/obs_native.csv?type=csv&maxFields=10000&detectTypes=yes&xField=longitude&yField=latitude&crs=EPSG:4326&spatialIndex=no&subsetIndex=no&watchFile=no
"1362",Athysanus pusillus,Athysanus,pusillus,,,,native,S5,,48.870403330000002,-123.381290000000007,,NA,NA,"81147036",obs_native,file:///D:/Simon/Sync/Root/GIS/Biodiversity%20Data/obs_native.csv?type=csv&maxFields=10000&detectTypes=yes&xField=longitude&yField=latitude&crs=EPSG:4326&spatialIndex=no&subsetIndex=no&watchFile=no
"1363",Athysanus pusillus,Athysanus,pusillus,,,,native,S5,,48.870519999999999,-123.381680000000003,,NA,NA,"81147039",obs_native,file:///D:/Simon/Sync/Root/GIS/Biodiversity%20Data/obs_native.csv?type=csv&maxFields=10000&detectTypes=yes&xField=longitude&yField=latitude&crs=EPSG:4326&spatialIndex=no&subsetIndex=no&watchFile=no
"1364",Athysanus pusillus,Athysanus,pusillus,,,,native,S5,,48.865161899999997,-123.367553200000003,,NA,NA,"111609903",obs_native,file:///D:/Simon/Sync/Root/GIS/Biodiversity%20Data/obs_native.csv?type=csv&maxFields=10000&detectTypes=yes&xField=longitude&yField=latitude&crs=EPSG:4326&spatialIndex=no&subsetIndex=no&watchFile=no
"1365",Athysanus pusillus,Athysanus,pusillus,,,,native,S5,,48.866620380000001,-123.375936600000003,,NA,NA,"114745434",obs_native,file:///D:/Simon/Sync/Root/GIS/Biodiversity%20Data/obs_native.csv?type=csv&maxFields=10000&detectTypes=yes&xField=longitude&yField=latitude&crs=EPSG:4326&spatialIndex=no&subsetIndex=no&watchFile=no
"1383",Barbarea orthoceras,Barbarea,orthoceras,,,,native,S5,,48.898304000000003,-123.407278000000005,,NA,NA,"3652873",obs_native,file:///D:/Simon/Sync/Root/GIS/Biodiversity%20Data/obs_native.csv?type=csv&maxFields=10000&detectTypes=yes&xField=longitude&yField=latitude&crs=EPSG:4326&spatialIndex=no&subsetIndex=no&watchFile=no
"1384",Barbarea orthoceras,Barbarea,orthoceras,,,,native,S5,,48.899737660000000,-123.407535600000003,,NA,NA,"6217241",obs_native,file:///D:/Simon/Sync/Root/GIS/Biodiversity%20Data/obs_native.csv?type=csv&maxFields=10000&detectTypes=yes&xField=longitude&yField=latitude&crs=EPSG:4326&spatialIndex=no&subsetIndex=no&watchFile=no
"1385",Barbarea orthoceras,Barbarea,orthoceras,,,,native,S5,,48.897499080000003,-123.407775900000004,,NA,NA,"24631441",obs_native,file:///D:/Simon/Sync/Root/GIS/Biodiversity%20Data/obs_native.csv?type=csv&maxFields=10000&detectTypes=yes&xField=longitude&yField=latitude&crs=EPSG:4326&spatialIndex=no&subsetIndex=no&watchFile=no
"1386",Barbarea orthoceras,Barbarea,orthoceras,,,,native,S5,,48.896869440000003,-123.406402799999995,,NA,NA,"25656472",obs_native,file:///D:/Simon/Sync/Root/GIS/Biodiversity%20Data/obs_native.csv?type=csv&maxFields=10000&detectTypes=yes&xField=longitude&yField=latitude&crs=EPSG:4326&spatialIndex=no&subsetIndex=no&watchFile=no
"1447",Berberis aquifolium,Berberis,aquifolium,,,,native,S5,,48.930394000000000,-123.474997999999999,,NA,NA,"2566238",obs_native,file:///D:/Simon/Sync/Root/GIS/Biodiversity%20Data/obs_native.csv?type=csv&maxFields=10000&detectTypes=yes&xField=longitude&yField=latitude&crs=EPSG:4326&spatialIndex=no&subsetIndex=no&watchFile=no
"1448",Berberis aquifolium,Berberis,aquifolium,,,,native,S5,,48.929040999999998,-123.471479000000002,,NA,NA,"2566468",obs_native,file:///D:/Simon/Sync/Root/GIS/Biodiversity%20Data/obs_native.csv?type=csv&maxFields=10000&detectTypes=yes&xField=longitude&yField=latitude&crs=EPSG:4326&spatialIndex=no&subsetIndex=no&watchFile=no
"1449",Berberis aquifolium,Berberis,aquifolium,,,,native,S5,,48.930337999999999,-123.474784000000000,,NA,NA,"2580313",obs_native,file:///D:/Simon/Sync/Root/GIS/Biodiversity%20Data/obs_native.csv?type=csv&maxFields=10000&detectTypes=yes&xField=longitude&yField=latitude&crs=EPSG:4326&spatialIndex=no&subsetIndex=no&watchFile=no
"1450",Berberis aquifolium,Berberis,aquifolium,,,,native,S5,,48.926220999999998,-123.465428000000003,,NA,NA,"2585119",obs_native,file:///D:/Simon/Sync/Root/GIS/Biodiversity%20Data/obs_native.csv?type=csv&maxFields=10000&detectTypes=yes&xField=longitude&yField=latitude&crs=EPSG:4326&spatialIndex=no&subsetIndex=no&watchFile=no
"1451",Berberis aquifolium,Berberis,aquifolium,,,,native,S5,,48.872197999999997,-123.311554999999998,,NA,NA,"2677426",obs_native,file:///D:/Simon/Sync/Root/GIS/Biodiversity%20Data/obs_native.csv?type=csv&maxFields=10000&detectTypes=yes&xField=longitude&yField=latitude&crs=EPSG:4326&spatialIndex=no&subsetIndex=no&watchFile=no
"1452",Berberis aquifolium,Berberis,aquifolium,,,,native,S5,,48.871859999999998,-123.311706000000001,,NA,NA,"2677454",obs_native,file:///D:/Simon/Sync/Root/GIS/Biodiversity%20Data/obs_native.csv?type=csv&maxFields=10000&detectTypes=yes&xField=longitude&yField=latitude&crs=EPSG:4326&spatialIndex=no&subsetIndex=no&watchFile=no
"1453",Berberis aquifolium,Berberis,aquifolium,,,,native,S5,,48.934178000000003,-123.489096000000004,,NA,NA,"2738378",obs_native,file:///D:/Simon/Sync/Root/GIS/Biodiversity%20Data/obs_native.csv?type=csv&maxFields=10000&detectTypes=yes&xField=longitude&yField=latitude&crs=EPSG:4326&spatialIndex=no&subsetIndex=no&watchFile=no
"1454",Berberis aquifolium,Berberis,aquifolium,,,,native,S5,,48.898837999999998,-123.407602999999995,,NA,NA,"2742982",obs_native,file:///D:/Simon/Sync/Root/GIS/Biodiversity%20Data/obs_native.csv?type=csv&maxFields=10000&detectTypes=yes&xField=longitude&yField=latitude&crs=EPSG:4326&spatialIndex=no&subsetIndex=no&watchFile=no
"1455",Berberis aquifolium,Berberis,aquifolium,,,,native,S5,,48.871738000000001,-123.311233999999999,,NA,NA,"2744676",obs_native,file:///D:/Simon/Sync/Root/GIS/Biodiversity%20Data/obs_native.csv?type=csv&maxFields=10000&detectTypes=yes&xField=longitude&yField=latitude&crs=EPSG:4326&spatialIndex=no&subsetIndex=no&watchFile=no
"1456",Berberis aquifolium,Berberis,aquifolium,,,,native,S5,,48.871963999999998,-123.311062000000007,,NA,NA,"2744846",obs_native,file:///D:/Simon/Sync/Root/GIS/Biodiversity%20Data/obs_native.csv?type=csv&maxFields=10000&detectTypes=yes&xField=longitude&yField=latitude&crs=EPSG:4326&spatialIndex=no&subsetIndex=no&watchFile=no
"1457",Berberis aquifolium,Berberis,aquifolium,,,,native,S5,,48.923647000000003,-123.441472000000005,,NA,NA,"2810421",obs_native,file:///D:/Simon/Sync/Root/GIS/Biodiversity%20Data/obs_native.csv?type=csv&maxFields=10000&detectTypes=yes&xField=longitude&yField=latitude&crs=EPSG:4326&spatialIndex=no&subsetIndex=no&watchFile=no
"1458",Berberis aquifolium,Berberis,aquifolium,,,,native,S5,,48.867548999999997,-123.339915000000005,,NA,NA,"3040913",obs_native,file:///D:/Simon/Sync/Root/GIS/Biodiversity%20Data/obs_native.csv?type=csv&maxFields=10000&detectTypes=yes&xField=longitude&yField=latitude&crs=EPSG:4326&spatialIndex=no&subsetIndex=no&watchFile=no
"1459",Berberis aquifolium,Berberis,aquifolium,,,,native,S5,,48.896949999999997,-123.406677000000002,,NA,NA,"3310590",obs_native,file:///D:/Simon/Sync/Root/GIS/Biodiversity%20Data/obs_native.csv?type=csv&maxFields=10000&detectTypes=yes&xField=longitude&yField=latitude&crs=EPSG:4326&spatialIndex=no&subsetIndex=no&watchFile=no
"1460",Berberis aquifolium,Berberis,aquifolium,,,,native,S5,,48.932485999999997,-123.483839000000003,,NA,NA,"3317489",obs_native,file:///D:/Simon/Sync/Root/GIS/Biodiversity%20Data/obs_native.csv?type=csv&maxFields=10000&detectTypes=yes&xField=longitude&yField=latitude&crs=EPSG:4326&spatialIndex=no&subsetIndex=no&watchFile=no
"1461",Berberis aquifolium,Berberis,aquifolium,,,,native,S5,,48.952108000000003,-123.519148000000001,,NA,NA,"3556279",obs_native,file:///D:/Simon/Sync/Root/GIS/Biodiversity%20Data/obs_native.csv?type=csv&maxFields=10000&detectTypes=yes&xField=longitude&yField=latitude&crs=EPSG:4326&spatialIndex=no&subsetIndex=no&watchFile=no
"1462",Berberis aquifolium,Berberis,aquifolium,,,,native,S5,,48.952108000000003,-123.519148000000001,,NA,NA,"3556716",obs_native,file:///D:/Simon/Sync/Root/GIS/Biodiversity%20Data/obs_native.csv?type=csv&maxFields=10000&detectTypes=yes&xField=longitude&yField=latitude&crs=EPSG:4326&spatialIndex=no&subsetIndex=no&watchFile=no
"1463",Berberis aquifolium,Berberis,aquifolium,,,,native,S5,,48.927855000000001,-123.470833299999995,,NA,NA,"3637762",obs_native,file:///D:/Simon/Sync/Root/GIS/Biodiversity%20Data/obs_native.csv?type=csv&maxFields=10000&detectTypes=yes&xField=longitude&yField=latitude&crs=EPSG:4326&spatialIndex=no&subsetIndex=no&watchFile=no
"1464",Berberis aquifolium,Berberis,aquifolium,,,,native,S5,,48.872090000000000,-123.311577000000000,,NA,NA,"5153105",obs_native,file:///D:/Simon/Sync/Root/GIS/Biodiversity%20Data/obs_native.csv?type=csv&maxFields=10000&detectTypes=yes&xField=longitude&yField=latitude&crs=EPSG:4326&spatialIndex=no&subsetIndex=no&watchFile=no
"1465",Berberis aquifolium,Berberis,aquifolium,,,,native,S5,,48.868753329999997,-123.385720000000006,,NA,NA,"5591803",obs_native,file:///D:/Simon/Sync/Root/GIS/Biodiversity%20Data/obs_native.csv?type=csv&maxFields=10000&detectTypes=yes&xField=longitude&yField=latitude&crs=EPSG:4326&spatialIndex=no&subsetIndex=no&watchFile=no
"1466",Berberis aquifolium,Berberis,aquifolium,,,,native,S5,,48.906620830000001,-123.358011200000007,,NA,NA,"5646946",obs_native,file:///D:/Simon/Sync/Root/GIS/Biodiversity%20Data/obs_native.csv?type=csv&maxFields=10000&detectTypes=yes&xField=longitude&yField=latitude&crs=EPSG:4326&spatialIndex=no&subsetIndex=no&watchFile=no
"1467",Berberis aquifolium,Berberis,aquifolium,,,,native,S5,,48.927087999999998,-123.466329999999999,,NA,NA,"5850444",obs_native,file:///D:/Simon/Sync/Root/GIS/Biodiversity%20Data/obs_native.csv?type=csv&maxFields=10000&detectTypes=yes&xField=longitude&yField=latitude&crs=EPSG:4326&spatialIndex=no&subsetIndex=no&watchFile=no
"1468",Berberis aquifolium,Berberis,aquifolium,,,,native,S5,,48.872082300000002,-123.312289199999995,,NA,NA,"6425055",obs_native,file:///D:/Simon/Sync/Root/GIS/Biodiversity%20Data/obs_native.csv?type=csv&maxFields=10000&detectTypes=yes&xField=longitude&yField=latitude&crs=EPSG:4326&spatialIndex=no&subsetIndex=no&watchFile=no
"1469",Berberis aquifolium,Berberis,aquifolium,,,,native,S5,,48.917499999999997,-123.396963299999996,,NA,NA,"11577681",obs_native,file:///D:/Simon/Sync/Root/GIS/Biodiversity%20Data/obs_native.csv?type=csv&maxFields=10000&detectTypes=yes&xField=longitude&yField=latitude&crs=EPSG:4326&spatialIndex=no&subsetIndex=no&watchFile=no
"1470",Berberis aquifolium,Berberis,aquifolium,,,,native,S5,,48.867603330000001,-123.339011700000000,,NA,NA,"13973315",obs_native,file:///D:/Simon/Sync/Root/GIS/Biodiversity%20Data/obs_native.csv?type=csv&maxFields=10000&detectTypes=yes&xField=longitude&yField=latitude&crs=EPSG:4326&spatialIndex=no&subsetIndex=no&watchFile=no
"1471",Berberis aquifolium,Berberis,aquifolium,,,,native,S5,,48.926588889999998,-123.468811099999996,,NA,NA,"16152477",obs_native,file:///D:/Simon/Sync/Root/GIS/Biodiversity%20Data/obs_native.csv?type=csv&maxFields=10000&detectTypes=yes&xField=longitude&yField=latitude&crs=EPSG:4326&spatialIndex=no&subsetIndex=no&watchFile=no
"1472",Berberis aquifolium,Berberis,aquifolium,,,,native,S5,,48.911071669999998,-123.395568299999994,,NA,NA,"21543545",obs_native,file:///D:/Simon/Sync/Root/GIS/Biodiversity%20Data/obs_native.csv?type=csv&maxFields=10000&detectTypes=yes&xField=longitude&yField=latitude&crs=EPSG:4326&spatialIndex=no&subsetIndex=no&watchFile=no
"1473",Berberis aquifolium,Berberis,aquifolium,,,,native,S5,,48.870317000000000,-123.319855000000004,,NA,NA,"21997167",obs_native,file:///D:/Simon/Sync/Root/GIS/Biodiversity%20Data/obs_native.csv?type=csv&maxFields=10000&detectTypes=yes&xField=longitude&yField=latitude&crs=EPSG:4326&spatialIndex=no&subsetIndex=no&watchFile=no
"1474",Berberis aquifolium,Berberis,aquifolium,,,,native,S5,,49.013315249999998,-123.572630399999994,,NA,NA,"24497675",obs_native,file:///D:/Simon/Sync/Root/GIS/Biodiversity%20Data/obs_native.csv?type=csv&maxFields=10000&detectTypes=yes&xField=longitude&yField=latitude&crs=EPSG:4326&spatialIndex=no&subsetIndex=no&watchFile=no
"1475",Berberis aquifolium,Berberis,aquifolium,,,,native,S5,,48.900219440000001,-123.407088900000005,,NA,NA,"24672698",obs_native,file:///D:/Simon/Sync/Root/GIS/Biodiversity%20Data/obs_native.csv?type=csv&maxFields=10000&detectTypes=yes&xField=longitude&yField=latitude&crs=EPSG:4326&spatialIndex=no&subsetIndex=no&watchFile=no
"1476",Berberis aquifolium,Berberis,aquifolium,,,,native,S5,,48.871883109999999,-123.310307699999996,,NA,NA,"24689209",obs_native,file:///D:/Simon/Sync/Root/GIS/Biodiversity%20Data/obs_native.csv?type=csv&maxFields=10000&detectTypes=yes&xField=longitude&yField=latitude&crs=EPSG:4326&spatialIndex=no&subsetIndex=no&watchFile=no
"1477",Berberis aquifolium,Berberis,aquifolium,,,,native,S5,,48.871625000000002,-123.310752800000003,,NA,NA,"24697687",obs_native,file:///D:/Simon/Sync/Root/GIS/Biodiversity%20Data/obs_native.csv?type=csv&maxFields=10000&detectTypes=yes&xField=longitude&yField=latitude&crs=EPSG:4326&spatialIndex=no&subsetIndex=no&watchFile=no
"1478",Berberis aquifolium,Berberis,aquifolium,,,,native,S5,,48.957691670000003,-123.541991699999997,,NA,NA,"24699196",obs_native,file:///D:/Simon/Sync/Root/GIS/Biodiversity%20Data/obs_native.csv?type=csv&maxFields=10000&detectTypes=yes&xField=longitude&yField=latitude&crs=EPSG:4326&spatialIndex=no&subsetIndex=no&watchFile=no
"1479",Berberis aquifolium,Berberis,aquifolium,,,,native,S5,,48.899038890000000,-123.407591699999998,,NA,NA,"24701206",obs_native,file:///D:/Simon/Sync/Root/GIS/Biodiversity%20Data/obs_native.csv?type=csv&maxFields=10000&detectTypes=yes&xField=longitude&yField=latitude&crs=EPSG:4326&spatialIndex=no&subsetIndex=no&watchFile=no
"1480",Berberis aquifolium,Berberis,aquifolium,,,,native,S5,,48.895497220000003,-123.410027799999995,,NA,NA,"24701238",obs_native,file:///D:/Simon/Sync/Root/GIS/Biodiversity%20Data/obs_native.csv?type=csv&maxFields=10000&detectTypes=yes&xField=longitude&yField=latitude&crs=EPSG:4326&spatialIndex=no&subsetIndex=no&watchFile=no
"1481",Berberis aquifolium,Berberis,aquifolium,,,,native,S5,,48.893555560000003,-123.405966699999993,,NA,NA,"24701325",obs_native,file:///D:/Simon/Sync/Root/GIS/Biodiversity%20Data/obs_native.csv?type=csv&maxFields=10000&detectTypes=yes&xField=longitude&yField=latitude&crs=EPSG:4326&spatialIndex=no&subsetIndex=no&watchFile=no
"1482",Berberis aquifolium,Berberis,aquifolium,,,,native,S5,,48.871830559999999,-123.310691700000007,,NA,NA,"24701383",obs_native,file:///D:/Simon/Sync/Root/GIS/Biodiversity%20Data/obs_native.csv?type=csv&maxFields=10000&detectTypes=yes&xField=longitude&yField=latitude&crs=EPSG:4326&spatialIndex=no&subsetIndex=no&watchFile=no
"1483",Berberis aquifolium,Berberis,aquifolium,,,,native,S5,,48.872020589999998,-123.311627099999995,,NA,NA,"24712278",obs_native,file:///D:/Simon/Sync/Root/GIS/Biodiversity%20Data/obs_native.csv?type=csv&maxFields=10000&detectTypes=yes&xField=longitude&yField=latitude&crs=EPSG:4326&spatialIndex=no&subsetIndex=no&watchFile=no
"1484",Berberis aquifolium,Berberis,aquifolium,,,,native,S5,,48.872163209999997,-123.311678999999998,,NA,NA,"24712422",obs_native,file:///D:/Simon/Sync/Root/GIS/Biodiversity%20Data/obs_native.csv?type=csv&maxFields=10000&detectTypes=yes&xField=longitude&yField=latitude&crs=EPSG:4326&spatialIndex=no&subsetIndex=no&watchFile=no
"1485",Berberis aquifolium,Berberis,aquifolium,,,,native,S5,,49.013559229999998,-123.573290099999994,,NA,NA,"24714318",obs_native,file:///D:/Simon/Sync/Root/GIS/Biodiversity%20Data/obs_native.csv?type=csv&maxFields=10000&detectTypes=yes&xField=longitude&yField=latitude&crs=EPSG:4326&spatialIndex=no&subsetIndex=no&watchFile=no
"1486",Berberis aquifolium,Berberis,aquifolium,,,,native,S5,,48.871856479999998,-123.312739899999997,,NA,NA,"24743621",obs_native,file:///D:/Simon/Sync/Root/GIS/Biodiversity%20Data/obs_native.csv?type=csv&maxFields=10000&detectTypes=yes&xField=longitude&yField=latitude&crs=EPSG:4326&spatialIndex=no&subsetIndex=no&watchFile=no
"1487",Berberis aquifolium,Berberis,aquifolium,,,,native,S5,,48.859540000000003,-123.353160000000003,,NA,NA,"24768149",obs_native,file:///D:/Simon/Sync/Root/GIS/Biodiversity%20Data/obs_native.csv?type=csv&maxFields=10000&detectTypes=yes&xField=longitude&yField=latitude&crs=EPSG:4326&spatialIndex=no&subsetIndex=no&watchFile=no
"1488",Berberis aquifolium,Berberis,aquifolium,,,,native,S5,,48.871600000000001,-123.311561100000006,,NA,NA,"24806548",obs_native,file:///D:/Simon/Sync/Root/GIS/Biodiversity%20Data/obs_native.csv?type=csv&maxFields=10000&detectTypes=yes&xField=longitude&yField=latitude&crs=EPSG:4326&spatialIndex=no&subsetIndex=no&watchFile=no
"1489",Berberis aquifolium,Berberis,aquifolium,,,,native,S5,,48.898900890000000,-123.407653800000006,,NA,NA,"24937031",obs_native,file:///D:/Simon/Sync/Root/GIS/Biodiversity%20Data/obs_native.csv?type=csv&maxFields=10000&detectTypes=yes&xField=longitude&yField=latitude&crs=EPSG:4326&spatialIndex=no&subsetIndex=no&watchFile=no
"1490",Berberis aquifolium,Berberis,aquifolium,,,,native,S5,,48.872748850000001,-123.313400599999994,,NA,NA,"25199343",obs_native,file:///D:/Simon/Sync/Root/GIS/Biodiversity%20Data/obs_native.csv?type=csv&maxFields=10000&detectTypes=yes&xField=longitude&yField=latitude&crs=EPSG:4326&spatialIndex=no&subsetIndex=no&watchFile=no
"1491",Berberis aquifolium,Berberis,aquifolium,,,,native,S5,,48.872533769999997,-123.312908300000004,,NA,NA,"25199449",obs_native,file:///D:/Simon/Sync/Root/GIS/Biodiversity%20Data/obs_native.csv?type=csv&maxFields=10000&detectTypes=yes&xField=longitude&yField=latitude&crs=EPSG:4326&spatialIndex=no&subsetIndex=no&watchFile=no
"1492",Berberis aquifolium,Berberis,aquifolium,,,,native,S5,,48.899395089999999,-123.407351700000007,,NA,NA,"25200265",obs_native,file:///D:/Simon/Sync/Root/GIS/Biodiversity%20Data/obs_native.csv?type=csv&maxFields=10000&detectTypes=yes&xField=longitude&yField=latitude&crs=EPSG:4326&spatialIndex=no&subsetIndex=no&watchFile=no
"1493",Berberis aquifolium,Berberis,aquifolium,,,,native,S5,,48.900330560000000,-123.407394400000001,,NA,NA,"25542470",obs_native,file:///D:/Simon/Sync/Root/GIS/Biodiversity%20Data/obs_native.csv?type=csv&maxFields=10000&detectTypes=yes&xField=longitude&yField=latitude&crs=EPSG:4326&spatialIndex=no&subsetIndex=no&watchFile=no
"1494",Berberis aquifolium,Berberis,aquifolium,,,,native,S5,,48.893738890000002,-123.406616700000001,,NA,NA,"25655429",obs_native,file:///D:/Simon/Sync/Root/GIS/Biodiversity%20Data/obs_native.csv?type=csv&maxFields=10000&detectTypes=yes&xField=longitude&yField=latitude&crs=EPSG:4326&spatialIndex=no&subsetIndex=no&watchFile=no
"1495",Berberis aquifolium,Berberis,aquifolium,,,,native,S5,,48.952730000000003,-123.533471700000007,,NA,NA,"28440138",obs_native,file:///D:/Simon/Sync/Root/GIS/Biodiversity%20Data/obs_native.csv?type=csv&maxFields=10000&detectTypes=yes&xField=longitude&yField=latitude&crs=EPSG:4326&spatialIndex=no&subsetIndex=no&watchFile=no
"1496",Berberis aquifolium,Berberis,aquifolium,,,,native,S5,,48.893897879999997,-123.406513399999994,,NA,NA,"32120951",obs_native,file:///D:/Simon/Sync/Root/GIS/Biodiversity%20Data/obs_native.csv?type=csv&maxFields=10000&detectTypes=yes&xField=longitude&yField=latitude&crs=EPSG:4326&spatialIndex=no&subsetIndex=no&watchFile=no
"1497",Berberis aquifolium,Berberis,aquifolium,,,,native,S5,,48.899886739999999,-123.407600299999999,,NA,NA,"39195651",obs_native,file:///D:/Simon/Sync/Root/GIS/Biodiversity%20Data/obs_native.csv?type=csv&maxFields=10000&detectTypes=yes&xField=longitude&yField=latitude&crs=EPSG:4326&spatialIndex=no&subsetIndex=no&watchFile=no
"1498",Berberis aquifolium,Berberis,aquifolium,,,,native,S5,,48.939288660000003,-123.500979900000004,,NA,NA,"39973096",obs_native,file:///D:/Simon/Sync/Root/GIS/Biodiversity%20Data/obs_native.csv?type=csv&maxFields=10000&detectTypes=yes&xField=longitude&yField=latitude&crs=EPSG:4326&spatialIndex=no&subsetIndex=no&watchFile=no
"1499",Berberis aquifolium,Berberis,aquifolium,,,,native,S5,,48.884849070000001,-123.321936899999997,,NA,NA,"40412981",obs_native,file:///D:/Simon/Sync/Root/GIS/Biodiversity%20Data/obs_native.csv?type=csv&maxFields=10000&detectTypes=yes&xField=longitude&yField=latitude&crs=EPSG:4326&spatialIndex=no&subsetIndex=no&watchFile=no
"1500",Berberis aquifolium,Berberis,aquifolium,,,,native,S5,,48.914041670000003,-123.387408300000004,,NA,NA,"42682010",obs_native,file:///D:/Simon/Sync/Root/GIS/Biodiversity%20Data/obs_native.csv?type=csv&maxFields=10000&detectTypes=yes&xField=longitude&yField=latitude&crs=EPSG:4326&spatialIndex=no&subsetIndex=no&watchFile=no
"1501",Berberis aquifolium,Berberis,aquifolium,,,,native,S5,,48.865761540000001,-123.337191000000004,,NA,NA,"43253070",obs_native,file:///D:/Simon/Sync/Root/GIS/Biodiversity%20Data/obs_native.csv?type=csv&maxFields=10000&detectTypes=yes&xField=longitude&yField=latitude&crs=EPSG:4326&spatialIndex=no&subsetIndex=no&watchFile=no
"1502",Berberis aquifolium,Berberis,aquifolium,,,,native,S5,,48.926704999999998,-123.467116700000005,,NA,NA,"45034941",obs_native,file:///D:/Simon/Sync/Root/GIS/Biodiversity%20Data/obs_native.csv?type=csv&maxFields=10000&detectTypes=yes&xField=longitude&yField=latitude&crs=EPSG:4326&spatialIndex=no&subsetIndex=no&watchFile=no
"1503",Berberis aquifolium,Berberis,aquifolium,,,,native,S5,,48.938286669999997,-123.499695000000003,,NA,NA,"49133945",obs_native,file:///D:/Simon/Sync/Root/GIS/Biodiversity%20Data/obs_native.csv?type=csv&maxFields=10000&detectTypes=yes&xField=longitude&yField=latitude&crs=EPSG:4326&spatialIndex=no&subsetIndex=no&watchFile=no
"1504",Berberis aquifolium,Berberis,aquifolium,,,,native,S5,,48.931330099999997,-123.487587199999993,,NA,NA,"53377536",obs_native,file:///D:/Simon/Sync/Root/GIS/Biodiversity%20Data/obs_native.csv?type=csv&maxFields=10000&detectTypes=yes&xField=longitude&yField=latitude&crs=EPSG:4326&spatialIndex=no&subsetIndex=no&watchFile=no
"1505",Berberis aquifolium,Berberis,aquifolium,,,,native,S5,,48.927244530000003,-123.468343099999998,,NA,NA,"53381035",obs_native,file:///D:/Simon/Sync/Root/GIS/Biodiversity%20Data/obs_native.csv?type=csv&maxFields=10000&detectTypes=yes&xField=longitude&yField=latitude&crs=EPSG:4326&spatialIndex=no&subsetIndex=no&watchFile=no
"1506",Berberis aquifolium,Berberis,aquifolium,,,,native,S5,,49.013776669999999,-123.573790000000002,,NA,NA,"57127987",obs_native,file:///D:/Simon/Sync/Root/GIS/Biodiversity%20Data/obs_native.csv?type=csv&maxFields=10000&detectTypes=yes&xField=longitude&yField=latitude&crs=EPSG:4326&spatialIndex=no&subsetIndex=no&watchFile=no
"1507",Berberis aquifolium,Berberis,aquifolium,,,,native,S5,,49.013146669999998,-123.572878299999999,,NA,NA,"57128007",obs_native,file:///D:/Simon/Sync/Root/GIS/Biodiversity%20Data/obs_native.csv?type=csv&maxFields=10000&detectTypes=yes&xField=longitude&yField=latitude&crs=EPSG:4326&spatialIndex=no&subsetIndex=no&watchFile=no
"1508",Berberis aquifolium,Berberis,aquifolium,,,,native,S5,,48.957603329999998,-123.530844999999999,,NA,NA,"68129887",obs_native,file:///D:/Simon/Sync/Root/GIS/Biodiversity%20Data/obs_native.csv?type=csv&maxFields=10000&detectTypes=yes&xField=longitude&yField=latitude&crs=EPSG:4326&spatialIndex=no&subsetIndex=no&watchFile=no
"1509",Berberis aquifolium,Berberis,aquifolium,,,,native,S5,,49.013873990000000,-123.573645499999998,,NA,NA,"72230063",obs_native,file:///D:/Simon/Sync/Root/GIS/Biodiversity%20Data/obs_native.csv?type=csv&maxFields=10000&detectTypes=yes&xField=longitude&yField=latitude&crs=EPSG:4326&spatialIndex=no&subsetIndex=no&watchFile=no
"1510",Berberis aquifolium,Berberis,aquifolium,,,,native,S5,,48.938668329999999,-123.500213299999999,,NA,NA,"72321426",obs_native,file:///D:/Simon/Sync/Root/GIS/Biodiversity%20Data/obs_native.csv?type=csv&maxFields=10000&detectTypes=yes&xField=longitude&yField=latitude&crs=EPSG:4326&spatialIndex=no&subsetIndex=no&watchFile=no
"1511",Berberis aquifolium,Berberis,aquifolium,,,,native,S5,,48.938696669999999,-123.500043300000002,,NA,NA,"72321433",obs_native,file:///D:/Simon/Sync/Root/GIS/Biodiversity%20Data/obs_native.csv?type=csv&maxFields=10000&detectTypes=yes&xField=longitude&yField=latitude&crs=EPSG:4326&spatialIndex=no&subsetIndex=no&watchFile=no
"1512",Berberis aquifolium,Berberis,aquifolium,,,,native,S5,,48.926924139999997,-123.465761299999997,,NA,NA,"84242468",obs_native,file:///D:/Simon/Sync/Root/GIS/Biodiversity%20Data/obs_native.csv?type=csv&maxFields=10000&detectTypes=yes&xField=longitude&yField=latitude&crs=EPSG:4326&spatialIndex=no&subsetIndex=no&watchFile=no
"1513",Berberis aquifolium,Berberis,aquifolium,,,,native,S5,,48.927370600000003,-123.464591200000001,,NA,NA,"84269497",obs_native,file:///D:/Simon/Sync/Root/GIS/Biodiversity%20Data/obs_native.csv?type=csv&maxFields=10000&detectTypes=yes&xField=longitude&yField=latitude&crs=EPSG:4326&spatialIndex=no&subsetIndex=no&watchFile=no
"1514",Berberis aquifolium,Berberis,aquifolium,,,,native,S5,,48.897883000000000,-123.400917000000007,,NA,NA,"109867868",obs_native,file:///D:/Simon/Sync/Root/GIS/Biodiversity%20Data/obs_native.csv?type=csv&maxFields=10000&detectTypes=yes&xField=longitude&yField=latitude&crs=EPSG:4326&spatialIndex=no&subsetIndex=no&watchFile=no
"1515",Berberis aquifolium,Berberis,aquifolium,,,,native,S5,,48.952663330000000,-123.533416700000004,,NA,NA,"111105965",obs_native,file:///D:/Simon/Sync/Root/GIS/Biodiversity%20Data/obs_native.csv?type=csv&maxFields=10000&detectTypes=yes&xField=longitude&yField=latitude&crs=EPSG:4326&spatialIndex=no&subsetIndex=no&watchFile=no
"1516",Berberis aquifolium,Berberis,aquifolium,,,,native,S5,,48.897354999999997,-123.338629999999995,,NA,NA,"120494799",obs_native,file:///D:/Simon/Sync/Root/GIS/Biodiversity%20Data/obs_native.csv?type=csv&maxFields=10000&detectTypes=yes&xField=longitude&yField=latitude&crs=EPSG:4326&spatialIndex=no&subsetIndex=no&watchFile=no
"1517",Berberis aquifolium,Berberis,aquifolium,,,,native,S5,,48.927127779999999,-123.468358300000006,,NA,NA,"122225706",obs_native,file:///D:/Simon/Sync/Root/GIS/Biodiversity%20Data/obs_native.csv?type=csv&maxFields=10000&detectTypes=yes&xField=longitude&yField=latitude&crs=EPSG:4326&spatialIndex=no&subsetIndex=no&watchFile=no
"1518",Berberis aquifolium,Berberis,aquifolium,,,,native,S5,,49.012968330000000,-123.576049999999995,,NA,NA,"123934513",obs_native,file:///D:/Simon/Sync/Root/GIS/Biodiversity%20Data/obs_native.csv?type=csv&maxFields=10000&detectTypes=yes&xField=longitude&yField=latitude&crs=EPSG:4326&spatialIndex=no&subsetIndex=no&watchFile=no
"1519",Berberis aquifolium,Berberis,aquifolium,,,,native,S5,,48.870874999999998,-123.312303299999996,,NA,NA,"129444467",obs_native,file:///D:/Simon/Sync/Root/GIS/Biodiversity%20Data/obs_native.csv?type=csv&maxFields=10000&detectTypes=yes&xField=longitude&yField=latitude&crs=EPSG:4326&spatialIndex=no&subsetIndex=no&watchFile=no
"1520",Berberis aquifolium,Berberis,aquifolium,,,,native,S5,,48.870395000000002,-123.319929999999999,,NA,NA,"130446655",obs_native,file:///D:/Simon/Sync/Root/GIS/Biodiversity%20Data/obs_native.csv?type=csv&maxFields=10000&detectTypes=yes&xField=longitude&yField=latitude&crs=EPSG:4326&spatialIndex=no&subsetIndex=no&watchFile=no
"1521",Berberis nervosa,Berberis,nervosa,,,,native,S5,,48.934341000000003,-123.480920999999995,,NA,NA,"2565110",obs_native,file:///D:/Simon/Sync/Root/GIS/Biodiversity%20Data/obs_native.csv?type=csv&maxFields=10000&detectTypes=yes&xField=longitude&yField=latitude&crs=EPSG:4326&spatialIndex=no&subsetIndex=no&watchFile=no
"1522",Berberis nervosa,Berberis,nervosa,,,,native,S5,,48.929378999999997,-123.474075999999997,,NA,NA,"2566245",obs_native,file:///D:/Simon/Sync/Root/GIS/Biodiversity%20Data/obs_native.csv?type=csv&maxFields=10000&detectTypes=yes&xField=longitude&yField=latitude&crs=EPSG:4326&spatialIndex=no&subsetIndex=no&watchFile=no
"1523",Berberis nervosa,Berberis,nervosa,,,,native,S5,,48.928251000000003,-123.471050000000005,,NA,NA,"2566529",obs_native,file:///D:/Simon/Sync/Root/GIS/Biodiversity%20Data/obs_native.csv?type=csv&maxFields=10000&detectTypes=yes&xField=longitude&yField=latitude&crs=EPSG:4326&spatialIndex=no&subsetIndex=no&watchFile=no
"1524",Berberis nervosa,Berberis,nervosa,,,,native,S5,,48.928251000000003,-123.471050000000005,,NA,NA,"2566532",obs_native,file:///D:/Simon/Sync/Root/GIS/Biodiversity%20Data/obs_native.csv?type=csv&maxFields=10000&detectTypes=yes&xField=longitude&yField=latitude&crs=EPSG:4326&spatialIndex=no&subsetIndex=no&watchFile=no
"1525",Berberis nervosa,Berberis,nervosa,,,,native,S5,,48.929547999999997,-123.474226000000002,,NA,NA,"2580319",obs_native,file:///D:/Simon/Sync/Root/GIS/Biodiversity%20Data/obs_native.csv?type=csv&maxFields=10000&detectTypes=yes&xField=longitude&yField=latitude&crs=EPSG:4326&spatialIndex=no&subsetIndex=no&watchFile=no
"1526",Berberis nervosa,Berberis,nervosa,,,,native,S5,,48.929470000000002,-123.474182999999996,,NA,NA,"2591166",obs_native,file:///D:/Simon/Sync/Root/GIS/Biodiversity%20Data/obs_native.csv?type=csv&maxFields=10000&detectTypes=yes&xField=longitude&yField=latitude&crs=EPSG:4326&spatialIndex=no&subsetIndex=no&watchFile=no
"1527",Berberis nervosa,Berberis,nervosa,,,,native,S5,,48.929378999999997,-123.468217999999993,,NA,NA,"2629768",obs_native,file:///D:/Simon/Sync/Root/GIS/Biodiversity%20Data/obs_native.csv?type=csv&maxFields=10000&detectTypes=yes&xField=longitude&yField=latitude&crs=EPSG:4326&spatialIndex=no&subsetIndex=no&watchFile=no
"1528",Berberis nervosa,Berberis,nervosa,,,,native,S5,,48.927292999999999,-123.468733000000000,,NA,NA,"2663682",obs_native,file:///D:/Simon/Sync/Root/GIS/Biodiversity%20Data/obs_native.csv?type=csv&maxFields=10000&detectTypes=yes&xField=longitude&yField=latitude&crs=EPSG:4326&spatialIndex=no&subsetIndex=no&watchFile=no
"1529",Berberis nervosa,Berberis,nervosa,,,,native,S5,,49.006593000000002,-123.580174000000000,,NA,NA,"2679571",obs_native,file:///D:/Simon/Sync/Root/GIS/Biodiversity%20Data/obs_native.csv?type=csv&maxFields=10000&detectTypes=yes&xField=longitude&yField=latitude&crs=EPSG:4326&spatialIndex=no&subsetIndex=no&watchFile=no
"1530",Berberis nervosa,Berberis,nervosa,,,,native,S5,,48.950977999999999,-123.516797999999994,,NA,NA,"2819487",obs_native,file:///D:/Simon/Sync/Root/GIS/Biodiversity%20Data/obs_native.csv?type=csv&maxFields=10000&detectTypes=yes&xField=longitude&yField=latitude&crs=EPSG:4326&spatialIndex=no&subsetIndex=no&watchFile=no
"1531",Berberis nervosa,Berberis,nervosa,,,,native,S5,,48.865038890000001,-123.322119400000005,,NA,NA,"2959399",obs_native,file:///D:/Simon/Sync/Root/GIS/Biodiversity%20Data/obs_native.csv?type=csv&maxFields=10000&detectTypes=yes&xField=longitude&yField=latitude&crs=EPSG:4326&spatialIndex=no&subsetIndex=no&watchFile=no
"1532",Berberis nervosa,Berberis,nervosa,,,,native,S5,,48.919024999999998,-123.430623999999995,,NA,NA,"3114517",obs_native,file:///D:/Simon/Sync/Root/GIS/Biodiversity%20Data/obs_native.csv?type=csv&maxFields=10000&detectTypes=yes&xField=longitude&yField=latitude&crs=EPSG:4326&spatialIndex=no&subsetIndex=no&watchFile=no
"1533",Berberis nervosa,Berberis,nervosa,,,,native,S5,,48.915652000000001,-123.426826000000005,,NA,NA,"3336199",obs_native,file:///D:/Simon/Sync/Root/GIS/Biodiversity%20Data/obs_native.csv?type=csv&maxFields=10000&detectTypes=yes&xField=longitude&yField=latitude&crs=EPSG:4326&spatialIndex=no&subsetIndex=no&watchFile=no
"1534",Berberis nervosa,Berberis,nervosa,,,,native,S5,,48.951200000000000,-123.516368999999997,,NA,NA,"3556161",obs_native,file:///D:/Simon/Sync/Root/GIS/Biodiversity%20Data/obs_native.csv?type=csv&maxFields=10000&detectTypes=yes&xField=longitude&yField=latitude&crs=EPSG:4326&spatialIndex=no&subsetIndex=no&watchFile=no
"1535",Berberis nervosa,Berberis,nervosa,,,,native,S5,,48.939607000000002,-123.501418000000001,,NA,NA,"3637990",obs_native,file:///D:/Simon/Sync/Root/GIS/Biodiversity%20Data/obs_native.csv?type=csv&maxFields=10000&detectTypes=yes&xField=longitude&yField=latitude&crs=EPSG:4326&spatialIndex=no&subsetIndex=no&watchFile=no
"1536",Berberis nervosa,Berberis,nervosa,,,,native,S5,,48.899765870000003,-123.407299499999993,,NA,NA,"3700973",obs_native,file:///D:/Simon/Sync/Root/GIS/Biodiversity%20Data/obs_native.csv?type=csv&maxFields=10000&detectTypes=yes&xField=longitude&yField=latitude&crs=EPSG:4326&spatialIndex=no&subsetIndex=no&watchFile=no
"1537",Berberis nervosa,Berberis,nervosa,,,,native,S5,,48.963664000000001,-123.549627999999998,,NA,NA,"4030133",obs_native,file:///D:/Simon/Sync/Root/GIS/Biodiversity%20Data/obs_native.csv?type=csv&maxFields=10000&detectTypes=yes&xField=longitude&yField=latitude&crs=EPSG:4326&spatialIndex=no&subsetIndex=no&watchFile=no
"1538",Berberis nervosa,Berberis,nervosa,,,,native,S5,,48.906225919999997,-123.360671999999994,,NA,NA,"5885591",obs_native,file:///D:/Simon/Sync/Root/GIS/Biodiversity%20Data/obs_native.csv?type=csv&maxFields=10000&detectTypes=yes&xField=longitude&yField=latitude&crs=EPSG:4326&spatialIndex=no&subsetIndex=no&watchFile=no
"1539",Berberis nervosa,Berberis,nervosa,,,,native,S5,,48.896253399999999,-123.359395300000003,,NA,NA,"5993205",obs_native,file:///D:/Simon/Sync/Root/GIS/Biodiversity%20Data/obs_native.csv?type=csv&maxFields=10000&detectTypes=yes&xField=longitude&yField=latitude&crs=EPSG:4326&spatialIndex=no&subsetIndex=no&watchFile=no
"1540",Berberis nervosa,Berberis,nervosa,,,,native,S5,,48.927969529999999,-123.470706899999996,,NA,NA,"6298745",obs_native,file:///D:/Simon/Sync/Root/GIS/Biodiversity%20Data/obs_native.csv?type=csv&maxFields=10000&detectTypes=yes&xField=longitude&yField=latitude&crs=EPSG:4326&spatialIndex=no&subsetIndex=no&watchFile=no
"1541",Berberis nervosa,Berberis,nervosa,,,,native,S5,,48.902087000000002,-123.445780999999997,,NA,NA,"6505019",obs_native,file:///D:/Simon/Sync/Root/GIS/Biodiversity%20Data/obs_native.csv?type=csv&maxFields=10000&detectTypes=yes&xField=longitude&yField=latitude&crs=EPSG:4326&spatialIndex=no&subsetIndex=no&watchFile=no
"1542",Berberis nervosa,Berberis,nervosa,,,,native,S5,,48.876097999999999,-123.386035000000007,,NA,NA,"6817964",obs_native,file:///D:/Simon/Sync/Root/GIS/Biodiversity%20Data/obs_native.csv?type=csv&maxFields=10000&detectTypes=yes&xField=longitude&yField=latitude&crs=EPSG:4326&spatialIndex=no&subsetIndex=no&watchFile=no
"1543",Berberis nervosa,Berberis,nervosa,,,,native,S5,,48.942070000000001,-123.479066000000003,,NA,NA,"11577647",obs_native,file:///D:/Simon/Sync/Root/GIS/Biodiversity%20Data/obs_native.csv?type=csv&maxFields=10000&detectTypes=yes&xField=longitude&yField=latitude&crs=EPSG:4326&spatialIndex=no&subsetIndex=no&watchFile=no
"1544",Berberis nervosa,Berberis,nervosa,,,,native,S5,,48.983659000000003,-123.567987000000002,,NA,NA,"11580024",obs_native,file:///D:/Simon/Sync/Root/GIS/Biodiversity%20Data/obs_native.csv?type=csv&maxFields=10000&detectTypes=yes&xField=longitude&yField=latitude&crs=EPSG:4326&spatialIndex=no&subsetIndex=no&watchFile=no
"1545",Berberis nervosa,Berberis,nervosa,,,,native,S5,,48.877090000000003,-123.342349999999996,,NA,NA,"12631806",obs_native,file:///D:/Simon/Sync/Root/GIS/Biodiversity%20Data/obs_native.csv?type=csv&maxFields=10000&detectTypes=yes&xField=longitude&yField=latitude&crs=EPSG:4326&spatialIndex=no&subsetIndex=no&watchFile=no
"1546",Berberis nervosa,Berberis,nervosa,,,,native,S5,,48.872402999999998,-123.342645000000005,,NA,NA,"12762534",obs_native,file:///D:/Simon/Sync/Root/GIS/Biodiversity%20Data/obs_native.csv?type=csv&maxFields=10000&detectTypes=yes&xField=longitude&yField=latitude&crs=EPSG:4326&spatialIndex=no&subsetIndex=no&watchFile=no
"1547",Berberis nervosa,Berberis,nervosa,,,,native,S5,,48.877445999999999,-123.337104999999994,,NA,NA,"12774089",obs_native,file:///D:/Simon/Sync/Root/GIS/Biodiversity%20Data/obs_native.csv?type=csv&maxFields=10000&detectTypes=yes&xField=longitude&yField=latitude&crs=EPSG:4326&spatialIndex=no&subsetIndex=no&watchFile=no
"1548",Berberis nervosa,Berberis,nervosa,,,,native,S5,,48.880411000000002,-123.336709999999997,,NA,NA,"12789151",obs_native,file:///D:/Simon/Sync/Root/GIS/Biodiversity%20Data/obs_native.csv?type=csv&maxFields=10000&detectTypes=yes&xField=longitude&yField=latitude&crs=EPSG:4326&spatialIndex=no&subsetIndex=no&watchFile=no
"1549",Berberis nervosa,Berberis,nervosa,,,,native,S5,,48.871484000000002,-123.337271999999999,,NA,NA,"12792123",obs_native,file:///D:/Simon/Sync/Root/GIS/Biodiversity%20Data/obs_native.csv?type=csv&maxFields=10000&detectTypes=yes&xField=longitude&yField=latitude&crs=EPSG:4326&spatialIndex=no&subsetIndex=no&watchFile=no
"1550",Berberis nervosa,Berberis,nervosa,,,,native,S5,,48.868533999999997,-123.338466999999994,,NA,NA,"12816598",obs_native,file:///D:/Simon/Sync/Root/GIS/Biodiversity%20Data/obs_native.csv?type=csv&maxFields=10000&detectTypes=yes&xField=longitude&yField=latitude&crs=EPSG:4326&spatialIndex=no&subsetIndex=no&watchFile=no
"1551",Berberis nervosa,Berberis,nervosa,,,,native,S5,,48.880842999999999,-123.337502000000001,,NA,NA,"13965572",obs_native,file:///D:/Simon/Sync/Root/GIS/Biodiversity%20Data/obs_native.csv?type=csv&maxFields=10000&detectTypes=yes&xField=longitude&yField=latitude&crs=EPSG:4326&spatialIndex=no&subsetIndex=no&watchFile=no
"1552",Berberis nervosa,Berberis,nervosa,,,,native,S5,,48.869005119999997,-123.345825800000000,,NA,NA,"13972526",obs_native,file:///D:/Simon/Sync/Root/GIS/Biodiversity%20Data/obs_native.csv?type=csv&maxFields=10000&detectTypes=yes&xField=longitude&yField=latitude&crs=EPSG:4326&spatialIndex=no&subsetIndex=no&watchFile=no
"1553",Berberis nervosa,Berberis,nervosa,,,,native,S5,,48.879296670000002,-123.321398299999998,,NA,NA,"23781723",obs_native,file:///D:/Simon/Sync/Root/GIS/Biodiversity%20Data/obs_native.csv?type=csv&maxFields=10000&detectTypes=yes&xField=longitude&yField=latitude&crs=EPSG:4326&spatialIndex=no&subsetIndex=no&watchFile=no
"1554",Berberis nervosa,Berberis,nervosa,,,,native,S5,,48.879281669999997,-123.321640000000002,,NA,NA,"23786105",obs_native,file:///D:/Simon/Sync/Root/GIS/Biodiversity%20Data/obs_native.csv?type=csv&maxFields=10000&detectTypes=yes&xField=longitude&yField=latitude&crs=EPSG:4326&spatialIndex=no&subsetIndex=no&watchFile=no
"1555",Berberis nervosa,Berberis,nervosa,,,,native,S5,,48.963069439999998,-123.517211099999997,,NA,NA,"24665088",obs_native,file:///D:/Simon/Sync/Root/GIS/Biodiversity%20Data/obs_native.csv?type=csv&maxFields=10000&detectTypes=yes&xField=longitude&yField=latitude&crs=EPSG:4326&spatialIndex=no&subsetIndex=no&watchFile=no
"1556",Berberis nervosa,Berberis,nervosa,,,,native,S5,,48.962805560000000,-123.516913900000006,,NA,NA,"24665265",obs_native,file:///D:/Simon/Sync/Root/GIS/Biodiversity%20Data/obs_native.csv?type=csv&maxFields=10000&detectTypes=yes&xField=longitude&yField=latitude&crs=EPSG:4326&spatialIndex=no&subsetIndex=no&watchFile=no
"1557",Berberis nervosa,Berberis,nervosa,,,,native,S5,,48.900588890000002,-123.406983299999993,,NA,NA,"24676861",obs_native,file:///D:/Simon/Sync/Root/GIS/Biodiversity%20Data/obs_native.csv?type=csv&maxFields=10000&detectTypes=yes&xField=longitude&yField=latitude&crs=EPSG:4326&spatialIndex=no&subsetIndex=no&watchFile=no
"1558",Berberis nervosa,Berberis,nervosa,,,,native,S5,,48.900616669999998,-123.406861100000000,,NA,NA,"24676870",obs_native,file:///D:/Simon/Sync/Root/GIS/Biodiversity%20Data/obs_native.csv?type=csv&maxFields=10000&detectTypes=yes&xField=longitude&yField=latitude&crs=EPSG:4326&spatialIndex=no&subsetIndex=no&watchFile=no
"1559",Berberis nervosa,Berberis,nervosa,,,,native,S5,,48.897327779999998,-123.408363899999998,,NA,NA,"24677334",obs_native,file:///D:/Simon/Sync/Root/GIS/Biodiversity%20Data/obs_native.csv?type=csv&maxFields=10000&detectTypes=yes&xField=longitude&yField=latitude&crs=EPSG:4326&spatialIndex=no&subsetIndex=no&watchFile=no
"1560",Berberis nervosa,Berberis,nervosa,,,,native,S5,,48.895416670000003,-123.406891700000003,,NA,NA,"24677344",obs_native,file:///D:/Simon/Sync/Root/GIS/Biodiversity%20Data/obs_native.csv?type=csv&maxFields=10000&detectTypes=yes&xField=longitude&yField=latitude&crs=EPSG:4326&spatialIndex=no&subsetIndex=no&watchFile=no
"1561",Berberis nervosa,Berberis,nervosa,,,,native,S5,,48.896830559999998,-123.408141700000002,,NA,NA,"24677400",obs_native,file:///D:/Simon/Sync/Root/GIS/Biodiversity%20Data/obs_native.csv?type=csv&maxFields=10000&detectTypes=yes&xField=longitude&yField=latitude&crs=EPSG:4326&spatialIndex=no&subsetIndex=no&watchFile=no
"1562",Berberis nervosa,Berberis,nervosa,,,,native,S5,,48.896763890000003,-123.408019400000001,,NA,NA,"24677497",obs_native,file:///D:/Simon/Sync/Root/GIS/Biodiversity%20Data/obs_native.csv?type=csv&maxFields=10000&detectTypes=yes&xField=longitude&yField=latitude&crs=EPSG:4326&spatialIndex=no&subsetIndex=no&watchFile=no
"1563",Berberis nervosa,Berberis,nervosa,,,,native,S5,,48.900780259999998,-123.406772200000006,,NA,NA,"24689797",obs_native,file:///D:/Simon/Sync/Root/GIS/Biodiversity%20Data/obs_native.csv?type=csv&maxFields=10000&detectTypes=yes&xField=longitude&yField=latitude&crs=EPSG:4326&spatialIndex=no&subsetIndex=no&watchFile=no
"1564",Berberis nervosa,Berberis,nervosa,,,,native,S5,,48.871719440000000,-123.312363899999994,,NA,NA,"24701408",obs_native,file:///D:/Simon/Sync/Root/GIS/Biodiversity%20Data/obs_native.csv?type=csv&maxFields=10000&detectTypes=yes&xField=longitude&yField=latitude&crs=EPSG:4326&spatialIndex=no&subsetIndex=no&watchFile=no
"1565",Berberis nervosa,Berberis,nervosa,,,,native,S5,,48.872073329999999,-123.312638300000003,,NA,NA,"24701541",obs_native,file:///D:/Simon/Sync/Root/GIS/Biodiversity%20Data/obs_native.csv?type=csv&maxFields=10000&detectTypes=yes&xField=longitude&yField=latitude&crs=EPSG:4326&spatialIndex=no&subsetIndex=no&watchFile=no
"1566",Berberis nervosa,Berberis,nervosa,,,,native,S5,,48.872159850000003,-123.312811600000003,,NA,NA,"24708239",obs_native,file:///D:/Simon/Sync/Root/GIS/Biodiversity%20Data/obs_native.csv?type=csv&maxFields=10000&detectTypes=yes&xField=longitude&yField=latitude&crs=EPSG:4326&spatialIndex=no&subsetIndex=no&watchFile=no
"1567",Berberis nervosa,Berberis,nervosa,,,,native,S5,,48.900512270000000,-123.406757499999998,,NA,NA,"24708624",obs_native,file:///D:/Simon/Sync/Root/GIS/Biodiversity%20Data/obs_native.csv?type=csv&maxFields=10000&detectTypes=yes&xField=longitude&yField=latitude&crs=EPSG:4326&spatialIndex=no&subsetIndex=no&watchFile=no
"1568",Berberis nervosa,Berberis,nervosa,,,,native,S5,,48.901461060000003,-123.404325099999994,,NA,NA,"24709087",obs_native,file:///D:/Simon/Sync/Root/GIS/Biodiversity%20Data/obs_native.csv?type=csv&maxFields=10000&detectTypes=yes&xField=longitude&yField=latitude&crs=EPSG:4326&spatialIndex=no&subsetIndex=no&watchFile=no
"1569",Berberis nervosa,Berberis,nervosa,,,,native,S5,,48.900740749999997,-123.406138499999997,,NA,NA,"24709336",obs_native,file:///D:/Simon/Sync/Root/GIS/Biodiversity%20Data/obs_native.csv?type=csv&maxFields=10000&detectTypes=yes&xField=longitude&yField=latitude&crs=EPSG:4326&spatialIndex=no&subsetIndex=no&watchFile=no
"1570",Berberis nervosa,Berberis,nervosa,,,,native,S5,,48.900656609999999,-123.406750900000006,,NA,NA,"24714892",obs_native,file:///D:/Simon/Sync/Root/GIS/Biodiversity%20Data/obs_native.csv?type=csv&maxFields=10000&detectTypes=yes&xField=longitude&yField=latitude&crs=EPSG:4326&spatialIndex=no&subsetIndex=no&watchFile=no
"1571",Berberis nervosa,Berberis,nervosa,,,,native,S5,,48.900692900000003,-123.407449600000007,,NA,NA,"24714931",obs_native,file:///D:/Simon/Sync/Root/GIS/Biodiversity%20Data/obs_native.csv?type=csv&maxFields=10000&detectTypes=yes&xField=longitude&yField=latitude&crs=EPSG:4326&spatialIndex=no&subsetIndex=no&watchFile=no
"1572",Berberis nervosa,Berberis,nervosa,,,,native,S5,,48.900478489999998,-123.406815300000005,,NA,NA,"24715187",obs_native,file:///D:/Simon/Sync/Root/GIS/Biodiversity%20Data/obs_native.csv?type=csv&maxFields=10000&detectTypes=yes&xField=longitude&yField=latitude&crs=EPSG:4326&spatialIndex=no&subsetIndex=no&watchFile=no
"1573",Berberis nervosa,Berberis,nervosa,,,,native,S5,,48.872063890000000,-123.312941699999996,,NA,NA,"24806470",obs_native,file:///D:/Simon/Sync/Root/GIS/Biodiversity%20Data/obs_native.csv?type=csv&maxFields=10000&detectTypes=yes&xField=longitude&yField=latitude&crs=EPSG:4326&spatialIndex=no&subsetIndex=no&watchFile=no
"1574",Berberis nervosa,Berberis,nervosa,,,,native,S5,,48.872105560000001,-123.312744400000000,,NA,NA,"24806507",obs_native,file:///D:/Simon/Sync/Root/GIS/Biodiversity%20Data/obs_native.csv?type=csv&maxFields=10000&detectTypes=yes&xField=longitude&yField=latitude&crs=EPSG:4326&spatialIndex=no&subsetIndex=no&watchFile=no
"1575",Berberis nervosa,Berberis,nervosa,,,,native,S5,,48.871922220000002,-123.312888900000004,,NA,NA,"24806715",obs_native,file:///D:/Simon/Sync/Root/GIS/Biodiversity%20Data/obs_native.csv?type=csv&maxFields=10000&detectTypes=yes&xField=longitude&yField=latitude&crs=EPSG:4326&spatialIndex=no&subsetIndex=no&watchFile=no
"1576",Berberis nervosa,Berberis,nervosa,,,,native,S5,,48.872008330000000,-123.312919399999998,,NA,NA,"24824124",obs_native,file:///D:/Simon/Sync/Root/GIS/Biodiversity%20Data/obs_native.csv?type=csv&maxFields=10000&detectTypes=yes&xField=longitude&yField=latitude&crs=EPSG:4326&spatialIndex=no&subsetIndex=no&watchFile=no
"1577",Berberis nervosa,Berberis,nervosa,,,,native,S5,,48.871808330000000,-123.312141699999998,,NA,NA,"24824160",obs_native,file:///D:/Simon/Sync/Root/GIS/Biodiversity%20Data/obs_native.csv?type=csv&maxFields=10000&detectTypes=yes&xField=longitude&yField=latitude&crs=EPSG:4326&spatialIndex=no&subsetIndex=no&watchFile=no
"1578",Berberis nervosa,Berberis,nervosa,,,,native,S5,,48.896149870000002,-123.409566799999993,,NA,NA,"24942694",obs_native,file:///D:/Simon/Sync/Root/GIS/Biodiversity%20Data/obs_native.csv?type=csv&maxFields=10000&detectTypes=yes&xField=longitude&yField=latitude&crs=EPSG:4326&spatialIndex=no&subsetIndex=no&watchFile=no
"1579",Berberis nervosa,Berberis,nervosa,,,,native,S5,,48.872119439999999,-123.312713900000006,,NA,NA,"25048267",obs_native,file:///D:/Simon/Sync/Root/GIS/Biodiversity%20Data/obs_native.csv?type=csv&maxFields=10000&detectTypes=yes&xField=longitude&yField=latitude&crs=EPSG:4326&spatialIndex=no&subsetIndex=no&watchFile=no
"1580",Berberis nervosa,Berberis,nervosa,,,,native,S5,,48.899423839999997,-123.403639600000005,,NA,NA,"25478236",obs_native,file:///D:/Simon/Sync/Root/GIS/Biodiversity%20Data/obs_native.csv?type=csv&maxFields=10000&detectTypes=yes&xField=longitude&yField=latitude&crs=EPSG:4326&spatialIndex=no&subsetIndex=no&watchFile=no
"1581",Berberis nervosa,Berberis,nervosa,,,,native,S5,,48.898758330000000,-123.406409999999994,,NA,NA,"25479447",obs_native,file:///D:/Simon/Sync/Root/GIS/Biodiversity%20Data/obs_native.csv?type=csv&maxFields=10000&detectTypes=yes&xField=longitude&yField=latitude&crs=EPSG:4326&spatialIndex=no&subsetIndex=no&watchFile=no
"1582",Berberis nervosa,Berberis,nervosa,,,,native,S5,,48.962569440000003,-123.517677800000001,,NA,NA,"25578172",obs_native,file:///D:/Simon/Sync/Root/GIS/Biodiversity%20Data/obs_native.csv?type=csv&maxFields=10000&detectTypes=yes&xField=longitude&yField=latitude&crs=EPSG:4326&spatialIndex=no&subsetIndex=no&watchFile=no
"1583",Berberis nervosa,Berberis,nervosa,,,,native,S5,,48.900224999999999,-123.404162999999997,,NA,NA,"25655041",obs_native,file:///D:/Simon/Sync/Root/GIS/Biodiversity%20Data/obs_native.csv?type=csv&maxFields=10000&detectTypes=yes&xField=longitude&yField=latitude&crs=EPSG:4326&spatialIndex=no&subsetIndex=no&watchFile=no
"1584",Berberis nervosa,Berberis,nervosa,,,,native,S5,,48.895461109999999,-123.405127800000002,,NA,NA,"25655042",obs_native,file:///D:/Simon/Sync/Root/GIS/Biodiversity%20Data/obs_native.csv?type=csv&maxFields=10000&detectTypes=yes&xField=longitude&yField=latitude&crs=EPSG:4326&spatialIndex=no&subsetIndex=no&watchFile=no
"1585",Berberis nervosa,Berberis,nervosa,,,,native,S5,,48.928169490000002,-123.467689199999995,,NA,NA,"27891699",obs_native,file:///D:/Simon/Sync/Root/GIS/Biodiversity%20Data/obs_native.csv?type=csv&maxFields=10000&detectTypes=yes&xField=longitude&yField=latitude&crs=EPSG:4326&spatialIndex=no&subsetIndex=no&watchFile=no
"1586",Berberis nervosa,Berberis,nervosa,,,,native,S5,,48.871854999999996,-123.312796700000007,,NA,NA,"32125261",obs_native,file:///D:/Simon/Sync/Root/GIS/Biodiversity%20Data/obs_native.csv?type=csv&maxFields=10000&detectTypes=yes&xField=longitude&yField=latitude&crs=EPSG:4326&spatialIndex=no&subsetIndex=no&watchFile=no
"1587",Berberis nervosa,Berberis,nervosa,,,,native,S5,,48.901116670000000,-123.405638300000007,,NA,NA,"32125289",obs_native,file:///D:/Simon/Sync/Root/GIS/Biodiversity%20Data/obs_native.csv?type=csv&maxFields=10000&detectTypes=yes&xField=longitude&yField=latitude&crs=EPSG:4326&spatialIndex=no&subsetIndex=no&watchFile=no
"1588",Berberis nervosa,Berberis,nervosa,,,,native,S5,,48.946621780000001,-123.479434299999994,,NA,NA,"38433806",obs_native,file:///D:/Simon/Sync/Root/GIS/Biodiversity%20Data/obs_native.csv?type=csv&maxFields=10000&detectTypes=yes&xField=longitude&yField=latitude&crs=EPSG:4326&spatialIndex=no&subsetIndex=no&watchFile=no
"1589",Berberis nervosa,Berberis,nervosa,,,,native,S5,,48.946327080000003,-123.479033599999994,,NA,NA,"38434138",obs_native,file:///D:/Simon/Sync/Root/GIS/Biodiversity%20Data/obs_native.csv?type=csv&maxFields=10000&detectTypes=yes&xField=longitude&yField=latitude&crs=EPSG:4326&spatialIndex=no&subsetIndex=no&watchFile=no
"1590",Berberis nervosa,Berberis,nervosa,,,,native,S5,,48.899063329999997,-123.407319999999999,,NA,NA,"49173545",obs_native,file:///D:/Simon/Sync/Root/GIS/Biodiversity%20Data/obs_native.csv?type=csv&maxFields=10000&detectTypes=yes&xField=longitude&yField=latitude&crs=EPSG:4326&spatialIndex=no&subsetIndex=no&watchFile=no
"1591",Berberis nervosa,Berberis,nervosa,,,,native,S5,,48.927186870000000,-123.468473000000003,,NA,NA,"53166129",obs_native,file:///D:/Simon/Sync/Root/GIS/Biodiversity%20Data/obs_native.csv?type=csv&maxFields=10000&detectTypes=yes&xField=longitude&yField=latitude&crs=EPSG:4326&spatialIndex=no&subsetIndex=no&watchFile=no
"1592",Berberis nervosa,Berberis,nervosa,,,,native,S5,,48.930315839999999,-123.467174299999996,,NA,NA,"53206929",obs_native,file:///D:/Simon/Sync/Root/GIS/Biodiversity%20Data/obs_native.csv?type=csv&maxFields=10000&detectTypes=yes&xField=longitude&yField=latitude&crs=EPSG:4326&spatialIndex=no&subsetIndex=no&watchFile=no
"1593",Berberis nervosa,Berberis,nervosa,,,,native,S5,,48.927030600000002,-123.468209200000004,,NA,NA,"53377909",obs_native,file:///D:/Simon/Sync/Root/GIS/Biodiversity%20Data/obs_native.csv?type=csv&maxFields=10000&detectTypes=yes&xField=longitude&yField=latitude&crs=EPSG:4326&spatialIndex=no&subsetIndex=no&watchFile=no
"1594",Berberis nervosa,Berberis,nervosa,,,,native,S5,,48.932236060000001,-123.478998399999995,,NA,NA,"53383347",obs_native,file:///D:/Simon/Sync/Root/GIS/Biodiversity%20Data/obs_native.csv?type=csv&maxFields=10000&detectTypes=yes&xField=longitude&yField=latitude&crs=EPSG:4326&spatialIndex=no&subsetIndex=no&watchFile=no
"1595",Berberis nervosa,Berberis,nervosa,,,,native,S5,,48.932349830000000,-123.479380100000000,,NA,NA,"54408785",obs_native,file:///D:/Simon/Sync/Root/GIS/Biodiversity%20Data/obs_native.csv?type=csv&maxFields=10000&detectTypes=yes&xField=longitude&yField=latitude&crs=EPSG:4326&spatialIndex=no&subsetIndex=no&watchFile=no
"1596",Berberis nervosa,Berberis,nervosa,,,,native,S5,,48.928905970000002,-123.468426100000002,,NA,NA,"54577006",obs_native,file:///D:/Simon/Sync/Root/GIS/Biodiversity%20Data/obs_native.csv?type=csv&maxFields=10000&detectTypes=yes&xField=longitude&yField=latitude&crs=EPSG:4326&spatialIndex=no&subsetIndex=no&watchFile=no
"1597",Berberis nervosa,Berberis,nervosa,,,,native,S5,,48.975578329999998,-123.451003299999996,,NA,NA,"62010861",obs_native,file:///D:/Simon/Sync/Root/GIS/Biodiversity%20Data/obs_native.csv?type=csv&maxFields=10000&detectTypes=yes&xField=longitude&yField=latitude&crs=EPSG:4326&spatialIndex=no&subsetIndex=no&watchFile=no
"1598",Berberis nervosa,Berberis,nervosa,,,,native,S5,,48.931488330000001,-123.476478299999997,,NA,NA,"62512764",obs_native,file:///D:/Simon/Sync/Root/GIS/Biodiversity%20Data/obs_native.csv?type=csv&maxFields=10000&detectTypes=yes&xField=longitude&yField=latitude&crs=EPSG:4326&spatialIndex=no&subsetIndex=no&watchFile=no
"1599",Berberis nervosa,Berberis,nervosa,,,,native,S5,,49.005183330000001,-123.565528299999997,,NA,NA,"68992594",obs_native,file:///D:/Simon/Sync/Root/GIS/Biodiversity%20Data/obs_native.csv?type=csv&maxFields=10000&detectTypes=yes&xField=longitude&yField=latitude&crs=EPSG:4326&spatialIndex=no&subsetIndex=no&watchFile=no
"1600",Berberis nervosa,Berberis,nervosa,,,,native,S5,,48.947603330000000,-123.501306700000001,,NA,NA,"70065818",obs_native,file:///D:/Simon/Sync/Root/GIS/Biodiversity%20Data/obs_native.csv?type=csv&maxFields=10000&detectTypes=yes&xField=longitude&yField=latitude&crs=EPSG:4326&spatialIndex=no&subsetIndex=no&watchFile=no
"1601",Berberis nervosa,Berberis,nervosa,,,,native,S5,,48.878743020000002,-123.326980500000005,,NA,NA,"71896493",obs_native,file:///D:/Simon/Sync/Root/GIS/Biodiversity%20Data/obs_native.csv?type=csv&maxFields=10000&detectTypes=yes&xField=longitude&yField=latitude&crs=EPSG:4326&spatialIndex=no&subsetIndex=no&watchFile=no
"1602",Berberis nervosa,Berberis,nervosa,,,,native,S5,,48.942373330000002,-123.501213300000003,,NA,NA,"72321445",obs_native,file:///D:/Simon/Sync/Root/GIS/Biodiversity%20Data/obs_native.csv?type=csv&maxFields=10000&detectTypes=yes&xField=longitude&yField=latitude&crs=EPSG:4326&spatialIndex=no&subsetIndex=no&watchFile=no
"1603",Berberis nervosa,Berberis,nervosa,,,,native,S5,,48.941783330000000,-123.501440000000002,,NA,NA,"72321454",obs_native,file:///D:/Simon/Sync/Root/GIS/Biodiversity%20Data/obs_native.csv?type=csv&maxFields=10000&detectTypes=yes&xField=longitude&yField=latitude&crs=EPSG:4326&spatialIndex=no&subsetIndex=no&watchFile=no
"1604",Berberis nervosa,Berberis,nervosa,,,,native,S5,,48.941721670000000,-123.500926699999994,,NA,NA,"72321460",obs_native,file:///D:/Simon/Sync/Root/GIS/Biodiversity%20Data/obs_native.csv?type=csv&maxFields=10000&detectTypes=yes&xField=longitude&yField=latitude&crs=EPSG:4326&spatialIndex=no&subsetIndex=no&watchFile=no
"1605",Berberis nervosa,Berberis,nervosa,,,,native,S5,,48.885293330000003,-123.356375000000000,,NA,NA,"83097979",obs_native,file:///D:/Simon/Sync/Root/GIS/Biodiversity%20Data/obs_native.csv?type=csv&maxFields=10000&detectTypes=yes&xField=longitude&yField=latitude&crs=EPSG:4326&spatialIndex=no&subsetIndex=no&watchFile=no
"1606",Berberis nervosa,Berberis,nervosa,,,,native,S5,,48.885418840000000,-123.356336700000000,,NA,NA,"83097982",obs_native,file:///D:/Simon/Sync/Root/GIS/Biodiversity%20Data/obs_native.csv?type=csv&maxFields=10000&detectTypes=yes&xField=longitude&yField=latitude&crs=EPSG:4326&spatialIndex=no&subsetIndex=no&watchFile=no
"1607",Berberis nervosa,Berberis,nervosa,,,,native,S5,,48.865198010000000,-123.352695199999999,,NA,NA,"83596916",obs_native,file:///D:/Simon/Sync/Root/GIS/Biodiversity%20Data/obs_native.csv?type=csv&maxFields=10000&detectTypes=yes&xField=longitude&yField=latitude&crs=EPSG:4326&spatialIndex=no&subsetIndex=no&watchFile=no
"1608",Berberis nervosa,Berberis,nervosa,,,,native,S5,,48.928283329999999,-123.467621699999995,,NA,NA,"84185774",obs_native,file:///D:/Simon/Sync/Root/GIS/Biodiversity%20Data/obs_native.csv?type=csv&maxFields=10000&detectTypes=yes&xField=longitude&yField=latitude&crs=EPSG:4326&spatialIndex=no&subsetIndex=no&watchFile=no
"1609",Berberis nervosa,Berberis,nervosa,,,,native,S5,,48.930296869999999,-123.467888000000002,,NA,NA,"84204665",obs_native,file:///D:/Simon/Sync/Root/GIS/Biodiversity%20Data/obs_native.csv?type=csv&maxFields=10000&detectTypes=yes&xField=longitude&yField=latitude&crs=EPSG:4326&spatialIndex=no&subsetIndex=no&watchFile=no
"1610",Berberis nervosa,Berberis,nervosa,,,,native,S5,,48.929203330000000,-123.466628299999996,,NA,NA,"84252809",obs_native,file:///D:/Simon/Sync/Root/GIS/Biodiversity%20Data/obs_native.csv?type=csv&maxFields=10000&detectTypes=yes&xField=longitude&yField=latitude&crs=EPSG:4326&spatialIndex=no&subsetIndex=no&watchFile=no
"1611",Berberis nervosa,Berberis,nervosa,,,,native,S5,,48.928146669999997,-123.467828299999994,,NA,NA,"84253017",obs_native,file:///D:/Simon/Sync/Root/GIS/Biodiversity%20Data/obs_native.csv?type=csv&maxFields=10000&detectTypes=yes&xField=longitude&yField=latitude&crs=EPSG:4326&spatialIndex=no&subsetIndex=no&watchFile=no
"1612",Berberis nervosa,Berberis,nervosa,,,,native,S5,,48.927397710000001,-123.464322899999999,,NA,NA,"84269499",obs_native,file:///D:/Simon/Sync/Root/GIS/Biodiversity%20Data/obs_native.csv?type=csv&maxFields=10000&detectTypes=yes&xField=longitude&yField=latitude&crs=EPSG:4326&spatialIndex=no&subsetIndex=no&watchFile=no
"1613",Berberis nervosa,Berberis,nervosa,,,,native,S5,,48.929569999999998,-123.475083299999994,,NA,NA,"84499098",obs_native,file:///D:/Simon/Sync/Root/GIS/Biodiversity%20Data/obs_native.csv?type=csv&maxFields=10000&detectTypes=yes&xField=longitude&yField=latitude&crs=EPSG:4326&spatialIndex=no&subsetIndex=no&watchFile=no
"1614",Berberis nervosa,Berberis,nervosa,,,,native,S5,,48.933100690000003,-123.479321400000003,,NA,NA,"84705652",obs_native,file:///D:/Simon/Sync/Root/GIS/Biodiversity%20Data/obs_native.csv?type=csv&maxFields=10000&detectTypes=yes&xField=longitude&yField=latitude&crs=EPSG:4326&spatialIndex=no&subsetIndex=no&watchFile=no
"1615",Berberis nervosa,Berberis,nervosa,,,,native,S5,,48.952217099999999,-123.519149799999994,,NA,NA,"85240766",obs_native,file:///D:/Simon/Sync/Root/GIS/Biodiversity%20Data/obs_native.csv?type=csv&maxFields=10000&detectTypes=yes&xField=longitude&yField=latitude&crs=EPSG:4326&spatialIndex=no&subsetIndex=no&watchFile=no
"1616",Berberis nervosa,Berberis,nervosa,,,,native,S5,,48.874256670000001,-123.319641700000005,,NA,NA,"86360311",obs_native,file:///D:/Simon/Sync/Root/GIS/Biodiversity%20Data/obs_native.csv?type=csv&maxFields=10000&detectTypes=yes&xField=longitude&yField=latitude&crs=EPSG:4326&spatialIndex=no&subsetIndex=no&watchFile=no
"1617",Berberis nervosa,Berberis,nervosa,,,,native,S5,,48.868400800000003,-123.339248299999994,,NA,NA,"86633400",obs_native,file:///D:/Simon/Sync/Root/GIS/Biodiversity%20Data/obs_native.csv?type=csv&maxFields=10000&detectTypes=yes&xField=longitude&yField=latitude&crs=EPSG:4326&spatialIndex=no&subsetIndex=no&watchFile=no
"1618",Berberis nervosa,Berberis,nervosa,,,,native,S5,,48.984229999999997,-123.543678299999996,,NA,NA,"93744917",obs_native,file:///D:/Simon/Sync/Root/GIS/Biodiversity%20Data/obs_native.csv?type=csv&maxFields=10000&detectTypes=yes&xField=longitude&yField=latitude&crs=EPSG:4326&spatialIndex=no&subsetIndex=no&watchFile=no
"1619",Berberis nervosa,Berberis,nervosa,,,,native,S5,,49.000851670000003,-123.561211700000001,,NA,NA,"94679692",obs_native,file:///D:/Simon/Sync/Root/GIS/Biodiversity%20Data/obs_native.csv?type=csv&maxFields=10000&detectTypes=yes&xField=longitude&yField=latitude&crs=EPSG:4326&spatialIndex=no&subsetIndex=no&watchFile=no
"1620",Berberis nervosa,Berberis,nervosa,,,,native,S5,,48.867953329999999,-123.336043300000000,,NA,NA,"94748737",obs_native,file:///D:/Simon/Sync/Root/GIS/Biodiversity%20Data/obs_native.csv?type=csv&maxFields=10000&detectTypes=yes&xField=longitude&yField=latitude&crs=EPSG:4326&spatialIndex=no&subsetIndex=no&watchFile=no
"1621",Berberis nervosa,Berberis,nervosa,,,,native,S5,,48.899869969999997,-123.343190000000007,,NA,NA,"100646076",obs_native,file:///D:/Simon/Sync/Root/GIS/Biodiversity%20Data/obs_native.csv?type=csv&maxFields=10000&detectTypes=yes&xField=longitude&yField=latitude&crs=EPSG:4326&spatialIndex=no&subsetIndex=no&watchFile=no
"1622",Berberis nervosa,Berberis,nervosa,,,,native,S5,,48.956173849999999,-123.527027200000006,,NA,NA,"102153280",obs_native,file:///D:/Simon/Sync/Root/GIS/Biodiversity%20Data/obs_native.csv?type=csv&maxFields=10000&detectTypes=yes&xField=longitude&yField=latitude&crs=EPSG:4326&spatialIndex=no&subsetIndex=no&watchFile=no
"1623",Berberis nervosa,Berberis,nervosa,,,,native,S5,,48.904650629999999,-123.405477700000006,,NA,NA,"102599793",obs_native,file:///D:/Simon/Sync/Root/GIS/Biodiversity%20Data/obs_native.csv?type=csv&maxFields=10000&detectTypes=yes&xField=longitude&yField=latitude&crs=EPSG:4326&spatialIndex=no&subsetIndex=no&watchFile=no
"1624",Berberis nervosa,Berberis,nervosa,,,,native,S5,,48.878945000000002,-123.320130000000006,,NA,NA,"102639814",obs_native,file:///D:/Simon/Sync/Root/GIS/Biodiversity%20Data/obs_native.csv?type=csv&maxFields=10000&detectTypes=yes&xField=longitude&yField=latitude&crs=EPSG:4326&spatialIndex=no&subsetIndex=no&watchFile=no
"1625",Berberis nervosa,Berberis,nervosa,,,,native,S5,,48.871763330000000,-123.312538300000000,,NA,NA,"105893697",obs_native,file:///D:/Simon/Sync/Root/GIS/Biodiversity%20Data/obs_native.csv?type=csv&maxFields=10000&detectTypes=yes&xField=longitude&yField=latitude&crs=EPSG:4326&spatialIndex=no&subsetIndex=no&watchFile=no
"1626",Berberis nervosa,Berberis,nervosa,,,,native,S5,,48.947533329999999,-123.502426700000001,,NA,NA,"107022568",obs_native,file:///D:/Simon/Sync/Root/GIS/Biodiversity%20Data/obs_native.csv?type=csv&maxFields=10000&detectTypes=yes&xField=longitude&yField=latitude&crs=EPSG:4326&spatialIndex=no&subsetIndex=no&watchFile=no
"1627",Berberis nervosa,Berberis,nervosa,,,,native,S5,,48.947291669999998,-123.502326699999998,,NA,NA,"107022574",obs_native,file:///D:/Simon/Sync/Root/GIS/Biodiversity%20Data/obs_native.csv?type=csv&maxFields=10000&detectTypes=yes&xField=longitude&yField=latitude&crs=EPSG:4326&spatialIndex=no&subsetIndex=no&watchFile=no
"1628",Berberis nervosa,Berberis,nervosa,,,,native,S5,,48.944498699999997,-123.517328000000006,,NA,NA,"107193904",obs_native,file:///D:/Simon/Sync/Root/GIS/Biodiversity%20Data/obs_native.csv?type=csv&maxFields=10000&detectTypes=yes&xField=longitude&yField=latitude&crs=EPSG:4326&spatialIndex=no&subsetIndex=no&watchFile=no
"1629",Berberis nervosa,Berberis,nervosa,,,,native,S5,,48.905148330000003,-123.361046700000003,,NA,NA,"111052789",obs_native,file:///D:/Simon/Sync/Root/GIS/Biodiversity%20Data/obs_native.csv?type=csv&maxFields=10000&detectTypes=yes&xField=longitude&yField=latitude&crs=EPSG:4326&spatialIndex=no&subsetIndex=no&watchFile=no
"1630",Berberis nervosa,Berberis,nervosa,,,,native,S5,,48.866607289999997,-123.330836099999999,,NA,NA,"114482540",obs_native,file:///D:/Simon/Sync/Root/GIS/Biodiversity%20Data/obs_native.csv?type=csv&maxFields=10000&detectTypes=yes&xField=longitude&yField=latitude&crs=EPSG:4326&spatialIndex=no&subsetIndex=no&watchFile=no
"1631",Berberis nervosa,Berberis,nervosa,,,,native,S5,,48.957397489999998,-123.528921900000000,,NA,NA,"116029599",obs_native,file:///D:/Simon/Sync/Root/GIS/Biodiversity%20Data/obs_native.csv?type=csv&maxFields=10000&detectTypes=yes&xField=longitude&yField=latitude&crs=EPSG:4326&spatialIndex=no&subsetIndex=no&watchFile=no
"1632",Berberis nervosa,Berberis,nervosa,,,,native,S5,,48.904609690000001,-123.367231700000005,,NA,NA,"120891248",obs_native,file:///D:/Simon/Sync/Root/GIS/Biodiversity%20Data/obs_native.csv?type=csv&maxFields=10000&detectTypes=yes&xField=longitude&yField=latitude&crs=EPSG:4326&spatialIndex=no&subsetIndex=no&watchFile=no
"1633",Berberis nervosa,Berberis,nervosa,,,,native,S5,,48.927061109999997,-123.468458299999995,,NA,NA,"122225632",obs_native,file:///D:/Simon/Sync/Root/GIS/Biodiversity%20Data/obs_native.csv?type=csv&maxFields=10000&detectTypes=yes&xField=longitude&yField=latitude&crs=EPSG:4326&spatialIndex=no&subsetIndex=no&watchFile=no
"1634",Berberis nervosa,Berberis,nervosa,,,,native,S5,,48.862983010000001,-123.350601100000006,,NA,NA,"122258258",obs_native,file:///D:/Simon/Sync/Root/GIS/Biodiversity%20Data/obs_native.csv?type=csv&maxFields=10000&detectTypes=yes&xField=longitude&yField=latitude&crs=EPSG:4326&spatialIndex=no&subsetIndex=no&watchFile=no
"1635",Berberis nervosa,Berberis,nervosa,,,,native,S5,,48.862670000000001,-123.351280000000003,,NA,NA,"122258280",obs_native,file:///D:/Simon/Sync/Root/GIS/Biodiversity%20Data/obs_native.csv?type=csv&maxFields=10000&detectTypes=yes&xField=longitude&yField=latitude&crs=EPSG:4326&spatialIndex=no&subsetIndex=no&watchFile=no
"1636",Berberis nervosa,Berberis,nervosa,,,,native,S5,,49.012131670000002,-123.575603299999997,,NA,NA,"123934529",obs_native,file:///D:/Simon/Sync/Root/GIS/Biodiversity%20Data/obs_native.csv?type=csv&maxFields=10000&detectTypes=yes&xField=longitude&yField=latitude&crs=EPSG:4326&spatialIndex=no&subsetIndex=no&watchFile=no
"1637",Berberis nervosa,Berberis,nervosa,,,,native,S5,,48.970736670000001,-123.548653299999998,,NA,NA,"124667780",obs_native,file:///D:/Simon/Sync/Root/GIS/Biodiversity%20Data/obs_native.csv?type=csv&maxFields=10000&detectTypes=yes&xField=longitude&yField=latitude&crs=EPSG:4326&spatialIndex=no&subsetIndex=no&watchFile=no
"1638",Berberis nervosa,Berberis,nervosa,,,,native,S5,,48.881546450000002,-123.322287200000005,,NA,NA,"127183990",obs_native,file:///D:/Simon/Sync/Root/GIS/Biodiversity%20Data/obs_native.csv?type=csv&maxFields=10000&detectTypes=yes&xField=longitude&yField=latitude&crs=EPSG:4326&spatialIndex=no&subsetIndex=no&watchFile=no
"1639",Berberis nervosa,Berberis,nervosa,,,,native,S5,,49.010359739999998,-123.582728000000003,,NA,NA,"137665059",obs_native,file:///D:/Simon/Sync/Root/GIS/Biodiversity%20Data/obs_native.csv?type=csv&maxFields=10000&detectTypes=yes&xField=longitude&yField=latitude&crs=EPSG:4326&spatialIndex=no&subsetIndex=no&watchFile=no
"1640",Betula papyrifera,Betula,papyrifera,,,,native,S5,,48.874326670000002,-123.319721700000002,,NA,NA,"86360289",obs_native,file:///D:/Simon/Sync/Root/GIS/Biodiversity%20Data/obs_native.csv?type=csv&maxFields=10000&detectTypes=yes&xField=longitude&yField=latitude&crs=EPSG:4326&spatialIndex=no&subsetIndex=no&watchFile=no
"1641",Betula papyrifera,Betula,papyrifera,,,,native,S5,,48.874243329999999,-123.319545000000005,,NA,NA,"86360301",obs_native,file:///D:/Simon/Sync/Root/GIS/Biodiversity%20Data/obs_native.csv?type=csv&maxFields=10000&detectTypes=yes&xField=longitude&yField=latitude&crs=EPSG:4326&spatialIndex=no&subsetIndex=no&watchFile=no
"1642",Betula papyrifera,Betula,papyrifera,,,,native,S5,,48.874386670000000,-123.319376700000007,,NA,NA,"86360330",obs_native,file:///D:/Simon/Sync/Root/GIS/Biodiversity%20Data/obs_native.csv?type=csv&maxFields=10000&detectTypes=yes&xField=longitude&yField=latitude&crs=EPSG:4326&spatialIndex=no&subsetIndex=no&watchFile=no
"1643",Betula papyrifera,Betula,papyrifera,,,,native,S5,,48.874258330000004,-123.319149999999993,,NA,NA,"86360335",obs_native,file:///D:/Simon/Sync/Root/GIS/Biodiversity%20Data/obs_native.csv?type=csv&maxFields=10000&detectTypes=yes&xField=longitude&yField=latitude&crs=EPSG:4326&spatialIndex=no&subsetIndex=no&watchFile=no
"1644",Betula papyrifera,Betula,papyrifera,,,,native,S5,,48.876853330000003,-123.350961699999999,,NA,NA,"137479174",obs_native,file:///D:/Simon/Sync/Root/GIS/Biodiversity%20Data/obs_native.csv?type=csv&maxFields=10000&detectTypes=yes&xField=longitude&yField=latitude&crs=EPSG:4326&spatialIndex=no&subsetIndex=no&watchFile=no
"1645",Bidens cernua,Bidens,cernua,,,,native,S5,,48.993602000000003,-123.575801999999996,,NA,NA,"3881685",obs_native,file:///D:/Simon/Sync/Root/GIS/Biodiversity%20Data/obs_native.csv?type=csv&maxFields=10000&detectTypes=yes&xField=longitude&yField=latitude&crs=EPSG:4326&spatialIndex=no&subsetIndex=no&watchFile=no
"1646",Bidens cernua,Bidens,cernua,,,,native,S5,,48.992897999999997,-123.574943000000005,,NA,NA,"3881979",obs_native,file:///D:/Simon/Sync/Root/GIS/Biodiversity%20Data/obs_native.csv?type=csv&maxFields=10000&detectTypes=yes&xField=longitude&yField=latitude&crs=EPSG:4326&spatialIndex=no&subsetIndex=no&watchFile=no
"1647",Bidens cernua,Bidens,cernua,,,,native,S5,,48.993180559999999,-123.575447199999999,,NA,NA,"3889098",obs_native,file:///D:/Simon/Sync/Root/GIS/Biodiversity%20Data/obs_native.csv?type=csv&maxFields=10000&detectTypes=yes&xField=longitude&yField=latitude&crs=EPSG:4326&spatialIndex=no&subsetIndex=no&watchFile=no
"1648",Bidens cernua,Bidens,cernua,,,,native,S5,,49.000816669999999,-123.586320000000001,,NA,NA,"17905780",obs_native,file:///D:/Simon/Sync/Root/GIS/Biodiversity%20Data/obs_native.csv?type=csv&maxFields=10000&detectTypes=yes&xField=longitude&yField=latitude&crs=EPSG:4326&spatialIndex=no&subsetIndex=no&watchFile=no
"1649",Bidens cernua,Bidens,cernua,,,,native,S5,,48.979697219999998,-123.558166700000001,,NA,NA,"56906392",obs_native,file:///D:/Simon/Sync/Root/GIS/Biodiversity%20Data/obs_native.csv?type=csv&maxFields=10000&detectTypes=yes&xField=longitude&yField=latitude&crs=EPSG:4326&spatialIndex=no&subsetIndex=no&watchFile=no
"1650",Bidens cernua,Bidens,cernua,,,,native,S5,,48.981766039999997,-123.557172399999999,,NA,NA,"59397835",obs_native,file:///D:/Simon/Sync/Root/GIS/Biodiversity%20Data/obs_native.csv?type=csv&maxFields=10000&detectTypes=yes&xField=longitude&yField=latitude&crs=EPSG:4326&spatialIndex=no&subsetIndex=no&watchFile=no
"1651",Bidens cernua,Bidens,cernua,,,,native,S5,,48.977156669999999,-123.552573300000006,,NA,NA,"89513220",obs_native,file:///D:/Simon/Sync/Root/GIS/Biodiversity%20Data/obs_native.csv?type=csv&maxFields=10000&detectTypes=yes&xField=longitude&yField=latitude&crs=EPSG:4326&spatialIndex=no&subsetIndex=no&watchFile=no
"1652",Brodiaea coronaria,Brodiaea,coronaria,,,,native,S5,,48.867322999999999,-123.337926999999993,,NA,NA,"3345328",obs_native,file:///D:/Simon/Sync/Root/GIS/Biodiversity%20Data/obs_native.csv?type=csv&maxFields=10000&detectTypes=yes&xField=longitude&yField=latitude&crs=EPSG:4326&spatialIndex=no&subsetIndex=no&watchFile=no
"1653",Brodiaea coronaria,Brodiaea,coronaria,,,,native,S5,,48.939729999999997,-123.503778299999993,,NA,NA,"3361549",obs_native,file:///D:/Simon/Sync/Root/GIS/Biodiversity%20Data/obs_native.csv?type=csv&maxFields=10000&detectTypes=yes&xField=longitude&yField=latitude&crs=EPSG:4326&spatialIndex=no&subsetIndex=no&watchFile=no
"1654",Brodiaea coronaria,Brodiaea,coronaria,,,,native,S5,,48.872608329999998,-123.311203300000003,,NA,NA,"3386962",obs_native,file:///D:/Simon/Sync/Root/GIS/Biodiversity%20Data/obs_native.csv?type=csv&maxFields=10000&detectTypes=yes&xField=longitude&yField=latitude&crs=EPSG:4326&spatialIndex=no&subsetIndex=no&watchFile=no
"1655",Brodiaea coronaria,Brodiaea,coronaria,,,,native,S5,,48.910618669999998,-123.376291499999994,,NA,NA,"3387977",obs_native,file:///D:/Simon/Sync/Root/GIS/Biodiversity%20Data/obs_native.csv?type=csv&maxFields=10000&detectTypes=yes&xField=longitude&yField=latitude&crs=EPSG:4326&spatialIndex=no&subsetIndex=no&watchFile=no
"1656",Brodiaea coronaria,Brodiaea,coronaria,,,,native,S5,,48.871943999999999,-123.311942000000002,,NA,NA,"3404476",obs_native,file:///D:/Simon/Sync/Root/GIS/Biodiversity%20Data/obs_native.csv?type=csv&maxFields=10000&detectTypes=yes&xField=longitude&yField=latitude&crs=EPSG:4326&spatialIndex=no&subsetIndex=no&watchFile=no
"1657",Brodiaea coronaria,Brodiaea,coronaria,,,,native,S5,,48.871721000000001,-123.310760999999999,,NA,NA,"3404486",obs_native,file:///D:/Simon/Sync/Root/GIS/Biodiversity%20Data/obs_native.csv?type=csv&maxFields=10000&detectTypes=yes&xField=longitude&yField=latitude&crs=EPSG:4326&spatialIndex=no&subsetIndex=no&watchFile=no
"1658",Brodiaea coronaria,Brodiaea,coronaria,,,,native,S5,,48.881843089999997,-123.324757500000004,,NA,NA,"3445657",obs_native,file:///D:/Simon/Sync/Root/GIS/Biodiversity%20Data/obs_native.csv?type=csv&maxFields=10000&detectTypes=yes&xField=longitude&yField=latitude&crs=EPSG:4326&spatialIndex=no&subsetIndex=no&watchFile=no
"1659",Brodiaea coronaria,Brodiaea,coronaria,,,,native,S5,,48.939627999999999,-123.501295999999996,,NA,NA,"3463708",obs_native,file:///D:/Simon/Sync/Root/GIS/Biodiversity%20Data/obs_native.csv?type=csv&maxFields=10000&detectTypes=yes&xField=longitude&yField=latitude&crs=EPSG:4326&spatialIndex=no&subsetIndex=no&watchFile=no
"1660",Brodiaea coronaria,Brodiaea,coronaria,,,,native,S5,,48.927416999999998,-123.465686000000005,,NA,NA,"3641718",obs_native,file:///D:/Simon/Sync/Root/GIS/Biodiversity%20Data/obs_native.csv?type=csv&maxFields=10000&detectTypes=yes&xField=longitude&yField=latitude&crs=EPSG:4326&spatialIndex=no&subsetIndex=no&watchFile=no
"1661",Brodiaea coronaria,Brodiaea,coronaria,,,,native,S5,,48.872413330000001,-123.312446699999995,,NA,NA,"3654305",obs_native,file:///D:/Simon/Sync/Root/GIS/Biodiversity%20Data/obs_native.csv?type=csv&maxFields=10000&detectTypes=yes&xField=longitude&yField=latitude&crs=EPSG:4326&spatialIndex=no&subsetIndex=no&watchFile=no
"1662",Brodiaea coronaria,Brodiaea,coronaria,,,,native,S5,,48.869096999999996,-123.378804000000002,,NA,NA,"6665162",obs_native,file:///D:/Simon/Sync/Root/GIS/Biodiversity%20Data/obs_native.csv?type=csv&maxFields=10000&detectTypes=yes&xField=longitude&yField=latitude&crs=EPSG:4326&spatialIndex=no&subsetIndex=no&watchFile=no
"1663",Brodiaea coronaria,Brodiaea,coronaria,,,,native,S5,,48.863408329999999,-123.313216699999998,,NA,NA,"6783357",obs_native,file:///D:/Simon/Sync/Root/GIS/Biodiversity%20Data/obs_native.csv?type=csv&maxFields=10000&detectTypes=yes&xField=longitude&yField=latitude&crs=EPSG:4326&spatialIndex=no&subsetIndex=no&watchFile=no
"1664",Brodiaea coronaria,Brodiaea,coronaria,,,,native,S5,,48.874552000000001,-123.383330999999998,,NA,NA,"6817585",obs_native,file:///D:/Simon/Sync/Root/GIS/Biodiversity%20Data/obs_native.csv?type=csv&maxFields=10000&detectTypes=yes&xField=longitude&yField=latitude&crs=EPSG:4326&spatialIndex=no&subsetIndex=no&watchFile=no
"1665",Brodiaea coronaria,Brodiaea,coronaria,,,,native,S5,,48.866925999999999,-123.341881000000001,,NA,NA,"12635296",obs_native,file:///D:/Simon/Sync/Root/GIS/Biodiversity%20Data/obs_native.csv?type=csv&maxFields=10000&detectTypes=yes&xField=longitude&yField=latitude&crs=EPSG:4326&spatialIndex=no&subsetIndex=no&watchFile=no
"1666",Brodiaea coronaria,Brodiaea,coronaria,,,,native,S5,,48.866945000000001,-123.341328000000004,,NA,NA,"12817806",obs_native,file:///D:/Simon/Sync/Root/GIS/Biodiversity%20Data/obs_native.csv?type=csv&maxFields=10000&detectTypes=yes&xField=longitude&yField=latitude&crs=EPSG:4326&spatialIndex=no&subsetIndex=no&watchFile=no
"1667",Brodiaea coronaria,Brodiaea,coronaria,,,,native,S5,,48.904011670000003,-123.344314999999995,,NA,NA,"13971910",obs_native,file:///D:/Simon/Sync/Root/GIS/Biodiversity%20Data/obs_native.csv?type=csv&maxFields=10000&detectTypes=yes&xField=longitude&yField=latitude&crs=EPSG:4326&spatialIndex=no&subsetIndex=no&watchFile=no
"1668",Brodiaea coronaria,Brodiaea,coronaria,,,,native,S5,,48.909563589999998,-123.375017900000003,,NA,NA,"13987599",obs_native,file:///D:/Simon/Sync/Root/GIS/Biodiversity%20Data/obs_native.csv?type=csv&maxFields=10000&detectTypes=yes&xField=longitude&yField=latitude&crs=EPSG:4326&spatialIndex=no&subsetIndex=no&watchFile=no
"1669",Brodiaea coronaria,Brodiaea,coronaria,,,,native,S5,,48.917034330000000,-123.395857399999997,,NA,NA,"14197953",obs_native,file:///D:/Simon/Sync/Root/GIS/Biodiversity%20Data/obs_native.csv?type=csv&maxFields=10000&detectTypes=yes&xField=longitude&yField=latitude&crs=EPSG:4326&spatialIndex=no&subsetIndex=no&watchFile=no
"1670",Brodiaea coronaria,Brodiaea,coronaria,,,,native,S5,,48.917034330000000,-123.395857399999997,,NA,NA,"14197956",obs_native,file:///D:/Simon/Sync/Root/GIS/Biodiversity%20Data/obs_native.csv?type=csv&maxFields=10000&detectTypes=yes&xField=longitude&yField=latitude&crs=EPSG:4326&spatialIndex=no&subsetIndex=no&watchFile=no
"1671",Brodiaea coronaria,Brodiaea,coronaria,,,,native,S5,,48.897383359999999,-123.338711000000004,,NA,NA,"26288927",obs_native,file:///D:/Simon/Sync/Root/GIS/Biodiversity%20Data/obs_native.csv?type=csv&maxFields=10000&detectTypes=yes&xField=longitude&yField=latitude&crs=EPSG:4326&spatialIndex=no&subsetIndex=no&watchFile=no
"1672",Brodiaea coronaria,Brodiaea,coronaria,,,,native,S5,,48.867713330000001,-123.339888299999998,,NA,NA,"26455805",obs_native,file:///D:/Simon/Sync/Root/GIS/Biodiversity%20Data/obs_native.csv?type=csv&maxFields=10000&detectTypes=yes&xField=longitude&yField=latitude&crs=EPSG:4326&spatialIndex=no&subsetIndex=no&watchFile=no
"1673",Brodiaea coronaria,Brodiaea,coronaria,,,,native,S5,,48.866830819999997,-123.376855100000000,,NA,NA,"26468249",obs_native,file:///D:/Simon/Sync/Root/GIS/Biodiversity%20Data/obs_native.csv?type=csv&maxFields=10000&detectTypes=yes&xField=longitude&yField=latitude&crs=EPSG:4326&spatialIndex=no&subsetIndex=no&watchFile=no
"1674",Brodiaea coronaria,Brodiaea,coronaria,,,,native,S5,,48.871476379999997,-123.311502300000001,,NA,NA,"27033425",obs_native,file:///D:/Simon/Sync/Root/GIS/Biodiversity%20Data/obs_native.csv?type=csv&maxFields=10000&detectTypes=yes&xField=longitude&yField=latitude&crs=EPSG:4326&spatialIndex=no&subsetIndex=no&watchFile=no
"1675",Brodiaea coronaria,Brodiaea,coronaria,,,,native,S5,,48.872336670000003,-123.310936699999999,,NA,NA,"27215712",obs_native,file:///D:/Simon/Sync/Root/GIS/Biodiversity%20Data/obs_native.csv?type=csv&maxFields=10000&detectTypes=yes&xField=longitude&yField=latitude&crs=EPSG:4326&spatialIndex=no&subsetIndex=no&watchFile=no
"1676",Brodiaea coronaria,Brodiaea,coronaria,,,,native,S5,,48.927817109999999,-123.472173699999999,,NA,NA,"27843995",obs_native,file:///D:/Simon/Sync/Root/GIS/Biodiversity%20Data/obs_native.csv?type=csv&maxFields=10000&detectTypes=yes&xField=longitude&yField=latitude&crs=EPSG:4326&spatialIndex=no&subsetIndex=no&watchFile=no
"1677",Brodiaea coronaria,Brodiaea,coronaria,,,,native,S5,,48.871625000000002,-123.310874999999996,,NA,NA,"28033897",obs_native,file:///D:/Simon/Sync/Root/GIS/Biodiversity%20Data/obs_native.csv?type=csv&maxFields=10000&detectTypes=yes&xField=longitude&yField=latitude&crs=EPSG:4326&spatialIndex=no&subsetIndex=no&watchFile=no
"1678",Brodiaea coronaria,Brodiaea,coronaria,,,,native,S5,,48.938246669999998,-123.499786700000001,,NA,NA,"48027633",obs_native,file:///D:/Simon/Sync/Root/GIS/Biodiversity%20Data/obs_native.csv?type=csv&maxFields=10000&detectTypes=yes&xField=longitude&yField=latitude&crs=EPSG:4326&spatialIndex=no&subsetIndex=no&watchFile=no
"1679",Brodiaea coronaria,Brodiaea,coronaria,,,,native,S5,,48.938246669999998,-123.499754999999993,,NA,NA,"49134311",obs_native,file:///D:/Simon/Sync/Root/GIS/Biodiversity%20Data/obs_native.csv?type=csv&maxFields=10000&detectTypes=yes&xField=longitude&yField=latitude&crs=EPSG:4326&spatialIndex=no&subsetIndex=no&watchFile=no
"1680",Brodiaea coronaria,Brodiaea,coronaria,,,,native,S5,,48.893711670000002,-123.403603300000000,,NA,NA,"50744985",obs_native,file:///D:/Simon/Sync/Root/GIS/Biodiversity%20Data/obs_native.csv?type=csv&maxFields=10000&detectTypes=yes&xField=longitude&yField=latitude&crs=EPSG:4326&spatialIndex=no&subsetIndex=no&watchFile=no
"1681",Brodiaea coronaria,Brodiaea,coronaria,,,,native,S5,,48.872542860000003,-123.311424599999995,,NA,NA,"51434476",obs_native,file:///D:/Simon/Sync/Root/GIS/Biodiversity%20Data/obs_native.csv?type=csv&maxFields=10000&detectTypes=yes&xField=longitude&yField=latitude&crs=EPSG:4326&spatialIndex=no&subsetIndex=no&watchFile=no
"1682",Brodiaea coronaria,Brodiaea,coronaria,,,,native,S5,,48.872463330000002,-123.312333300000006,,NA,NA,"83216527",obs_native,file:///D:/Simon/Sync/Root/GIS/Biodiversity%20Data/obs_native.csv?type=csv&maxFields=10000&detectTypes=yes&xField=longitude&yField=latitude&crs=EPSG:4326&spatialIndex=no&subsetIndex=no&watchFile=no
"1683",Brodiaea coronaria,Brodiaea,coronaria,,,,native,S5,,48.872011999999998,-123.311369299999996,,NA,NA,"83664659",obs_native,file:///D:/Simon/Sync/Root/GIS/Biodiversity%20Data/obs_native.csv?type=csv&maxFields=10000&detectTypes=yes&xField=longitude&yField=latitude&crs=EPSG:4326&spatialIndex=no&subsetIndex=no&watchFile=no
"1684",Brodiaea coronaria,Brodiaea,coronaria,,,,native,S5,,48.872427780000002,-123.312336099999996,,NA,NA,"94301114",obs_native,file:///D:/Simon/Sync/Root/GIS/Biodiversity%20Data/obs_native.csv?type=csv&maxFields=10000&detectTypes=yes&xField=longitude&yField=latitude&crs=EPSG:4326&spatialIndex=no&subsetIndex=no&watchFile=no
"1685",Brodiaea coronaria,Brodiaea,coronaria,,,,native,S5,,48.872529999999998,-123.312049999999999,,NA,NA,"103197478",obs_native,file:///D:/Simon/Sync/Root/GIS/Biodiversity%20Data/obs_native.csv?type=csv&maxFields=10000&detectTypes=yes&xField=longitude&yField=latitude&crs=EPSG:4326&spatialIndex=no&subsetIndex=no&watchFile=no
"1686",Brodiaea coronaria,Brodiaea,coronaria,,,,native,S5,,48.872554999999998,-123.311721700000007,,NA,NA,"123643796",obs_native,file:///D:/Simon/Sync/Root/GIS/Biodiversity%20Data/obs_native.csv?type=csv&maxFields=10000&detectTypes=yes&xField=longitude&yField=latitude&crs=EPSG:4326&spatialIndex=no&subsetIndex=no&watchFile=no
"1687",Brodiaea coronaria,Brodiaea,coronaria,,,,native,S5,,48.867681030000000,-123.339345499999993,,NA,NA,"123870571",obs_native,file:///D:/Simon/Sync/Root/GIS/Biodiversity%20Data/obs_native.csv?type=csv&maxFields=10000&detectTypes=yes&xField=longitude&yField=latitude&crs=EPSG:4326&spatialIndex=no&subsetIndex=no&watchFile=no
"1688",Brodiaea coronaria,Brodiaea,coronaria,,,,native,S5,,48.967569390000001,-123.556522200000003,,NA,NA,"123934454",obs_native,file:///D:/Simon/Sync/Root/GIS/Biodiversity%20Data/obs_native.csv?type=csv&maxFields=10000&detectTypes=yes&xField=longitude&yField=latitude&crs=EPSG:4326&spatialIndex=no&subsetIndex=no&watchFile=no
"1689",Brodiaea coronaria,Brodiaea,coronaria,,,,native,S5,,49.012704999999997,-123.572738299999997,,NA,NA,"123934578",obs_native,file:///D:/Simon/Sync/Root/GIS/Biodiversity%20Data/obs_native.csv?type=csv&maxFields=10000&detectTypes=yes&xField=longitude&yField=latitude&crs=EPSG:4326&spatialIndex=no&subsetIndex=no&watchFile=no
"1690",Brodiaea coronaria,Brodiaea,coronaria,,,,native,S5,,48.893650000000001,-123.403703300000004,,NA,NA,"124688172",obs_native,file:///D:/Simon/Sync/Root/GIS/Biodiversity%20Data/obs_native.csv?type=csv&maxFields=10000&detectTypes=yes&xField=longitude&yField=latitude&crs=EPSG:4326&spatialIndex=no&subsetIndex=no&watchFile=no
"1691",Brodiaea coronaria,Brodiaea,coronaria,,,,native,S5,,48.872516670000003,-123.312355600000004,,NA,NA,"125105115",obs_native,file:///D:/Simon/Sync/Root/GIS/Biodiversity%20Data/obs_native.csv?type=csv&maxFields=10000&detectTypes=yes&xField=longitude&yField=latitude&crs=EPSG:4326&spatialIndex=no&subsetIndex=no&watchFile=no
"1692",Brodiaea coronaria,Brodiaea,coronaria,,,,native,S5,,48.893650000000001,-123.403671700000004,,NA,NA,"125853842",obs_native,file:///D:/Simon/Sync/Root/GIS/Biodiversity%20Data/obs_native.csv?type=csv&maxFields=10000&detectTypes=yes&xField=longitude&yField=latitude&crs=EPSG:4326&spatialIndex=no&subsetIndex=no&watchFile=no
"1693",Brodiaea coronaria,Brodiaea,coronaria,,,,native,S5,,48.863825990000002,-123.363763100000000,,NA,NA,"126118220",obs_native,file:///D:/Simon/Sync/Root/GIS/Biodiversity%20Data/obs_native.csv?type=csv&maxFields=10000&detectTypes=yes&xField=longitude&yField=latitude&crs=EPSG:4326&spatialIndex=no&subsetIndex=no&watchFile=no
"1694",Brodiaea coronaria,Brodiaea,coronaria,,,,native,S5,,48.863816669999999,-123.363730000000004,,NA,NA,"126387403",obs_native,file:///D:/Simon/Sync/Root/GIS/Biodiversity%20Data/obs_native.csv?type=csv&maxFields=10000&detectTypes=yes&xField=longitude&yField=latitude&crs=EPSG:4326&spatialIndex=no&subsetIndex=no&watchFile=no
"1695",Brodiaea coronaria,Brodiaea,coronaria,,,,native,S5,,48.904288330000000,-123.345221699999996,,NA,NA,"126389365",obs_native,file:///D:/Simon/Sync/Root/GIS/Biodiversity%20Data/obs_native.csv?type=csv&maxFields=10000&detectTypes=yes&xField=longitude&yField=latitude&crs=EPSG:4326&spatialIndex=no&subsetIndex=no&watchFile=no
"1696",Brodiaea coronaria,Brodiaea,coronaria,,,,native,S5,,48.866736670000002,-123.336616699999993,,NA,NA,"126667032",obs_native,file:///D:/Simon/Sync/Root/GIS/Biodiversity%20Data/obs_native.csv?type=csv&maxFields=10000&detectTypes=yes&xField=longitude&yField=latitude&crs=EPSG:4326&spatialIndex=no&subsetIndex=no&watchFile=no
"1697",Brodiaea coronaria,Brodiaea,coronaria,,,,native,S5,,48.862221110000000,-123.320869400000007,,NA,NA,"127157376",obs_native,file:///D:/Simon/Sync/Root/GIS/Biodiversity%20Data/obs_native.csv?type=csv&maxFields=10000&detectTypes=yes&xField=longitude&yField=latitude&crs=EPSG:4326&spatialIndex=no&subsetIndex=no&watchFile=no
"1698",Brodiaea coronaria,Brodiaea,coronaria,,,,native,S5,,48.867558330000001,-123.338776699999997,,NA,NA,"127181971",obs_native,file:///D:/Simon/Sync/Root/GIS/Biodiversity%20Data/obs_native.csv?type=csv&maxFields=10000&detectTypes=yes&xField=longitude&yField=latitude&crs=EPSG:4326&spatialIndex=no&subsetIndex=no&watchFile=no
"1699",Brodiaea coronaria,Brodiaea,coronaria,,,,native,S5,,48.872504999999997,-123.311683299999999,,NA,NA,"129442230",obs_native,file:///D:/Simon/Sync/Root/GIS/Biodiversity%20Data/obs_native.csv?type=csv&maxFields=10000&detectTypes=yes&xField=longitude&yField=latitude&crs=EPSG:4326&spatialIndex=no&subsetIndex=no&watchFile=no
"1700",Brodiaea coronaria,Brodiaea,coronaria,,,,native,S5,,48.872396670000001,-123.311004999999994,,NA,NA,"129569724",obs_native,file:///D:/Simon/Sync/Root/GIS/Biodiversity%20Data/obs_native.csv?type=csv&maxFields=10000&detectTypes=yes&xField=longitude&yField=latitude&crs=EPSG:4326&spatialIndex=no&subsetIndex=no&watchFile=no
"1701",Brodiaea coronaria,Brodiaea,coronaria,,,,native,S5,,48.872486670000001,-123.311845000000005,,NA,NA,"131336809",obs_native,file:///D:/Simon/Sync/Root/GIS/Biodiversity%20Data/obs_native.csv?type=csv&maxFields=10000&detectTypes=yes&xField=longitude&yField=latitude&crs=EPSG:4326&spatialIndex=no&subsetIndex=no&watchFile=no
"1725",Bromus sitchensis,Bromus,sitchensis,,,,native,S5,,48.867015570000000,-123.337604999999996,,NA,NA,"6434822",obs_native,file:///D:/Simon/Sync/Root/GIS/Biodiversity%20Data/obs_native.csv?type=csv&maxFields=10000&detectTypes=yes&xField=longitude&yField=latitude&crs=EPSG:4326&spatialIndex=no&subsetIndex=no&watchFile=no
"1726",Bromus sitchensis,Bromus,sitchensis,,,,native,S5,,48.865959050000001,-123.350955299999995,,NA,NA,"48304608",obs_native,file:///D:/Simon/Sync/Root/GIS/Biodiversity%20Data/obs_native.csv?type=csv&maxFields=10000&detectTypes=yes&xField=longitude&yField=latitude&crs=EPSG:4326&spatialIndex=no&subsetIndex=no&watchFile=no
"1727",Bromus sitchensis,Bromus,sitchensis,,,,native,S5,,48.930036680000001,-123.467280799999997,,NA,NA,"52921647",obs_native,file:///D:/Simon/Sync/Root/GIS/Biodiversity%20Data/obs_native.csv?type=csv&maxFields=10000&detectTypes=yes&xField=longitude&yField=latitude&crs=EPSG:4326&spatialIndex=no&subsetIndex=no&watchFile=no
"1728",Bromus sitchensis,Bromus,sitchensis,,,,native,S5,,48.994256669999999,-123.583518299999994,,NA,NA,"121373882",obs_native,file:///D:/Simon/Sync/Root/GIS/Biodiversity%20Data/obs_native.csv?type=csv&maxFields=10000&detectTypes=yes&xField=longitude&yField=latitude&crs=EPSG:4326&spatialIndex=no&subsetIndex=no&watchFile=no
"1729",Bromus sitchensis,Bromus,sitchensis,,,,native,S5,,49.013386670000003,-123.573623299999994,,NA,NA,"123934632",obs_native,file:///D:/Simon/Sync/Root/GIS/Biodiversity%20Data/obs_native.csv?type=csv&maxFields=10000&detectTypes=yes&xField=longitude&yField=latitude&crs=EPSG:4326&spatialIndex=no&subsetIndex=no&watchFile=no
"1760",Bromus vulgaris,Bromus,vulgaris,,,,native,S5,,48.869456999999997,-123.347036000000003,,NA,NA,"3573693",obs_native,file:///D:/Simon/Sync/Root/GIS/Biodiversity%20Data/obs_native.csv?type=csv&maxFields=10000&detectTypes=yes&xField=longitude&yField=latitude&crs=EPSG:4326&spatialIndex=no&subsetIndex=no&watchFile=no
"1761",Bromus vulgaris,Bromus,vulgaris,,,,native,S5,,48.931366990000001,-123.480234100000004,,NA,NA,"6409675",obs_native,file:///D:/Simon/Sync/Root/GIS/Biodiversity%20Data/obs_native.csv?type=csv&maxFields=10000&detectTypes=yes&xField=longitude&yField=latitude&crs=EPSG:4326&spatialIndex=no&subsetIndex=no&watchFile=no
"1762",Bromus vulgaris,Bromus,vulgaris,,,,native,S5,,48.868921000000000,-123.345822999999996,,NA,NA,"6665295",obs_native,file:///D:/Simon/Sync/Root/GIS/Biodiversity%20Data/obs_native.csv?type=csv&maxFields=10000&detectTypes=yes&xField=longitude&yField=latitude&crs=EPSG:4326&spatialIndex=no&subsetIndex=no&watchFile=no
"1763",Bromus vulgaris,Bromus,vulgaris,,,,native,S5,,48.879767999999999,-123.335204000000004,,NA,NA,"12774403",obs_native,file:///D:/Simon/Sync/Root/GIS/Biodiversity%20Data/obs_native.csv?type=csv&maxFields=10000&detectTypes=yes&xField=longitude&yField=latitude&crs=EPSG:4326&spatialIndex=no&subsetIndex=no&watchFile=no
"1764",Bromus vulgaris,Bromus,vulgaris,,,,native,S5,,48.866025999999998,-123.333974999999995,,NA,NA,"12817505",obs_native,file:///D:/Simon/Sync/Root/GIS/Biodiversity%20Data/obs_native.csv?type=csv&maxFields=10000&detectTypes=yes&xField=longitude&yField=latitude&crs=EPSG:4326&spatialIndex=no&subsetIndex=no&watchFile=no
"1765",Bromus vulgaris,Bromus,vulgaris,,,,native,S5,,48.963624000000003,-123.549929000000006,,NA,NA,"12840366",obs_native,file:///D:/Simon/Sync/Root/GIS/Biodiversity%20Data/obs_native.csv?type=csv&maxFields=10000&detectTypes=yes&xField=longitude&yField=latitude&crs=EPSG:4326&spatialIndex=no&subsetIndex=no&watchFile=no
"1766",Bromus vulgaris,Bromus,vulgaris,,,,native,S5,,48.903829999999999,-123.345410000000001,,NA,NA,"13972282",obs_native,file:///D:/Simon/Sync/Root/GIS/Biodiversity%20Data/obs_native.csv?type=csv&maxFields=10000&detectTypes=yes&xField=longitude&yField=latitude&crs=EPSG:4326&spatialIndex=no&subsetIndex=no&watchFile=no
"1767",Bromus vulgaris,Bromus,vulgaris,,,,native,S5,,48.877331669999997,-123.358369999999994,,NA,NA,"25488396",obs_native,file:///D:/Simon/Sync/Root/GIS/Biodiversity%20Data/obs_native.csv?type=csv&maxFields=10000&detectTypes=yes&xField=longitude&yField=latitude&crs=EPSG:4326&spatialIndex=no&subsetIndex=no&watchFile=no
"1768",Bromus vulgaris,Bromus,vulgaris,,,,native,S5,,48.927047690000002,-123.468402499999996,,NA,NA,"53379957",obs_native,file:///D:/Simon/Sync/Root/GIS/Biodiversity%20Data/obs_native.csv?type=csv&maxFields=10000&detectTypes=yes&xField=longitude&yField=latitude&crs=EPSG:4326&spatialIndex=no&subsetIndex=no&watchFile=no
"1769",Bromus vulgaris,Bromus,vulgaris,,,,native,S5,,48.932160029999999,-123.478804199999999,,NA,NA,"53384956",obs_native,file:///D:/Simon/Sync/Root/GIS/Biodiversity%20Data/obs_native.csv?type=csv&maxFields=10000&detectTypes=yes&xField=longitude&yField=latitude&crs=EPSG:4326&spatialIndex=no&subsetIndex=no&watchFile=no
"1770",Bromus vulgaris,Bromus,vulgaris,,,,native,S5,,48.932388209999999,-123.479375300000001,,NA,NA,"53398187",obs_native,file:///D:/Simon/Sync/Root/GIS/Biodiversity%20Data/obs_native.csv?type=csv&maxFields=10000&detectTypes=yes&xField=longitude&yField=latitude&crs=EPSG:4326&spatialIndex=no&subsetIndex=no&watchFile=no
"1771",Bromus vulgaris,Bromus,vulgaris,,,,native,S5,,48.876334000000000,-123.384814000000006,,NA,NA,"83738311",obs_native,file:///D:/Simon/Sync/Root/GIS/Biodiversity%20Data/obs_native.csv?type=csv&maxFields=10000&detectTypes=yes&xField=longitude&yField=latitude&crs=EPSG:4326&spatialIndex=no&subsetIndex=no&watchFile=no
"1772",Bromus vulgaris,Bromus,vulgaris,,,,native,S5,,48.872745049999999,-123.342777799999993,,NA,NA,"87960699",obs_native,file:///D:/Simon/Sync/Root/GIS/Biodiversity%20Data/obs_native.csv?type=csv&maxFields=10000&detectTypes=yes&xField=longitude&yField=latitude&crs=EPSG:4326&spatialIndex=no&subsetIndex=no&watchFile=no
"1773",Bromus vulgaris,Bromus,vulgaris,,,,native,S5,,48.994598330000002,-123.556493300000000,,NA,NA,"94679792",obs_native,file:///D:/Simon/Sync/Root/GIS/Biodiversity%20Data/obs_native.csv?type=csv&maxFields=10000&detectTypes=yes&xField=longitude&yField=latitude&crs=EPSG:4326&spatialIndex=no&subsetIndex=no&watchFile=no
"1774",Bromus vulgaris,Bromus,vulgaris,,,,native,S5,,48.940483329999999,-123.503158299999996,,NA,NA,"120768670",obs_native,file:///D:/Simon/Sync/Root/GIS/Biodiversity%20Data/obs_native.csv?type=csv&maxFields=10000&detectTypes=yes&xField=longitude&yField=latitude&crs=EPSG:4326&spatialIndex=no&subsetIndex=no&watchFile=no
"1775",Bromus vulgaris,Bromus,vulgaris,,,,native,S5,,48.904609690000001,-123.367231700000005,,NA,NA,"120891223",obs_native,file:///D:/Simon/Sync/Root/GIS/Biodiversity%20Data/obs_native.csv?type=csv&maxFields=10000&detectTypes=yes&xField=longitude&yField=latitude&crs=EPSG:4326&spatialIndex=no&subsetIndex=no&watchFile=no
"1776",Bromus vulgaris,Bromus,vulgaris,,,,native,S5,,48.909089999999999,-123.374809999999997,,NA,NA,"121538496",obs_native,file:///D:/Simon/Sync/Root/GIS/Biodiversity%20Data/obs_native.csv?type=csv&maxFields=10000&detectTypes=yes&xField=longitude&yField=latitude&crs=EPSG:4326&spatialIndex=no&subsetIndex=no&watchFile=no
"1777",Bromus vulgaris,Bromus,vulgaris,,,,native,S5,,48.862625000000001,-123.351306699999995,,NA,NA,"122258277",obs_native,file:///D:/Simon/Sync/Root/GIS/Biodiversity%20Data/obs_native.csv?type=csv&maxFields=10000&detectTypes=yes&xField=longitude&yField=latitude&crs=EPSG:4326&spatialIndex=no&subsetIndex=no&watchFile=no
"1778",Bromus vulgaris,Bromus,vulgaris,,,,native,S5,,49.011968330000002,-123.575531699999999,,NA,NA,"123934536",obs_native,file:///D:/Simon/Sync/Root/GIS/Biodiversity%20Data/obs_native.csv?type=csv&maxFields=10000&detectTypes=yes&xField=longitude&yField=latitude&crs=EPSG:4326&spatialIndex=no&subsetIndex=no&watchFile=no
"1779",Bromus vulgaris,Bromus,vulgaris,,,,native,S5,,49.011232929999998,-123.574107799999993,,NA,NA,"124067885",obs_native,file:///D:/Simon/Sync/Root/GIS/Biodiversity%20Data/obs_native.csv?type=csv&maxFields=10000&detectTypes=yes&xField=longitude&yField=latitude&crs=EPSG:4326&spatialIndex=no&subsetIndex=no&watchFile=no
"1780",Bromus vulgaris,Bromus,vulgaris,,,,native,S5,,48.935486109999999,-123.475022199999998,,NA,NA,"125105127",obs_native,file:///D:/Simon/Sync/Root/GIS/Biodiversity%20Data/obs_native.csv?type=csv&maxFields=10000&detectTypes=yes&xField=longitude&yField=latitude&crs=EPSG:4326&spatialIndex=no&subsetIndex=no&watchFile=no
"1781",Bromus vulgaris,Bromus,vulgaris,,,,native,S5,,48.910744440000002,-123.414444399999994,,NA,NA,"125189720",obs_native,file:///D:/Simon/Sync/Root/GIS/Biodiversity%20Data/obs_native.csv?type=csv&maxFields=10000&detectTypes=yes&xField=longitude&yField=latitude&crs=EPSG:4326&spatialIndex=no&subsetIndex=no&watchFile=no
"1795",Campanula scouleri,Campanula,scouleri,,,,native,S4S5,,48.915973999999999,-123.424808999999996,,NA,NA,"3296703",obs_native,file:///D:/Simon/Sync/Root/GIS/Biodiversity%20Data/obs_native.csv?type=csv&maxFields=10000&detectTypes=yes&xField=longitude&yField=latitude&crs=EPSG:4326&spatialIndex=no&subsetIndex=no&watchFile=no
"1796",Campanula scouleri,Campanula,scouleri,,,,native,S4S5,,48.868893000000000,-123.346360000000004,,NA,NA,"3500267",obs_native,file:///D:/Simon/Sync/Root/GIS/Biodiversity%20Data/obs_native.csv?type=csv&maxFields=10000&detectTypes=yes&xField=longitude&yField=latitude&crs=EPSG:4326&spatialIndex=no&subsetIndex=no&watchFile=no
"1797",Campanula scouleri,Campanula,scouleri,,,,native,S4S5,,48.887128330000003,-123.352744999999999,,NA,NA,"3563953",obs_native,file:///D:/Simon/Sync/Root/GIS/Biodiversity%20Data/obs_native.csv?type=csv&maxFields=10000&detectTypes=yes&xField=longitude&yField=latitude&crs=EPSG:4326&spatialIndex=no&subsetIndex=no&watchFile=no
"1798",Campanula scouleri,Campanula,scouleri,,,,native,S4S5,,48.927191000000001,-123.467145000000002,,NA,NA,"3641709",obs_native,file:///D:/Simon/Sync/Root/GIS/Biodiversity%20Data/obs_native.csv?type=csv&maxFields=10000&detectTypes=yes&xField=longitude&yField=latitude&crs=EPSG:4326&spatialIndex=no&subsetIndex=no&watchFile=no
"1799",Campanula scouleri,Campanula,scouleri,,,,native,S4S5,,48.899765870000003,-123.407299499999993,,NA,NA,"3700976",obs_native,file:///D:/Simon/Sync/Root/GIS/Biodiversity%20Data/obs_native.csv?type=csv&maxFields=10000&detectTypes=yes&xField=longitude&yField=latitude&crs=EPSG:4326&spatialIndex=no&subsetIndex=no&watchFile=no
"1800",Campanula scouleri,Campanula,scouleri,,,,native,S4S5,,48.931366990000001,-123.480234100000004,,NA,NA,"6409676",obs_native,file:///D:/Simon/Sync/Root/GIS/Biodiversity%20Data/obs_native.csv?type=csv&maxFields=10000&detectTypes=yes&xField=longitude&yField=latitude&crs=EPSG:4326&spatialIndex=no&subsetIndex=no&watchFile=no
"1801",Campanula scouleri,Campanula,scouleri,,,,native,S4S5,,48.868800149999998,-123.378610600000002,,NA,NA,"6410310",obs_native,file:///D:/Simon/Sync/Root/GIS/Biodiversity%20Data/obs_native.csv?type=csv&maxFields=10000&detectTypes=yes&xField=longitude&yField=latitude&crs=EPSG:4326&spatialIndex=no&subsetIndex=no&watchFile=no
"1802",Campanula scouleri,Campanula,scouleri,,,,native,S4S5,,48.874510000000001,-123.333782999999997,,NA,NA,"12763324",obs_native,file:///D:/Simon/Sync/Root/GIS/Biodiversity%20Data/obs_native.csv?type=csv&maxFields=10000&detectTypes=yes&xField=longitude&yField=latitude&crs=EPSG:4326&spatialIndex=no&subsetIndex=no&watchFile=no
"1803",Campanula scouleri,Campanula,scouleri,,,,native,S4S5,,48.871012999999998,-123.333776999999998,,NA,NA,"12792457",obs_native,file:///D:/Simon/Sync/Root/GIS/Biodiversity%20Data/obs_native.csv?type=csv&maxFields=10000&detectTypes=yes&xField=longitude&yField=latitude&crs=EPSG:4326&spatialIndex=no&subsetIndex=no&watchFile=no
"1804",Campanula scouleri,Campanula,scouleri,,,,native,S4S5,,48.869095000000002,-123.345978299999999,,NA,NA,"13951607",obs_native,file:///D:/Simon/Sync/Root/GIS/Biodiversity%20Data/obs_native.csv?type=csv&maxFields=10000&detectTypes=yes&xField=longitude&yField=latitude&crs=EPSG:4326&spatialIndex=no&subsetIndex=no&watchFile=no
"1805",Campanula scouleri,Campanula,scouleri,,,,native,S4S5,,48.995988869999998,-123.585660399999995,,NA,NA,"14064214",obs_native,file:///D:/Simon/Sync/Root/GIS/Biodiversity%20Data/obs_native.csv?type=csv&maxFields=10000&detectTypes=yes&xField=longitude&yField=latitude&crs=EPSG:4326&spatialIndex=no&subsetIndex=no&watchFile=no
"1806",Campanula scouleri,Campanula,scouleri,,,,native,S4S5,,48.984241320000002,-123.555671899999993,,NA,NA,"14247643",obs_native,file:///D:/Simon/Sync/Root/GIS/Biodiversity%20Data/obs_native.csv?type=csv&maxFields=10000&detectTypes=yes&xField=longitude&yField=latitude&crs=EPSG:4326&spatialIndex=no&subsetIndex=no&watchFile=no
"1807",Campanula scouleri,Campanula,scouleri,,,,native,S4S5,,48.927279230000003,-123.467076000000006,,NA,NA,"21860327",obs_native,file:///D:/Simon/Sync/Root/GIS/Biodiversity%20Data/obs_native.csv?type=csv&maxFields=10000&detectTypes=yes&xField=longitude&yField=latitude&crs=EPSG:4326&spatialIndex=no&subsetIndex=no&watchFile=no
"1808",Campanula scouleri,Campanula,scouleri,,,,native,S4S5,,48.866326829999998,-123.370008700000000,,NA,NA,"42637579",obs_native,file:///D:/Simon/Sync/Root/GIS/Biodiversity%20Data/obs_native.csv?type=csv&maxFields=10000&detectTypes=yes&xField=longitude&yField=latitude&crs=EPSG:4326&spatialIndex=no&subsetIndex=no&watchFile=no
"1809",Campanula scouleri,Campanula,scouleri,,,,native,S4S5,,48.963875000000002,-123.550247200000001,,NA,NA,"42813469",obs_native,file:///D:/Simon/Sync/Root/GIS/Biodiversity%20Data/obs_native.csv?type=csv&maxFields=10000&detectTypes=yes&xField=longitude&yField=latitude&crs=EPSG:4326&spatialIndex=no&subsetIndex=no&watchFile=no
"1810",Campanula scouleri,Campanula,scouleri,,,,native,S4S5,,48.927486979999998,-123.468302800000004,,NA,NA,"53382850",obs_native,file:///D:/Simon/Sync/Root/GIS/Biodiversity%20Data/obs_native.csv?type=csv&maxFields=10000&detectTypes=yes&xField=longitude&yField=latitude&crs=EPSG:4326&spatialIndex=no&subsetIndex=no&watchFile=no
"1811",Campanula scouleri,Campanula,scouleri,,,,native,S4S5,,49.009755550000001,-123.570494999999994,,NA,NA,"53807033",obs_native,file:///D:/Simon/Sync/Root/GIS/Biodiversity%20Data/obs_native.csv?type=csv&maxFields=10000&detectTypes=yes&xField=longitude&yField=latitude&crs=EPSG:4326&spatialIndex=no&subsetIndex=no&watchFile=no
"1812",Campanula scouleri,Campanula,scouleri,,,,native,S4S5,,48.885301669999997,-123.356968300000005,,NA,NA,"83097986",obs_native,file:///D:/Simon/Sync/Root/GIS/Biodiversity%20Data/obs_native.csv?type=csv&maxFields=10000&detectTypes=yes&xField=longitude&yField=latitude&crs=EPSG:4326&spatialIndex=no&subsetIndex=no&watchFile=no
"1813",Campanula scouleri,Campanula,scouleri,,,,native,S4S5,,48.887006780000000,-123.358780800000005,,NA,NA,"83097988",obs_native,file:///D:/Simon/Sync/Root/GIS/Biodiversity%20Data/obs_native.csv?type=csv&maxFields=10000&detectTypes=yes&xField=longitude&yField=latitude&crs=EPSG:4326&spatialIndex=no&subsetIndex=no&watchFile=no
"1814",Campanula scouleri,Campanula,scouleri,,,,native,S4S5,,48.886672480000001,-123.357031000000006,,NA,NA,"83098033",obs_native,file:///D:/Simon/Sync/Root/GIS/Biodiversity%20Data/obs_native.csv?type=csv&maxFields=10000&detectTypes=yes&xField=longitude&yField=latitude&crs=EPSG:4326&spatialIndex=no&subsetIndex=no&watchFile=no
"1815",Campanula scouleri,Campanula,scouleri,,,,native,S4S5,,48.876011110000000,-123.384802800000003,,NA,NA,"83738285",obs_native,file:///D:/Simon/Sync/Root/GIS/Biodiversity%20Data/obs_native.csv?type=csv&maxFields=10000&detectTypes=yes&xField=longitude&yField=latitude&crs=EPSG:4326&spatialIndex=no&subsetIndex=no&watchFile=no
"1816",Campanula scouleri,Campanula,scouleri,,,,native,S4S5,,48.875940000000000,-123.384354000000002,,NA,NA,"83738298",obs_native,file:///D:/Simon/Sync/Root/GIS/Biodiversity%20Data/obs_native.csv?type=csv&maxFields=10000&detectTypes=yes&xField=longitude&yField=latitude&crs=EPSG:4326&spatialIndex=no&subsetIndex=no&watchFile=no
"1817",Campanula scouleri,Campanula,scouleri,,,,native,S4S5,,48.998100000000001,-123.586929999999995,,NA,NA,"84380495",obs_native,file:///D:/Simon/Sync/Root/GIS/Biodiversity%20Data/obs_native.csv?type=csv&maxFields=10000&detectTypes=yes&xField=longitude&yField=latitude&crs=EPSG:4326&spatialIndex=no&subsetIndex=no&watchFile=no
"1818",Campanula scouleri,Campanula,scouleri,,,,native,S4S5,,48.931886669999997,-123.479545000000002,,NA,NA,"85427091",obs_native,file:///D:/Simon/Sync/Root/GIS/Biodiversity%20Data/obs_native.csv?type=csv&maxFields=10000&detectTypes=yes&xField=longitude&yField=latitude&crs=EPSG:4326&spatialIndex=no&subsetIndex=no&watchFile=no
"1819",Campanula scouleri,Campanula,scouleri,,,,native,S4S5,,48.887696140000003,-123.335036500000001,,NA,NA,"87354664",obs_native,file:///D:/Simon/Sync/Root/GIS/Biodiversity%20Data/obs_native.csv?type=csv&maxFields=10000&detectTypes=yes&xField=longitude&yField=latitude&crs=EPSG:4326&spatialIndex=no&subsetIndex=no&watchFile=no
"1820",Campanula scouleri,Campanula,scouleri,,,,native,S4S5,,48.957633330000000,-123.531154999999998,,NA,NA,"116029593",obs_native,file:///D:/Simon/Sync/Root/GIS/Biodiversity%20Data/obs_native.csv?type=csv&maxFields=10000&detectTypes=yes&xField=longitude&yField=latitude&crs=EPSG:4326&spatialIndex=no&subsetIndex=no&watchFile=no
"1821",Campanula scouleri,Campanula,scouleri,,,,native,S4S5,,48.898746670000001,-123.406761700000004,,NA,NA,"126309482",obs_native,file:///D:/Simon/Sync/Root/GIS/Biodiversity%20Data/obs_native.csv?type=csv&maxFields=10000&detectTypes=yes&xField=longitude&yField=latitude&crs=EPSG:4326&spatialIndex=no&subsetIndex=no&watchFile=no
"1822",Campanula scouleri,Campanula,scouleri,,,,native,S4S5,,48.907639869999997,-123.373342800000003,,NA,NA,"126505179",obs_native,file:///D:/Simon/Sync/Root/GIS/Biodiversity%20Data/obs_native.csv?type=csv&maxFields=10000&detectTypes=yes&xField=longitude&yField=latitude&crs=EPSG:4326&spatialIndex=no&subsetIndex=no&watchFile=no
"1823",Campanula scouleri,Campanula,scouleri,,,,native,S4S5,,48.909310120000001,-123.372600500000004,,NA,NA,"126735755",obs_native,file:///D:/Simon/Sync/Root/GIS/Biodiversity%20Data/obs_native.csv?type=csv&maxFields=10000&detectTypes=yes&xField=longitude&yField=latitude&crs=EPSG:4326&spatialIndex=no&subsetIndex=no&watchFile=no
"1824",Campanula scouleri,Campanula,scouleri,,,,native,S4S5,,48.869686670000000,-123.363311699999997,,NA,NA,"132887385",obs_native,file:///D:/Simon/Sync/Root/GIS/Biodiversity%20Data/obs_native.csv?type=csv&maxFields=10000&detectTypes=yes&xField=longitude&yField=latitude&crs=EPSG:4326&spatialIndex=no&subsetIndex=no&watchFile=no
"1905",Cardamine nuttallii,Cardamine,nuttallii,,,,native,S5,,48.860979999999998,-123.352028300000001,,NA,NA,"5582977",obs_native,file:///D:/Simon/Sync/Root/GIS/Biodiversity%20Data/obs_native.csv?type=csv&maxFields=10000&detectTypes=yes&xField=longitude&yField=latitude&crs=EPSG:4326&spatialIndex=no&subsetIndex=no&watchFile=no
"1906",Cardamine nuttallii,Cardamine,nuttallii,,,,native,S5,,48.860965999999998,-123.352124000000003,,NA,NA,"5635251",obs_native,file:///D:/Simon/Sync/Root/GIS/Biodiversity%20Data/obs_native.csv?type=csv&maxFields=10000&detectTypes=yes&xField=longitude&yField=latitude&crs=EPSG:4326&spatialIndex=no&subsetIndex=no&watchFile=no
"1907",Cardamine nuttallii,Cardamine,nuttallii,,,,native,S5,,48.871654999999997,-123.311653300000003,,NA,NA,"10513958",obs_native,file:///D:/Simon/Sync/Root/GIS/Biodiversity%20Data/obs_native.csv?type=csv&maxFields=10000&detectTypes=yes&xField=longitude&yField=latitude&crs=EPSG:4326&spatialIndex=no&subsetIndex=no&watchFile=no
"1908",Cardamine nuttallii,Cardamine,nuttallii,,,,native,S5,,48.873377779999998,-123.348586100000006,,NA,NA,"10982425",obs_native,file:///D:/Simon/Sync/Root/GIS/Biodiversity%20Data/obs_native.csv?type=csv&maxFields=10000&detectTypes=yes&xField=longitude&yField=latitude&crs=EPSG:4326&spatialIndex=no&subsetIndex=no&watchFile=no
"1909",Cardamine nuttallii,Cardamine,nuttallii,,,,native,S5,,48.897350000000003,-123.341155000000001,,NA,NA,"22499921",obs_native,file:///D:/Simon/Sync/Root/GIS/Biodiversity%20Data/obs_native.csv?type=csv&maxFields=10000&detectTypes=yes&xField=longitude&yField=latitude&crs=EPSG:4326&spatialIndex=no&subsetIndex=no&watchFile=no
"1910",Cardamine nuttallii,Cardamine,nuttallii,,,,native,S5,,48.939015939999997,-123.492324400000001,,NA,NA,"24338633",obs_native,file:///D:/Simon/Sync/Root/GIS/Biodiversity%20Data/obs_native.csv?type=csv&maxFields=10000&detectTypes=yes&xField=longitude&yField=latitude&crs=EPSG:4326&spatialIndex=no&subsetIndex=no&watchFile=no
"1911",Cardamine nuttallii,Cardamine,nuttallii,,,,native,S5,,48.871828749999999,-123.311571299999997,,NA,NA,"40419929",obs_native,file:///D:/Simon/Sync/Root/GIS/Biodiversity%20Data/obs_native.csv?type=csv&maxFields=10000&detectTypes=yes&xField=longitude&yField=latitude&crs=EPSG:4326&spatialIndex=no&subsetIndex=no&watchFile=no
"1912",Cardamine nuttallii,Cardamine,nuttallii,,,,native,S5,,48.939559940000002,-123.494758599999997,,NA,NA,"72644674",obs_native,file:///D:/Simon/Sync/Root/GIS/Biodiversity%20Data/obs_native.csv?type=csv&maxFields=10000&detectTypes=yes&xField=longitude&yField=latitude&crs=EPSG:4326&spatialIndex=no&subsetIndex=no&watchFile=no
"1913",Cardamine nuttallii,Cardamine,nuttallii,,,,native,S5,,48.871670000000002,-123.311638299999998,,NA,NA,"110291306",obs_native,file:///D:/Simon/Sync/Root/GIS/Biodiversity%20Data/obs_native.csv?type=csv&maxFields=10000&detectTypes=yes&xField=longitude&yField=latitude&crs=EPSG:4326&spatialIndex=no&subsetIndex=no&watchFile=no
"1914",Cardamine oligosperma,Cardamine,oligosperma,,,,native,S5,,48.931635000000000,-123.481650000000002,,NA,NA,"2575038",obs_native,file:///D:/Simon/Sync/Root/GIS/Biodiversity%20Data/obs_native.csv?type=csv&maxFields=10000&detectTypes=yes&xField=longitude&yField=latitude&crs=EPSG:4326&spatialIndex=no&subsetIndex=no&watchFile=no
"1916",Cardamine oligosperma,Cardamine,oligosperma,,,,native,S5,,48.868282999999998,-123.342605000000006,,NA,NA,"2889721",obs_native,file:///D:/Simon/Sync/Root/GIS/Biodiversity%20Data/obs_native.csv?type=csv&maxFields=10000&detectTypes=yes&xField=longitude&yField=latitude&crs=EPSG:4326&spatialIndex=no&subsetIndex=no&watchFile=no
"1917",Cardamine oligosperma,Cardamine,oligosperma,,,,native,S5,,48.866656999999996,-123.335227000000003,,NA,NA,"5095014",obs_native,file:///D:/Simon/Sync/Root/GIS/Biodiversity%20Data/obs_native.csv?type=csv&maxFields=10000&detectTypes=yes&xField=longitude&yField=latitude&crs=EPSG:4326&spatialIndex=no&subsetIndex=no&watchFile=no
"1918",Cardamine oligosperma,Cardamine,oligosperma,,,,native,S5,,48.900019780000001,-123.361401599999994,,NA,NA,"5647002",obs_native,file:///D:/Simon/Sync/Root/GIS/Biodiversity%20Data/obs_native.csv?type=csv&maxFields=10000&detectTypes=yes&xField=longitude&yField=latitude&crs=EPSG:4326&spatialIndex=no&subsetIndex=no&watchFile=no
"1919",Cardamine oligosperma,Cardamine,oligosperma,,,,native,S5,,48.868568199999999,-123.385638000000000,,NA,NA,"5715303",obs_native,file:///D:/Simon/Sync/Root/GIS/Biodiversity%20Data/obs_native.csv?type=csv&maxFields=10000&detectTypes=yes&xField=longitude&yField=latitude&crs=EPSG:4326&spatialIndex=no&subsetIndex=no&watchFile=no
"1920",Cardamine oligosperma,Cardamine,oligosperma,,,,native,S5,,48.913954300000000,-123.387536999999995,,NA,NA,"5885307",obs_native,file:///D:/Simon/Sync/Root/GIS/Biodiversity%20Data/obs_native.csv?type=csv&maxFields=10000&detectTypes=yes&xField=longitude&yField=latitude&crs=EPSG:4326&spatialIndex=no&subsetIndex=no&watchFile=no
"1921",Cardamine oligosperma,Cardamine,oligosperma,,,,native,S5,,48.903292200000003,-123.361208399999995,,NA,NA,"5935184",obs_native,file:///D:/Simon/Sync/Root/GIS/Biodiversity%20Data/obs_native.csv?type=csv&maxFields=10000&detectTypes=yes&xField=longitude&yField=latitude&crs=EPSG:4326&spatialIndex=no&subsetIndex=no&watchFile=no
"1922",Cardamine oligosperma,Cardamine,oligosperma,,,,native,S5,,48.914010709999999,-123.387998300000007,,NA,NA,"5964575",obs_native,file:///D:/Simon/Sync/Root/GIS/Biodiversity%20Data/obs_native.csv?type=csv&maxFields=10000&detectTypes=yes&xField=longitude&yField=latitude&crs=EPSG:4326&spatialIndex=no&subsetIndex=no&watchFile=no
"1923",Cardamine oligosperma,Cardamine,oligosperma,,,,native,S5,,48.868850490000000,-123.345662399999995,,NA,NA,"5964579",obs_native,file:///D:/Simon/Sync/Root/GIS/Biodiversity%20Data/obs_native.csv?type=csv&maxFields=10000&detectTypes=yes&xField=longitude&yField=latitude&crs=EPSG:4326&spatialIndex=no&subsetIndex=no&watchFile=no
"1924",Cardamine oligosperma,Cardamine,oligosperma,,,,native,S5,,48.976160890000003,-123.548855799999998,,NA,NA,"6085930",obs_native,file:///D:/Simon/Sync/Root/GIS/Biodiversity%20Data/obs_native.csv?type=csv&maxFields=10000&detectTypes=yes&xField=longitude&yField=latitude&crs=EPSG:4326&spatialIndex=no&subsetIndex=no&watchFile=no
"1925",Cardamine oligosperma,Cardamine,oligosperma,,,,native,S5,,48.970639560000002,-123.542718899999997,,NA,NA,"6216782",obs_native,file:///D:/Simon/Sync/Root/GIS/Biodiversity%20Data/obs_native.csv?type=csv&maxFields=10000&detectTypes=yes&xField=longitude&yField=latitude&crs=EPSG:4326&spatialIndex=no&subsetIndex=no&watchFile=no
"1926",Cardamine oligosperma,Cardamine,oligosperma,,,,native,S5,,48.866832070000001,-123.371572499999999,,NA,NA,"6409659",obs_native,file:///D:/Simon/Sync/Root/GIS/Biodiversity%20Data/obs_native.csv?type=csv&maxFields=10000&detectTypes=yes&xField=longitude&yField=latitude&crs=EPSG:4326&spatialIndex=no&subsetIndex=no&watchFile=no
"1927",Cardamine oligosperma,Cardamine,oligosperma,,,,native,S5,,48.973553240000001,-123.547568299999995,,NA,NA,"6412025",obs_native,file:///D:/Simon/Sync/Root/GIS/Biodiversity%20Data/obs_native.csv?type=csv&maxFields=10000&detectTypes=yes&xField=longitude&yField=latitude&crs=EPSG:4326&spatialIndex=no&subsetIndex=no&watchFile=no
"1928",Cardamine oligosperma,Cardamine,oligosperma,,,,native,S5,,48.916669100000000,-123.396039599999995,,NA,NA,"9913397",obs_native,file:///D:/Simon/Sync/Root/GIS/Biodiversity%20Data/obs_native.csv?type=csv&maxFields=10000&detectTypes=yes&xField=longitude&yField=latitude&crs=EPSG:4326&spatialIndex=no&subsetIndex=no&watchFile=no
"1929",Cardamine oligosperma,Cardamine,oligosperma,,,,native,S5,,48.916530000000002,-123.394265000000004,,NA,NA,"11251921",obs_native,file:///D:/Simon/Sync/Root/GIS/Biodiversity%20Data/obs_native.csv?type=csv&maxFields=10000&detectTypes=yes&xField=longitude&yField=latitude&crs=EPSG:4326&spatialIndex=no&subsetIndex=no&watchFile=no
"1930",Cardamine oligosperma,Cardamine,oligosperma,,,,native,S5,,48.874772999999998,-123.336338999999995,,NA,NA,"12763059",obs_native,file:///D:/Simon/Sync/Root/GIS/Biodiversity%20Data/obs_native.csv?type=csv&maxFields=10000&detectTypes=yes&xField=longitude&yField=latitude&crs=EPSG:4326&spatialIndex=no&subsetIndex=no&watchFile=no
"1931",Cardamine oligosperma,Cardamine,oligosperma,,,,native,S5,,48.867058000000000,-123.334428000000003,,NA,NA,"12817037",obs_native,file:///D:/Simon/Sync/Root/GIS/Biodiversity%20Data/obs_native.csv?type=csv&maxFields=10000&detectTypes=yes&xField=longitude&yField=latitude&crs=EPSG:4326&spatialIndex=no&subsetIndex=no&watchFile=no
"1932",Cardamine oligosperma,Cardamine,oligosperma,,,,native,S5,,48.867083110000003,-123.329148099999998,,NA,NA,"22799459",obs_native,file:///D:/Simon/Sync/Root/GIS/Biodiversity%20Data/obs_native.csv?type=csv&maxFields=10000&detectTypes=yes&xField=longitude&yField=latitude&crs=EPSG:4326&spatialIndex=no&subsetIndex=no&watchFile=no
"1933",Cardamine oligosperma,Cardamine,oligosperma,,,,native,S5,,49.007592539999997,-123.576028399999998,,NA,NA,"24497689",obs_native,file:///D:/Simon/Sync/Root/GIS/Biodiversity%20Data/obs_native.csv?type=csv&maxFields=10000&detectTypes=yes&xField=longitude&yField=latitude&crs=EPSG:4326&spatialIndex=no&subsetIndex=no&watchFile=no
"1934",Cardamine oligosperma,Cardamine,oligosperma,,,,native,S5,,48.963511109999999,-123.515427799999998,,NA,NA,"24665170",obs_native,file:///D:/Simon/Sync/Root/GIS/Biodiversity%20Data/obs_native.csv?type=csv&maxFields=10000&detectTypes=yes&xField=longitude&yField=latitude&crs=EPSG:4326&spatialIndex=no&subsetIndex=no&watchFile=no
"1935",Cardamine oligosperma,Cardamine,oligosperma,,,,native,S5,,48.963733329999997,-123.515822200000002,,NA,NA,"24665241",obs_native,file:///D:/Simon/Sync/Root/GIS/Biodiversity%20Data/obs_native.csv?type=csv&maxFields=10000&detectTypes=yes&xField=longitude&yField=latitude&crs=EPSG:4326&spatialIndex=no&subsetIndex=no&watchFile=no
"1936",Cardamine oligosperma,Cardamine,oligosperma,,,,native,S5,,48.962619439999997,-123.517027799999994,,NA,NA,"24685766",obs_native,file:///D:/Simon/Sync/Root/GIS/Biodiversity%20Data/obs_native.csv?type=csv&maxFields=10000&detectTypes=yes&xField=longitude&yField=latitude&crs=EPSG:4326&spatialIndex=no&subsetIndex=no&watchFile=no
"1937",Cardamine oligosperma,Cardamine,oligosperma,,,,native,S5,,48.979086539999997,-123.557435799999993,,NA,NA,"25479950",obs_native,file:///D:/Simon/Sync/Root/GIS/Biodiversity%20Data/obs_native.csv?type=csv&maxFields=10000&detectTypes=yes&xField=longitude&yField=latitude&crs=EPSG:4326&spatialIndex=no&subsetIndex=no&watchFile=no
"1938",Cardamine oligosperma,Cardamine,oligosperma,,,,native,S5,,48.962405560000001,-123.517761100000001,,NA,NA,"25578149",obs_native,file:///D:/Simon/Sync/Root/GIS/Biodiversity%20Data/obs_native.csv?type=csv&maxFields=10000&detectTypes=yes&xField=longitude&yField=latitude&crs=EPSG:4326&spatialIndex=no&subsetIndex=no&watchFile=no
"1939",Cardamine oligosperma,Cardamine,oligosperma,,,,native,S5,,48.868125589999998,-123.347954299999998,,NA,NA,"40448519",obs_native,file:///D:/Simon/Sync/Root/GIS/Biodiversity%20Data/obs_native.csv?type=csv&maxFields=10000&detectTypes=yes&xField=longitude&yField=latitude&crs=EPSG:4326&spatialIndex=no&subsetIndex=no&watchFile=no
"1940",Cardamine oligosperma,Cardamine,oligosperma,,,,native,S5,,48.910345000000000,-123.375171699999996,,NA,NA,"41879782",obs_native,file:///D:/Simon/Sync/Root/GIS/Biodiversity%20Data/obs_native.csv?type=csv&maxFields=10000&detectTypes=yes&xField=longitude&yField=latitude&crs=EPSG:4326&spatialIndex=no&subsetIndex=no&watchFile=no
"1941",Cardamine oligosperma,Cardamine,oligosperma,,,,native,S5,,48.910646880000002,-123.376750900000005,,NA,NA,"41879801",obs_native,file:///D:/Simon/Sync/Root/GIS/Biodiversity%20Data/obs_native.csv?type=csv&maxFields=10000&detectTypes=yes&xField=longitude&yField=latitude&crs=EPSG:4326&spatialIndex=no&subsetIndex=no&watchFile=no
"1942",Cardamine oligosperma,Cardamine,oligosperma,,,,native,S5,,48.870960900000000,-123.348809000000003,,NA,NA,"42363887",obs_native,file:///D:/Simon/Sync/Root/GIS/Biodiversity%20Data/obs_native.csv?type=csv&maxFields=10000&detectTypes=yes&xField=longitude&yField=latitude&crs=EPSG:4326&spatialIndex=no&subsetIndex=no&watchFile=no
"1943",Cardamine oligosperma,Cardamine,oligosperma,,,,native,S5,,48.870960900000000,-123.348809000000003,,NA,NA,"42363892",obs_native,file:///D:/Simon/Sync/Root/GIS/Biodiversity%20Data/obs_native.csv?type=csv&maxFields=10000&detectTypes=yes&xField=longitude&yField=latitude&crs=EPSG:4326&spatialIndex=no&subsetIndex=no&watchFile=no
"1944",Cardamine oligosperma,Cardamine,oligosperma,,,,native,S5,,48.865646669999997,-123.365210000000005,,NA,NA,"42637620",obs_native,file:///D:/Simon/Sync/Root/GIS/Biodiversity%20Data/obs_native.csv?type=csv&maxFields=10000&detectTypes=yes&xField=longitude&yField=latitude&crs=EPSG:4326&spatialIndex=no&subsetIndex=no&watchFile=no
"1945",Cardamine oligosperma,Cardamine,oligosperma,,,,native,S5,,48.871681670000001,-123.311980000000005,,NA,NA,"109707352",obs_native,file:///D:/Simon/Sync/Root/GIS/Biodiversity%20Data/obs_native.csv?type=csv&maxFields=10000&detectTypes=yes&xField=longitude&yField=latitude&crs=EPSG:4326&spatialIndex=no&subsetIndex=no&watchFile=no
"1946",Cardamine oligosperma,Cardamine,oligosperma,,,,native,S5,,48.915725029999997,-123.396377500000000,,NA,NA,"110152146",obs_native,file:///D:/Simon/Sync/Root/GIS/Biodiversity%20Data/obs_native.csv?type=csv&maxFields=10000&detectTypes=yes&xField=longitude&yField=latitude&crs=EPSG:4326&spatialIndex=no&subsetIndex=no&watchFile=no
"1947",Cardamine oligosperma,Cardamine,oligosperma,,,,native,S5,,48.899786669999997,-123.405575499999998,,NA,NA,"110820857",obs_native,file:///D:/Simon/Sync/Root/GIS/Biodiversity%20Data/obs_native.csv?type=csv&maxFields=10000&detectTypes=yes&xField=longitude&yField=latitude&crs=EPSG:4326&spatialIndex=no&subsetIndex=no&watchFile=no
"1948",Cardamine oligosperma,Cardamine,oligosperma,,,,native,S5,,48.865765439999997,-123.369791199999995,,NA,NA,"111609842",obs_native,file:///D:/Simon/Sync/Root/GIS/Biodiversity%20Data/obs_native.csv?type=csv&maxFields=10000&detectTypes=yes&xField=longitude&yField=latitude&crs=EPSG:4326&spatialIndex=no&subsetIndex=no&watchFile=no
"1949",Cardamine oligosperma,Cardamine,oligosperma,,,,native,S5,,49.012043329999997,-123.574529999999996,,NA,NA,"123934487",obs_native,file:///D:/Simon/Sync/Root/GIS/Biodiversity%20Data/obs_native.csv?type=csv&maxFields=10000&detectTypes=yes&xField=longitude&yField=latitude&crs=EPSG:4326&spatialIndex=no&subsetIndex=no&watchFile=no
"1950",Cardamine pensylvanica,Cardamine,pensylvanica,,,,native,S5,,48.932485999999997,-123.483839000000003,,NA,NA,"3318628",obs_native,file:///D:/Simon/Sync/Root/GIS/Biodiversity%20Data/obs_native.csv?type=csv&maxFields=10000&detectTypes=yes&xField=longitude&yField=latitude&crs=EPSG:4326&spatialIndex=no&subsetIndex=no&watchFile=no
"1951",Cardamine pensylvanica,Cardamine,pensylvanica,,,,native,S5,,48.915569540000000,-123.426454800000002,,NA,NA,"45449419",obs_native,file:///D:/Simon/Sync/Root/GIS/Biodiversity%20Data/obs_native.csv?type=csv&maxFields=10000&detectTypes=yes&xField=longitude&yField=latitude&crs=EPSG:4326&spatialIndex=no&subsetIndex=no&watchFile=no
"1952",Carex arcta,Carex,arcta,,,,native,S5,,48.897919999999999,-123.344796700000003,,NA,NA,"13972301",obs_native,file:///D:/Simon/Sync/Root/GIS/Biodiversity%20Data/obs_native.csv?type=csv&maxFields=10000&detectTypes=yes&xField=longitude&yField=latitude&crs=EPSG:4326&spatialIndex=no&subsetIndex=no&watchFile=no
"1953",Carex aurea,Carex,aurea,,,,native,S5,,48.870773000000000,-123.321102999999994,,NA,NA,"121538452",obs_native,file:///D:/Simon/Sync/Root/GIS/Biodiversity%20Data/obs_native.csv?type=csv&maxFields=10000&detectTypes=yes&xField=longitude&yField=latitude&crs=EPSG:4326&spatialIndex=no&subsetIndex=no&watchFile=no
"1954",Carex cusickii,Carex,cusickii,,,,native,S5,,48.982467000000000,-123.554884999999999,,NA,NA,"6452705",obs_native,file:///D:/Simon/Sync/Root/GIS/Biodiversity%20Data/obs_native.csv?type=csv&maxFields=10000&detectTypes=yes&xField=longitude&yField=latitude&crs=EPSG:4326&spatialIndex=no&subsetIndex=no&watchFile=no
"1955",Carex cusickii,Carex,cusickii,,,,native,S5,,48.982444999999998,-123.554816000000002,,NA,NA,"6697767",obs_native,file:///D:/Simon/Sync/Root/GIS/Biodiversity%20Data/obs_native.csv?type=csv&maxFields=10000&detectTypes=yes&xField=longitude&yField=latitude&crs=EPSG:4326&spatialIndex=no&subsetIndex=no&watchFile=no
"1956",Carex cusickii,Carex,cusickii,,,,native,S5,,48.983364000000002,-123.556359000000000,,NA,NA,"13224974",obs_native,file:///D:/Simon/Sync/Root/GIS/Biodiversity%20Data/obs_native.csv?type=csv&maxFields=10000&detectTypes=yes&xField=longitude&yField=latitude&crs=EPSG:4326&spatialIndex=no&subsetIndex=no&watchFile=no
"1957",Carex cusickii,Carex,cusickii,,,,native,S5,,48.985853460000001,-123.559968799999993,,NA,NA,"24652475",obs_native,file:///D:/Simon/Sync/Root/GIS/Biodiversity%20Data/obs_native.csv?type=csv&maxFields=10000&detectTypes=yes&xField=longitude&yField=latitude&crs=EPSG:4326&spatialIndex=no&subsetIndex=no&watchFile=no
"1958",Carex exsiccata,Carex,exsiccata,,,,native,S5,,48.864905000000000,-123.364156699999995,,NA,NA,"85291229",obs_native,file:///D:/Simon/Sync/Root/GIS/Biodiversity%20Data/obs_native.csv?type=csv&maxFields=10000&detectTypes=yes&xField=longitude&yField=latitude&crs=EPSG:4326&spatialIndex=no&subsetIndex=no&watchFile=no
"1959",Carex hendersonii,Carex,hendersonii,,,,native,S5,,48.916645000000003,-123.424272999999999,,NA,NA,"3093575",obs_native,file:///D:/Simon/Sync/Root/GIS/Biodiversity%20Data/obs_native.csv?type=csv&maxFields=10000&detectTypes=yes&xField=longitude&yField=latitude&crs=EPSG:4326&spatialIndex=no&subsetIndex=no&watchFile=no
"1960",Carex hendersonii,Carex,hendersonii,,,,native,S5,,48.866832070000001,-123.371572499999999,,NA,NA,"6409660",obs_native,file:///D:/Simon/Sync/Root/GIS/Biodiversity%20Data/obs_native.csv?type=csv&maxFields=10000&detectTypes=yes&xField=longitude&yField=latitude&crs=EPSG:4326&spatialIndex=no&subsetIndex=no&watchFile=no
"1961",Carex hendersonii,Carex,hendersonii,,,,native,S5,,48.946518849999997,-123.490533799999994,,NA,NA,"6411223",obs_native,file:///D:/Simon/Sync/Root/GIS/Biodiversity%20Data/obs_native.csv?type=csv&maxFields=10000&detectTypes=yes&xField=longitude&yField=latitude&crs=EPSG:4326&spatialIndex=no&subsetIndex=no&watchFile=no
"1962",Carex hendersonii,Carex,hendersonii,,,,native,S5,,48.943160700000000,-123.484954799999997,,NA,NA,"6411242",obs_native,file:///D:/Simon/Sync/Root/GIS/Biodiversity%20Data/obs_native.csv?type=csv&maxFields=10000&detectTypes=yes&xField=longitude&yField=latitude&crs=EPSG:4326&spatialIndex=no&subsetIndex=no&watchFile=no
"1963",Carex hendersonii,Carex,hendersonii,,,,native,S5,,48.972184470000002,-123.553276100000005,,NA,NA,"6611363",obs_native,file:///D:/Simon/Sync/Root/GIS/Biodiversity%20Data/obs_native.csv?type=csv&maxFields=10000&detectTypes=yes&xField=longitude&yField=latitude&crs=EPSG:4326&spatialIndex=no&subsetIndex=no&watchFile=no
"1964",Carex hendersonii,Carex,hendersonii,,,,native,S5,,48.971395680000001,-123.553447700000007,,NA,NA,"6611366",obs_native,file:///D:/Simon/Sync/Root/GIS/Biodiversity%20Data/obs_native.csv?type=csv&maxFields=10000&detectTypes=yes&xField=longitude&yField=latitude&crs=EPSG:4326&spatialIndex=no&subsetIndex=no&watchFile=no
"1965",Carex hendersonii,Carex,hendersonii,,,,native,S5,,48.972538860000000,-123.553447700000007,,NA,NA,"6611368",obs_native,file:///D:/Simon/Sync/Root/GIS/Biodiversity%20Data/obs_native.csv?type=csv&maxFields=10000&detectTypes=yes&xField=longitude&yField=latitude&crs=EPSG:4326&spatialIndex=no&subsetIndex=no&watchFile=no
"1966",Carex hendersonii,Carex,hendersonii,,,,native,S5,,48.962494440000000,-123.520224999999996,,NA,NA,"24673983",obs_native,file:///D:/Simon/Sync/Root/GIS/Biodiversity%20Data/obs_native.csv?type=csv&maxFields=10000&detectTypes=yes&xField=longitude&yField=latitude&crs=EPSG:4326&spatialIndex=no&subsetIndex=no&watchFile=no
"1967",Carex hendersonii,Carex,hendersonii,,,,native,S5,,48.978905490000002,-123.557120499999996,,NA,NA,"25479876",obs_native,file:///D:/Simon/Sync/Root/GIS/Biodiversity%20Data/obs_native.csv?type=csv&maxFields=10000&detectTypes=yes&xField=longitude&yField=latitude&crs=EPSG:4326&spatialIndex=no&subsetIndex=no&watchFile=no
"1968",Carex laeviculmis,Carex,laeviculmis,,,,native,S5,,48.982455999999999,-123.554839999999999,,NA,NA,"6457046",obs_native,file:///D:/Simon/Sync/Root/GIS/Biodiversity%20Data/obs_native.csv?type=csv&maxFields=10000&detectTypes=yes&xField=longitude&yField=latitude&crs=EPSG:4326&spatialIndex=no&subsetIndex=no&watchFile=no
"1969",Carex laeviculmis,Carex,laeviculmis,,,,native,S5,,48.982447999999998,-123.554826000000006,,NA,NA,"6457462",obs_native,file:///D:/Simon/Sync/Root/GIS/Biodiversity%20Data/obs_native.csv?type=csv&maxFields=10000&detectTypes=yes&xField=longitude&yField=latitude&crs=EPSG:4326&spatialIndex=no&subsetIndex=no&watchFile=no
"1970",Carex lasiocarpa,Carex,lasiocarpa,,,,native,S5,,48.983659000000003,-123.556323000000006,,NA,NA,"3296358",obs_native,file:///D:/Simon/Sync/Root/GIS/Biodiversity%20Data/obs_native.csv?type=csv&maxFields=10000&detectTypes=yes&xField=longitude&yField=latitude&crs=EPSG:4326&spatialIndex=no&subsetIndex=no&watchFile=no
"1971",Carex lasiocarpa,Carex,lasiocarpa,,,,native,S5,,48.983659000000003,-123.556323000000006,,NA,NA,"3296466",obs_native,file:///D:/Simon/Sync/Root/GIS/Biodiversity%20Data/obs_native.csv?type=csv&maxFields=10000&detectTypes=yes&xField=longitude&yField=latitude&crs=EPSG:4326&spatialIndex=no&subsetIndex=no&watchFile=no
"1972",Carex lasiocarpa,Carex,lasiocarpa,,,,native,S5,,48.980994000000003,-123.553019000000006,,NA,NA,"6449191",obs_native,file:///D:/Simon/Sync/Root/GIS/Biodiversity%20Data/obs_native.csv?type=csv&maxFields=10000&detectTypes=yes&xField=longitude&yField=latitude&crs=EPSG:4326&spatialIndex=no&subsetIndex=no&watchFile=no
"1973",Carex lasiocarpa,Carex,lasiocarpa,,,,native,S5,,48.983364000000002,-123.556359000000000,,NA,NA,"13225040",obs_native,file:///D:/Simon/Sync/Root/GIS/Biodiversity%20Data/obs_native.csv?type=csv&maxFields=10000&detectTypes=yes&xField=longitude&yField=latitude&crs=EPSG:4326&spatialIndex=no&subsetIndex=no&watchFile=no
"1974",Carex leptalea,Carex,leptalea,,,,native,S5,,48.982433020000002,-123.554897299999993,,NA,NA,"110179262",obs_native,file:///D:/Simon/Sync/Root/GIS/Biodiversity%20Data/obs_native.csv?type=csv&maxFields=10000&detectTypes=yes&xField=longitude&yField=latitude&crs=EPSG:4326&spatialIndex=no&subsetIndex=no&watchFile=no
"1975",Carex leptalea,Carex,leptalea,,,,native,S5,,48.983233329999997,-123.556174999999996,,NA,NA,"121838578",obs_native,file:///D:/Simon/Sync/Root/GIS/Biodiversity%20Data/obs_native.csv?type=csv&maxFields=10000&detectTypes=yes&xField=longitude&yField=latitude&crs=EPSG:4326&spatialIndex=no&subsetIndex=no&watchFile=no
"1976",Carex leptopoda,Carex,leptopoda,,,,native,S5,,48.943114000000001,-123.483795999999998,,NA,NA,"3404427",obs_native,file:///D:/Simon/Sync/Root/GIS/Biodiversity%20Data/obs_native.csv?type=csv&maxFields=10000&detectTypes=yes&xField=longitude&yField=latitude&crs=EPSG:4326&spatialIndex=no&subsetIndex=no&watchFile=no
"1977",Carex leptopoda,Carex,leptopoda,,,,native,S5,,48.943192879999998,-123.484139400000004,,NA,NA,"6411189",obs_native,file:///D:/Simon/Sync/Root/GIS/Biodiversity%20Data/obs_native.csv?type=csv&maxFields=10000&detectTypes=yes&xField=longitude&yField=latitude&crs=EPSG:4326&spatialIndex=no&subsetIndex=no&watchFile=no
"1978",Carex leptopoda,Carex,leptopoda,,,,native,S5,,48.875737909999998,-123.378653499999999,,NA,NA,"7280604",obs_native,file:///D:/Simon/Sync/Root/GIS/Biodiversity%20Data/obs_native.csv?type=csv&maxFields=10000&detectTypes=yes&xField=longitude&yField=latitude&crs=EPSG:4326&spatialIndex=no&subsetIndex=no&watchFile=no
"1979",Carex leptopoda,Carex,leptopoda,,,,native,S5,,48.875737909999998,-123.378653499999999,,NA,NA,"7280614",obs_native,file:///D:/Simon/Sync/Root/GIS/Biodiversity%20Data/obs_native.csv?type=csv&maxFields=10000&detectTypes=yes&xField=longitude&yField=latitude&crs=EPSG:4326&spatialIndex=no&subsetIndex=no&watchFile=no
"1980",Carex leptopoda,Carex,leptopoda,,,,native,S5,,48.898341000000002,-123.343038000000007,,NA,NA,"8096902",obs_native,file:///D:/Simon/Sync/Root/GIS/Biodiversity%20Data/obs_native.csv?type=csv&maxFields=10000&detectTypes=yes&xField=longitude&yField=latitude&crs=EPSG:4326&spatialIndex=no&subsetIndex=no&watchFile=no
"1981",Carex leptopoda,Carex,leptopoda,,,,native,S5,,48.872694000000003,-123.339697999999999,,NA,NA,"12762762",obs_native,file:///D:/Simon/Sync/Root/GIS/Biodiversity%20Data/obs_native.csv?type=csv&maxFields=10000&detectTypes=yes&xField=longitude&yField=latitude&crs=EPSG:4326&spatialIndex=no&subsetIndex=no&watchFile=no
"1982",Carex leptopoda,Carex,leptopoda,,,,native,S5,,48.880899999999997,-123.333145000000002,,NA,NA,"12774663",obs_native,file:///D:/Simon/Sync/Root/GIS/Biodiversity%20Data/obs_native.csv?type=csv&maxFields=10000&detectTypes=yes&xField=longitude&yField=latitude&crs=EPSG:4326&spatialIndex=no&subsetIndex=no&watchFile=no
"1983",Carex leptopoda,Carex,leptopoda,,,,native,S5,,48.880899999999997,-123.333145000000002,,NA,NA,"12775080",obs_native,file:///D:/Simon/Sync/Root/GIS/Biodiversity%20Data/obs_native.csv?type=csv&maxFields=10000&detectTypes=yes&xField=longitude&yField=latitude&crs=EPSG:4326&spatialIndex=no&subsetIndex=no&watchFile=no
"1984",Carex leptopoda,Carex,leptopoda,,,,native,S5,,48.874077000000000,-123.342488000000003,,NA,NA,"12791693",obs_native,file:///D:/Simon/Sync/Root/GIS/Biodiversity%20Data/obs_native.csv?type=csv&maxFields=10000&detectTypes=yes&xField=longitude&yField=latitude&crs=EPSG:4326&spatialIndex=no&subsetIndex=no&watchFile=no
"1985",Carex leptopoda,Carex,leptopoda,,,,native,S5,,48.985098000000001,-123.558492000000001,,NA,NA,"13224743",obs_native,file:///D:/Simon/Sync/Root/GIS/Biodiversity%20Data/obs_native.csv?type=csv&maxFields=10000&detectTypes=yes&xField=longitude&yField=latitude&crs=EPSG:4326&spatialIndex=no&subsetIndex=no&watchFile=no
"1986",Carex leptopoda,Carex,leptopoda,,,,native,S5,,48.871478330000002,-123.346886699999999,,NA,NA,"13973339",obs_native,file:///D:/Simon/Sync/Root/GIS/Biodiversity%20Data/obs_native.csv?type=csv&maxFields=10000&detectTypes=yes&xField=longitude&yField=latitude&crs=EPSG:4326&spatialIndex=no&subsetIndex=no&watchFile=no
"1987",Carex leptopoda,Carex,leptopoda,,,,native,S5,,48.899733050000002,-123.405675099999996,,NA,NA,"25478639",obs_native,file:///D:/Simon/Sync/Root/GIS/Biodiversity%20Data/obs_native.csv?type=csv&maxFields=10000&detectTypes=yes&xField=longitude&yField=latitude&crs=EPSG:4326&spatialIndex=no&subsetIndex=no&watchFile=no
"1988",Carex leptopoda,Carex,leptopoda,,,,native,S5,,48.861480000000000,-123.357453300000003,,NA,NA,"28317062",obs_native,file:///D:/Simon/Sync/Root/GIS/Biodiversity%20Data/obs_native.csv?type=csv&maxFields=10000&detectTypes=yes&xField=longitude&yField=latitude&crs=EPSG:4326&spatialIndex=no&subsetIndex=no&watchFile=no
"1989",Carex leptopoda,Carex,leptopoda,,,,native,S5,,48.917866670000002,-123.408011700000003,,NA,NA,"77990357",obs_native,file:///D:/Simon/Sync/Root/GIS/Biodiversity%20Data/obs_native.csv?type=csv&maxFields=10000&detectTypes=yes&xField=longitude&yField=latitude&crs=EPSG:4326&spatialIndex=no&subsetIndex=no&watchFile=no
"1990",Carex leptopoda,Carex,leptopoda,,,,native,S5,,48.887563919999998,-123.361008400000003,,NA,NA,"83097990",obs_native,file:///D:/Simon/Sync/Root/GIS/Biodiversity%20Data/obs_native.csv?type=csv&maxFields=10000&detectTypes=yes&xField=longitude&yField=latitude&crs=EPSG:4326&spatialIndex=no&subsetIndex=no&watchFile=no
"1991",Carex leptopoda,Carex,leptopoda,,,,native,S5,,48.864973329999998,-123.364258300000003,,NA,NA,"85291246",obs_native,file:///D:/Simon/Sync/Root/GIS/Biodiversity%20Data/obs_native.csv?type=csv&maxFields=10000&detectTypes=yes&xField=longitude&yField=latitude&crs=EPSG:4326&spatialIndex=no&subsetIndex=no&watchFile=no
"1992",Carex leptopoda,Carex,leptopoda,,,,native,S5,,48.872745049999999,-123.342777799999993,,NA,NA,"87960701",obs_native,file:///D:/Simon/Sync/Root/GIS/Biodiversity%20Data/obs_native.csv?type=csv&maxFields=10000&detectTypes=yes&xField=longitude&yField=latitude&crs=EPSG:4326&spatialIndex=no&subsetIndex=no&watchFile=no
"1993",Carex leptopoda,Carex,leptopoda,,,,native,S5,,48.876550000000002,-123.371491700000007,,NA,NA,"118608405",obs_native,file:///D:/Simon/Sync/Root/GIS/Biodiversity%20Data/obs_native.csv?type=csv&maxFields=10000&detectTypes=yes&xField=longitude&yField=latitude&crs=EPSG:4326&spatialIndex=no&subsetIndex=no&watchFile=no
"1994",Carex leptopoda,Carex,leptopoda,,,,native,S5,,48.935863890000000,-123.475961100000006,,NA,NA,"125105138",obs_native,file:///D:/Simon/Sync/Root/GIS/Biodiversity%20Data/obs_native.csv?type=csv&maxFields=10000&detectTypes=yes&xField=longitude&yField=latitude&crs=EPSG:4326&spatialIndex=no&subsetIndex=no&watchFile=no
"1995",Carex leptopoda,Carex,leptopoda,,,,native,S5,,48.909744439999997,-123.416138900000007,,NA,NA,"125189739",obs_native,file:///D:/Simon/Sync/Root/GIS/Biodiversity%20Data/obs_native.csv?type=csv&maxFields=10000&detectTypes=yes&xField=longitude&yField=latitude&crs=EPSG:4326&spatialIndex=no&subsetIndex=no&watchFile=no
"1996",Carex macrocephala,Carex,macrocephala,,,,native,S4S5,,49.012202000000002,-123.573892000000001,,NA,NA,"2583449",obs_native,file:///D:/Simon/Sync/Root/GIS/Biodiversity%20Data/obs_native.csv?type=csv&maxFields=10000&detectTypes=yes&xField=longitude&yField=latitude&crs=EPSG:4326&spatialIndex=no&subsetIndex=no&watchFile=no
"1997",Carex macrocephala,Carex,macrocephala,,,,native,S4S5,,49.012405999999999,-123.573790000000002,,NA,NA,"3542921",obs_native,file:///D:/Simon/Sync/Root/GIS/Biodiversity%20Data/obs_native.csv?type=csv&maxFields=10000&detectTypes=yes&xField=longitude&yField=latitude&crs=EPSG:4326&spatialIndex=no&subsetIndex=no&watchFile=no
"1998",Carex macrocephala,Carex,macrocephala,,,,native,S4S5,,49.012311120000000,-123.573836700000001,,NA,NA,"78217956",obs_native,file:///D:/Simon/Sync/Root/GIS/Biodiversity%20Data/obs_native.csv?type=csv&maxFields=10000&detectTypes=yes&xField=longitude&yField=latitude&crs=EPSG:4326&spatialIndex=no&subsetIndex=no&watchFile=no
"1999",Carex macrocephala,Carex,macrocephala,,,,native,S4S5,,49.012306670000001,-123.573833300000004,,NA,NA,"123934563",obs_native,file:///D:/Simon/Sync/Root/GIS/Biodiversity%20Data/obs_native.csv?type=csv&maxFields=10000&detectTypes=yes&xField=longitude&yField=latitude&crs=EPSG:4326&spatialIndex=no&subsetIndex=no&watchFile=no
"2000",Carex macrocephala,Carex,macrocephala,,,,native,S4S5,,49.012499710000000,-123.573410699999997,,NA,NA,"126693270",obs_native,file:///D:/Simon/Sync/Root/GIS/Biodiversity%20Data/obs_native.csv?type=csv&maxFields=10000&detectTypes=yes&xField=longitude&yField=latitude&crs=EPSG:4326&spatialIndex=no&subsetIndex=no&watchFile=no
"2001",Carex obnupta,Carex,obnupta,,,,native,S5,,48.932847000000002,-123.483024000000000,,NA,NA,"2563616",obs_native,file:///D:/Simon/Sync/Root/GIS/Biodiversity%20Data/obs_native.csv?type=csv&maxFields=10000&detectTypes=yes&xField=longitude&yField=latitude&crs=EPSG:4326&spatialIndex=no&subsetIndex=no&watchFile=no
"2002",Carex obnupta,Carex,obnupta,,,,native,S5,,48.929082999999999,-123.469763000000000,,NA,NA,"2564102",obs_native,file:///D:/Simon/Sync/Root/GIS/Biodiversity%20Data/obs_native.csv?type=csv&maxFields=10000&detectTypes=yes&xField=longitude&yField=latitude&crs=EPSG:4326&spatialIndex=no&subsetIndex=no&watchFile=no
"2003",Carex obnupta,Carex,obnupta,,,,native,S5,,48.930624999999999,-123.477187000000001,,NA,NA,"2567953",obs_native,file:///D:/Simon/Sync/Root/GIS/Biodiversity%20Data/obs_native.csv?type=csv&maxFields=10000&detectTypes=yes&xField=longitude&yField=latitude&crs=EPSG:4326&spatialIndex=no&subsetIndex=no&watchFile=no
"2004",Carex obnupta,Carex,obnupta,,,,native,S5,,48.915973999999999,-123.424808999999996,,NA,NA,"3296844",obs_native,file:///D:/Simon/Sync/Root/GIS/Biodiversity%20Data/obs_native.csv?type=csv&maxFields=10000&detectTypes=yes&xField=longitude&yField=latitude&crs=EPSG:4326&spatialIndex=no&subsetIndex=no&watchFile=no
"2005",Carex obnupta,Carex,obnupta,,,,native,S5,,48.932492000000003,-123.483323999999996,,NA,NA,"3319941",obs_native,file:///D:/Simon/Sync/Root/GIS/Biodiversity%20Data/obs_native.csv?type=csv&maxFields=10000&detectTypes=yes&xField=longitude&yField=latitude&crs=EPSG:4326&spatialIndex=no&subsetIndex=no&watchFile=no
"2006",Carex obnupta,Carex,obnupta,,,,native,S5,,48.948452000000003,-123.502377999999993,,NA,NA,"3414125",obs_native,file:///D:/Simon/Sync/Root/GIS/Biodiversity%20Data/obs_native.csv?type=csv&maxFields=10000&detectTypes=yes&xField=longitude&yField=latitude&crs=EPSG:4326&spatialIndex=no&subsetIndex=no&watchFile=no
"2007",Carex obnupta,Carex,obnupta,,,,native,S5,,48.898002620000000,-123.361541000000003,,NA,NA,"5935182",obs_native,file:///D:/Simon/Sync/Root/GIS/Biodiversity%20Data/obs_native.csv?type=csv&maxFields=10000&detectTypes=yes&xField=longitude&yField=latitude&crs=EPSG:4326&spatialIndex=no&subsetIndex=no&watchFile=no
"2008",Carex obnupta,Carex,obnupta,,,,native,S5,,48.897734589999999,-123.361905800000002,,NA,NA,"5993194",obs_native,file:///D:/Simon/Sync/Root/GIS/Biodiversity%20Data/obs_native.csv?type=csv&maxFields=10000&detectTypes=yes&xField=longitude&yField=latitude&crs=EPSG:4326&spatialIndex=no&subsetIndex=no&watchFile=no
"2009",Carex obnupta,Carex,obnupta,,,,native,S5,,48.897734589999999,-123.361905800000002,,NA,NA,"5993202",obs_native,file:///D:/Simon/Sync/Root/GIS/Biodiversity%20Data/obs_native.csv?type=csv&maxFields=10000&detectTypes=yes&xField=longitude&yField=latitude&crs=EPSG:4326&spatialIndex=no&subsetIndex=no&watchFile=no
"2010",Carex obnupta,Carex,obnupta,,,,native,S5,,48.943192879999998,-123.484139400000004,,NA,NA,"6411188",obs_native,file:///D:/Simon/Sync/Root/GIS/Biodiversity%20Data/obs_native.csv?type=csv&maxFields=10000&detectTypes=yes&xField=longitude&yField=latitude&crs=EPSG:4326&spatialIndex=no&subsetIndex=no&watchFile=no
"2011",Carex obnupta,Carex,obnupta,,,,native,S5,,48.983201999999999,-123.555577000000000,,NA,NA,"6445652",obs_native,file:///D:/Simon/Sync/Root/GIS/Biodiversity%20Data/obs_native.csv?type=csv&maxFields=10000&detectTypes=yes&xField=longitude&yField=latitude&crs=EPSG:4326&spatialIndex=no&subsetIndex=no&watchFile=no
"2012",Carex obnupta,Carex,obnupta,,,,native,S5,,48.997359320000001,-123.567838399999999,,NA,NA,"6570878",obs_native,file:///D:/Simon/Sync/Root/GIS/Biodiversity%20Data/obs_native.csv?type=csv&maxFields=10000&detectTypes=yes&xField=longitude&yField=latitude&crs=EPSG:4326&spatialIndex=no&subsetIndex=no&watchFile=no
"2013",Carex obnupta,Carex,obnupta,,,,native,S5,,48.972071790000001,-123.554477700000007,,NA,NA,"6611370",obs_native,file:///D:/Simon/Sync/Root/GIS/Biodiversity%20Data/obs_native.csv?type=csv&maxFields=10000&detectTypes=yes&xField=longitude&yField=latitude&crs=EPSG:4326&spatialIndex=no&subsetIndex=no&watchFile=no
"2014",Carex obnupta,Carex,obnupta,,,,native,S5,,48.898341000000002,-123.343038000000007,,NA,NA,"8096921",obs_native,file:///D:/Simon/Sync/Root/GIS/Biodiversity%20Data/obs_native.csv?type=csv&maxFields=10000&detectTypes=yes&xField=longitude&yField=latitude&crs=EPSG:4326&spatialIndex=no&subsetIndex=no&watchFile=no
"2015",Carex obnupta,Carex,obnupta,,,,native,S5,,48.984985000000002,-123.557141700000003,,NA,NA,"8838392",obs_native,file:///D:/Simon/Sync/Root/GIS/Biodiversity%20Data/obs_native.csv?type=csv&maxFields=10000&detectTypes=yes&xField=longitude&yField=latitude&crs=EPSG:4326&spatialIndex=no&subsetIndex=no&watchFile=no
"2016",Carex obnupta,Carex,obnupta,,,,native,S5,,48.898041669999998,-123.344930000000005,,NA,NA,"13972291",obs_native,file:///D:/Simon/Sync/Root/GIS/Biodiversity%20Data/obs_native.csv?type=csv&maxFields=10000&detectTypes=yes&xField=longitude&yField=latitude&crs=EPSG:4326&spatialIndex=no&subsetIndex=no&watchFile=no
"2017",Carex obnupta,Carex,obnupta,,,,native,S5,,48.894354999999997,-123.355888300000004,,NA,NA,"16820588",obs_native,file:///D:/Simon/Sync/Root/GIS/Biodiversity%20Data/obs_native.csv?type=csv&maxFields=10000&detectTypes=yes&xField=longitude&yField=latitude&crs=EPSG:4326&spatialIndex=no&subsetIndex=no&watchFile=no
"2018",Carex obnupta,Carex,obnupta,,,,native,S5,,48.884627920000000,-123.390262800000002,,NA,NA,"24653177",obs_native,file:///D:/Simon/Sync/Root/GIS/Biodiversity%20Data/obs_native.csv?type=csv&maxFields=10000&detectTypes=yes&xField=longitude&yField=latitude&crs=EPSG:4326&spatialIndex=no&subsetIndex=no&watchFile=no
"2019",Carex obnupta,Carex,obnupta,,,,native,S5,,48.962844439999998,-123.519966699999998,,NA,NA,"24674005",obs_native,file:///D:/Simon/Sync/Root/GIS/Biodiversity%20Data/obs_native.csv?type=csv&maxFields=10000&detectTypes=yes&xField=longitude&yField=latitude&crs=EPSG:4326&spatialIndex=no&subsetIndex=no&watchFile=no
"2020",Carex obnupta,Carex,obnupta,,,,native,S5,,48.962713890000003,-123.519722200000004,,NA,NA,"24674164",obs_native,file:///D:/Simon/Sync/Root/GIS/Biodiversity%20Data/obs_native.csv?type=csv&maxFields=10000&detectTypes=yes&xField=longitude&yField=latitude&crs=EPSG:4326&spatialIndex=no&subsetIndex=no&watchFile=no
"2021",Carex obnupta,Carex,obnupta,,,,native,S5,,48.899841670000001,-123.406447200000002,,NA,NA,"24683970",obs_native,file:///D:/Simon/Sync/Root/GIS/Biodiversity%20Data/obs_native.csv?type=csv&maxFields=10000&detectTypes=yes&xField=longitude&yField=latitude&crs=EPSG:4326&spatialIndex=no&subsetIndex=no&watchFile=no
"2022",Carex obnupta,Carex,obnupta,,,,native,S5,,48.899963380000003,-123.406975900000006,,NA,NA,"24919495",obs_native,file:///D:/Simon/Sync/Root/GIS/Biodiversity%20Data/obs_native.csv?type=csv&maxFields=10000&detectTypes=yes&xField=longitude&yField=latitude&crs=EPSG:4326&spatialIndex=no&subsetIndex=no&watchFile=no
"2023",Carex obnupta,Carex,obnupta,,,,native,S5,,48.899237720000002,-123.404099599999995,,NA,NA,"25478280",obs_native,file:///D:/Simon/Sync/Root/GIS/Biodiversity%20Data/obs_native.csv?type=csv&maxFields=10000&detectTypes=yes&xField=longitude&yField=latitude&crs=EPSG:4326&spatialIndex=no&subsetIndex=no&watchFile=no
"2024",Carex obnupta,Carex,obnupta,,,,native,S5,,48.899734559999999,-123.405247700000004,,NA,NA,"25478473",obs_native,file:///D:/Simon/Sync/Root/GIS/Biodiversity%20Data/obs_native.csv?type=csv&maxFields=10000&detectTypes=yes&xField=longitude&yField=latitude&crs=EPSG:4326&spatialIndex=no&subsetIndex=no&watchFile=no
"2025",Carex obnupta,Carex,obnupta,,,,native,S5,,48.899886770000002,-123.406017000000006,,NA,NA,"25478737",obs_native,file:///D:/Simon/Sync/Root/GIS/Biodiversity%20Data/obs_native.csv?type=csv&maxFields=10000&detectTypes=yes&xField=longitude&yField=latitude&crs=EPSG:4326&spatialIndex=no&subsetIndex=no&watchFile=no
"2026",Carex obnupta,Carex,obnupta,,,,native,S5,,48.979298890000003,-123.557612000000006,,NA,NA,"25480029",obs_native,file:///D:/Simon/Sync/Root/GIS/Biodiversity%20Data/obs_native.csv?type=csv&maxFields=10000&detectTypes=yes&xField=longitude&yField=latitude&crs=EPSG:4326&spatialIndex=no&subsetIndex=no&watchFile=no
"2027",Carex obnupta,Carex,obnupta,,,,native,S5,,48.979335980000002,-123.557490799999997,,NA,NA,"25480080",obs_native,file:///D:/Simon/Sync/Root/GIS/Biodiversity%20Data/obs_native.csv?type=csv&maxFields=10000&detectTypes=yes&xField=longitude&yField=latitude&crs=EPSG:4326&spatialIndex=no&subsetIndex=no&watchFile=no
"2028",Carex obnupta,Carex,obnupta,,,,native,S5,,48.979499140000001,-123.557658200000006,,NA,NA,"25480153",obs_native,file:///D:/Simon/Sync/Root/GIS/Biodiversity%20Data/obs_native.csv?type=csv&maxFields=10000&detectTypes=yes&xField=longitude&yField=latitude&crs=EPSG:4326&spatialIndex=no&subsetIndex=no&watchFile=no
"2029",Carex obnupta,Carex,obnupta,,,,native,S5,,48.979140260000001,-123.557433599999996,,NA,NA,"25480201",obs_native,file:///D:/Simon/Sync/Root/GIS/Biodiversity%20Data/obs_native.csv?type=csv&maxFields=10000&detectTypes=yes&xField=longitude&yField=latitude&crs=EPSG:4326&spatialIndex=no&subsetIndex=no&watchFile=no
"2030",Carex obnupta,Carex,obnupta,,,,native,S5,,48.979816890000002,-123.557668300000003,,NA,NA,"25482585",obs_native,file:///D:/Simon/Sync/Root/GIS/Biodiversity%20Data/obs_native.csv?type=csv&maxFields=10000&detectTypes=yes&xField=longitude&yField=latitude&crs=EPSG:4326&spatialIndex=no&subsetIndex=no&watchFile=no
"2031",Carex obnupta,Carex,obnupta,,,,native,S5,,48.899925000000003,-123.406738899999993,,NA,NA,"25540438",obs_native,file:///D:/Simon/Sync/Root/GIS/Biodiversity%20Data/obs_native.csv?type=csv&maxFields=10000&detectTypes=yes&xField=longitude&yField=latitude&crs=EPSG:4326&spatialIndex=no&subsetIndex=no&watchFile=no
"2032",Carex obnupta,Carex,obnupta,,,,native,S5,,48.899941669999997,-123.406463900000006,,NA,NA,"25542475",obs_native,file:///D:/Simon/Sync/Root/GIS/Biodiversity%20Data/obs_native.csv?type=csv&maxFields=10000&detectTypes=yes&xField=longitude&yField=latitude&crs=EPSG:4326&spatialIndex=no&subsetIndex=no&watchFile=no
"2033",Carex obnupta,Carex,obnupta,,,,native,S5,,48.894336670000001,-123.404250000000005,,NA,NA,"85288295",obs_native,file:///D:/Simon/Sync/Root/GIS/Biodiversity%20Data/obs_native.csv?type=csv&maxFields=10000&detectTypes=yes&xField=longitude&yField=latitude&crs=EPSG:4326&spatialIndex=no&subsetIndex=no&watchFile=no
"2034",Carex obnupta,Carex,obnupta,,,,native,S5,,48.864735000000003,-123.363720000000001,,NA,NA,"85291225",obs_native,file:///D:/Simon/Sync/Root/GIS/Biodiversity%20Data/obs_native.csv?type=csv&maxFields=10000&detectTypes=yes&xField=longitude&yField=latitude&crs=EPSG:4326&spatialIndex=no&subsetIndex=no&watchFile=no
"2035",Carex obnupta,Carex,obnupta,,,,native,S5,,48.874213330000003,-123.319599999999994,,NA,NA,"86360308",obs_native,file:///D:/Simon/Sync/Root/GIS/Biodiversity%20Data/obs_native.csv?type=csv&maxFields=10000&detectTypes=yes&xField=longitude&yField=latitude&crs=EPSG:4326&spatialIndex=no&subsetIndex=no&watchFile=no
"2036",Carex obnupta,Carex,obnupta,,,,native,S5,,48.874355000000001,-123.319233299999993,,NA,NA,"86360331",obs_native,file:///D:/Simon/Sync/Root/GIS/Biodiversity%20Data/obs_native.csv?type=csv&maxFields=10000&detectTypes=yes&xField=longitude&yField=latitude&crs=EPSG:4326&spatialIndex=no&subsetIndex=no&watchFile=no
"2037",Carex obnupta,Carex,obnupta,,,,native,S5,,48.894444440000001,-123.408400000000000,,NA,NA,"86805752",obs_native,file:///D:/Simon/Sync/Root/GIS/Biodiversity%20Data/obs_native.csv?type=csv&maxFields=10000&detectTypes=yes&xField=longitude&yField=latitude&crs=EPSG:4326&spatialIndex=no&subsetIndex=no&watchFile=no
"2038",Carex obnupta,Carex,obnupta,,,,native,S5,,48.872745049999999,-123.342777799999993,,NA,NA,"87960702",obs_native,file:///D:/Simon/Sync/Root/GIS/Biodiversity%20Data/obs_native.csv?type=csv&maxFields=10000&detectTypes=yes&xField=longitude&yField=latitude&crs=EPSG:4326&spatialIndex=no&subsetIndex=no&watchFile=no
"2039",Carex obnupta,Carex,obnupta,,,,native,S5,,48.977230939999998,-123.552739799999998,,NA,NA,"89513225",obs_native,file:///D:/Simon/Sync/Root/GIS/Biodiversity%20Data/obs_native.csv?type=csv&maxFields=10000&detectTypes=yes&xField=longitude&yField=latitude&crs=EPSG:4326&spatialIndex=no&subsetIndex=no&watchFile=no
"2040",Carex obnupta,Carex,obnupta,,,,native,S5,,48.884640189999999,-123.371316399999998,,NA,NA,"93550058",obs_native,file:///D:/Simon/Sync/Root/GIS/Biodiversity%20Data/obs_native.csv?type=csv&maxFields=10000&detectTypes=yes&xField=longitude&yField=latitude&crs=EPSG:4326&spatialIndex=no&subsetIndex=no&watchFile=no
"2041",Carex obnupta,Carex,obnupta,,,,native,S5,,48.995516670000001,-123.563088899999997,,NA,NA,"94679721",obs_native,file:///D:/Simon/Sync/Root/GIS/Biodiversity%20Data/obs_native.csv?type=csv&maxFields=10000&detectTypes=yes&xField=longitude&yField=latitude&crs=EPSG:4326&spatialIndex=no&subsetIndex=no&watchFile=no
"2042",Carex obnupta,Carex,obnupta,,,,native,S5,,48.929288990000003,-123.470321799999994,,NA,NA,"100274944",obs_native,file:///D:/Simon/Sync/Root/GIS/Biodiversity%20Data/obs_native.csv?type=csv&maxFields=10000&detectTypes=yes&xField=longitude&yField=latitude&crs=EPSG:4326&spatialIndex=no&subsetIndex=no&watchFile=no
"2043",Carex obnupta,Carex,obnupta,,,,native,S5,,48.900386670000003,-123.442854999999994,,NA,NA,"104449381",obs_native,file:///D:/Simon/Sync/Root/GIS/Biodiversity%20Data/obs_native.csv?type=csv&maxFields=10000&detectTypes=yes&xField=longitude&yField=latitude&crs=EPSG:4326&spatialIndex=no&subsetIndex=no&watchFile=no
"2044",Carex obnupta,Carex,obnupta,,,,native,S5,,48.876471670000001,-123.371255000000005,,NA,NA,"118608400",obs_native,file:///D:/Simon/Sync/Root/GIS/Biodiversity%20Data/obs_native.csv?type=csv&maxFields=10000&detectTypes=yes&xField=longitude&yField=latitude&crs=EPSG:4326&spatialIndex=no&subsetIndex=no&watchFile=no
"2045",Carex obnupta,Carex,obnupta,,,,native,S5,,48.876440000000002,-123.371173299999995,,NA,NA,"118608401",obs_native,file:///D:/Simon/Sync/Root/GIS/Biodiversity%20Data/obs_native.csv?type=csv&maxFields=10000&detectTypes=yes&xField=longitude&yField=latitude&crs=EPSG:4326&spatialIndex=no&subsetIndex=no&watchFile=no
"2046",Carex obnupta,Carex,obnupta,,,,native,S5,,48.877023330000000,-123.371621700000006,,NA,NA,"118608408",obs_native,file:///D:/Simon/Sync/Root/GIS/Biodiversity%20Data/obs_native.csv?type=csv&maxFields=10000&detectTypes=yes&xField=longitude&yField=latitude&crs=EPSG:4326&spatialIndex=no&subsetIndex=no&watchFile=no
"2047",Carex obnupta,Carex,obnupta,,,,native,S5,,48.876558330000002,-123.371301700000004,,NA,NA,"118608427",obs_native,file:///D:/Simon/Sync/Root/GIS/Biodiversity%20Data/obs_native.csv?type=csv&maxFields=10000&detectTypes=yes&xField=longitude&yField=latitude&crs=EPSG:4326&spatialIndex=no&subsetIndex=no&watchFile=no
"2048",Carex obnupta,Carex,obnupta,,,,native,S5,,48.879978330000000,-123.380830000000003,,NA,NA,"118718733",obs_native,file:///D:/Simon/Sync/Root/GIS/Biodiversity%20Data/obs_native.csv?type=csv&maxFields=10000&detectTypes=yes&xField=longitude&yField=latitude&crs=EPSG:4326&spatialIndex=no&subsetIndex=no&watchFile=no
"2049",Carex obnupta,Carex,obnupta,,,,native,S5,,48.880483329999997,-123.380316699999995,,NA,NA,"118718756",obs_native,file:///D:/Simon/Sync/Root/GIS/Biodiversity%20Data/obs_native.csv?type=csv&maxFields=10000&detectTypes=yes&xField=longitude&yField=latitude&crs=EPSG:4326&spatialIndex=no&subsetIndex=no&watchFile=no
"2050",Carex obnupta,Carex,obnupta,,,,native,S5,,48.898286669999997,-123.403070000000000,,NA,NA,"126309467",obs_native,file:///D:/Simon/Sync/Root/GIS/Biodiversity%20Data/obs_native.csv?type=csv&maxFields=10000&detectTypes=yes&xField=longitude&yField=latitude&crs=EPSG:4326&spatialIndex=no&subsetIndex=no&watchFile=no
"2051",Carex obnupta,Carex,obnupta,,,,native,S5,,48.876276670000003,-123.367341699999997,,NA,NA,"129778453",obs_native,file:///D:/Simon/Sync/Root/GIS/Biodiversity%20Data/obs_native.csv?type=csv&maxFields=10000&detectTypes=yes&xField=longitude&yField=latitude&crs=EPSG:4326&spatialIndex=no&subsetIndex=no&watchFile=no
"2056",Carex pellita,Carex,pellita,,,,native,S5,,48.875377999999998,-123.384533000000005,,NA,NA,"6817819",obs_native,file:///D:/Simon/Sync/Root/GIS/Biodiversity%20Data/obs_native.csv?type=csv&maxFields=10000&detectTypes=yes&xField=longitude&yField=latitude&crs=EPSG:4326&spatialIndex=no&subsetIndex=no&watchFile=no
"2057",Carex scoparia,Carex,scoparia,,,,native,S4 (2019),,48.930952779999998,-123.476241700000003,,NA,NA,"122335782",obs_native,file:///D:/Simon/Sync/Root/GIS/Biodiversity%20Data/obs_native.csv?type=csv&maxFields=10000&detectTypes=yes&xField=longitude&yField=latitude&crs=EPSG:4326&spatialIndex=no&subsetIndex=no&watchFile=no
"2059",Castilleja attenuata,Castilleja,attenuata,,,,native,S4,,48.864649999999997,-123.367011700000006,,NA,NA,"41788621",obs_native,file:///D:/Simon/Sync/Root/GIS/Biodiversity%20Data/obs_native.csv?type=csv&maxFields=10000&detectTypes=yes&xField=longitude&yField=latitude&crs=EPSG:4326&spatialIndex=no&subsetIndex=no&watchFile=no
"2060",Castilleja attenuata,Castilleja,attenuata,,,,native,S4,,48.864289999999997,-123.366378299999994,,NA,NA,"41788641",obs_native,file:///D:/Simon/Sync/Root/GIS/Biodiversity%20Data/obs_native.csv?type=csv&maxFields=10000&detectTypes=yes&xField=longitude&yField=latitude&crs=EPSG:4326&spatialIndex=no&subsetIndex=no&watchFile=no
"2061",Castilleja attenuata,Castilleja,attenuata,,,,native,S4,,48.871879999999997,-123.382661700000000,,NA,NA,"77854436",obs_native,file:///D:/Simon/Sync/Root/GIS/Biodiversity%20Data/obs_native.csv?type=csv&maxFields=10000&detectTypes=yes&xField=longitude&yField=latitude&crs=EPSG:4326&spatialIndex=no&subsetIndex=no&watchFile=no
"2062",Castilleja attenuata,Castilleja,attenuata,,,,native,S4,,48.871768330000002,-123.382441700000001,,NA,NA,"77854438",obs_native,file:///D:/Simon/Sync/Root/GIS/Biodiversity%20Data/obs_native.csv?type=csv&maxFields=10000&detectTypes=yes&xField=longitude&yField=latitude&crs=EPSG:4326&spatialIndex=no&subsetIndex=no&watchFile=no
"2063",Castilleja attenuata,Castilleja,attenuata,,,,native,S4,,48.871771670000001,-123.382463299999998,,NA,NA,"77854440",obs_native,file:///D:/Simon/Sync/Root/GIS/Biodiversity%20Data/obs_native.csv?type=csv&maxFields=10000&detectTypes=yes&xField=longitude&yField=latitude&crs=EPSG:4326&spatialIndex=no&subsetIndex=no&watchFile=no
"2064",Castilleja attenuata,Castilleja,attenuata,,,,native,S4,,48.863589589999997,-123.363041600000003,,NA,NA,"111610066",obs_native,file:///D:/Simon/Sync/Root/GIS/Biodiversity%20Data/obs_native.csv?type=csv&maxFields=10000&detectTypes=yes&xField=longitude&yField=latitude&crs=EPSG:4326&spatialIndex=no&subsetIndex=no&watchFile=no
"2065",Castilleja attenuata,Castilleja,attenuata,,,,native,S4,,48.861293330000002,-123.363446699999997,,NA,NA,"111867182",obs_native,file:///D:/Simon/Sync/Root/GIS/Biodiversity%20Data/obs_native.csv?type=csv&maxFields=10000&detectTypes=yes&xField=longitude&yField=latitude&crs=EPSG:4326&spatialIndex=no&subsetIndex=no&watchFile=no
"2066",Castilleja attenuata,Castilleja,attenuata,,,,native,S4,,48.865969999999997,-123.374345000000005,,NA,NA,"114122105",obs_native,file:///D:/Simon/Sync/Root/GIS/Biodiversity%20Data/obs_native.csv?type=csv&maxFields=10000&detectTypes=yes&xField=longitude&yField=latitude&crs=EPSG:4326&spatialIndex=no&subsetIndex=no&watchFile=no
"2067",Castilleja attenuata,Castilleja,attenuata,,,,native,S4,,48.866567220000000,-123.375896200000000,,NA,NA,"114745435",obs_native,file:///D:/Simon/Sync/Root/GIS/Biodiversity%20Data/obs_native.csv?type=csv&maxFields=10000&detectTypes=yes&xField=longitude&yField=latitude&crs=EPSG:4326&spatialIndex=no&subsetIndex=no&watchFile=no
"2068",Castilleja attenuata,Castilleja,attenuata,,,,native,S4,,48.864386670000002,-123.366431700000007,,NA,NA,"116636217",obs_native,file:///D:/Simon/Sync/Root/GIS/Biodiversity%20Data/obs_native.csv?type=csv&maxFields=10000&detectTypes=yes&xField=longitude&yField=latitude&crs=EPSG:4326&spatialIndex=no&subsetIndex=no&watchFile=no
"2069",Castilleja attenuata,Castilleja,attenuata,,,,native,S4,,48.864476670000002,-123.366473299999996,,NA,NA,"116636223",obs_native,file:///D:/Simon/Sync/Root/GIS/Biodiversity%20Data/obs_native.csv?type=csv&maxFields=10000&detectTypes=yes&xField=longitude&yField=latitude&crs=EPSG:4326&spatialIndex=no&subsetIndex=no&watchFile=no
"2070",Castilleja attenuata,Castilleja,attenuata,,,,native,S4,,48.863376670000001,-123.363018299999993,,NA,NA,"116636237",obs_native,file:///D:/Simon/Sync/Root/GIS/Biodiversity%20Data/obs_native.csv?type=csv&maxFields=10000&detectTypes=yes&xField=longitude&yField=latitude&crs=EPSG:4326&spatialIndex=no&subsetIndex=no&watchFile=no
"2071",Castilleja attenuata,Castilleja,attenuata,,,,native,S4,,48.863329999999998,-123.363038299999999,,NA,NA,"116636249",obs_native,file:///D:/Simon/Sync/Root/GIS/Biodiversity%20Data/obs_native.csv?type=csv&maxFields=10000&detectTypes=yes&xField=longitude&yField=latitude&crs=EPSG:4326&spatialIndex=no&subsetIndex=no&watchFile=no
"2072",Castilleja attenuata,Castilleja,attenuata,,,,native,S4,,48.863631669999997,-123.363140000000001,,NA,NA,"120470380",obs_native,file:///D:/Simon/Sync/Root/GIS/Biodiversity%20Data/obs_native.csv?type=csv&maxFields=10000&detectTypes=yes&xField=longitude&yField=latitude&crs=EPSG:4326&spatialIndex=no&subsetIndex=no&watchFile=no
"2073",Castilleja hispida,Castilleja,hispida,,,,native,S5,,48.933073000000000,-123.485726999999997,,NA,NA,"2580144",obs_native,file:///D:/Simon/Sync/Root/GIS/Biodiversity%20Data/obs_native.csv?type=csv&maxFields=10000&detectTypes=yes&xField=longitude&yField=latitude&crs=EPSG:4326&spatialIndex=no&subsetIndex=no&watchFile=no
"2074",Castilleja hispida,Castilleja,hispida,,,,native,S5,,48.955024000000002,-123.537118000000007,,NA,NA,"2604253",obs_native,file:///D:/Simon/Sync/Root/GIS/Biodiversity%20Data/obs_native.csv?type=csv&maxFields=10000&detectTypes=yes&xField=longitude&yField=latitude&crs=EPSG:4326&spatialIndex=no&subsetIndex=no&watchFile=no
"2075",Castilleja hispida,Castilleja,hispida,,,,native,S5,,48.920327999999998,-123.450794000000002,,NA,NA,"2635119",obs_native,file:///D:/Simon/Sync/Root/GIS/Biodiversity%20Data/obs_native.csv?type=csv&maxFields=10000&detectTypes=yes&xField=longitude&yField=latitude&crs=EPSG:4326&spatialIndex=no&subsetIndex=no&watchFile=no
"2076",Castilleja hispida,Castilleja,hispida,,,,native,S5,,48.932853000000001,-123.485663000000002,,NA,NA,"2734232",obs_native,file:///D:/Simon/Sync/Root/GIS/Biodiversity%20Data/obs_native.csv?type=csv&maxFields=10000&detectTypes=yes&xField=longitude&yField=latitude&crs=EPSG:4326&spatialIndex=no&subsetIndex=no&watchFile=no
"2077",Castilleja hispida,Castilleja,hispida,,,,native,S5,,48.893819000000001,-123.405991000000000,,NA,NA,"2775955",obs_native,file:///D:/Simon/Sync/Root/GIS/Biodiversity%20Data/obs_native.csv?type=csv&maxFields=10000&detectTypes=yes&xField=longitude&yField=latitude&crs=EPSG:4326&spatialIndex=no&subsetIndex=no&watchFile=no
"2078",Castilleja hispida,Castilleja,hispida,,,,native,S5,,48.916249999999998,-123.424959000000001,,NA,NA,"3094661",obs_native,file:///D:/Simon/Sync/Root/GIS/Biodiversity%20Data/obs_native.csv?type=csv&maxFields=10000&detectTypes=yes&xField=longitude&yField=latitude&crs=EPSG:4326&spatialIndex=no&subsetIndex=no&watchFile=no
"2079",Castilleja hispida,Castilleja,hispida,,,,native,S5,,48.916249999999998,-123.424959000000001,,NA,NA,"3094665",obs_native,file:///D:/Simon/Sync/Root/GIS/Biodiversity%20Data/obs_native.csv?type=csv&maxFields=10000&detectTypes=yes&xField=longitude&yField=latitude&crs=EPSG:4326&spatialIndex=no&subsetIndex=no&watchFile=no
"2080",Castilleja hispida,Castilleja,hispida,,,,native,S5,,48.916249999999998,-123.424959000000001,,NA,NA,"3094675",obs_native,file:///D:/Simon/Sync/Root/GIS/Biodiversity%20Data/obs_native.csv?type=csv&maxFields=10000&detectTypes=yes&xField=longitude&yField=latitude&crs=EPSG:4326&spatialIndex=no&subsetIndex=no&watchFile=no
"2081",Castilleja hispida,Castilleja,hispida,,,,native,S5,,48.934009000000003,-123.471886999999995,,NA,NA,"3104546",obs_native,file:///D:/Simon/Sync/Root/GIS/Biodiversity%20Data/obs_native.csv?type=csv&maxFields=10000&detectTypes=yes&xField=longitude&yField=latitude&crs=EPSG:4326&spatialIndex=no&subsetIndex=no&watchFile=no
"2082",Castilleja hispida,Castilleja,hispida,,,,native,S5,,48.896949999999997,-123.406677000000002,,NA,NA,"3311103",obs_native,file:///D:/Simon/Sync/Root/GIS/Biodiversity%20Data/obs_native.csv?type=csv&maxFields=10000&detectTypes=yes&xField=longitude&yField=latitude&crs=EPSG:4326&spatialIndex=no&subsetIndex=no&watchFile=no
"2083",Castilleja hispida,Castilleja,hispida,,,,native,S5,,48.932485999999997,-123.483839000000003,,NA,NA,"3317949",obs_native,file:///D:/Simon/Sync/Root/GIS/Biodiversity%20Data/obs_native.csv?type=csv&maxFields=10000&detectTypes=yes&xField=longitude&yField=latitude&crs=EPSG:4326&spatialIndex=no&subsetIndex=no&watchFile=no
"2084",Castilleja hispida,Castilleja,hispida,,,,native,S5,,48.930703330000000,-123.476303299999998,,NA,NA,"3369540",obs_native,file:///D:/Simon/Sync/Root/GIS/Biodiversity%20Data/obs_native.csv?type=csv&maxFields=10000&detectTypes=yes&xField=longitude&yField=latitude&crs=EPSG:4326&spatialIndex=no&subsetIndex=no&watchFile=no
"2085",Castilleja hispida,Castilleja,hispida,,,,native,S5,,48.939607000000002,-123.501418000000001,,NA,NA,"3637914",obs_native,file:///D:/Simon/Sync/Root/GIS/Biodiversity%20Data/obs_native.csv?type=csv&maxFields=10000&detectTypes=yes&xField=longitude&yField=latitude&crs=EPSG:4326&spatialIndex=no&subsetIndex=no&watchFile=no
"2086",Castilleja hispida,Castilleja,hispida,,,,native,S5,,48.898755999999999,-123.407449999999997,,NA,NA,"3652738",obs_native,file:///D:/Simon/Sync/Root/GIS/Biodiversity%20Data/obs_native.csv?type=csv&maxFields=10000&detectTypes=yes&xField=longitude&yField=latitude&crs=EPSG:4326&spatialIndex=no&subsetIndex=no&watchFile=no
"2087",Castilleja hispida,Castilleja,hispida,,,,native,S5,,48.904561620000003,-123.413457899999997,,NA,NA,"6047523",obs_native,file:///D:/Simon/Sync/Root/GIS/Biodiversity%20Data/obs_native.csv?type=csv&maxFields=10000&detectTypes=yes&xField=longitude&yField=latitude&crs=EPSG:4326&spatialIndex=no&subsetIndex=no&watchFile=no
"2088",Castilleja hispida,Castilleja,hispida,,,,native,S5,,48.940035999999999,-123.502593000000005,,NA,NA,"6305079",obs_native,file:///D:/Simon/Sync/Root/GIS/Biodiversity%20Data/obs_native.csv?type=csv&maxFields=10000&detectTypes=yes&xField=longitude&yField=latitude&crs=EPSG:4326&spatialIndex=no&subsetIndex=no&watchFile=no
"2089",Castilleja hispida,Castilleja,hispida,,,,native,S5,,48.900506999999998,-123.440759999999997,,NA,NA,"6488794",obs_native,file:///D:/Simon/Sync/Root/GIS/Biodiversity%20Data/obs_native.csv?type=csv&maxFields=10000&detectTypes=yes&xField=longitude&yField=latitude&crs=EPSG:4326&spatialIndex=no&subsetIndex=no&watchFile=no
"2090",Castilleja hispida,Castilleja,hispida,,,,native,S5,,48.939200280000001,-123.500617899999995,,NA,NA,"6544537",obs_native,file:///D:/Simon/Sync/Root/GIS/Biodiversity%20Data/obs_native.csv?type=csv&maxFields=10000&detectTypes=yes&xField=longitude&yField=latitude&crs=EPSG:4326&spatialIndex=no&subsetIndex=no&watchFile=no
"2091",Castilleja hispida,Castilleja,hispida,,,,native,S5,,48.899600000000000,-123.407852800000001,,NA,NA,"10863769",obs_native,file:///D:/Simon/Sync/Root/GIS/Biodiversity%20Data/obs_native.csv?type=csv&maxFields=10000&detectTypes=yes&xField=longitude&yField=latitude&crs=EPSG:4326&spatialIndex=no&subsetIndex=no&watchFile=no
"2092",Castilleja hispida,Castilleja,hispida,,,,native,S5,,48.893873929999998,-123.407101800000007,,NA,NA,"11133567",obs_native,file:///D:/Simon/Sync/Root/GIS/Biodiversity%20Data/obs_native.csv?type=csv&maxFields=10000&detectTypes=yes&xField=longitude&yField=latitude&crs=EPSG:4326&spatialIndex=no&subsetIndex=no&watchFile=no
"2093",Castilleja hispida,Castilleja,hispida,,,,native,S5,,48.939880000000002,-123.504401000000001,,NA,NA,"12220105",obs_native,file:///D:/Simon/Sync/Root/GIS/Biodiversity%20Data/obs_native.csv?type=csv&maxFields=10000&detectTypes=yes&xField=longitude&yField=latitude&crs=EPSG:4326&spatialIndex=no&subsetIndex=no&watchFile=no
"2094",Castilleja hispida,Castilleja,hispida,,,,native,S5,,48.939762999999999,-123.503692999999998,,NA,NA,"12669546",obs_native,file:///D:/Simon/Sync/Root/GIS/Biodiversity%20Data/obs_native.csv?type=csv&maxFields=10000&detectTypes=yes&xField=longitude&yField=latitude&crs=EPSG:4326&spatialIndex=no&subsetIndex=no&watchFile=no
"2095",Castilleja hispida,Castilleja,hispida,,,,native,S5,,48.984115140000000,-123.555591000000007,,NA,NA,"15412690",obs_native,file:///D:/Simon/Sync/Root/GIS/Biodiversity%20Data/obs_native.csv?type=csv&maxFields=10000&detectTypes=yes&xField=longitude&yField=latitude&crs=EPSG:4326&spatialIndex=no&subsetIndex=no&watchFile=no
"2096",Castilleja hispida,Castilleja,hispida,,,,native,S5,,48.939836470000003,-123.504103700000002,,NA,NA,"16307014",obs_native,file:///D:/Simon/Sync/Root/GIS/Biodiversity%20Data/obs_native.csv?type=csv&maxFields=10000&detectTypes=yes&xField=longitude&yField=latitude&crs=EPSG:4326&spatialIndex=no&subsetIndex=no&watchFile=no
"2097",Castilleja hispida,Castilleja,hispida,,,,native,S5,,48.939836470000003,-123.504103700000002,,NA,NA,"16307015",obs_native,file:///D:/Simon/Sync/Root/GIS/Biodiversity%20Data/obs_native.csv?type=csv&maxFields=10000&detectTypes=yes&xField=longitude&yField=latitude&crs=EPSG:4326&spatialIndex=no&subsetIndex=no&watchFile=no
"2098",Castilleja hispida,Castilleja,hispida,,,,native,S5,,48.928502909999999,-123.471774400000001,,NA,NA,"21860320",obs_native,file:///D:/Simon/Sync/Root/GIS/Biodiversity%20Data/obs_native.csv?type=csv&maxFields=10000&detectTypes=yes&xField=longitude&yField=latitude&crs=EPSG:4326&spatialIndex=no&subsetIndex=no&watchFile=no
"2099",Castilleja hispida,Castilleja,hispida,,,,native,S5,,48.926694099999999,-123.466364700000000,,NA,NA,"22446372",obs_native,file:///D:/Simon/Sync/Root/GIS/Biodiversity%20Data/obs_native.csv?type=csv&maxFields=10000&detectTypes=yes&xField=longitude&yField=latitude&crs=EPSG:4326&spatialIndex=no&subsetIndex=no&watchFile=no
"2100",Castilleja hispida,Castilleja,hispida,,,,native,S5,,48.928866669999998,-123.473441699999995,,NA,NA,"24352859",obs_native,file:///D:/Simon/Sync/Root/GIS/Biodiversity%20Data/obs_native.csv?type=csv&maxFields=10000&detectTypes=yes&xField=longitude&yField=latitude&crs=EPSG:4326&spatialIndex=no&subsetIndex=no&watchFile=no
"2101",Castilleja hispida,Castilleja,hispida,,,,native,S5,,48.898952049999998,-123.407748900000001,,NA,NA,"24653157",obs_native,file:///D:/Simon/Sync/Root/GIS/Biodiversity%20Data/obs_native.csv?type=csv&maxFields=10000&detectTypes=yes&xField=longitude&yField=latitude&crs=EPSG:4326&spatialIndex=no&subsetIndex=no&watchFile=no
"2102",Castilleja hispida,Castilleja,hispida,,,,native,S5,,48.899672219999999,-123.407408300000000,,NA,NA,"24672737",obs_native,file:///D:/Simon/Sync/Root/GIS/Biodiversity%20Data/obs_native.csv?type=csv&maxFields=10000&detectTypes=yes&xField=longitude&yField=latitude&crs=EPSG:4326&spatialIndex=no&subsetIndex=no&watchFile=no
"2103",Castilleja hispida,Castilleja,hispida,,,,native,S5,,48.915454060000002,-123.424066800000006,,NA,NA,"24677632",obs_native,file:///D:/Simon/Sync/Root/GIS/Biodiversity%20Data/obs_native.csv?type=csv&maxFields=10000&detectTypes=yes&xField=longitude&yField=latitude&crs=EPSG:4326&spatialIndex=no&subsetIndex=no&watchFile=no
"2104",Castilleja hispida,Castilleja,hispida,,,,native,S5,,48.901051389999999,-123.406308999999993,,NA,NA,"24689835",obs_native,file:///D:/Simon/Sync/Root/GIS/Biodiversity%20Data/obs_native.csv?type=csv&maxFields=10000&detectTypes=yes&xField=longitude&yField=latitude&crs=EPSG:4326&spatialIndex=no&subsetIndex=no&watchFile=no
"2105",Castilleja hispida,Castilleja,hispida,,,,native,S5,,48.894055559999998,-123.404755600000001,,NA,NA,"24701310",obs_native,file:///D:/Simon/Sync/Root/GIS/Biodiversity%20Data/obs_native.csv?type=csv&maxFields=10000&detectTypes=yes&xField=longitude&yField=latitude&crs=EPSG:4326&spatialIndex=no&subsetIndex=no&watchFile=no
"2106",Castilleja hispida,Castilleja,hispida,,,,native,S5,,48.899412730000002,-123.407108199999996,,NA,NA,"24710914",obs_native,file:///D:/Simon/Sync/Root/GIS/Biodiversity%20Data/obs_native.csv?type=csv&maxFields=10000&detectTypes=yes&xField=longitude&yField=latitude&crs=EPSG:4326&spatialIndex=no&subsetIndex=no&watchFile=no
"2107",Castilleja hispida,Castilleja,hispida,,,,native,S5,,48.901543550000000,-123.404503199999994,,NA,NA,"24714421",obs_native,file:///D:/Simon/Sync/Root/GIS/Biodiversity%20Data/obs_native.csv?type=csv&maxFields=10000&detectTypes=yes&xField=longitude&yField=latitude&crs=EPSG:4326&spatialIndex=no&subsetIndex=no&watchFile=no
"2108",Castilleja hispida,Castilleja,hispida,,,,native,S5,,48.893976670000001,-123.406985000000006,,NA,NA,"24873209",obs_native,file:///D:/Simon/Sync/Root/GIS/Biodiversity%20Data/obs_native.csv?type=csv&maxFields=10000&detectTypes=yes&xField=longitude&yField=latitude&crs=EPSG:4326&spatialIndex=no&subsetIndex=no&watchFile=no
"2109",Castilleja hispida,Castilleja,hispida,,,,native,S5,,48.894190000000002,-123.404015000000001,,NA,NA,"24873210",obs_native,file:///D:/Simon/Sync/Root/GIS/Biodiversity%20Data/obs_native.csv?type=csv&maxFields=10000&detectTypes=yes&xField=longitude&yField=latitude&crs=EPSG:4326&spatialIndex=no&subsetIndex=no&watchFile=no
"2110",Castilleja hispida,Castilleja,hispida,,,,native,S5,,48.899538800000002,-123.404445600000003,,NA,NA,"24885570",obs_native,file:///D:/Simon/Sync/Root/GIS/Biodiversity%20Data/obs_native.csv?type=csv&maxFields=10000&detectTypes=yes&xField=longitude&yField=latitude&crs=EPSG:4326&spatialIndex=no&subsetIndex=no&watchFile=no
"2111",Castilleja hispida,Castilleja,hispida,,,,native,S5,,48.899552170000000,-123.407042899999993,,NA,NA,"25199701",obs_native,file:///D:/Simon/Sync/Root/GIS/Biodiversity%20Data/obs_native.csv?type=csv&maxFields=10000&detectTypes=yes&xField=longitude&yField=latitude&crs=EPSG:4326&spatialIndex=no&subsetIndex=no&watchFile=no
"2112",Castilleja hispida,Castilleja,hispida,,,,native,S5,,48.899551910000000,-123.407426099999995,,NA,NA,"25200209",obs_native,file:///D:/Simon/Sync/Root/GIS/Biodiversity%20Data/obs_native.csv?type=csv&maxFields=10000&detectTypes=yes&xField=longitude&yField=latitude&crs=EPSG:4326&spatialIndex=no&subsetIndex=no&watchFile=no
"2113",Castilleja hispida,Castilleja,hispida,,,,native,S5,,48.893799999999999,-123.404358299999998,,NA,NA,"25655204",obs_native,file:///D:/Simon/Sync/Root/GIS/Biodiversity%20Data/obs_native.csv?type=csv&maxFields=10000&detectTypes=yes&xField=longitude&yField=latitude&crs=EPSG:4326&spatialIndex=no&subsetIndex=no&watchFile=no
"2114",Castilleja hispida,Castilleja,hispida,,,,native,S5,,48.933587340000003,-123.486432899999997,,NA,NA,"26417438",obs_native,file:///D:/Simon/Sync/Root/GIS/Biodiversity%20Data/obs_native.csv?type=csv&maxFields=10000&detectTypes=yes&xField=longitude&yField=latitude&crs=EPSG:4326&spatialIndex=no&subsetIndex=no&watchFile=no
"2115",Castilleja hispida,Castilleja,hispida,,,,native,S5,,48.964249100000004,-123.551589500000006,,NA,NA,"40826736",obs_native,file:///D:/Simon/Sync/Root/GIS/Biodiversity%20Data/obs_native.csv?type=csv&maxFields=10000&detectTypes=yes&xField=longitude&yField=latitude&crs=EPSG:4326&spatialIndex=no&subsetIndex=no&watchFile=no
"2116",Castilleja hispida,Castilleja,hispida,,,,native,S5,,48.939611669999998,-123.501328299999997,,NA,NA,"45326909",obs_native,file:///D:/Simon/Sync/Root/GIS/Biodiversity%20Data/obs_native.csv?type=csv&maxFields=10000&detectTypes=yes&xField=longitude&yField=latitude&crs=EPSG:4326&spatialIndex=no&subsetIndex=no&watchFile=no
"2117",Castilleja hispida,Castilleja,hispida,,,,native,S5,,48.939348330000001,-123.500891699999997,,NA,NA,"72321408",obs_native,file:///D:/Simon/Sync/Root/GIS/Biodiversity%20Data/obs_native.csv?type=csv&maxFields=10000&detectTypes=yes&xField=longitude&yField=latitude&crs=EPSG:4326&spatialIndex=no&subsetIndex=no&watchFile=no
"2118",Castilleja hispida,Castilleja,hispida,,,,native,S5,,48.900525000000002,-123.444778299999996,,NA,NA,"73583306",obs_native,file:///D:/Simon/Sync/Root/GIS/Biodiversity%20Data/obs_native.csv?type=csv&maxFields=10000&detectTypes=yes&xField=longitude&yField=latitude&crs=EPSG:4326&spatialIndex=no&subsetIndex=no&watchFile=no
"2119",Castilleja hispida,Castilleja,hispida,,,,native,S5,,48.988423570000002,-123.575709500000002,,NA,NA,"74905699",obs_native,file:///D:/Simon/Sync/Root/GIS/Biodiversity%20Data/obs_native.csv?type=csv&maxFields=10000&detectTypes=yes&xField=longitude&yField=latitude&crs=EPSG:4326&spatialIndex=no&subsetIndex=no&watchFile=no
"2120",Castilleja hispida,Castilleja,hispida,,,,native,S5,,48.894813329999998,-123.404853299999999,,NA,NA,"75593896",obs_native,file:///D:/Simon/Sync/Root/GIS/Biodiversity%20Data/obs_native.csv?type=csv&maxFields=10000&detectTypes=yes&xField=longitude&yField=latitude&crs=EPSG:4326&spatialIndex=no&subsetIndex=no&watchFile=no
"2121",Castilleja hispida,Castilleja,hispida,,,,native,S5,,48.928102140000000,-123.468950100000001,,NA,NA,"77835432",obs_native,file:///D:/Simon/Sync/Root/GIS/Biodiversity%20Data/obs_native.csv?type=csv&maxFields=10000&detectTypes=yes&xField=longitude&yField=latitude&crs=EPSG:4326&spatialIndex=no&subsetIndex=no&watchFile=no
"2122",Castilleja hispida,Castilleja,hispida,,,,native,S5,,48.865068330000000,-123.380184999999997,,NA,NA,"79112177",obs_native,file:///D:/Simon/Sync/Root/GIS/Biodiversity%20Data/obs_native.csv?type=csv&maxFields=10000&detectTypes=yes&xField=longitude&yField=latitude&crs=EPSG:4326&spatialIndex=no&subsetIndex=no&watchFile=no
"2123",Castilleja hispida,Castilleja,hispida,,,,native,S5,,48.895355000000002,-123.409888300000006,,NA,NA,"80186046",obs_native,file:///D:/Simon/Sync/Root/GIS/Biodiversity%20Data/obs_native.csv?type=csv&maxFields=10000&detectTypes=yes&xField=longitude&yField=latitude&crs=EPSG:4326&spatialIndex=no&subsetIndex=no&watchFile=no
"2124",Castilleja hispida,Castilleja,hispida,,,,native,S5,,48.954154780000003,-123.521656199999995,,NA,NA,"83196204",obs_native,file:///D:/Simon/Sync/Root/GIS/Biodiversity%20Data/obs_native.csv?type=csv&maxFields=10000&detectTypes=yes&xField=longitude&yField=latitude&crs=EPSG:4326&spatialIndex=no&subsetIndex=no&watchFile=no
"2125",Castilleja hispida,Castilleja,hispida,,,,native,S5,,48.997783329999997,-123.587333299999997,,NA,NA,"84391315",obs_native,file:///D:/Simon/Sync/Root/GIS/Biodiversity%20Data/obs_native.csv?type=csv&maxFields=10000&detectTypes=yes&xField=longitude&yField=latitude&crs=EPSG:4326&spatialIndex=no&subsetIndex=no&watchFile=no
"2126",Castilleja hispida,Castilleja,hispida,,,,native,S5,,48.895381000000000,-123.409508000000002,,NA,NA,"89033545",obs_native,file:///D:/Simon/Sync/Root/GIS/Biodiversity%20Data/obs_native.csv?type=csv&maxFields=10000&detectTypes=yes&xField=longitude&yField=latitude&crs=EPSG:4326&spatialIndex=no&subsetIndex=no&watchFile=no
"2127",Castilleja hispida,Castilleja,hispida,,,,native,S5,,48.893757299999997,-123.414135099999996,,NA,NA,"97606291",obs_native,file:///D:/Simon/Sync/Root/GIS/Biodiversity%20Data/obs_native.csv?type=csv&maxFields=10000&detectTypes=yes&xField=longitude&yField=latitude&crs=EPSG:4326&spatialIndex=no&subsetIndex=no&watchFile=no
"2128",Castilleja hispida,Castilleja,hispida,,,,native,S5,,48.952628330000003,-123.533583300000004,,NA,NA,"109624081",obs_native,file:///D:/Simon/Sync/Root/GIS/Biodiversity%20Data/obs_native.csv?type=csv&maxFields=10000&detectTypes=yes&xField=longitude&yField=latitude&crs=EPSG:4326&spatialIndex=no&subsetIndex=no&watchFile=no
"2129",Castilleja hispida,Castilleja,hispida,,,,native,S5,,48.931241329999999,-123.481055900000001,,NA,NA,"110412704",obs_native,file:///D:/Simon/Sync/Root/GIS/Biodiversity%20Data/obs_native.csv?type=csv&maxFields=10000&detectTypes=yes&xField=longitude&yField=latitude&crs=EPSG:4326&spatialIndex=no&subsetIndex=no&watchFile=no
"2130",Castilleja hispida,Castilleja,hispida,,,,native,S5,,48.997457089999997,-123.587403600000002,,NA,NA,"110921858",obs_native,file:///D:/Simon/Sync/Root/GIS/Biodiversity%20Data/obs_native.csv?type=csv&maxFields=10000&detectTypes=yes&xField=longitude&yField=latitude&crs=EPSG:4326&spatialIndex=no&subsetIndex=no&watchFile=no
"2131",Castilleja hispida,Castilleja,hispida,,,,native,S5,,48.915447219999997,-123.423805599999994,,NA,NA,"111975259",obs_native,file:///D:/Simon/Sync/Root/GIS/Biodiversity%20Data/obs_native.csv?type=csv&maxFields=10000&detectTypes=yes&xField=longitude&yField=latitude&crs=EPSG:4326&spatialIndex=no&subsetIndex=no&watchFile=no
"2132",Castilleja hispida,Castilleja,hispida,,,,native,S5,,48.896308329999997,-123.410352799999998,,NA,NA,"112988027",obs_native,file:///D:/Simon/Sync/Root/GIS/Biodiversity%20Data/obs_native.csv?type=csv&maxFields=10000&detectTypes=yes&xField=longitude&yField=latitude&crs=EPSG:4326&spatialIndex=no&subsetIndex=no&watchFile=no
"2133",Castilleja hispida,Castilleja,hispida,,,,native,S5,,48.928478329999997,-123.472313299999996,,NA,NA,"113299288",obs_native,file:///D:/Simon/Sync/Root/GIS/Biodiversity%20Data/obs_native.csv?type=csv&maxFields=10000&detectTypes=yes&xField=longitude&yField=latitude&crs=EPSG:4326&spatialIndex=no&subsetIndex=no&watchFile=no
"2134",Castilleja hispida,Castilleja,hispida,,,,native,S5,,48.978568899999999,-123.567803100000006,,NA,NA,"117101077",obs_native,file:///D:/Simon/Sync/Root/GIS/Biodiversity%20Data/obs_native.csv?type=csv&maxFields=10000&detectTypes=yes&xField=longitude&yField=latitude&crs=EPSG:4326&spatialIndex=no&subsetIndex=no&watchFile=no
"2135",Castilleja hispida,Castilleja,hispida,,,,native,S5,,48.895420000000001,-123.410736700000001,,NA,NA,"117828123",obs_native,file:///D:/Simon/Sync/Root/GIS/Biodiversity%20Data/obs_native.csv?type=csv&maxFields=10000&detectTypes=yes&xField=longitude&yField=latitude&crs=EPSG:4326&spatialIndex=no&subsetIndex=no&watchFile=no
"2136",Castilleja hispida,Castilleja,hispida,,,,native,S5,,48.998485150000000,-123.588005400000000,,NA,NA,"118443413",obs_native,file:///D:/Simon/Sync/Root/GIS/Biodiversity%20Data/obs_native.csv?type=csv&maxFields=10000&detectTypes=yes&xField=longitude&yField=latitude&crs=EPSG:4326&spatialIndex=no&subsetIndex=no&watchFile=no
"2137",Castilleja hispida,Castilleja,hispida,,,,native,S5,,48.984458979999999,-123.555846799999998,,NA,NA,"121838566",obs_native,file:///D:/Simon/Sync/Root/GIS/Biodiversity%20Data/obs_native.csv?type=csv&maxFields=10000&detectTypes=yes&xField=longitude&yField=latitude&crs=EPSG:4326&spatialIndex=no&subsetIndex=no&watchFile=no
"2138",Castilleja hispida,Castilleja,hispida,,,,native,S5,,48.926819999999999,-123.468688299999997,,NA,NA,"121921609",obs_native,file:///D:/Simon/Sync/Root/GIS/Biodiversity%20Data/obs_native.csv?type=csv&maxFields=10000&detectTypes=yes&xField=longitude&yField=latitude&crs=EPSG:4326&spatialIndex=no&subsetIndex=no&watchFile=no
"2139",Castilleja hispida,Castilleja,hispida,,,,native,S5,,48.926884970000003,-123.468986099999995,,NA,NA,"123036662",obs_native,file:///D:/Simon/Sync/Root/GIS/Biodiversity%20Data/obs_native.csv?type=csv&maxFields=10000&detectTypes=yes&xField=longitude&yField=latitude&crs=EPSG:4326&spatialIndex=no&subsetIndex=no&watchFile=no
"2209",Ceratophyllum echinatum,Ceratophyllum,echinatum,,,,native,S4?,,48.991343329999999,-123.570880000000002,,NA,NA,"24653208",obs_native,file:///D:/Simon/Sync/Root/GIS/Biodiversity%20Data/obs_native.csv?type=csv&maxFields=10000&detectTypes=yes&xField=longitude&yField=latitude&crs=EPSG:4326&spatialIndex=no&subsetIndex=no&watchFile=no
"2210",Ceratophyllum echinatum,Ceratophyllum,echinatum,,,,native,S4?,,48.990967050000002,-123.570255099999997,,NA,NA,"27436598",obs_native,file:///D:/Simon/Sync/Root/GIS/Biodiversity%20Data/obs_native.csv?type=csv&maxFields=10000&detectTypes=yes&xField=longitude&yField=latitude&crs=EPSG:4326&spatialIndex=no&subsetIndex=no&watchFile=no
"2211",Ceratophyllum echinatum,Ceratophyllum,echinatum,,,,native,S4?,,48.990932999999998,-123.570175000000006,,NA,NA,"59405687",obs_native,file:///D:/Simon/Sync/Root/GIS/Biodiversity%20Data/obs_native.csv?type=csv&maxFields=10000&detectTypes=yes&xField=longitude&yField=latitude&crs=EPSG:4326&spatialIndex=no&subsetIndex=no&watchFile=no
"2212",Chamaenerion angustifolium,Chamaenerion,angustifolium,,,,native,S5,,48.928632000000000,-123.468925999999996,,NA,NA,"2564137",obs_native,file:///D:/Simon/Sync/Root/GIS/Biodiversity%20Data/obs_native.csv?type=csv&maxFields=10000&detectTypes=yes&xField=longitude&yField=latitude&crs=EPSG:4326&spatialIndex=no&subsetIndex=no&watchFile=no
"2213",Chamaenerion angustifolium,Chamaenerion,angustifolium,,,,native,S5,,48.929718000000001,-123.467617000000004,,NA,NA,"2663711",obs_native,file:///D:/Simon/Sync/Root/GIS/Biodiversity%20Data/obs_native.csv?type=csv&maxFields=10000&detectTypes=yes&xField=longitude&yField=latitude&crs=EPSG:4326&spatialIndex=no&subsetIndex=no&watchFile=no
"2214",Chamaenerion angustifolium,Chamaenerion,angustifolium,,,,native,S5,,48.938735000000001,-123.496964000000006,,NA,NA,"3636684",obs_native,file:///D:/Simon/Sync/Root/GIS/Biodiversity%20Data/obs_native.csv?type=csv&maxFields=10000&detectTypes=yes&xField=longitude&yField=latitude&crs=EPSG:4326&spatialIndex=no&subsetIndex=no&watchFile=no
"2215",Chamaenerion angustifolium,Chamaenerion,angustifolium,,,,native,S5,,48.948494140000001,-123.502628299999998,,NA,NA,"3640297",obs_native,file:///D:/Simon/Sync/Root/GIS/Biodiversity%20Data/obs_native.csv?type=csv&maxFields=10000&detectTypes=yes&xField=longitude&yField=latitude&crs=EPSG:4326&spatialIndex=no&subsetIndex=no&watchFile=no
"2216",Chamaenerion angustifolium,Chamaenerion,angustifolium,,,,native,S5,,48.867221999999998,-123.362560000000002,,NA,NA,"3657903",obs_native,file:///D:/Simon/Sync/Root/GIS/Biodiversity%20Data/obs_native.csv?type=csv&maxFields=10000&detectTypes=yes&xField=longitude&yField=latitude&crs=EPSG:4326&spatialIndex=no&subsetIndex=no&watchFile=no
"2217",Chamaenerion angustifolium,Chamaenerion,angustifolium,,,,native,S5,,48.938837139999997,-123.494569700000000,,NA,NA,"14300199",obs_native,file:///D:/Simon/Sync/Root/GIS/Biodiversity%20Data/obs_native.csv?type=csv&maxFields=10000&detectTypes=yes&xField=longitude&yField=latitude&crs=EPSG:4326&spatialIndex=no&subsetIndex=no&watchFile=no
"2218",Chamaenerion angustifolium,Chamaenerion,angustifolium,,,,native,S5,,48.991746669999998,-123.570808299999996,,NA,NA,"14335448",obs_native,file:///D:/Simon/Sync/Root/GIS/Biodiversity%20Data/obs_native.csv?type=csv&maxFields=10000&detectTypes=yes&xField=longitude&yField=latitude&crs=EPSG:4326&spatialIndex=no&subsetIndex=no&watchFile=no
"2219",Chamaenerion angustifolium,Chamaenerion,angustifolium,,,,native,S5,,49.004483329999999,-123.575286100000000,,NA,NA,"56906395",obs_native,file:///D:/Simon/Sync/Root/GIS/Biodiversity%20Data/obs_native.csv?type=csv&maxFields=10000&detectTypes=yes&xField=longitude&yField=latitude&crs=EPSG:4326&spatialIndex=no&subsetIndex=no&watchFile=no
"2220",Chamaenerion angustifolium,Chamaenerion,angustifolium,,,,native,S5,,48.928326720000001,-123.468010300000003,,NA,NA,"84348223",obs_native,file:///D:/Simon/Sync/Root/GIS/Biodiversity%20Data/obs_native.csv?type=csv&maxFields=10000&detectTypes=yes&xField=longitude&yField=latitude&crs=EPSG:4326&spatialIndex=no&subsetIndex=no&watchFile=no
"2221",Chamaenerion angustifolium,Chamaenerion,angustifolium,,,,native,S5,,48.870601000000001,-123.318712000000005,,NA,NA,"88419366",obs_native,file:///D:/Simon/Sync/Root/GIS/Biodiversity%20Data/obs_native.csv?type=csv&maxFields=10000&detectTypes=yes&xField=longitude&yField=latitude&crs=EPSG:4326&spatialIndex=no&subsetIndex=no&watchFile=no
"2222",Chamaenerion angustifolium,Chamaenerion,angustifolium,,,,native,S5,,48.977950000000000,-123.554905599999998,,NA,NA,"89513162",obs_native,file:///D:/Simon/Sync/Root/GIS/Biodiversity%20Data/obs_native.csv?type=csv&maxFields=10000&detectTypes=yes&xField=longitude&yField=latitude&crs=EPSG:4326&spatialIndex=no&subsetIndex=no&watchFile=no
"2223",Chamaenerion angustifolium,Chamaenerion,angustifolium,,,,native,S5,,48.873211949999998,-123.383120399999996,,NA,NA,"114122210",obs_native,file:///D:/Simon/Sync/Root/GIS/Biodiversity%20Data/obs_native.csv?type=csv&maxFields=10000&detectTypes=yes&xField=longitude&yField=latitude&crs=EPSG:4326&spatialIndex=no&subsetIndex=no&watchFile=no
"2224",Chamaenerion angustifolium,Chamaenerion,angustifolium,,,,native,S5,,48.928795000000001,-123.469353299999995,,NA,NA,"121921085",obs_native,file:///D:/Simon/Sync/Root/GIS/Biodiversity%20Data/obs_native.csv?type=csv&maxFields=10000&detectTypes=yes&xField=longitude&yField=latitude&crs=EPSG:4326&spatialIndex=no&subsetIndex=no&watchFile=no
"2225",Chamaenerion angustifolium,Chamaenerion,angustifolium,,,,native,S5,,48.898420000000002,-123.402863300000007,,NA,NA,"135741028",obs_native,file:///D:/Simon/Sync/Root/GIS/Biodiversity%20Data/obs_native.csv?type=csv&maxFields=10000&detectTypes=yes&xField=longitude&yField=latitude&crs=EPSG:4326&spatialIndex=no&subsetIndex=no&watchFile=no
"2229",Cicuta douglasii,Cicuta,douglasii,,,,native,S5,,48.983659000000003,-123.556323000000006,,NA,NA,"3296098",obs_native,file:///D:/Simon/Sync/Root/GIS/Biodiversity%20Data/obs_native.csv?type=csv&maxFields=10000&detectTypes=yes&xField=longitude&yField=latitude&crs=EPSG:4326&spatialIndex=no&subsetIndex=no&watchFile=no
"2230",Cicuta douglasii,Cicuta,douglasii,,,,native,S5,,48.983659000000003,-123.556323000000006,,NA,NA,"3296424",obs_native,file:///D:/Simon/Sync/Root/GIS/Biodiversity%20Data/obs_native.csv?type=csv&maxFields=10000&detectTypes=yes&xField=longitude&yField=latitude&crs=EPSG:4326&spatialIndex=no&subsetIndex=no&watchFile=no
"2231",Cicuta douglasii,Cicuta,douglasii,,,,native,S5,,48.983319440000002,-123.555961100000005,,NA,NA,"3889086",obs_native,file:///D:/Simon/Sync/Root/GIS/Biodiversity%20Data/obs_native.csv?type=csv&maxFields=10000&detectTypes=yes&xField=longitude&yField=latitude&crs=EPSG:4326&spatialIndex=no&subsetIndex=no&watchFile=no
"2232",Cicuta douglasii,Cicuta,douglasii,,,,native,S5,,48.983393000000000,-123.556253999999996,,NA,NA,"3890782",obs_native,file:///D:/Simon/Sync/Root/GIS/Biodiversity%20Data/obs_native.csv?type=csv&maxFields=10000&detectTypes=yes&xField=longitude&yField=latitude&crs=EPSG:4326&spatialIndex=no&subsetIndex=no&watchFile=no
"2233",Cicuta douglasii,Cicuta,douglasii,,,,native,S5,,48.981663330000003,-123.557415000000006,,NA,NA,"24653218",obs_native,file:///D:/Simon/Sync/Root/GIS/Biodiversity%20Data/obs_native.csv?type=csv&maxFields=10000&detectTypes=yes&xField=longitude&yField=latitude&crs=EPSG:4326&spatialIndex=no&subsetIndex=no&watchFile=no
"2234",Cicuta douglasii,Cicuta,douglasii,,,,native,S5,,48.979733330000002,-123.557655600000004,,NA,NA,"56906393",obs_native,file:///D:/Simon/Sync/Root/GIS/Biodiversity%20Data/obs_native.csv?type=csv&maxFields=10000&detectTypes=yes&xField=longitude&yField=latitude&crs=EPSG:4326&spatialIndex=no&subsetIndex=no&watchFile=no
"2235",Cicuta douglasii,Cicuta,douglasii,,,,native,S5,,48.979206830000003,-123.557561300000003,,NA,NA,"89513288",obs_native,file:///D:/Simon/Sync/Root/GIS/Biodiversity%20Data/obs_native.csv?type=csv&maxFields=10000&detectTypes=yes&xField=longitude&yField=latitude&crs=EPSG:4326&spatialIndex=no&subsetIndex=no&watchFile=no
"2236",Cicuta douglasii,Cicuta,douglasii,,,,native,S5,,48.983375000000002,-123.555589999999995,,NA,NA,"121838591",obs_native,file:///D:/Simon/Sync/Root/GIS/Biodiversity%20Data/obs_native.csv?type=csv&maxFields=10000&detectTypes=yes&xField=longitude&yField=latitude&crs=EPSG:4326&spatialIndex=no&subsetIndex=no&watchFile=no
"2237",Circaea alpina,Circaea,alpina,,,,native,S5,,48.933439000000000,-123.479633000000007,,NA,NA,"2563611",obs_native,file:///D:/Simon/Sync/Root/GIS/Biodiversity%20Data/obs_native.csv?type=csv&maxFields=10000&detectTypes=yes&xField=longitude&yField=latitude&crs=EPSG:4326&spatialIndex=no&subsetIndex=no&watchFile=no
"2238",Circaea alpina,Circaea,alpina,,,,native,S5,,48.933270000000000,-123.479804999999999,,NA,NA,"2569342",obs_native,file:///D:/Simon/Sync/Root/GIS/Biodiversity%20Data/obs_native.csv?type=csv&maxFields=10000&detectTypes=yes&xField=longitude&yField=latitude&crs=EPSG:4326&spatialIndex=no&subsetIndex=no&watchFile=no
"2239",Circaea alpina,Circaea,alpina,,,,native,S5,,48.932085999999998,-123.480148000000000,,NA,NA,"2625718",obs_native,file:///D:/Simon/Sync/Root/GIS/Biodiversity%20Data/obs_native.csv?type=csv&maxFields=10000&detectTypes=yes&xField=longitude&yField=latitude&crs=EPSG:4326&spatialIndex=no&subsetIndex=no&watchFile=no
"2240",Circaea alpina,Circaea,alpina,,,,native,S5,,48.985449000000003,-123.559939000000000,,NA,NA,"3295949",obs_native,file:///D:/Simon/Sync/Root/GIS/Biodiversity%20Data/obs_native.csv?type=csv&maxFields=10000&detectTypes=yes&xField=longitude&yField=latitude&crs=EPSG:4326&spatialIndex=no&subsetIndex=no&watchFile=no
"2241",Circaea alpina,Circaea,alpina,,,,native,S5,,48.932492000000003,-123.483323999999996,,NA,NA,"3319870",obs_native,file:///D:/Simon/Sync/Root/GIS/Biodiversity%20Data/obs_native.csv?type=csv&maxFields=10000&detectTypes=yes&xField=longitude&yField=latitude&crs=EPSG:4326&spatialIndex=no&subsetIndex=no&watchFile=no
"2242",Circaea alpina,Circaea,alpina,,,,native,S5,,48.941467770000003,-123.475386999999998,,NA,NA,"3398003",obs_native,file:///D:/Simon/Sync/Root/GIS/Biodiversity%20Data/obs_native.csv?type=csv&maxFields=10000&detectTypes=yes&xField=longitude&yField=latitude&crs=EPSG:4326&spatialIndex=no&subsetIndex=no&watchFile=no
"2243",Circaea alpina,Circaea,alpina,,,,native,S5,,48.869185240000000,-123.346359699999994,,NA,NA,"3649996",obs_native,file:///D:/Simon/Sync/Root/GIS/Biodiversity%20Data/obs_native.csv?type=csv&maxFields=10000&detectTypes=yes&xField=longitude&yField=latitude&crs=EPSG:4326&spatialIndex=no&subsetIndex=no&watchFile=no
"2244",Circaea alpina,Circaea,alpina,,,,native,S5,,49.003481000000001,-123.575036999999995,,NA,NA,"3890882",obs_native,file:///D:/Simon/Sync/Root/GIS/Biodiversity%20Data/obs_native.csv?type=csv&maxFields=10000&detectTypes=yes&xField=longitude&yField=latitude&crs=EPSG:4326&spatialIndex=no&subsetIndex=no&watchFile=no
"2245",Circaea alpina,Circaea,alpina,,,,native,S5,,48.904378260000001,-123.359502599999999,,NA,NA,"5935138",obs_native,file:///D:/Simon/Sync/Root/GIS/Biodiversity%20Data/obs_native.csv?type=csv&maxFields=10000&detectTypes=yes&xField=longitude&yField=latitude&crs=EPSG:4326&spatialIndex=no&subsetIndex=no&watchFile=no
"2246",Circaea alpina,Circaea,alpina,,,,native,S5,,48.897616669999998,-123.344513300000003,,NA,NA,"13370594",obs_native,file:///D:/Simon/Sync/Root/GIS/Biodiversity%20Data/obs_native.csv?type=csv&maxFields=10000&detectTypes=yes&xField=longitude&yField=latitude&crs=EPSG:4326&spatialIndex=no&subsetIndex=no&watchFile=no
"2247",Circaea alpina,Circaea,alpina,,,,native,S5,,49.009784940000003,-123.576573300000007,,NA,NA,"24497667",obs_native,file:///D:/Simon/Sync/Root/GIS/Biodiversity%20Data/obs_native.csv?type=csv&maxFields=10000&detectTypes=yes&xField=longitude&yField=latitude&crs=EPSG:4326&spatialIndex=no&subsetIndex=no&watchFile=no
"2248",Circaea alpina,Circaea,alpina,,,,native,S5,,49.009577120000003,-123.577590499999999,,NA,NA,"24497727",obs_native,file:///D:/Simon/Sync/Root/GIS/Biodiversity%20Data/obs_native.csv?type=csv&maxFields=10000&detectTypes=yes&xField=longitude&yField=latitude&crs=EPSG:4326&spatialIndex=no&subsetIndex=no&watchFile=no
"2249",Circaea alpina,Circaea,alpina,,,,native,S5,,48.973080000000003,-123.561333300000001,,NA,NA,"42174784",obs_native,file:///D:/Simon/Sync/Root/GIS/Biodiversity%20Data/obs_native.csv?type=csv&maxFields=10000&detectTypes=yes&xField=longitude&yField=latitude&crs=EPSG:4326&spatialIndex=no&subsetIndex=no&watchFile=no
"2250",Circaea alpina,Circaea,alpina,,,,native,S5,,48.871050769999997,-123.346920699999998,,NA,NA,"42363882",obs_native,file:///D:/Simon/Sync/Root/GIS/Biodiversity%20Data/obs_native.csv?type=csv&maxFields=10000&detectTypes=yes&xField=longitude&yField=latitude&crs=EPSG:4326&spatialIndex=no&subsetIndex=no&watchFile=no
"2251",Circaea alpina,Circaea,alpina,,,,native,S5,,48.910580000000003,-123.414213300000000,,NA,NA,"44446909",obs_native,file:///D:/Simon/Sync/Root/GIS/Biodiversity%20Data/obs_native.csv?type=csv&maxFields=10000&detectTypes=yes&xField=longitude&yField=latitude&crs=EPSG:4326&spatialIndex=no&subsetIndex=no&watchFile=no
"2252",Circaea alpina,Circaea,alpina,,,,native,S5,,48.877766700000002,-123.323539699999998,,NA,NA,"48489326",obs_native,file:///D:/Simon/Sync/Root/GIS/Biodiversity%20Data/obs_native.csv?type=csv&maxFields=10000&detectTypes=yes&xField=longitude&yField=latitude&crs=EPSG:4326&spatialIndex=no&subsetIndex=no&watchFile=no
"2253",Circaea alpina,Circaea,alpina,,,,native,S5,,48.897653329999997,-123.344741700000000,,NA,NA,"48618818",obs_native,file:///D:/Simon/Sync/Root/GIS/Biodiversity%20Data/obs_native.csv?type=csv&maxFields=10000&detectTypes=yes&xField=longitude&yField=latitude&crs=EPSG:4326&spatialIndex=no&subsetIndex=no&watchFile=no
"2254",Circaea alpina,Circaea,alpina,,,,native,S5,,48.865198010000000,-123.352695199999999,,NA,NA,"83596926",obs_native,file:///D:/Simon/Sync/Root/GIS/Biodiversity%20Data/obs_native.csv?type=csv&maxFields=10000&detectTypes=yes&xField=longitude&yField=latitude&crs=EPSG:4326&spatialIndex=no&subsetIndex=no&watchFile=no
"2255",Circaea alpina,Circaea,alpina,,,,native,S5,,48.873966670000001,-123.316208300000000,,NA,NA,"94301110",obs_native,file:///D:/Simon/Sync/Root/GIS/Biodiversity%20Data/obs_native.csv?type=csv&maxFields=10000&detectTypes=yes&xField=longitude&yField=latitude&crs=EPSG:4326&spatialIndex=no&subsetIndex=no&watchFile=no
"2256",Circaea alpina,Circaea,alpina,,,,native,S5,,48.880471669999999,-123.380470000000003,,NA,NA,"118718754",obs_native,file:///D:/Simon/Sync/Root/GIS/Biodiversity%20Data/obs_native.csv?type=csv&maxFields=10000&detectTypes=yes&xField=longitude&yField=latitude&crs=EPSG:4326&spatialIndex=no&subsetIndex=no&watchFile=no
"2257",Circaea alpina,Circaea,alpina,,,,native,S5,,48.865108329999998,-123.352263300000004,,NA,NA,"121538571",obs_native,file:///D:/Simon/Sync/Root/GIS/Biodiversity%20Data/obs_native.csv?type=csv&maxFields=10000&detectTypes=yes&xField=longitude&yField=latitude&crs=EPSG:4326&spatialIndex=no&subsetIndex=no&watchFile=no
"2258",Circaea alpina,Circaea,alpina,,,,native,S5,,48.862843779999999,-123.351224599999995,,NA,NA,"122258259",obs_native,file:///D:/Simon/Sync/Root/GIS/Biodiversity%20Data/obs_native.csv?type=csv&maxFields=10000&detectTypes=yes&xField=longitude&yField=latitude&crs=EPSG:4326&spatialIndex=no&subsetIndex=no&watchFile=no
"2284",Cirsium brevistylum,Cirsium,brevistylum,,,,native,S5,,48.867424900000003,-123.371293499999993,,NA,NA,"6409663",obs_native,file:///D:/Simon/Sync/Root/GIS/Biodiversity%20Data/obs_native.csv?type=csv&maxFields=10000&detectTypes=yes&xField=longitude&yField=latitude&crs=EPSG:4326&spatialIndex=no&subsetIndex=no&watchFile=no
"2285",Cirsium brevistylum,Cirsium,brevistylum,,,,native,S5,,48.875116949999999,-123.378760799999995,,NA,NA,"7280615",obs_native,file:///D:/Simon/Sync/Root/GIS/Biodiversity%20Data/obs_native.csv?type=csv&maxFields=10000&detectTypes=yes&xField=longitude&yField=latitude&crs=EPSG:4326&spatialIndex=no&subsetIndex=no&watchFile=no
"2286",Cirsium brevistylum,Cirsium,brevistylum,,,,native,S5,,48.880899999999997,-123.333145000000002,,NA,NA,"12774570",obs_native,file:///D:/Simon/Sync/Root/GIS/Biodiversity%20Data/obs_native.csv?type=csv&maxFields=10000&detectTypes=yes&xField=longitude&yField=latitude&crs=EPSG:4326&spatialIndex=no&subsetIndex=no&watchFile=no
"2287",Cirsium brevistylum,Cirsium,brevistylum,,,,native,S5,,48.869926999999997,-123.335448999999997,,NA,NA,"12792570",obs_native,file:///D:/Simon/Sync/Root/GIS/Biodiversity%20Data/obs_native.csv?type=csv&maxFields=10000&detectTypes=yes&xField=longitude&yField=latitude&crs=EPSG:4326&spatialIndex=no&subsetIndex=no&watchFile=no
"2288",Cirsium brevistylum,Cirsium,brevistylum,,,,native,S5,,48.964847220000003,-123.516800000000003,,NA,NA,"24666589",obs_native,file:///D:/Simon/Sync/Root/GIS/Biodiversity%20Data/obs_native.csv?type=csv&maxFields=10000&detectTypes=yes&xField=longitude&yField=latitude&crs=EPSG:4326&spatialIndex=no&subsetIndex=no&watchFile=no
"2289",Cirsium brevistylum,Cirsium,brevistylum,,,,native,S5,,48.964694440000002,-123.516830600000006,,NA,NA,"24674094",obs_native,file:///D:/Simon/Sync/Root/GIS/Biodiversity%20Data/obs_native.csv?type=csv&maxFields=10000&detectTypes=yes&xField=longitude&yField=latitude&crs=EPSG:4326&spatialIndex=no&subsetIndex=no&watchFile=no
"2290",Cirsium brevistylum,Cirsium,brevistylum,,,,native,S5,,48.964572220000001,-123.516686100000001,,NA,NA,"24674152",obs_native,file:///D:/Simon/Sync/Root/GIS/Biodiversity%20Data/obs_native.csv?type=csv&maxFields=10000&detectTypes=yes&xField=longitude&yField=latitude&crs=EPSG:4326&spatialIndex=no&subsetIndex=no&watchFile=no
"2291",Cirsium brevistylum,Cirsium,brevistylum,,,,native,S5,,48.964979999999997,-123.516319999999993,,NA,NA,"24703215",obs_native,file:///D:/Simon/Sync/Root/GIS/Biodiversity%20Data/obs_native.csv?type=csv&maxFields=10000&detectTypes=yes&xField=longitude&yField=latitude&crs=EPSG:4326&spatialIndex=no&subsetIndex=no&watchFile=no
"2292",Cirsium brevistylum,Cirsium,brevistylum,,,,native,S5,,48.964905559999998,-123.516730600000002,,NA,NA,"25599934",obs_native,file:///D:/Simon/Sync/Root/GIS/Biodiversity%20Data/obs_native.csv?type=csv&maxFields=10000&detectTypes=yes&xField=longitude&yField=latitude&crs=EPSG:4326&spatialIndex=no&subsetIndex=no&watchFile=no
"2350",Claytonia parviflora,Claytonia,parviflora,,,,native,S5,,48.929350999999997,-123.475256000000002,,NA,NA,"2608626",obs_native,file:///D:/Simon/Sync/Root/GIS/Biodiversity%20Data/obs_native.csv?type=csv&maxFields=10000&detectTypes=yes&xField=longitude&yField=latitude&crs=EPSG:4326&spatialIndex=no&subsetIndex=no&watchFile=no
"2351",Claytonia parviflora,Claytonia,parviflora,,,,native,S5,,48.997560149999998,-123.567928600000002,,NA,NA,"6570521",obs_native,file:///D:/Simon/Sync/Root/GIS/Biodiversity%20Data/obs_native.csv?type=csv&maxFields=10000&detectTypes=yes&xField=longitude&yField=latitude&crs=EPSG:4326&spatialIndex=no&subsetIndex=no&watchFile=no
"2352",Claytonia parviflora,Claytonia,parviflora,,,,native,S5,,48.955764000000002,-123.530952999999997,,NA,NA,"110506618",obs_native,file:///D:/Simon/Sync/Root/GIS/Biodiversity%20Data/obs_native.csv?type=csv&maxFields=10000&detectTypes=yes&xField=longitude&yField=latitude&crs=EPSG:4326&spatialIndex=no&subsetIndex=no&watchFile=no
"2353",Claytonia parviflora,Claytonia,parviflora,,,,native,S5,,48.867694999999998,-123.339990000000000,,NA,NA,"110820815",obs_native,file:///D:/Simon/Sync/Root/GIS/Biodiversity%20Data/obs_native.csv?type=csv&maxFields=10000&detectTypes=yes&xField=longitude&yField=latitude&crs=EPSG:4326&spatialIndex=no&subsetIndex=no&watchFile=no
"2354",Claytonia perfoliata,Claytonia,perfoliata,,,,native,S5,,48.929887000000001,-123.475684999999999,,NA,NA,"2566224",obs_native,file:///D:/Simon/Sync/Root/GIS/Biodiversity%20Data/obs_native.csv?type=csv&maxFields=10000&detectTypes=yes&xField=longitude&yField=latitude&crs=EPSG:4326&spatialIndex=no&subsetIndex=no&watchFile=no
"2355",Claytonia perfoliata,Claytonia,perfoliata,,,,native,S5,,48.929830000000003,-123.475513000000007,,NA,NA,"2575127",obs_native,file:///D:/Simon/Sync/Root/GIS/Biodiversity%20Data/obs_native.csv?type=csv&maxFields=10000&detectTypes=yes&xField=longitude&yField=latitude&crs=EPSG:4326&spatialIndex=no&subsetIndex=no&watchFile=no
"2356",Claytonia perfoliata,Claytonia,perfoliata,,,,native,S5,,48.868043000000000,-123.342378999999994,,NA,NA,"2583372",obs_native,file:///D:/Simon/Sync/Root/GIS/Biodiversity%20Data/obs_native.csv?type=csv&maxFields=10000&detectTypes=yes&xField=longitude&yField=latitude&crs=EPSG:4326&spatialIndex=no&subsetIndex=no&watchFile=no
"2357",Claytonia perfoliata,Claytonia,perfoliata,,,,native,S5,,48.931240000000003,-123.481950999999995,,NA,NA,"2663647",obs_native,file:///D:/Simon/Sync/Root/GIS/Biodiversity%20Data/obs_native.csv?type=csv&maxFields=10000&detectTypes=yes&xField=longitude&yField=latitude&crs=EPSG:4326&spatialIndex=no&subsetIndex=no&watchFile=no
"2358",Claytonia perfoliata,Claytonia,perfoliata,,,,native,S5,,48.929718000000001,-123.476714999999999,,NA,NA,"2663652",obs_native,file:///D:/Simon/Sync/Root/GIS/Biodiversity%20Data/obs_native.csv?type=csv&maxFields=10000&detectTypes=yes&xField=longitude&yField=latitude&crs=EPSG:4326&spatialIndex=no&subsetIndex=no&watchFile=no
"2359",Claytonia perfoliata,Claytonia,perfoliata,,,,native,S5,,48.871738000000001,-123.311233999999999,,NA,NA,"2744659",obs_native,file:///D:/Simon/Sync/Root/GIS/Biodiversity%20Data/obs_native.csv?type=csv&maxFields=10000&detectTypes=yes&xField=longitude&yField=latitude&crs=EPSG:4326&spatialIndex=no&subsetIndex=no&watchFile=no
"2360",Claytonia perfoliata,Claytonia,perfoliata,,,,native,S5,,48.871963999999998,-123.311062000000007,,NA,NA,"2744830",obs_native,file:///D:/Simon/Sync/Root/GIS/Biodiversity%20Data/obs_native.csv?type=csv&maxFields=10000&detectTypes=yes&xField=longitude&yField=latitude&crs=EPSG:4326&spatialIndex=no&subsetIndex=no&watchFile=no
"2361",Claytonia perfoliata,Claytonia,perfoliata,,,,native,S5,,48.880837999999997,-123.327026000000004,,NA,NA,"2805239",obs_native,file:///D:/Simon/Sync/Root/GIS/Biodiversity%20Data/obs_native.csv?type=csv&maxFields=10000&detectTypes=yes&xField=longitude&yField=latitude&crs=EPSG:4326&spatialIndex=no&subsetIndex=no&watchFile=no
"2362",Claytonia perfoliata,Claytonia,perfoliata,,,,native,S5,,48.895916669999998,-123.337013900000002,,NA,NA,"2817806",obs_native,file:///D:/Simon/Sync/Root/GIS/Biodiversity%20Data/obs_native.csv?type=csv&maxFields=10000&detectTypes=yes&xField=longitude&yField=latitude&crs=EPSG:4326&spatialIndex=no&subsetIndex=no&watchFile=no
"2363",Claytonia perfoliata,Claytonia,perfoliata,,,,native,S5,,48.963324999999998,-123.550197999999995,,NA,NA,"2823127",obs_native,file:///D:/Simon/Sync/Root/GIS/Biodiversity%20Data/obs_native.csv?type=csv&maxFields=10000&detectTypes=yes&xField=longitude&yField=latitude&crs=EPSG:4326&spatialIndex=no&subsetIndex=no&watchFile=no
"2364",Claytonia perfoliata,Claytonia,perfoliata,,,,native,S5,,48.863275000000002,-123.315611000000004,,NA,NA,"2953689",obs_native,file:///D:/Simon/Sync/Root/GIS/Biodiversity%20Data/obs_native.csv?type=csv&maxFields=10000&detectTypes=yes&xField=longitude&yField=latitude&crs=EPSG:4326&spatialIndex=no&subsetIndex=no&watchFile=no
"2365",Claytonia perfoliata,Claytonia,perfoliata,,,,native,S5,,48.863275000000002,-123.315666699999994,,NA,NA,"2954312",obs_native,file:///D:/Simon/Sync/Root/GIS/Biodiversity%20Data/obs_native.csv?type=csv&maxFields=10000&detectTypes=yes&xField=longitude&yField=latitude&crs=EPSG:4326&spatialIndex=no&subsetIndex=no&watchFile=no
"2366",Claytonia perfoliata,Claytonia,perfoliata,,,,native,S5,,48.866764000000003,-123.336060000000003,,NA,NA,"3027457",obs_native,file:///D:/Simon/Sync/Root/GIS/Biodiversity%20Data/obs_native.csv?type=csv&maxFields=10000&detectTypes=yes&xField=longitude&yField=latitude&crs=EPSG:4326&spatialIndex=no&subsetIndex=no&watchFile=no
"2367",Claytonia perfoliata,Claytonia,perfoliata,,,,native,S5,,48.866656999999996,-123.335227000000003,,NA,NA,"5094999",obs_native,file:///D:/Simon/Sync/Root/GIS/Biodiversity%20Data/obs_native.csv?type=csv&maxFields=10000&detectTypes=yes&xField=longitude&yField=latitude&crs=EPSG:4326&spatialIndex=no&subsetIndex=no&watchFile=no
"2368",Claytonia perfoliata,Claytonia,perfoliata,,,,native,S5,,48.867199059999997,-123.337969799999996,,NA,NA,"5655033",obs_native,file:///D:/Simon/Sync/Root/GIS/Biodiversity%20Data/obs_native.csv?type=csv&maxFields=10000&detectTypes=yes&xField=longitude&yField=latitude&crs=EPSG:4326&spatialIndex=no&subsetIndex=no&watchFile=no
"2369",Claytonia perfoliata,Claytonia,perfoliata,,,,native,S5,,48.867911669999998,-123.386894999999996,,NA,NA,"5704468",obs_native,file:///D:/Simon/Sync/Root/GIS/Biodiversity%20Data/obs_native.csv?type=csv&maxFields=10000&detectTypes=yes&xField=longitude&yField=latitude&crs=EPSG:4326&spatialIndex=no&subsetIndex=no&watchFile=no
"2370",Claytonia perfoliata,Claytonia,perfoliata,,,,native,S5,,48.868594999999999,-123.385583299999993,,NA,NA,"5706732",obs_native,file:///D:/Simon/Sync/Root/GIS/Biodiversity%20Data/obs_native.csv?type=csv&maxFields=10000&detectTypes=yes&xField=longitude&yField=latitude&crs=EPSG:4326&spatialIndex=no&subsetIndex=no&watchFile=no
"2371",Claytonia perfoliata,Claytonia,perfoliata,,,,native,S5,,48.867940089999998,-123.387027399999994,,NA,NA,"5715313",obs_native,file:///D:/Simon/Sync/Root/GIS/Biodiversity%20Data/obs_native.csv?type=csv&maxFields=10000&detectTypes=yes&xField=longitude&yField=latitude&crs=EPSG:4326&spatialIndex=no&subsetIndex=no&watchFile=no
"2372",Claytonia perfoliata,Claytonia,perfoliata,,,,native,S5,,48.906042560000003,-123.358268699999996,,NA,NA,"5886274",obs_native,file:///D:/Simon/Sync/Root/GIS/Biodiversity%20Data/obs_native.csv?type=csv&maxFields=10000&detectTypes=yes&xField=longitude&yField=latitude&crs=EPSG:4326&spatialIndex=no&subsetIndex=no&watchFile=no
"2373",Claytonia perfoliata,Claytonia,perfoliata,,,,native,S5,,48.904561620000003,-123.413457899999997,,NA,NA,"6047526",obs_native,file:///D:/Simon/Sync/Root/GIS/Biodiversity%20Data/obs_native.csv?type=csv&maxFields=10000&detectTypes=yes&xField=longitude&yField=latitude&crs=EPSG:4326&spatialIndex=no&subsetIndex=no&watchFile=no
"2374",Claytonia perfoliata,Claytonia,perfoliata,,,,native,S5,,48.867077780000002,-123.336905599999994,,NA,NA,"6160825",obs_native,file:///D:/Simon/Sync/Root/GIS/Biodiversity%20Data/obs_native.csv?type=csv&maxFields=10000&detectTypes=yes&xField=longitude&yField=latitude&crs=EPSG:4326&spatialIndex=no&subsetIndex=no&watchFile=no
"2375",Claytonia perfoliata,Claytonia,perfoliata,,,,native,S5,,48.940176770000001,-123.502721800000003,,NA,NA,"6299017",obs_native,file:///D:/Simon/Sync/Root/GIS/Biodiversity%20Data/obs_native.csv?type=csv&maxFields=10000&detectTypes=yes&xField=longitude&yField=latitude&crs=EPSG:4326&spatialIndex=no&subsetIndex=no&watchFile=no
"2376",Claytonia perfoliata,Claytonia,perfoliata,,,,native,S5,,48.979820779999997,-123.537590499999993,,NA,NA,"6411954",obs_native,file:///D:/Simon/Sync/Root/GIS/Biodiversity%20Data/obs_native.csv?type=csv&maxFields=10000&detectTypes=yes&xField=longitude&yField=latitude&crs=EPSG:4326&spatialIndex=no&subsetIndex=no&watchFile=no
"2377",Claytonia perfoliata,Claytonia,perfoliata,,,,native,S5,,48.900696850000003,-123.336124400000003,,NA,NA,"6425157",obs_native,file:///D:/Simon/Sync/Root/GIS/Biodiversity%20Data/obs_native.csv?type=csv&maxFields=10000&detectTypes=yes&xField=longitude&yField=latitude&crs=EPSG:4326&spatialIndex=no&subsetIndex=no&watchFile=no
"2378",Claytonia perfoliata,Claytonia,perfoliata,,,,native,S5,,48.900696850000003,-123.336124400000003,,NA,NA,"6425242",obs_native,file:///D:/Simon/Sync/Root/GIS/Biodiversity%20Data/obs_native.csv?type=csv&maxFields=10000&detectTypes=yes&xField=longitude&yField=latitude&crs=EPSG:4326&spatialIndex=no&subsetIndex=no&watchFile=no
"2379",Claytonia perfoliata,Claytonia,perfoliata,,,,native,S5,,48.872247219999998,-123.311797200000001,,NA,NA,"10712837",obs_native,file:///D:/Simon/Sync/Root/GIS/Biodiversity%20Data/obs_native.csv?type=csv&maxFields=10000&detectTypes=yes&xField=longitude&yField=latitude&crs=EPSG:4326&spatialIndex=no&subsetIndex=no&watchFile=no
"2380",Claytonia perfoliata,Claytonia,perfoliata,,,,native,S5,,48.977782759999997,-123.559600099999997,,NA,NA,"10825425",obs_native,file:///D:/Simon/Sync/Root/GIS/Biodiversity%20Data/obs_native.csv?type=csv&maxFields=10000&detectTypes=yes&xField=longitude&yField=latitude&crs=EPSG:4326&spatialIndex=no&subsetIndex=no&watchFile=no
"2381",Claytonia perfoliata,Claytonia,perfoliata,,,,native,S5,,48.867058000000000,-123.334428000000003,,NA,NA,"12817046",obs_native,file:///D:/Simon/Sync/Root/GIS/Biodiversity%20Data/obs_native.csv?type=csv&maxFields=10000&detectTypes=yes&xField=longitude&yField=latitude&crs=EPSG:4326&spatialIndex=no&subsetIndex=no&watchFile=no
"2382",Claytonia perfoliata,Claytonia,perfoliata,,,,native,S5,,48.866025999999998,-123.333974999999995,,NA,NA,"12817513",obs_native,file:///D:/Simon/Sync/Root/GIS/Biodiversity%20Data/obs_native.csv?type=csv&maxFields=10000&detectTypes=yes&xField=longitude&yField=latitude&crs=EPSG:4326&spatialIndex=no&subsetIndex=no&watchFile=no
"2383",Claytonia perfoliata,Claytonia,perfoliata,,,,native,S5,,48.867407739999997,-123.338571299999998,,NA,NA,"16307957",obs_native,file:///D:/Simon/Sync/Root/GIS/Biodiversity%20Data/obs_native.csv?type=csv&maxFields=10000&detectTypes=yes&xField=longitude&yField=latitude&crs=EPSG:4326&spatialIndex=no&subsetIndex=no&watchFile=no
"2384",Claytonia perfoliata,Claytonia,perfoliata,,,,native,S5,,48.866956060000000,-123.341274999999996,,NA,NA,"16310363",obs_native,file:///D:/Simon/Sync/Root/GIS/Biodiversity%20Data/obs_native.csv?type=csv&maxFields=10000&detectTypes=yes&xField=longitude&yField=latitude&crs=EPSG:4326&spatialIndex=no&subsetIndex=no&watchFile=no
"2385",Claytonia perfoliata,Claytonia,perfoliata,,,,native,S5,,48.868475629999999,-123.378375500000004,,NA,NA,"17693196",obs_native,file:///D:/Simon/Sync/Root/GIS/Biodiversity%20Data/obs_native.csv?type=csv&maxFields=10000&detectTypes=yes&xField=longitude&yField=latitude&crs=EPSG:4326&spatialIndex=no&subsetIndex=no&watchFile=no
"2386",Claytonia perfoliata,Claytonia,perfoliata,,,,native,S5,,48.868825000000001,-123.354613299999997,,NA,NA,"19885991",obs_native,file:///D:/Simon/Sync/Root/GIS/Biodiversity%20Data/obs_native.csv?type=csv&maxFields=10000&detectTypes=yes&xField=longitude&yField=latitude&crs=EPSG:4326&spatialIndex=no&subsetIndex=no&watchFile=no
"2387",Claytonia perfoliata,Claytonia,perfoliata,,,,native,S5,,48.867131000000001,-123.336972000000003,,NA,NA,"21996446",obs_native,file:///D:/Simon/Sync/Root/GIS/Biodiversity%20Data/obs_native.csv?type=csv&maxFields=10000&detectTypes=yes&xField=longitude&yField=latitude&crs=EPSG:4326&spatialIndex=no&subsetIndex=no&watchFile=no
"2388",Claytonia perfoliata,Claytonia,perfoliata,,,,native,S5,,48.868079999999999,-123.340710999999999,,NA,NA,"22632711",obs_native,file:///D:/Simon/Sync/Root/GIS/Biodiversity%20Data/obs_native.csv?type=csv&maxFields=10000&detectTypes=yes&xField=longitude&yField=latitude&crs=EPSG:4326&spatialIndex=no&subsetIndex=no&watchFile=no
"2389",Claytonia perfoliata,Claytonia,perfoliata,,,,native,S5,,48.868531670000003,-123.347341700000001,,NA,NA,"23846059",obs_native,file:///D:/Simon/Sync/Root/GIS/Biodiversity%20Data/obs_native.csv?type=csv&maxFields=10000&detectTypes=yes&xField=longitude&yField=latitude&crs=EPSG:4326&spatialIndex=no&subsetIndex=no&watchFile=no
"2390",Claytonia perfoliata,Claytonia,perfoliata,,,,native,S5,,48.864995000000000,-123.352296699999997,,NA,NA,"23860699",obs_native,file:///D:/Simon/Sync/Root/GIS/Biodiversity%20Data/obs_native.csv?type=csv&maxFields=10000&detectTypes=yes&xField=longitude&yField=latitude&crs=EPSG:4326&spatialIndex=no&subsetIndex=no&watchFile=no
"2391",Claytonia perfoliata,Claytonia,perfoliata,,,,native,S5,,49.009784940000003,-123.576573300000007,,NA,NA,"24497668",obs_native,file:///D:/Simon/Sync/Root/GIS/Biodiversity%20Data/obs_native.csv?type=csv&maxFields=10000&detectTypes=yes&xField=longitude&yField=latitude&crs=EPSG:4326&spatialIndex=no&subsetIndex=no&watchFile=no
"2392",Claytonia perfoliata,Claytonia,perfoliata,,,,native,S5,,49.012151670000002,-123.575571699999998,,NA,NA,"24497732",obs_native,file:///D:/Simon/Sync/Root/GIS/Biodiversity%20Data/obs_native.csv?type=csv&maxFields=10000&detectTypes=yes&xField=longitude&yField=latitude&crs=EPSG:4326&spatialIndex=no&subsetIndex=no&watchFile=no
"2393",Claytonia perfoliata,Claytonia,perfoliata,,,,native,S5,,48.962477780000000,-123.517844400000001,,NA,NA,"24663836",obs_native,file:///D:/Simon/Sync/Root/GIS/Biodiversity%20Data/obs_native.csv?type=csv&maxFields=10000&detectTypes=yes&xField=longitude&yField=latitude&crs=EPSG:4326&spatialIndex=no&subsetIndex=no&watchFile=no
"2394",Claytonia perfoliata,Claytonia,perfoliata,,,,native,S5,,48.962477780000000,-123.517844400000001,,NA,NA,"24663838",obs_native,file:///D:/Simon/Sync/Root/GIS/Biodiversity%20Data/obs_native.csv?type=csv&maxFields=10000&detectTypes=yes&xField=longitude&yField=latitude&crs=EPSG:4326&spatialIndex=no&subsetIndex=no&watchFile=no
"2395",Claytonia perfoliata,Claytonia,perfoliata,,,,native,S5,,48.962955559999997,-123.517127799999997,,NA,NA,"24663912",obs_native,file:///D:/Simon/Sync/Root/GIS/Biodiversity%20Data/obs_native.csv?type=csv&maxFields=10000&detectTypes=yes&xField=longitude&yField=latitude&crs=EPSG:4326&spatialIndex=no&subsetIndex=no&watchFile=no
"2396",Claytonia perfoliata,Claytonia,perfoliata,,,,native,S5,,48.963797219999996,-123.515725000000003,,NA,NA,"24665093",obs_native,file:///D:/Simon/Sync/Root/GIS/Biodiversity%20Data/obs_native.csv?type=csv&maxFields=10000&detectTypes=yes&xField=longitude&yField=latitude&crs=EPSG:4326&spatialIndex=no&subsetIndex=no&watchFile=no
"2397",Claytonia perfoliata,Claytonia,perfoliata,,,,native,S5,,48.964663999999999,-123.518135000000001,,NA,NA,"24665227",obs_native,file:///D:/Simon/Sync/Root/GIS/Biodiversity%20Data/obs_native.csv?type=csv&maxFields=10000&detectTypes=yes&xField=longitude&yField=latitude&crs=EPSG:4326&spatialIndex=no&subsetIndex=no&watchFile=no
"2398",Claytonia perfoliata,Claytonia,perfoliata,,,,native,S5,,48.963797219999996,-123.515725000000003,,NA,NA,"24665238",obs_native,file:///D:/Simon/Sync/Root/GIS/Biodiversity%20Data/obs_native.csv?type=csv&maxFields=10000&detectTypes=yes&xField=longitude&yField=latitude&crs=EPSG:4326&spatialIndex=no&subsetIndex=no&watchFile=no
"2399",Claytonia perfoliata,Claytonia,perfoliata,,,,native,S5,,48.962944440000001,-123.517005600000005,,NA,NA,"24665251",obs_native,file:///D:/Simon/Sync/Root/GIS/Biodiversity%20Data/obs_native.csv?type=csv&maxFields=10000&detectTypes=yes&xField=longitude&yField=latitude&crs=EPSG:4326&spatialIndex=no&subsetIndex=no&watchFile=no
"2400",Claytonia perfoliata,Claytonia,perfoliata,,,,native,S5,,48.963108329999997,-123.515769399999996,,NA,NA,"24665274",obs_native,file:///D:/Simon/Sync/Root/GIS/Biodiversity%20Data/obs_native.csv?type=csv&maxFields=10000&detectTypes=yes&xField=longitude&yField=latitude&crs=EPSG:4326&spatialIndex=no&subsetIndex=no&watchFile=no
"2401",Claytonia perfoliata,Claytonia,perfoliata,,,,native,S5,,48.872527779999999,-123.312727800000005,,NA,NA,"24672668",obs_native,file:///D:/Simon/Sync/Root/GIS/Biodiversity%20Data/obs_native.csv?type=csv&maxFields=10000&detectTypes=yes&xField=longitude&yField=latitude&crs=EPSG:4326&spatialIndex=no&subsetIndex=no&watchFile=no
"2402",Claytonia perfoliata,Claytonia,perfoliata,,,,native,S5,,48.899994440000000,-123.406783300000001,,NA,NA,"24672672",obs_native,file:///D:/Simon/Sync/Root/GIS/Biodiversity%20Data/obs_native.csv?type=csv&maxFields=10000&detectTypes=yes&xField=longitude&yField=latitude&crs=EPSG:4326&spatialIndex=no&subsetIndex=no&watchFile=no
"2403",Claytonia perfoliata,Claytonia,perfoliata,,,,native,S5,,48.963872219999999,-123.518111099999999,,NA,NA,"24673943",obs_native,file:///D:/Simon/Sync/Root/GIS/Biodiversity%20Data/obs_native.csv?type=csv&maxFields=10000&detectTypes=yes&xField=longitude&yField=latitude&crs=EPSG:4326&spatialIndex=no&subsetIndex=no&watchFile=no
"2404",Claytonia perfoliata,Claytonia,perfoliata,,,,native,S5,,48.964355560000001,-123.517066700000001,,NA,NA,"24673951",obs_native,file:///D:/Simon/Sync/Root/GIS/Biodiversity%20Data/obs_native.csv?type=csv&maxFields=10000&detectTypes=yes&xField=longitude&yField=latitude&crs=EPSG:4326&spatialIndex=no&subsetIndex=no&watchFile=no
"2405",Claytonia perfoliata,Claytonia,perfoliata,,,,native,S5,,48.964355560000001,-123.517066700000001,,NA,NA,"24674162",obs_native,file:///D:/Simon/Sync/Root/GIS/Biodiversity%20Data/obs_native.csv?type=csv&maxFields=10000&detectTypes=yes&xField=longitude&yField=latitude&crs=EPSG:4326&spatialIndex=no&subsetIndex=no&watchFile=no
"2406",Claytonia perfoliata,Claytonia,perfoliata,,,,native,S5,,48.901405560000001,-123.405669399999994,,NA,NA,"24683903",obs_native,file:///D:/Simon/Sync/Root/GIS/Biodiversity%20Data/obs_native.csv?type=csv&maxFields=10000&detectTypes=yes&xField=longitude&yField=latitude&crs=EPSG:4326&spatialIndex=no&subsetIndex=no&watchFile=no
"2407",Claytonia perfoliata,Claytonia,perfoliata,,,,native,S5,,48.901797219999999,-123.405699999999996,,NA,NA,"24683923",obs_native,file:///D:/Simon/Sync/Root/GIS/Biodiversity%20Data/obs_native.csv?type=csv&maxFields=10000&detectTypes=yes&xField=longitude&yField=latitude&crs=EPSG:4326&spatialIndex=no&subsetIndex=no&watchFile=no
"2408",Claytonia perfoliata,Claytonia,perfoliata,,,,native,S5,,48.962411109999998,-123.517927799999995,,NA,NA,"24684030",obs_native,file:///D:/Simon/Sync/Root/GIS/Biodiversity%20Data/obs_native.csv?type=csv&maxFields=10000&detectTypes=yes&xField=longitude&yField=latitude&crs=EPSG:4326&spatialIndex=no&subsetIndex=no&watchFile=no
"2409",Claytonia perfoliata,Claytonia,perfoliata,,,,native,S5,,48.962422220000001,-123.517838900000001,,NA,NA,"24684040",obs_native,file:///D:/Simon/Sync/Root/GIS/Biodiversity%20Data/obs_native.csv?type=csv&maxFields=10000&detectTypes=yes&xField=longitude&yField=latitude&crs=EPSG:4326&spatialIndex=no&subsetIndex=no&watchFile=no
"2410",Claytonia perfoliata,Claytonia,perfoliata,,,,native,S5,,48.868283329999997,-123.376611100000005,,NA,NA,"24688054",obs_native,file:///D:/Simon/Sync/Root/GIS/Biodiversity%20Data/obs_native.csv?type=csv&maxFields=10000&detectTypes=yes&xField=longitude&yField=latitude&crs=EPSG:4326&spatialIndex=no&subsetIndex=no&watchFile=no
"2411",Claytonia perfoliata,Claytonia,perfoliata,,,,native,S5,,48.871782439999997,-123.310586599999993,,NA,NA,"24689149",obs_native,file:///D:/Simon/Sync/Root/GIS/Biodiversity%20Data/obs_native.csv?type=csv&maxFields=10000&detectTypes=yes&xField=longitude&yField=latitude&crs=EPSG:4326&spatialIndex=no&subsetIndex=no&watchFile=no
"2412",Claytonia perfoliata,Claytonia,perfoliata,,,,native,S5,,48.969155559999997,-123.508522200000002,,NA,NA,"24690167",obs_native,file:///D:/Simon/Sync/Root/GIS/Biodiversity%20Data/obs_native.csv?type=csv&maxFields=10000&detectTypes=yes&xField=longitude&yField=latitude&crs=EPSG:4326&spatialIndex=no&subsetIndex=no&watchFile=no
"2413",Claytonia perfoliata,Claytonia,perfoliata,,,,native,S5,,48.964541670000003,-123.517250000000004,,NA,NA,"24694109",obs_native,file:///D:/Simon/Sync/Root/GIS/Biodiversity%20Data/obs_native.csv?type=csv&maxFields=10000&detectTypes=yes&xField=longitude&yField=latitude&crs=EPSG:4326&spatialIndex=no&subsetIndex=no&watchFile=no
"2414",Claytonia perfoliata,Claytonia,perfoliata,,,,native,S5,,48.872202780000002,-123.311097200000006,,NA,NA,"24697535",obs_native,file:///D:/Simon/Sync/Root/GIS/Biodiversity%20Data/obs_native.csv?type=csv&maxFields=10000&detectTypes=yes&xField=longitude&yField=latitude&crs=EPSG:4326&spatialIndex=no&subsetIndex=no&watchFile=no
"2415",Claytonia perfoliata,Claytonia,perfoliata,,,,native,S5,,48.872186110000001,-123.311088900000001,,NA,NA,"24697539",obs_native,file:///D:/Simon/Sync/Root/GIS/Biodiversity%20Data/obs_native.csv?type=csv&maxFields=10000&detectTypes=yes&xField=longitude&yField=latitude&crs=EPSG:4326&spatialIndex=no&subsetIndex=no&watchFile=no
"2416",Claytonia perfoliata,Claytonia,perfoliata,,,,native,S5,,48.872166669999999,-123.311111100000005,,NA,NA,"24697544",obs_native,file:///D:/Simon/Sync/Root/GIS/Biodiversity%20Data/obs_native.csv?type=csv&maxFields=10000&detectTypes=yes&xField=longitude&yField=latitude&crs=EPSG:4326&spatialIndex=no&subsetIndex=no&watchFile=no
"2417",Claytonia perfoliata,Claytonia,perfoliata,,,,native,S5,,48.872494439999997,-123.310888899999995,,NA,NA,"24697603",obs_native,file:///D:/Simon/Sync/Root/GIS/Biodiversity%20Data/obs_native.csv?type=csv&maxFields=10000&detectTypes=yes&xField=longitude&yField=latitude&crs=EPSG:4326&spatialIndex=no&subsetIndex=no&watchFile=no
"2418",Claytonia perfoliata,Claytonia,perfoliata,,,,native,S5,,48.872108330000003,-123.311036099999995,,NA,NA,"24697630",obs_native,file:///D:/Simon/Sync/Root/GIS/Biodiversity%20Data/obs_native.csv?type=csv&maxFields=10000&detectTypes=yes&xField=longitude&yField=latitude&crs=EPSG:4326&spatialIndex=no&subsetIndex=no&watchFile=no
"2419",Claytonia perfoliata,Claytonia,perfoliata,,,,native,S5,,48.871800000000000,-123.310722200000001,,NA,NA,"24697658",obs_native,file:///D:/Simon/Sync/Root/GIS/Biodiversity%20Data/obs_native.csv?type=csv&maxFields=10000&detectTypes=yes&xField=longitude&yField=latitude&crs=EPSG:4326&spatialIndex=no&subsetIndex=no&watchFile=no
"2420",Claytonia perfoliata,Claytonia,perfoliata,,,,native,S5,,48.871563889999997,-123.310805599999995,,NA,NA,"24697704",obs_native,file:///D:/Simon/Sync/Root/GIS/Biodiversity%20Data/obs_native.csv?type=csv&maxFields=10000&detectTypes=yes&xField=longitude&yField=latitude&crs=EPSG:4326&spatialIndex=no&subsetIndex=no&watchFile=no
"2421",Claytonia perfoliata,Claytonia,perfoliata,,,,native,S5,,48.964475000000000,-123.517179999999996,,NA,NA,"24697860",obs_native,file:///D:/Simon/Sync/Root/GIS/Biodiversity%20Data/obs_native.csv?type=csv&maxFields=10000&detectTypes=yes&xField=longitude&yField=latitude&crs=EPSG:4326&spatialIndex=no&subsetIndex=no&watchFile=no
"2422",Claytonia perfoliata,Claytonia,perfoliata,,,,native,S5,,48.894102779999997,-123.403977800000007,,NA,NA,"24701289",obs_native,file:///D:/Simon/Sync/Root/GIS/Biodiversity%20Data/obs_native.csv?type=csv&maxFields=10000&detectTypes=yes&xField=longitude&yField=latitude&crs=EPSG:4326&spatialIndex=no&subsetIndex=no&watchFile=no
"2423",Claytonia perfoliata,Claytonia,perfoliata,,,,native,S5,,48.872547220000001,-123.312622200000007,,NA,NA,"24701368",obs_native,file:///D:/Simon/Sync/Root/GIS/Biodiversity%20Data/obs_native.csv?type=csv&maxFields=10000&detectTypes=yes&xField=longitude&yField=latitude&crs=EPSG:4326&spatialIndex=no&subsetIndex=no&watchFile=no
"2424",Claytonia perfoliata,Claytonia,perfoliata,,,,native,S5,,48.872149999999998,-123.312727800000005,,NA,NA,"24701422",obs_native,file:///D:/Simon/Sync/Root/GIS/Biodiversity%20Data/obs_native.csv?type=csv&maxFields=10000&detectTypes=yes&xField=longitude&yField=latitude&crs=EPSG:4326&spatialIndex=no&subsetIndex=no&watchFile=no
"2425",Claytonia perfoliata,Claytonia,perfoliata,,,,native,S5,,48.872257040000001,-123.311862800000000,,NA,NA,"24707732",obs_native,file:///D:/Simon/Sync/Root/GIS/Biodiversity%20Data/obs_native.csv?type=csv&maxFields=10000&detectTypes=yes&xField=longitude&yField=latitude&crs=EPSG:4326&spatialIndex=no&subsetIndex=no&watchFile=no
"2426",Claytonia perfoliata,Claytonia,perfoliata,,,,native,S5,,48.901501670000002,-123.405803899999995,,NA,NA,"24708823",obs_native,file:///D:/Simon/Sync/Root/GIS/Biodiversity%20Data/obs_native.csv?type=csv&maxFields=10000&detectTypes=yes&xField=longitude&yField=latitude&crs=EPSG:4326&spatialIndex=no&subsetIndex=no&watchFile=no
"2427",Claytonia perfoliata,Claytonia,perfoliata,,,,native,S5,,48.900478790000001,-123.405139500000004,,NA,NA,"24709252",obs_native,file:///D:/Simon/Sync/Root/GIS/Biodiversity%20Data/obs_native.csv?type=csv&maxFields=10000&detectTypes=yes&xField=longitude&yField=latitude&crs=EPSG:4326&spatialIndex=no&subsetIndex=no&watchFile=no
"2428",Claytonia perfoliata,Claytonia,perfoliata,,,,native,S5,,48.963436100000003,-123.515889599999994,,NA,NA,"24709960",obs_native,file:///D:/Simon/Sync/Root/GIS/Biodiversity%20Data/obs_native.csv?type=csv&maxFields=10000&detectTypes=yes&xField=longitude&yField=latitude&crs=EPSG:4326&spatialIndex=no&subsetIndex=no&watchFile=no
"2429",Claytonia perfoliata,Claytonia,perfoliata,,,,native,S5,,48.872158329999998,-123.311920000000001,,NA,NA,"24710645",obs_native,file:///D:/Simon/Sync/Root/GIS/Biodiversity%20Data/obs_native.csv?type=csv&maxFields=10000&detectTypes=yes&xField=longitude&yField=latitude&crs=EPSG:4326&spatialIndex=no&subsetIndex=no&watchFile=no
"2430",Claytonia perfoliata,Claytonia,perfoliata,,,,native,S5,,48.872235590000003,-123.311853200000002,,NA,NA,"24711482",obs_native,file:///D:/Simon/Sync/Root/GIS/Biodiversity%20Data/obs_native.csv?type=csv&maxFields=10000&detectTypes=yes&xField=longitude&yField=latitude&crs=EPSG:4326&spatialIndex=no&subsetIndex=no&watchFile=no
"2431",Claytonia perfoliata,Claytonia,perfoliata,,,,native,S5,,48.901527530000003,-123.406302900000000,,NA,NA,"24715259",obs_native,file:///D:/Simon/Sync/Root/GIS/Biodiversity%20Data/obs_native.csv?type=csv&maxFields=10000&detectTypes=yes&xField=longitude&yField=latitude&crs=EPSG:4326&spatialIndex=no&subsetIndex=no&watchFile=no
"2432",Claytonia perfoliata,Claytonia,perfoliata,,,,native,S5,,48.901383320000001,-123.405174500000001,,NA,NA,"24715875",obs_native,file:///D:/Simon/Sync/Root/GIS/Biodiversity%20Data/obs_native.csv?type=csv&maxFields=10000&detectTypes=yes&xField=longitude&yField=latitude&crs=EPSG:4326&spatialIndex=no&subsetIndex=no&watchFile=no
"2433",Claytonia perfoliata,Claytonia,perfoliata,,,,native,S5,,49.013491549999998,-123.573181300000002,,NA,NA,"24748338",obs_native,file:///D:/Simon/Sync/Root/GIS/Biodiversity%20Data/obs_native.csv?type=csv&maxFields=10000&detectTypes=yes&xField=longitude&yField=latitude&crs=EPSG:4326&spatialIndex=no&subsetIndex=no&watchFile=no
"2434",Claytonia perfoliata,Claytonia,perfoliata,,,,native,S5,,48.859536669999997,-123.353233299999999,,NA,NA,"24768172",obs_native,file:///D:/Simon/Sync/Root/GIS/Biodiversity%20Data/obs_native.csv?type=csv&maxFields=10000&detectTypes=yes&xField=longitude&yField=latitude&crs=EPSG:4326&spatialIndex=no&subsetIndex=no&watchFile=no
"2435",Claytonia perfoliata,Claytonia,perfoliata,,,,native,S5,,48.872097220000001,-123.312363899999994,,NA,NA,"24806483",obs_native,file:///D:/Simon/Sync/Root/GIS/Biodiversity%20Data/obs_native.csv?type=csv&maxFields=10000&detectTypes=yes&xField=longitude&yField=latitude&crs=EPSG:4326&spatialIndex=no&subsetIndex=no&watchFile=no
"2436",Claytonia perfoliata,Claytonia,perfoliata,,,,native,S5,,48.872038889999999,-123.312455600000007,,NA,NA,"24806494",obs_native,file:///D:/Simon/Sync/Root/GIS/Biodiversity%20Data/obs_native.csv?type=csv&maxFields=10000&detectTypes=yes&xField=longitude&yField=latitude&crs=EPSG:4326&spatialIndex=no&subsetIndex=no&watchFile=no
"2437",Claytonia perfoliata,Claytonia,perfoliata,,,,native,S5,,48.872108330000003,-123.312727800000005,,NA,NA,"24806525",obs_native,file:///D:/Simon/Sync/Root/GIS/Biodiversity%20Data/obs_native.csv?type=csv&maxFields=10000&detectTypes=yes&xField=longitude&yField=latitude&crs=EPSG:4326&spatialIndex=no&subsetIndex=no&watchFile=no
"2438",Claytonia perfoliata,Claytonia,perfoliata,,,,native,S5,,48.872097220000001,-123.312363899999994,,NA,NA,"24806741",obs_native,file:///D:/Simon/Sync/Root/GIS/Biodiversity%20Data/obs_native.csv?type=csv&maxFields=10000&detectTypes=yes&xField=longitude&yField=latitude&crs=EPSG:4326&spatialIndex=no&subsetIndex=no&watchFile=no
"2439",Claytonia perfoliata,Claytonia,perfoliata,,,,native,S5,,48.872147220000002,-123.313452799999993,,NA,NA,"24824171",obs_native,file:///D:/Simon/Sync/Root/GIS/Biodiversity%20Data/obs_native.csv?type=csv&maxFields=10000&detectTypes=yes&xField=longitude&yField=latitude&crs=EPSG:4326&spatialIndex=no&subsetIndex=no&watchFile=no
"2440",Claytonia perfoliata,Claytonia,perfoliata,,,,native,S5,,48.872104999999998,-123.311250000000001,,NA,NA,"24874172",obs_native,file:///D:/Simon/Sync/Root/GIS/Biodiversity%20Data/obs_native.csv?type=csv&maxFields=10000&detectTypes=yes&xField=longitude&yField=latitude&crs=EPSG:4326&spatialIndex=no&subsetIndex=no&watchFile=no
"2441",Claytonia perfoliata,Claytonia,perfoliata,,,,native,S5,,48.962323990000002,-123.517839600000002,,NA,NA,"24919805",obs_native,file:///D:/Simon/Sync/Root/GIS/Biodiversity%20Data/obs_native.csv?type=csv&maxFields=10000&detectTypes=yes&xField=longitude&yField=latitude&crs=EPSG:4326&spatialIndex=no&subsetIndex=no&watchFile=no
"2442",Claytonia perfoliata,Claytonia,perfoliata,,,,native,S5,,48.963023159999999,-123.517055999999997,,NA,NA,"24919948",obs_native,file:///D:/Simon/Sync/Root/GIS/Biodiversity%20Data/obs_native.csv?type=csv&maxFields=10000&detectTypes=yes&xField=longitude&yField=latitude&crs=EPSG:4326&spatialIndex=no&subsetIndex=no&watchFile=no
"2443",Claytonia perfoliata,Claytonia,perfoliata,,,,native,S5,,48.962985490000001,-123.516692899999995,,NA,NA,"24941024",obs_native,file:///D:/Simon/Sync/Root/GIS/Biodiversity%20Data/obs_native.csv?type=csv&maxFields=10000&detectTypes=yes&xField=longitude&yField=latitude&crs=EPSG:4326&spatialIndex=no&subsetIndex=no&watchFile=no
"2444",Claytonia perfoliata,Claytonia,perfoliata,,,,native,S5,,48.872372220000003,-123.312302799999998,,NA,NA,"25048277",obs_native,file:///D:/Simon/Sync/Root/GIS/Biodiversity%20Data/obs_native.csv?type=csv&maxFields=10000&detectTypes=yes&xField=longitude&yField=latitude&crs=EPSG:4326&spatialIndex=no&subsetIndex=no&watchFile=no
"2445",Claytonia perfoliata,Claytonia,perfoliata,,,,native,S5,,48.872280560000000,-123.312522200000004,,NA,NA,"25048294",obs_native,file:///D:/Simon/Sync/Root/GIS/Biodiversity%20Data/obs_native.csv?type=csv&maxFields=10000&detectTypes=yes&xField=longitude&yField=latitude&crs=EPSG:4326&spatialIndex=no&subsetIndex=no&watchFile=no
"2446",Claytonia perfoliata,Claytonia,perfoliata,,,,native,S5,,48.872383329999998,-123.312308299999998,,NA,NA,"25048295",obs_native,file:///D:/Simon/Sync/Root/GIS/Biodiversity%20Data/obs_native.csv?type=csv&maxFields=10000&detectTypes=yes&xField=longitude&yField=latitude&crs=EPSG:4326&spatialIndex=no&subsetIndex=no&watchFile=no
"2447",Claytonia perfoliata,Claytonia,perfoliata,,,,native,S5,,48.872211110000002,-123.312705600000001,,NA,NA,"25048296",obs_native,file:///D:/Simon/Sync/Root/GIS/Biodiversity%20Data/obs_native.csv?type=csv&maxFields=10000&detectTypes=yes&xField=longitude&yField=latitude&crs=EPSG:4326&spatialIndex=no&subsetIndex=no&watchFile=no
"2448",Claytonia perfoliata,Claytonia,perfoliata,,,,native,S5,,48.872720899999997,-123.312123900000003,,NA,NA,"25148349",obs_native,file:///D:/Simon/Sync/Root/GIS/Biodiversity%20Data/obs_native.csv?type=csv&maxFields=10000&detectTypes=yes&xField=longitude&yField=latitude&crs=EPSG:4326&spatialIndex=no&subsetIndex=no&watchFile=no
"2449",Claytonia perfoliata,Claytonia,perfoliata,,,,native,S5,,48.872672110000003,-123.312503199999995,,NA,NA,"25199094",obs_native,file:///D:/Simon/Sync/Root/GIS/Biodiversity%20Data/obs_native.csv?type=csv&maxFields=10000&detectTypes=yes&xField=longitude&yField=latitude&crs=EPSG:4326&spatialIndex=no&subsetIndex=no&watchFile=no
"2450",Claytonia perfoliata,Claytonia,perfoliata,,,,native,S5,,48.872758200000000,-123.313585099999997,,NA,NA,"25199352",obs_native,file:///D:/Simon/Sync/Root/GIS/Biodiversity%20Data/obs_native.csv?type=csv&maxFields=10000&detectTypes=yes&xField=longitude&yField=latitude&crs=EPSG:4326&spatialIndex=no&subsetIndex=no&watchFile=no
"2451",Claytonia perfoliata,Claytonia,perfoliata,,,,native,S5,,48.872239479999998,-123.312329000000005,,NA,NA,"25199479",obs_native,file:///D:/Simon/Sync/Root/GIS/Biodiversity%20Data/obs_native.csv?type=csv&maxFields=10000&detectTypes=yes&xField=longitude&yField=latitude&crs=EPSG:4326&spatialIndex=no&subsetIndex=no&watchFile=no
"2452",Claytonia perfoliata,Claytonia,perfoliata,,,,native,S5,,48.900134790000003,-123.407076099999998,,NA,NA,"25477935",obs_native,file:///D:/Simon/Sync/Root/GIS/Biodiversity%20Data/obs_native.csv?type=csv&maxFields=10000&detectTypes=yes&xField=longitude&yField=latitude&crs=EPSG:4326&spatialIndex=no&subsetIndex=no&watchFile=no
"2453",Claytonia perfoliata,Claytonia,perfoliata,,,,native,S5,,48.899237550000002,-123.403184600000003,,NA,NA,"25478878",obs_native,file:///D:/Simon/Sync/Root/GIS/Biodiversity%20Data/obs_native.csv?type=csv&maxFields=10000&detectTypes=yes&xField=longitude&yField=latitude&crs=EPSG:4326&spatialIndex=no&subsetIndex=no&watchFile=no
"2454",Claytonia perfoliata,Claytonia,perfoliata,,,,native,S5,,48.867097389999998,-123.375868999999994,,NA,NA,"25478990",obs_native,file:///D:/Simon/Sync/Root/GIS/Biodiversity%20Data/obs_native.csv?type=csv&maxFields=10000&detectTypes=yes&xField=longitude&yField=latitude&crs=EPSG:4326&spatialIndex=no&subsetIndex=no&watchFile=no
"2455",Claytonia perfoliata,Claytonia,perfoliata,,,,native,S5,,48.863443220000001,-123.328303399999996,,NA,NA,"25482952",obs_native,file:///D:/Simon/Sync/Root/GIS/Biodiversity%20Data/obs_native.csv?type=csv&maxFields=10000&detectTypes=yes&xField=longitude&yField=latitude&crs=EPSG:4326&spatialIndex=no&subsetIndex=no&watchFile=no
"2456",Claytonia perfoliata,Claytonia,perfoliata,,,,native,S5,,48.871906680000002,-123.310836899999998,,NA,NA,"25483354",obs_native,file:///D:/Simon/Sync/Root/GIS/Biodiversity%20Data/obs_native.csv?type=csv&maxFields=10000&detectTypes=yes&xField=longitude&yField=latitude&crs=EPSG:4326&spatialIndex=no&subsetIndex=no&watchFile=no
"2457",Claytonia perfoliata,Claytonia,perfoliata,,,,native,S5,,48.895008330000003,-123.404511099999993,,NA,NA,"25655367",obs_native,file:///D:/Simon/Sync/Root/GIS/Biodiversity%20Data/obs_native.csv?type=csv&maxFields=10000&detectTypes=yes&xField=longitude&yField=latitude&crs=EPSG:4326&spatialIndex=no&subsetIndex=no&watchFile=no
"2458",Claytonia perfoliata,Claytonia,perfoliata,,,,native,S5,,48.894874999999999,-123.404555599999995,,NA,NA,"25655368",obs_native,file:///D:/Simon/Sync/Root/GIS/Biodiversity%20Data/obs_native.csv?type=csv&maxFields=10000&detectTypes=yes&xField=longitude&yField=latitude&crs=EPSG:4326&spatialIndex=no&subsetIndex=no&watchFile=no
"2459",Claytonia perfoliata,Claytonia,perfoliata,,,,native,S5,,48.871880560000001,-123.310730599999999,,NA,NA,"25657918",obs_native,file:///D:/Simon/Sync/Root/GIS/Biodiversity%20Data/obs_native.csv?type=csv&maxFields=10000&detectTypes=yes&xField=longitude&yField=latitude&crs=EPSG:4326&spatialIndex=no&subsetIndex=no&watchFile=no
"2460",Claytonia perfoliata,Claytonia,perfoliata,,,,native,S5,,48.866741670000003,-123.331000000000003,,NA,NA,"25658099",obs_native,file:///D:/Simon/Sync/Root/GIS/Biodiversity%20Data/obs_native.csv?type=csv&maxFields=10000&detectTypes=yes&xField=longitude&yField=latitude&crs=EPSG:4326&spatialIndex=no&subsetIndex=no&watchFile=no
"2461",Claytonia perfoliata,Claytonia,perfoliata,,,,native,S5,,48.895069999999997,-123.404891699999993,,NA,NA,"32119776",obs_native,file:///D:/Simon/Sync/Root/GIS/Biodiversity%20Data/obs_native.csv?type=csv&maxFields=10000&detectTypes=yes&xField=longitude&yField=latitude&crs=EPSG:4326&spatialIndex=no&subsetIndex=no&watchFile=no
"2462",Claytonia perfoliata,Claytonia,perfoliata,,,,native,S5,,48.894066670000001,-123.403829999999999,,NA,NA,"32119796",obs_native,file:///D:/Simon/Sync/Root/GIS/Biodiversity%20Data/obs_native.csv?type=csv&maxFields=10000&detectTypes=yes&xField=longitude&yField=latitude&crs=EPSG:4326&spatialIndex=no&subsetIndex=no&watchFile=no
"2463",Claytonia perfoliata,Claytonia,perfoliata,,,,native,S5,,48.872158329999998,-123.312683300000003,,NA,NA,"32120980",obs_native,file:///D:/Simon/Sync/Root/GIS/Biodiversity%20Data/obs_native.csv?type=csv&maxFields=10000&detectTypes=yes&xField=longitude&yField=latitude&crs=EPSG:4326&spatialIndex=no&subsetIndex=no&watchFile=no
"2464",Claytonia perfoliata,Claytonia,perfoliata,,,,native,S5,,48.872643490000002,-123.312312000000006,,NA,NA,"38545252",obs_native,file:///D:/Simon/Sync/Root/GIS/Biodiversity%20Data/obs_native.csv?type=csv&maxFields=10000&detectTypes=yes&xField=longitude&yField=latitude&crs=EPSG:4326&spatialIndex=no&subsetIndex=no&watchFile=no
"2465",Claytonia perfoliata,Claytonia,perfoliata,,,,native,S5,,49.013983330000002,-123.573738300000002,,NA,NA,"40446337",obs_native,file:///D:/Simon/Sync/Root/GIS/Biodiversity%20Data/obs_native.csv?type=csv&maxFields=10000&detectTypes=yes&xField=longitude&yField=latitude&crs=EPSG:4326&spatialIndex=no&subsetIndex=no&watchFile=no
"2466",Claytonia perfoliata,Claytonia,perfoliata,,,,native,S5,,48.867171999999997,-123.337006000000002,,NA,NA,"41850263",obs_native,file:///D:/Simon/Sync/Root/GIS/Biodiversity%20Data/obs_native.csv?type=csv&maxFields=10000&detectTypes=yes&xField=longitude&yField=latitude&crs=EPSG:4326&spatialIndex=no&subsetIndex=no&watchFile=no
"2467",Claytonia perfoliata,Claytonia,perfoliata,,,,native,S5,,48.865619440000003,-123.365069399999996,,NA,NA,"42637683",obs_native,file:///D:/Simon/Sync/Root/GIS/Biodiversity%20Data/obs_native.csv?type=csv&maxFields=10000&detectTypes=yes&xField=longitude&yField=latitude&crs=EPSG:4326&spatialIndex=no&subsetIndex=no&watchFile=no
"2468",Claytonia perfoliata,Claytonia,perfoliata,,,,native,S5,,48.979064999999999,-123.568179999999998,,NA,NA,"42813432",obs_native,file:///D:/Simon/Sync/Root/GIS/Biodiversity%20Data/obs_native.csv?type=csv&maxFields=10000&detectTypes=yes&xField=longitude&yField=latitude&crs=EPSG:4326&spatialIndex=no&subsetIndex=no&watchFile=no
"2469",Claytonia perfoliata,Claytonia,perfoliata,,,,native,S5,,48.866512219999997,-123.341193500000003,,NA,NA,"43253023",obs_native,file:///D:/Simon/Sync/Root/GIS/Biodiversity%20Data/obs_native.csv?type=csv&maxFields=10000&detectTypes=yes&xField=longitude&yField=latitude&crs=EPSG:4326&spatialIndex=no&subsetIndex=no&watchFile=no
"2470",Claytonia perfoliata,Claytonia,perfoliata,,,,native,S5,,48.868034360000003,-123.340721099999996,,NA,NA,"51325515",obs_native,file:///D:/Simon/Sync/Root/GIS/Biodiversity%20Data/obs_native.csv?type=csv&maxFields=10000&detectTypes=yes&xField=longitude&yField=latitude&crs=EPSG:4326&spatialIndex=no&subsetIndex=no&watchFile=no
"2471",Claytonia perfoliata,Claytonia,perfoliata,,,,native,S5,,48.872413330000001,-123.312020000000004,,NA,NA,"68992574",obs_native,file:///D:/Simon/Sync/Root/GIS/Biodiversity%20Data/obs_native.csv?type=csv&maxFields=10000&detectTypes=yes&xField=longitude&yField=latitude&crs=EPSG:4326&spatialIndex=no&subsetIndex=no&watchFile=no
"2472",Claytonia perfoliata,Claytonia,perfoliata,,,,native,S5,,49.014049999999997,-123.573908299999999,,NA,NA,"68992600",obs_native,file:///D:/Simon/Sync/Root/GIS/Biodiversity%20Data/obs_native.csv?type=csv&maxFields=10000&detectTypes=yes&xField=longitude&yField=latitude&crs=EPSG:4326&spatialIndex=no&subsetIndex=no&watchFile=no
"2473",Claytonia perfoliata,Claytonia,perfoliata,,,,native,S5,,48.885013330000000,-123.331603299999998,,NA,NA,"76003504",obs_native,file:///D:/Simon/Sync/Root/GIS/Biodiversity%20Data/obs_native.csv?type=csv&maxFields=10000&detectTypes=yes&xField=longitude&yField=latitude&crs=EPSG:4326&spatialIndex=no&subsetIndex=no&watchFile=no
"2474",Claytonia perfoliata,Claytonia,perfoliata,,,,native,S5,,48.875828329999997,-123.385535000000004,,NA,NA,"77854394",obs_native,file:///D:/Simon/Sync/Root/GIS/Biodiversity%20Data/obs_native.csv?type=csv&maxFields=10000&detectTypes=yes&xField=longitude&yField=latitude&crs=EPSG:4326&spatialIndex=no&subsetIndex=no&watchFile=no
"2475",Claytonia perfoliata,Claytonia,perfoliata,,,,native,S5,,48.872114480000000,-123.310897900000001,,NA,NA,"81821047",obs_native,file:///D:/Simon/Sync/Root/GIS/Biodiversity%20Data/obs_native.csv?type=csv&maxFields=10000&detectTypes=yes&xField=longitude&yField=latitude&crs=EPSG:4326&spatialIndex=no&subsetIndex=no&watchFile=no
"2476",Claytonia perfoliata,Claytonia,perfoliata,,,,native,S5,,48.873195000000003,-123.314530000000005,,NA,NA,"105893608",obs_native,file:///D:/Simon/Sync/Root/GIS/Biodiversity%20Data/obs_native.csv?type=csv&maxFields=10000&detectTypes=yes&xField=longitude&yField=latitude&crs=EPSG:4326&spatialIndex=no&subsetIndex=no&watchFile=no
"2477",Claytonia perfoliata,Claytonia,perfoliata,,,,native,S5,,48.868431999999999,-123.341211799999996,,NA,NA,"107675014",obs_native,file:///D:/Simon/Sync/Root/GIS/Biodiversity%20Data/obs_native.csv?type=csv&maxFields=10000&detectTypes=yes&xField=longitude&yField=latitude&crs=EPSG:4326&spatialIndex=no&subsetIndex=no&watchFile=no
"2478",Claytonia perfoliata,Claytonia,perfoliata,,,,native,S5,,48.955311909999999,-123.525991599999998,,NA,NA,"109567991",obs_native,file:///D:/Simon/Sync/Root/GIS/Biodiversity%20Data/obs_native.csv?type=csv&maxFields=10000&detectTypes=yes&xField=longitude&yField=latitude&crs=EPSG:4326&spatialIndex=no&subsetIndex=no&watchFile=no
"2479",Claytonia perfoliata,Claytonia,perfoliata,,,,native,S5,,48.872304999999997,-123.311096699999993,,NA,NA,"109707326",obs_native,file:///D:/Simon/Sync/Root/GIS/Biodiversity%20Data/obs_native.csv?type=csv&maxFields=10000&detectTypes=yes&xField=longitude&yField=latitude&crs=EPSG:4326&spatialIndex=no&subsetIndex=no&watchFile=no
"2480",Claytonia perfoliata,Claytonia,perfoliata,,,,native,S5,,48.931279560000000,-123.480991799999998,,NA,NA,"110412758",obs_native,file:///D:/Simon/Sync/Root/GIS/Biodiversity%20Data/obs_native.csv?type=csv&maxFields=10000&detectTypes=yes&xField=longitude&yField=latitude&crs=EPSG:4326&spatialIndex=no&subsetIndex=no&watchFile=no
"2481",Claytonia perfoliata,Claytonia,perfoliata,,,,native,S5,,48.871913329999998,-123.310813300000007,,NA,NA,"111119675",obs_native,file:///D:/Simon/Sync/Root/GIS/Biodiversity%20Data/obs_native.csv?type=csv&maxFields=10000&detectTypes=yes&xField=longitude&yField=latitude&crs=EPSG:4326&spatialIndex=no&subsetIndex=no&watchFile=no
"2482",Claytonia perfoliata,Claytonia,perfoliata,,,,native,S5,,48.899286109999998,-123.407274999999998,,NA,NA,"112988257",obs_native,file:///D:/Simon/Sync/Root/GIS/Biodiversity%20Data/obs_native.csv?type=csv&maxFields=10000&detectTypes=yes&xField=longitude&yField=latitude&crs=EPSG:4326&spatialIndex=no&subsetIndex=no&watchFile=no
"2483",Claytonia perfoliata,Claytonia,perfoliata,,,,native,S5,,48.909258330000000,-123.370483300000004,,NA,NA,"114482116",obs_native,file:///D:/Simon/Sync/Root/GIS/Biodiversity%20Data/obs_native.csv?type=csv&maxFields=10000&detectTypes=yes&xField=longitude&yField=latitude&crs=EPSG:4326&spatialIndex=no&subsetIndex=no&watchFile=no
"2484",Claytonia perfoliata,Claytonia,perfoliata,,,,native,S5,,48.873339350000002,-123.311882800000006,,NA,NA,"114579335",obs_native,file:///D:/Simon/Sync/Root/GIS/Biodiversity%20Data/obs_native.csv?type=csv&maxFields=10000&detectTypes=yes&xField=longitude&yField=latitude&crs=EPSG:4326&spatialIndex=no&subsetIndex=no&watchFile=no
"2485",Claytonia perfoliata,Claytonia,perfoliata,,,,native,S5,,48.955388759999998,-123.525993799999995,,NA,NA,"115007626",obs_native,file:///D:/Simon/Sync/Root/GIS/Biodiversity%20Data/obs_native.csv?type=csv&maxFields=10000&detectTypes=yes&xField=longitude&yField=latitude&crs=EPSG:4326&spatialIndex=no&subsetIndex=no&watchFile=no
"2486",Claytonia perfoliata,Claytonia,perfoliata,,,,native,S5,,48.870333000000002,-123.319603000000001,,NA,NA,"115224263",obs_native,file:///D:/Simon/Sync/Root/GIS/Biodiversity%20Data/obs_native.csv?type=csv&maxFields=10000&detectTypes=yes&xField=longitude&yField=latitude&crs=EPSG:4326&spatialIndex=no&subsetIndex=no&watchFile=no
"2487",Claytonia perfoliata,Claytonia,perfoliata,,,,native,S5,,48.872374999999998,-123.311836700000001,,NA,NA,"116239320",obs_native,file:///D:/Simon/Sync/Root/GIS/Biodiversity%20Data/obs_native.csv?type=csv&maxFields=10000&detectTypes=yes&xField=longitude&yField=latitude&crs=EPSG:4326&spatialIndex=no&subsetIndex=no&watchFile=no
"2488",Claytonia perfoliata,Claytonia,perfoliata,,,,native,S5,,48.872233330000000,-123.311821699999996,,NA,NA,"116926770",obs_native,file:///D:/Simon/Sync/Root/GIS/Biodiversity%20Data/obs_native.csv?type=csv&maxFields=10000&detectTypes=yes&xField=longitude&yField=latitude&crs=EPSG:4326&spatialIndex=no&subsetIndex=no&watchFile=no
"2489",Claytonia perfoliata,Claytonia,perfoliata,,,,native,S5,,48.955475000000000,-123.526296700000003,,NA,NA,"117203484",obs_native,file:///D:/Simon/Sync/Root/GIS/Biodiversity%20Data/obs_native.csv?type=csv&maxFields=10000&detectTypes=yes&xField=longitude&yField=latitude&crs=EPSG:4326&spatialIndex=no&subsetIndex=no&watchFile=no
"2490",Claytonia perfoliata,Claytonia,perfoliata,,,,native,S5,,48.998401260000001,-123.587797300000005,,NA,NA,"118445606",obs_native,file:///D:/Simon/Sync/Root/GIS/Biodiversity%20Data/obs_native.csv?type=csv&maxFields=10000&detectTypes=yes&xField=longitude&yField=latitude&crs=EPSG:4326&spatialIndex=no&subsetIndex=no&watchFile=no
"2491",Claytonia perfoliata,Claytonia,perfoliata,,,,native,S5,,48.909495280000002,-123.373244600000007,,NA,NA,"119918677",obs_native,file:///D:/Simon/Sync/Root/GIS/Biodiversity%20Data/obs_native.csv?type=csv&maxFields=10000&detectTypes=yes&xField=longitude&yField=latitude&crs=EPSG:4326&spatialIndex=no&subsetIndex=no&watchFile=no
"2492",Claytonia perfoliata,Claytonia,perfoliata,,,,native,S5,,48.952105000000003,-123.518045000000001,,NA,NA,"124667684",obs_native,file:///D:/Simon/Sync/Root/GIS/Biodiversity%20Data/obs_native.csv?type=csv&maxFields=10000&detectTypes=yes&xField=longitude&yField=latitude&crs=EPSG:4326&spatialIndex=no&subsetIndex=no&watchFile=no
"2493",Claytonia sibirica,Claytonia,sibirica,,,,native,S5,,48.869343999999998,-123.345393999999999,,NA,NA,"2561511",obs_native,file:///D:/Simon/Sync/Root/GIS/Biodiversity%20Data/obs_native.csv?type=csv&maxFields=10000&detectTypes=yes&xField=longitude&yField=latitude&crs=EPSG:4326&spatialIndex=no&subsetIndex=no&watchFile=no
"2494",Claytonia sibirica,Claytonia,sibirica,,,,native,S5,,48.933495999999998,-123.480148000000000,,NA,NA,"2561782",obs_native,file:///D:/Simon/Sync/Root/GIS/Biodiversity%20Data/obs_native.csv?type=csv&maxFields=10000&detectTypes=yes&xField=longitude&yField=latitude&crs=EPSG:4326&spatialIndex=no&subsetIndex=no&watchFile=no
"2495",Claytonia sibirica,Claytonia,sibirica,,,,native,S5,,48.933185000000002,-123.483152000000004,,NA,NA,"2569360",obs_native,file:///D:/Simon/Sync/Root/GIS/Biodiversity%20Data/obs_native.csv?type=csv&maxFields=10000&detectTypes=yes&xField=longitude&yField=latitude&crs=EPSG:4326&spatialIndex=no&subsetIndex=no&watchFile=no
"2496",Claytonia sibirica,Claytonia,sibirica,,,,native,S5,,48.862456000000002,-123.324966000000003,,NA,NA,"2958594",obs_native,file:///D:/Simon/Sync/Root/GIS/Biodiversity%20Data/obs_native.csv?type=csv&maxFields=10000&detectTypes=yes&xField=longitude&yField=latitude&crs=EPSG:4326&spatialIndex=no&subsetIndex=no&watchFile=no
"2497",Claytonia sibirica,Claytonia,sibirica,,,,native,S5,,48.869461000000001,-123.346384999999998,,NA,NA,"2989963",obs_native,file:///D:/Simon/Sync/Root/GIS/Biodiversity%20Data/obs_native.csv?type=csv&maxFields=10000&detectTypes=yes&xField=longitude&yField=latitude&crs=EPSG:4326&spatialIndex=no&subsetIndex=no&watchFile=no
"2498",Claytonia sibirica,Claytonia,sibirica,,,,native,S5,,48.895771000000003,-123.357710999999995,,NA,NA,"3006336",obs_native,file:///D:/Simon/Sync/Root/GIS/Biodiversity%20Data/obs_native.csv?type=csv&maxFields=10000&detectTypes=yes&xField=longitude&yField=latitude&crs=EPSG:4326&spatialIndex=no&subsetIndex=no&watchFile=no
"2499",Claytonia sibirica,Claytonia,sibirica,,,,native,S5,,48.916645000000003,-123.424272999999999,,NA,NA,"3093735",obs_native,file:///D:/Simon/Sync/Root/GIS/Biodiversity%20Data/obs_native.csv?type=csv&maxFields=10000&detectTypes=yes&xField=longitude&yField=latitude&crs=EPSG:4326&spatialIndex=no&subsetIndex=no&watchFile=no
"2500",Claytonia sibirica,Claytonia,sibirica,,,,native,S5,,48.919024999999998,-123.430623999999995,,NA,NA,"3114528",obs_native,file:///D:/Simon/Sync/Root/GIS/Biodiversity%20Data/obs_native.csv?type=csv&maxFields=10000&detectTypes=yes&xField=longitude&yField=latitude&crs=EPSG:4326&spatialIndex=no&subsetIndex=no&watchFile=no
"2501",Claytonia sibirica,Claytonia,sibirica,,,,native,S5,,48.915987999999999,-123.424981000000002,,NA,NA,"3214312",obs_native,file:///D:/Simon/Sync/Root/GIS/Biodiversity%20Data/obs_native.csv?type=csv&maxFields=10000&detectTypes=yes&xField=longitude&yField=latitude&crs=EPSG:4326&spatialIndex=no&subsetIndex=no&watchFile=no
"2502",Claytonia sibirica,Claytonia,sibirica,,,,native,S5,,48.932909000000002,-123.482872999999998,,NA,NA,"3329564",obs_native,file:///D:/Simon/Sync/Root/GIS/Biodiversity%20Data/obs_native.csv?type=csv&maxFields=10000&detectTypes=yes&xField=longitude&yField=latitude&crs=EPSG:4326&spatialIndex=no&subsetIndex=no&watchFile=no
"2503",Claytonia sibirica,Claytonia,sibirica,,,,native,S5,,48.951200000000000,-123.516368999999997,,NA,NA,"3555774",obs_native,file:///D:/Simon/Sync/Root/GIS/Biodiversity%20Data/obs_native.csv?type=csv&maxFields=10000&detectTypes=yes&xField=longitude&yField=latitude&crs=EPSG:4326&spatialIndex=no&subsetIndex=no&watchFile=no
"2504",Claytonia sibirica,Claytonia,sibirica,,,,native,S5,,48.951200000000000,-123.516368999999997,,NA,NA,"3555974",obs_native,file:///D:/Simon/Sync/Root/GIS/Biodiversity%20Data/obs_native.csv?type=csv&maxFields=10000&detectTypes=yes&xField=longitude&yField=latitude&crs=EPSG:4326&spatialIndex=no&subsetIndex=no&watchFile=no
"2505",Claytonia sibirica,Claytonia,sibirica,,,,native,S5,,49.005600450000003,-123.575849500000004,,NA,NA,"3948555",obs_native,file:///D:/Simon/Sync/Root/GIS/Biodiversity%20Data/obs_native.csv?type=csv&maxFields=10000&detectTypes=yes&xField=longitude&yField=latitude&crs=EPSG:4326&spatialIndex=no&subsetIndex=no&watchFile=no
"2506",Claytonia sibirica,Claytonia,sibirica,,,,native,S5,,48.950095419999997,-123.515081699999996,,NA,NA,"4058391",obs_native,file:///D:/Simon/Sync/Root/GIS/Biodiversity%20Data/obs_native.csv?type=csv&maxFields=10000&detectTypes=yes&xField=longitude&yField=latitude&crs=EPSG:4326&spatialIndex=no&subsetIndex=no&watchFile=no
"2507",Claytonia sibirica,Claytonia,sibirica,,,,native,S5,,48.896718919999998,-123.358692500000004,,NA,NA,"5993218",obs_native,file:///D:/Simon/Sync/Root/GIS/Biodiversity%20Data/obs_native.csv?type=csv&maxFields=10000&detectTypes=yes&xField=longitude&yField=latitude&crs=EPSG:4326&spatialIndex=no&subsetIndex=no&watchFile=no
"2508",Claytonia sibirica,Claytonia,sibirica,,,,native,S5,,48.976160890000003,-123.548855799999998,,NA,NA,"6085938",obs_native,file:///D:/Simon/Sync/Root/GIS/Biodiversity%20Data/obs_native.csv?type=csv&maxFields=10000&detectTypes=yes&xField=longitude&yField=latitude&crs=EPSG:4326&spatialIndex=no&subsetIndex=no&watchFile=no
"2509",Claytonia sibirica,Claytonia,sibirica,,,,native,S5,,48.970639560000002,-123.542718899999997,,NA,NA,"6216791",obs_native,file:///D:/Simon/Sync/Root/GIS/Biodiversity%20Data/obs_native.csv?type=csv&maxFields=10000&detectTypes=yes&xField=longitude&yField=latitude&crs=EPSG:4326&spatialIndex=no&subsetIndex=no&watchFile=no
"2510",Claytonia sibirica,Claytonia,sibirica,,,,native,S5,,48.933199559999998,-123.483302600000002,,NA,NA,"6218088",obs_native,file:///D:/Simon/Sync/Root/GIS/Biodiversity%20Data/obs_native.csv?type=csv&maxFields=10000&detectTypes=yes&xField=longitude&yField=latitude&crs=EPSG:4326&spatialIndex=no&subsetIndex=no&watchFile=no
"2511",Claytonia sibirica,Claytonia,sibirica,,,,native,S5,,48.949654359999997,-123.485845299999994,,NA,NA,"8897637",obs_native,file:///D:/Simon/Sync/Root/GIS/Biodiversity%20Data/obs_native.csv?type=csv&maxFields=10000&detectTypes=yes&xField=longitude&yField=latitude&crs=EPSG:4326&spatialIndex=no&subsetIndex=no&watchFile=no
"2512",Claytonia sibirica,Claytonia,sibirica,,,,native,S5,,48.872669000000002,-123.370613000000006,,NA,NA,"12315365",obs_native,file:///D:/Simon/Sync/Root/GIS/Biodiversity%20Data/obs_native.csv?type=csv&maxFields=10000&detectTypes=yes&xField=longitude&yField=latitude&crs=EPSG:4326&spatialIndex=no&subsetIndex=no&watchFile=no
"2513",Claytonia sibirica,Claytonia,sibirica,,,,native,S5,,48.878470000000000,-123.341813000000002,,NA,NA,"12790466",obs_native,file:///D:/Simon/Sync/Root/GIS/Biodiversity%20Data/obs_native.csv?type=csv&maxFields=10000&detectTypes=yes&xField=longitude&yField=latitude&crs=EPSG:4326&spatialIndex=no&subsetIndex=no&watchFile=no
"2514",Claytonia sibirica,Claytonia,sibirica,,,,native,S5,,48.995741000000002,-123.577927000000003,,NA,NA,"13224673",obs_native,file:///D:/Simon/Sync/Root/GIS/Biodiversity%20Data/obs_native.csv?type=csv&maxFields=10000&detectTypes=yes&xField=longitude&yField=latitude&crs=EPSG:4326&spatialIndex=no&subsetIndex=no&watchFile=no
"2515",Claytonia sibirica,Claytonia,sibirica,,,,native,S5,,48.948658530000003,-123.502786999999998,,NA,NA,"15412696",obs_native,file:///D:/Simon/Sync/Root/GIS/Biodiversity%20Data/obs_native.csv?type=csv&maxFields=10000&detectTypes=yes&xField=longitude&yField=latitude&crs=EPSG:4326&spatialIndex=no&subsetIndex=no&watchFile=no
"2516",Claytonia sibirica,Claytonia,sibirica,,,,native,S5,,48.948081410000000,-123.502170199999995,,NA,NA,"15604517",obs_native,file:///D:/Simon/Sync/Root/GIS/Biodiversity%20Data/obs_native.csv?type=csv&maxFields=10000&detectTypes=yes&xField=longitude&yField=latitude&crs=EPSG:4326&spatialIndex=no&subsetIndex=no&watchFile=no
"2517",Claytonia sibirica,Claytonia,sibirica,,,,native,S5,,48.868079999999999,-123.344946699999994,,NA,NA,"23850244",obs_native,file:///D:/Simon/Sync/Root/GIS/Biodiversity%20Data/obs_native.csv?type=csv&maxFields=10000&detectTypes=yes&xField=longitude&yField=latitude&crs=EPSG:4326&spatialIndex=no&subsetIndex=no&watchFile=no
"2518",Claytonia sibirica,Claytonia,sibirica,,,,native,S5,,49.009784940000003,-123.576573300000007,,NA,NA,"24497663",obs_native,file:///D:/Simon/Sync/Root/GIS/Biodiversity%20Data/obs_native.csv?type=csv&maxFields=10000&detectTypes=yes&xField=longitude&yField=latitude&crs=EPSG:4326&spatialIndex=no&subsetIndex=no&watchFile=no
"2519",Claytonia sibirica,Claytonia,sibirica,,,,native,S5,,49.009577120000003,-123.577590499999999,,NA,NA,"24497718",obs_native,file:///D:/Simon/Sync/Root/GIS/Biodiversity%20Data/obs_native.csv?type=csv&maxFields=10000&detectTypes=yes&xField=longitude&yField=latitude&crs=EPSG:4326&spatialIndex=no&subsetIndex=no&watchFile=no
"2520",Claytonia sibirica,Claytonia,sibirica,,,,native,S5,,48.991233059999999,-123.570398100000006,,NA,NA,"24653162",obs_native,file:///D:/Simon/Sync/Root/GIS/Biodiversity%20Data/obs_native.csv?type=csv&maxFields=10000&detectTypes=yes&xField=longitude&yField=latitude&crs=EPSG:4326&spatialIndex=no&subsetIndex=no&watchFile=no
"2521",Claytonia sibirica,Claytonia,sibirica,,,,native,S5,,48.963844440000003,-123.515991700000001,,NA,NA,"24665222",obs_native,file:///D:/Simon/Sync/Root/GIS/Biodiversity%20Data/obs_native.csv?type=csv&maxFields=10000&detectTypes=yes&xField=longitude&yField=latitude&crs=EPSG:4326&spatialIndex=no&subsetIndex=no&watchFile=no
"2522",Claytonia sibirica,Claytonia,sibirica,,,,native,S5,,48.964366669999997,-123.517158300000006,,NA,NA,"24673913",obs_native,file:///D:/Simon/Sync/Root/GIS/Biodiversity%20Data/obs_native.csv?type=csv&maxFields=10000&detectTypes=yes&xField=longitude&yField=latitude&crs=EPSG:4326&spatialIndex=no&subsetIndex=no&watchFile=no
"2523",Claytonia sibirica,Claytonia,sibirica,,,,native,S5,,48.962472220000002,-123.520224999999996,,NA,NA,"24674025",obs_native,file:///D:/Simon/Sync/Root/GIS/Biodiversity%20Data/obs_native.csv?type=csv&maxFields=10000&detectTypes=yes&xField=longitude&yField=latitude&crs=EPSG:4326&spatialIndex=no&subsetIndex=no&watchFile=no
"2524",Claytonia sibirica,Claytonia,sibirica,,,,native,S5,,48.964224999999999,-123.517630600000004,,NA,NA,"24674032",obs_native,file:///D:/Simon/Sync/Root/GIS/Biodiversity%20Data/obs_native.csv?type=csv&maxFields=10000&detectTypes=yes&xField=longitude&yField=latitude&crs=EPSG:4326&spatialIndex=no&subsetIndex=no&watchFile=no
"2525",Claytonia sibirica,Claytonia,sibirica,,,,native,S5,,48.962005560000001,-123.518355600000007,,NA,NA,"24674073",obs_native,file:///D:/Simon/Sync/Root/GIS/Biodiversity%20Data/obs_native.csv?type=csv&maxFields=10000&detectTypes=yes&xField=longitude&yField=latitude&crs=EPSG:4326&spatialIndex=no&subsetIndex=no&watchFile=no
"2526",Claytonia sibirica,Claytonia,sibirica,,,,native,S5,,48.964144439999998,-123.517586100000003,,NA,NA,"24674082",obs_native,file:///D:/Simon/Sync/Root/GIS/Biodiversity%20Data/obs_native.csv?type=csv&maxFields=10000&detectTypes=yes&xField=longitude&yField=latitude&crs=EPSG:4326&spatialIndex=no&subsetIndex=no&watchFile=no
"2527",Claytonia sibirica,Claytonia,sibirica,,,,native,S5,,48.961505559999999,-123.517700000000005,,NA,NA,"24674090",obs_native,file:///D:/Simon/Sync/Root/GIS/Biodiversity%20Data/obs_native.csv?type=csv&maxFields=10000&detectTypes=yes&xField=longitude&yField=latitude&crs=EPSG:4326&spatialIndex=no&subsetIndex=no&watchFile=no
"2528",Claytonia sibirica,Claytonia,sibirica,,,,native,S5,,48.964133330000003,-123.517716699999994,,NA,NA,"24674125",obs_native,file:///D:/Simon/Sync/Root/GIS/Biodiversity%20Data/obs_native.csv?type=csv&maxFields=10000&detectTypes=yes&xField=longitude&yField=latitude&crs=EPSG:4326&spatialIndex=no&subsetIndex=no&watchFile=no
"2529",Claytonia sibirica,Claytonia,sibirica,,,,native,S5,,48.961513889999999,-123.517700000000005,,NA,NA,"24674151",obs_native,file:///D:/Simon/Sync/Root/GIS/Biodiversity%20Data/obs_native.csv?type=csv&maxFields=10000&detectTypes=yes&xField=longitude&yField=latitude&crs=EPSG:4326&spatialIndex=no&subsetIndex=no&watchFile=no
"2530",Claytonia sibirica,Claytonia,sibirica,,,,native,S5,,48.962472220000002,-123.517516700000002,,NA,NA,"24684056",obs_native,file:///D:/Simon/Sync/Root/GIS/Biodiversity%20Data/obs_native.csv?type=csv&maxFields=10000&detectTypes=yes&xField=longitude&yField=latitude&crs=EPSG:4326&spatialIndex=no&subsetIndex=no&watchFile=no
"2531",Claytonia sibirica,Claytonia,sibirica,,,,native,S5,,48.963913890000001,-123.518494399999994,,NA,NA,"24694119",obs_native,file:///D:/Simon/Sync/Root/GIS/Biodiversity%20Data/obs_native.csv?type=csv&maxFields=10000&detectTypes=yes&xField=longitude&yField=latitude&crs=EPSG:4326&spatialIndex=no&subsetIndex=no&watchFile=no
"2532",Claytonia sibirica,Claytonia,sibirica,,,,native,S5,,48.962505559999997,-123.518922200000006,,NA,NA,"24694149",obs_native,file:///D:/Simon/Sync/Root/GIS/Biodiversity%20Data/obs_native.csv?type=csv&maxFields=10000&detectTypes=yes&xField=longitude&yField=latitude&crs=EPSG:4326&spatialIndex=no&subsetIndex=no&watchFile=no
"2533",Claytonia sibirica,Claytonia,sibirica,,,,native,S5,,48.962361110000003,-123.519027800000003,,NA,NA,"24694151",obs_native,file:///D:/Simon/Sync/Root/GIS/Biodiversity%20Data/obs_native.csv?type=csv&maxFields=10000&detectTypes=yes&xField=longitude&yField=latitude&crs=EPSG:4326&spatialIndex=no&subsetIndex=no&watchFile=no
"2534",Claytonia sibirica,Claytonia,sibirica,,,,native,S5,,48.964224999999999,-123.517669999999995,,NA,NA,"24697827",obs_native,file:///D:/Simon/Sync/Root/GIS/Biodiversity%20Data/obs_native.csv?type=csv&maxFields=10000&detectTypes=yes&xField=longitude&yField=latitude&crs=EPSG:4326&spatialIndex=no&subsetIndex=no&watchFile=no
"2535",Claytonia sibirica,Claytonia,sibirica,,,,native,S5,,48.962441669999997,-123.517341700000003,,NA,NA,"24698488",obs_native,file:///D:/Simon/Sync/Root/GIS/Biodiversity%20Data/obs_native.csv?type=csv&maxFields=10000&detectTypes=yes&xField=longitude&yField=latitude&crs=EPSG:4326&spatialIndex=no&subsetIndex=no&watchFile=no
"2536",Claytonia sibirica,Claytonia,sibirica,,,,native,S5,,48.963111670000004,-123.517525000000006,,NA,NA,"24709705",obs_native,file:///D:/Simon/Sync/Root/GIS/Biodiversity%20Data/obs_native.csv?type=csv&maxFields=10000&detectTypes=yes&xField=longitude&yField=latitude&crs=EPSG:4326&spatialIndex=no&subsetIndex=no&watchFile=no
"2537",Claytonia sibirica,Claytonia,sibirica,,,,native,S5,,48.962492169999997,-123.517452800000001,,NA,NA,"24919838",obs_native,file:///D:/Simon/Sync/Root/GIS/Biodiversity%20Data/obs_native.csv?type=csv&maxFields=10000&detectTypes=yes&xField=longitude&yField=latitude&crs=EPSG:4326&spatialIndex=no&subsetIndex=no&watchFile=no
"2538",Claytonia sibirica,Claytonia,sibirica,,,,native,S5,,48.962313170000002,-123.519283500000000,,NA,NA,"24936962",obs_native,file:///D:/Simon/Sync/Root/GIS/Biodiversity%20Data/obs_native.csv?type=csv&maxFields=10000&detectTypes=yes&xField=longitude&yField=latitude&crs=EPSG:4326&spatialIndex=no&subsetIndex=no&watchFile=no
"2539",Claytonia sibirica,Claytonia,sibirica,,,,native,S5,,48.963227470000000,-123.517767599999999,,NA,NA,"24940752",obs_native,file:///D:/Simon/Sync/Root/GIS/Biodiversity%20Data/obs_native.csv?type=csv&maxFields=10000&detectTypes=yes&xField=longitude&yField=latitude&crs=EPSG:4326&spatialIndex=no&subsetIndex=no&watchFile=no
"2540",Claytonia sibirica,Claytonia,sibirica,,,,native,S5,,48.962421380000002,-123.519058099999995,,NA,NA,"24942172",obs_native,file:///D:/Simon/Sync/Root/GIS/Biodiversity%20Data/obs_native.csv?type=csv&maxFields=10000&detectTypes=yes&xField=longitude&yField=latitude&crs=EPSG:4326&spatialIndex=no&subsetIndex=no&watchFile=no
"2541",Claytonia sibirica,Claytonia,sibirica,,,,native,S5,,48.897091670000002,-123.346253300000001,,NA,NA,"25085376",obs_native,file:///D:/Simon/Sync/Root/GIS/Biodiversity%20Data/obs_native.csv?type=csv&maxFields=10000&detectTypes=yes&xField=longitude&yField=latitude&crs=EPSG:4326&spatialIndex=no&subsetIndex=no&watchFile=no
"2542",Claytonia sibirica,Claytonia,sibirica,,,,native,S5,,48.979412760000002,-123.557263300000002,,NA,NA,"25479187",obs_native,file:///D:/Simon/Sync/Root/GIS/Biodiversity%20Data/obs_native.csv?type=csv&maxFields=10000&detectTypes=yes&xField=longitude&yField=latitude&crs=EPSG:4326&spatialIndex=no&subsetIndex=no&watchFile=no
"2543",Claytonia sibirica,Claytonia,sibirica,,,,native,S5,,48.979111889999999,-123.557073200000005,,NA,NA,"25479890",obs_native,file:///D:/Simon/Sync/Root/GIS/Biodiversity%20Data/obs_native.csv?type=csv&maxFields=10000&detectTypes=yes&xField=longitude&yField=latitude&crs=EPSG:4326&spatialIndex=no&subsetIndex=no&watchFile=no
"2544",Claytonia sibirica,Claytonia,sibirica,,,,native,S5,,48.963647219999999,-123.516891700000002,,NA,NA,"25578144",obs_native,file:///D:/Simon/Sync/Root/GIS/Biodiversity%20Data/obs_native.csv?type=csv&maxFields=10000&detectTypes=yes&xField=longitude&yField=latitude&crs=EPSG:4326&spatialIndex=no&subsetIndex=no&watchFile=no
"2545",Claytonia sibirica,Claytonia,sibirica,,,,native,S5,,48.962452780000000,-123.517477799999995,,NA,NA,"25578145",obs_native,file:///D:/Simon/Sync/Root/GIS/Biodiversity%20Data/obs_native.csv?type=csv&maxFields=10000&detectTypes=yes&xField=longitude&yField=latitude&crs=EPSG:4326&spatialIndex=no&subsetIndex=no&watchFile=no
"2546",Claytonia sibirica,Claytonia,sibirica,,,,native,S5,,48.962402779999998,-123.519163899999995,,NA,NA,"25654972",obs_native,file:///D:/Simon/Sync/Root/GIS/Biodiversity%20Data/obs_native.csv?type=csv&maxFields=10000&detectTypes=yes&xField=longitude&yField=latitude&crs=EPSG:4326&spatialIndex=no&subsetIndex=no&watchFile=no
"2547",Claytonia sibirica,Claytonia,sibirica,,,,native,S5,,48.979211669999998,-123.557061700000006,,NA,NA,"31531007",obs_native,file:///D:/Simon/Sync/Root/GIS/Biodiversity%20Data/obs_native.csv?type=csv&maxFields=10000&detectTypes=yes&xField=longitude&yField=latitude&crs=EPSG:4326&spatialIndex=no&subsetIndex=no&watchFile=no
"2548",Claytonia sibirica,Claytonia,sibirica,,,,native,S5,,48.877583330000000,-123.359375000000000,,NA,NA,"33211650",obs_native,file:///D:/Simon/Sync/Root/GIS/Biodiversity%20Data/obs_native.csv?type=csv&maxFields=10000&detectTypes=yes&xField=longitude&yField=latitude&crs=EPSG:4326&spatialIndex=no&subsetIndex=no&watchFile=no
"2549",Claytonia sibirica,Claytonia,sibirica,,,,native,S5,,48.870866669999998,-123.348783299999994,,NA,NA,"42813476",obs_native,file:///D:/Simon/Sync/Root/GIS/Biodiversity%20Data/obs_native.csv?type=csv&maxFields=10000&detectTypes=yes&xField=longitude&yField=latitude&crs=EPSG:4326&spatialIndex=no&subsetIndex=no&watchFile=no
"2550",Claytonia sibirica,Claytonia,sibirica,,,,native,S5,,48.868931080000003,-123.346448100000003,,NA,NA,"43555429",obs_native,file:///D:/Simon/Sync/Root/GIS/Biodiversity%20Data/obs_native.csv?type=csv&maxFields=10000&detectTypes=yes&xField=longitude&yField=latitude&crs=EPSG:4326&spatialIndex=no&subsetIndex=no&watchFile=no
"2551",Claytonia sibirica,Claytonia,sibirica,,,,native,S5,,48.933532270000001,-123.481563199999997,,NA,NA,"44447146",obs_native,file:///D:/Simon/Sync/Root/GIS/Biodiversity%20Data/obs_native.csv?type=csv&maxFields=10000&detectTypes=yes&xField=longitude&yField=latitude&crs=EPSG:4326&spatialIndex=no&subsetIndex=no&watchFile=no
"2552",Claytonia sibirica,Claytonia,sibirica,,,,native,S5,,49.003330550000001,-123.574524999999994,,NA,NA,"44486720",obs_native,file:///D:/Simon/Sync/Root/GIS/Biodiversity%20Data/obs_native.csv?type=csv&maxFields=10000&detectTypes=yes&xField=longitude&yField=latitude&crs=EPSG:4326&spatialIndex=no&subsetIndex=no&watchFile=no
"2553",Claytonia sibirica,Claytonia,sibirica,,,,native,S5,,48.958115149999998,-123.509313899999995,,NA,NA,"44569726",obs_native,file:///D:/Simon/Sync/Root/GIS/Biodiversity%20Data/obs_native.csv?type=csv&maxFields=10000&detectTypes=yes&xField=longitude&yField=latitude&crs=EPSG:4326&spatialIndex=no&subsetIndex=no&watchFile=no
"2554",Claytonia sibirica,Claytonia,sibirica,,,,native,S5,,48.939300000000003,-123.500344999999996,,NA,NA,"49133588",obs_native,file:///D:/Simon/Sync/Root/GIS/Biodiversity%20Data/obs_native.csv?type=csv&maxFields=10000&detectTypes=yes&xField=longitude&yField=latitude&crs=EPSG:4326&spatialIndex=no&subsetIndex=no&watchFile=no
"2555",Claytonia sibirica,Claytonia,sibirica,,,,native,S5,,48.879986670000001,-123.328086700000000,,NA,NA,"76668929",obs_native,file:///D:/Simon/Sync/Root/GIS/Biodiversity%20Data/obs_native.csv?type=csv&maxFields=10000&detectTypes=yes&xField=longitude&yField=latitude&crs=EPSG:4326&spatialIndex=no&subsetIndex=no&watchFile=no
"2556",Claytonia sibirica,Claytonia,sibirica,,,,native,S5,,48.876688330000000,-123.371295000000003,,NA,NA,"118608423",obs_native,file:///D:/Simon/Sync/Root/GIS/Biodiversity%20Data/obs_native.csv?type=csv&maxFields=10000&detectTypes=yes&xField=longitude&yField=latitude&crs=EPSG:4326&spatialIndex=no&subsetIndex=no&watchFile=no
"2557",Claytonia sibirica,Claytonia,sibirica,,,,native,S5,,48.880216670000003,-123.381101700000002,,NA,NA,"118718704",obs_native,file:///D:/Simon/Sync/Root/GIS/Biodiversity%20Data/obs_native.csv?type=csv&maxFields=10000&detectTypes=yes&xField=longitude&yField=latitude&crs=EPSG:4326&spatialIndex=no&subsetIndex=no&watchFile=no
"2558",Claytonia sibirica,Claytonia,sibirica,,,,native,S5,,48.888350000000003,-123.336578299999999,,NA,NA,"121538493",obs_native,file:///D:/Simon/Sync/Root/GIS/Biodiversity%20Data/obs_native.csv?type=csv&maxFields=10000&detectTypes=yes&xField=longitude&yField=latitude&crs=EPSG:4326&spatialIndex=no&subsetIndex=no&watchFile=no
"2559",Claytonia sibirica,Claytonia,sibirica,,,,native,S5,,48.983133539999997,-123.542328299999994,,NA,NA,"125678549",obs_native,file:///D:/Simon/Sync/Root/GIS/Biodiversity%20Data/obs_native.csv?type=csv&maxFields=10000&detectTypes=yes&xField=longitude&yField=latitude&crs=EPSG:4326&spatialIndex=no&subsetIndex=no&watchFile=no
"2560",Claytonia sibirica,Claytonia,sibirica,,,,native,S5,,48.936352780000000,-123.466530599999999,,NA,NA,"136073401",obs_native,file:///D:/Simon/Sync/Root/GIS/Biodiversity%20Data/obs_native.csv?type=csv&maxFields=10000&detectTypes=yes&xField=longitude&yField=latitude&crs=EPSG:4326&spatialIndex=no&subsetIndex=no&watchFile=no
"2561",Clematis ligusticifolia,Clematis,ligusticifolia,,,,native,S5 (2019),,48.928755549999998,-123.469020999999998,,NA,NA,"54692240",obs_native,file:///D:/Simon/Sync/Root/GIS/Biodiversity%20Data/obs_native.csv?type=csv&maxFields=10000&detectTypes=yes&xField=longitude&yField=latitude&crs=EPSG:4326&spatialIndex=no&subsetIndex=no&watchFile=no
"2562",Clematis ligusticifolia,Clematis,ligusticifolia,,,,native,S5 (2019),,48.928780349999997,-123.468684699999997,,NA,NA,"54692314",obs_native,file:///D:/Simon/Sync/Root/GIS/Biodiversity%20Data/obs_native.csv?type=csv&maxFields=10000&detectTypes=yes&xField=longitude&yField=latitude&crs=EPSG:4326&spatialIndex=no&subsetIndex=no&watchFile=no
"2566",Clinopodium douglasii,Clinopodium,douglasii,,,,native,S5,,48.932402000000003,-123.483881999999994,,NA,NA,"2588219",obs_native,file:///D:/Simon/Sync/Root/GIS/Biodiversity%20Data/obs_native.csv?type=csv&maxFields=10000&detectTypes=yes&xField=longitude&yField=latitude&crs=EPSG:4326&spatialIndex=no&subsetIndex=no&watchFile=no
"2567",Clinopodium douglasii,Clinopodium,douglasii,,,,native,S5,,48.927591999999997,-123.469441000000003,,NA,NA,"2591198",obs_native,file:///D:/Simon/Sync/Root/GIS/Biodiversity%20Data/obs_native.csv?type=csv&maxFields=10000&detectTypes=yes&xField=longitude&yField=latitude&crs=EPSG:4326&spatialIndex=no&subsetIndex=no&watchFile=no
"2568",Clinopodium douglasii,Clinopodium,douglasii,,,,native,S5,,48.923825000000001,-123.460064000000003,,NA,NA,"2625014",obs_native,file:///D:/Simon/Sync/Root/GIS/Biodiversity%20Data/obs_native.csv?type=csv&maxFields=10000&detectTypes=yes&xField=longitude&yField=latitude&crs=EPSG:4326&spatialIndex=no&subsetIndex=no&watchFile=no
"2569",Clinopodium douglasii,Clinopodium,douglasii,,,,native,S5,,48.871865000000000,-123.367872000000006,,NA,NA,"2626690",obs_native,file:///D:/Simon/Sync/Root/GIS/Biodiversity%20Data/obs_native.csv?type=csv&maxFields=10000&detectTypes=yes&xField=longitude&yField=latitude&crs=EPSG:4326&spatialIndex=no&subsetIndex=no&watchFile=no
"2570",Clinopodium douglasii,Clinopodium,douglasii,,,,native,S5,,48.932811000000001,-123.481447000000003,,NA,NA,"3329587",obs_native,file:///D:/Simon/Sync/Root/GIS/Biodiversity%20Data/obs_native.csv?type=csv&maxFields=10000&detectTypes=yes&xField=longitude&yField=latitude&crs=EPSG:4326&spatialIndex=no&subsetIndex=no&watchFile=no
"2571",Clinopodium douglasii,Clinopodium,douglasii,,,,native,S5,,48.865988000000002,-123.316897999999995,,NA,NA,"3383095",obs_native,file:///D:/Simon/Sync/Root/GIS/Biodiversity%20Data/obs_native.csv?type=csv&maxFields=10000&detectTypes=yes&xField=longitude&yField=latitude&crs=EPSG:4326&spatialIndex=no&subsetIndex=no&watchFile=no
"2572",Clinopodium douglasii,Clinopodium,douglasii,,,,native,S5,,48.898027999999996,-123.405991000000000,,NA,NA,"3493774",obs_native,file:///D:/Simon/Sync/Root/GIS/Biodiversity%20Data/obs_native.csv?type=csv&maxFields=10000&detectTypes=yes&xField=longitude&yField=latitude&crs=EPSG:4326&spatialIndex=no&subsetIndex=no&watchFile=no
"2573",Clinopodium douglasii,Clinopodium,douglasii,,,,native,S5,,48.938403999999998,-123.490179999999995,,NA,NA,"3638424",obs_native,file:///D:/Simon/Sync/Root/GIS/Biodiversity%20Data/obs_native.csv?type=csv&maxFields=10000&detectTypes=yes&xField=longitude&yField=latitude&crs=EPSG:4326&spatialIndex=no&subsetIndex=no&watchFile=no
"2574",Clinopodium douglasii,Clinopodium,douglasii,,,,native,S5,,48.904561620000003,-123.413457899999997,,NA,NA,"6047527",obs_native,file:///D:/Simon/Sync/Root/GIS/Biodiversity%20Data/obs_native.csv?type=csv&maxFields=10000&detectTypes=yes&xField=longitude&yField=latitude&crs=EPSG:4326&spatialIndex=no&subsetIndex=no&watchFile=no
"2575",Clinopodium douglasii,Clinopodium,douglasii,,,,native,S5,,48.943192879999998,-123.484139400000004,,NA,NA,"6411197",obs_native,file:///D:/Simon/Sync/Root/GIS/Biodiversity%20Data/obs_native.csv?type=csv&maxFields=10000&detectTypes=yes&xField=longitude&yField=latitude&crs=EPSG:4326&spatialIndex=no&subsetIndex=no&watchFile=no
"2576",Clinopodium douglasii,Clinopodium,douglasii,,,,native,S5,,48.876598770000001,-123.383266899999995,,NA,NA,"6714902",obs_native,file:///D:/Simon/Sync/Root/GIS/Biodiversity%20Data/obs_native.csv?type=csv&maxFields=10000&detectTypes=yes&xField=longitude&yField=latitude&crs=EPSG:4326&spatialIndex=no&subsetIndex=no&watchFile=no
"2577",Clinopodium douglasii,Clinopodium,douglasii,,,,native,S5,,48.867672100000000,-123.376150300000006,,NA,NA,"9913404",obs_native,file:///D:/Simon/Sync/Root/GIS/Biodiversity%20Data/obs_native.csv?type=csv&maxFields=10000&detectTypes=yes&xField=longitude&yField=latitude&crs=EPSG:4326&spatialIndex=no&subsetIndex=no&watchFile=no
"2578",Clinopodium douglasii,Clinopodium,douglasii,,,,native,S5,,48.867058000000000,-123.334428000000003,,NA,NA,"12817047",obs_native,file:///D:/Simon/Sync/Root/GIS/Biodiversity%20Data/obs_native.csv?type=csv&maxFields=10000&detectTypes=yes&xField=longitude&yField=latitude&crs=EPSG:4326&spatialIndex=no&subsetIndex=no&watchFile=no
"2579",Clinopodium douglasii,Clinopodium,douglasii,,,,native,S5,,48.926895999999999,-123.465663000000006,,NA,NA,"13166237",obs_native,file:///D:/Simon/Sync/Root/GIS/Biodiversity%20Data/obs_native.csv?type=csv&maxFields=10000&detectTypes=yes&xField=longitude&yField=latitude&crs=EPSG:4326&spatialIndex=no&subsetIndex=no&watchFile=no
"2580",Clinopodium douglasii,Clinopodium,douglasii,,,,native,S5,,48.869661669999999,-123.346321700000004,,NA,NA,"13973351",obs_native,file:///D:/Simon/Sync/Root/GIS/Biodiversity%20Data/obs_native.csv?type=csv&maxFields=10000&detectTypes=yes&xField=longitude&yField=latitude&crs=EPSG:4326&spatialIndex=no&subsetIndex=no&watchFile=no
"2581",Clinopodium douglasii,Clinopodium,douglasii,,,,native,S5,,48.983688930000000,-123.567987799999997,,NA,NA,"14282402",obs_native,file:///D:/Simon/Sync/Root/GIS/Biodiversity%20Data/obs_native.csv?type=csv&maxFields=10000&detectTypes=yes&xField=longitude&yField=latitude&crs=EPSG:4326&spatialIndex=no&subsetIndex=no&watchFile=no
"2582",Clinopodium douglasii,Clinopodium,douglasii,,,,native,S5,,48.866956060000000,-123.341274999999996,,NA,NA,"16310387",obs_native,file:///D:/Simon/Sync/Root/GIS/Biodiversity%20Data/obs_native.csv?type=csv&maxFields=10000&detectTypes=yes&xField=longitude&yField=latitude&crs=EPSG:4326&spatialIndex=no&subsetIndex=no&watchFile=no
"2583",Clinopodium douglasii,Clinopodium,douglasii,,,,native,S5,,48.901480560000003,-123.405691700000006,,NA,NA,"24683907",obs_native,file:///D:/Simon/Sync/Root/GIS/Biodiversity%20Data/obs_native.csv?type=csv&maxFields=10000&detectTypes=yes&xField=longitude&yField=latitude&crs=EPSG:4326&spatialIndex=no&subsetIndex=no&watchFile=no
"2584",Clinopodium douglasii,Clinopodium,douglasii,,,,native,S5,,48.901436109999999,-123.405686099999997,,NA,NA,"24683913",obs_native,file:///D:/Simon/Sync/Root/GIS/Biodiversity%20Data/obs_native.csv?type=csv&maxFields=10000&detectTypes=yes&xField=longitude&yField=latitude&crs=EPSG:4326&spatialIndex=no&subsetIndex=no&watchFile=no
"2585",Clinopodium douglasii,Clinopodium,douglasii,,,,native,S5,,48.901436109999999,-123.405699999999996,,NA,NA,"24683915",obs_native,file:///D:/Simon/Sync/Root/GIS/Biodiversity%20Data/obs_native.csv?type=csv&maxFields=10000&detectTypes=yes&xField=longitude&yField=latitude&crs=EPSG:4326&spatialIndex=no&subsetIndex=no&watchFile=no
"2586",Clinopodium douglasii,Clinopodium,douglasii,,,,native,S5,,48.901638890000001,-123.405472200000006,,NA,NA,"24683917",obs_native,file:///D:/Simon/Sync/Root/GIS/Biodiversity%20Data/obs_native.csv?type=csv&maxFields=10000&detectTypes=yes&xField=longitude&yField=latitude&crs=EPSG:4326&spatialIndex=no&subsetIndex=no&watchFile=no
"2587",Clinopodium douglasii,Clinopodium,douglasii,,,,native,S5,,48.900719440000003,-123.405472200000006,,NA,NA,"24683958",obs_native,file:///D:/Simon/Sync/Root/GIS/Biodiversity%20Data/obs_native.csv?type=csv&maxFields=10000&detectTypes=yes&xField=longitude&yField=latitude&crs=EPSG:4326&spatialIndex=no&subsetIndex=no&watchFile=no
"2588",Clinopodium douglasii,Clinopodium,douglasii,,,,native,S5,,48.957394999999998,-123.541641700000000,,NA,NA,"24698945",obs_native,file:///D:/Simon/Sync/Root/GIS/Biodiversity%20Data/obs_native.csv?type=csv&maxFields=10000&detectTypes=yes&xField=longitude&yField=latitude&crs=EPSG:4326&spatialIndex=no&subsetIndex=no&watchFile=no
"2589",Clinopodium douglasii,Clinopodium,douglasii,,,,native,S5,,48.901643200000002,-123.405726900000005,,NA,NA,"24708834",obs_native,file:///D:/Simon/Sync/Root/GIS/Biodiversity%20Data/obs_native.csv?type=csv&maxFields=10000&detectTypes=yes&xField=longitude&yField=latitude&crs=EPSG:4326&spatialIndex=no&subsetIndex=no&watchFile=no
"2590",Clinopodium douglasii,Clinopodium,douglasii,,,,native,S5,,48.899538999999997,-123.404445999999993,,NA,NA,"24711278",obs_native,file:///D:/Simon/Sync/Root/GIS/Biodiversity%20Data/obs_native.csv?type=csv&maxFields=10000&detectTypes=yes&xField=longitude&yField=latitude&crs=EPSG:4326&spatialIndex=no&subsetIndex=no&watchFile=no
"2591",Clinopodium douglasii,Clinopodium,douglasii,,,,native,S5,,48.871762050000001,-123.312118100000006,,NA,NA,"24713506",obs_native,file:///D:/Simon/Sync/Root/GIS/Biodiversity%20Data/obs_native.csv?type=csv&maxFields=10000&detectTypes=yes&xField=longitude&yField=latitude&crs=EPSG:4326&spatialIndex=no&subsetIndex=no&watchFile=no
"2592",Clinopodium douglasii,Clinopodium,douglasii,,,,native,S5,,48.901132740000001,-123.405853199999996,,NA,NA,"24715311",obs_native,file:///D:/Simon/Sync/Root/GIS/Biodiversity%20Data/obs_native.csv?type=csv&maxFields=10000&detectTypes=yes&xField=longitude&yField=latitude&crs=EPSG:4326&spatialIndex=no&subsetIndex=no&watchFile=no
"2593",Clinopodium douglasii,Clinopodium,douglasii,,,,native,S5,,48.859513329999999,-123.353218299999995,,NA,NA,"24768162",obs_native,file:///D:/Simon/Sync/Root/GIS/Biodiversity%20Data/obs_native.csv?type=csv&maxFields=10000&detectTypes=yes&xField=longitude&yField=latitude&crs=EPSG:4326&spatialIndex=no&subsetIndex=no&watchFile=no
"2594",Clinopodium douglasii,Clinopodium,douglasii,,,,native,S5,,48.871936110000000,-123.312469399999998,,NA,NA,"24806522",obs_native,file:///D:/Simon/Sync/Root/GIS/Biodiversity%20Data/obs_native.csv?type=csv&maxFields=10000&detectTypes=yes&xField=longitude&yField=latitude&crs=EPSG:4326&spatialIndex=no&subsetIndex=no&watchFile=no
"2595",Clinopodium douglasii,Clinopodium,douglasii,,,,native,S5,,48.872116669999997,-123.312752799999998,,NA,NA,"24824157",obs_native,file:///D:/Simon/Sync/Root/GIS/Biodiversity%20Data/obs_native.csv?type=csv&maxFields=10000&detectTypes=yes&xField=longitude&yField=latitude&crs=EPSG:4326&spatialIndex=no&subsetIndex=no&watchFile=no
"2596",Clinopodium douglasii,Clinopodium,douglasii,,,,native,S5,,48.871808330000000,-123.312486100000001,,NA,NA,"24824167",obs_native,file:///D:/Simon/Sync/Root/GIS/Biodiversity%20Data/obs_native.csv?type=csv&maxFields=10000&detectTypes=yes&xField=longitude&yField=latitude&crs=EPSG:4326&spatialIndex=no&subsetIndex=no&watchFile=no
"2597",Clinopodium douglasii,Clinopodium,douglasii,,,,native,S5,,48.900716910000000,-123.405070899999998,,NA,NA,"24939783",obs_native,file:///D:/Simon/Sync/Root/GIS/Biodiversity%20Data/obs_native.csv?type=csv&maxFields=10000&detectTypes=yes&xField=longitude&yField=latitude&crs=EPSG:4326&spatialIndex=no&subsetIndex=no&watchFile=no
"2598",Clinopodium douglasii,Clinopodium,douglasii,,,,native,S5,,48.872124999999997,-123.312697200000002,,NA,NA,"25048323",obs_native,file:///D:/Simon/Sync/Root/GIS/Biodiversity%20Data/obs_native.csv?type=csv&maxFields=10000&detectTypes=yes&xField=longitude&yField=latitude&crs=EPSG:4326&spatialIndex=no&subsetIndex=no&watchFile=no
"2599",Clinopodium douglasii,Clinopodium,douglasii,,,,native,S5,,48.899105450000000,-123.407520899999994,,NA,NA,"25476166",obs_native,file:///D:/Simon/Sync/Root/GIS/Biodiversity%20Data/obs_native.csv?type=csv&maxFields=10000&detectTypes=yes&xField=longitude&yField=latitude&crs=EPSG:4326&spatialIndex=no&subsetIndex=no&watchFile=no
"2600",Clinopodium douglasii,Clinopodium,douglasii,,,,native,S5,,48.901336110000003,-123.405655600000003,,NA,NA,"25541306",obs_native,file:///D:/Simon/Sync/Root/GIS/Biodiversity%20Data/obs_native.csv?type=csv&maxFields=10000&detectTypes=yes&xField=longitude&yField=latitude&crs=EPSG:4326&spatialIndex=no&subsetIndex=no&watchFile=no
"2601",Clinopodium douglasii,Clinopodium,douglasii,,,,native,S5,,48.932168259999997,-123.478904099999994,,NA,NA,"53384763",obs_native,file:///D:/Simon/Sync/Root/GIS/Biodiversity%20Data/obs_native.csv?type=csv&maxFields=10000&detectTypes=yes&xField=longitude&yField=latitude&crs=EPSG:4326&spatialIndex=no&subsetIndex=no&watchFile=no
"2602",Clinopodium douglasii,Clinopodium,douglasii,,,,native,S5,,48.932381849999999,-123.479355200000001,,NA,NA,"54412671",obs_native,file:///D:/Simon/Sync/Root/GIS/Biodiversity%20Data/obs_native.csv?type=csv&maxFields=10000&detectTypes=yes&xField=longitude&yField=latitude&crs=EPSG:4326&spatialIndex=no&subsetIndex=no&watchFile=no
"2603",Clinopodium douglasii,Clinopodium,douglasii,,,,native,S5,,49.013128330000001,-123.572883300000001,,NA,NA,"57128002",obs_native,file:///D:/Simon/Sync/Root/GIS/Biodiversity%20Data/obs_native.csv?type=csv&maxFields=10000&detectTypes=yes&xField=longitude&yField=latitude&crs=EPSG:4326&spatialIndex=no&subsetIndex=no&watchFile=no
"2604",Clinopodium douglasii,Clinopodium,douglasii,,,,native,S5,,49.003408090000001,-123.570353800000007,,NA,NA,"59405522",obs_native,file:///D:/Simon/Sync/Root/GIS/Biodiversity%20Data/obs_native.csv?type=csv&maxFields=10000&detectTypes=yes&xField=longitude&yField=latitude&crs=EPSG:4326&spatialIndex=no&subsetIndex=no&watchFile=no
"2605",Clinopodium douglasii,Clinopodium,douglasii,,,,native,S5,,48.875815000000003,-123.385653300000001,,NA,NA,"77854397",obs_native,file:///D:/Simon/Sync/Root/GIS/Biodiversity%20Data/obs_native.csv?type=csv&maxFields=10000&detectTypes=yes&xField=longitude&yField=latitude&crs=EPSG:4326&spatialIndex=no&subsetIndex=no&watchFile=no
"2606",Clinopodium douglasii,Clinopodium,douglasii,,,,native,S5,,48.866688330000002,-123.316969999999998,,NA,NA,"82581741",obs_native,file:///D:/Simon/Sync/Root/GIS/Biodiversity%20Data/obs_native.csv?type=csv&maxFields=10000&detectTypes=yes&xField=longitude&yField=latitude&crs=EPSG:4326&spatialIndex=no&subsetIndex=no&watchFile=no
"2607",Clinopodium douglasii,Clinopodium,douglasii,,,,native,S5,,48.886672480000001,-123.357031000000006,,NA,NA,"83098029",obs_native,file:///D:/Simon/Sync/Root/GIS/Biodiversity%20Data/obs_native.csv?type=csv&maxFields=10000&detectTypes=yes&xField=longitude&yField=latitude&crs=EPSG:4326&spatialIndex=no&subsetIndex=no&watchFile=no
"2608",Clinopodium douglasii,Clinopodium,douglasii,,,,native,S5,,48.867472220000003,-123.337361099999995,,NA,NA,"83098052",obs_native,file:///D:/Simon/Sync/Root/GIS/Biodiversity%20Data/obs_native.csv?type=csv&maxFields=10000&detectTypes=yes&xField=longitude&yField=latitude&crs=EPSG:4326&spatialIndex=no&subsetIndex=no&watchFile=no
"2609",Clinopodium douglasii,Clinopodium,douglasii,,,,native,S5,,48.930683330000001,-123.469308299999994,,NA,NA,"84486177",obs_native,file:///D:/Simon/Sync/Root/GIS/Biodiversity%20Data/obs_native.csv?type=csv&maxFields=10000&detectTypes=yes&xField=longitude&yField=latitude&crs=EPSG:4326&spatialIndex=no&subsetIndex=no&watchFile=no
"2610",Clinopodium douglasii,Clinopodium,douglasii,,,,native,S5,,49.000558329999997,-123.560921699999994,,NA,NA,"94679686",obs_native,file:///D:/Simon/Sync/Root/GIS/Biodiversity%20Data/obs_native.csv?type=csv&maxFields=10000&detectTypes=yes&xField=longitude&yField=latitude&crs=EPSG:4326&spatialIndex=no&subsetIndex=no&watchFile=no
"2611",Clinopodium douglasii,Clinopodium,douglasii,,,,native,S5,,48.963790920000001,-123.549143700000002,,NA,NA,"105987937",obs_native,file:///D:/Simon/Sync/Root/GIS/Biodiversity%20Data/obs_native.csv?type=csv&maxFields=10000&detectTypes=yes&xField=longitude&yField=latitude&crs=EPSG:4326&spatialIndex=no&subsetIndex=no&watchFile=no
"2612",Clinopodium douglasii,Clinopodium,douglasii,,,,native,S5,,48.904558559999998,-123.367996599999998,,NA,NA,"120891207",obs_native,file:///D:/Simon/Sync/Root/GIS/Biodiversity%20Data/obs_native.csv?type=csv&maxFields=10000&detectTypes=yes&xField=longitude&yField=latitude&crs=EPSG:4326&spatialIndex=no&subsetIndex=no&watchFile=no
"2613",Clinopodium douglasii,Clinopodium,douglasii,,,,native,S5,,49.012120000000003,-123.575623300000004,,NA,NA,"123934532",obs_native,file:///D:/Simon/Sync/Root/GIS/Biodiversity%20Data/obs_native.csv?type=csv&maxFields=10000&detectTypes=yes&xField=longitude&yField=latitude&crs=EPSG:4326&spatialIndex=no&subsetIndex=no&watchFile=no
"2614",Clinopodium douglasii,Clinopodium,douglasii,,,,native,S5,,48.894096670000003,-123.403946700000006,,NA,NA,"126311081",obs_native,file:///D:/Simon/Sync/Root/GIS/Biodiversity%20Data/obs_native.csv?type=csv&maxFields=10000&detectTypes=yes&xField=longitude&yField=latitude&crs=EPSG:4326&spatialIndex=no&subsetIndex=no&watchFile=no
"2615",Collinsia grandiflora,Collinsia,grandiflora,,,,native,S4,,48.868248999999999,-123.341660000000005,,NA,NA,"2876192",obs_native,file:///D:/Simon/Sync/Root/GIS/Biodiversity%20Data/obs_native.csv?type=csv&maxFields=10000&detectTypes=yes&xField=longitude&yField=latitude&crs=EPSG:4326&spatialIndex=no&subsetIndex=no&watchFile=no
"2616",Collinsia grandiflora,Collinsia,grandiflora,,,,native,S4,,48.867880999999997,-123.340723999999994,,NA,NA,"5450392",obs_native,file:///D:/Simon/Sync/Root/GIS/Biodiversity%20Data/obs_native.csv?type=csv&maxFields=10000&detectTypes=yes&xField=longitude&yField=latitude&crs=EPSG:4326&spatialIndex=no&subsetIndex=no&watchFile=no
"2617",Collinsia grandiflora,Collinsia,grandiflora,,,,native,S4,,48.868785000000003,-123.378710999999996,,NA,NA,"5472911",obs_native,file:///D:/Simon/Sync/Root/GIS/Biodiversity%20Data/obs_native.csv?type=csv&maxFields=10000&detectTypes=yes&xField=longitude&yField=latitude&crs=EPSG:4326&spatialIndex=no&subsetIndex=no&watchFile=no
"2618",Collinsia grandiflora,Collinsia,grandiflora,,,,native,S4,,48.863999999999997,-123.366241000000002,,NA,NA,"5516488",obs_native,file:///D:/Simon/Sync/Root/GIS/Biodiversity%20Data/obs_native.csv?type=csv&maxFields=10000&detectTypes=yes&xField=longitude&yField=latitude&crs=EPSG:4326&spatialIndex=no&subsetIndex=no&watchFile=no
"2619",Collinsia grandiflora,Collinsia,grandiflora,,,,native,S4,,48.906620830000001,-123.358011200000007,,NA,NA,"5646950",obs_native,file:///D:/Simon/Sync/Root/GIS/Biodiversity%20Data/obs_native.csv?type=csv&maxFields=10000&detectTypes=yes&xField=longitude&yField=latitude&crs=EPSG:4326&spatialIndex=no&subsetIndex=no&watchFile=no
"2620",Collinsia grandiflora,Collinsia,grandiflora,,,,native,S4,,48.867940089999998,-123.387027399999994,,NA,NA,"5715307",obs_native,file:///D:/Simon/Sync/Root/GIS/Biodiversity%20Data/obs_native.csv?type=csv&maxFields=10000&detectTypes=yes&xField=longitude&yField=latitude&crs=EPSG:4326&spatialIndex=no&subsetIndex=no&watchFile=no
"2621",Collinsia grandiflora,Collinsia,grandiflora,,,,native,S4,,48.867940089999998,-123.387027399999994,,NA,NA,"5715317",obs_native,file:///D:/Simon/Sync/Root/GIS/Biodiversity%20Data/obs_native.csv?type=csv&maxFields=10000&detectTypes=yes&xField=longitude&yField=latitude&crs=EPSG:4326&spatialIndex=no&subsetIndex=no&watchFile=no
"2622",Collinsia grandiflora,Collinsia,grandiflora,,,,native,S4,,48.906719549999998,-123.358397499999995,,NA,NA,"5885837",obs_native,file:///D:/Simon/Sync/Root/GIS/Biodiversity%20Data/obs_native.csv?type=csv&maxFields=10000&detectTypes=yes&xField=longitude&yField=latitude&crs=EPSG:4326&spatialIndex=no&subsetIndex=no&watchFile=no
"2623",Collinsia grandiflora,Collinsia,grandiflora,,,,native,S4,,48.906832379999997,-123.356745200000006,,NA,NA,"5886426",obs_native,file:///D:/Simon/Sync/Root/GIS/Biodiversity%20Data/obs_native.csv?type=csv&maxFields=10000&detectTypes=yes&xField=longitude&yField=latitude&crs=EPSG:4326&spatialIndex=no&subsetIndex=no&watchFile=no
"2624",Collinsia grandiflora,Collinsia,grandiflora,,,,native,S4,,48.940345899999997,-123.504352600000004,,NA,NA,"6306972",obs_native,file:///D:/Simon/Sync/Root/GIS/Biodiversity%20Data/obs_native.csv?type=csv&maxFields=10000&detectTypes=yes&xField=longitude&yField=latitude&crs=EPSG:4326&spatialIndex=no&subsetIndex=no&watchFile=no
"2625",Collinsia grandiflora,Collinsia,grandiflora,,,,native,S4,,48.900696850000003,-123.336124400000003,,NA,NA,"6425172",obs_native,file:///D:/Simon/Sync/Root/GIS/Biodiversity%20Data/obs_native.csv?type=csv&maxFields=10000&detectTypes=yes&xField=longitude&yField=latitude&crs=EPSG:4326&spatialIndex=no&subsetIndex=no&watchFile=no
"2626",Collinsia grandiflora,Collinsia,grandiflora,,,,native,S4,,48.900696850000003,-123.336124400000003,,NA,NA,"6425190",obs_native,file:///D:/Simon/Sync/Root/GIS/Biodiversity%20Data/obs_native.csv?type=csv&maxFields=10000&detectTypes=yes&xField=longitude&yField=latitude&crs=EPSG:4326&spatialIndex=no&subsetIndex=no&watchFile=no
"2627",Collinsia grandiflora,Collinsia,grandiflora,,,,native,S4,,48.917994999999998,-123.398033299999994,,NA,NA,"11577728",obs_native,file:///D:/Simon/Sync/Root/GIS/Biodiversity%20Data/obs_native.csv?type=csv&maxFields=10000&detectTypes=yes&xField=longitude&yField=latitude&crs=EPSG:4326&spatialIndex=no&subsetIndex=no&watchFile=no
"2628",Collinsia grandiflora,Collinsia,grandiflora,,,,native,S4,,48.917157000000003,-123.395787999999996,,NA,NA,"12314919",obs_native,file:///D:/Simon/Sync/Root/GIS/Biodiversity%20Data/obs_native.csv?type=csv&maxFields=10000&detectTypes=yes&xField=longitude&yField=latitude&crs=EPSG:4326&spatialIndex=no&subsetIndex=no&watchFile=no
"2629",Collinsia grandiflora,Collinsia,grandiflora,,,,native,S4,,48.983750000000001,-123.555745799999997,,NA,NA,"15412683",obs_native,file:///D:/Simon/Sync/Root/GIS/Biodiversity%20Data/obs_native.csv?type=csv&maxFields=10000&detectTypes=yes&xField=longitude&yField=latitude&crs=EPSG:4326&spatialIndex=no&subsetIndex=no&watchFile=no
"2630",Collinsia grandiflora,Collinsia,grandiflora,,,,native,S4,,48.872148009999997,-123.310879000000000,,NA,NA,"22799492",obs_native,file:///D:/Simon/Sync/Root/GIS/Biodiversity%20Data/obs_native.csv?type=csv&maxFields=10000&detectTypes=yes&xField=longitude&yField=latitude&crs=EPSG:4326&spatialIndex=no&subsetIndex=no&watchFile=no
"2631",Collinsia grandiflora,Collinsia,grandiflora,,,,native,S4,,48.872486670000001,-123.312470000000005,,NA,NA,"24639944",obs_native,file:///D:/Simon/Sync/Root/GIS/Biodiversity%20Data/obs_native.csv?type=csv&maxFields=10000&detectTypes=yes&xField=longitude&yField=latitude&crs=EPSG:4326&spatialIndex=no&subsetIndex=no&watchFile=no
"2632",Collinsia grandiflora,Collinsia,grandiflora,,,,native,S4,,48.868377780000003,-123.377097199999994,,NA,NA,"24687968",obs_native,file:///D:/Simon/Sync/Root/GIS/Biodiversity%20Data/obs_native.csv?type=csv&maxFields=10000&detectTypes=yes&xField=longitude&yField=latitude&crs=EPSG:4326&spatialIndex=no&subsetIndex=no&watchFile=no
"2633",Collinsia grandiflora,Collinsia,grandiflora,,,,native,S4,,48.868297220000002,-123.376580599999997,,NA,NA,"24688039",obs_native,file:///D:/Simon/Sync/Root/GIS/Biodiversity%20Data/obs_native.csv?type=csv&maxFields=10000&detectTypes=yes&xField=longitude&yField=latitude&crs=EPSG:4326&spatialIndex=no&subsetIndex=no&watchFile=no
"2634",Collinsia grandiflora,Collinsia,grandiflora,,,,native,S4,,48.868277780000000,-123.376572199999998,,NA,NA,"24688053",obs_native,file:///D:/Simon/Sync/Root/GIS/Biodiversity%20Data/obs_native.csv?type=csv&maxFields=10000&detectTypes=yes&xField=longitude&yField=latitude&crs=EPSG:4326&spatialIndex=no&subsetIndex=no&watchFile=no
"2635",Collinsia grandiflora,Collinsia,grandiflora,,,,native,S4,,48.912467939999999,-123.389673700000003,,NA,NA,"24688882",obs_native,file:///D:/Simon/Sync/Root/GIS/Biodiversity%20Data/obs_native.csv?type=csv&maxFields=10000&detectTypes=yes&xField=longitude&yField=latitude&crs=EPSG:4326&spatialIndex=no&subsetIndex=no&watchFile=no
"2636",Collinsia grandiflora,Collinsia,grandiflora,,,,native,S4,,48.872505560000000,-123.310827799999998,,NA,NA,"24697574",obs_native,file:///D:/Simon/Sync/Root/GIS/Biodiversity%20Data/obs_native.csv?type=csv&maxFields=10000&detectTypes=yes&xField=longitude&yField=latitude&crs=EPSG:4326&spatialIndex=no&subsetIndex=no&watchFile=no
"2637",Collinsia grandiflora,Collinsia,grandiflora,,,,native,S4,,48.872391669999999,-123.312736099999995,,NA,NA,"24806463",obs_native,file:///D:/Simon/Sync/Root/GIS/Biodiversity%20Data/obs_native.csv?type=csv&maxFields=10000&detectTypes=yes&xField=longitude&yField=latitude&crs=EPSG:4326&spatialIndex=no&subsetIndex=no&watchFile=no
"2638",Collinsia grandiflora,Collinsia,grandiflora,,,,native,S4,,48.872477779999997,-123.312744400000000,,NA,NA,"24806466",obs_native,file:///D:/Simon/Sync/Root/GIS/Biodiversity%20Data/obs_native.csv?type=csv&maxFields=10000&detectTypes=yes&xField=longitude&yField=latitude&crs=EPSG:4326&spatialIndex=no&subsetIndex=no&watchFile=no
"2639",Collinsia grandiflora,Collinsia,grandiflora,,,,native,S4,,48.872391669999999,-123.312736099999995,,NA,NA,"24806722",obs_native,file:///D:/Simon/Sync/Root/GIS/Biodiversity%20Data/obs_native.csv?type=csv&maxFields=10000&detectTypes=yes&xField=longitude&yField=latitude&crs=EPSG:4326&spatialIndex=no&subsetIndex=no&watchFile=no
"2640",Collinsia grandiflora,Collinsia,grandiflora,,,,native,S4,,48.872222219999998,-123.312111099999996,,NA,NA,"24806733",obs_native,file:///D:/Simon/Sync/Root/GIS/Biodiversity%20Data/obs_native.csv?type=csv&maxFields=10000&detectTypes=yes&xField=longitude&yField=latitude&crs=EPSG:4326&spatialIndex=no&subsetIndex=no&watchFile=no
"2641",Collinsia grandiflora,Collinsia,grandiflora,,,,native,S4,,48.872336109999999,-123.312727800000005,,NA,NA,"24824117",obs_native,file:///D:/Simon/Sync/Root/GIS/Biodiversity%20Data/obs_native.csv?type=csv&maxFields=10000&detectTypes=yes&xField=longitude&yField=latitude&crs=EPSG:4326&spatialIndex=no&subsetIndex=no&watchFile=no
"2642",Collinsia grandiflora,Collinsia,grandiflora,,,,native,S4,,48.872516670000003,-123.312788900000001,,NA,NA,"24824126",obs_native,file:///D:/Simon/Sync/Root/GIS/Biodiversity%20Data/obs_native.csv?type=csv&maxFields=10000&detectTypes=yes&xField=longitude&yField=latitude&crs=EPSG:4326&spatialIndex=no&subsetIndex=no&watchFile=no
"2643",Collinsia grandiflora,Collinsia,grandiflora,,,,native,S4,,48.872197219999997,-123.312513899999999,,NA,NA,"24824140",obs_native,file:///D:/Simon/Sync/Root/GIS/Biodiversity%20Data/obs_native.csv?type=csv&maxFields=10000&detectTypes=yes&xField=longitude&yField=latitude&crs=EPSG:4326&spatialIndex=no&subsetIndex=no&watchFile=no
"2644",Collinsia grandiflora,Collinsia,grandiflora,,,,native,S4,,48.872557620000002,-123.312580400000002,,NA,NA,"25199144",obs_native,file:///D:/Simon/Sync/Root/GIS/Biodiversity%20Data/obs_native.csv?type=csv&maxFields=10000&detectTypes=yes&xField=longitude&yField=latitude&crs=EPSG:4326&spatialIndex=no&subsetIndex=no&watchFile=no
"2645",Collinsia grandiflora,Collinsia,grandiflora,,,,native,S4,,48.872474179999998,-123.312635599999993,,NA,NA,"25199165",obs_native,file:///D:/Simon/Sync/Root/GIS/Biodiversity%20Data/obs_native.csv?type=csv&maxFields=10000&detectTypes=yes&xField=longitude&yField=latitude&crs=EPSG:4326&spatialIndex=no&subsetIndex=no&watchFile=no
"2646",Collinsia grandiflora,Collinsia,grandiflora,,,,native,S4,,48.872438010000003,-123.312616599999998,,NA,NA,"25199175",obs_native,file:///D:/Simon/Sync/Root/GIS/Biodiversity%20Data/obs_native.csv?type=csv&maxFields=10000&detectTypes=yes&xField=longitude&yField=latitude&crs=EPSG:4326&spatialIndex=no&subsetIndex=no&watchFile=no
"2647",Collinsia grandiflora,Collinsia,grandiflora,,,,native,S4,,48.872233330000000,-123.312713299999999,,NA,NA,"32120967",obs_native,file:///D:/Simon/Sync/Root/GIS/Biodiversity%20Data/obs_native.csv?type=csv&maxFields=10000&detectTypes=yes&xField=longitude&yField=latitude&crs=EPSG:4326&spatialIndex=no&subsetIndex=no&watchFile=no
"2648",Collinsia grandiflora,Collinsia,grandiflora,,,,native,S4,,48.865608330000001,-123.365027799999993,,NA,NA,"42637613",obs_native,file:///D:/Simon/Sync/Root/GIS/Biodiversity%20Data/obs_native.csv?type=csv&maxFields=10000&detectTypes=yes&xField=longitude&yField=latitude&crs=EPSG:4326&spatialIndex=no&subsetIndex=no&watchFile=no
"2649",Collinsia grandiflora,Collinsia,grandiflora,,,,native,S4,,48.938753329999997,-123.500453300000004,,NA,NA,"72321412",obs_native,file:///D:/Simon/Sync/Root/GIS/Biodiversity%20Data/obs_native.csv?type=csv&maxFields=10000&detectTypes=yes&xField=longitude&yField=latitude&crs=EPSG:4326&spatialIndex=no&subsetIndex=no&watchFile=no
"2650",Collinsia grandiflora,Collinsia,grandiflora,,,,native,S4,,48.938710000000000,-123.500378299999994,,NA,NA,"72321413",obs_native,file:///D:/Simon/Sync/Root/GIS/Biodiversity%20Data/obs_native.csv?type=csv&maxFields=10000&detectTypes=yes&xField=longitude&yField=latitude&crs=EPSG:4326&spatialIndex=no&subsetIndex=no&watchFile=no
"2651",Collinsia grandiflora,Collinsia,grandiflora,,,,native,S4,,49.008350159999999,-123.572196399999996,,NA,NA,"77825816",obs_native,file:///D:/Simon/Sync/Root/GIS/Biodiversity%20Data/obs_native.csv?type=csv&maxFields=10000&detectTypes=yes&xField=longitude&yField=latitude&crs=EPSG:4326&spatialIndex=no&subsetIndex=no&watchFile=no
"2652",Collinsia grandiflora,Collinsia,grandiflora,,,,native,S4,,48.863672399999999,-123.329920099999995,,NA,NA,"78656632",obs_native,file:///D:/Simon/Sync/Root/GIS/Biodiversity%20Data/obs_native.csv?type=csv&maxFields=10000&detectTypes=yes&xField=longitude&yField=latitude&crs=EPSG:4326&spatialIndex=no&subsetIndex=no&watchFile=no
"2653",Collinsia grandiflora,Collinsia,grandiflora,,,,native,S4,,48.867644700000000,-123.339515599999999,,NA,NA,"107976727",obs_native,file:///D:/Simon/Sync/Root/GIS/Biodiversity%20Data/obs_native.csv?type=csv&maxFields=10000&detectTypes=yes&xField=longitude&yField=latitude&crs=EPSG:4326&spatialIndex=no&subsetIndex=no&watchFile=no
"2654",Collinsia grandiflora,Collinsia,grandiflora,,,,native,S4,,48.863633329999999,-123.329911699999997,,NA,NA,"109624302",obs_native,file:///D:/Simon/Sync/Root/GIS/Biodiversity%20Data/obs_native.csv?type=csv&maxFields=10000&detectTypes=yes&xField=longitude&yField=latitude&crs=EPSG:4326&spatialIndex=no&subsetIndex=no&watchFile=no
"2655",Collinsia grandiflora,Collinsia,grandiflora,,,,native,S4,,48.872358329999997,-123.311059999999998,,NA,NA,"109707323",obs_native,file:///D:/Simon/Sync/Root/GIS/Biodiversity%20Data/obs_native.csv?type=csv&maxFields=10000&detectTypes=yes&xField=longitude&yField=latitude&crs=EPSG:4326&spatialIndex=no&subsetIndex=no&watchFile=no
"2656",Collinsia grandiflora,Collinsia,grandiflora,,,,native,S4,,48.872328330000002,-123.310996700000004,,NA,NA,"109707324",obs_native,file:///D:/Simon/Sync/Root/GIS/Biodiversity%20Data/obs_native.csv?type=csv&maxFields=10000&detectTypes=yes&xField=longitude&yField=latitude&crs=EPSG:4326&spatialIndex=no&subsetIndex=no&watchFile=no
"2657",Collinsia grandiflora,Collinsia,grandiflora,,,,native,S4,,48.866316670000003,-123.334403300000005,,NA,NA,"109831291",obs_native,file:///D:/Simon/Sync/Root/GIS/Biodiversity%20Data/obs_native.csv?type=csv&maxFields=10000&detectTypes=yes&xField=longitude&yField=latitude&crs=EPSG:4326&spatialIndex=no&subsetIndex=no&watchFile=no
"2658",Collinsia grandiflora,Collinsia,grandiflora,,,,native,S4,,48.861413890000001,-123.365863899999994,,NA,NA,"110109882",obs_native,file:///D:/Simon/Sync/Root/GIS/Biodiversity%20Data/obs_native.csv?type=csv&maxFields=10000&detectTypes=yes&xField=longitude&yField=latitude&crs=EPSG:4326&spatialIndex=no&subsetIndex=no&watchFile=no
"2659",Collinsia grandiflora,Collinsia,grandiflora,,,,native,S4,,48.868236670000002,-123.340988300000006,,NA,NA,"110814208",obs_native,file:///D:/Simon/Sync/Root/GIS/Biodiversity%20Data/obs_native.csv?type=csv&maxFields=10000&detectTypes=yes&xField=longitude&yField=latitude&crs=EPSG:4326&spatialIndex=no&subsetIndex=no&watchFile=no
"2660",Collinsia grandiflora,Collinsia,grandiflora,,,,native,S4,,48.867570000000001,-123.339453300000002,,NA,NA,"110820823",obs_native,file:///D:/Simon/Sync/Root/GIS/Biodiversity%20Data/obs_native.csv?type=csv&maxFields=10000&detectTypes=yes&xField=longitude&yField=latitude&crs=EPSG:4326&spatialIndex=no&subsetIndex=no&watchFile=no
"2661",Collinsia grandiflora,Collinsia,grandiflora,,,,native,S4,,48.867778999999999,-123.339332999999996,,NA,NA,"110937710",obs_native,file:///D:/Simon/Sync/Root/GIS/Biodiversity%20Data/obs_native.csv?type=csv&maxFields=10000&detectTypes=yes&xField=longitude&yField=latitude&crs=EPSG:4326&spatialIndex=no&subsetIndex=no&watchFile=no
"2662",Collinsia grandiflora,Collinsia,grandiflora,,,,native,S4,,48.909733330000002,-123.372619999999998,,NA,NA,"111053085",obs_native,file:///D:/Simon/Sync/Root/GIS/Biodiversity%20Data/obs_native.csv?type=csv&maxFields=10000&detectTypes=yes&xField=longitude&yField=latitude&crs=EPSG:4326&spatialIndex=no&subsetIndex=no&watchFile=no
"2663",Collinsia grandiflora,Collinsia,grandiflora,,,,native,S4,,48.952583330000003,-123.533508299999994,,NA,NA,"111108821",obs_native,file:///D:/Simon/Sync/Root/GIS/Biodiversity%20Data/obs_native.csv?type=csv&maxFields=10000&detectTypes=yes&xField=longitude&yField=latitude&crs=EPSG:4326&spatialIndex=no&subsetIndex=no&watchFile=no
"2664",Collinsia grandiflora,Collinsia,grandiflora,,,,native,S4,,48.865940000000002,-123.369259999999997,,NA,NA,"111609851",obs_native,file:///D:/Simon/Sync/Root/GIS/Biodiversity%20Data/obs_native.csv?type=csv&maxFields=10000&detectTypes=yes&xField=longitude&yField=latitude&crs=EPSG:4326&spatialIndex=no&subsetIndex=no&watchFile=no
"2665",Collinsia grandiflora,Collinsia,grandiflora,,,,native,S4,,48.909472219999998,-123.371252799999993,,NA,NA,"114482007",obs_native,file:///D:/Simon/Sync/Root/GIS/Biodiversity%20Data/obs_native.csv?type=csv&maxFields=10000&detectTypes=yes&xField=longitude&yField=latitude&crs=EPSG:4326&spatialIndex=no&subsetIndex=no&watchFile=no
"2666",Collinsia grandiflora,Collinsia,grandiflora,,,,native,S4,,48.868586110000003,-123.341369400000005,,NA,NA,"114557916",obs_native,file:///D:/Simon/Sync/Root/GIS/Biodiversity%20Data/obs_native.csv?type=csv&maxFields=10000&detectTypes=yes&xField=longitude&yField=latitude&crs=EPSG:4326&spatialIndex=no&subsetIndex=no&watchFile=no
"2667",Collinsia grandiflora,Collinsia,grandiflora,,,,native,S4,,48.872291670000003,-123.311853299999996,,NA,NA,"116926899",obs_native,file:///D:/Simon/Sync/Root/GIS/Biodiversity%20Data/obs_native.csv?type=csv&maxFields=10000&detectTypes=yes&xField=longitude&yField=latitude&crs=EPSG:4326&spatialIndex=no&subsetIndex=no&watchFile=no
"2668",Collinsia grandiflora,Collinsia,grandiflora,,,,native,S4,,48.913640239999999,-123.387079799999995,,NA,NA,"117325522",obs_native,file:///D:/Simon/Sync/Root/GIS/Biodiversity%20Data/obs_native.csv?type=csv&maxFields=10000&detectTypes=yes&xField=longitude&yField=latitude&crs=EPSG:4326&spatialIndex=no&subsetIndex=no&watchFile=no
"2669",Collinsia grandiflora,Collinsia,grandiflora,,,,native,S4,,48.872285699999999,-123.312725299999997,,NA,NA,"118379078",obs_native,file:///D:/Simon/Sync/Root/GIS/Biodiversity%20Data/obs_native.csv?type=csv&maxFields=10000&detectTypes=yes&xField=longitude&yField=latitude&crs=EPSG:4326&spatialIndex=no&subsetIndex=no&watchFile=no
"2670",Collinsia grandiflora,Collinsia,grandiflora,,,,native,S4,,48.866143180000002,-123.369049099999998,,NA,NA,"120470347",obs_native,file:///D:/Simon/Sync/Root/GIS/Biodiversity%20Data/obs_native.csv?type=csv&maxFields=10000&detectTypes=yes&xField=longitude&yField=latitude&crs=EPSG:4326&spatialIndex=no&subsetIndex=no&watchFile=no
"2671",Collinsia grandiflora,Collinsia,grandiflora,,,,native,S4,,48.872191669999999,-123.312950000000001,,NA,NA,"120842340",obs_native,file:///D:/Simon/Sync/Root/GIS/Biodiversity%20Data/obs_native.csv?type=csv&maxFields=10000&detectTypes=yes&xField=longitude&yField=latitude&crs=EPSG:4326&spatialIndex=no&subsetIndex=no&watchFile=no
"2672",Collinsia parviflora,Collinsia,parviflora,,,,native,S5,,48.930844999999998,-123.479247000000001,,NA,NA,"2575082",obs_native,file:///D:/Simon/Sync/Root/GIS/Biodiversity%20Data/obs_native.csv?type=csv&maxFields=10000&detectTypes=yes&xField=longitude&yField=latitude&crs=EPSG:4326&spatialIndex=no&subsetIndex=no&watchFile=no
"2673",Collinsia parviflora,Collinsia,parviflora,,,,native,S5,,48.933073000000000,-123.485726999999997,,NA,NA,"2580151",obs_native,file:///D:/Simon/Sync/Root/GIS/Biodiversity%20Data/obs_native.csv?type=csv&maxFields=10000&detectTypes=yes&xField=longitude&yField=latitude&crs=EPSG:4326&spatialIndex=no&subsetIndex=no&watchFile=no
"2674",Collinsia parviflora,Collinsia,parviflora,,,,native,S5,,48.864277000000001,-123.366356999999994,,NA,NA,"2628114",obs_native,file:///D:/Simon/Sync/Root/GIS/Biodiversity%20Data/obs_native.csv?type=csv&maxFields=10000&detectTypes=yes&xField=longitude&yField=latitude&crs=EPSG:4326&spatialIndex=no&subsetIndex=no&watchFile=no
"2675",Collinsia parviflora,Collinsia,parviflora,,,,native,S5,,48.932830000000003,-123.485254999999995,,NA,NA,"2734091",obs_native,file:///D:/Simon/Sync/Root/GIS/Biodiversity%20Data/obs_native.csv?type=csv&maxFields=10000&detectTypes=yes&xField=longitude&yField=latitude&crs=EPSG:4326&spatialIndex=no&subsetIndex=no&watchFile=no
"2676",Collinsia parviflora,Collinsia,parviflora,,,,native,S5,,48.897596960000001,-123.340276099999997,,NA,NA,"2738355",obs_native,file:///D:/Simon/Sync/Root/GIS/Biodiversity%20Data/obs_native.csv?type=csv&maxFields=10000&detectTypes=yes&xField=longitude&yField=latitude&crs=EPSG:4326&spatialIndex=no&subsetIndex=no&watchFile=no
"2677",Collinsia parviflora,Collinsia,parviflora,,,,native,S5,,48.872430000000001,-123.312188000000006,,NA,NA,"2767726",obs_native,file:///D:/Simon/Sync/Root/GIS/Biodiversity%20Data/obs_native.csv?type=csv&maxFields=10000&detectTypes=yes&xField=longitude&yField=latitude&crs=EPSG:4326&spatialIndex=no&subsetIndex=no&watchFile=no
"2678",Collinsia parviflora,Collinsia,parviflora,,,,native,S5,,48.956529000000003,-123.529758000000001,,NA,NA,"2819480",obs_native,file:///D:/Simon/Sync/Root/GIS/Biodiversity%20Data/obs_native.csv?type=csv&maxFields=10000&detectTypes=yes&xField=longitude&yField=latitude&crs=EPSG:4326&spatialIndex=no&subsetIndex=no&watchFile=no
"2679",Collinsia parviflora,Collinsia,parviflora,,,,native,S5,,48.927078999999999,-123.466244000000003,,NA,NA,"2822838",obs_native,file:///D:/Simon/Sync/Root/GIS/Biodiversity%20Data/obs_native.csv?type=csv&maxFields=10000&detectTypes=yes&xField=longitude&yField=latitude&crs=EPSG:4326&spatialIndex=no&subsetIndex=no&watchFile=no
"2680",Collinsia parviflora,Collinsia,parviflora,,,,native,S5,,48.927078999999999,-123.466244000000003,,NA,NA,"2822851",obs_native,file:///D:/Simon/Sync/Root/GIS/Biodiversity%20Data/obs_native.csv?type=csv&maxFields=10000&detectTypes=yes&xField=longitude&yField=latitude&crs=EPSG:4326&spatialIndex=no&subsetIndex=no&watchFile=no
"2681",Collinsia parviflora,Collinsia,parviflora,,,,native,S5,,48.865572999999998,-123.326082000000000,,NA,NA,"2825637",obs_native,file:///D:/Simon/Sync/Root/GIS/Biodiversity%20Data/obs_native.csv?type=csv&maxFields=10000&detectTypes=yes&xField=longitude&yField=latitude&crs=EPSG:4326&spatialIndex=no&subsetIndex=no&watchFile=no
"2682",Collinsia parviflora,Collinsia,parviflora,,,,native,S5,,48.910463319999998,-123.376489699999993,,NA,NA,"2860879",obs_native,file:///D:/Simon/Sync/Root/GIS/Biodiversity%20Data/obs_native.csv?type=csv&maxFields=10000&detectTypes=yes&xField=longitude&yField=latitude&crs=EPSG:4326&spatialIndex=no&subsetIndex=no&watchFile=no
"2683",Collinsia parviflora,Collinsia,parviflora,,,,native,S5,,48.863536109999998,-123.313316700000001,,NA,NA,"2954019",obs_native,file:///D:/Simon/Sync/Root/GIS/Biodiversity%20Data/obs_native.csv?type=csv&maxFields=10000&detectTypes=yes&xField=longitude&yField=latitude&crs=EPSG:4326&spatialIndex=no&subsetIndex=no&watchFile=no
"2684",Collinsia parviflora,Collinsia,parviflora,,,,native,S5,,48.866764000000003,-123.336060000000003,,NA,NA,"3027474",obs_native,file:///D:/Simon/Sync/Root/GIS/Biodiversity%20Data/obs_native.csv?type=csv&maxFields=10000&detectTypes=yes&xField=longitude&yField=latitude&crs=EPSG:4326&spatialIndex=no&subsetIndex=no&watchFile=no
"2685",Collinsia parviflora,Collinsia,parviflora,,,,native,S5,,48.866764000000003,-123.336060000000003,,NA,NA,"3027480",obs_native,file:///D:/Simon/Sync/Root/GIS/Biodiversity%20Data/obs_native.csv?type=csv&maxFields=10000&detectTypes=yes&xField=longitude&yField=latitude&crs=EPSG:4326&spatialIndex=no&subsetIndex=no&watchFile=no
"2686",Collinsia parviflora,Collinsia,parviflora,,,,native,S5,,48.916645000000003,-123.424272999999999,,NA,NA,"3093920",obs_native,file:///D:/Simon/Sync/Root/GIS/Biodiversity%20Data/obs_native.csv?type=csv&maxFields=10000&detectTypes=yes&xField=longitude&yField=latitude&crs=EPSG:4326&spatialIndex=no&subsetIndex=no&watchFile=no
"2687",Collinsia parviflora,Collinsia,parviflora,,,,native,S5,,48.916249999999998,-123.424959000000001,,NA,NA,"3094638",obs_native,file:///D:/Simon/Sync/Root/GIS/Biodiversity%20Data/obs_native.csv?type=csv&maxFields=10000&detectTypes=yes&xField=longitude&yField=latitude&crs=EPSG:4326&spatialIndex=no&subsetIndex=no&watchFile=no
"2688",Collinsia parviflora,Collinsia,parviflora,,,,native,S5,,48.934009000000003,-123.471886999999995,,NA,NA,"3104499",obs_native,file:///D:/Simon/Sync/Root/GIS/Biodiversity%20Data/obs_native.csv?type=csv&maxFields=10000&detectTypes=yes&xField=longitude&yField=latitude&crs=EPSG:4326&spatialIndex=no&subsetIndex=no&watchFile=no
"2689",Collinsia parviflora,Collinsia,parviflora,,,,native,S5,,48.866832000000002,-123.336082000000005,,NA,NA,"5178200",obs_native,file:///D:/Simon/Sync/Root/GIS/Biodiversity%20Data/obs_native.csv?type=csv&maxFields=10000&detectTypes=yes&xField=longitude&yField=latitude&crs=EPSG:4326&spatialIndex=no&subsetIndex=no&watchFile=no
"2690",Collinsia parviflora,Collinsia,parviflora,,,,native,S5,,48.863977650000002,-123.330009700000005,,NA,NA,"5412454",obs_native,file:///D:/Simon/Sync/Root/GIS/Biodiversity%20Data/obs_native.csv?type=csv&maxFields=10000&detectTypes=yes&xField=longitude&yField=latitude&crs=EPSG:4326&spatialIndex=no&subsetIndex=no&watchFile=no
"2691",Collinsia parviflora,Collinsia,parviflora,,,,native,S5,,48.867880999999997,-123.340723999999994,,NA,NA,"5450488",obs_native,file:///D:/Simon/Sync/Root/GIS/Biodiversity%20Data/obs_native.csv?type=csv&maxFields=10000&detectTypes=yes&xField=longitude&yField=latitude&crs=EPSG:4326&spatialIndex=no&subsetIndex=no&watchFile=no
"2692",Collinsia parviflora,Collinsia,parviflora,,,,native,S5,,48.867170829999999,-123.338141399999998,,NA,NA,"5465992",obs_native,file:///D:/Simon/Sync/Root/GIS/Biodiversity%20Data/obs_native.csv?type=csv&maxFields=10000&detectTypes=yes&xField=longitude&yField=latitude&crs=EPSG:4326&spatialIndex=no&subsetIndex=no&watchFile=no
"2693",Collinsia parviflora,Collinsia,parviflora,,,,native,S5,,48.868785000000003,-123.378710999999996,,NA,NA,"5472916",obs_native,file:///D:/Simon/Sync/Root/GIS/Biodiversity%20Data/obs_native.csv?type=csv&maxFields=10000&detectTypes=yes&xField=longitude&yField=latitude&crs=EPSG:4326&spatialIndex=no&subsetIndex=no&watchFile=no
"2694",Collinsia parviflora,Collinsia,parviflora,,,,native,S5,,48.956443999999998,-123.528614000000005,,NA,NA,"5483508",obs_native,file:///D:/Simon/Sync/Root/GIS/Biodiversity%20Data/obs_native.csv?type=csv&maxFields=10000&detectTypes=yes&xField=longitude&yField=latitude&crs=EPSG:4326&spatialIndex=no&subsetIndex=no&watchFile=no
"2695",Collinsia parviflora,Collinsia,parviflora,,,,native,S5,,48.864559000000000,-123.366938000000005,,NA,NA,"5516492",obs_native,file:///D:/Simon/Sync/Root/GIS/Biodiversity%20Data/obs_native.csv?type=csv&maxFields=10000&detectTypes=yes&xField=longitude&yField=latitude&crs=EPSG:4326&spatialIndex=no&subsetIndex=no&watchFile=no
"2696",Collinsia parviflora,Collinsia,parviflora,,,,native,S5,,48.867227000000000,-123.338312999999999,,NA,NA,"5660608",obs_native,file:///D:/Simon/Sync/Root/GIS/Biodiversity%20Data/obs_native.csv?type=csv&maxFields=10000&detectTypes=yes&xField=longitude&yField=latitude&crs=EPSG:4326&spatialIndex=no&subsetIndex=no&watchFile=no
"2697",Collinsia parviflora,Collinsia,parviflora,,,,native,S5,,48.868071669999999,-123.387200000000007,,NA,NA,"5677899",obs_native,file:///D:/Simon/Sync/Root/GIS/Biodiversity%20Data/obs_native.csv?type=csv&maxFields=10000&detectTypes=yes&xField=longitude&yField=latitude&crs=EPSG:4326&spatialIndex=no&subsetIndex=no&watchFile=no
"2698",Collinsia parviflora,Collinsia,parviflora,,,,native,S5,,48.867940089999998,-123.387027399999994,,NA,NA,"5715308",obs_native,file:///D:/Simon/Sync/Root/GIS/Biodiversity%20Data/obs_native.csv?type=csv&maxFields=10000&detectTypes=yes&xField=longitude&yField=latitude&crs=EPSG:4326&spatialIndex=no&subsetIndex=no&watchFile=no
"2699",Collinsia parviflora,Collinsia,parviflora,,,,native,S5,,48.906719549999998,-123.358397499999995,,NA,NA,"5885835",obs_native,file:///D:/Simon/Sync/Root/GIS/Biodiversity%20Data/obs_native.csv?type=csv&maxFields=10000&detectTypes=yes&xField=longitude&yField=latitude&crs=EPSG:4326&spatialIndex=no&subsetIndex=no&watchFile=no
"2700",Collinsia parviflora,Collinsia,parviflora,,,,native,S5,,48.904561620000003,-123.413457899999997,,NA,NA,"6047541",obs_native,file:///D:/Simon/Sync/Root/GIS/Biodiversity%20Data/obs_native.csv?type=csv&maxFields=10000&detectTypes=yes&xField=longitude&yField=latitude&crs=EPSG:4326&spatialIndex=no&subsetIndex=no&watchFile=no
"2701",Collinsia parviflora,Collinsia,parviflora,,,,native,S5,,48.900696850000003,-123.336124400000003,,NA,NA,"6425208",obs_native,file:///D:/Simon/Sync/Root/GIS/Biodiversity%20Data/obs_native.csv?type=csv&maxFields=10000&detectTypes=yes&xField=longitude&yField=latitude&crs=EPSG:4326&spatialIndex=no&subsetIndex=no&watchFile=no
"2702",Collinsia parviflora,Collinsia,parviflora,,,,native,S5,,48.867011380000001,-123.383384599999999,,NA,NA,"6471774",obs_native,file:///D:/Simon/Sync/Root/GIS/Biodiversity%20Data/obs_native.csv?type=csv&maxFields=10000&detectTypes=yes&xField=longitude&yField=latitude&crs=EPSG:4326&spatialIndex=no&subsetIndex=no&watchFile=no
"2703",Collinsia parviflora,Collinsia,parviflora,,,,native,S5,,48.862692430000003,-123.370434599999996,,NA,NA,"6482246",obs_native,file:///D:/Simon/Sync/Root/GIS/Biodiversity%20Data/obs_native.csv?type=csv&maxFields=10000&detectTypes=yes&xField=longitude&yField=latitude&crs=EPSG:4326&spatialIndex=no&subsetIndex=no&watchFile=no
"2704",Collinsia parviflora,Collinsia,parviflora,,,,native,S5,,48.956282999999999,-123.528460999999993,,NA,NA,"10306126",obs_native,file:///D:/Simon/Sync/Root/GIS/Biodiversity%20Data/obs_native.csv?type=csv&maxFields=10000&detectTypes=yes&xField=longitude&yField=latitude&crs=EPSG:4326&spatialIndex=no&subsetIndex=no&watchFile=no
"2705",Collinsia parviflora,Collinsia,parviflora,,,,native,S5,,48.867966670000001,-123.340530000000001,,NA,NA,"10332688",obs_native,file:///D:/Simon/Sync/Root/GIS/Biodiversity%20Data/obs_native.csv?type=csv&maxFields=10000&detectTypes=yes&xField=longitude&yField=latitude&crs=EPSG:4326&spatialIndex=no&subsetIndex=no&watchFile=no
"2706",Collinsia parviflora,Collinsia,parviflora,,,,native,S5,,48.867584999999998,-123.340083000000007,,NA,NA,"10482104",obs_native,file:///D:/Simon/Sync/Root/GIS/Biodiversity%20Data/obs_native.csv?type=csv&maxFields=10000&detectTypes=yes&xField=longitude&yField=latitude&crs=EPSG:4326&spatialIndex=no&subsetIndex=no&watchFile=no
"2707",Collinsia parviflora,Collinsia,parviflora,,,,native,S5,,48.993644000000003,-123.576965000000001,,NA,NA,"10519766",obs_native,file:///D:/Simon/Sync/Root/GIS/Biodiversity%20Data/obs_native.csv?type=csv&maxFields=10000&detectTypes=yes&xField=longitude&yField=latitude&crs=EPSG:4326&spatialIndex=no&subsetIndex=no&watchFile=no
"2708",Collinsia parviflora,Collinsia,parviflora,,,,native,S5,,48.872180999999998,-123.311662999999996,,NA,NA,"10711940",obs_native,file:///D:/Simon/Sync/Root/GIS/Biodiversity%20Data/obs_native.csv?type=csv&maxFields=10000&detectTypes=yes&xField=longitude&yField=latitude&crs=EPSG:4326&spatialIndex=no&subsetIndex=no&watchFile=no
"2709",Collinsia parviflora,Collinsia,parviflora,,,,native,S5,,48.867413329999998,-123.375816700000001,,NA,NA,"11581015",obs_native,file:///D:/Simon/Sync/Root/GIS/Biodiversity%20Data/obs_native.csv?type=csv&maxFields=10000&detectTypes=yes&xField=longitude&yField=latitude&crs=EPSG:4326&spatialIndex=no&subsetIndex=no&watchFile=no
"2710",Collinsia parviflora,Collinsia,parviflora,,,,native,S5,,48.869306000000002,-123.337036999999995,,NA,NA,"12792638",obs_native,file:///D:/Simon/Sync/Root/GIS/Biodiversity%20Data/obs_native.csv?type=csv&maxFields=10000&detectTypes=yes&xField=longitude&yField=latitude&crs=EPSG:4326&spatialIndex=no&subsetIndex=no&watchFile=no
"2711",Collinsia parviflora,Collinsia,parviflora,,,,native,S5,,48.955306000000000,-123.526793999999995,,NA,NA,"13027422",obs_native,file:///D:/Simon/Sync/Root/GIS/Biodiversity%20Data/obs_native.csv?type=csv&maxFields=10000&detectTypes=yes&xField=longitude&yField=latitude&crs=EPSG:4326&spatialIndex=no&subsetIndex=no&watchFile=no
"2712",Collinsia parviflora,Collinsia,parviflora,,,,native,S5,,48.914786800000002,-123.389681600000003,,NA,NA,"13102200",obs_native,file:///D:/Simon/Sync/Root/GIS/Biodiversity%20Data/obs_native.csv?type=csv&maxFields=10000&detectTypes=yes&xField=longitude&yField=latitude&crs=EPSG:4326&spatialIndex=no&subsetIndex=no&watchFile=no
"2713",Collinsia parviflora,Collinsia,parviflora,,,,native,S5,,48.867697159999999,-123.340805000000003,,NA,NA,"13879373",obs_native,file:///D:/Simon/Sync/Root/GIS/Biodiversity%20Data/obs_native.csv?type=csv&maxFields=10000&detectTypes=yes&xField=longitude&yField=latitude&crs=EPSG:4326&spatialIndex=no&subsetIndex=no&watchFile=no
"2714",Collinsia parviflora,Collinsia,parviflora,,,,native,S5,,48.867612129999998,-123.339456700000000,,NA,NA,"21350295",obs_native,file:///D:/Simon/Sync/Root/GIS/Biodiversity%20Data/obs_native.csv?type=csv&maxFields=10000&detectTypes=yes&xField=longitude&yField=latitude&crs=EPSG:4326&spatialIndex=no&subsetIndex=no&watchFile=no
"2715",Collinsia parviflora,Collinsia,parviflora,,,,native,S5,,48.871891759999997,-123.310879900000003,,NA,NA,"21817797",obs_native,file:///D:/Simon/Sync/Root/GIS/Biodiversity%20Data/obs_native.csv?type=csv&maxFields=10000&detectTypes=yes&xField=longitude&yField=latitude&crs=EPSG:4326&spatialIndex=no&subsetIndex=no&watchFile=no
"2716",Collinsia parviflora,Collinsia,parviflora,,,,native,S5,,48.867291450000003,-123.375948500000007,,NA,NA,"21817850",obs_native,file:///D:/Simon/Sync/Root/GIS/Biodiversity%20Data/obs_native.csv?type=csv&maxFields=10000&detectTypes=yes&xField=longitude&yField=latitude&crs=EPSG:4326&spatialIndex=no&subsetIndex=no&watchFile=no
"2717",Collinsia parviflora,Collinsia,parviflora,,,,native,S5,,48.956616670000003,-123.528549999999996,,NA,NA,"22182269",obs_native,file:///D:/Simon/Sync/Root/GIS/Biodiversity%20Data/obs_native.csv?type=csv&maxFields=10000&detectTypes=yes&xField=longitude&yField=latitude&crs=EPSG:4326&spatialIndex=no&subsetIndex=no&watchFile=no
"2718",Collinsia parviflora,Collinsia,parviflora,,,,native,S5,,48.959163330000003,-123.533608299999997,,NA,NA,"22182615",obs_native,file:///D:/Simon/Sync/Root/GIS/Biodiversity%20Data/obs_native.csv?type=csv&maxFields=10000&detectTypes=yes&xField=longitude&yField=latitude&crs=EPSG:4326&spatialIndex=no&subsetIndex=no&watchFile=no
"2719",Collinsia parviflora,Collinsia,parviflora,,,,native,S5,,48.952903329999998,-123.520796700000005,,NA,NA,"22183002",obs_native,file:///D:/Simon/Sync/Root/GIS/Biodiversity%20Data/obs_native.csv?type=csv&maxFields=10000&detectTypes=yes&xField=longitude&yField=latitude&crs=EPSG:4326&spatialIndex=no&subsetIndex=no&watchFile=no
"2720",Collinsia parviflora,Collinsia,parviflora,,,,native,S5,,49.011117550000002,-123.586076100000000,,NA,NA,"22313631",obs_native,file:///D:/Simon/Sync/Root/GIS/Biodiversity%20Data/obs_native.csv?type=csv&maxFields=10000&detectTypes=yes&xField=longitude&yField=latitude&crs=EPSG:4326&spatialIndex=no&subsetIndex=no&watchFile=no
"2721",Collinsia parviflora,Collinsia,parviflora,,,,native,S5,,48.953417410000000,-123.532587199999995,,NA,NA,"22667309",obs_native,file:///D:/Simon/Sync/Root/GIS/Biodiversity%20Data/obs_native.csv?type=csv&maxFields=10000&detectTypes=yes&xField=longitude&yField=latitude&crs=EPSG:4326&spatialIndex=no&subsetIndex=no&watchFile=no
"2722",Collinsia parviflora,Collinsia,parviflora,,,,native,S5,,48.864343329999997,-123.351976699999994,,NA,NA,"23861604",obs_native,file:///D:/Simon/Sync/Root/GIS/Biodiversity%20Data/obs_native.csv?type=csv&maxFields=10000&detectTypes=yes&xField=longitude&yField=latitude&crs=EPSG:4326&spatialIndex=no&subsetIndex=no&watchFile=no
"2723",Collinsia parviflora,Collinsia,parviflora,,,,native,S5,,49.013240019999998,-123.573031900000004,,NA,NA,"24497730",obs_native,file:///D:/Simon/Sync/Root/GIS/Biodiversity%20Data/obs_native.csv?type=csv&maxFields=10000&detectTypes=yes&xField=longitude&yField=latitude&crs=EPSG:4326&spatialIndex=no&subsetIndex=no&watchFile=no
"2724",Collinsia parviflora,Collinsia,parviflora,,,,native,S5,,48.900672219999997,-123.405227800000006,,NA,NA,"24683956",obs_native,file:///D:/Simon/Sync/Root/GIS/Biodiversity%20Data/obs_native.csv?type=csv&maxFields=10000&detectTypes=yes&xField=longitude&yField=latitude&crs=EPSG:4326&spatialIndex=no&subsetIndex=no&watchFile=no
"2725",Collinsia parviflora,Collinsia,parviflora,,,,native,S5,,48.900894440000002,-123.405411099999995,,NA,NA,"24683960",obs_native,file:///D:/Simon/Sync/Root/GIS/Biodiversity%20Data/obs_native.csv?type=csv&maxFields=10000&detectTypes=yes&xField=longitude&yField=latitude&crs=EPSG:4326&spatialIndex=no&subsetIndex=no&watchFile=no
"2726",Collinsia parviflora,Collinsia,parviflora,,,,native,S5,,48.867844439999999,-123.376869400000004,,NA,NA,"24687959",obs_native,file:///D:/Simon/Sync/Root/GIS/Biodiversity%20Data/obs_native.csv?type=csv&maxFields=10000&detectTypes=yes&xField=longitude&yField=latitude&crs=EPSG:4326&spatialIndex=no&subsetIndex=no&watchFile=no
"2727",Collinsia parviflora,Collinsia,parviflora,,,,native,S5,,48.869644440000002,-123.379402799999994,,NA,NA,"24688004",obs_native,file:///D:/Simon/Sync/Root/GIS/Biodiversity%20Data/obs_native.csv?type=csv&maxFields=10000&detectTypes=yes&xField=longitude&yField=latitude&crs=EPSG:4326&spatialIndex=no&subsetIndex=no&watchFile=no
"2728",Collinsia parviflora,Collinsia,parviflora,,,,native,S5,,48.872256219999997,-123.310985700000003,,NA,NA,"24689088",obs_native,file:///D:/Simon/Sync/Root/GIS/Biodiversity%20Data/obs_native.csv?type=csv&maxFields=10000&detectTypes=yes&xField=longitude&yField=latitude&crs=EPSG:4326&spatialIndex=no&subsetIndex=no&watchFile=no
"2729",Collinsia parviflora,Collinsia,parviflora,,,,native,S5,,48.872503379999998,-123.312612500000000,,NA,NA,"24689530",obs_native,file:///D:/Simon/Sync/Root/GIS/Biodiversity%20Data/obs_native.csv?type=csv&maxFields=10000&detectTypes=yes&xField=longitude&yField=latitude&crs=EPSG:4326&spatialIndex=no&subsetIndex=no&watchFile=no
"2730",Collinsia parviflora,Collinsia,parviflora,,,,native,S5,,48.872208329999999,-123.311088900000001,,NA,NA,"24697531",obs_native,file:///D:/Simon/Sync/Root/GIS/Biodiversity%20Data/obs_native.csv?type=csv&maxFields=10000&detectTypes=yes&xField=longitude&yField=latitude&crs=EPSG:4326&spatialIndex=no&subsetIndex=no&watchFile=no
"2731",Collinsia parviflora,Collinsia,parviflora,,,,native,S5,,48.872394440000001,-123.311097200000006,,NA,NA,"24701378",obs_native,file:///D:/Simon/Sync/Root/GIS/Biodiversity%20Data/obs_native.csv?type=csv&maxFields=10000&detectTypes=yes&xField=longitude&yField=latitude&crs=EPSG:4326&spatialIndex=no&subsetIndex=no&watchFile=no
"2732",Collinsia parviflora,Collinsia,parviflora,,,,native,S5,,48.872311109999998,-123.312561099999996,,NA,NA,"24701424",obs_native,file:///D:/Simon/Sync/Root/GIS/Biodiversity%20Data/obs_native.csv?type=csv&maxFields=10000&detectTypes=yes&xField=longitude&yField=latitude&crs=EPSG:4326&spatialIndex=no&subsetIndex=no&watchFile=no
"2733",Collinsia parviflora,Collinsia,parviflora,,,,native,S5,,48.871738960000002,-123.310777599999994,,NA,NA,"24707986",obs_native,file:///D:/Simon/Sync/Root/GIS/Biodiversity%20Data/obs_native.csv?type=csv&maxFields=10000&detectTypes=yes&xField=longitude&yField=latitude&crs=EPSG:4326&spatialIndex=no&subsetIndex=no&watchFile=no
"2734",Collinsia parviflora,Collinsia,parviflora,,,,native,S5,,48.900303330000000,-123.405266699999999,,NA,NA,"24709293",obs_native,file:///D:/Simon/Sync/Root/GIS/Biodiversity%20Data/obs_native.csv?type=csv&maxFields=10000&detectTypes=yes&xField=longitude&yField=latitude&crs=EPSG:4326&spatialIndex=no&subsetIndex=no&watchFile=no
"2735",Collinsia parviflora,Collinsia,parviflora,,,,native,S5,,48.900900000000000,-123.405263300000001,,NA,NA,"24712580",obs_native,file:///D:/Simon/Sync/Root/GIS/Biodiversity%20Data/obs_native.csv?type=csv&maxFields=10000&detectTypes=yes&xField=longitude&yField=latitude&crs=EPSG:4326&spatialIndex=no&subsetIndex=no&watchFile=no
"2736",Collinsia parviflora,Collinsia,parviflora,,,,native,S5,,48.872344439999999,-123.312622200000007,,NA,NA,"25048280",obs_native,file:///D:/Simon/Sync/Root/GIS/Biodiversity%20Data/obs_native.csv?type=csv&maxFields=10000&detectTypes=yes&xField=longitude&yField=latitude&crs=EPSG:4326&spatialIndex=no&subsetIndex=no&watchFile=no
"2737",Collinsia parviflora,Collinsia,parviflora,,,,native,S5,,48.872380560000003,-123.312263900000005,,NA,NA,"25048286",obs_native,file:///D:/Simon/Sync/Root/GIS/Biodiversity%20Data/obs_native.csv?type=csv&maxFields=10000&detectTypes=yes&xField=longitude&yField=latitude&crs=EPSG:4326&spatialIndex=no&subsetIndex=no&watchFile=no
"2738",Collinsia parviflora,Collinsia,parviflora,,,,native,S5,,48.871048309999999,-123.337934899999993,,NA,NA,"25074498",obs_native,file:///D:/Simon/Sync/Root/GIS/Biodiversity%20Data/obs_native.csv?type=csv&maxFields=10000&detectTypes=yes&xField=longitude&yField=latitude&crs=EPSG:4326&spatialIndex=no&subsetIndex=no&watchFile=no
"2739",Collinsia parviflora,Collinsia,parviflora,,,,native,S5,,48.872624340000002,-123.311918199999994,,NA,NA,"25148322",obs_native,file:///D:/Simon/Sync/Root/GIS/Biodiversity%20Data/obs_native.csv?type=csv&maxFields=10000&detectTypes=yes&xField=longitude&yField=latitude&crs=EPSG:4326&spatialIndex=no&subsetIndex=no&watchFile=no
"2740",Collinsia parviflora,Collinsia,parviflora,,,,native,S5,,48.872656270000000,-123.312574600000005,,NA,NA,"25199125",obs_native,file:///D:/Simon/Sync/Root/GIS/Biodiversity%20Data/obs_native.csv?type=csv&maxFields=10000&detectTypes=yes&xField=longitude&yField=latitude&crs=EPSG:4326&spatialIndex=no&subsetIndex=no&watchFile=no
"2741",Collinsia parviflora,Collinsia,parviflora,,,,native,S5,,48.872477359999998,-123.312598399999999,,NA,NA,"25199468",obs_native,file:///D:/Simon/Sync/Root/GIS/Biodiversity%20Data/obs_native.csv?type=csv&maxFields=10000&detectTypes=yes&xField=longitude&yField=latitude&crs=EPSG:4326&spatialIndex=no&subsetIndex=no&watchFile=no
"2742",Collinsia parviflora,Collinsia,parviflora,,,,native,S5,,48.872431180000000,-123.312621199999995,,NA,NA,"25199471",obs_native,file:///D:/Simon/Sync/Root/GIS/Biodiversity%20Data/obs_native.csv?type=csv&maxFields=10000&detectTypes=yes&xField=longitude&yField=latitude&crs=EPSG:4326&spatialIndex=no&subsetIndex=no&watchFile=no
"2743",Collinsia parviflora,Collinsia,parviflora,,,,native,S5,,48.872293169999999,-123.312223299999999,,NA,NA,"25199483",obs_native,file:///D:/Simon/Sync/Root/GIS/Biodiversity%20Data/obs_native.csv?type=csv&maxFields=10000&detectTypes=yes&xField=longitude&yField=latitude&crs=EPSG:4326&spatialIndex=no&subsetIndex=no&watchFile=no
"2744",Collinsia parviflora,Collinsia,parviflora,,,,native,S5,,48.863546190000001,-123.329069899999993,,NA,NA,"25482997",obs_native,file:///D:/Simon/Sync/Root/GIS/Biodiversity%20Data/obs_native.csv?type=csv&maxFields=10000&detectTypes=yes&xField=longitude&yField=latitude&crs=EPSG:4326&spatialIndex=no&subsetIndex=no&watchFile=no
"2745",Collinsia parviflora,Collinsia,parviflora,,,,native,S5,,48.864255340000000,-123.330694399999999,,NA,NA,"25483117",obs_native,file:///D:/Simon/Sync/Root/GIS/Biodiversity%20Data/obs_native.csv?type=csv&maxFields=10000&detectTypes=yes&xField=longitude&yField=latitude&crs=EPSG:4326&spatialIndex=no&subsetIndex=no&watchFile=no
"2746",Collinsia parviflora,Collinsia,parviflora,,,,native,S5,,48.872534989999998,-123.310872000000003,,NA,NA,"25483261",obs_native,file:///D:/Simon/Sync/Root/GIS/Biodiversity%20Data/obs_native.csv?type=csv&maxFields=10000&detectTypes=yes&xField=longitude&yField=latitude&crs=EPSG:4326&spatialIndex=no&subsetIndex=no&watchFile=no
"2747",Collinsia parviflora,Collinsia,parviflora,,,,native,S5,,48.872468640000001,-123.312456800000007,,NA,NA,"25483434",obs_native,file:///D:/Simon/Sync/Root/GIS/Biodiversity%20Data/obs_native.csv?type=csv&maxFields=10000&detectTypes=yes&xField=longitude&yField=latitude&crs=EPSG:4326&spatialIndex=no&subsetIndex=no&watchFile=no
"2748",Collinsia parviflora,Collinsia,parviflora,,,,native,S5,,48.867527780000003,-123.375961099999998,,NA,NA,"25595334",obs_native,file:///D:/Simon/Sync/Root/GIS/Biodiversity%20Data/obs_native.csv?type=csv&maxFields=10000&detectTypes=yes&xField=longitude&yField=latitude&crs=EPSG:4326&spatialIndex=no&subsetIndex=no&watchFile=no
"2749",Collinsia parviflora,Collinsia,parviflora,,,,native,S5,,49.012000000000000,-123.574341700000005,,NA,NA,"41387501",obs_native,file:///D:/Simon/Sync/Root/GIS/Biodiversity%20Data/obs_native.csv?type=csv&maxFields=10000&detectTypes=yes&xField=longitude&yField=latitude&crs=EPSG:4326&spatialIndex=no&subsetIndex=no&watchFile=no
"2750",Collinsia parviflora,Collinsia,parviflora,,,,native,S5,,48.866431489999997,-123.368959099999998,,NA,NA,"41788584",obs_native,file:///D:/Simon/Sync/Root/GIS/Biodiversity%20Data/obs_native.csv?type=csv&maxFields=10000&detectTypes=yes&xField=longitude&yField=latitude&crs=EPSG:4326&spatialIndex=no&subsetIndex=no&watchFile=no
"2751",Collinsia parviflora,Collinsia,parviflora,,,,native,S5,,48.867379999999997,-123.376243299999999,,NA,NA,"42365210",obs_native,file:///D:/Simon/Sync/Root/GIS/Biodiversity%20Data/obs_native.csv?type=csv&maxFields=10000&detectTypes=yes&xField=longitude&yField=latitude&crs=EPSG:4326&spatialIndex=no&subsetIndex=no&watchFile=no
"2752",Collinsia parviflora,Collinsia,parviflora,,,,native,S5,,48.869311109999998,-123.378347199999993,,NA,NA,"42365250",obs_native,file:///D:/Simon/Sync/Root/GIS/Biodiversity%20Data/obs_native.csv?type=csv&maxFields=10000&detectTypes=yes&xField=longitude&yField=latitude&crs=EPSG:4326&spatialIndex=no&subsetIndex=no&watchFile=no
"2753",Collinsia parviflora,Collinsia,parviflora,,,,native,S5,,48.913595899999997,-123.387063600000005,,NA,NA,"42681990",obs_native,file:///D:/Simon/Sync/Root/GIS/Biodiversity%20Data/obs_native.csv?type=csv&maxFields=10000&detectTypes=yes&xField=longitude&yField=latitude&crs=EPSG:4326&spatialIndex=no&subsetIndex=no&watchFile=no
"2754",Collinsia parviflora,Collinsia,parviflora,,,,native,S5,,48.868313329999999,-123.341020000000000,,NA,NA,"43252923",obs_native,file:///D:/Simon/Sync/Root/GIS/Biodiversity%20Data/obs_native.csv?type=csv&maxFields=10000&detectTypes=yes&xField=longitude&yField=latitude&crs=EPSG:4326&spatialIndex=no&subsetIndex=no&watchFile=no
"2755",Collinsia parviflora,Collinsia,parviflora,,,,native,S5,,48.864463499999999,-123.330755800000006,,NA,NA,"51434417",obs_native,file:///D:/Simon/Sync/Root/GIS/Biodiversity%20Data/obs_native.csv?type=csv&maxFields=10000&detectTypes=yes&xField=longitude&yField=latitude&crs=EPSG:4326&spatialIndex=no&subsetIndex=no&watchFile=no
"2756",Collinsia parviflora,Collinsia,parviflora,,,,native,S5,,48.867770120000003,-123.339656300000001,,NA,NA,"72142577",obs_native,file:///D:/Simon/Sync/Root/GIS/Biodiversity%20Data/obs_native.csv?type=csv&maxFields=10000&detectTypes=yes&xField=longitude&yField=latitude&crs=EPSG:4326&spatialIndex=no&subsetIndex=no&watchFile=no
"2757",Collinsia parviflora,Collinsia,parviflora,,,,native,S5,,49.013918820000001,-123.573532000000000,,NA,NA,"72229909",obs_native,file:///D:/Simon/Sync/Root/GIS/Biodiversity%20Data/obs_native.csv?type=csv&maxFields=10000&detectTypes=yes&xField=longitude&yField=latitude&crs=EPSG:4326&spatialIndex=no&subsetIndex=no&watchFile=no
"2758",Collinsia parviflora,Collinsia,parviflora,,,,native,S5,,49.013014290000001,-123.575765000000004,,NA,NA,"74062837",obs_native,file:///D:/Simon/Sync/Root/GIS/Biodiversity%20Data/obs_native.csv?type=csv&maxFields=10000&detectTypes=yes&xField=longitude&yField=latitude&crs=EPSG:4326&spatialIndex=no&subsetIndex=no&watchFile=no
"2759",Collinsia parviflora,Collinsia,parviflora,,,,native,S5,,48.958898329999997,-123.533169999999998,,NA,NA,"74104766",obs_native,file:///D:/Simon/Sync/Root/GIS/Biodiversity%20Data/obs_native.csv?type=csv&maxFields=10000&detectTypes=yes&xField=longitude&yField=latitude&crs=EPSG:4326&spatialIndex=no&subsetIndex=no&watchFile=no
"2760",Collinsia parviflora,Collinsia,parviflora,,,,native,S5,,48.867703329999998,-123.338683300000000,,NA,NA,"74386562",obs_native,file:///D:/Simon/Sync/Root/GIS/Biodiversity%20Data/obs_native.csv?type=csv&maxFields=10000&detectTypes=yes&xField=longitude&yField=latitude&crs=EPSG:4326&spatialIndex=no&subsetIndex=no&watchFile=no
"2761",Collinsia parviflora,Collinsia,parviflora,,,,native,S5,,48.872728330000001,-123.312621699999994,,NA,NA,"74386741",obs_native,file:///D:/Simon/Sync/Root/GIS/Biodiversity%20Data/obs_native.csv?type=csv&maxFields=10000&detectTypes=yes&xField=longitude&yField=latitude&crs=EPSG:4326&spatialIndex=no&subsetIndex=no&watchFile=no
"2762",Collinsia parviflora,Collinsia,parviflora,,,,native,S5,,48.918095000000001,-123.398383300000006,,NA,NA,"76013613",obs_native,file:///D:/Simon/Sync/Root/GIS/Biodiversity%20Data/obs_native.csv?type=csv&maxFields=10000&detectTypes=yes&xField=longitude&yField=latitude&crs=EPSG:4326&spatialIndex=no&subsetIndex=no&watchFile=no
"2763",Collinsia parviflora,Collinsia,parviflora,,,,native,S5,,48.918071670000003,-123.398094999999998,,NA,NA,"77990174",obs_native,file:///D:/Simon/Sync/Root/GIS/Biodiversity%20Data/obs_native.csv?type=csv&maxFields=10000&detectTypes=yes&xField=longitude&yField=latitude&crs=EPSG:4326&spatialIndex=no&subsetIndex=no&watchFile=no
"2764",Collinsia parviflora,Collinsia,parviflora,,,,native,S5,,48.955154800000003,-123.525563800000000,,NA,NA,"77993298",obs_native,file:///D:/Simon/Sync/Root/GIS/Biodiversity%20Data/obs_native.csv?type=csv&maxFields=10000&detectTypes=yes&xField=longitude&yField=latitude&crs=EPSG:4326&spatialIndex=no&subsetIndex=no&watchFile=no
"2765",Collinsia parviflora,Collinsia,parviflora,,,,native,S5,,48.924880000000002,-123.462455000000006,,NA,NA,"107400068",obs_native,file:///D:/Simon/Sync/Root/GIS/Biodiversity%20Data/obs_native.csv?type=csv&maxFields=10000&detectTypes=yes&xField=longitude&yField=latitude&crs=EPSG:4326&spatialIndex=no&subsetIndex=no&watchFile=no
"2766",Collinsia parviflora,Collinsia,parviflora,,,,native,S5,,48.867568329999997,-123.339444999999998,,NA,NA,"107521175",obs_native,file:///D:/Simon/Sync/Root/GIS/Biodiversity%20Data/obs_native.csv?type=csv&maxFields=10000&detectTypes=yes&xField=longitude&yField=latitude&crs=EPSG:4326&spatialIndex=no&subsetIndex=no&watchFile=no
"2767",Collinsia parviflora,Collinsia,parviflora,,,,native,S5,,48.867558330000001,-123.339451699999998,,NA,NA,"107521176",obs_native,file:///D:/Simon/Sync/Root/GIS/Biodiversity%20Data/obs_native.csv?type=csv&maxFields=10000&detectTypes=yes&xField=longitude&yField=latitude&crs=EPSG:4326&spatialIndex=no&subsetIndex=no&watchFile=no
"2768",Collinsia parviflora,Collinsia,parviflora,,,,native,S5,,48.861758979999998,-123.327011999999996,,NA,NA,"107577006",obs_native,file:///D:/Simon/Sync/Root/GIS/Biodiversity%20Data/obs_native.csv?type=csv&maxFields=10000&detectTypes=yes&xField=longitude&yField=latitude&crs=EPSG:4326&spatialIndex=no&subsetIndex=no&watchFile=no
"2769",Collinsia parviflora,Collinsia,parviflora,,,,native,S5,,48.867927899999998,-123.340845000000002,,NA,NA,"107675040",obs_native,file:///D:/Simon/Sync/Root/GIS/Biodiversity%20Data/obs_native.csv?type=csv&maxFields=10000&detectTypes=yes&xField=longitude&yField=latitude&crs=EPSG:4326&spatialIndex=no&subsetIndex=no&watchFile=no
"2770",Collinsia parviflora,Collinsia,parviflora,,,,native,S5,,48.896217350000001,-123.405387899999994,,NA,NA,"108700607",obs_native,file:///D:/Simon/Sync/Root/GIS/Biodiversity%20Data/obs_native.csv?type=csv&maxFields=10000&detectTypes=yes&xField=longitude&yField=latitude&crs=EPSG:4326&spatialIndex=no&subsetIndex=no&watchFile=no
"2771",Collinsia parviflora,Collinsia,parviflora,,,,native,S5,,48.872312999999998,-123.310948999999994,,NA,NA,"108993897",obs_native,file:///D:/Simon/Sync/Root/GIS/Biodiversity%20Data/obs_native.csv?type=csv&maxFields=10000&detectTypes=yes&xField=longitude&yField=latitude&crs=EPSG:4326&spatialIndex=no&subsetIndex=no&watchFile=no
"2772",Collinsia parviflora,Collinsia,parviflora,,,,native,S5,,48.866895000000000,-123.336524999999995,,NA,NA,"109597095",obs_native,file:///D:/Simon/Sync/Root/GIS/Biodiversity%20Data/obs_native.csv?type=csv&maxFields=10000&detectTypes=yes&xField=longitude&yField=latitude&crs=EPSG:4326&spatialIndex=no&subsetIndex=no&watchFile=no
"2773",Collinsia parviflora,Collinsia,parviflora,,,,native,S5,,48.871875000000003,-123.310866700000005,,NA,NA,"109721412",obs_native,file:///D:/Simon/Sync/Root/GIS/Biodiversity%20Data/obs_native.csv?type=csv&maxFields=10000&detectTypes=yes&xField=longitude&yField=latitude&crs=EPSG:4326&spatialIndex=no&subsetIndex=no&watchFile=no
"2774",Collinsia parviflora,Collinsia,parviflora,,,,native,S5,,48.930283070000002,-123.478396500000002,,NA,NA,"110413358",obs_native,file:///D:/Simon/Sync/Root/GIS/Biodiversity%20Data/obs_native.csv?type=csv&maxFields=10000&detectTypes=yes&xField=longitude&yField=latitude&crs=EPSG:4326&spatialIndex=no&subsetIndex=no&watchFile=no
"2775",Collinsia parviflora,Collinsia,parviflora,,,,native,S5,,48.867637999999999,-123.339545999999999,,NA,NA,"110937704",obs_native,file:///D:/Simon/Sync/Root/GIS/Biodiversity%20Data/obs_native.csv?type=csv&maxFields=10000&detectTypes=yes&xField=longitude&yField=latitude&crs=EPSG:4326&spatialIndex=no&subsetIndex=no&watchFile=no
"2776",Collinsia parviflora,Collinsia,parviflora,,,,native,S5,,49.013666999999998,-123.573704000000006,,NA,NA,"111592182",obs_native,file:///D:/Simon/Sync/Root/GIS/Biodiversity%20Data/obs_native.csv?type=csv&maxFields=10000&detectTypes=yes&xField=longitude&yField=latitude&crs=EPSG:4326&spatialIndex=no&subsetIndex=no&watchFile=no
"2777",Collinsia parviflora,Collinsia,parviflora,,,,native,S5,,48.865997219999997,-123.369205600000001,,NA,NA,"111609849",obs_native,file:///D:/Simon/Sync/Root/GIS/Biodiversity%20Data/obs_native.csv?type=csv&maxFields=10000&detectTypes=yes&xField=longitude&yField=latitude&crs=EPSG:4326&spatialIndex=no&subsetIndex=no&watchFile=no
"2778",Collinsia parviflora,Collinsia,parviflora,,,,native,S5,,48.955916670000001,-123.527725000000004,,NA,NA,"111709323",obs_native,file:///D:/Simon/Sync/Root/GIS/Biodiversity%20Data/obs_native.csv?type=csv&maxFields=10000&detectTypes=yes&xField=longitude&yField=latitude&crs=EPSG:4326&spatialIndex=no&subsetIndex=no&watchFile=no
"2779",Collinsia parviflora,Collinsia,parviflora,,,,native,S5,,49.013756309999998,-123.573591399999998,,NA,NA,"112013255",obs_native,file:///D:/Simon/Sync/Root/GIS/Biodiversity%20Data/obs_native.csv?type=csv&maxFields=10000&detectTypes=yes&xField=longitude&yField=latitude&crs=EPSG:4326&spatialIndex=no&subsetIndex=no&watchFile=no
"2780",Collinsia parviflora,Collinsia,parviflora,,,,native,S5,,48.957326790000003,-123.530194100000003,,NA,NA,"117203502",obs_native,file:///D:/Simon/Sync/Root/GIS/Biodiversity%20Data/obs_native.csv?type=csv&maxFields=10000&detectTypes=yes&xField=longitude&yField=latitude&crs=EPSG:4326&spatialIndex=no&subsetIndex=no&watchFile=no
"2781",Collinsia parviflora,Collinsia,parviflora,,,,native,S5,,48.960016330000002,-123.535329099999998,,NA,NA,"126563662",obs_native,file:///D:/Simon/Sync/Root/GIS/Biodiversity%20Data/obs_native.csv?type=csv&maxFields=10000&detectTypes=yes&xField=longitude&yField=latitude&crs=EPSG:4326&spatialIndex=no&subsetIndex=no&watchFile=no
"2782",Collomia heterophylla,Collomia,heterophylla,,,,native,S5,,48.916249999999998,-123.424959000000001,,NA,NA,"3094626",obs_native,file:///D:/Simon/Sync/Root/GIS/Biodiversity%20Data/obs_native.csv?type=csv&maxFields=10000&detectTypes=yes&xField=longitude&yField=latitude&crs=EPSG:4326&spatialIndex=no&subsetIndex=no&watchFile=no
"2783",Collomia heterophylla,Collomia,heterophylla,,,,native,S5,,48.916249999999998,-123.424959000000001,,NA,NA,"3094646",obs_native,file:///D:/Simon/Sync/Root/GIS/Biodiversity%20Data/obs_native.csv?type=csv&maxFields=10000&detectTypes=yes&xField=longitude&yField=latitude&crs=EPSG:4326&spatialIndex=no&subsetIndex=no&watchFile=no
"2784",Collomia heterophylla,Collomia,heterophylla,,,,native,S5,,48.868800149999998,-123.378610600000002,,NA,NA,"6410312",obs_native,file:///D:/Simon/Sync/Root/GIS/Biodiversity%20Data/obs_native.csv?type=csv&maxFields=10000&detectTypes=yes&xField=longitude&yField=latitude&crs=EPSG:4326&spatialIndex=no&subsetIndex=no&watchFile=no
"2785",Collomia heterophylla,Collomia,heterophylla,,,,native,S5,,48.869626779999997,-123.343935000000002,,NA,NA,"6434804",obs_native,file:///D:/Simon/Sync/Root/GIS/Biodiversity%20Data/obs_native.csv?type=csv&maxFields=10000&detectTypes=yes&xField=longitude&yField=latitude&crs=EPSG:4326&spatialIndex=no&subsetIndex=no&watchFile=no
"2786",Collomia heterophylla,Collomia,heterophylla,,,,native,S5,,48.868638769999997,-123.345866200000003,,NA,NA,"6434832",obs_native,file:///D:/Simon/Sync/Root/GIS/Biodiversity%20Data/obs_native.csv?type=csv&maxFields=10000&detectTypes=yes&xField=longitude&yField=latitude&crs=EPSG:4326&spatialIndex=no&subsetIndex=no&watchFile=no
"2787",Collomia heterophylla,Collomia,heterophylla,,,,native,S5,,48.877015080000000,-123.380649099999999,,NA,NA,"6714926",obs_native,file:///D:/Simon/Sync/Root/GIS/Biodiversity%20Data/obs_native.csv?type=csv&maxFields=10000&detectTypes=yes&xField=longitude&yField=latitude&crs=EPSG:4326&spatialIndex=no&subsetIndex=no&watchFile=no
"2788",Collomia heterophylla,Collomia,heterophylla,,,,native,S5,,48.915641000000001,-123.425758999999999,,NA,NA,"12344899",obs_native,file:///D:/Simon/Sync/Root/GIS/Biodiversity%20Data/obs_native.csv?type=csv&maxFields=10000&detectTypes=yes&xField=longitude&yField=latitude&crs=EPSG:4326&spatialIndex=no&subsetIndex=no&watchFile=no
"2789",Collomia heterophylla,Collomia,heterophylla,,,,native,S5,,48.880699999999997,-123.334048999999993,,NA,NA,"12789035",obs_native,file:///D:/Simon/Sync/Root/GIS/Biodiversity%20Data/obs_native.csv?type=csv&maxFields=10000&detectTypes=yes&xField=longitude&yField=latitude&crs=EPSG:4326&spatialIndex=no&subsetIndex=no&watchFile=no
"2790",Collomia heterophylla,Collomia,heterophylla,,,,native,S5,,48.875779000000001,-123.380555999999999,,NA,NA,"13031603",obs_native,file:///D:/Simon/Sync/Root/GIS/Biodiversity%20Data/obs_native.csv?type=csv&maxFields=10000&detectTypes=yes&xField=longitude&yField=latitude&crs=EPSG:4326&spatialIndex=no&subsetIndex=no&watchFile=no
"2791",Collomia heterophylla,Collomia,heterophylla,,,,native,S5,,48.870301670000003,-123.346858299999994,,NA,NA,"13973349",obs_native,file:///D:/Simon/Sync/Root/GIS/Biodiversity%20Data/obs_native.csv?type=csv&maxFields=10000&detectTypes=yes&xField=longitude&yField=latitude&crs=EPSG:4326&spatialIndex=no&subsetIndex=no&watchFile=no
"2792",Collomia heterophylla,Collomia,heterophylla,,,,native,S5,,48.901721670000001,-123.405721700000001,,NA,NA,"24639900",obs_native,file:///D:/Simon/Sync/Root/GIS/Biodiversity%20Data/obs_native.csv?type=csv&maxFields=10000&detectTypes=yes&xField=longitude&yField=latitude&crs=EPSG:4326&spatialIndex=no&subsetIndex=no&watchFile=no
"2793",Collomia heterophylla,Collomia,heterophylla,,,,native,S5,,48.901822220000000,-123.405708300000001,,NA,NA,"24683924",obs_native,file:///D:/Simon/Sync/Root/GIS/Biodiversity%20Data/obs_native.csv?type=csv&maxFields=10000&detectTypes=yes&xField=longitude&yField=latitude&crs=EPSG:4326&spatialIndex=no&subsetIndex=no&watchFile=no
"2794",Collomia heterophylla,Collomia,heterophylla,,,,native,S5,,48.900744439999997,-123.404188899999994,,NA,NA,"24683945",obs_native,file:///D:/Simon/Sync/Root/GIS/Biodiversity%20Data/obs_native.csv?type=csv&maxFields=10000&detectTypes=yes&xField=longitude&yField=latitude&crs=EPSG:4326&spatialIndex=no&subsetIndex=no&watchFile=no
"2795",Collomia heterophylla,Collomia,heterophylla,,,,native,S5,,48.900700000000001,-123.404258299999995,,NA,NA,"24683946",obs_native,file:///D:/Simon/Sync/Root/GIS/Biodiversity%20Data/obs_native.csv?type=csv&maxFields=10000&detectTypes=yes&xField=longitude&yField=latitude&crs=EPSG:4326&spatialIndex=no&subsetIndex=no&watchFile=no
"2796",Collomia heterophylla,Collomia,heterophylla,,,,native,S5,,48.902045149999999,-123.405638600000003,,NA,NA,"24708883",obs_native,file:///D:/Simon/Sync/Root/GIS/Biodiversity%20Data/obs_native.csv?type=csv&maxFields=10000&detectTypes=yes&xField=longitude&yField=latitude&crs=EPSG:4326&spatialIndex=no&subsetIndex=no&watchFile=no
"2797",Collomia heterophylla,Collomia,heterophylla,,,,native,S5,,48.900733010000003,-123.404417100000003,,NA,NA,"24709141",obs_native,file:///D:/Simon/Sync/Root/GIS/Biodiversity%20Data/obs_native.csv?type=csv&maxFields=10000&detectTypes=yes&xField=longitude&yField=latitude&crs=EPSG:4326&spatialIndex=no&subsetIndex=no&watchFile=no
"2798",Collomia heterophylla,Collomia,heterophylla,,,,native,S5,,48.901543550000000,-123.404503199999994,,NA,NA,"24714404",obs_native,file:///D:/Simon/Sync/Root/GIS/Biodiversity%20Data/obs_native.csv?type=csv&maxFields=10000&detectTypes=yes&xField=longitude&yField=latitude&crs=EPSG:4326&spatialIndex=no&subsetIndex=no&watchFile=no
"2799",Collomia heterophylla,Collomia,heterophylla,,,,native,S5,,48.901543550000000,-123.404503199999994,,NA,NA,"24714417",obs_native,file:///D:/Simon/Sync/Root/GIS/Biodiversity%20Data/obs_native.csv?type=csv&maxFields=10000&detectTypes=yes&xField=longitude&yField=latitude&crs=EPSG:4326&spatialIndex=no&subsetIndex=no&watchFile=no
"2800",Collomia heterophylla,Collomia,heterophylla,,,,native,S5,,48.901293000000003,-123.405275599999996,,NA,NA,"24715692",obs_native,file:///D:/Simon/Sync/Root/GIS/Biodiversity%20Data/obs_native.csv?type=csv&maxFields=10000&detectTypes=yes&xField=longitude&yField=latitude&crs=EPSG:4326&spatialIndex=no&subsetIndex=no&watchFile=no
"2801",Collomia heterophylla,Collomia,heterophylla,,,,native,S5,,48.901111030000003,-123.403852200000003,,NA,NA,"24919266",obs_native,file:///D:/Simon/Sync/Root/GIS/Biodiversity%20Data/obs_native.csv?type=csv&maxFields=10000&detectTypes=yes&xField=longitude&yField=latitude&crs=EPSG:4326&spatialIndex=no&subsetIndex=no&watchFile=no
"2802",Collomia heterophylla,Collomia,heterophylla,,,,native,S5,,48.900693949999997,-123.405169099999995,,NA,NA,"24919447",obs_native,file:///D:/Simon/Sync/Root/GIS/Biodiversity%20Data/obs_native.csv?type=csv&maxFields=10000&detectTypes=yes&xField=longitude&yField=latitude&crs=EPSG:4326&spatialIndex=no&subsetIndex=no&watchFile=no
"2803",Collomia heterophylla,Collomia,heterophylla,,,,native,S5,,48.900963890000000,-123.404586100000003,,NA,NA,"25560954",obs_native,file:///D:/Simon/Sync/Root/GIS/Biodiversity%20Data/obs_native.csv?type=csv&maxFields=10000&detectTypes=yes&xField=longitude&yField=latitude&crs=EPSG:4326&spatialIndex=no&subsetIndex=no&watchFile=no
"2804",Collomia heterophylla,Collomia,heterophylla,,,,native,S5,,48.901783330000001,-123.405691700000006,,NA,NA,"25560958",obs_native,file:///D:/Simon/Sync/Root/GIS/Biodiversity%20Data/obs_native.csv?type=csv&maxFields=10000&detectTypes=yes&xField=longitude&yField=latitude&crs=EPSG:4326&spatialIndex=no&subsetIndex=no&watchFile=no
"2805",Collomia heterophylla,Collomia,heterophylla,,,,native,S5,,48.888493879999999,-123.378507400000004,,NA,NA,"25912210",obs_native,file:///D:/Simon/Sync/Root/GIS/Biodiversity%20Data/obs_native.csv?type=csv&maxFields=10000&detectTypes=yes&xField=longitude&yField=latitude&crs=EPSG:4326&spatialIndex=no&subsetIndex=no&watchFile=no
"2806",Collomia heterophylla,Collomia,heterophylla,,,,native,S5,,48.901116670000000,-123.405625000000001,,NA,NA,"32125290",obs_native,file:///D:/Simon/Sync/Root/GIS/Biodiversity%20Data/obs_native.csv?type=csv&maxFields=10000&detectTypes=yes&xField=longitude&yField=latitude&crs=EPSG:4326&spatialIndex=no&subsetIndex=no&watchFile=no
"2807",Collomia heterophylla,Collomia,heterophylla,,,,native,S5,,48.887472219999999,-123.374991699999995,,NA,NA,"53022039",obs_native,file:///D:/Simon/Sync/Root/GIS/Biodiversity%20Data/obs_native.csv?type=csv&maxFields=10000&detectTypes=yes&xField=longitude&yField=latitude&crs=EPSG:4326&spatialIndex=no&subsetIndex=no&watchFile=no
"2808",Collomia heterophylla,Collomia,heterophylla,,,,native,S5,,48.974527090000002,-123.540157699999995,,NA,NA,"53064531",obs_native,file:///D:/Simon/Sync/Root/GIS/Biodiversity%20Data/obs_native.csv?type=csv&maxFields=10000&detectTypes=yes&xField=longitude&yField=latitude&crs=EPSG:4326&spatialIndex=no&subsetIndex=no&watchFile=no
"2809",Collomia heterophylla,Collomia,heterophylla,,,,native,S5,,48.929991670000000,-123.470025000000007,,NA,NA,"120618119",obs_native,file:///D:/Simon/Sync/Root/GIS/Biodiversity%20Data/obs_native.csv?type=csv&maxFields=10000&detectTypes=yes&xField=longitude&yField=latitude&crs=EPSG:4326&spatialIndex=no&subsetIndex=no&watchFile=no
"2810",Collomia heterophylla,Collomia,heterophylla,,,,native,S5,,48.934747219999998,-123.474780600000003,,NA,NA,"128048508",obs_native,file:///D:/Simon/Sync/Root/GIS/Biodiversity%20Data/obs_native.csv?type=csv&maxFields=10000&detectTypes=yes&xField=longitude&yField=latitude&crs=EPSG:4326&spatialIndex=no&subsetIndex=no&watchFile=no
"2811",Collomia heterophylla,Collomia,heterophylla,,,,native,S5,,48.935280560000002,-123.475158300000004,,NA,NA,"128113446",obs_native,file:///D:/Simon/Sync/Root/GIS/Biodiversity%20Data/obs_native.csv?type=csv&maxFields=10000&detectTypes=yes&xField=longitude&yField=latitude&crs=EPSG:4326&spatialIndex=no&subsetIndex=no&watchFile=no
"2812",Comarum palustre,Comarum,palustre,,,,native,S5,,48.983659000000003,-123.556323000000006,,NA,NA,"3296338",obs_native,file:///D:/Simon/Sync/Root/GIS/Biodiversity%20Data/obs_native.csv?type=csv&maxFields=10000&detectTypes=yes&xField=longitude&yField=latitude&crs=EPSG:4326&spatialIndex=no&subsetIndex=no&watchFile=no
"2813",Comarum palustre,Comarum,palustre,,,,native,S5,,48.983325000000001,-123.556213900000003,,NA,NA,"3889087",obs_native,file:///D:/Simon/Sync/Root/GIS/Biodiversity%20Data/obs_native.csv?type=csv&maxFields=10000&detectTypes=yes&xField=longitude&yField=latitude&crs=EPSG:4326&spatialIndex=no&subsetIndex=no&watchFile=no
"2814",Comarum palustre,Comarum,palustre,,,,native,S5,,48.983165999999997,-123.555846000000003,,NA,NA,"5639152",obs_native,file:///D:/Simon/Sync/Root/GIS/Biodiversity%20Data/obs_native.csv?type=csv&maxFields=10000&detectTypes=yes&xField=longitude&yField=latitude&crs=EPSG:4326&spatialIndex=no&subsetIndex=no&watchFile=no
"2815",Comarum palustre,Comarum,palustre,,,,native,S5,,48.984915000000001,-123.557158299999998,,NA,NA,"89513102",obs_native,file:///D:/Simon/Sync/Root/GIS/Biodiversity%20Data/obs_native.csv?type=csv&maxFields=10000&detectTypes=yes&xField=longitude&yField=latitude&crs=EPSG:4326&spatialIndex=no&subsetIndex=no&watchFile=no
"2816",Conioselinum gmelinii,Conioselinum,gmelinii,,,,native,S5,,48.898245000000003,-123.406935000000004,,NA,NA,"3652970",obs_native,file:///D:/Simon/Sync/Root/GIS/Biodiversity%20Data/obs_native.csv?type=csv&maxFields=10000&detectTypes=yes&xField=longitude&yField=latitude&crs=EPSG:4326&spatialIndex=no&subsetIndex=no&watchFile=no
"2817",Conioselinum gmelinii,Conioselinum,gmelinii,,,,native,S5,,48.898463419999999,-123.407671100000002,,NA,NA,"3694843",obs_native,file:///D:/Simon/Sync/Root/GIS/Biodiversity%20Data/obs_native.csv?type=csv&maxFields=10000&detectTypes=yes&xField=longitude&yField=latitude&crs=EPSG:4326&spatialIndex=no&subsetIndex=no&watchFile=no
"2818",Conioselinum gmelinii,Conioselinum,gmelinii,,,,native,S5,,48.898083999999997,-123.406977999999995,,NA,NA,"4016835",obs_native,file:///D:/Simon/Sync/Root/GIS/Biodiversity%20Data/obs_native.csv?type=csv&maxFields=10000&detectTypes=yes&xField=longitude&yField=latitude&crs=EPSG:4326&spatialIndex=no&subsetIndex=no&watchFile=no
"2819",Conioselinum gmelinii,Conioselinum,gmelinii,,,,native,S5,,48.896810000000002,-123.406316700000005,,NA,NA,"8848632",obs_native,file:///D:/Simon/Sync/Root/GIS/Biodiversity%20Data/obs_native.csv?type=csv&maxFields=10000&detectTypes=yes&xField=longitude&yField=latitude&crs=EPSG:4326&spatialIndex=no&subsetIndex=no&watchFile=no
"2820",Conioselinum gmelinii,Conioselinum,gmelinii,,,,native,S5,,48.897918330000003,-123.408081699999997,,NA,NA,"13974231",obs_native,file:///D:/Simon/Sync/Root/GIS/Biodiversity%20Data/obs_native.csv?type=csv&maxFields=10000&detectTypes=yes&xField=longitude&yField=latitude&crs=EPSG:4326&spatialIndex=no&subsetIndex=no&watchFile=no
"2821",Conioselinum gmelinii,Conioselinum,gmelinii,,,,native,S5,,48.896933330000003,-123.406341699999999,,NA,NA,"24701246",obs_native,file:///D:/Simon/Sync/Root/GIS/Biodiversity%20Data/obs_native.csv?type=csv&maxFields=10000&detectTypes=yes&xField=longitude&yField=latitude&crs=EPSG:4326&spatialIndex=no&subsetIndex=no&watchFile=no
"2822",Conioselinum gmelinii,Conioselinum,gmelinii,,,,native,S5,,48.896908330000002,-123.406380600000006,,NA,NA,"25655208",obs_native,file:///D:/Simon/Sync/Root/GIS/Biodiversity%20Data/obs_native.csv?type=csv&maxFields=10000&detectTypes=yes&xField=longitude&yField=latitude&crs=EPSG:4326&spatialIndex=no&subsetIndex=no&watchFile=no
"2823",Conioselinum gmelinii,Conioselinum,gmelinii,,,,native,S5,,48.896945000000002,-123.406393300000005,,NA,NA,"48091419",obs_native,file:///D:/Simon/Sync/Root/GIS/Biodiversity%20Data/obs_native.csv?type=csv&maxFields=10000&detectTypes=yes&xField=longitude&yField=latitude&crs=EPSG:4326&spatialIndex=no&subsetIndex=no&watchFile=no
"2824",Conioselinum gmelinii,Conioselinum,gmelinii,,,,native,S5,,48.896828329999998,-123.406395000000003,,NA,NA,"131412832",obs_native,file:///D:/Simon/Sync/Root/GIS/Biodiversity%20Data/obs_native.csv?type=csv&maxFields=10000&detectTypes=yes&xField=longitude&yField=latitude&crs=EPSG:4326&spatialIndex=no&subsetIndex=no&watchFile=no
"2825",Conioselinum gmelinii,Conioselinum,gmelinii,,,,native,S5,,48.896916670000003,-123.406441700000002,,NA,NA,"132886470",obs_native,file:///D:/Simon/Sync/Root/GIS/Biodiversity%20Data/obs_native.csv?type=csv&maxFields=10000&detectTypes=yes&xField=longitude&yField=latitude&crs=EPSG:4326&spatialIndex=no&subsetIndex=no&watchFile=no
"2835",Corallorhiza mertensiana,Corallorhiza,mertensiana,,,,native,S5 (2019),,48.904609690000001,-123.367231700000005,,NA,NA,"120891212",obs_native,file:///D:/Simon/Sync/Root/GIS/Biodiversity%20Data/obs_native.csv?type=csv&maxFields=10000&detectTypes=yes&xField=longitude&yField=latitude&crs=EPSG:4326&spatialIndex=no&subsetIndex=no&watchFile=no
"2836",Cornus nuttallii,Cornus,nuttallii,,,,native,S5,,48.981011000000002,-123.557911000000004,,NA,NA,"3295934",obs_native,file:///D:/Simon/Sync/Root/GIS/Biodiversity%20Data/obs_native.csv?type=csv&maxFields=10000&detectTypes=yes&xField=longitude&yField=latitude&crs=EPSG:4326&spatialIndex=no&subsetIndex=no&watchFile=no
"2837",Cornus nuttallii,Cornus,nuttallii,,,,native,S5,,48.918288889999999,-123.434486100000001,,NA,NA,"3872162",obs_native,file:///D:/Simon/Sync/Root/GIS/Biodiversity%20Data/obs_native.csv?type=csv&maxFields=10000&detectTypes=yes&xField=longitude&yField=latitude&crs=EPSG:4326&spatialIndex=no&subsetIndex=no&watchFile=no
"2838",Cornus nuttallii,Cornus,nuttallii,,,,native,S5,,48.898200099999997,-123.355103700000001,,NA,NA,"5953041",obs_native,file:///D:/Simon/Sync/Root/GIS/Biodiversity%20Data/obs_native.csv?type=csv&maxFields=10000&detectTypes=yes&xField=longitude&yField=latitude&crs=EPSG:4326&spatialIndex=no&subsetIndex=no&watchFile=no
"2839",Cornus nuttallii,Cornus,nuttallii,,,,native,S5,,48.976160890000003,-123.548855799999998,,NA,NA,"6085928",obs_native,file:///D:/Simon/Sync/Root/GIS/Biodiversity%20Data/obs_native.csv?type=csv&maxFields=10000&detectTypes=yes&xField=longitude&yField=latitude&crs=EPSG:4326&spatialIndex=no&subsetIndex=no&watchFile=no
"2840",Cornus nuttallii,Cornus,nuttallii,,,,native,S5,,48.970639560000002,-123.542718899999997,,NA,NA,"6216781",obs_native,file:///D:/Simon/Sync/Root/GIS/Biodiversity%20Data/obs_native.csv?type=csv&maxFields=10000&detectTypes=yes&xField=longitude&yField=latitude&crs=EPSG:4326&spatialIndex=no&subsetIndex=no&watchFile=no
"2841",Cornus nuttallii,Cornus,nuttallii,,,,native,S5,,48.865640999999997,-123.370254000000003,,NA,NA,"11582209",obs_native,file:///D:/Simon/Sync/Root/GIS/Biodiversity%20Data/obs_native.csv?type=csv&maxFields=10000&detectTypes=yes&xField=longitude&yField=latitude&crs=EPSG:4326&spatialIndex=no&subsetIndex=no&watchFile=no
"2842",Cornus nuttallii,Cornus,nuttallii,,,,native,S5,,48.963670000000000,-123.549828300000001,,NA,NA,"17905883",obs_native,file:///D:/Simon/Sync/Root/GIS/Biodiversity%20Data/obs_native.csv?type=csv&maxFields=10000&detectTypes=yes&xField=longitude&yField=latitude&crs=EPSG:4326&spatialIndex=no&subsetIndex=no&watchFile=no
"2843",Cornus nuttallii,Cornus,nuttallii,,,,native,S5,,48.952681249999998,-123.532439499999995,,NA,NA,"24653160",obs_native,file:///D:/Simon/Sync/Root/GIS/Biodiversity%20Data/obs_native.csv?type=csv&maxFields=10000&detectTypes=yes&xField=longitude&yField=latitude&crs=EPSG:4326&spatialIndex=no&subsetIndex=no&watchFile=no
"2844",Cornus nuttallii,Cornus,nuttallii,,,,native,S5,,48.878028280000002,-123.387011799999996,,NA,NA,"24653172",obs_native,file:///D:/Simon/Sync/Root/GIS/Biodiversity%20Data/obs_native.csv?type=csv&maxFields=10000&detectTypes=yes&xField=longitude&yField=latitude&crs=EPSG:4326&spatialIndex=no&subsetIndex=no&watchFile=no
"2845",Cornus nuttallii,Cornus,nuttallii,,,,native,S5,,48.980293099999997,-123.558324700000000,,NA,NA,"24820901",obs_native,file:///D:/Simon/Sync/Root/GIS/Biodiversity%20Data/obs_native.csv?type=csv&maxFields=10000&detectTypes=yes&xField=longitude&yField=latitude&crs=EPSG:4326&spatialIndex=no&subsetIndex=no&watchFile=no
"2846",Cornus nuttallii,Cornus,nuttallii,,,,native,S5,,48.963646670000003,-123.549876699999999,,NA,NA,"42813471",obs_native,file:///D:/Simon/Sync/Root/GIS/Biodiversity%20Data/obs_native.csv?type=csv&maxFields=10000&detectTypes=yes&xField=longitude&yField=latitude&crs=EPSG:4326&spatialIndex=no&subsetIndex=no&watchFile=no
"2847",Cornus nuttallii,Cornus,nuttallii,,,,native,S5,,48.868262440000002,-123.347821400000001,,NA,NA,"43555449",obs_native,file:///D:/Simon/Sync/Root/GIS/Biodiversity%20Data/obs_native.csv?type=csv&maxFields=10000&detectTypes=yes&xField=longitude&yField=latitude&crs=EPSG:4326&spatialIndex=no&subsetIndex=no&watchFile=no
"2848",Cornus nuttallii,Cornus,nuttallii,,,,native,S5,,48.971542509999999,-123.556213200000002,,NA,NA,"60922876",obs_native,file:///D:/Simon/Sync/Root/GIS/Biodiversity%20Data/obs_native.csv?type=csv&maxFields=10000&detectTypes=yes&xField=longitude&yField=latitude&crs=EPSG:4326&spatialIndex=no&subsetIndex=no&watchFile=no
"2849",Cornus nuttallii,Cornus,nuttallii,,,,native,S5,,48.974311970000002,-123.554299999999998,,NA,NA,"97864803",obs_native,file:///D:/Simon/Sync/Root/GIS/Biodiversity%20Data/obs_native.csv?type=csv&maxFields=10000&detectTypes=yes&xField=longitude&yField=latitude&crs=EPSG:4326&spatialIndex=no&subsetIndex=no&watchFile=no
"2850",Cornus nuttallii,Cornus,nuttallii,,,,native,S5,,48.957718900000003,-123.531924300000000,,NA,NA,"116029590",obs_native,file:///D:/Simon/Sync/Root/GIS/Biodiversity%20Data/obs_native.csv?type=csv&maxFields=10000&detectTypes=yes&xField=longitude&yField=latitude&crs=EPSG:4326&spatialIndex=no&subsetIndex=no&watchFile=no
"2856",Crataegus douglasii,Crataegus,douglasii,,,,native,S5,,49.010998999999998,-123.572115999999994,,NA,NA,"3542848",obs_native,file:///D:/Simon/Sync/Root/GIS/Biodiversity%20Data/obs_native.csv?type=csv&maxFields=10000&detectTypes=yes&xField=longitude&yField=latitude&crs=EPSG:4326&spatialIndex=no&subsetIndex=no&watchFile=no
"2857",Crataegus douglasii,Crataegus,douglasii,,,,native,S5,,49.012788999999998,-123.572556000000006,,NA,NA,"3543069",obs_native,file:///D:/Simon/Sync/Root/GIS/Biodiversity%20Data/obs_native.csv?type=csv&maxFields=10000&detectTypes=yes&xField=longitude&yField=latitude&crs=EPSG:4326&spatialIndex=no&subsetIndex=no&watchFile=no
"2858",Crataegus douglasii,Crataegus,douglasii,,,,native,S5,,49.012277390000001,-123.574328699999995,,NA,NA,"3889066",obs_native,file:///D:/Simon/Sync/Root/GIS/Biodiversity%20Data/obs_native.csv?type=csv&maxFields=10000&detectTypes=yes&xField=longitude&yField=latitude&crs=EPSG:4326&spatialIndex=no&subsetIndex=no&watchFile=no
"2859",Crataegus douglasii,Crataegus,douglasii,,,,native,S5,,49.012850899999997,-123.573103000000003,,NA,NA,"6309374",obs_native,file:///D:/Simon/Sync/Root/GIS/Biodiversity%20Data/obs_native.csv?type=csv&maxFields=10000&detectTypes=yes&xField=longitude&yField=latitude&crs=EPSG:4326&spatialIndex=no&subsetIndex=no&watchFile=no
"2860",Crataegus douglasii,Crataegus,douglasii,,,,native,S5,,48.949985509999998,-123.487658499999995,,NA,NA,"6411222",obs_native,file:///D:/Simon/Sync/Root/GIS/Biodiversity%20Data/obs_native.csv?type=csv&maxFields=10000&detectTypes=yes&xField=longitude&yField=latitude&crs=EPSG:4326&spatialIndex=no&subsetIndex=no&watchFile=no
"2861",Crataegus douglasii,Crataegus,douglasii,,,,native,S5,,49.007572220000000,-123.567496700000007,,NA,NA,"53807086",obs_native,file:///D:/Simon/Sync/Root/GIS/Biodiversity%20Data/obs_native.csv?type=csv&maxFields=10000&detectTypes=yes&xField=longitude&yField=latitude&crs=EPSG:4326&spatialIndex=no&subsetIndex=no&watchFile=no
"2862",Crataegus douglasii,Crataegus,douglasii,,,,native,S5,,48.877041640000002,-123.318330799999998,,NA,NA,"56578641",obs_native,file:///D:/Simon/Sync/Root/GIS/Biodiversity%20Data/obs_native.csv?type=csv&maxFields=10000&detectTypes=yes&xField=longitude&yField=latitude&crs=EPSG:4326&spatialIndex=no&subsetIndex=no&watchFile=no
"2863",Crataegus douglasii,Crataegus,douglasii,,,,native,S5,,49.012708330000002,-123.572622199999998,,NA,NA,"57127929",obs_native,file:///D:/Simon/Sync/Root/GIS/Biodiversity%20Data/obs_native.csv?type=csv&maxFields=10000&detectTypes=yes&xField=longitude&yField=latitude&crs=EPSG:4326&spatialIndex=no&subsetIndex=no&watchFile=no
"2864",Crataegus douglasii,Crataegus,douglasii,,,,native,S5,,49.012220870000000,-123.573407000000003,,NA,NA,"64253361",obs_native,file:///D:/Simon/Sync/Root/GIS/Biodiversity%20Data/obs_native.csv?type=csv&maxFields=10000&detectTypes=yes&xField=longitude&yField=latitude&crs=EPSG:4326&spatialIndex=no&subsetIndex=no&watchFile=no
"2865",Crataegus douglasii,Crataegus,douglasii,,,,native,S5,,49.012241449999998,-123.573845199999994,,NA,NA,"123934547",obs_native,file:///D:/Simon/Sync/Root/GIS/Biodiversity%20Data/obs_native.csv?type=csv&maxFields=10000&detectTypes=yes&xField=longitude&yField=latitude&crs=EPSG:4326&spatialIndex=no&subsetIndex=no&watchFile=no
"2866",Crataegus douglasii,Crataegus,douglasii,,,,native,S5,,49.012096669999998,-123.573610000000002,,NA,NA,"124067896",obs_native,file:///D:/Simon/Sync/Root/GIS/Biodiversity%20Data/obs_native.csv?type=csv&maxFields=10000&detectTypes=yes&xField=longitude&yField=latitude&crs=EPSG:4326&spatialIndex=no&subsetIndex=no&watchFile=no
"2887",Crocidium multicaule,Crocidium,multicaule,,,,native,S4,,48.868785000000003,-123.378710999999996,,NA,NA,"5472938",obs_native,file:///D:/Simon/Sync/Root/GIS/Biodiversity%20Data/obs_native.csv?type=csv&maxFields=10000&detectTypes=yes&xField=longitude&yField=latitude&crs=EPSG:4326&spatialIndex=no&subsetIndex=no&watchFile=no
"2888",Crocidium multicaule,Crocidium,multicaule,,,,native,S4,,48.869905000000003,-123.380904999999998,,NA,NA,"9145124",obs_native,file:///D:/Simon/Sync/Root/GIS/Biodiversity%20Data/obs_native.csv?type=csv&maxFields=10000&detectTypes=yes&xField=longitude&yField=latitude&crs=EPSG:4326&spatialIndex=no&subsetIndex=no&watchFile=no
"2889",Crocidium multicaule,Crocidium,multicaule,,,,native,S4,,48.958313330000003,-123.532196700000000,,NA,NA,"21351573",obs_native,file:///D:/Simon/Sync/Root/GIS/Biodiversity%20Data/obs_native.csv?type=csv&maxFields=10000&detectTypes=yes&xField=longitude&yField=latitude&crs=EPSG:4326&spatialIndex=no&subsetIndex=no&watchFile=no
"2890",Crocidium multicaule,Crocidium,multicaule,,,,native,S4,,48.958286670000000,-123.532333300000005,,NA,NA,"22659796",obs_native,file:///D:/Simon/Sync/Root/GIS/Biodiversity%20Data/obs_native.csv?type=csv&maxFields=10000&detectTypes=yes&xField=longitude&yField=latitude&crs=EPSG:4326&spatialIndex=no&subsetIndex=no&watchFile=no
"2891",Crocidium multicaule,Crocidium,multicaule,,,,native,S4,,48.873630560000002,-123.383530600000000,,NA,NA,"71430971",obs_native,file:///D:/Simon/Sync/Root/GIS/Biodiversity%20Data/obs_native.csv?type=csv&maxFields=10000&detectTypes=yes&xField=longitude&yField=latitude&crs=EPSG:4326&spatialIndex=no&subsetIndex=no&watchFile=no
"2892",Crocidium multicaule,Crocidium,multicaule,,,,native,S4,,48.958266969999997,-123.532237699999996,,NA,NA,"72213586",obs_native,file:///D:/Simon/Sync/Root/GIS/Biodiversity%20Data/obs_native.csv?type=csv&maxFields=10000&detectTypes=yes&xField=longitude&yField=latitude&crs=EPSG:4326&spatialIndex=no&subsetIndex=no&watchFile=no
"2893",Crocidium multicaule,Crocidium,multicaule,,,,native,S4,,48.958388890000002,-123.532561099999995,,NA,NA,"74104774",obs_native,file:///D:/Simon/Sync/Root/GIS/Biodiversity%20Data/obs_native.csv?type=csv&maxFields=10000&detectTypes=yes&xField=longitude&yField=latitude&crs=EPSG:4326&spatialIndex=no&subsetIndex=no&watchFile=no
"2894",Crocidium multicaule,Crocidium,multicaule,,,,native,S4,,48.958396669999999,-123.532271699999995,,NA,NA,"111709247",obs_native,file:///D:/Simon/Sync/Root/GIS/Biodiversity%20Data/obs_native.csv?type=csv&maxFields=10000&detectTypes=yes&xField=longitude&yField=latitude&crs=EPSG:4326&spatialIndex=no&subsetIndex=no&watchFile=no
"2895",Crocidium multicaule,Crocidium,multicaule,,,,native,S4,,48.873211949999998,-123.383120399999996,,NA,NA,"114122211",obs_native,file:///D:/Simon/Sync/Root/GIS/Biodiversity%20Data/obs_native.csv?type=csv&maxFields=10000&detectTypes=yes&xField=longitude&yField=latitude&crs=EPSG:4326&spatialIndex=no&subsetIndex=no&watchFile=no
"2896",Crocidium multicaule,Crocidium,multicaule,,,,native,S4,,48.958258330000000,-123.532297200000002,,NA,NA,"116029554",obs_native,file:///D:/Simon/Sync/Root/GIS/Biodiversity%20Data/obs_native.csv?type=csv&maxFields=10000&detectTypes=yes&xField=longitude&yField=latitude&crs=EPSG:4326&spatialIndex=no&subsetIndex=no&watchFile=no
"2897",Crocidium multicaule,Crocidium,multicaule,,,,native,S4,,48.958272219999998,-123.532372199999998,,NA,NA,"116033733",obs_native,file:///D:/Simon/Sync/Root/GIS/Biodiversity%20Data/obs_native.csv?type=csv&maxFields=10000&detectTypes=yes&xField=longitude&yField=latitude&crs=EPSG:4326&spatialIndex=no&subsetIndex=no&watchFile=no
"2942",Cystopteris fragilis,Cystopteris,fragilis,,,,native,S5,,48.865547999999997,-123.369597999999996,,NA,NA,"5516498",obs_native,file:///D:/Simon/Sync/Root/GIS/Biodiversity%20Data/obs_native.csv?type=csv&maxFields=10000&detectTypes=yes&xField=longitude&yField=latitude&crs=EPSG:4326&spatialIndex=no&subsetIndex=no&watchFile=no
"2943",Cystopteris fragilis,Cystopteris,fragilis,,,,native,S5,,48.900882750000001,-123.404531599999999,,NA,NA,"24919390",obs_native,file:///D:/Simon/Sync/Root/GIS/Biodiversity%20Data/obs_native.csv?type=csv&maxFields=10000&detectTypes=yes&xField=longitude&yField=latitude&crs=EPSG:4326&spatialIndex=no&subsetIndex=no&watchFile=no
"2944",Cystopteris fragilis,Cystopteris,fragilis,,,,native,S5,,48.866594999999997,-123.367549999999994,,NA,NA,"41788650",obs_native,file:///D:/Simon/Sync/Root/GIS/Biodiversity%20Data/obs_native.csv?type=csv&maxFields=10000&detectTypes=yes&xField=longitude&yField=latitude&crs=EPSG:4326&spatialIndex=no&subsetIndex=no&watchFile=no
"2945",Cystopteris fragilis,Cystopteris,fragilis,,,,native,S5,,48.867388329999997,-123.376323299999996,,NA,NA,"42365212",obs_native,file:///D:/Simon/Sync/Root/GIS/Biodiversity%20Data/obs_native.csv?type=csv&maxFields=10000&detectTypes=yes&xField=longitude&yField=latitude&crs=EPSG:4326&spatialIndex=no&subsetIndex=no&watchFile=no
"3145",Danthonia californica,Danthonia,californica,,,,native,S5,,48.866338040000002,-123.334042999999994,,NA,NA,"6434812",obs_native,file:///D:/Simon/Sync/Root/GIS/Biodiversity%20Data/obs_native.csv?type=csv&maxFields=10000&detectTypes=yes&xField=longitude&yField=latitude&crs=EPSG:4326&spatialIndex=no&subsetIndex=no&watchFile=no
"3146",Danthonia californica,Danthonia,californica,,,,native,S5,,48.868293000000001,-123.379554999999996,,NA,NA,"6665264",obs_native,file:///D:/Simon/Sync/Root/GIS/Biodiversity%20Data/obs_native.csv?type=csv&maxFields=10000&detectTypes=yes&xField=longitude&yField=latitude&crs=EPSG:4326&spatialIndex=no&subsetIndex=no&watchFile=no
"3147",Danthonia californica,Danthonia,californica,,,,native,S5,,48.872487169999999,-123.311419299999997,,NA,NA,"25199577",obs_native,file:///D:/Simon/Sync/Root/GIS/Biodiversity%20Data/obs_native.csv?type=csv&maxFields=10000&detectTypes=yes&xField=longitude&yField=latitude&crs=EPSG:4326&spatialIndex=no&subsetIndex=no&watchFile=no
"3148",Danthonia californica,Danthonia,californica,,,,native,S5,,48.868910169999999,-123.378347899999994,,NA,NA,"25539459",obs_native,file:///D:/Simon/Sync/Root/GIS/Biodiversity%20Data/obs_native.csv?type=csv&maxFields=10000&detectTypes=yes&xField=longitude&yField=latitude&crs=EPSG:4326&spatialIndex=no&subsetIndex=no&watchFile=no
"3149",Danthonia californica,Danthonia,californica,,,,native,S5,,48.872316110000000,-123.311306400000007,,NA,NA,"26683945",obs_native,file:///D:/Simon/Sync/Root/GIS/Biodiversity%20Data/obs_native.csv?type=csv&maxFields=10000&detectTypes=yes&xField=longitude&yField=latitude&crs=EPSG:4326&spatialIndex=no&subsetIndex=no&watchFile=no
"3150",Danthonia californica,Danthonia,californica,,,,native,S5,,48.870528329999999,-123.319213300000001,,NA,NA,"121538438",obs_native,file:///D:/Simon/Sync/Root/GIS/Biodiversity%20Data/obs_native.csv?type=csv&maxFields=10000&detectTypes=yes&xField=longitude&yField=latitude&crs=EPSG:4326&spatialIndex=no&subsetIndex=no&watchFile=no
"3151",Danthonia californica,Danthonia,californica,,,,native,S5,,48.872697219999999,-123.311263900000000,,NA,NA,"125105116",obs_native,file:///D:/Simon/Sync/Root/GIS/Biodiversity%20Data/obs_native.csv?type=csv&maxFields=10000&detectTypes=yes&xField=longitude&yField=latitude&crs=EPSG:4326&spatialIndex=no&subsetIndex=no&watchFile=no
"3202",Daucus pusillus,Daucus,pusillus,,,,native,S5,,48.932492000000003,-123.484526000000002,,NA,NA,"2567452",obs_native,file:///D:/Simon/Sync/Root/GIS/Biodiversity%20Data/obs_native.csv?type=csv&maxFields=10000&detectTypes=yes&xField=longitude&yField=latitude&crs=EPSG:4326&spatialIndex=no&subsetIndex=no&watchFile=no
"3203",Daucus pusillus,Daucus,pusillus,,,,native,S5,,48.871281609999997,-123.388160099999993,,NA,NA,"3318701",obs_native,file:///D:/Simon/Sync/Root/GIS/Biodiversity%20Data/obs_native.csv?type=csv&maxFields=10000&detectTypes=yes&xField=longitude&yField=latitude&crs=EPSG:4326&spatialIndex=no&subsetIndex=no&watchFile=no
"3204",Daucus pusillus,Daucus,pusillus,,,,native,S5,,48.867322999999999,-123.337926999999993,,NA,NA,"3345361",obs_native,file:///D:/Simon/Sync/Root/GIS/Biodiversity%20Data/obs_native.csv?type=csv&maxFields=10000&detectTypes=yes&xField=longitude&yField=latitude&crs=EPSG:4326&spatialIndex=no&subsetIndex=no&watchFile=no
"3205",Daucus pusillus,Daucus,pusillus,,,,native,S5,,48.867271000000002,-123.338217000000000,,NA,NA,"3461543",obs_native,file:///D:/Simon/Sync/Root/GIS/Biodiversity%20Data/obs_native.csv?type=csv&maxFields=10000&detectTypes=yes&xField=longitude&yField=latitude&crs=EPSG:4326&spatialIndex=no&subsetIndex=no&watchFile=no
"3206",Daucus pusillus,Daucus,pusillus,,,,native,S5,,48.961384000000002,-123.538436000000004,,NA,NA,"3682161",obs_native,file:///D:/Simon/Sync/Root/GIS/Biodiversity%20Data/obs_native.csv?type=csv&maxFields=10000&detectTypes=yes&xField=longitude&yField=latitude&crs=EPSG:4326&spatialIndex=no&subsetIndex=no&watchFile=no
"3207",Daucus pusillus,Daucus,pusillus,,,,native,S5,,48.866747380000000,-123.375649499999994,,NA,NA,"6409656",obs_native,file:///D:/Simon/Sync/Root/GIS/Biodiversity%20Data/obs_native.csv?type=csv&maxFields=10000&detectTypes=yes&xField=longitude&yField=latitude&crs=EPSG:4326&spatialIndex=no&subsetIndex=no&watchFile=no
"3208",Daucus pusillus,Daucus,pusillus,,,,native,S5,,48.868800149999998,-123.378610600000002,,NA,NA,"6410319",obs_native,file:///D:/Simon/Sync/Root/GIS/Biodiversity%20Data/obs_native.csv?type=csv&maxFields=10000&detectTypes=yes&xField=longitude&yField=latitude&crs=EPSG:4326&spatialIndex=no&subsetIndex=no&watchFile=no
"3209",Daucus pusillus,Daucus,pusillus,,,,native,S5,,48.866634460000000,-123.375670900000003,,NA,NA,"6411600",obs_native,file:///D:/Simon/Sync/Root/GIS/Biodiversity%20Data/obs_native.csv?type=csv&maxFields=10000&detectTypes=yes&xField=longitude&yField=latitude&crs=EPSG:4326&spatialIndex=no&subsetIndex=no&watchFile=no
"3210",Daucus pusillus,Daucus,pusillus,,,,native,S5,,48.870148999999998,-123.380413000000004,,NA,NA,"6665209",obs_native,file:///D:/Simon/Sync/Root/GIS/Biodiversity%20Data/obs_native.csv?type=csv&maxFields=10000&detectTypes=yes&xField=longitude&yField=latitude&crs=EPSG:4326&spatialIndex=no&subsetIndex=no&watchFile=no
"3211",Daucus pusillus,Daucus,pusillus,,,,native,S5,,48.868293000000001,-123.379554999999996,,NA,NA,"6665267",obs_native,file:///D:/Simon/Sync/Root/GIS/Biodiversity%20Data/obs_native.csv?type=csv&maxFields=10000&detectTypes=yes&xField=longitude&yField=latitude&crs=EPSG:4326&spatialIndex=no&subsetIndex=no&watchFile=no
"3212",Daucus pusillus,Daucus,pusillus,,,,native,S5,,48.874552000000001,-123.383330999999998,,NA,NA,"6817571",obs_native,file:///D:/Simon/Sync/Root/GIS/Biodiversity%20Data/obs_native.csv?type=csv&maxFields=10000&detectTypes=yes&xField=longitude&yField=latitude&crs=EPSG:4326&spatialIndex=no&subsetIndex=no&watchFile=no
"3213",Daucus pusillus,Daucus,pusillus,,,,native,S5,,48.862488999999997,-123.373527999999993,,NA,NA,"12944629",obs_native,file:///D:/Simon/Sync/Root/GIS/Biodiversity%20Data/obs_native.csv?type=csv&maxFields=10000&detectTypes=yes&xField=longitude&yField=latitude&crs=EPSG:4326&spatialIndex=no&subsetIndex=no&watchFile=no
"3214",Daucus pusillus,Daucus,pusillus,,,,native,S5,,48.957759000000003,-123.531672000000000,,NA,NA,"13026723",obs_native,file:///D:/Simon/Sync/Root/GIS/Biodiversity%20Data/obs_native.csv?type=csv&maxFields=10000&detectTypes=yes&xField=longitude&yField=latitude&crs=EPSG:4326&spatialIndex=no&subsetIndex=no&watchFile=no
"3215",Daucus pusillus,Daucus,pusillus,,,,native,S5,,48.868895999999999,-123.378265999999996,,NA,NA,"13031478",obs_native,file:///D:/Simon/Sync/Root/GIS/Biodiversity%20Data/obs_native.csv?type=csv&maxFields=10000&detectTypes=yes&xField=longitude&yField=latitude&crs=EPSG:4326&spatialIndex=no&subsetIndex=no&watchFile=no
"3216",Daucus pusillus,Daucus,pusillus,,,,native,S5,,48.887284999999999,-123.374841700000005,,NA,NA,"53022042",obs_native,file:///D:/Simon/Sync/Root/GIS/Biodiversity%20Data/obs_native.csv?type=csv&maxFields=10000&detectTypes=yes&xField=longitude&yField=latitude&crs=EPSG:4326&spatialIndex=no&subsetIndex=no&watchFile=no
"3217",Daucus pusillus,Daucus,pusillus,,,,native,S5,,48.971836109999998,-123.543411100000000,,NA,NA,"53064656",obs_native,file:///D:/Simon/Sync/Root/GIS/Biodiversity%20Data/obs_native.csv?type=csv&maxFields=10000&detectTypes=yes&xField=longitude&yField=latitude&crs=EPSG:4326&spatialIndex=no&subsetIndex=no&watchFile=no
"3218",Daucus pusillus,Daucus,pusillus,,,,native,S5,,48.867752000000003,-123.339371000000000,,NA,NA,"110937711",obs_native,file:///D:/Simon/Sync/Root/GIS/Biodiversity%20Data/obs_native.csv?type=csv&maxFields=10000&detectTypes=yes&xField=longitude&yField=latitude&crs=EPSG:4326&spatialIndex=no&subsetIndex=no&watchFile=no
"3219",Daucus pusillus,Daucus,pusillus,,,,native,S5,,48.866108330000003,-123.368993300000000,,NA,NA,"120470350",obs_native,file:///D:/Simon/Sync/Root/GIS/Biodiversity%20Data/obs_native.csv?type=csv&maxFields=10000&detectTypes=yes&xField=longitude&yField=latitude&crs=EPSG:4326&spatialIndex=no&subsetIndex=no&watchFile=no
"3220",Daucus pusillus,Daucus,pusillus,,,,native,S5,,48.863476669999997,-123.363551700000002,,NA,NA,"120470375",obs_native,file:///D:/Simon/Sync/Root/GIS/Biodiversity%20Data/obs_native.csv?type=csv&maxFields=10000&detectTypes=yes&xField=longitude&yField=latitude&crs=EPSG:4326&spatialIndex=no&subsetIndex=no&watchFile=no
"3221",Daucus pusillus,Daucus,pusillus,,,,native,S5,,48.869999929999999,-123.379999999999995,,NA,NA,"121003731",obs_native,file:///D:/Simon/Sync/Root/GIS/Biodiversity%20Data/obs_native.csv?type=csv&maxFields=10000&detectTypes=yes&xField=longitude&yField=latitude&crs=EPSG:4326&spatialIndex=no&subsetIndex=no&watchFile=no
"3222",Daucus pusillus,Daucus,pusillus,,,,native,S5,,48.867683329999998,-123.339766699999998,,NA,NA,"121933280",obs_native,file:///D:/Simon/Sync/Root/GIS/Biodiversity%20Data/obs_native.csv?type=csv&maxFields=10000&detectTypes=yes&xField=longitude&yField=latitude&crs=EPSG:4326&spatialIndex=no&subsetIndex=no&watchFile=no
"3223",Daucus pusillus,Daucus,pusillus,,,,native,S5,,48.938773099999999,-123.468084300000001,,NA,NA,"135961839",obs_native,file:///D:/Simon/Sync/Root/GIS/Biodiversity%20Data/obs_native.csv?type=csv&maxFields=10000&detectTypes=yes&xField=longitude&yField=latitude&crs=EPSG:4326&spatialIndex=no&subsetIndex=no&watchFile=no
"3224",Daucus pusillus,Daucus,pusillus,,,,native,S5,,48.938752780000002,-123.468086099999994,,NA,NA,"136073406",obs_native,file:///D:/Simon/Sync/Root/GIS/Biodiversity%20Data/obs_native.csv?type=csv&maxFields=10000&detectTypes=yes&xField=longitude&yField=latitude&crs=EPSG:4326&spatialIndex=no&subsetIndex=no&watchFile=no
"3225",Delphinium menziesii,Delphinium,menziesii,,,,native,S5,,48.926433000000003,-123.465620999999999,,NA,NA,"2585094",obs_native,file:///D:/Simon/Sync/Root/GIS/Biodiversity%20Data/obs_native.csv?type=csv&maxFields=10000&detectTypes=yes&xField=longitude&yField=latitude&crs=EPSG:4326&spatialIndex=no&subsetIndex=no&watchFile=no
"3226",Delphinium menziesii,Delphinium,menziesii,,,,native,S5,,48.867479000000003,-123.339181999999994,,NA,NA,"2588491",obs_native,file:///D:/Simon/Sync/Root/GIS/Biodiversity%20Data/obs_native.csv?type=csv&maxFields=10000&detectTypes=yes&xField=longitude&yField=latitude&crs=EPSG:4326&spatialIndex=no&subsetIndex=no&watchFile=no
"3227",Delphinium menziesii,Delphinium,menziesii,,,,native,S5,,48.926797000000001,-123.466500999999994,,NA,NA,"2750179",obs_native,file:///D:/Simon/Sync/Root/GIS/Biodiversity%20Data/obs_native.csv?type=csv&maxFields=10000&detectTypes=yes&xField=longitude&yField=latitude&crs=EPSG:4326&spatialIndex=no&subsetIndex=no&watchFile=no
"3228",Delphinium menziesii,Delphinium,menziesii,,,,native,S5,,48.866764000000003,-123.336060000000003,,NA,NA,"3027566",obs_native,file:///D:/Simon/Sync/Root/GIS/Biodiversity%20Data/obs_native.csv?type=csv&maxFields=10000&detectTypes=yes&xField=longitude&yField=latitude&crs=EPSG:4326&spatialIndex=no&subsetIndex=no&watchFile=no
"3229",Delphinium menziesii,Delphinium,menziesii,,,,native,S5,,48.916249999999998,-123.424959000000001,,NA,NA,"3094591",obs_native,file:///D:/Simon/Sync/Root/GIS/Biodiversity%20Data/obs_native.csv?type=csv&maxFields=10000&detectTypes=yes&xField=longitude&yField=latitude&crs=EPSG:4326&spatialIndex=no&subsetIndex=no&watchFile=no
"3230",Delphinium menziesii,Delphinium,menziesii,,,,native,S5,,48.916249999999998,-123.424959000000001,,NA,NA,"3094598",obs_native,file:///D:/Simon/Sync/Root/GIS/Biodiversity%20Data/obs_native.csv?type=csv&maxFields=10000&detectTypes=yes&xField=longitude&yField=latitude&crs=EPSG:4326&spatialIndex=no&subsetIndex=no&watchFile=no
"3231",Delphinium menziesii,Delphinium,menziesii,,,,native,S5,,48.866656999999996,-123.335227000000003,,NA,NA,"5095011",obs_native,file:///D:/Simon/Sync/Root/GIS/Biodiversity%20Data/obs_native.csv?type=csv&maxFields=10000&detectTypes=yes&xField=longitude&yField=latitude&crs=EPSG:4326&spatialIndex=no&subsetIndex=no&watchFile=no
"3232",Delphinium menziesii,Delphinium,menziesii,,,,native,S5,,48.866832000000002,-123.336082000000005,,NA,NA,"5178284",obs_native,file:///D:/Simon/Sync/Root/GIS/Biodiversity%20Data/obs_native.csv?type=csv&maxFields=10000&detectTypes=yes&xField=longitude&yField=latitude&crs=EPSG:4326&spatialIndex=no&subsetIndex=no&watchFile=no
"3233",Delphinium menziesii,Delphinium,menziesii,,,,native,S5,,48.904561620000003,-123.413457899999997,,NA,NA,"6047522",obs_native,file:///D:/Simon/Sync/Root/GIS/Biodiversity%20Data/obs_native.csv?type=csv&maxFields=10000&detectTypes=yes&xField=longitude&yField=latitude&crs=EPSG:4326&spatialIndex=no&subsetIndex=no&watchFile=no
"3234",Delphinium menziesii,Delphinium,menziesii,,,,native,S5,,48.868751690000003,-123.379125599999995,,NA,NA,"6217949",obs_native,file:///D:/Simon/Sync/Root/GIS/Biodiversity%20Data/obs_native.csv?type=csv&maxFields=10000&detectTypes=yes&xField=longitude&yField=latitude&crs=EPSG:4326&spatialIndex=no&subsetIndex=no&watchFile=no
"3235",Delphinium menziesii,Delphinium,menziesii,,,,native,S5,,48.863599999999998,-123.363032000000004,,NA,NA,"6646961",obs_native,file:///D:/Simon/Sync/Root/GIS/Biodiversity%20Data/obs_native.csv?type=csv&maxFields=10000&detectTypes=yes&xField=longitude&yField=latitude&crs=EPSG:4326&spatialIndex=no&subsetIndex=no&watchFile=no
"3236",Delphinium menziesii,Delphinium,menziesii,,,,native,S5,,48.956930999999997,-123.529899000000000,,NA,NA,"10306671",obs_native,file:///D:/Simon/Sync/Root/GIS/Biodiversity%20Data/obs_native.csv?type=csv&maxFields=10000&detectTypes=yes&xField=longitude&yField=latitude&crs=EPSG:4326&spatialIndex=no&subsetIndex=no&watchFile=no
"3237",Delphinium menziesii,Delphinium,menziesii,,,,native,S5,,48.862231999999999,-123.372900000000001,,NA,NA,"11563800",obs_native,file:///D:/Simon/Sync/Root/GIS/Biodiversity%20Data/obs_native.csv?type=csv&maxFields=10000&detectTypes=yes&xField=longitude&yField=latitude&crs=EPSG:4326&spatialIndex=no&subsetIndex=no&watchFile=no
"3238",Delphinium menziesii,Delphinium,menziesii,,,,native,S5,,48.861058329999999,-123.375038300000000,,NA,NA,"11579050",obs_native,file:///D:/Simon/Sync/Root/GIS/Biodiversity%20Data/obs_native.csv?type=csv&maxFields=10000&detectTypes=yes&xField=longitude&yField=latitude&crs=EPSG:4326&spatialIndex=no&subsetIndex=no&watchFile=no
"3239",Delphinium menziesii,Delphinium,menziesii,,,,native,S5,,48.958745000000000,-123.533368999999993,,NA,NA,"12373931",obs_native,file:///D:/Simon/Sync/Root/GIS/Biodiversity%20Data/obs_native.csv?type=csv&maxFields=10000&detectTypes=yes&xField=longitude&yField=latitude&crs=EPSG:4326&spatialIndex=no&subsetIndex=no&watchFile=no
"3240",Delphinium menziesii,Delphinium,menziesii,,,,native,S5,,48.862147000000000,-123.372546999999997,,NA,NA,"21350312",obs_native,file:///D:/Simon/Sync/Root/GIS/Biodiversity%20Data/obs_native.csv?type=csv&maxFields=10000&detectTypes=yes&xField=longitude&yField=latitude&crs=EPSG:4326&spatialIndex=no&subsetIndex=no&watchFile=no
"3241",Delphinium menziesii,Delphinium,menziesii,,,,native,S5,,48.926729999999999,-123.467146700000001,,NA,NA,"22222851",obs_native,file:///D:/Simon/Sync/Root/GIS/Biodiversity%20Data/obs_native.csv?type=csv&maxFields=10000&detectTypes=yes&xField=longitude&yField=latitude&crs=EPSG:4326&spatialIndex=no&subsetIndex=no&watchFile=no
"3242",Delphinium menziesii,Delphinium,menziesii,,,,native,S5,,48.866290220000003,-123.333984500000000,,NA,NA,"24519715",obs_native,file:///D:/Simon/Sync/Root/GIS/Biodiversity%20Data/obs_native.csv?type=csv&maxFields=10000&detectTypes=yes&xField=longitude&yField=latitude&crs=EPSG:4326&spatialIndex=no&subsetIndex=no&watchFile=no
"3243",Delphinium menziesii,Delphinium,menziesii,,,,native,S5,,48.897891670000000,-123.398963300000005,,NA,NA,"24522499",obs_native,file:///D:/Simon/Sync/Root/GIS/Biodiversity%20Data/obs_native.csv?type=csv&maxFields=10000&detectTypes=yes&xField=longitude&yField=latitude&crs=EPSG:4326&spatialIndex=no&subsetIndex=no&watchFile=no
"3244",Delphinium menziesii,Delphinium,menziesii,,,,native,S5,,48.897638890000003,-123.399627800000005,,NA,NA,"24677509",obs_native,file:///D:/Simon/Sync/Root/GIS/Biodiversity%20Data/obs_native.csv?type=csv&maxFields=10000&detectTypes=yes&xField=longitude&yField=latitude&crs=EPSG:4326&spatialIndex=no&subsetIndex=no&watchFile=no
"3245",Delphinium menziesii,Delphinium,menziesii,,,,native,S5,,48.897638890000003,-123.399627800000005,,NA,NA,"24677585",obs_native,file:///D:/Simon/Sync/Root/GIS/Biodiversity%20Data/obs_native.csv?type=csv&maxFields=10000&detectTypes=yes&xField=longitude&yField=latitude&crs=EPSG:4326&spatialIndex=no&subsetIndex=no&watchFile=no
"3246",Delphinium menziesii,Delphinium,menziesii,,,,native,S5,,48.897750000000002,-123.399261100000004,,NA,NA,"24677590",obs_native,file:///D:/Simon/Sync/Root/GIS/Biodiversity%20Data/obs_native.csv?type=csv&maxFields=10000&detectTypes=yes&xField=longitude&yField=latitude&crs=EPSG:4326&spatialIndex=no&subsetIndex=no&watchFile=no
"3247",Delphinium menziesii,Delphinium,menziesii,,,,native,S5,,48.957738329999998,-123.541984999999997,,NA,NA,"24702211",obs_native,file:///D:/Simon/Sync/Root/GIS/Biodiversity%20Data/obs_native.csv?type=csv&maxFields=10000&detectTypes=yes&xField=longitude&yField=latitude&crs=EPSG:4326&spatialIndex=no&subsetIndex=no&watchFile=no
"3248",Delphinium menziesii,Delphinium,menziesii,,,,native,S5,,48.897777779999998,-123.399186099999994,,NA,NA,"25655037",obs_native,file:///D:/Simon/Sync/Root/GIS/Biodiversity%20Data/obs_native.csv?type=csv&maxFields=10000&detectTypes=yes&xField=longitude&yField=latitude&crs=EPSG:4326&spatialIndex=no&subsetIndex=no&watchFile=no
"3249",Delphinium menziesii,Delphinium,menziesii,,,,native,S5,,48.865900689999997,-123.349832399999997,,NA,NA,"28315690",obs_native,file:///D:/Simon/Sync/Root/GIS/Biodiversity%20Data/obs_native.csv?type=csv&maxFields=10000&detectTypes=yes&xField=longitude&yField=latitude&crs=EPSG:4326&spatialIndex=no&subsetIndex=no&watchFile=no
"3250",Delphinium menziesii,Delphinium,menziesii,,,,native,S5,,48.866304450000001,-123.368894699999998,,NA,NA,"41788583",obs_native,file:///D:/Simon/Sync/Root/GIS/Biodiversity%20Data/obs_native.csv?type=csv&maxFields=10000&detectTypes=yes&xField=longitude&yField=latitude&crs=EPSG:4326&spatialIndex=no&subsetIndex=no&watchFile=no
"3251",Delphinium menziesii,Delphinium,menziesii,,,,native,S5,,48.865793810000000,-123.349925200000001,,NA,NA,"43555535",obs_native,file:///D:/Simon/Sync/Root/GIS/Biodiversity%20Data/obs_native.csv?type=csv&maxFields=10000&detectTypes=yes&xField=longitude&yField=latitude&crs=EPSG:4326&spatialIndex=no&subsetIndex=no&watchFile=no
"3252",Delphinium menziesii,Delphinium,menziesii,,,,native,S5,,48.926833330000001,-123.467545000000001,,NA,NA,"45036965",obs_native,file:///D:/Simon/Sync/Root/GIS/Biodiversity%20Data/obs_native.csv?type=csv&maxFields=10000&detectTypes=yes&xField=longitude&yField=latitude&crs=EPSG:4326&spatialIndex=no&subsetIndex=no&watchFile=no
"3253",Delphinium menziesii,Delphinium,menziesii,,,,native,S5,,48.866385000000001,-123.334850000000003,,NA,NA,"45945140",obs_native,file:///D:/Simon/Sync/Root/GIS/Biodiversity%20Data/obs_native.csv?type=csv&maxFields=10000&detectTypes=yes&xField=longitude&yField=latitude&crs=EPSG:4326&spatialIndex=no&subsetIndex=no&watchFile=no
"3254",Delphinium menziesii,Delphinium,menziesii,,,,native,S5,,48.926879999999997,-123.467200000000005,,NA,NA,"46739962",obs_native,file:///D:/Simon/Sync/Root/GIS/Biodiversity%20Data/obs_native.csv?type=csv&maxFields=10000&detectTypes=yes&xField=longitude&yField=latitude&crs=EPSG:4326&spatialIndex=no&subsetIndex=no&watchFile=no
"3255",Delphinium menziesii,Delphinium,menziesii,,,,native,S5,,48.926533329999998,-123.466949999999997,,NA,NA,"75573852",obs_native,file:///D:/Simon/Sync/Root/GIS/Biodiversity%20Data/obs_native.csv?type=csv&maxFields=10000&detectTypes=yes&xField=longitude&yField=latitude&crs=EPSG:4326&spatialIndex=no&subsetIndex=no&watchFile=no
"3256",Delphinium menziesii,Delphinium,menziesii,,,,native,S5,,48.875876669999997,-123.385435000000001,,NA,NA,"77854391",obs_native,file:///D:/Simon/Sync/Root/GIS/Biodiversity%20Data/obs_native.csv?type=csv&maxFields=10000&detectTypes=yes&xField=longitude&yField=latitude&crs=EPSG:4326&spatialIndex=no&subsetIndex=no&watchFile=no
"3257",Delphinium menziesii,Delphinium,menziesii,,,,native,S5,,48.926628330000000,-123.467254999999994,,NA,NA,"78230808",obs_native,file:///D:/Simon/Sync/Root/GIS/Biodiversity%20Data/obs_native.csv?type=csv&maxFields=10000&detectTypes=yes&xField=longitude&yField=latitude&crs=EPSG:4326&spatialIndex=no&subsetIndex=no&watchFile=no
"3258",Delphinium menziesii,Delphinium,menziesii,,,,native,S5,,48.869628329999998,-123.380361699999995,,NA,NA,"81147030",obs_native,file:///D:/Simon/Sync/Root/GIS/Biodiversity%20Data/obs_native.csv?type=csv&maxFields=10000&detectTypes=yes&xField=longitude&yField=latitude&crs=EPSG:4326&spatialIndex=no&subsetIndex=no&watchFile=no
"3259",Delphinium menziesii,Delphinium,menziesii,,,,native,S5,,48.924911670000000,-123.462538300000006,,NA,NA,"107400046",obs_native,file:///D:/Simon/Sync/Root/GIS/Biodiversity%20Data/obs_native.csv?type=csv&maxFields=10000&detectTypes=yes&xField=longitude&yField=latitude&crs=EPSG:4326&spatialIndex=no&subsetIndex=no&watchFile=no
"3260",Delphinium menziesii,Delphinium,menziesii,,,,native,S5,,48.863608759999998,-123.364125200000004,,NA,NA,"111610095",obs_native,file:///D:/Simon/Sync/Root/GIS/Biodiversity%20Data/obs_native.csv?type=csv&maxFields=10000&detectTypes=yes&xField=longitude&yField=latitude&crs=EPSG:4326&spatialIndex=no&subsetIndex=no&watchFile=no
"3261",Delphinium menziesii,Delphinium,menziesii,,,,native,S5,,48.861250609999999,-123.364863700000001,,NA,NA,"111867201",obs_native,file:///D:/Simon/Sync/Root/GIS/Biodiversity%20Data/obs_native.csv?type=csv&maxFields=10000&detectTypes=yes&xField=longitude&yField=latitude&crs=EPSG:4326&spatialIndex=no&subsetIndex=no&watchFile=no
"3262",Delphinium menziesii,Delphinium,menziesii,,,,native,S5,,48.870185929999998,-123.379795099999996,,NA,NA,"114122203",obs_native,file:///D:/Simon/Sync/Root/GIS/Biodiversity%20Data/obs_native.csv?type=csv&maxFields=10000&detectTypes=yes&xField=longitude&yField=latitude&crs=EPSG:4326&spatialIndex=no&subsetIndex=no&watchFile=no
"3263",Delphinium menziesii,Delphinium,menziesii,,,,native,S5,,48.958537069999998,-123.533023299999996,,NA,NA,"116029565",obs_native,file:///D:/Simon/Sync/Root/GIS/Biodiversity%20Data/obs_native.csv?type=csv&maxFields=10000&detectTypes=yes&xField=longitude&yField=latitude&crs=EPSG:4326&spatialIndex=no&subsetIndex=no&watchFile=no
"3264",Delphinium menziesii,Delphinium,menziesii,,,,native,S5,,48.870289999999997,-123.379941700000003,,NA,NA,"116636179",obs_native,file:///D:/Simon/Sync/Root/GIS/Biodiversity%20Data/obs_native.csv?type=csv&maxFields=10000&detectTypes=yes&xField=longitude&yField=latitude&crs=EPSG:4326&spatialIndex=no&subsetIndex=no&watchFile=no
"3265",Delphinium menziesii,Delphinium,menziesii,,,,native,S5,,48.866127030000001,-123.368653199999997,,NA,NA,"116636203",obs_native,file:///D:/Simon/Sync/Root/GIS/Biodiversity%20Data/obs_native.csv?type=csv&maxFields=10000&detectTypes=yes&xField=longitude&yField=latitude&crs=EPSG:4326&spatialIndex=no&subsetIndex=no&watchFile=no
"3266",Delphinium menziesii,Delphinium,menziesii,,,,native,S5,,48.865876870000001,-123.365000100000003,,NA,NA,"120381276",obs_native,file:///D:/Simon/Sync/Root/GIS/Biodiversity%20Data/obs_native.csv?type=csv&maxFields=10000&detectTypes=yes&xField=longitude&yField=latitude&crs=EPSG:4326&spatialIndex=no&subsetIndex=no&watchFile=no
"3267",Delphinium menziesii,Delphinium,menziesii,,,,native,S5,,48.865536669999997,-123.367810000000006,,NA,NA,"120470364",obs_native,file:///D:/Simon/Sync/Root/GIS/Biodiversity%20Data/obs_native.csv?type=csv&maxFields=10000&detectTypes=yes&xField=longitude&yField=latitude&crs=EPSG:4326&spatialIndex=no&subsetIndex=no&watchFile=no
"3268",Delphinium menziesii,Delphinium,menziesii,,,,native,S5,,48.907768740000002,-123.372844299999997,,NA,NA,"130459937",obs_native,file:///D:/Simon/Sync/Root/GIS/Biodiversity%20Data/obs_native.csv?type=csv&maxFields=10000&detectTypes=yes&xField=longitude&yField=latitude&crs=EPSG:4326&spatialIndex=no&subsetIndex=no&watchFile=no
"3269",Deschampsia cespitosa,Deschampsia,cespitosa,,,,native,S5 (2020),,48.898254000000001,-123.407535999999993,,NA,NA,"3498298",obs_native,file:///D:/Simon/Sync/Root/GIS/Biodiversity%20Data/obs_native.csv?type=csv&maxFields=10000&detectTypes=yes&xField=longitude&yField=latitude&crs=EPSG:4326&spatialIndex=no&subsetIndex=no&watchFile=no
"3270",Deschampsia danthonioides,Deschampsia,danthonioides,,,,native,S5,,48.872586669999997,-123.312307899999993,,NA,NA,"120889612",obs_native,file:///D:/Simon/Sync/Root/GIS/Biodiversity%20Data/obs_native.csv?type=csv&maxFields=10000&detectTypes=yes&xField=longitude&yField=latitude&crs=EPSG:4326&spatialIndex=no&subsetIndex=no&watchFile=no
"3271",Deschampsia elongata,Deschampsia,elongata,,,,native,S5,,48.915078330000000,-123.390516700000006,,NA,NA,"52033139",obs_native,file:///D:/Simon/Sync/Root/GIS/Biodiversity%20Data/obs_native.csv?type=csv&maxFields=10000&detectTypes=yes&xField=longitude&yField=latitude&crs=EPSG:4326&spatialIndex=no&subsetIndex=no&watchFile=no
"3272",Deschampsia elongata,Deschampsia,elongata,,,,native,S5,,48.974528679999999,-123.540044899999998,,NA,NA,"53064530",obs_native,file:///D:/Simon/Sync/Root/GIS/Biodiversity%20Data/obs_native.csv?type=csv&maxFields=10000&detectTypes=yes&xField=longitude&yField=latitude&crs=EPSG:4326&spatialIndex=no&subsetIndex=no&watchFile=no
"3385",Distichlis spicata,Distichlis,spicata,,,,native,S5,,48.898254000000001,-123.407535999999993,,NA,NA,"3498205",obs_native,file:///D:/Simon/Sync/Root/GIS/Biodiversity%20Data/obs_native.csv?type=csv&maxFields=10000&detectTypes=yes&xField=longitude&yField=latitude&crs=EPSG:4326&spatialIndex=no&subsetIndex=no&watchFile=no
"3386",Distichlis spicata,Distichlis,spicata,,,,native,S5,,49.012955560000002,-123.572511100000000,,NA,NA,"3889068",obs_native,file:///D:/Simon/Sync/Root/GIS/Biodiversity%20Data/obs_native.csv?type=csv&maxFields=10000&detectTypes=yes&xField=longitude&yField=latitude&crs=EPSG:4326&spatialIndex=no&subsetIndex=no&watchFile=no
"3387",Distichlis spicata,Distichlis,spicata,,,,native,S5,,48.898335000000003,-123.407068300000006,,NA,NA,"13974227",obs_native,file:///D:/Simon/Sync/Root/GIS/Biodiversity%20Data/obs_native.csv?type=csv&maxFields=10000&detectTypes=yes&xField=longitude&yField=latitude&crs=EPSG:4326&spatialIndex=no&subsetIndex=no&watchFile=no
"3388",Distichlis spicata,Distichlis,spicata,,,,native,S5,,49.012896670000003,-123.572326700000005,,NA,NA,"24259238",obs_native,file:///D:/Simon/Sync/Root/GIS/Biodiversity%20Data/obs_native.csv?type=csv&maxFields=10000&detectTypes=yes&xField=longitude&yField=latitude&crs=EPSG:4326&spatialIndex=no&subsetIndex=no&watchFile=no
"3389",Distichlis spicata,Distichlis,spicata,,,,native,S5,,48.893353159999997,-123.406009100000006,,NA,NA,"35113339",obs_native,file:///D:/Simon/Sync/Root/GIS/Biodiversity%20Data/obs_native.csv?type=csv&maxFields=10000&detectTypes=yes&xField=longitude&yField=latitude&crs=EPSG:4326&spatialIndex=no&subsetIndex=no&watchFile=no
"3390",Distichlis spicata,Distichlis,spicata,,,,native,S5,,48.898299999999999,-123.406745000000001,,NA,NA,"56194847",obs_native,file:///D:/Simon/Sync/Root/GIS/Biodiversity%20Data/obs_native.csv?type=csv&maxFields=10000&detectTypes=yes&xField=longitude&yField=latitude&crs=EPSG:4326&spatialIndex=no&subsetIndex=no&watchFile=no
"3391",Distichlis spicata,Distichlis,spicata,,,,native,S5,,49.012686670000001,-123.572630000000004,,NA,NA,"57127916",obs_native,file:///D:/Simon/Sync/Root/GIS/Biodiversity%20Data/obs_native.csv?type=csv&maxFields=10000&detectTypes=yes&xField=longitude&yField=latitude&crs=EPSG:4326&spatialIndex=no&subsetIndex=no&watchFile=no
"3392",Distichlis spicata,Distichlis,spicata,,,,native,S5,,48.898358330000001,-123.407136699999995,,NA,NA,"132887013",obs_native,file:///D:/Simon/Sync/Root/GIS/Biodiversity%20Data/obs_native.csv?type=csv&maxFields=10000&detectTypes=yes&xField=longitude&yField=latitude&crs=EPSG:4326&spatialIndex=no&subsetIndex=no&watchFile=no
"3414",Drosera rotundifolia,Drosera,rotundifolia,,,,native,S5,,48.983401999999998,-123.556129999999996,,NA,NA,"2865591",obs_native,file:///D:/Simon/Sync/Root/GIS/Biodiversity%20Data/obs_native.csv?type=csv&maxFields=10000&detectTypes=yes&xField=longitude&yField=latitude&crs=EPSG:4326&spatialIndex=no&subsetIndex=no&watchFile=no
"3415",Drosera rotundifolia,Drosera,rotundifolia,,,,native,S5,,48.983659000000003,-123.556323000000006,,NA,NA,"3296193",obs_native,file:///D:/Simon/Sync/Root/GIS/Biodiversity%20Data/obs_native.csv?type=csv&maxFields=10000&detectTypes=yes&xField=longitude&yField=latitude&crs=EPSG:4326&spatialIndex=no&subsetIndex=no&watchFile=no
"3416",Drosera rotundifolia,Drosera,rotundifolia,,,,native,S5,,48.983659000000003,-123.556323000000006,,NA,NA,"3296269",obs_native,file:///D:/Simon/Sync/Root/GIS/Biodiversity%20Data/obs_native.csv?type=csv&maxFields=10000&detectTypes=yes&xField=longitude&yField=latitude&crs=EPSG:4326&spatialIndex=no&subsetIndex=no&watchFile=no
"3417",Drosera rotundifolia,Drosera,rotundifolia,,,,native,S5,,48.983659000000003,-123.556323000000006,,NA,NA,"3296316",obs_native,file:///D:/Simon/Sync/Root/GIS/Biodiversity%20Data/obs_native.csv?type=csv&maxFields=10000&detectTypes=yes&xField=longitude&yField=latitude&crs=EPSG:4326&spatialIndex=no&subsetIndex=no&watchFile=no
"3418",Drosera rotundifolia,Drosera,rotundifolia,,,,native,S5,,48.983561109999997,-123.556191699999999,,NA,NA,"3889088",obs_native,file:///D:/Simon/Sync/Root/GIS/Biodiversity%20Data/obs_native.csv?type=csv&maxFields=10000&detectTypes=yes&xField=longitude&yField=latitude&crs=EPSG:4326&spatialIndex=no&subsetIndex=no&watchFile=no
"3419",Drosera rotundifolia,Drosera,rotundifolia,,,,native,S5,,48.983310000000003,-123.556173000000001,,NA,NA,"5644037",obs_native,file:///D:/Simon/Sync/Root/GIS/Biodiversity%20Data/obs_native.csv?type=csv&maxFields=10000&detectTypes=yes&xField=longitude&yField=latitude&crs=EPSG:4326&spatialIndex=no&subsetIndex=no&watchFile=no
"3420",Drosera rotundifolia,Drosera,rotundifolia,,,,native,S5,,48.983364000000002,-123.556359000000000,,NA,NA,"13224906",obs_native,file:///D:/Simon/Sync/Root/GIS/Biodiversity%20Data/obs_native.csv?type=csv&maxFields=10000&detectTypes=yes&xField=longitude&yField=latitude&crs=EPSG:4326&spatialIndex=no&subsetIndex=no&watchFile=no
"3421",Drosera rotundifolia,Drosera,rotundifolia,,,,native,S5,,48.983291670000000,-123.555588900000004,,NA,NA,"14061947",obs_native,file:///D:/Simon/Sync/Root/GIS/Biodiversity%20Data/obs_native.csv?type=csv&maxFields=10000&detectTypes=yes&xField=longitude&yField=latitude&crs=EPSG:4326&spatialIndex=no&subsetIndex=no&watchFile=no
"3422",Drosera rotundifolia,Drosera,rotundifolia,,,,native,S5,,48.983395000000002,-123.555413299999998,,NA,NA,"14335431",obs_native,file:///D:/Simon/Sync/Root/GIS/Biodiversity%20Data/obs_native.csv?type=csv&maxFields=10000&detectTypes=yes&xField=longitude&yField=latitude&crs=EPSG:4326&spatialIndex=no&subsetIndex=no&watchFile=no
"3423",Drosera rotundifolia,Drosera,rotundifolia,,,,native,S5,,48.983357630000000,-123.556067700000000,,NA,NA,"31255482",obs_native,file:///D:/Simon/Sync/Root/GIS/Biodiversity%20Data/obs_native.csv?type=csv&maxFields=10000&detectTypes=yes&xField=longitude&yField=latitude&crs=EPSG:4326&spatialIndex=no&subsetIndex=no&watchFile=no
"3424",Drosera rotundifolia,Drosera,rotundifolia,,,,native,S5,,48.983203330000002,-123.556055000000001,,NA,NA,"89513148",obs_native,file:///D:/Simon/Sync/Root/GIS/Biodiversity%20Data/obs_native.csv?type=csv&maxFields=10000&detectTypes=yes&xField=longitude&yField=latitude&crs=EPSG:4326&spatialIndex=no&subsetIndex=no&watchFile=no
"3425",Drosera rotundifolia,Drosera,rotundifolia,,,,native,S5,,48.983530000000002,-123.556070000000005,,NA,NA,"121838582",obs_native,file:///D:/Simon/Sync/Root/GIS/Biodiversity%20Data/obs_native.csv?type=csv&maxFields=10000&detectTypes=yes&xField=longitude&yField=latitude&crs=EPSG:4326&spatialIndex=no&subsetIndex=no&watchFile=no
"3426",Dryopteris expansa,Dryopteris,expansa,,,,native,S5,,48.915652000000001,-123.426826000000005,,NA,NA,"3336189",obs_native,file:///D:/Simon/Sync/Root/GIS/Biodiversity%20Data/obs_native.csv?type=csv&maxFields=10000&detectTypes=yes&xField=longitude&yField=latitude&crs=EPSG:4326&spatialIndex=no&subsetIndex=no&watchFile=no
"3427",Dryopteris expansa,Dryopteris,expansa,,,,native,S5,,48.963027779999997,-123.516502799999998,,NA,NA,"24665103",obs_native,file:///D:/Simon/Sync/Root/GIS/Biodiversity%20Data/obs_native.csv?type=csv&maxFields=10000&detectTypes=yes&xField=longitude&yField=latitude&crs=EPSG:4326&spatialIndex=no&subsetIndex=no&watchFile=no
"3428",Dryopteris expansa,Dryopteris,expansa,,,,native,S5,,48.958115149999998,-123.509313899999995,,NA,NA,"44569742",obs_native,file:///D:/Simon/Sync/Root/GIS/Biodiversity%20Data/obs_native.csv?type=csv&maxFields=10000&detectTypes=yes&xField=longitude&yField=latitude&crs=EPSG:4326&spatialIndex=no&subsetIndex=no&watchFile=no
"3429",Dryopteris expansa,Dryopteris,expansa,,,,native,S5,,48.935827779999997,-123.475783300000003,,NA,NA,"125105132",obs_native,file:///D:/Simon/Sync/Root/GIS/Biodiversity%20Data/obs_native.csv?type=csv&maxFields=10000&detectTypes=yes&xField=longitude&yField=latitude&crs=EPSG:4326&spatialIndex=no&subsetIndex=no&watchFile=no
"3430",Dulichium arundinaceum,Dulichium,arundinaceum,,,,native,S5,,48.983228330000003,-123.555471699999998,,NA,NA,"55633565",obs_native,file:///D:/Simon/Sync/Root/GIS/Biodiversity%20Data/obs_native.csv?type=csv&maxFields=10000&detectTypes=yes&xField=longitude&yField=latitude&crs=EPSG:4326&spatialIndex=no&subsetIndex=no&watchFile=no
"3431",Dulichium arundinaceum,Dulichium,arundinaceum,,,,native,S5,,48.983350000000002,-123.555621700000003,,NA,NA,"121838586",obs_native,file:///D:/Simon/Sync/Root/GIS/Biodiversity%20Data/obs_native.csv?type=csv&maxFields=10000&detectTypes=yes&xField=longitude&yField=latitude&crs=EPSG:4326&spatialIndex=no&subsetIndex=no&watchFile=no
"3432",Dulichium arundinaceum,Dulichium,arundinaceum,,,,native,S5,,48.983288330000001,-123.555608300000003,,NA,NA,"121838598",obs_native,file:///D:/Simon/Sync/Root/GIS/Biodiversity%20Data/obs_native.csv?type=csv&maxFields=10000&detectTypes=yes&xField=longitude&yField=latitude&crs=EPSG:4326&spatialIndex=no&subsetIndex=no&watchFile=no
"3433",Dulichium arundinaceum,Dulichium,arundinaceum,,,,native,S5,,48.877058329999997,-123.367210000000000,,NA,NA,"129778430",obs_native,file:///D:/Simon/Sync/Root/GIS/Biodiversity%20Data/obs_native.csv?type=csv&maxFields=10000&detectTypes=yes&xField=longitude&yField=latitude&crs=EPSG:4326&spatialIndex=no&subsetIndex=no&watchFile=no
"3434",Dulichium arundinaceum,Dulichium,arundinaceum,,,,native,S5,,48.877276670000001,-123.367059999999995,,NA,NA,"129778437",obs_native,file:///D:/Simon/Sync/Root/GIS/Biodiversity%20Data/obs_native.csv?type=csv&maxFields=10000&detectTypes=yes&xField=longitude&yField=latitude&crs=EPSG:4326&spatialIndex=no&subsetIndex=no&watchFile=no
"3435",Dulichium arundinaceum,Dulichium,arundinaceum,,,,native,S5,,48.877350000000000,-123.366636700000001,,NA,NA,"129778440",obs_native,file:///D:/Simon/Sync/Root/GIS/Biodiversity%20Data/obs_native.csv?type=csv&maxFields=10000&detectTypes=yes&xField=longitude&yField=latitude&crs=EPSG:4326&spatialIndex=no&subsetIndex=no&watchFile=no
"3438",Eleocharis obtusa,Eleocharis,obtusa,,,,native,S5,,48.941078810000000,-123.475685100000007,,NA,NA,"8900313",obs_native,file:///D:/Simon/Sync/Root/GIS/Biodiversity%20Data/obs_native.csv?type=csv&maxFields=10000&detectTypes=yes&xField=longitude&yField=latitude&crs=EPSG:4326&spatialIndex=no&subsetIndex=no&watchFile=no
"3439",Eleocharis obtusa,Eleocharis,obtusa,,,,native,S5,,48.941357869999997,-123.475725400000002,,NA,NA,"14596574",obs_native,file:///D:/Simon/Sync/Root/GIS/Biodiversity%20Data/obs_native.csv?type=csv&maxFields=10000&detectTypes=yes&xField=longitude&yField=latitude&crs=EPSG:4326&spatialIndex=no&subsetIndex=no&watchFile=no
"3440",Eleocharis palustris,Eleocharis,palustris,,,,native,S5,,48.948452000000003,-123.502377999999993,,NA,NA,"3414240",obs_native,file:///D:/Simon/Sync/Root/GIS/Biodiversity%20Data/obs_native.csv?type=csv&maxFields=10000&detectTypes=yes&xField=longitude&yField=latitude&crs=EPSG:4326&spatialIndex=no&subsetIndex=no&watchFile=no
"3441",Elodea canadensis,Elodea,canadensis,,,,native,S5,,48.992897999999997,-123.574943000000005,,NA,NA,"3881936",obs_native,file:///D:/Simon/Sync/Root/GIS/Biodiversity%20Data/obs_native.csv?type=csv&maxFields=10000&detectTypes=yes&xField=longitude&yField=latitude&crs=EPSG:4326&spatialIndex=no&subsetIndex=no&watchFile=no
"3443",Empetrum nigrum,Empetrum,nigrum,,,,native,S5,,48.983300000000000,-123.556227800000002,,NA,NA,"3889081",obs_native,file:///D:/Simon/Sync/Root/GIS/Biodiversity%20Data/obs_native.csv?type=csv&maxFields=10000&detectTypes=yes&xField=longitude&yField=latitude&crs=EPSG:4326&spatialIndex=no&subsetIndex=no&watchFile=no
"3444",Empetrum nigrum,Empetrum,nigrum,,,,native,S5,,48.983393000000000,-123.556253999999996,,NA,NA,"3890753",obs_native,file:///D:/Simon/Sync/Root/GIS/Biodiversity%20Data/obs_native.csv?type=csv&maxFields=10000&detectTypes=yes&xField=longitude&yField=latitude&crs=EPSG:4326&spatialIndex=no&subsetIndex=no&watchFile=no
"3445",Empetrum nigrum,Empetrum,nigrum,,,,native,S5,,48.983318330000003,-123.556001699999996,,NA,NA,"121838599",obs_native,file:///D:/Simon/Sync/Root/GIS/Biodiversity%20Data/obs_native.csv?type=csv&maxFields=10000&detectTypes=yes&xField=longitude&yField=latitude&crs=EPSG:4326&spatialIndex=no&subsetIndex=no&watchFile=no
"3446",Epilobium brachycarpum,Epilobium,brachycarpum,,,,native,S5,,48.928608330000003,-123.468841699999999,,NA,NA,"14770798",obs_native,file:///D:/Simon/Sync/Root/GIS/Biodiversity%20Data/obs_native.csv?type=csv&maxFields=10000&detectTypes=yes&xField=longitude&yField=latitude&crs=EPSG:4326&spatialIndex=no&subsetIndex=no&watchFile=no
"3447",Epilobium brachycarpum,Epilobium,brachycarpum,,,,native,S5,,48.928786670000001,-123.469345000000004,,NA,NA,"15936922",obs_native,file:///D:/Simon/Sync/Root/GIS/Biodiversity%20Data/obs_native.csv?type=csv&maxFields=10000&detectTypes=yes&xField=longitude&yField=latitude&crs=EPSG:4326&spatialIndex=no&subsetIndex=no&watchFile=no
"3448",Epilobium ciliatum,Epilobium,ciliatum,,,,native,S5,,48.930818000000002,-123.474376000000007,,NA,NA,"3719859",obs_native,file:///D:/Simon/Sync/Root/GIS/Biodiversity%20Data/obs_native.csv?type=csv&maxFields=10000&detectTypes=yes&xField=longitude&yField=latitude&crs=EPSG:4326&spatialIndex=no&subsetIndex=no&watchFile=no
"3449",Epilobium ciliatum,Epilobium,ciliatum,,,,native,S5,,48.992375310000000,-123.575098499999996,,NA,NA,"4005329",obs_native,file:///D:/Simon/Sync/Root/GIS/Biodiversity%20Data/obs_native.csv?type=csv&maxFields=10000&detectTypes=yes&xField=longitude&yField=latitude&crs=EPSG:4326&spatialIndex=no&subsetIndex=no&watchFile=no
"3450",Epilobium ciliatum,Epilobium,ciliatum,,,,native,S5,,48.974776630000001,-123.547976000000006,,NA,NA,"6412037",obs_native,file:///D:/Simon/Sync/Root/GIS/Biodiversity%20Data/obs_native.csv?type=csv&maxFields=10000&detectTypes=yes&xField=longitude&yField=latitude&crs=EPSG:4326&spatialIndex=no&subsetIndex=no&watchFile=no
"3451",Epilobium ciliatum,Epilobium,ciliatum,,,,native,S5,,48.971231160000002,-123.525874599999995,,NA,NA,"6425143",obs_native,file:///D:/Simon/Sync/Root/GIS/Biodiversity%20Data/obs_native.csv?type=csv&maxFields=10000&detectTypes=yes&xField=longitude&yField=latitude&crs=EPSG:4326&spatialIndex=no&subsetIndex=no&watchFile=no
"3452",Epilobium ciliatum,Epilobium,ciliatum,,,,native,S5,,48.939680510000002,-123.492308199999997,,NA,NA,"14281197",obs_native,file:///D:/Simon/Sync/Root/GIS/Biodiversity%20Data/obs_native.csv?type=csv&maxFields=10000&detectTypes=yes&xField=longitude&yField=latitude&crs=EPSG:4326&spatialIndex=no&subsetIndex=no&watchFile=no
"3453",Epilobium ciliatum,Epilobium,ciliatum,,,,native,S5,,48.948227109999998,-123.502731499999996,,NA,NA,"14300201",obs_native,file:///D:/Simon/Sync/Root/GIS/Biodiversity%20Data/obs_native.csv?type=csv&maxFields=10000&detectTypes=yes&xField=longitude&yField=latitude&crs=EPSG:4326&spatialIndex=no&subsetIndex=no&watchFile=no
"3454",Epilobium ciliatum,Epilobium,ciliatum,,,,native,S5,,48.948205029999997,-123.502047399999995,,NA,NA,"14300214",obs_native,file:///D:/Simon/Sync/Root/GIS/Biodiversity%20Data/obs_native.csv?type=csv&maxFields=10000&detectTypes=yes&xField=longitude&yField=latitude&crs=EPSG:4326&spatialIndex=no&subsetIndex=no&watchFile=no
"3455",Epilobium ciliatum,Epilobium,ciliatum,,,,native,S5,,48.982881669999998,-123.555938299999994,,NA,NA,"14335435",obs_native,file:///D:/Simon/Sync/Root/GIS/Biodiversity%20Data/obs_native.csv?type=csv&maxFields=10000&detectTypes=yes&xField=longitude&yField=latitude&crs=EPSG:4326&spatialIndex=no&subsetIndex=no&watchFile=no
"3456",Epilobium ciliatum,Epilobium,ciliatum,,,,native,S5,,48.870278829999997,-123.322272999999996,,NA,NA,"15436436",obs_native,file:///D:/Simon/Sync/Root/GIS/Biodiversity%20Data/obs_native.csv?type=csv&maxFields=10000&detectTypes=yes&xField=longitude&yField=latitude&crs=EPSG:4326&spatialIndex=no&subsetIndex=no&watchFile=no
"3457",Epilobium ciliatum,Epilobium,ciliatum,,,,native,S5,,48.962800000000001,-123.514496699999995,,NA,NA,"24697950",obs_native,file:///D:/Simon/Sync/Root/GIS/Biodiversity%20Data/obs_native.csv?type=csv&maxFields=10000&detectTypes=yes&xField=longitude&yField=latitude&crs=EPSG:4326&spatialIndex=no&subsetIndex=no&watchFile=no
"3458",Epilobium ciliatum,Epilobium,ciliatum,,,,native,S5,,48.899754340000001,-123.406435799999997,,NA,NA,"25199609",obs_native,file:///D:/Simon/Sync/Root/GIS/Biodiversity%20Data/obs_native.csv?type=csv&maxFields=10000&detectTypes=yes&xField=longitude&yField=latitude&crs=EPSG:4326&spatialIndex=no&subsetIndex=no&watchFile=no
"3459",Epilobium ciliatum,Epilobium,ciliatum,,,,native,S5,,48.930129999999998,-123.467178300000000,,NA,NA,"29407632",obs_native,file:///D:/Simon/Sync/Root/GIS/Biodiversity%20Data/obs_native.csv?type=csv&maxFields=10000&detectTypes=yes&xField=longitude&yField=latitude&crs=EPSG:4326&spatialIndex=no&subsetIndex=no&watchFile=no
"3460",Epilobium ciliatum,Epilobium,ciliatum,,,,native,S5,,48.900076669999997,-123.406795000000002,,NA,NA,"56194869",obs_native,file:///D:/Simon/Sync/Root/GIS/Biodiversity%20Data/obs_native.csv?type=csv&maxFields=10000&detectTypes=yes&xField=longitude&yField=latitude&crs=EPSG:4326&spatialIndex=no&subsetIndex=no&watchFile=no
"3461",Epilobium ciliatum,Epilobium,ciliatum,,,,native,S5,,48.984003330000000,-123.556780000000003,,NA,NA,"89513143",obs_native,file:///D:/Simon/Sync/Root/GIS/Biodiversity%20Data/obs_native.csv?type=csv&maxFields=10000&detectTypes=yes&xField=longitude&yField=latitude&crs=EPSG:4326&spatialIndex=no&subsetIndex=no&watchFile=no
"3462",Epilobium ciliatum,Epilobium,ciliatum,,,,native,S5,,48.928100000000001,-123.453321700000004,,NA,NA,"116214538",obs_native,file:///D:/Simon/Sync/Root/GIS/Biodiversity%20Data/obs_native.csv?type=csv&maxFields=10000&detectTypes=yes&xField=longitude&yField=latitude&crs=EPSG:4326&spatialIndex=no&subsetIndex=no&watchFile=no
"3463",Epilobium ciliatum,Epilobium,ciliatum,,,,native,S5,,48.931177779999999,-123.476119400000002,,NA,NA,"120618103",obs_native,file:///D:/Simon/Sync/Root/GIS/Biodiversity%20Data/obs_native.csv?type=csv&maxFields=10000&detectTypes=yes&xField=longitude&yField=latitude&crs=EPSG:4326&spatialIndex=no&subsetIndex=no&watchFile=no
"3464",Epilobium ciliatum,Epilobium,ciliatum,,,,native,S5,,49.014040000000001,-123.573741699999999,,NA,NA,"123934605",obs_native,file:///D:/Simon/Sync/Root/GIS/Biodiversity%20Data/obs_native.csv?type=csv&maxFields=10000&detectTypes=yes&xField=longitude&yField=latitude&crs=EPSG:4326&spatialIndex=no&subsetIndex=no&watchFile=no
"3465",Epilobium ciliatum,Epilobium,ciliatum,,,,native,S5,,48.892783330000000,-123.390708300000000,,NA,NA,"135834060",obs_native,file:///D:/Simon/Sync/Root/GIS/Biodiversity%20Data/obs_native.csv?type=csv&maxFields=10000&detectTypes=yes&xField=longitude&yField=latitude&crs=EPSG:4326&spatialIndex=no&subsetIndex=no&watchFile=no
"3466",Epilobium densiflorum,Epilobium,densiflorum,,,,native,S2 (2019),1-E (2006),48.930741670000003,-123.474244999999996,,NA,NA,"3711497",obs_native,file:///D:/Simon/Sync/Root/GIS/Biodiversity%20Data/obs_native.csv?type=csv&maxFields=10000&detectTypes=yes&xField=longitude&yField=latitude&crs=EPSG:4326&spatialIndex=no&subsetIndex=no&watchFile=no
"3467",Epilobium densiflorum,Epilobium,densiflorum,,,,native,S2 (2019),1-E (2006),48.930818000000002,-123.474376000000007,,NA,NA,"3719840",obs_native,file:///D:/Simon/Sync/Root/GIS/Biodiversity%20Data/obs_native.csv?type=csv&maxFields=10000&detectTypes=yes&xField=longitude&yField=latitude&crs=EPSG:4326&spatialIndex=no&subsetIndex=no&watchFile=no
"3468",Epilobium densiflorum,Epilobium,densiflorum,,,,native,S2 (2019),1-E (2006),48.930691670000002,-123.474363299999993,,NA,NA,"14758645",obs_native,file:///D:/Simon/Sync/Root/GIS/Biodiversity%20Data/obs_native.csv?type=csv&maxFields=10000&detectTypes=yes&xField=longitude&yField=latitude&crs=EPSG:4326&spatialIndex=no&subsetIndex=no&watchFile=no
"3469",Epilobium densiflorum,Epilobium,densiflorum,,,,native,S2 (2019),1-E (2006),48.931422220000002,-123.476683300000005,,NA,NA,"125381632",obs_native,file:///D:/Simon/Sync/Root/GIS/Biodiversity%20Data/obs_native.csv?type=csv&maxFields=10000&detectTypes=yes&xField=longitude&yField=latitude&crs=EPSG:4326&spatialIndex=no&subsetIndex=no&watchFile=no
"3470",Epilobium foliosum,Epilobium,foliosum,,,,native,S5,,48.866559879999997,-123.335244700000004,,NA,NA,"3649882",obs_native,file:///D:/Simon/Sync/Root/GIS/Biodiversity%20Data/obs_native.csv?type=csv&maxFields=10000&detectTypes=yes&xField=longitude&yField=latitude&crs=EPSG:4326&spatialIndex=no&subsetIndex=no&watchFile=no
"3471",Epilobium foliosum,Epilobium,foliosum,,,,native,S5,,48.867255520000001,-123.338141399999998,,NA,NA,"6217223",obs_native,file:///D:/Simon/Sync/Root/GIS/Biodiversity%20Data/obs_native.csv?type=csv&maxFields=10000&detectTypes=yes&xField=longitude&yField=latitude&crs=EPSG:4326&spatialIndex=no&subsetIndex=no&watchFile=no
"3472",Epilobium foliosum,Epilobium,foliosum,,,,native,S5,,48.868751690000003,-123.379125599999995,,NA,NA,"6217950",obs_native,file:///D:/Simon/Sync/Root/GIS/Biodiversity%20Data/obs_native.csv?type=csv&maxFields=10000&detectTypes=yes&xField=longitude&yField=latitude&crs=EPSG:4326&spatialIndex=no&subsetIndex=no&watchFile=no
"3473",Epilobium foliosum,Epilobium,foliosum,,,,native,S5,,48.868031840000000,-123.377129999999994,,NA,NA,"6411587",obs_native,file:///D:/Simon/Sync/Root/GIS/Biodiversity%20Data/obs_native.csv?type=csv&maxFields=10000&detectTypes=yes&xField=longitude&yField=latitude&crs=EPSG:4326&spatialIndex=no&subsetIndex=no&watchFile=no
"3474",Epilobium foliosum,Epilobium,foliosum,,,,native,S5,,48.866304999999997,-123.375505000000004,,NA,NA,"12287185",obs_native,file:///D:/Simon/Sync/Root/GIS/Biodiversity%20Data/obs_native.csv?type=csv&maxFields=10000&detectTypes=yes&xField=longitude&yField=latitude&crs=EPSG:4326&spatialIndex=no&subsetIndex=no&watchFile=no
"3475",Epilobium foliosum,Epilobium,foliosum,,,,native,S5,,48.957161999999997,-123.530113000000000,,NA,NA,"12374039",obs_native,file:///D:/Simon/Sync/Root/GIS/Biodiversity%20Data/obs_native.csv?type=csv&maxFields=10000&detectTypes=yes&xField=longitude&yField=latitude&crs=EPSG:4326&spatialIndex=no&subsetIndex=no&watchFile=no
"3476",Epilobium foliosum,Epilobium,foliosum,,,,native,S5,,48.887006780000000,-123.358780800000005,,NA,NA,"83097989",obs_native,file:///D:/Simon/Sync/Root/GIS/Biodiversity%20Data/obs_native.csv?type=csv&maxFields=10000&detectTypes=yes&xField=longitude&yField=latitude&crs=EPSG:4326&spatialIndex=no&subsetIndex=no&watchFile=no
"3477",Epilobium foliosum,Epilobium,foliosum,,,,native,S5,,48.870249999999999,-123.379981700000002,,NA,NA,"116636187",obs_native,file:///D:/Simon/Sync/Root/GIS/Biodiversity%20Data/obs_native.csv?type=csv&maxFields=10000&detectTypes=yes&xField=longitude&yField=latitude&crs=EPSG:4326&spatialIndex=no&subsetIndex=no&watchFile=no
"3478",Epilobium leptophyllum,Epilobium,leptophyllum,,,,native,S5 (2019),,48.983345000000000,-123.555653300000003,,NA,NA,"121838584",obs_native,file:///D:/Simon/Sync/Root/GIS/Biodiversity%20Data/obs_native.csv?type=csv&maxFields=10000&detectTypes=yes&xField=longitude&yField=latitude&crs=EPSG:4326&spatialIndex=no&subsetIndex=no&watchFile=no
"3479",Epilobium minutum,Epilobium,minutum,,,,native,S5,,48.932492000000003,-123.484526000000002,,NA,NA,"2567455",obs_native,file:///D:/Simon/Sync/Root/GIS/Biodiversity%20Data/obs_native.csv?type=csv&maxFields=10000&detectTypes=yes&xField=longitude&yField=latitude&crs=EPSG:4326&spatialIndex=no&subsetIndex=no&watchFile=no
"3480",Epilobium minutum,Epilobium,minutum,,,,native,S5,,48.916249999999998,-123.424959000000001,,NA,NA,"3094548",obs_native,file:///D:/Simon/Sync/Root/GIS/Biodiversity%20Data/obs_native.csv?type=csv&maxFields=10000&detectTypes=yes&xField=longitude&yField=latitude&crs=EPSG:4326&spatialIndex=no&subsetIndex=no&watchFile=no
"3481",Epilobium minutum,Epilobium,minutum,,,,native,S5,,48.899737660000000,-123.407535600000003,,NA,NA,"6217244",obs_native,file:///D:/Simon/Sync/Root/GIS/Biodiversity%20Data/obs_native.csv?type=csv&maxFields=10000&detectTypes=yes&xField=longitude&yField=latitude&crs=EPSG:4326&spatialIndex=no&subsetIndex=no&watchFile=no
"3482",Epilobium minutum,Epilobium,minutum,,,,native,S5,,48.867255520000001,-123.338356000000005,,NA,NA,"6217512",obs_native,file:///D:/Simon/Sync/Root/GIS/Biodiversity%20Data/obs_native.csv?type=csv&maxFields=10000&detectTypes=yes&xField=longitude&yField=latitude&crs=EPSG:4326&spatialIndex=no&subsetIndex=no&watchFile=no
"3483",Epilobium minutum,Epilobium,minutum,,,,native,S5,,48.867227290000002,-123.338077100000007,,NA,NA,"6217921",obs_native,file:///D:/Simon/Sync/Root/GIS/Biodiversity%20Data/obs_native.csv?type=csv&maxFields=10000&detectTypes=yes&xField=longitude&yField=latitude&crs=EPSG:4326&spatialIndex=no&subsetIndex=no&watchFile=no
"3484",Epilobium minutum,Epilobium,minutum,,,,native,S5,,48.868751690000003,-123.379125599999995,,NA,NA,"6217928",obs_native,file:///D:/Simon/Sync/Root/GIS/Biodiversity%20Data/obs_native.csv?type=csv&maxFields=10000&detectTypes=yes&xField=longitude&yField=latitude&crs=EPSG:4326&spatialIndex=no&subsetIndex=no&watchFile=no
"3485",Epilobium minutum,Epilobium,minutum,,,,native,S5,,48.868800149999998,-123.378610600000002,,NA,NA,"6410316",obs_native,file:///D:/Simon/Sync/Root/GIS/Biodiversity%20Data/obs_native.csv?type=csv&maxFields=10000&detectTypes=yes&xField=longitude&yField=latitude&crs=EPSG:4326&spatialIndex=no&subsetIndex=no&watchFile=no
"3486",Epilobium minutum,Epilobium,minutum,,,,native,S5,,48.868031840000000,-123.377129999999994,,NA,NA,"6411588",obs_native,file:///D:/Simon/Sync/Root/GIS/Biodiversity%20Data/obs_native.csv?type=csv&maxFields=10000&detectTypes=yes&xField=longitude&yField=latitude&crs=EPSG:4326&spatialIndex=no&subsetIndex=no&watchFile=no
"3487",Epilobium minutum,Epilobium,minutum,,,,native,S5,,48.958745000000000,-123.533368999999993,,NA,NA,"12373960",obs_native,file:///D:/Simon/Sync/Root/GIS/Biodiversity%20Data/obs_native.csv?type=csv&maxFields=10000&detectTypes=yes&xField=longitude&yField=latitude&crs=EPSG:4326&spatialIndex=no&subsetIndex=no&watchFile=no
"3488",Epilobium minutum,Epilobium,minutum,,,,native,S5,,48.959408330000002,-123.534103299999998,,NA,NA,"22182567",obs_native,file:///D:/Simon/Sync/Root/GIS/Biodiversity%20Data/obs_native.csv?type=csv&maxFields=10000&detectTypes=yes&xField=longitude&yField=latitude&crs=EPSG:4326&spatialIndex=no&subsetIndex=no&watchFile=no
"3489",Epilobium minutum,Epilobium,minutum,,,,native,S5,,48.926672930000002,-123.467220699999999,,NA,NA,"45037310",obs_native,file:///D:/Simon/Sync/Root/GIS/Biodiversity%20Data/obs_native.csv?type=csv&maxFields=10000&detectTypes=yes&xField=longitude&yField=latitude&crs=EPSG:4326&spatialIndex=no&subsetIndex=no&watchFile=no
"3490",Epilobium minutum,Epilobium,minutum,,,,native,S5,,48.961750000000002,-123.548265000000001,,NA,NA,"48201546",obs_native,file:///D:/Simon/Sync/Root/GIS/Biodiversity%20Data/obs_native.csv?type=csv&maxFields=10000&detectTypes=yes&xField=longitude&yField=latitude&crs=EPSG:4326&spatialIndex=no&subsetIndex=no&watchFile=no
"3491",Epilobium minutum,Epilobium,minutum,,,,native,S5,,48.958721670000003,-123.532955000000001,,NA,NA,"74104768",obs_native,file:///D:/Simon/Sync/Root/GIS/Biodiversity%20Data/obs_native.csv?type=csv&maxFields=10000&detectTypes=yes&xField=longitude&yField=latitude&crs=EPSG:4326&spatialIndex=no&subsetIndex=no&watchFile=no
"3492",Epilobium minutum,Epilobium,minutum,,,,native,S5,,48.871915000000001,-123.382616700000000,,NA,NA,"77854439",obs_native,file:///D:/Simon/Sync/Root/GIS/Biodiversity%20Data/obs_native.csv?type=csv&maxFields=10000&detectTypes=yes&xField=longitude&yField=latitude&crs=EPSG:4326&spatialIndex=no&subsetIndex=no&watchFile=no
"3493",Epilobium minutum,Epilobium,minutum,,,,native,S5,,48.868221669999997,-123.377803299999997,,NA,NA,"81146990",obs_native,file:///D:/Simon/Sync/Root/GIS/Biodiversity%20Data/obs_native.csv?type=csv&maxFields=10000&detectTypes=yes&xField=longitude&yField=latitude&crs=EPSG:4326&spatialIndex=no&subsetIndex=no&watchFile=no
"3494",Epilobium minutum,Epilobium,minutum,,,,native,S5,,48.866124999999997,-123.374528299999994,,NA,NA,"114122137",obs_native,file:///D:/Simon/Sync/Root/GIS/Biodiversity%20Data/obs_native.csv?type=csv&maxFields=10000&detectTypes=yes&xField=longitude&yField=latitude&crs=EPSG:4326&spatialIndex=no&subsetIndex=no&watchFile=no
"3495",Epilobium minutum,Epilobium,minutum,,,,native,S5,,48.929940580000000,-123.467999599999999,,NA,NA,"115202999",obs_native,file:///D:/Simon/Sync/Root/GIS/Biodiversity%20Data/obs_native.csv?type=csv&maxFields=10000&detectTypes=yes&xField=longitude&yField=latitude&crs=EPSG:4326&spatialIndex=no&subsetIndex=no&watchFile=no
"3496",Epilobium minutum,Epilobium,minutum,,,,native,S5,,48.866896670000003,-123.336516700000004,,NA,NA,"126387796",obs_native,file:///D:/Simon/Sync/Root/GIS/Biodiversity%20Data/obs_native.csv?type=csv&maxFields=10000&detectTypes=yes&xField=longitude&yField=latitude&crs=EPSG:4326&spatialIndex=no&subsetIndex=no&watchFile=no
"3513",Equisetum arvense,Equisetum,arvense,,,,native,S5,,48.929718000000001,-123.449248999999995,,NA,NA,"2573849",obs_native,file:///D:/Simon/Sync/Root/GIS/Biodiversity%20Data/obs_native.csv?type=csv&maxFields=10000&detectTypes=yes&xField=longitude&yField=latitude&crs=EPSG:4326&spatialIndex=no&subsetIndex=no&watchFile=no
"3514",Equisetum arvense,Equisetum,arvense,,,,native,S5,,48.929830000000003,-123.471050000000005,,NA,NA,"2589232",obs_native,file:///D:/Simon/Sync/Root/GIS/Biodiversity%20Data/obs_native.csv?type=csv&maxFields=10000&detectTypes=yes&xField=longitude&yField=latitude&crs=EPSG:4326&spatialIndex=no&subsetIndex=no&watchFile=no
"3515",Equisetum arvense,Equisetum,arvense,,,,native,S5,,48.866405559999997,-123.322180599999996,,NA,NA,"2959146",obs_native,file:///D:/Simon/Sync/Root/GIS/Biodiversity%20Data/obs_native.csv?type=csv&maxFields=10000&detectTypes=yes&xField=longitude&yField=latitude&crs=EPSG:4326&spatialIndex=no&subsetIndex=no&watchFile=no
"3516",Equisetum arvense,Equisetum,arvense,,,,native,S5,,48.948469000000003,-123.503151000000003,,NA,NA,"3403058",obs_native,file:///D:/Simon/Sync/Root/GIS/Biodiversity%20Data/obs_native.csv?type=csv&maxFields=10000&detectTypes=yes&xField=longitude&yField=latitude&crs=EPSG:4326&spatialIndex=no&subsetIndex=no&watchFile=no
"3517",Equisetum arvense,Equisetum,arvense,,,,native,S5,,48.899657030000000,-123.405661199999997,,NA,NA,"3414216",obs_native,file:///D:/Simon/Sync/Root/GIS/Biodiversity%20Data/obs_native.csv?type=csv&maxFields=10000&detectTypes=yes&xField=longitude&yField=latitude&crs=EPSG:4326&spatialIndex=no&subsetIndex=no&watchFile=no
"3518",Equisetum arvense,Equisetum,arvense,,,,native,S5,,48.943160700000000,-123.484954799999997,,NA,NA,"6411243",obs_native,file:///D:/Simon/Sync/Root/GIS/Biodiversity%20Data/obs_native.csv?type=csv&maxFields=10000&detectTypes=yes&xField=longitude&yField=latitude&crs=EPSG:4326&spatialIndex=no&subsetIndex=no&watchFile=no
"3519",Equisetum arvense,Equisetum,arvense,,,,native,S5,,48.899715000000000,-123.406103299999998,,NA,NA,"24712571",obs_native,file:///D:/Simon/Sync/Root/GIS/Biodiversity%20Data/obs_native.csv?type=csv&maxFields=10000&detectTypes=yes&xField=longitude&yField=latitude&crs=EPSG:4326&spatialIndex=no&subsetIndex=no&watchFile=no
"3520",Equisetum arvense,Equisetum,arvense,,,,native,S5,,48.961943329999997,-123.518493300000003,,NA,NA,"24870111",obs_native,file:///D:/Simon/Sync/Root/GIS/Biodiversity%20Data/obs_native.csv?type=csv&maxFields=10000&detectTypes=yes&xField=longitude&yField=latitude&crs=EPSG:4326&spatialIndex=no&subsetIndex=no&watchFile=no
"3521",Equisetum arvense,Equisetum,arvense,,,,native,S5,,48.900104700000000,-123.406590100000003,,NA,NA,"24919514",obs_native,file:///D:/Simon/Sync/Root/GIS/Biodiversity%20Data/obs_native.csv?type=csv&maxFields=10000&detectTypes=yes&xField=longitude&yField=latitude&crs=EPSG:4326&spatialIndex=no&subsetIndex=no&watchFile=no
"3522",Equisetum arvense,Equisetum,arvense,,,,native,S5,,48.899725629999999,-123.405074900000002,,NA,NA,"25478467",obs_native,file:///D:/Simon/Sync/Root/GIS/Biodiversity%20Data/obs_native.csv?type=csv&maxFields=10000&detectTypes=yes&xField=longitude&yField=latitude&crs=EPSG:4326&spatialIndex=no&subsetIndex=no&watchFile=no
"3523",Equisetum arvense,Equisetum,arvense,,,,native,S5,,48.979169849999998,-123.557318300000006,,NA,NA,"25480172",obs_native,file:///D:/Simon/Sync/Root/GIS/Biodiversity%20Data/obs_native.csv?type=csv&maxFields=10000&detectTypes=yes&xField=longitude&yField=latitude&crs=EPSG:4326&spatialIndex=no&subsetIndex=no&watchFile=no
"3524",Equisetum arvense,Equisetum,arvense,,,,native,S5,,48.928849560000003,-123.469009799999995,,NA,NA,"54692191",obs_native,file:///D:/Simon/Sync/Root/GIS/Biodiversity%20Data/obs_native.csv?type=csv&maxFields=10000&detectTypes=yes&xField=longitude&yField=latitude&crs=EPSG:4326&spatialIndex=no&subsetIndex=no&watchFile=no
"3525",Equisetum arvense,Equisetum,arvense,,,,native,S5,,48.928339379999997,-123.467932500000003,,NA,NA,"83973402",obs_native,file:///D:/Simon/Sync/Root/GIS/Biodiversity%20Data/obs_native.csv?type=csv&maxFields=10000&detectTypes=yes&xField=longitude&yField=latitude&crs=EPSG:4326&spatialIndex=no&subsetIndex=no&watchFile=no
"3526",Equisetum arvense,Equisetum,arvense,,,,native,S5,,48.977841669999997,-123.566620000000000,,NA,NA,"129733144",obs_native,file:///D:/Simon/Sync/Root/GIS/Biodiversity%20Data/obs_native.csv?type=csv&maxFields=10000&detectTypes=yes&xField=longitude&yField=latitude&crs=EPSG:4326&spatialIndex=no&subsetIndex=no&watchFile=no
"3527",Eriocoma lemmonii,Eriocoma,lemmonii,,,,native,S5,,48.866634460000000,-123.375670900000003,,NA,NA,"6411590",obs_native,file:///D:/Simon/Sync/Root/GIS/Biodiversity%20Data/obs_native.csv?type=csv&maxFields=10000&detectTypes=yes&xField=longitude&yField=latitude&crs=EPSG:4326&spatialIndex=no&subsetIndex=no&watchFile=no
"3528",Eriocoma lemmonii,Eriocoma,lemmonii,,,,native,S5,,48.869999929999999,-123.379999999999995,,NA,NA,"121001346",obs_native,file:///D:/Simon/Sync/Root/GIS/Biodiversity%20Data/obs_native.csv?type=csv&maxFields=10000&detectTypes=yes&xField=longitude&yField=latitude&crs=EPSG:4326&spatialIndex=no&subsetIndex=no&watchFile=no
"3529",Eriocoma lemmonii,Eriocoma,lemmonii,,,,native,S5,,48.869999929999999,-123.379999999999995,,NA,NA,"121011711",obs_native,file:///D:/Simon/Sync/Root/GIS/Biodiversity%20Data/obs_native.csv?type=csv&maxFields=10000&detectTypes=yes&xField=longitude&yField=latitude&crs=EPSG:4326&spatialIndex=no&subsetIndex=no&watchFile=no
"3530",Eriophorum chamissonis,Eriophorum,chamissonis,,,,native,S5,,48.983659000000003,-123.556323000000006,,NA,NA,"3296238",obs_native,file:///D:/Simon/Sync/Root/GIS/Biodiversity%20Data/obs_native.csv?type=csv&maxFields=10000&detectTypes=yes&xField=longitude&yField=latitude&crs=EPSG:4326&spatialIndex=no&subsetIndex=no&watchFile=no
"3531",Eriophorum chamissonis,Eriophorum,chamissonis,,,,native,S5,,48.983659000000003,-123.556323000000006,,NA,NA,"3296255",obs_native,file:///D:/Simon/Sync/Root/GIS/Biodiversity%20Data/obs_native.csv?type=csv&maxFields=10000&detectTypes=yes&xField=longitude&yField=latitude&crs=EPSG:4326&spatialIndex=no&subsetIndex=no&watchFile=no
"3532",Eriophorum chamissonis,Eriophorum,chamissonis,,,,native,S5,,48.983659000000003,-123.556323000000006,,NA,NA,"3296288",obs_native,file:///D:/Simon/Sync/Root/GIS/Biodiversity%20Data/obs_native.csv?type=csv&maxFields=10000&detectTypes=yes&xField=longitude&yField=latitude&crs=EPSG:4326&spatialIndex=no&subsetIndex=no&watchFile=no
"3533",Eriophorum chamissonis,Eriophorum,chamissonis,,,,native,S5,,48.982405000000000,-123.554821000000004,,NA,NA,"6453268",obs_native,file:///D:/Simon/Sync/Root/GIS/Biodiversity%20Data/obs_native.csv?type=csv&maxFields=10000&detectTypes=yes&xField=longitude&yField=latitude&crs=EPSG:4326&spatialIndex=no&subsetIndex=no&watchFile=no
"3534",Eriophorum chamissonis,Eriophorum,chamissonis,,,,native,S5,,48.983364000000002,-123.556359000000000,,NA,NA,"13225290",obs_native,file:///D:/Simon/Sync/Root/GIS/Biodiversity%20Data/obs_native.csv?type=csv&maxFields=10000&detectTypes=yes&xField=longitude&yField=latitude&crs=EPSG:4326&spatialIndex=no&subsetIndex=no&watchFile=no
"3535",Eriophorum chamissonis,Eriophorum,chamissonis,,,,native,S5,,48.983538770000003,-123.556732900000000,,NA,NA,"15412686",obs_native,file:///D:/Simon/Sync/Root/GIS/Biodiversity%20Data/obs_native.csv?type=csv&maxFields=10000&detectTypes=yes&xField=longitude&yField=latitude&crs=EPSG:4326&spatialIndex=no&subsetIndex=no&watchFile=no
"3536",Eriophorum gracile,Eriophorum,gracile,,,,native,S5,,48.982323999999998,-123.554777999999999,,NA,NA,"6417606",obs_native,file:///D:/Simon/Sync/Root/GIS/Biodiversity%20Data/obs_native.csv?type=csv&maxFields=10000&detectTypes=yes&xField=longitude&yField=latitude&crs=EPSG:4326&spatialIndex=no&subsetIndex=no&watchFile=no
"3537",Erythranthe alsinoides,Erythranthe,alsinoides,,,,native,S5,,48.932492000000003,-123.484526000000002,,NA,NA,"2567458",obs_native,file:///D:/Simon/Sync/Root/GIS/Biodiversity%20Data/obs_native.csv?type=csv&maxFields=10000&detectTypes=yes&xField=longitude&yField=latitude&crs=EPSG:4326&spatialIndex=no&subsetIndex=no&watchFile=no
"3538",Erythranthe alsinoides,Erythranthe,alsinoides,,,,native,S5,,48.956529000000003,-123.529758000000001,,NA,NA,"2819467",obs_native,file:///D:/Simon/Sync/Root/GIS/Biodiversity%20Data/obs_native.csv?type=csv&maxFields=10000&detectTypes=yes&xField=longitude&yField=latitude&crs=EPSG:4326&spatialIndex=no&subsetIndex=no&watchFile=no
"3539",Erythranthe alsinoides,Erythranthe,alsinoides,,,,native,S5,,48.927078999999999,-123.466244000000003,,NA,NA,"2822846",obs_native,file:///D:/Simon/Sync/Root/GIS/Biodiversity%20Data/obs_native.csv?type=csv&maxFields=10000&detectTypes=yes&xField=longitude&yField=latitude&crs=EPSG:4326&spatialIndex=no&subsetIndex=no&watchFile=no
"3540",Erythranthe alsinoides,Erythranthe,alsinoides,,,,native,S5,,48.868282999999998,-123.342605000000006,,NA,NA,"2889946",obs_native,file:///D:/Simon/Sync/Root/GIS/Biodiversity%20Data/obs_native.csv?type=csv&maxFields=10000&detectTypes=yes&xField=longitude&yField=latitude&crs=EPSG:4326&spatialIndex=no&subsetIndex=no&watchFile=no
"3541",Erythranthe alsinoides,Erythranthe,alsinoides,,,,native,S5,,48.867548999999997,-123.339915000000005,,NA,NA,"3041029",obs_native,file:///D:/Simon/Sync/Root/GIS/Biodiversity%20Data/obs_native.csv?type=csv&maxFields=10000&detectTypes=yes&xField=longitude&yField=latitude&crs=EPSG:4326&spatialIndex=no&subsetIndex=no&watchFile=no
"3542",Erythranthe alsinoides,Erythranthe,alsinoides,,,,native,S5,,48.932485999999997,-123.483839000000003,,NA,NA,"3318647",obs_native,file:///D:/Simon/Sync/Root/GIS/Biodiversity%20Data/obs_native.csv?type=csv&maxFields=10000&detectTypes=yes&xField=longitude&yField=latitude&crs=EPSG:4326&spatialIndex=no&subsetIndex=no&watchFile=no
"3543",Erythranthe alsinoides,Erythranthe,alsinoides,,,,native,S5,,48.867548999999997,-123.338527999999997,,NA,NA,"3351110",obs_native,file:///D:/Simon/Sync/Root/GIS/Biodiversity%20Data/obs_native.csv?type=csv&maxFields=10000&detectTypes=yes&xField=longitude&yField=latitude&crs=EPSG:4326&spatialIndex=no&subsetIndex=no&watchFile=no
"3544",Erythranthe alsinoides,Erythranthe,alsinoides,,,,native,S5,,48.867880999999997,-123.340723999999994,,NA,NA,"5450526",obs_native,file:///D:/Simon/Sync/Root/GIS/Biodiversity%20Data/obs_native.csv?type=csv&maxFields=10000&detectTypes=yes&xField=longitude&yField=latitude&crs=EPSG:4326&spatialIndex=no&subsetIndex=no&watchFile=no
"3545",Erythranthe alsinoides,Erythranthe,alsinoides,,,,native,S5,,48.867880999999997,-123.340723999999994,,NA,NA,"5450574",obs_native,file:///D:/Simon/Sync/Root/GIS/Biodiversity%20Data/obs_native.csv?type=csv&maxFields=10000&detectTypes=yes&xField=longitude&yField=latitude&crs=EPSG:4326&spatialIndex=no&subsetIndex=no&watchFile=no
"3546",Erythranthe alsinoides,Erythranthe,alsinoides,,,,native,S5,,48.868785000000003,-123.378710999999996,,NA,NA,"5472970",obs_native,file:///D:/Simon/Sync/Root/GIS/Biodiversity%20Data/obs_native.csv?type=csv&maxFields=10000&detectTypes=yes&xField=longitude&yField=latitude&crs=EPSG:4326&spatialIndex=no&subsetIndex=no&watchFile=no
"3547",Erythranthe alsinoides,Erythranthe,alsinoides,,,,native,S5,,48.868785000000003,-123.378710999999996,,NA,NA,"5473001",obs_native,file:///D:/Simon/Sync/Root/GIS/Biodiversity%20Data/obs_native.csv?type=csv&maxFields=10000&detectTypes=yes&xField=longitude&yField=latitude&crs=EPSG:4326&spatialIndex=no&subsetIndex=no&watchFile=no
"3548",Erythranthe alsinoides,Erythranthe,alsinoides,,,,native,S5,,48.863824999999999,-123.366722999999993,,NA,NA,"5516506",obs_native,file:///D:/Simon/Sync/Root/GIS/Biodiversity%20Data/obs_native.csv?type=csv&maxFields=10000&detectTypes=yes&xField=longitude&yField=latitude&crs=EPSG:4326&spatialIndex=no&subsetIndex=no&watchFile=no
"3549",Erythranthe alsinoides,Erythranthe,alsinoides,,,,native,S5,,48.900019780000001,-123.361401599999994,,NA,NA,"5647003",obs_native,file:///D:/Simon/Sync/Root/GIS/Biodiversity%20Data/obs_native.csv?type=csv&maxFields=10000&detectTypes=yes&xField=longitude&yField=latitude&crs=EPSG:4326&spatialIndex=no&subsetIndex=no&watchFile=no
"3550",Erythranthe alsinoides,Erythranthe,alsinoides,,,,native,S5,,48.867255999999998,-123.338721000000007,,NA,NA,"5655921",obs_native,file:///D:/Simon/Sync/Root/GIS/Biodiversity%20Data/obs_native.csv?type=csv&maxFields=10000&detectTypes=yes&xField=longitude&yField=latitude&crs=EPSG:4326&spatialIndex=no&subsetIndex=no&watchFile=no
"3551",Erythranthe alsinoides,Erythranthe,alsinoides,,,,native,S5,,48.927087999999998,-123.466329999999999,,NA,NA,"5850438",obs_native,file:///D:/Simon/Sync/Root/GIS/Biodiversity%20Data/obs_native.csv?type=csv&maxFields=10000&detectTypes=yes&xField=longitude&yField=latitude&crs=EPSG:4326&spatialIndex=no&subsetIndex=no&watchFile=no
"3552",Erythranthe alsinoides,Erythranthe,alsinoides,,,,native,S5,,48.956614999999999,-123.529281999999995,,NA,NA,"10306152",obs_native,file:///D:/Simon/Sync/Root/GIS/Biodiversity%20Data/obs_native.csv?type=csv&maxFields=10000&detectTypes=yes&xField=longitude&yField=latitude&crs=EPSG:4326&spatialIndex=no&subsetIndex=no&watchFile=no
"3553",Erythranthe alsinoides,Erythranthe,alsinoides,,,,native,S5,,48.867769439999996,-123.340133300000005,,NA,NA,"10555838",obs_native,file:///D:/Simon/Sync/Root/GIS/Biodiversity%20Data/obs_native.csv?type=csv&maxFields=10000&detectTypes=yes&xField=longitude&yField=latitude&crs=EPSG:4326&spatialIndex=no&subsetIndex=no&watchFile=no
"3554",Erythranthe alsinoides,Erythranthe,alsinoides,,,,native,S5,,48.863005000000001,-123.372978300000000,,NA,NA,"11578647",obs_native,file:///D:/Simon/Sync/Root/GIS/Biodiversity%20Data/obs_native.csv?type=csv&maxFields=10000&detectTypes=yes&xField=longitude&yField=latitude&crs=EPSG:4326&spatialIndex=no&subsetIndex=no&watchFile=no
"3555",Erythranthe alsinoides,Erythranthe,alsinoides,,,,native,S5,,48.869641670000000,-123.378616699999995,,NA,NA,"11580938",obs_native,file:///D:/Simon/Sync/Root/GIS/Biodiversity%20Data/obs_native.csv?type=csv&maxFields=10000&detectTypes=yes&xField=longitude&yField=latitude&crs=EPSG:4326&spatialIndex=no&subsetIndex=no&watchFile=no
"3556",Erythranthe alsinoides,Erythranthe,alsinoides,,,,native,S5,,48.866695000000000,-123.375888000000003,,NA,NA,"12287390",obs_native,file:///D:/Simon/Sync/Root/GIS/Biodiversity%20Data/obs_native.csv?type=csv&maxFields=10000&detectTypes=yes&xField=longitude&yField=latitude&crs=EPSG:4326&spatialIndex=no&subsetIndex=no&watchFile=no
"3557",Erythranthe alsinoides,Erythranthe,alsinoides,,,,native,S5,,48.957312940000001,-123.530222499999994,,NA,NA,"16344822",obs_native,file:///D:/Simon/Sync/Root/GIS/Biodiversity%20Data/obs_native.csv?type=csv&maxFields=10000&detectTypes=yes&xField=longitude&yField=latitude&crs=EPSG:4326&spatialIndex=no&subsetIndex=no&watchFile=no
"3558",Erythranthe alsinoides,Erythranthe,alsinoides,,,,native,S5,,48.862743330000001,-123.373474999999999,,NA,NA,"21350303",obs_native,file:///D:/Simon/Sync/Root/GIS/Biodiversity%20Data/obs_native.csv?type=csv&maxFields=10000&detectTypes=yes&xField=longitude&yField=latitude&crs=EPSG:4326&spatialIndex=no&subsetIndex=no&watchFile=no
"3559",Erythranthe alsinoides,Erythranthe,alsinoides,,,,native,S5,,48.868367820000003,-123.377189000000001,,NA,NA,"21817833",obs_native,file:///D:/Simon/Sync/Root/GIS/Biodiversity%20Data/obs_native.csv?type=csv&maxFields=10000&detectTypes=yes&xField=longitude&yField=latitude&crs=EPSG:4326&spatialIndex=no&subsetIndex=no&watchFile=no
"3560",Erythranthe alsinoides,Erythranthe,alsinoides,,,,native,S5,,48.867165999999997,-123.338588999999999,,NA,NA,"21928877",obs_native,file:///D:/Simon/Sync/Root/GIS/Biodiversity%20Data/obs_native.csv?type=csv&maxFields=10000&detectTypes=yes&xField=longitude&yField=latitude&crs=EPSG:4326&spatialIndex=no&subsetIndex=no&watchFile=no
"3561",Erythranthe alsinoides,Erythranthe,alsinoides,,,,native,S5,,48.926712559999999,-123.466066400000003,,NA,NA,"22222959",obs_native,file:///D:/Simon/Sync/Root/GIS/Biodiversity%20Data/obs_native.csv?type=csv&maxFields=10000&detectTypes=yes&xField=longitude&yField=latitude&crs=EPSG:4326&spatialIndex=no&subsetIndex=no&watchFile=no
"3562",Erythranthe alsinoides,Erythranthe,alsinoides,,,,native,S5,,48.927500000000002,-123.471000000000004,,NA,NA,"22396984",obs_native,file:///D:/Simon/Sync/Root/GIS/Biodiversity%20Data/obs_native.csv?type=csv&maxFields=10000&detectTypes=yes&xField=longitude&yField=latitude&crs=EPSG:4326&spatialIndex=no&subsetIndex=no&watchFile=no
"3563",Erythranthe alsinoides,Erythranthe,alsinoides,,,,native,S5,,48.863411669999998,-123.352641700000007,,NA,NA,"24049270",obs_native,file:///D:/Simon/Sync/Root/GIS/Biodiversity%20Data/obs_native.csv?type=csv&maxFields=10000&detectTypes=yes&xField=longitude&yField=latitude&crs=EPSG:4326&spatialIndex=no&subsetIndex=no&watchFile=no
"3564",Erythranthe alsinoides,Erythranthe,alsinoides,,,,native,S5,,48.900638890000003,-123.404494400000004,,NA,NA,"24683953",obs_native,file:///D:/Simon/Sync/Root/GIS/Biodiversity%20Data/obs_native.csv?type=csv&maxFields=10000&detectTypes=yes&xField=longitude&yField=latitude&crs=EPSG:4326&spatialIndex=no&subsetIndex=no&watchFile=no
"3565",Erythranthe alsinoides,Erythranthe,alsinoides,,,,native,S5,,48.867969440000003,-123.377266700000007,,NA,NA,"24687967",obs_native,file:///D:/Simon/Sync/Root/GIS/Biodiversity%20Data/obs_native.csv?type=csv&maxFields=10000&detectTypes=yes&xField=longitude&yField=latitude&crs=EPSG:4326&spatialIndex=no&subsetIndex=no&watchFile=no
"3566",Erythranthe alsinoides,Erythranthe,alsinoides,,,,native,S5,,48.868233330000002,-123.377402799999999,,NA,NA,"24687969",obs_native,file:///D:/Simon/Sync/Root/GIS/Biodiversity%20Data/obs_native.csv?type=csv&maxFields=10000&detectTypes=yes&xField=longitude&yField=latitude&crs=EPSG:4326&spatialIndex=no&subsetIndex=no&watchFile=no
"3567",Erythranthe alsinoides,Erythranthe,alsinoides,,,,native,S5,,48.868544440000001,-123.377188899999993,,NA,NA,"24687972",obs_native,file:///D:/Simon/Sync/Root/GIS/Biodiversity%20Data/obs_native.csv?type=csv&maxFields=10000&detectTypes=yes&xField=longitude&yField=latitude&crs=EPSG:4326&spatialIndex=no&subsetIndex=no&watchFile=no
"3568",Erythranthe alsinoides,Erythranthe,alsinoides,,,,native,S5,,48.868088890000003,-123.376388899999995,,NA,NA,"24688037",obs_native,file:///D:/Simon/Sync/Root/GIS/Biodiversity%20Data/obs_native.csv?type=csv&maxFields=10000&detectTypes=yes&xField=longitude&yField=latitude&crs=EPSG:4326&spatialIndex=no&subsetIndex=no&watchFile=no
"3569",Erythranthe alsinoides,Erythranthe,alsinoides,,,,native,S5,,48.901234639999998,-123.406057200000006,,NA,NA,"24689887",obs_native,file:///D:/Simon/Sync/Root/GIS/Biodiversity%20Data/obs_native.csv?type=csv&maxFields=10000&detectTypes=yes&xField=longitude&yField=latitude&crs=EPSG:4326&spatialIndex=no&subsetIndex=no&watchFile=no
"3570",Erythranthe alsinoides,Erythranthe,alsinoides,,,,native,S5,,48.901398739999998,-123.405681099999995,,NA,NA,"24708774",obs_native,file:///D:/Simon/Sync/Root/GIS/Biodiversity%20Data/obs_native.csv?type=csv&maxFields=10000&detectTypes=yes&xField=longitude&yField=latitude&crs=EPSG:4326&spatialIndex=no&subsetIndex=no&watchFile=no
"3571",Erythranthe alsinoides,Erythranthe,alsinoides,,,,native,S5,,48.900742860000001,-123.404537599999998,,NA,NA,"24709170",obs_native,file:///D:/Simon/Sync/Root/GIS/Biodiversity%20Data/obs_native.csv?type=csv&maxFields=10000&detectTypes=yes&xField=longitude&yField=latitude&crs=EPSG:4326&spatialIndex=no&subsetIndex=no&watchFile=no
"3572",Erythranthe alsinoides,Erythranthe,alsinoides,,,,native,S5,,48.901543550000000,-123.404503199999994,,NA,NA,"24714379",obs_native,file:///D:/Simon/Sync/Root/GIS/Biodiversity%20Data/obs_native.csv?type=csv&maxFields=10000&detectTypes=yes&xField=longitude&yField=latitude&crs=EPSG:4326&spatialIndex=no&subsetIndex=no&watchFile=no
"3573",Erythranthe alsinoides,Erythranthe,alsinoides,,,,native,S5,,48.901290199999998,-123.405649299999993,,NA,NA,"24715431",obs_native,file:///D:/Simon/Sync/Root/GIS/Biodiversity%20Data/obs_native.csv?type=csv&maxFields=10000&detectTypes=yes&xField=longitude&yField=latitude&crs=EPSG:4326&spatialIndex=no&subsetIndex=no&watchFile=no
"3574",Erythranthe alsinoides,Erythranthe,alsinoides,,,,native,S5,,48.901177959999998,-123.405792800000000,,NA,NA,"24715538",obs_native,file:///D:/Simon/Sync/Root/GIS/Biodiversity%20Data/obs_native.csv?type=csv&maxFields=10000&detectTypes=yes&xField=longitude&yField=latitude&crs=EPSG:4326&spatialIndex=no&subsetIndex=no&watchFile=no
"3575",Erythranthe alsinoides,Erythranthe,alsinoides,,,,native,S5,,48.900813470000003,-123.404393799999994,,NA,NA,"24919331",obs_native,file:///D:/Simon/Sync/Root/GIS/Biodiversity%20Data/obs_native.csv?type=csv&maxFields=10000&detectTypes=yes&xField=longitude&yField=latitude&crs=EPSG:4326&spatialIndex=no&subsetIndex=no&watchFile=no
"3576",Erythranthe alsinoides,Erythranthe,alsinoides,,,,native,S5,,48.896347220000003,-123.419616700000006,,NA,NA,"25559059",obs_native,file:///D:/Simon/Sync/Root/GIS/Biodiversity%20Data/obs_native.csv?type=csv&maxFields=10000&detectTypes=yes&xField=longitude&yField=latitude&crs=EPSG:4326&spatialIndex=no&subsetIndex=no&watchFile=no
"3577",Erythranthe alsinoides,Erythranthe,alsinoides,,,,native,S5,,48.900822220000002,-123.405686099999997,,NA,NA,"25560962",obs_native,file:///D:/Simon/Sync/Root/GIS/Biodiversity%20Data/obs_native.csv?type=csv&maxFields=10000&detectTypes=yes&xField=longitude&yField=latitude&crs=EPSG:4326&spatialIndex=no&subsetIndex=no&watchFile=no
"3578",Erythranthe alsinoides,Erythranthe,alsinoides,,,,native,S5,,48.901597219999999,-123.405655600000003,,NA,NA,"25560964",obs_native,file:///D:/Simon/Sync/Root/GIS/Biodiversity%20Data/obs_native.csv?type=csv&maxFields=10000&detectTypes=yes&xField=longitude&yField=latitude&crs=EPSG:4326&spatialIndex=no&subsetIndex=no&watchFile=no
"3579",Erythranthe alsinoides,Erythranthe,alsinoides,,,,native,S5,,48.901158330000001,-123.405595000000005,,NA,NA,"32125292",obs_native,file:///D:/Simon/Sync/Root/GIS/Biodiversity%20Data/obs_native.csv?type=csv&maxFields=10000&detectTypes=yes&xField=longitude&yField=latitude&crs=EPSG:4326&spatialIndex=no&subsetIndex=no&watchFile=no
"3580",Erythranthe alsinoides,Erythranthe,alsinoides,,,,native,S5,,48.901254999999999,-123.405333299999995,,NA,NA,"32128783",obs_native,file:///D:/Simon/Sync/Root/GIS/Biodiversity%20Data/obs_native.csv?type=csv&maxFields=10000&detectTypes=yes&xField=longitude&yField=latitude&crs=EPSG:4326&spatialIndex=no&subsetIndex=no&watchFile=no
"3581",Erythranthe alsinoides,Erythranthe,alsinoides,,,,native,S5,,48.866396199999997,-123.368883999999994,,NA,NA,"41788587",obs_native,file:///D:/Simon/Sync/Root/GIS/Biodiversity%20Data/obs_native.csv?type=csv&maxFields=10000&detectTypes=yes&xField=longitude&yField=latitude&crs=EPSG:4326&spatialIndex=no&subsetIndex=no&watchFile=no
"3582",Erythranthe alsinoides,Erythranthe,alsinoides,,,,native,S5,,48.914136110000001,-123.386955599999993,,NA,NA,"42681991",obs_native,file:///D:/Simon/Sync/Root/GIS/Biodiversity%20Data/obs_native.csv?type=csv&maxFields=10000&detectTypes=yes&xField=longitude&yField=latitude&crs=EPSG:4326&spatialIndex=no&subsetIndex=no&watchFile=no
"3583",Erythranthe alsinoides,Erythranthe,alsinoides,,,,native,S5,,48.865735350000001,-123.350084100000004,,NA,NA,"43553126",obs_native,file:///D:/Simon/Sync/Root/GIS/Biodiversity%20Data/obs_native.csv?type=csv&maxFields=10000&detectTypes=yes&xField=longitude&yField=latitude&crs=EPSG:4326&spatialIndex=no&subsetIndex=no&watchFile=no
"3584",Erythranthe alsinoides,Erythranthe,alsinoides,,,,native,S5,,48.867304670000003,-123.338637599999998,,NA,NA,"61668908",obs_native,file:///D:/Simon/Sync/Root/GIS/Biodiversity%20Data/obs_native.csv?type=csv&maxFields=10000&detectTypes=yes&xField=longitude&yField=latitude&crs=EPSG:4326&spatialIndex=no&subsetIndex=no&watchFile=no
"3585",Erythranthe alsinoides,Erythranthe,alsinoides,,,,native,S5,,48.957168580000001,-123.529788600000003,,NA,NA,"72213701",obs_native,file:///D:/Simon/Sync/Root/GIS/Biodiversity%20Data/obs_native.csv?type=csv&maxFields=10000&detectTypes=yes&xField=longitude&yField=latitude&crs=EPSG:4326&spatialIndex=no&subsetIndex=no&watchFile=no
"3586",Erythranthe alsinoides,Erythranthe,alsinoides,,,,native,S5,,48.938675000000003,-123.500254999999996,,NA,NA,"72321423",obs_native,file:///D:/Simon/Sync/Root/GIS/Biodiversity%20Data/obs_native.csv?type=csv&maxFields=10000&detectTypes=yes&xField=longitude&yField=latitude&crs=EPSG:4326&spatialIndex=no&subsetIndex=no&watchFile=no
"3587",Erythranthe alsinoides,Erythranthe,alsinoides,,,,native,S5,,48.944636670000001,-123.517423300000004,,NA,NA,"107193909",obs_native,file:///D:/Simon/Sync/Root/GIS/Biodiversity%20Data/obs_native.csv?type=csv&maxFields=10000&detectTypes=yes&xField=longitude&yField=latitude&crs=EPSG:4326&spatialIndex=no&subsetIndex=no&watchFile=no
"3588",Erythranthe alsinoides,Erythranthe,alsinoides,,,,native,S5,,48.956156309999997,-123.527725899999993,,NA,NA,"109429653",obs_native,file:///D:/Simon/Sync/Root/GIS/Biodiversity%20Data/obs_native.csv?type=csv&maxFields=10000&detectTypes=yes&xField=longitude&yField=latitude&crs=EPSG:4326&spatialIndex=no&subsetIndex=no&watchFile=no
"3589",Erythranthe alsinoides,Erythranthe,alsinoides,,,,native,S5,,48.956994440000003,-123.529786099999995,,NA,NA,"109429661",obs_native,file:///D:/Simon/Sync/Root/GIS/Biodiversity%20Data/obs_native.csv?type=csv&maxFields=10000&detectTypes=yes&xField=longitude&yField=latitude&crs=EPSG:4326&spatialIndex=no&subsetIndex=no&watchFile=no
"3590",Erythranthe alsinoides,Erythranthe,alsinoides,,,,native,S5,,49.013194450000000,-123.573141699999994,,NA,NA,"110036548",obs_native,file:///D:/Simon/Sync/Root/GIS/Biodiversity%20Data/obs_native.csv?type=csv&maxFields=10000&detectTypes=yes&xField=longitude&yField=latitude&crs=EPSG:4326&spatialIndex=no&subsetIndex=no&watchFile=no
"3591",Erythranthe alsinoides,Erythranthe,alsinoides,,,,native,S5,,48.957184669999997,-123.529847599999997,,NA,NA,"110524401",obs_native,file:///D:/Simon/Sync/Root/GIS/Biodiversity%20Data/obs_native.csv?type=csv&maxFields=10000&detectTypes=yes&xField=longitude&yField=latitude&crs=EPSG:4326&spatialIndex=no&subsetIndex=no&watchFile=no
"3592",Erythranthe alsinoides,Erythranthe,alsinoides,,,,native,S5,,48.867543699999999,-123.339508199999997,,NA,NA,"110805659",obs_native,file:///D:/Simon/Sync/Root/GIS/Biodiversity%20Data/obs_native.csv?type=csv&maxFields=10000&detectTypes=yes&xField=longitude&yField=latitude&crs=EPSG:4326&spatialIndex=no&subsetIndex=no&watchFile=no
"3593",Erythranthe alsinoides,Erythranthe,alsinoides,,,,native,S5,,48.867553330000000,-123.339630000000000,,NA,NA,"110820820",obs_native,file:///D:/Simon/Sync/Root/GIS/Biodiversity%20Data/obs_native.csv?type=csv&maxFields=10000&detectTypes=yes&xField=longitude&yField=latitude&crs=EPSG:4326&spatialIndex=no&subsetIndex=no&watchFile=no
"3594",Erythranthe alsinoides,Erythranthe,alsinoides,,,,native,S5,,48.862398329999998,-123.368769999999998,,NA,NA,"110932092",obs_native,file:///D:/Simon/Sync/Root/GIS/Biodiversity%20Data/obs_native.csv?type=csv&maxFields=10000&detectTypes=yes&xField=longitude&yField=latitude&crs=EPSG:4326&spatialIndex=no&subsetIndex=no&watchFile=no
"3595",Erythranthe alsinoides,Erythranthe,alsinoides,,,,native,S5,,48.866000000000000,-123.369206700000007,,NA,NA,"111609848",obs_native,file:///D:/Simon/Sync/Root/GIS/Biodiversity%20Data/obs_native.csv?type=csv&maxFields=10000&detectTypes=yes&xField=longitude&yField=latitude&crs=EPSG:4326&spatialIndex=no&subsetIndex=no&watchFile=no
"3596",Erythranthe alsinoides,Erythranthe,alsinoides,,,,native,S5,,48.956449999999997,-123.528959999999998,,NA,NA,"116029617",obs_native,file:///D:/Simon/Sync/Root/GIS/Biodiversity%20Data/obs_native.csv?type=csv&maxFields=10000&detectTypes=yes&xField=longitude&yField=latitude&crs=EPSG:4326&spatialIndex=no&subsetIndex=no&watchFile=no
"3597",Erythranthe microphylla,Erythranthe,microphylla,,,,native,S5,,48.868751690000003,-123.379125599999995,,NA,NA,"6217952",obs_native,file:///D:/Simon/Sync/Root/GIS/Biodiversity%20Data/obs_native.csv?type=csv&maxFields=10000&detectTypes=yes&xField=longitude&yField=latitude&crs=EPSG:4326&spatialIndex=no&subsetIndex=no&watchFile=no
"3598",Erythranthe microphylla,Erythranthe,microphylla,,,,native,S5,,49.012850899999997,-123.573103000000003,,NA,NA,"6309388",obs_native,file:///D:/Simon/Sync/Root/GIS/Biodiversity%20Data/obs_native.csv?type=csv&maxFields=10000&detectTypes=yes&xField=longitude&yField=latitude&crs=EPSG:4326&spatialIndex=no&subsetIndex=no&watchFile=no
"3599",Erythranthe microphylla,Erythranthe,microphylla,,,,native,S5,,49.012850899999997,-123.573103000000003,,NA,NA,"6309393",obs_native,file:///D:/Simon/Sync/Root/GIS/Biodiversity%20Data/obs_native.csv?type=csv&maxFields=10000&detectTypes=yes&xField=longitude&yField=latitude&crs=EPSG:4326&spatialIndex=no&subsetIndex=no&watchFile=no
"3600",Erythranthe microphylla,Erythranthe,microphylla,,,,native,S5,,49.012850899999997,-123.573103000000003,,NA,NA,"6309399",obs_native,file:///D:/Simon/Sync/Root/GIS/Biodiversity%20Data/obs_native.csv?type=csv&maxFields=10000&detectTypes=yes&xField=longitude&yField=latitude&crs=EPSG:4326&spatialIndex=no&subsetIndex=no&watchFile=no
"3601",Erythranthe microphylla,Erythranthe,microphylla,,,,native,S5,,49.013104230000003,-123.572888399999997,,NA,NA,"6309415",obs_native,file:///D:/Simon/Sync/Root/GIS/Biodiversity%20Data/obs_native.csv?type=csv&maxFields=10000&detectTypes=yes&xField=longitude&yField=latitude&crs=EPSG:4326&spatialIndex=no&subsetIndex=no&watchFile=no
"3602",Erythranthe microphylla,Erythranthe,microphylla,,,,native,S5,,49.012850899999997,-123.573103000000003,,NA,NA,"6309456",obs_native,file:///D:/Simon/Sync/Root/GIS/Biodiversity%20Data/obs_native.csv?type=csv&maxFields=10000&detectTypes=yes&xField=longitude&yField=latitude&crs=EPSG:4326&spatialIndex=no&subsetIndex=no&watchFile=no
"3603",Erythranthe microphylla,Erythranthe,microphylla,,,,native,S5,,48.979820779999997,-123.537590499999993,,NA,NA,"6411953",obs_native,file:///D:/Simon/Sync/Root/GIS/Biodiversity%20Data/obs_native.csv?type=csv&maxFields=10000&detectTypes=yes&xField=longitude&yField=latitude&crs=EPSG:4326&spatialIndex=no&subsetIndex=no&watchFile=no
"3604",Erythranthe microphylla,Erythranthe,microphylla,,,,native,S5,,48.872082300000002,-123.312289199999995,,NA,NA,"6425064",obs_native,file:///D:/Simon/Sync/Root/GIS/Biodiversity%20Data/obs_native.csv?type=csv&maxFields=10000&detectTypes=yes&xField=longitude&yField=latitude&crs=EPSG:4326&spatialIndex=no&subsetIndex=no&watchFile=no
"3605",Erythranthe microphylla,Erythranthe,microphylla,,,,native,S5,,48.870576000000000,-123.380724999999998,,NA,NA,"12287879",obs_native,file:///D:/Simon/Sync/Root/GIS/Biodiversity%20Data/obs_native.csv?type=csv&maxFields=10000&detectTypes=yes&xField=longitude&yField=latitude&crs=EPSG:4326&spatialIndex=no&subsetIndex=no&watchFile=no
"3606",Erythranthe microphylla,Erythranthe,microphylla,,,,native,S5,,48.926716419999998,-123.465414899999999,,NA,NA,"16306501",obs_native,file:///D:/Simon/Sync/Root/GIS/Biodiversity%20Data/obs_native.csv?type=csv&maxFields=10000&detectTypes=yes&xField=longitude&yField=latitude&crs=EPSG:4326&spatialIndex=no&subsetIndex=no&watchFile=no
"3607",Erythranthe microphylla,Erythranthe,microphylla,,,,native,S5,,48.866956060000000,-123.341274999999996,,NA,NA,"16310367",obs_native,file:///D:/Simon/Sync/Root/GIS/Biodiversity%20Data/obs_native.csv?type=csv&maxFields=10000&detectTypes=yes&xField=longitude&yField=latitude&crs=EPSG:4326&spatialIndex=no&subsetIndex=no&watchFile=no
"3608",Erythranthe microphylla,Erythranthe,microphylla,,,,native,S5,,48.872148009999997,-123.310879000000000,,NA,NA,"22799488",obs_native,file:///D:/Simon/Sync/Root/GIS/Biodiversity%20Data/obs_native.csv?type=csv&maxFields=10000&detectTypes=yes&xField=longitude&yField=latitude&crs=EPSG:4326&spatialIndex=no&subsetIndex=no&watchFile=no
"3609",Erythranthe microphylla,Erythranthe,microphylla,,,,native,S5,,48.913471469999998,-123.386598899999996,,NA,NA,"24653188",obs_native,file:///D:/Simon/Sync/Root/GIS/Biodiversity%20Data/obs_native.csv?type=csv&maxFields=10000&detectTypes=yes&xField=longitude&yField=latitude&crs=EPSG:4326&spatialIndex=no&subsetIndex=no&watchFile=no
"3610",Erythranthe microphylla,Erythranthe,microphylla,,,,native,S5,,48.871824230000001,-123.310568000000004,,NA,NA,"24689135",obs_native,file:///D:/Simon/Sync/Root/GIS/Biodiversity%20Data/obs_native.csv?type=csv&maxFields=10000&detectTypes=yes&xField=longitude&yField=latitude&crs=EPSG:4326&spatialIndex=no&subsetIndex=no&watchFile=no
"3611",Erythranthe microphylla,Erythranthe,microphylla,,,,native,S5,,48.872518059999997,-123.310736800000001,,NA,NA,"24714998",obs_native,file:///D:/Simon/Sync/Root/GIS/Biodiversity%20Data/obs_native.csv?type=csv&maxFields=10000&detectTypes=yes&xField=longitude&yField=latitude&crs=EPSG:4326&spatialIndex=no&subsetIndex=no&watchFile=no
"3612",Erythranthe microphylla,Erythranthe,microphylla,,,,native,S5,,48.861321150000002,-123.367755900000006,,NA,NA,"24768063",obs_native,file:///D:/Simon/Sync/Root/GIS/Biodiversity%20Data/obs_native.csv?type=csv&maxFields=10000&detectTypes=yes&xField=longitude&yField=latitude&crs=EPSG:4326&spatialIndex=no&subsetIndex=no&watchFile=no
"3613",Erythranthe microphylla,Erythranthe,microphylla,,,,native,S5,,48.861791699999998,-123.370230599999999,,NA,NA,"24768077",obs_native,file:///D:/Simon/Sync/Root/GIS/Biodiversity%20Data/obs_native.csv?type=csv&maxFields=10000&detectTypes=yes&xField=longitude&yField=latitude&crs=EPSG:4326&spatialIndex=no&subsetIndex=no&watchFile=no
"3614",Erythranthe microphylla,Erythranthe,microphylla,,,,native,S5,,48.872413330000001,-123.310770000000005,,NA,NA,"32125275",obs_native,file:///D:/Simon/Sync/Root/GIS/Biodiversity%20Data/obs_native.csv?type=csv&maxFields=10000&detectTypes=yes&xField=longitude&yField=latitude&crs=EPSG:4326&spatialIndex=no&subsetIndex=no&watchFile=no
"3615",Erythranthe microphylla,Erythranthe,microphylla,,,,native,S5,,48.914133329999999,-123.387079999999997,,NA,NA,"42682003",obs_native,file:///D:/Simon/Sync/Root/GIS/Biodiversity%20Data/obs_native.csv?type=csv&maxFields=10000&detectTypes=yes&xField=longitude&yField=latitude&crs=EPSG:4326&spatialIndex=no&subsetIndex=no&watchFile=no
"3616",Erythranthe microphylla,Erythranthe,microphylla,,,,native,S5,,48.866144700000000,-123.349440400000006,,NA,NA,"43553114",obs_native,file:///D:/Simon/Sync/Root/GIS/Biodiversity%20Data/obs_native.csv?type=csv&maxFields=10000&detectTypes=yes&xField=longitude&yField=latitude&crs=EPSG:4326&spatialIndex=no&subsetIndex=no&watchFile=no
"3617",Erythranthe microphylla,Erythranthe,microphylla,,,,native,S5,,48.905538329999999,-123.350371699999997,,NA,NA,"82513151",obs_native,file:///D:/Simon/Sync/Root/GIS/Biodiversity%20Data/obs_native.csv?type=csv&maxFields=10000&detectTypes=yes&xField=longitude&yField=latitude&crs=EPSG:4326&spatialIndex=no&subsetIndex=no&watchFile=no
"3618",Erythranthe microphylla,Erythranthe,microphylla,,,,native,S5,,48.909944439999997,-123.373444399999997,,NA,NA,"114482275",obs_native,file:///D:/Simon/Sync/Root/GIS/Biodiversity%20Data/obs_native.csv?type=csv&maxFields=10000&detectTypes=yes&xField=longitude&yField=latitude&crs=EPSG:4326&spatialIndex=no&subsetIndex=no&watchFile=no
"3619",Erythranthe microphylla,Erythranthe,microphylla,,,,native,S5,,49.012135000000001,-123.574618299999997,,NA,NA,"123934483",obs_native,file:///D:/Simon/Sync/Root/GIS/Biodiversity%20Data/obs_native.csv?type=csv&maxFields=10000&detectTypes=yes&xField=longitude&yField=latitude&crs=EPSG:4326&spatialIndex=no&subsetIndex=no&watchFile=no
"3620",Erythranthe moschata,Erythranthe,moschata,,,,native,S5,,48.932847000000002,-123.483024000000000,,NA,NA,"2563623",obs_native,file:///D:/Simon/Sync/Root/GIS/Biodiversity%20Data/obs_native.csv?type=csv&maxFields=10000&detectTypes=yes&xField=longitude&yField=latitude&crs=EPSG:4326&spatialIndex=no&subsetIndex=no&watchFile=no
"3621",Erythranthe moschata,Erythranthe,moschata,,,,native,S5,,48.897350000000003,-123.341216700000004,,NA,NA,"3673726",obs_native,file:///D:/Simon/Sync/Root/GIS/Biodiversity%20Data/obs_native.csv?type=csv&maxFields=10000&detectTypes=yes&xField=longitude&yField=latitude&crs=EPSG:4326&spatialIndex=no&subsetIndex=no&watchFile=no
"3622",Erythranthe moschata,Erythranthe,moschata,,,,native,S5,,48.982424999999999,-123.554907000000000,,NA,NA,"6670223",obs_native,file:///D:/Simon/Sync/Root/GIS/Biodiversity%20Data/obs_native.csv?type=csv&maxFields=10000&detectTypes=yes&xField=longitude&yField=latitude&crs=EPSG:4326&spatialIndex=no&subsetIndex=no&watchFile=no
"3623",Erythranthe moschata,Erythranthe,moschata,,,,native,S5,,48.896970000000003,-123.341483299999993,,NA,NA,"7310278",obs_native,file:///D:/Simon/Sync/Root/GIS/Biodiversity%20Data/obs_native.csv?type=csv&maxFields=10000&detectTypes=yes&xField=longitude&yField=latitude&crs=EPSG:4326&spatialIndex=no&subsetIndex=no&watchFile=no
"3624",Erythranthe moschata,Erythranthe,moschata,,,,native,S5,,48.895983330000000,-123.349546700000005,,NA,NA,"13632350",obs_native,file:///D:/Simon/Sync/Root/GIS/Biodiversity%20Data/obs_native.csv?type=csv&maxFields=10000&detectTypes=yes&xField=longitude&yField=latitude&crs=EPSG:4326&spatialIndex=no&subsetIndex=no&watchFile=no
"3625",Erythranthe moschata,Erythranthe,moschata,,,,native,S5,,48.985848189999999,-123.559930100000003,,NA,NA,"15335888",obs_native,file:///D:/Simon/Sync/Root/GIS/Biodiversity%20Data/obs_native.csv?type=csv&maxFields=10000&detectTypes=yes&xField=longitude&yField=latitude&crs=EPSG:4326&spatialIndex=no&subsetIndex=no&watchFile=no
"3626",Erythranthe moschata,Erythranthe,moschata,,,,native,S5,,48.929005560000000,-123.469475000000003,,NA,NA,"15854526",obs_native,file:///D:/Simon/Sync/Root/GIS/Biodiversity%20Data/obs_native.csv?type=csv&maxFields=10000&detectTypes=yes&xField=longitude&yField=latitude&crs=EPSG:4326&spatialIndex=no&subsetIndex=no&watchFile=no
"3627",Erythranthe moschata,Erythranthe,moschata,,,,native,S5,,48.929966669999999,-123.469146699999996,,NA,NA,"15936889",obs_native,file:///D:/Simon/Sync/Root/GIS/Biodiversity%20Data/obs_native.csv?type=csv&maxFields=10000&detectTypes=yes&xField=longitude&yField=latitude&crs=EPSG:4326&spatialIndex=no&subsetIndex=no&watchFile=no
"3628",Erythranthe moschata,Erythranthe,moschata,,,,native,S5,,48.897216669999999,-123.341269999999994,,NA,NA,"27289949",obs_native,file:///D:/Simon/Sync/Root/GIS/Biodiversity%20Data/obs_native.csv?type=csv&maxFields=10000&detectTypes=yes&xField=longitude&yField=latitude&crs=EPSG:4326&spatialIndex=no&subsetIndex=no&watchFile=no
"3629",Erythranthe moschata,Erythranthe,moschata,,,,native,S5,,48.984078330000003,-123.556809999999999,,NA,NA,"89513142",obs_native,file:///D:/Simon/Sync/Root/GIS/Biodiversity%20Data/obs_native.csv?type=csv&maxFields=10000&detectTypes=yes&xField=longitude&yField=latitude&crs=EPSG:4326&spatialIndex=no&subsetIndex=no&watchFile=no
"3630",Erythranthe moschata,Erythranthe,moschata,,,,native,S5,,48.929250000000003,-123.469702799999993,,NA,NA,"122335775",obs_native,file:///D:/Simon/Sync/Root/GIS/Biodiversity%20Data/obs_native.csv?type=csv&maxFields=10000&detectTypes=yes&xField=longitude&yField=latitude&crs=EPSG:4326&spatialIndex=no&subsetIndex=no&watchFile=no
"3631",Erythranthe nasuta,Erythranthe,nasuta,,,,native,S4S5,,48.867880999999997,-123.340723999999994,,NA,NA,"5450371",obs_native,file:///D:/Simon/Sync/Root/GIS/Biodiversity%20Data/obs_native.csv?type=csv&maxFields=10000&detectTypes=yes&xField=longitude&yField=latitude&crs=EPSG:4326&spatialIndex=no&subsetIndex=no&watchFile=no
"3632",Erythranthe nasuta,Erythranthe,nasuta,,,,native,S4S5,,48.868785000000003,-123.378710999999996,,NA,NA,"5473088",obs_native,file:///D:/Simon/Sync/Root/GIS/Biodiversity%20Data/obs_native.csv?type=csv&maxFields=10000&detectTypes=yes&xField=longitude&yField=latitude&crs=EPSG:4326&spatialIndex=no&subsetIndex=no&watchFile=no
"3633",Erythranthe nasuta,Erythranthe,nasuta,,,,native,S4S5,,48.904561620000003,-123.413457899999997,,NA,NA,"6047536",obs_native,file:///D:/Simon/Sync/Root/GIS/Biodiversity%20Data/obs_native.csv?type=csv&maxFields=10000&detectTypes=yes&xField=longitude&yField=latitude&crs=EPSG:4326&spatialIndex=no&subsetIndex=no&watchFile=no
"3634",Erythranthe nasuta,Erythranthe,nasuta,,,,native,S4S5,,48.927067260000001,-123.466544200000001,,NA,NA,"6217232",obs_native,file:///D:/Simon/Sync/Root/GIS/Biodiversity%20Data/obs_native.csv?type=csv&maxFields=10000&detectTypes=yes&xField=longitude&yField=latitude&crs=EPSG:4326&spatialIndex=no&subsetIndex=no&watchFile=no
"3635",Erythranthe nasuta,Erythranthe,nasuta,,,,native,S4S5,,48.926869879999998,-123.466587099999998,,NA,NA,"6218079",obs_native,file:///D:/Simon/Sync/Root/GIS/Biodiversity%20Data/obs_native.csv?type=csv&maxFields=10000&detectTypes=yes&xField=longitude&yField=latitude&crs=EPSG:4326&spatialIndex=no&subsetIndex=no&watchFile=no
"3636",Erythranthe nasuta,Erythranthe,nasuta,,,,native,S4S5,,48.900696850000003,-123.336124400000003,,NA,NA,"6425231",obs_native,file:///D:/Simon/Sync/Root/GIS/Biodiversity%20Data/obs_native.csv?type=csv&maxFields=10000&detectTypes=yes&xField=longitude&yField=latitude&crs=EPSG:4326&spatialIndex=no&subsetIndex=no&watchFile=no
"3637",Erythranthe nasuta,Erythranthe,nasuta,,,,native,S4S5,,48.866695000000000,-123.375888000000003,,NA,NA,"12287333",obs_native,file:///D:/Simon/Sync/Root/GIS/Biodiversity%20Data/obs_native.csv?type=csv&maxFields=10000&detectTypes=yes&xField=longitude&yField=latitude&crs=EPSG:4326&spatialIndex=no&subsetIndex=no&watchFile=no
"3638",Erythranthe nasuta,Erythranthe,nasuta,,,,native,S4S5,,48.957312940000001,-123.530222499999994,,NA,NA,"16344826",obs_native,file:///D:/Simon/Sync/Root/GIS/Biodiversity%20Data/obs_native.csv?type=csv&maxFields=10000&detectTypes=yes&xField=longitude&yField=latitude&crs=EPSG:4326&spatialIndex=no&subsetIndex=no&watchFile=no
"3639",Erythranthe nasuta,Erythranthe,nasuta,,,,native,S4S5,,48.938804630000000,-123.501046599999995,,NA,NA,"23552945",obs_native,file:///D:/Simon/Sync/Root/GIS/Biodiversity%20Data/obs_native.csv?type=csv&maxFields=10000&detectTypes=yes&xField=longitude&yField=latitude&crs=EPSG:4326&spatialIndex=no&subsetIndex=no&watchFile=no
"3640",Erythranthe nasuta,Erythranthe,nasuta,,,,native,S4S5,,48.859634999999997,-123.353218299999995,,NA,NA,"24768179",obs_native,file:///D:/Simon/Sync/Root/GIS/Biodiversity%20Data/obs_native.csv?type=csv&maxFields=10000&detectTypes=yes&xField=longitude&yField=latitude&crs=EPSG:4326&spatialIndex=no&subsetIndex=no&watchFile=no
"3641",Erythranthe nasuta,Erythranthe,nasuta,,,,native,S4S5,,48.865978839999997,-123.349585300000001,,NA,NA,"43553113",obs_native,file:///D:/Simon/Sync/Root/GIS/Biodiversity%20Data/obs_native.csv?type=csv&maxFields=10000&detectTypes=yes&xField=longitude&yField=latitude&crs=EPSG:4326&spatialIndex=no&subsetIndex=no&watchFile=no
"3642",Erythranthe nasuta,Erythranthe,nasuta,,,,native,S4S5,,48.865978839999997,-123.349585300000001,,NA,NA,"43553115",obs_native,file:///D:/Simon/Sync/Root/GIS/Biodiversity%20Data/obs_native.csv?type=csv&maxFields=10000&detectTypes=yes&xField=longitude&yField=latitude&crs=EPSG:4326&spatialIndex=no&subsetIndex=no&watchFile=no
"3643",Erythranthe sookensis,Erythranthe,sookensis,,,,native,S5,,48.865561669999998,-123.367988299999993,,NA,NA,"74104790",obs_native,file:///D:/Simon/Sync/Root/GIS/Biodiversity%20Data/obs_native.csv?type=csv&maxFields=10000&detectTypes=yes&xField=longitude&yField=latitude&crs=EPSG:4326&spatialIndex=no&subsetIndex=no&watchFile=no
"3644",Erythranthe sookensis,Erythranthe,sookensis,,,,native,S5,,48.868336669999998,-123.377629999999996,,NA,NA,"116636153",obs_native,file:///D:/Simon/Sync/Root/GIS/Biodiversity%20Data/obs_native.csv?type=csv&maxFields=10000&detectTypes=yes&xField=longitude&yField=latitude&crs=EPSG:4326&spatialIndex=no&subsetIndex=no&watchFile=no
"3645",Erythronium oregonum,Erythronium,oregonum,,,,native,S4,,48.871828999999998,-123.311662999999996,,NA,NA,"2569424",obs_native,file:///D:/Simon/Sync/Root/GIS/Biodiversity%20Data/obs_native.csv?type=csv&maxFields=10000&detectTypes=yes&xField=longitude&yField=latitude&crs=EPSG:4326&spatialIndex=no&subsetIndex=no&watchFile=no
"3646",Erythronium oregonum,Erythronium,oregonum,,,,native,S4,,48.913688999999998,-123.386722000000006,,NA,NA,"2583368",obs_native,file:///D:/Simon/Sync/Root/GIS/Biodiversity%20Data/obs_native.csv?type=csv&maxFields=10000&detectTypes=yes&xField=longitude&yField=latitude&crs=EPSG:4326&spatialIndex=no&subsetIndex=no&watchFile=no
"3647",Erythronium oregonum,Erythronium,oregonum,,,,native,S4,,48.871963999999998,-123.311062000000007,,NA,NA,"2744841",obs_native,file:///D:/Simon/Sync/Root/GIS/Biodiversity%20Data/obs_native.csv?type=csv&maxFields=10000&detectTypes=yes&xField=longitude&yField=latitude&crs=EPSG:4326&spatialIndex=no&subsetIndex=no&watchFile=no
"3648",Erythronium oregonum,Erythronium,oregonum,,,,native,S4,,48.871943999999999,-123.311813000000001,,NA,NA,"2767759",obs_native,file:///D:/Simon/Sync/Root/GIS/Biodiversity%20Data/obs_native.csv?type=csv&maxFields=10000&detectTypes=yes&xField=longitude&yField=latitude&crs=EPSG:4326&spatialIndex=no&subsetIndex=no&watchFile=no
"3649",Erythronium oregonum,Erythronium,oregonum,,,,native,S4,,48.872348000000002,-123.312434999999994,,NA,NA,"2800352",obs_native,file:///D:/Simon/Sync/Root/GIS/Biodiversity%20Data/obs_native.csv?type=csv&maxFields=10000&detectTypes=yes&xField=longitude&yField=latitude&crs=EPSG:4326&spatialIndex=no&subsetIndex=no&watchFile=no
"3650",Erythronium oregonum,Erythronium,oregonum,,,,native,S4,,48.908987359999998,-123.376591899999994,,NA,NA,"2860900",obs_native,file:///D:/Simon/Sync/Root/GIS/Biodiversity%20Data/obs_native.csv?type=csv&maxFields=10000&detectTypes=yes&xField=longitude&yField=latitude&crs=EPSG:4326&spatialIndex=no&subsetIndex=no&watchFile=no
"3651",Erythronium oregonum,Erythronium,oregonum,,,,native,S4,,48.868282999999998,-123.342605000000006,,NA,NA,"2889914",obs_native,file:///D:/Simon/Sync/Root/GIS/Biodiversity%20Data/obs_native.csv?type=csv&maxFields=10000&detectTypes=yes&xField=longitude&yField=latitude&crs=EPSG:4326&spatialIndex=no&subsetIndex=no&watchFile=no
"3652",Erythronium oregonum,Erythronium,oregonum,,,,native,S4,,48.928196999999997,-123.446166000000005,,NA,NA,"2915051",obs_native,file:///D:/Simon/Sync/Root/GIS/Biodiversity%20Data/obs_native.csv?type=csv&maxFields=10000&detectTypes=yes&xField=longitude&yField=latitude&crs=EPSG:4326&spatialIndex=no&subsetIndex=no&watchFile=no
"3653",Erythronium oregonum,Erythronium,oregonum,,,,native,S4,,48.861834999999999,-123.351059000000006,,NA,NA,"5635188",obs_native,file:///D:/Simon/Sync/Root/GIS/Biodiversity%20Data/obs_native.csv?type=csv&maxFields=10000&detectTypes=yes&xField=longitude&yField=latitude&crs=EPSG:4326&spatialIndex=no&subsetIndex=no&watchFile=no
"3654",Erythronium oregonum,Erythronium,oregonum,,,,native,S4,,48.887905009999997,-123.335807900000006,,NA,NA,"5973536",obs_native,file:///D:/Simon/Sync/Root/GIS/Biodiversity%20Data/obs_native.csv?type=csv&maxFields=10000&detectTypes=yes&xField=longitude&yField=latitude&crs=EPSG:4326&spatialIndex=no&subsetIndex=no&watchFile=no
"3655",Erythronium oregonum,Erythronium,oregonum,,,,native,S4,,48.872562469999998,-123.365478499999995,,NA,NA,"6216776",obs_native,file:///D:/Simon/Sync/Root/GIS/Biodiversity%20Data/obs_native.csv?type=csv&maxFields=10000&detectTypes=yes&xField=longitude&yField=latitude&crs=EPSG:4326&spatialIndex=no&subsetIndex=no&watchFile=no
"3656",Erythronium oregonum,Erythronium,oregonum,,,,native,S4,,48.901550700000001,-123.445180300000004,,NA,NA,"6410636",obs_native,file:///D:/Simon/Sync/Root/GIS/Biodiversity%20Data/obs_native.csv?type=csv&maxFields=10000&detectTypes=yes&xField=longitude&yField=latitude&crs=EPSG:4326&spatialIndex=no&subsetIndex=no&watchFile=no
"3657",Erythronium oregonum,Erythronium,oregonum,,,,native,S4,,48.861014509999997,-123.353367199999994,,NA,NA,"10250589",obs_native,file:///D:/Simon/Sync/Root/GIS/Biodiversity%20Data/obs_native.csv?type=csv&maxFields=10000&detectTypes=yes&xField=longitude&yField=latitude&crs=EPSG:4326&spatialIndex=no&subsetIndex=no&watchFile=no
"3658",Erythronium oregonum,Erythronium,oregonum,,,,native,S4,,48.872103129999999,-123.311690600000006,,NA,NA,"10250635",obs_native,file:///D:/Simon/Sync/Root/GIS/Biodiversity%20Data/obs_native.csv?type=csv&maxFields=10000&detectTypes=yes&xField=longitude&yField=latitude&crs=EPSG:4326&spatialIndex=no&subsetIndex=no&watchFile=no
"3659",Erythronium oregonum,Erythronium,oregonum,,,,native,S4,,48.872025000000001,-123.311486700000003,,NA,NA,"10332668",obs_native,file:///D:/Simon/Sync/Root/GIS/Biodiversity%20Data/obs_native.csv?type=csv&maxFields=10000&detectTypes=yes&xField=longitude&yField=latitude&crs=EPSG:4326&spatialIndex=no&subsetIndex=no&watchFile=no
"3660",Erythronium oregonum,Erythronium,oregonum,,,,native,S4,,48.862490999999999,-123.373542999999998,,NA,NA,"10405920",obs_native,file:///D:/Simon/Sync/Root/GIS/Biodiversity%20Data/obs_native.csv?type=csv&maxFields=10000&detectTypes=yes&xField=longitude&yField=latitude&crs=EPSG:4326&spatialIndex=no&subsetIndex=no&watchFile=no
"3661",Erythronium oregonum,Erythronium,oregonum,,,,native,S4,,48.871772219999997,-123.311133299999995,,NA,NA,"10713038",obs_native,file:///D:/Simon/Sync/Root/GIS/Biodiversity%20Data/obs_native.csv?type=csv&maxFields=10000&detectTypes=yes&xField=longitude&yField=latitude&crs=EPSG:4326&spatialIndex=no&subsetIndex=no&watchFile=no
"3662",Erythronium oregonum,Erythronium,oregonum,,,,native,S4,,48.917009000000000,-123.395208999999994,,NA,NA,"11251832",obs_native,file:///D:/Simon/Sync/Root/GIS/Biodiversity%20Data/obs_native.csv?type=csv&maxFields=10000&detectTypes=yes&xField=longitude&yField=latitude&crs=EPSG:4326&spatialIndex=no&subsetIndex=no&watchFile=no
"3663",Erythronium oregonum,Erythronium,oregonum,,,,native,S4,,48.885024999999999,-123.322205600000004,,NA,NA,"11393823",obs_native,file:///D:/Simon/Sync/Root/GIS/Biodiversity%20Data/obs_native.csv?type=csv&maxFields=10000&detectTypes=yes&xField=longitude&yField=latitude&crs=EPSG:4326&spatialIndex=no&subsetIndex=no&watchFile=no
"3664",Erythronium oregonum,Erythronium,oregonum,,,,native,S4,,48.885011110000001,-123.322027800000001,,NA,NA,"11393824",obs_native,file:///D:/Simon/Sync/Root/GIS/Biodiversity%20Data/obs_native.csv?type=csv&maxFields=10000&detectTypes=yes&xField=longitude&yField=latitude&crs=EPSG:4326&spatialIndex=no&subsetIndex=no&watchFile=no
"3665",Erythronium oregonum,Erythronium,oregonum,,,,native,S4,,48.885027780000001,-123.322022200000006,,NA,NA,"11393825",obs_native,file:///D:/Simon/Sync/Root/GIS/Biodiversity%20Data/obs_native.csv?type=csv&maxFields=10000&detectTypes=yes&xField=longitude&yField=latitude&crs=EPSG:4326&spatialIndex=no&subsetIndex=no&watchFile=no
"3666",Erythronium oregonum,Erythronium,oregonum,,,,native,S4,,48.884741669999997,-123.322516699999994,,NA,NA,"11393827",obs_native,file:///D:/Simon/Sync/Root/GIS/Biodiversity%20Data/obs_native.csv?type=csv&maxFields=10000&detectTypes=yes&xField=longitude&yField=latitude&crs=EPSG:4326&spatialIndex=no&subsetIndex=no&watchFile=no
"3667",Erythronium oregonum,Erythronium,oregonum,,,,native,S4,,48.884830559999997,-123.322258300000001,,NA,NA,"11393828",obs_native,file:///D:/Simon/Sync/Root/GIS/Biodiversity%20Data/obs_native.csv?type=csv&maxFields=10000&detectTypes=yes&xField=longitude&yField=latitude&crs=EPSG:4326&spatialIndex=no&subsetIndex=no&watchFile=no
"3668",Erythronium oregonum,Erythronium,oregonum,,,,native,S4,,48.884741669999997,-123.322516699999994,,NA,NA,"11393829",obs_native,file:///D:/Simon/Sync/Root/GIS/Biodiversity%20Data/obs_native.csv?type=csv&maxFields=10000&detectTypes=yes&xField=longitude&yField=latitude&crs=EPSG:4326&spatialIndex=no&subsetIndex=no&watchFile=no
"3669",Erythronium oregonum,Erythronium,oregonum,,,,native,S4,,48.918021670000002,-123.397994999999995,,NA,NA,"11577820",obs_native,file:///D:/Simon/Sync/Root/GIS/Biodiversity%20Data/obs_native.csv?type=csv&maxFields=10000&detectTypes=yes&xField=longitude&yField=latitude&crs=EPSG:4326&spatialIndex=no&subsetIndex=no&watchFile=no
"3670",Erythronium oregonum,Erythronium,oregonum,,,,native,S4,,48.957312940000001,-123.530222499999994,,NA,NA,"16344825",obs_native,file:///D:/Simon/Sync/Root/GIS/Biodiversity%20Data/obs_native.csv?type=csv&maxFields=10000&detectTypes=yes&xField=longitude&yField=latitude&crs=EPSG:4326&spatialIndex=no&subsetIndex=no&watchFile=no
"3671",Erythronium oregonum,Erythronium,oregonum,,,,native,S4,,48.940242789999999,-123.502835399999995,,NA,NA,"18417811",obs_native,file:///D:/Simon/Sync/Root/GIS/Biodiversity%20Data/obs_native.csv?type=csv&maxFields=10000&detectTypes=yes&xField=longitude&yField=latitude&crs=EPSG:4326&spatialIndex=no&subsetIndex=no&watchFile=no
"3672",Erythronium oregonum,Erythronium,oregonum,,,,native,S4,,48.871914789999998,-123.311218299999993,,NA,NA,"21817829",obs_native,file:///D:/Simon/Sync/Root/GIS/Biodiversity%20Data/obs_native.csv?type=csv&maxFields=10000&detectTypes=yes&xField=longitude&yField=latitude&crs=EPSG:4326&spatialIndex=no&subsetIndex=no&watchFile=no
"3673",Erythronium oregonum,Erythronium,oregonum,,,,native,S4,,48.872031999999997,-123.311815999999993,,NA,NA,"21927644",obs_native,file:///D:/Simon/Sync/Root/GIS/Biodiversity%20Data/obs_native.csv?type=csv&maxFields=10000&detectTypes=yes&xField=longitude&yField=latitude&crs=EPSG:4326&spatialIndex=no&subsetIndex=no&watchFile=no
"3674",Erythronium oregonum,Erythronium,oregonum,,,,native,S4,,49.009557460000003,-123.586393500000000,,NA,NA,"22313295",obs_native,file:///D:/Simon/Sync/Root/GIS/Biodiversity%20Data/obs_native.csv?type=csv&maxFields=10000&detectTypes=yes&xField=longitude&yField=latitude&crs=EPSG:4326&spatialIndex=no&subsetIndex=no&watchFile=no
"3675",Erythronium oregonum,Erythronium,oregonum,,,,native,S4,,48.929391529999997,-123.475366899999997,,NA,NA,"22446312",obs_native,file:///D:/Simon/Sync/Root/GIS/Biodiversity%20Data/obs_native.csv?type=csv&maxFields=10000&detectTypes=yes&xField=longitude&yField=latitude&crs=EPSG:4326&spatialIndex=no&subsetIndex=no&watchFile=no
"3676",Erythronium oregonum,Erythronium,oregonum,,,,native,S4,,48.884820789999999,-123.321886300000003,,NA,NA,"22642727",obs_native,file:///D:/Simon/Sync/Root/GIS/Biodiversity%20Data/obs_native.csv?type=csv&maxFields=10000&detectTypes=yes&xField=longitude&yField=latitude&crs=EPSG:4326&spatialIndex=no&subsetIndex=no&watchFile=no
"3677",Erythronium oregonum,Erythronium,oregonum,,,,native,S4,,49.014000000000003,-123.573586700000007,,NA,NA,"22659451",obs_native,file:///D:/Simon/Sync/Root/GIS/Biodiversity%20Data/obs_native.csv?type=csv&maxFields=10000&detectTypes=yes&xField=longitude&yField=latitude&crs=EPSG:4326&spatialIndex=no&subsetIndex=no&watchFile=no
"3678",Erythronium oregonum,Erythronium,oregonum,,,,native,S4,,48.917410689999997,-123.396402899999998,,NA,NA,"22774582",obs_native,file:///D:/Simon/Sync/Root/GIS/Biodiversity%20Data/obs_native.csv?type=csv&maxFields=10000&detectTypes=yes&xField=longitude&yField=latitude&crs=EPSG:4326&spatialIndex=no&subsetIndex=no&watchFile=no
"3679",Erythronium oregonum,Erythronium,oregonum,,,,native,S4,,48.865445000000001,-123.350228299999998,,NA,NA,"24093191",obs_native,file:///D:/Simon/Sync/Root/GIS/Biodiversity%20Data/obs_native.csv?type=csv&maxFields=10000&detectTypes=yes&xField=longitude&yField=latitude&crs=EPSG:4326&spatialIndex=no&subsetIndex=no&watchFile=no
"3680",Erythronium oregonum,Erythronium,oregonum,,,,native,S4,,48.872241670000001,-123.312295000000006,,NA,NA,"24639920",obs_native,file:///D:/Simon/Sync/Root/GIS/Biodiversity%20Data/obs_native.csv?type=csv&maxFields=10000&detectTypes=yes&xField=longitude&yField=latitude&crs=EPSG:4326&spatialIndex=no&subsetIndex=no&watchFile=no
"3681",Erythronium oregonum,Erythronium,oregonum,,,,native,S4,,48.871966669999999,-123.311988299999996,,NA,NA,"24640043",obs_native,file:///D:/Simon/Sync/Root/GIS/Biodiversity%20Data/obs_native.csv?type=csv&maxFields=10000&detectTypes=yes&xField=longitude&yField=latitude&crs=EPSG:4326&spatialIndex=no&subsetIndex=no&watchFile=no
"3682",Erythronium oregonum,Erythronium,oregonum,,,,native,S4,,48.895069440000000,-123.404519399999998,,NA,NA,"24701276",obs_native,file:///D:/Simon/Sync/Root/GIS/Biodiversity%20Data/obs_native.csv?type=csv&maxFields=10000&detectTypes=yes&xField=longitude&yField=latitude&crs=EPSG:4326&spatialIndex=no&subsetIndex=no&watchFile=no
"3683",Erythronium oregonum,Erythronium,oregonum,,,,native,S4,,48.872207590000002,-123.311869400000006,,NA,NA,"24710871",obs_native,file:///D:/Simon/Sync/Root/GIS/Biodiversity%20Data/obs_native.csv?type=csv&maxFields=10000&detectTypes=yes&xField=longitude&yField=latitude&crs=EPSG:4326&spatialIndex=no&subsetIndex=no&watchFile=no
"3684",Erythronium oregonum,Erythronium,oregonum,,,,native,S4,,48.872164840000003,-123.311965299999997,,NA,NA,"24712504",obs_native,file:///D:/Simon/Sync/Root/GIS/Biodiversity%20Data/obs_native.csv?type=csv&maxFields=10000&detectTypes=yes&xField=longitude&yField=latitude&crs=EPSG:4326&spatialIndex=no&subsetIndex=no&watchFile=no
"3685",Erythronium oregonum,Erythronium,oregonum,,,,native,S4,,49.013559229999998,-123.573290099999994,,NA,NA,"24714328",obs_native,file:///D:/Simon/Sync/Root/GIS/Biodiversity%20Data/obs_native.csv?type=csv&maxFields=10000&detectTypes=yes&xField=longitude&yField=latitude&crs=EPSG:4326&spatialIndex=no&subsetIndex=no&watchFile=no
"3686",Erythronium oregonum,Erythronium,oregonum,,,,native,S4,,48.871924999999997,-123.312308299999998,,NA,NA,"24806545",obs_native,file:///D:/Simon/Sync/Root/GIS/Biodiversity%20Data/obs_native.csv?type=csv&maxFields=10000&detectTypes=yes&xField=longitude&yField=latitude&crs=EPSG:4326&spatialIndex=no&subsetIndex=no&watchFile=no
"3687",Erythronium oregonum,Erythronium,oregonum,,,,native,S4,,48.871922220000002,-123.312255600000000,,NA,NA,"24824180",obs_native,file:///D:/Simon/Sync/Root/GIS/Biodiversity%20Data/obs_native.csv?type=csv&maxFields=10000&detectTypes=yes&xField=longitude&yField=latitude&crs=EPSG:4326&spatialIndex=no&subsetIndex=no&watchFile=no
"3688",Erythronium oregonum,Erythronium,oregonum,,,,native,S4,,48.872256120000003,-123.312614499999995,,NA,NA,"25199600",obs_native,file:///D:/Simon/Sync/Root/GIS/Biodiversity%20Data/obs_native.csv?type=csv&maxFields=10000&detectTypes=yes&xField=longitude&yField=latitude&crs=EPSG:4326&spatialIndex=no&subsetIndex=no&watchFile=no
"3689",Erythronium oregonum,Erythronium,oregonum,,,,native,S4,,48.894961109999997,-123.404638899999995,,NA,NA,"25655201",obs_native,file:///D:/Simon/Sync/Root/GIS/Biodiversity%20Data/obs_native.csv?type=csv&maxFields=10000&detectTypes=yes&xField=longitude&yField=latitude&crs=EPSG:4326&spatialIndex=no&subsetIndex=no&watchFile=no
"3690",Erythronium oregonum,Erythronium,oregonum,,,,native,S4,,49.013241669999999,-123.573004999999995,,NA,NA,"40446105",obs_native,file:///D:/Simon/Sync/Root/GIS/Biodiversity%20Data/obs_native.csv?type=csv&maxFields=10000&detectTypes=yes&xField=longitude&yField=latitude&crs=EPSG:4326&spatialIndex=no&subsetIndex=no&watchFile=no
"3691",Erythronium oregonum,Erythronium,oregonum,,,,native,S4,,48.868825219999998,-123.345922400000006,,NA,NA,"40460171",obs_native,file:///D:/Simon/Sync/Root/GIS/Biodiversity%20Data/obs_native.csv?type=csv&maxFields=10000&detectTypes=yes&xField=longitude&yField=latitude&crs=EPSG:4326&spatialIndex=no&subsetIndex=no&watchFile=no
"3692",Erythronium oregonum,Erythronium,oregonum,,,,native,S4,,48.871780000000001,-123.311049999999994,,NA,NA,"40535637",obs_native,file:///D:/Simon/Sync/Root/GIS/Biodiversity%20Data/obs_native.csv?type=csv&maxFields=10000&detectTypes=yes&xField=longitude&yField=latitude&crs=EPSG:4326&spatialIndex=no&subsetIndex=no&watchFile=no
"3693",Erythronium oregonum,Erythronium,oregonum,,,,native,S4,,48.869675579999999,-123.348663400000007,,NA,NA,"40826720",obs_native,file:///D:/Simon/Sync/Root/GIS/Biodiversity%20Data/obs_native.csv?type=csv&maxFields=10000&detectTypes=yes&xField=longitude&yField=latitude&crs=EPSG:4326&spatialIndex=no&subsetIndex=no&watchFile=no
"3694",Erythronium oregonum,Erythronium,oregonum,,,,native,S4,,48.870773329999999,-123.348939999999999,,NA,NA,"42363893",obs_native,file:///D:/Simon/Sync/Root/GIS/Biodiversity%20Data/obs_native.csv?type=csv&maxFields=10000&detectTypes=yes&xField=longitude&yField=latitude&crs=EPSG:4326&spatialIndex=no&subsetIndex=no&watchFile=no
"3695",Erythronium oregonum,Erythronium,oregonum,,,,native,S4,,48.914671460000001,-123.389299199999996,,NA,NA,"42682035",obs_native,file:///D:/Simon/Sync/Root/GIS/Biodiversity%20Data/obs_native.csv?type=csv&maxFields=10000&detectTypes=yes&xField=longitude&yField=latitude&crs=EPSG:4326&spatialIndex=no&subsetIndex=no&watchFile=no
"3696",Erythronium oregonum,Erythronium,oregonum,,,,native,S4,,48.908926670000000,-123.367220000000003,,NA,NA,"44950128",obs_native,file:///D:/Simon/Sync/Root/GIS/Biodiversity%20Data/obs_native.csv?type=csv&maxFields=10000&detectTypes=yes&xField=longitude&yField=latitude&crs=EPSG:4326&spatialIndex=no&subsetIndex=no&watchFile=no
"3697",Erythronium oregonum,Erythronium,oregonum,,,,native,S4,,48.871963890000004,-123.310836100000003,,NA,NA,"47709129",obs_native,file:///D:/Simon/Sync/Root/GIS/Biodiversity%20Data/obs_native.csv?type=csv&maxFields=10000&detectTypes=yes&xField=longitude&yField=latitude&crs=EPSG:4326&spatialIndex=no&subsetIndex=no&watchFile=no
"3698",Erythronium oregonum,Erythronium,oregonum,,,,native,S4,,48.872140999999999,-123.311537999999999,,NA,NA,"71390872",obs_native,file:///D:/Simon/Sync/Root/GIS/Biodiversity%20Data/obs_native.csv?type=csv&maxFields=10000&detectTypes=yes&xField=longitude&yField=latitude&crs=EPSG:4326&spatialIndex=no&subsetIndex=no&watchFile=no
"3699",Erythronium oregonum,Erythronium,oregonum,,,,native,S4,,49.013580550000000,-123.573561699999999,,NA,NA,"72055137",obs_native,file:///D:/Simon/Sync/Root/GIS/Biodiversity%20Data/obs_native.csv?type=csv&maxFields=10000&detectTypes=yes&xField=longitude&yField=latitude&crs=EPSG:4326&spatialIndex=no&subsetIndex=no&watchFile=no
"3700",Erythronium oregonum,Erythronium,oregonum,,,,native,S4,,49.014070369999999,-123.573634499999997,,NA,NA,"72229849",obs_native,file:///D:/Simon/Sync/Root/GIS/Biodiversity%20Data/obs_native.csv?type=csv&maxFields=10000&detectTypes=yes&xField=longitude&yField=latitude&crs=EPSG:4326&spatialIndex=no&subsetIndex=no&watchFile=no
"3701",Erythronium oregonum,Erythronium,oregonum,,,,native,S4,,48.916608750000002,-123.394696900000000,,NA,NA,"72842938",obs_native,file:///D:/Simon/Sync/Root/GIS/Biodiversity%20Data/obs_native.csv?type=csv&maxFields=10000&detectTypes=yes&xField=longitude&yField=latitude&crs=EPSG:4326&spatialIndex=no&subsetIndex=no&watchFile=no
"3702",Erythronium oregonum,Erythronium,oregonum,,,,native,S4,,49.014000000000003,-123.573386700000000,,NA,NA,"73058727",obs_native,file:///D:/Simon/Sync/Root/GIS/Biodiversity%20Data/obs_native.csv?type=csv&maxFields=10000&detectTypes=yes&xField=longitude&yField=latitude&crs=EPSG:4326&spatialIndex=no&subsetIndex=no&watchFile=no
"3703",Erythronium oregonum,Erythronium,oregonum,,,,native,S4,,48.940942999999997,-123.500438000000003,,NA,NA,"73319647",obs_native,file:///D:/Simon/Sync/Root/GIS/Biodiversity%20Data/obs_native.csv?type=csv&maxFields=10000&detectTypes=yes&xField=longitude&yField=latitude&crs=EPSG:4326&spatialIndex=no&subsetIndex=no&watchFile=no
"3704",Erythronium oregonum,Erythronium,oregonum,,,,native,S4,,48.885058330000000,-123.321380000000005,,NA,NA,"74386520",obs_native,file:///D:/Simon/Sync/Root/GIS/Biodiversity%20Data/obs_native.csv?type=csv&maxFields=10000&detectTypes=yes&xField=longitude&yField=latitude&crs=EPSG:4326&spatialIndex=no&subsetIndex=no&watchFile=no
"3705",Erythronium oregonum,Erythronium,oregonum,,,,native,S4,,48.872549999999997,-123.313003300000005,,NA,NA,"74668542",obs_native,file:///D:/Simon/Sync/Root/GIS/Biodiversity%20Data/obs_native.csv?type=csv&maxFields=10000&detectTypes=yes&xField=longitude&yField=latitude&crs=EPSG:4326&spatialIndex=no&subsetIndex=no&watchFile=no
"3706",Erythronium oregonum,Erythronium,oregonum,,,,native,S4,,48.948225469999997,-123.481258100000005,,NA,NA,"74870900",obs_native,file:///D:/Simon/Sync/Root/GIS/Biodiversity%20Data/obs_native.csv?type=csv&maxFields=10000&detectTypes=yes&xField=longitude&yField=latitude&crs=EPSG:4326&spatialIndex=no&subsetIndex=no&watchFile=no
"3707",Erythronium oregonum,Erythronium,oregonum,,,,native,S4,,48.900438330000000,-123.444725000000005,,NA,NA,"107319637",obs_native,file:///D:/Simon/Sync/Root/GIS/Biodiversity%20Data/obs_native.csv?type=csv&maxFields=10000&detectTypes=yes&xField=longitude&yField=latitude&crs=EPSG:4326&spatialIndex=no&subsetIndex=no&watchFile=no
"3708",Erythronium oregonum,Erythronium,oregonum,,,,native,S4,,49.013263879999997,-123.573355000000006,,NA,NA,"107595118",obs_native,file:///D:/Simon/Sync/Root/GIS/Biodiversity%20Data/obs_native.csv?type=csv&maxFields=10000&detectTypes=yes&xField=longitude&yField=latitude&crs=EPSG:4326&spatialIndex=no&subsetIndex=no&watchFile=no
"3709",Erythronium oregonum,Erythronium,oregonum,,,,native,S4,,48.871788000000002,-123.311134999999993,,NA,NA,"109400082",obs_native,file:///D:/Simon/Sync/Root/GIS/Biodiversity%20Data/obs_native.csv?type=csv&maxFields=10000&detectTypes=yes&xField=longitude&yField=latitude&crs=EPSG:4326&spatialIndex=no&subsetIndex=no&watchFile=no
"3710",Erythronium oregonum,Erythronium,oregonum,,,,native,S4,,48.872086670000002,-123.311729999999997,,NA,NA,"109597505",obs_native,file:///D:/Simon/Sync/Root/GIS/Biodiversity%20Data/obs_native.csv?type=csv&maxFields=10000&detectTypes=yes&xField=longitude&yField=latitude&crs=EPSG:4326&spatialIndex=no&subsetIndex=no&watchFile=no
"3711",Erythronium oregonum,Erythronium,oregonum,,,,native,S4,,48.863453329999999,-123.328254999999999,,NA,NA,"109624225",obs_native,file:///D:/Simon/Sync/Root/GIS/Biodiversity%20Data/obs_native.csv?type=csv&maxFields=10000&detectTypes=yes&xField=longitude&yField=latitude&crs=EPSG:4326&spatialIndex=no&subsetIndex=no&watchFile=no
"3712",Erythronium oregonum,Erythronium,oregonum,,,,native,S4,,48.871921669999999,-123.312179999999998,,NA,NA,"109707357",obs_native,file:///D:/Simon/Sync/Root/GIS/Biodiversity%20Data/obs_native.csv?type=csv&maxFields=10000&detectTypes=yes&xField=longitude&yField=latitude&crs=EPSG:4326&spatialIndex=no&subsetIndex=no&watchFile=no
"3713",Erythronium oregonum,Erythronium,oregonum,,,,native,S4,,48.872116669999997,-123.312401699999995,,NA,NA,"109707359",obs_native,file:///D:/Simon/Sync/Root/GIS/Biodiversity%20Data/obs_native.csv?type=csv&maxFields=10000&detectTypes=yes&xField=longitude&yField=latitude&crs=EPSG:4326&spatialIndex=no&subsetIndex=no&watchFile=no
"3714",Erythronium oregonum,Erythronium,oregonum,,,,native,S4,,48.872201369999999,-123.311253600000001,,NA,NA,"109844016",obs_native,file:///D:/Simon/Sync/Root/GIS/Biodiversity%20Data/obs_native.csv?type=csv&maxFields=10000&detectTypes=yes&xField=longitude&yField=latitude&crs=EPSG:4326&spatialIndex=no&subsetIndex=no&watchFile=no
"3715",Erythronium oregonum,Erythronium,oregonum,,,,native,S4,,48.918068329999997,-123.398136699999995,,NA,NA,"110152149",obs_native,file:///D:/Simon/Sync/Root/GIS/Biodiversity%20Data/obs_native.csv?type=csv&maxFields=10000&detectTypes=yes&xField=longitude&yField=latitude&crs=EPSG:4326&spatialIndex=no&subsetIndex=no&watchFile=no
"3716",Erythronium oregonum,Erythronium,oregonum,,,,native,S4,,48.867356669999999,-123.314443299999994,,NA,NA,"110820832",obs_native,file:///D:/Simon/Sync/Root/GIS/Biodiversity%20Data/obs_native.csv?type=csv&maxFields=10000&detectTypes=yes&xField=longitude&yField=latitude&crs=EPSG:4326&spatialIndex=no&subsetIndex=no&watchFile=no
"3717",Erythronium oregonum,Erythronium,oregonum,,,,native,S4,,48.909950000000002,-123.373808299999993,,NA,NA,"111052948",obs_native,file:///D:/Simon/Sync/Root/GIS/Biodiversity%20Data/obs_native.csv?type=csv&maxFields=10000&detectTypes=yes&xField=longitude&yField=latitude&crs=EPSG:4326&spatialIndex=no&subsetIndex=no&watchFile=no
"3718",Erythronium oregonum,Erythronium,oregonum,,,,native,S4,,49.013869450000001,-123.573804999999993,,NA,NA,"111105163",obs_native,file:///D:/Simon/Sync/Root/GIS/Biodiversity%20Data/obs_native.csv?type=csv&maxFields=10000&detectTypes=yes&xField=longitude&yField=latitude&crs=EPSG:4326&spatialIndex=no&subsetIndex=no&watchFile=no
"3719",Erythronium oregonum,Erythronium,oregonum,,,,native,S4,,48.949402280000001,-123.484910999999997,,NA,NA,"111155406",obs_native,file:///D:/Simon/Sync/Root/GIS/Biodiversity%20Data/obs_native.csv?type=csv&maxFields=10000&detectTypes=yes&xField=longitude&yField=latitude&crs=EPSG:4326&spatialIndex=no&subsetIndex=no&watchFile=no
"3720",Erythronium oregonum,Erythronium,oregonum,,,,native,S4,,49.013666999999998,-123.573704000000006,,NA,NA,"111592719",obs_native,file:///D:/Simon/Sync/Root/GIS/Biodiversity%20Data/obs_native.csv?type=csv&maxFields=10000&detectTypes=yes&xField=longitude&yField=latitude&crs=EPSG:4326&spatialIndex=no&subsetIndex=no&watchFile=no
"3721",Erythronium oregonum,Erythronium,oregonum,,,,native,S4,,48.872578330000003,-123.313154999999995,,NA,NA,"111838577",obs_native,file:///D:/Simon/Sync/Root/GIS/Biodiversity%20Data/obs_native.csv?type=csv&maxFields=10000&detectTypes=yes&xField=longitude&yField=latitude&crs=EPSG:4326&spatialIndex=no&subsetIndex=no&watchFile=no
"3722",Erythronium oregonum,Erythronium,oregonum,,,,native,S4,,48.950031850000002,-123.485422900000003,,NA,NA,"112017801",obs_native,file:///D:/Simon/Sync/Root/GIS/Biodiversity%20Data/obs_native.csv?type=csv&maxFields=10000&detectTypes=yes&xField=longitude&yField=latitude&crs=EPSG:4326&spatialIndex=no&subsetIndex=no&watchFile=no
"3723",Erythronium oregonum,Erythronium,oregonum,,,,native,S4,,48.909477780000003,-123.371044400000002,,NA,NA,"114482015",obs_native,file:///D:/Simon/Sync/Root/GIS/Biodiversity%20Data/obs_native.csv?type=csv&maxFields=10000&detectTypes=yes&xField=longitude&yField=latitude&crs=EPSG:4326&spatialIndex=no&subsetIndex=no&watchFile=no
"3747",Festuca occidentalis,Festuca,occidentalis,,,,native,S5,,48.906719549999998,-123.358397499999995,,NA,NA,"5885844",obs_native,file:///D:/Simon/Sync/Root/GIS/Biodiversity%20Data/obs_native.csv?type=csv&maxFields=10000&detectTypes=yes&xField=longitude&yField=latitude&crs=EPSG:4326&spatialIndex=no&subsetIndex=no&watchFile=no
"3748",Festuca occidentalis,Festuca,occidentalis,,,,native,S5,,48.931366990000001,-123.480234100000004,,NA,NA,"6409672",obs_native,file:///D:/Simon/Sync/Root/GIS/Biodiversity%20Data/obs_native.csv?type=csv&maxFields=10000&detectTypes=yes&xField=longitude&yField=latitude&crs=EPSG:4326&spatialIndex=no&subsetIndex=no&watchFile=no
"3749",Festuca occidentalis,Festuca,occidentalis,,,,native,S5,,48.876097999999999,-123.386035000000007,,NA,NA,"6817875",obs_native,file:///D:/Simon/Sync/Root/GIS/Biodiversity%20Data/obs_native.csv?type=csv&maxFields=10000&detectTypes=yes&xField=longitude&yField=latitude&crs=EPSG:4326&spatialIndex=no&subsetIndex=no&watchFile=no
"3750",Festuca occidentalis,Festuca,occidentalis,,,,native,S5,,48.875475000000002,-123.341898000000000,,NA,NA,"12631643",obs_native,file:///D:/Simon/Sync/Root/GIS/Biodiversity%20Data/obs_native.csv?type=csv&maxFields=10000&detectTypes=yes&xField=longitude&yField=latitude&crs=EPSG:4326&spatialIndex=no&subsetIndex=no&watchFile=no
"3751",Festuca occidentalis,Festuca,occidentalis,,,,native,S5,,48.880411000000002,-123.336709999999997,,NA,NA,"12789318",obs_native,file:///D:/Simon/Sync/Root/GIS/Biodiversity%20Data/obs_native.csv?type=csv&maxFields=10000&detectTypes=yes&xField=longitude&yField=latitude&crs=EPSG:4326&spatialIndex=no&subsetIndex=no&watchFile=no
"3752",Festuca occidentalis,Festuca,occidentalis,,,,native,S5,,48.866025999999998,-123.333974999999995,,NA,NA,"12817506",obs_native,file:///D:/Simon/Sync/Root/GIS/Biodiversity%20Data/obs_native.csv?type=csv&maxFields=10000&detectTypes=yes&xField=longitude&yField=latitude&crs=EPSG:4326&spatialIndex=no&subsetIndex=no&watchFile=no
"3753",Festuca occidentalis,Festuca,occidentalis,,,,native,S5,,48.963624000000003,-123.549929000000006,,NA,NA,"12840543",obs_native,file:///D:/Simon/Sync/Root/GIS/Biodiversity%20Data/obs_native.csv?type=csv&maxFields=10000&detectTypes=yes&xField=longitude&yField=latitude&crs=EPSG:4326&spatialIndex=no&subsetIndex=no&watchFile=no
"3754",Festuca occidentalis,Festuca,occidentalis,,,,native,S5,,48.888528489999999,-123.378568000000001,,NA,NA,"25912184",obs_native,file:///D:/Simon/Sync/Root/GIS/Biodiversity%20Data/obs_native.csv?type=csv&maxFields=10000&detectTypes=yes&xField=longitude&yField=latitude&crs=EPSG:4326&spatialIndex=no&subsetIndex=no&watchFile=no
"3755",Festuca occidentalis,Festuca,occidentalis,,,,native,S5,,48.861350000000002,-123.363921700000006,,NA,NA,"28316880",obs_native,file:///D:/Simon/Sync/Root/GIS/Biodiversity%20Data/obs_native.csv?type=csv&maxFields=10000&detectTypes=yes&xField=longitude&yField=latitude&crs=EPSG:4326&spatialIndex=no&subsetIndex=no&watchFile=no
"3756",Festuca occidentalis,Festuca,occidentalis,,,,native,S5,,48.927322900000000,-123.468481299999993,,NA,NA,"53377207",obs_native,file:///D:/Simon/Sync/Root/GIS/Biodiversity%20Data/obs_native.csv?type=csv&maxFields=10000&detectTypes=yes&xField=longitude&yField=latitude&crs=EPSG:4326&spatialIndex=no&subsetIndex=no&watchFile=no
"3757",Festuca occidentalis,Festuca,occidentalis,,,,native,S5,,48.927106950000002,-123.468434200000004,,NA,NA,"53382337",obs_native,file:///D:/Simon/Sync/Root/GIS/Biodiversity%20Data/obs_native.csv?type=csv&maxFields=10000&detectTypes=yes&xField=longitude&yField=latitude&crs=EPSG:4326&spatialIndex=no&subsetIndex=no&watchFile=no
"3758",Festuca occidentalis,Festuca,occidentalis,,,,native,S5,,48.885276670000003,-123.356896699999993,,NA,NA,"83097985",obs_native,file:///D:/Simon/Sync/Root/GIS/Biodiversity%20Data/obs_native.csv?type=csv&maxFields=10000&detectTypes=yes&xField=longitude&yField=latitude&crs=EPSG:4326&spatialIndex=no&subsetIndex=no&watchFile=no
"3759",Festuca occidentalis,Festuca,occidentalis,,,,native,S5,,48.876003330000003,-123.384836699999994,,NA,NA,"83738283",obs_native,file:///D:/Simon/Sync/Root/GIS/Biodiversity%20Data/obs_native.csv?type=csv&maxFields=10000&detectTypes=yes&xField=longitude&yField=latitude&crs=EPSG:4326&spatialIndex=no&subsetIndex=no&watchFile=no
"3760",Festuca occidentalis,Festuca,occidentalis,,,,native,S5,,49.011232929999998,-123.574107799999993,,NA,NA,"124067883",obs_native,file:///D:/Simon/Sync/Root/GIS/Biodiversity%20Data/obs_native.csv?type=csv&maxFields=10000&detectTypes=yes&xField=longitude&yField=latitude&crs=EPSG:4326&spatialIndex=no&subsetIndex=no&watchFile=no
"3761",Festuca occidentalis,Festuca,occidentalis,,,,native,S5,,48.936280560000000,-123.472411100000002,,NA,NA,"125882216",obs_native,file:///D:/Simon/Sync/Root/GIS/Biodiversity%20Data/obs_native.csv?type=csv&maxFields=10000&detectTypes=yes&xField=longitude&yField=latitude&crs=EPSG:4326&spatialIndex=no&subsetIndex=no&watchFile=no
"3762",Festuca subulata,Festuca,subulata,,,,native,S5,,48.870512750000003,-123.347215300000002,,NA,NA,"84757453",obs_native,file:///D:/Simon/Sync/Root/GIS/Biodiversity%20Data/obs_native.csv?type=csv&maxFields=10000&detectTypes=yes&xField=longitude&yField=latitude&crs=EPSG:4326&spatialIndex=no&subsetIndex=no&watchFile=no
"3763",Festuca subulata,Festuca,subulata,,,,native,S5,,48.936344439999999,-123.472624999999994,,NA,NA,"125882215",obs_native,file:///D:/Simon/Sync/Root/GIS/Biodiversity%20Data/obs_native.csv?type=csv&maxFields=10000&detectTypes=yes&xField=longitude&yField=latitude&crs=EPSG:4326&spatialIndex=no&subsetIndex=no&watchFile=no
"3764",Festuca subulata,Festuca,subulata,,,,native,S5,,48.935566670000000,-123.469238899999993,,NA,NA,"125882221",obs_native,file:///D:/Simon/Sync/Root/GIS/Biodiversity%20Data/obs_native.csv?type=csv&maxFields=10000&detectTypes=yes&xField=longitude&yField=latitude&crs=EPSG:4326&spatialIndex=no&subsetIndex=no&watchFile=no
"3765",Festuca subulata,Festuca,subulata,,,,native,S5,,48.938461109999999,-123.478897200000006,,NA,NA,"126017371",obs_native,file:///D:/Simon/Sync/Root/GIS/Biodiversity%20Data/obs_native.csv?type=csv&maxFields=10000&detectTypes=yes&xField=longitude&yField=latitude&crs=EPSG:4326&spatialIndex=no&subsetIndex=no&watchFile=no
"3766",Festuca subuliflora,Festuca,subuliflora,,,,native,S5,,48.874772999999998,-123.336338999999995,,NA,NA,"12763124",obs_native,file:///D:/Simon/Sync/Root/GIS/Biodiversity%20Data/obs_native.csv?type=csv&maxFields=10000&detectTypes=yes&xField=longitude&yField=latitude&crs=EPSG:4326&spatialIndex=no&subsetIndex=no&watchFile=no
"3767",Festuca subuliflora,Festuca,subuliflora,,,,native,S5,,48.874510000000001,-123.333782999999997,,NA,NA,"12763316",obs_native,file:///D:/Simon/Sync/Root/GIS/Biodiversity%20Data/obs_native.csv?type=csv&maxFields=10000&detectTypes=yes&xField=longitude&yField=latitude&crs=EPSG:4326&spatialIndex=no&subsetIndex=no&watchFile=no
"3768",Festuca subuliflora,Festuca,subuliflora,,,,native,S5,,48.972329999999999,-123.544266699999994,,NA,NA,"53064563",obs_native,file:///D:/Simon/Sync/Root/GIS/Biodiversity%20Data/obs_native.csv?type=csv&maxFields=10000&detectTypes=yes&xField=longitude&yField=latitude&crs=EPSG:4326&spatialIndex=no&subsetIndex=no&watchFile=no
"3769",Festuca subuliflora,Festuca,subuliflora,,,,native,S5,,48.876097219999998,-123.384036100000003,,NA,NA,"83738314",obs_native,file:///D:/Simon/Sync/Root/GIS/Biodiversity%20Data/obs_native.csv?type=csv&maxFields=10000&detectTypes=yes&xField=longitude&yField=latitude&crs=EPSG:4326&spatialIndex=no&subsetIndex=no&watchFile=no
"3770",Festuca subuliflora,Festuca,subuliflora,,,,native,S5,,49.011232929999998,-123.574107799999993,,NA,NA,"124067879",obs_native,file:///D:/Simon/Sync/Root/GIS/Biodiversity%20Data/obs_native.csv?type=csv&maxFields=10000&detectTypes=yes&xField=longitude&yField=latitude&crs=EPSG:4326&spatialIndex=no&subsetIndex=no&watchFile=no
"3782",Frangula purshiana,Frangula,purshiana,,,,native,S5,,48.894743949999999,-123.405110800000003,,NA,NA,"3701040",obs_native,file:///D:/Simon/Sync/Root/GIS/Biodiversity%20Data/obs_native.csv?type=csv&maxFields=10000&detectTypes=yes&xField=longitude&yField=latitude&crs=EPSG:4326&spatialIndex=no&subsetIndex=no&watchFile=no
"3783",Frangula purshiana,Frangula,purshiana,,,,native,S5,,48.866841669999999,-123.321280000000002,,NA,NA,"3779862",obs_native,file:///D:/Simon/Sync/Root/GIS/Biodiversity%20Data/obs_native.csv?type=csv&maxFields=10000&detectTypes=yes&xField=longitude&yField=latitude&crs=EPSG:4326&spatialIndex=no&subsetIndex=no&watchFile=no
"3784",Frangula purshiana,Frangula,purshiana,,,,native,S5,,48.992897999999997,-123.574943000000005,,NA,NA,"3881824",obs_native,file:///D:/Simon/Sync/Root/GIS/Biodiversity%20Data/obs_native.csv?type=csv&maxFields=10000&detectTypes=yes&xField=longitude&yField=latitude&crs=EPSG:4326&spatialIndex=no&subsetIndex=no&watchFile=no
"3785",Frangula purshiana,Frangula,purshiana,,,,native,S5,,48.992394439999998,-123.575072199999994,,NA,NA,"3889097",obs_native,file:///D:/Simon/Sync/Root/GIS/Biodiversity%20Data/obs_native.csv?type=csv&maxFields=10000&detectTypes=yes&xField=longitude&yField=latitude&crs=EPSG:4326&spatialIndex=no&subsetIndex=no&watchFile=no
"3786",Frangula purshiana,Frangula,purshiana,,,,native,S5,,48.992375310000000,-123.575098499999996,,NA,NA,"4005341",obs_native,file:///D:/Simon/Sync/Root/GIS/Biodiversity%20Data/obs_native.csv?type=csv&maxFields=10000&detectTypes=yes&xField=longitude&yField=latitude&crs=EPSG:4326&spatialIndex=no&subsetIndex=no&watchFile=no
"3787",Frangula purshiana,Frangula,purshiana,,,,native,S5,,48.994734999999999,-123.583681999999996,,NA,NA,"7278214",obs_native,file:///D:/Simon/Sync/Root/GIS/Biodiversity%20Data/obs_native.csv?type=csv&maxFields=10000&detectTypes=yes&xField=longitude&yField=latitude&crs=EPSG:4326&spatialIndex=no&subsetIndex=no&watchFile=no
"3788",Frangula purshiana,Frangula,purshiana,,,,native,S5,,48.880899999999997,-123.333145000000002,,NA,NA,"12774882",obs_native,file:///D:/Simon/Sync/Root/GIS/Biodiversity%20Data/obs_native.csv?type=csv&maxFields=10000&detectTypes=yes&xField=longitude&yField=latitude&crs=EPSG:4326&spatialIndex=no&subsetIndex=no&watchFile=no
"3789",Frangula purshiana,Frangula,purshiana,,,,native,S5,,48.983538770000003,-123.556732900000000,,NA,NA,"15412688",obs_native,file:///D:/Simon/Sync/Root/GIS/Biodiversity%20Data/obs_native.csv?type=csv&maxFields=10000&detectTypes=yes&xField=longitude&yField=latitude&crs=EPSG:4326&spatialIndex=no&subsetIndex=no&watchFile=no
"3790",Frangula purshiana,Frangula,purshiana,,,,native,S5,,48.874274999999997,-123.319180000000003,,NA,NA,"86360337",obs_native,file:///D:/Simon/Sync/Root/GIS/Biodiversity%20Data/obs_native.csv?type=csv&maxFields=10000&detectTypes=yes&xField=longitude&yField=latitude&crs=EPSG:4326&spatialIndex=no&subsetIndex=no&watchFile=no
"3791",Frangula purshiana,Frangula,purshiana,,,,native,S5,,48.874265000000001,-123.319486699999999,,NA,NA,"86360356",obs_native,file:///D:/Simon/Sync/Root/GIS/Biodiversity%20Data/obs_native.csv?type=csv&maxFields=10000&detectTypes=yes&xField=longitude&yField=latitude&crs=EPSG:4326&spatialIndex=no&subsetIndex=no&watchFile=no
"3792",Frangula purshiana,Frangula,purshiana,,,,native,S5,,48.874943330000001,-123.320470000000000,,NA,NA,"86360406",obs_native,file:///D:/Simon/Sync/Root/GIS/Biodiversity%20Data/obs_native.csv?type=csv&maxFields=10000&detectTypes=yes&xField=longitude&yField=latitude&crs=EPSG:4326&spatialIndex=no&subsetIndex=no&watchFile=no
"3793",Frangula purshiana,Frangula,purshiana,,,,native,S5,,48.973269440000003,-123.561119399999995,,NA,NA,"97202758",obs_native,file:///D:/Simon/Sync/Root/GIS/Biodiversity%20Data/obs_native.csv?type=csv&maxFields=10000&detectTypes=yes&xField=longitude&yField=latitude&crs=EPSG:4326&spatialIndex=no&subsetIndex=no&watchFile=no
"3794",Frangula purshiana,Frangula,purshiana,,,,native,S5,,48.938358330000000,-123.478752799999995,,NA,NA,"126017368",obs_native,file:///D:/Simon/Sync/Root/GIS/Biodiversity%20Data/obs_native.csv?type=csv&maxFields=10000&detectTypes=yes&xField=longitude&yField=latitude&crs=EPSG:4326&spatialIndex=no&subsetIndex=no&watchFile=no
"3795",Frangula purshiana,Frangula,purshiana,,,,native,S5,,48.893741669999997,-123.406096700000006,,NA,NA,"132886558",obs_native,file:///D:/Simon/Sync/Root/GIS/Biodiversity%20Data/obs_native.csv?type=csv&maxFields=10000&detectTypes=yes&xField=longitude&yField=latitude&crs=EPSG:4326&spatialIndex=no&subsetIndex=no&watchFile=no
"3796",Fritillaria affinis,Fritillaria,affinis,,,,native,S5,,48.919764000000001,-123.449657000000002,,NA,NA,"2635125",obs_native,file:///D:/Simon/Sync/Root/GIS/Biodiversity%20Data/obs_native.csv?type=csv&maxFields=10000&detectTypes=yes&xField=longitude&yField=latitude&crs=EPSG:4326&spatialIndex=no&subsetIndex=no&watchFile=no
"3797",Fritillaria affinis,Fritillaria,affinis,,,,native,S5,,48.926357000000003,-123.465728999999996,,NA,NA,"2750243",obs_native,file:///D:/Simon/Sync/Root/GIS/Biodiversity%20Data/obs_native.csv?type=csv&maxFields=10000&detectTypes=yes&xField=longitude&yField=latitude&crs=EPSG:4326&spatialIndex=no&subsetIndex=no&watchFile=no
"3798",Fritillaria affinis,Fritillaria,affinis,,,,native,S5,,48.910685659999999,-123.383454999999998,,NA,NA,"2881735",obs_native,file:///D:/Simon/Sync/Root/GIS/Biodiversity%20Data/obs_native.csv?type=csv&maxFields=10000&detectTypes=yes&xField=longitude&yField=latitude&crs=EPSG:4326&spatialIndex=no&subsetIndex=no&watchFile=no
"3799",Fritillaria affinis,Fritillaria,affinis,,,,native,S5,,48.897380560000002,-123.338499999999996,,NA,NA,"2924088",obs_native,file:///D:/Simon/Sync/Root/GIS/Biodiversity%20Data/obs_native.csv?type=csv&maxFields=10000&detectTypes=yes&xField=longitude&yField=latitude&crs=EPSG:4326&spatialIndex=no&subsetIndex=no&watchFile=no
"3800",Fritillaria affinis,Fritillaria,affinis,,,,native,S5,,48.917558999999997,-123.403158000000005,,NA,NA,"2979395",obs_native,file:///D:/Simon/Sync/Root/GIS/Biodiversity%20Data/obs_native.csv?type=csv&maxFields=10000&detectTypes=yes&xField=longitude&yField=latitude&crs=EPSG:4326&spatialIndex=no&subsetIndex=no&watchFile=no
"3801",Fritillaria affinis,Fritillaria,affinis,,,,native,S5,,48.916156000000001,-123.393653999999998,,NA,NA,"2990000",obs_native,file:///D:/Simon/Sync/Root/GIS/Biodiversity%20Data/obs_native.csv?type=csv&maxFields=10000&detectTypes=yes&xField=longitude&yField=latitude&crs=EPSG:4326&spatialIndex=no&subsetIndex=no&watchFile=no
"3802",Fritillaria affinis,Fritillaria,affinis,,,,native,S5,,48.919227999999997,-123.403931000000000,,NA,NA,"3051958",obs_native,file:///D:/Simon/Sync/Root/GIS/Biodiversity%20Data/obs_native.csv?type=csv&maxFields=10000&detectTypes=yes&xField=longitude&yField=latitude&crs=EPSG:4326&spatialIndex=no&subsetIndex=no&watchFile=no
"3803",Fritillaria affinis,Fritillaria,affinis,,,,native,S5,,48.867373000000001,-123.338622000000001,,NA,NA,"5643801",obs_native,file:///D:/Simon/Sync/Root/GIS/Biodiversity%20Data/obs_native.csv?type=csv&maxFields=10000&detectTypes=yes&xField=longitude&yField=latitude&crs=EPSG:4326&spatialIndex=no&subsetIndex=no&watchFile=no
"3804",Fritillaria affinis,Fritillaria,affinis,,,,native,S5,,48.906620830000001,-123.356552100000002,,NA,NA,"5646974",obs_native,file:///D:/Simon/Sync/Root/GIS/Biodiversity%20Data/obs_native.csv?type=csv&maxFields=10000&detectTypes=yes&xField=longitude&yField=latitude&crs=EPSG:4326&spatialIndex=no&subsetIndex=no&watchFile=no
"3805",Fritillaria affinis,Fritillaria,affinis,,,,native,S5,,48.906832379999997,-123.356745200000006,,NA,NA,"5886419",obs_native,file:///D:/Simon/Sync/Root/GIS/Biodiversity%20Data/obs_native.csv?type=csv&maxFields=10000&detectTypes=yes&xField=longitude&yField=latitude&crs=EPSG:4326&spatialIndex=no&subsetIndex=no&watchFile=no
"3806",Fritillaria affinis,Fritillaria,affinis,,,,native,S5,,48.906832379999997,-123.356745200000006,,NA,NA,"5886421",obs_native,file:///D:/Simon/Sync/Root/GIS/Biodiversity%20Data/obs_native.csv?type=csv&maxFields=10000&detectTypes=yes&xField=longitude&yField=latitude&crs=EPSG:4326&spatialIndex=no&subsetIndex=no&watchFile=no
"3807",Fritillaria affinis,Fritillaria,affinis,,,,native,S5,,48.906547000000003,-123.356026000000000,,NA,NA,"6190813",obs_native,file:///D:/Simon/Sync/Root/GIS/Biodiversity%20Data/obs_native.csv?type=csv&maxFields=10000&detectTypes=yes&xField=longitude&yField=latitude&crs=EPSG:4326&spatialIndex=no&subsetIndex=no&watchFile=no
"3808",Fritillaria affinis,Fritillaria,affinis,,,,native,S5,,48.940176770000001,-123.502721800000003,,NA,NA,"6299021",obs_native,file:///D:/Simon/Sync/Root/GIS/Biodiversity%20Data/obs_native.csv?type=csv&maxFields=10000&detectTypes=yes&xField=longitude&yField=latitude&crs=EPSG:4326&spatialIndex=no&subsetIndex=no&watchFile=no
"3809",Fritillaria affinis,Fritillaria,affinis,,,,native,S5,,48.900696850000003,-123.336124400000003,,NA,NA,"6425189",obs_native,file:///D:/Simon/Sync/Root/GIS/Biodiversity%20Data/obs_native.csv?type=csv&maxFields=10000&detectTypes=yes&xField=longitude&yField=latitude&crs=EPSG:4326&spatialIndex=no&subsetIndex=no&watchFile=no
"3810",Fritillaria affinis,Fritillaria,affinis,,,,native,S5,,48.862397000000001,-123.373425999999995,,NA,NA,"10081864",obs_native,file:///D:/Simon/Sync/Root/GIS/Biodiversity%20Data/obs_native.csv?type=csv&maxFields=10000&detectTypes=yes&xField=longitude&yField=latitude&crs=EPSG:4326&spatialIndex=no&subsetIndex=no&watchFile=no
"3811",Fritillaria affinis,Fritillaria,affinis,,,,native,S5,,48.897149180000000,-123.338527700000000,,NA,NA,"10282317",obs_native,file:///D:/Simon/Sync/Root/GIS/Biodiversity%20Data/obs_native.csv?type=csv&maxFields=10000&detectTypes=yes&xField=longitude&yField=latitude&crs=EPSG:4326&spatialIndex=no&subsetIndex=no&watchFile=no
"3812",Fritillaria affinis,Fritillaria,affinis,,,,native,S5,,48.862490999999999,-123.373542999999998,,NA,NA,"10405977",obs_native,file:///D:/Simon/Sync/Root/GIS/Biodiversity%20Data/obs_native.csv?type=csv&maxFields=10000&detectTypes=yes&xField=longitude&yField=latitude&crs=EPSG:4326&spatialIndex=no&subsetIndex=no&watchFile=no
"3813",Fritillaria affinis,Fritillaria,affinis,,,,native,S5,,48.867747219999998,-123.340163899999993,,NA,NA,"10553968",obs_native,file:///D:/Simon/Sync/Root/GIS/Biodiversity%20Data/obs_native.csv?type=csv&maxFields=10000&detectTypes=yes&xField=longitude&yField=latitude&crs=EPSG:4326&spatialIndex=no&subsetIndex=no&watchFile=no
"3814",Fritillaria affinis,Fritillaria,affinis,,,,native,S5,,48.862412999999997,-123.373258000000007,,NA,NA,"11582742",obs_native,file:///D:/Simon/Sync/Root/GIS/Biodiversity%20Data/obs_native.csv?type=csv&maxFields=10000&detectTypes=yes&xField=longitude&yField=latitude&crs=EPSG:4326&spatialIndex=no&subsetIndex=no&watchFile=no
"3815",Fritillaria affinis,Fritillaria,affinis,,,,native,S5,,48.917157000000003,-123.395787999999996,,NA,NA,"12315121",obs_native,file:///D:/Simon/Sync/Root/GIS/Biodiversity%20Data/obs_native.csv?type=csv&maxFields=10000&detectTypes=yes&xField=longitude&yField=latitude&crs=EPSG:4326&spatialIndex=no&subsetIndex=no&watchFile=no
"3816",Fritillaria affinis,Fritillaria,affinis,,,,native,S5,,48.862075109999999,-123.372181200000000,,NA,NA,"16344389",obs_native,file:///D:/Simon/Sync/Root/GIS/Biodiversity%20Data/obs_native.csv?type=csv&maxFields=10000&detectTypes=yes&xField=longitude&yField=latitude&crs=EPSG:4326&spatialIndex=no&subsetIndex=no&watchFile=no
"3817",Fritillaria affinis,Fritillaria,affinis,,,,native,S5,,48.926961669999997,-123.466171700000004,,NA,NA,"22222871",obs_native,file:///D:/Simon/Sync/Root/GIS/Biodiversity%20Data/obs_native.csv?type=csv&maxFields=10000&detectTypes=yes&xField=longitude&yField=latitude&crs=EPSG:4326&spatialIndex=no&subsetIndex=no&watchFile=no
"3818",Fritillaria affinis,Fritillaria,affinis,,,,native,S5,,48.872783349999999,-123.355721099999997,,NA,NA,"22642533",obs_native,file:///D:/Simon/Sync/Root/GIS/Biodiversity%20Data/obs_native.csv?type=csv&maxFields=10000&detectTypes=yes&xField=longitude&yField=latitude&crs=EPSG:4326&spatialIndex=no&subsetIndex=no&watchFile=no
"3819",Fritillaria affinis,Fritillaria,affinis,,,,native,S5,,49.013144449999999,-123.573220000000006,,NA,NA,"22659484",obs_native,file:///D:/Simon/Sync/Root/GIS/Biodiversity%20Data/obs_native.csv?type=csv&maxFields=10000&detectTypes=yes&xField=longitude&yField=latitude&crs=EPSG:4326&spatialIndex=no&subsetIndex=no&watchFile=no
"3820",Fritillaria affinis,Fritillaria,affinis,,,,native,S5,,48.939086670000002,-123.501350000000002,,NA,NA,"23552467",obs_native,file:///D:/Simon/Sync/Root/GIS/Biodiversity%20Data/obs_native.csv?type=csv&maxFields=10000&detectTypes=yes&xField=longitude&yField=latitude&crs=EPSG:4326&spatialIndex=no&subsetIndex=no&watchFile=no
"3821",Fritillaria affinis,Fritillaria,affinis,,,,native,S5,,49.014093330000001,-123.573633299999997,,NA,NA,"24259250",obs_native,file:///D:/Simon/Sync/Root/GIS/Biodiversity%20Data/obs_native.csv?type=csv&maxFields=10000&detectTypes=yes&xField=longitude&yField=latitude&crs=EPSG:4326&spatialIndex=no&subsetIndex=no&watchFile=no
"3822",Fritillaria affinis,Fritillaria,affinis,,,,native,S5,,49.013315249999998,-123.572630399999994,,NA,NA,"24497688",obs_native,file:///D:/Simon/Sync/Root/GIS/Biodiversity%20Data/obs_native.csv?type=csv&maxFields=10000&detectTypes=yes&xField=longitude&yField=latitude&crs=EPSG:4326&spatialIndex=no&subsetIndex=no&watchFile=no
"3823",Fritillaria affinis,Fritillaria,affinis,,,,native,S5,,48.913507359999997,-123.386698899999999,,NA,NA,"24653154",obs_native,file:///D:/Simon/Sync/Root/GIS/Biodiversity%20Data/obs_native.csv?type=csv&maxFields=10000&detectTypes=yes&xField=longitude&yField=latitude&crs=EPSG:4326&spatialIndex=no&subsetIndex=no&watchFile=no
"3824",Fritillaria affinis,Fritillaria,affinis,,,,native,S5,,48.913533330000000,-123.386894999999996,,NA,NA,"24688283",obs_native,file:///D:/Simon/Sync/Root/GIS/Biodiversity%20Data/obs_native.csv?type=csv&maxFields=10000&detectTypes=yes&xField=longitude&yField=latitude&crs=EPSG:4326&spatialIndex=no&subsetIndex=no&watchFile=no
"3825",Fritillaria affinis,Fritillaria,affinis,,,,native,S5,,48.894908330000000,-123.404658299999994,,NA,NA,"24699764",obs_native,file:///D:/Simon/Sync/Root/GIS/Biodiversity%20Data/obs_native.csv?type=csv&maxFields=10000&detectTypes=yes&xField=longitude&yField=latitude&crs=EPSG:4326&spatialIndex=no&subsetIndex=no&watchFile=no
"3826",Fritillaria affinis,Fritillaria,affinis,,,,native,S5,,48.894961670000001,-123.404503300000002,,NA,NA,"24699765",obs_native,file:///D:/Simon/Sync/Root/GIS/Biodiversity%20Data/obs_native.csv?type=csv&maxFields=10000&detectTypes=yes&xField=longitude&yField=latitude&crs=EPSG:4326&spatialIndex=no&subsetIndex=no&watchFile=no
"3827",Fritillaria affinis,Fritillaria,affinis,,,,native,S5,,48.895066669999999,-123.404663900000003,,NA,NA,"24701274",obs_native,file:///D:/Simon/Sync/Root/GIS/Biodiversity%20Data/obs_native.csv?type=csv&maxFields=10000&detectTypes=yes&xField=longitude&yField=latitude&crs=EPSG:4326&spatialIndex=no&subsetIndex=no&watchFile=no
"3828",Fritillaria affinis,Fritillaria,affinis,,,,native,S5,,48.894919440000002,-123.404608300000007,,NA,NA,"24701278",obs_native,file:///D:/Simon/Sync/Root/GIS/Biodiversity%20Data/obs_native.csv?type=csv&maxFields=10000&detectTypes=yes&xField=longitude&yField=latitude&crs=EPSG:4326&spatialIndex=no&subsetIndex=no&watchFile=no
"3829",Fritillaria affinis,Fritillaria,affinis,,,,native,S5,,48.872021179999997,-123.311999000000000,,NA,NA,"24713432",obs_native,file:///D:/Simon/Sync/Root/GIS/Biodiversity%20Data/obs_native.csv?type=csv&maxFields=10000&detectTypes=yes&xField=longitude&yField=latitude&crs=EPSG:4326&spatialIndex=no&subsetIndex=no&watchFile=no
"3830",Fritillaria affinis,Fritillaria,affinis,,,,native,S5,,49.013491549999998,-123.573181300000002,,NA,NA,"24748334",obs_native,file:///D:/Simon/Sync/Root/GIS/Biodiversity%20Data/obs_native.csv?type=csv&maxFields=10000&detectTypes=yes&xField=longitude&yField=latitude&crs=EPSG:4326&spatialIndex=no&subsetIndex=no&watchFile=no
"3831",Fritillaria affinis,Fritillaria,affinis,,,,native,S5,,48.894963330000003,-123.404521700000004,,NA,NA,"24873196",obs_native,file:///D:/Simon/Sync/Root/GIS/Biodiversity%20Data/obs_native.csv?type=csv&maxFields=10000&detectTypes=yes&xField=longitude&yField=latitude&crs=EPSG:4326&spatialIndex=no&subsetIndex=no&watchFile=no
"3832",Fritillaria affinis,Fritillaria,affinis,,,,native,S5,,48.894806670000001,-123.404651700000002,,NA,NA,"24873197",obs_native,file:///D:/Simon/Sync/Root/GIS/Biodiversity%20Data/obs_native.csv?type=csv&maxFields=10000&detectTypes=yes&xField=longitude&yField=latitude&crs=EPSG:4326&spatialIndex=no&subsetIndex=no&watchFile=no
"3833",Fritillaria affinis,Fritillaria,affinis,,,,native,S5,,48.894988890000000,-123.404708299999996,,NA,NA,"25655027",obs_native,file:///D:/Simon/Sync/Root/GIS/Biodiversity%20Data/obs_native.csv?type=csv&maxFields=10000&detectTypes=yes&xField=longitude&yField=latitude&crs=EPSG:4326&spatialIndex=no&subsetIndex=no&watchFile=no
"3834",Fritillaria affinis,Fritillaria,affinis,,,,native,S5,,48.895170000000000,-123.404754999999994,,NA,NA,"25746828",obs_native,file:///D:/Simon/Sync/Root/GIS/Biodiversity%20Data/obs_native.csv?type=csv&maxFields=10000&detectTypes=yes&xField=longitude&yField=latitude&crs=EPSG:4326&spatialIndex=no&subsetIndex=no&watchFile=no
"3835",Fritillaria affinis,Fritillaria,affinis,,,,native,S5,,48.895119999999999,-123.404341700000003,,NA,NA,"32119780",obs_native,file:///D:/Simon/Sync/Root/GIS/Biodiversity%20Data/obs_native.csv?type=csv&maxFields=10000&detectTypes=yes&xField=longitude&yField=latitude&crs=EPSG:4326&spatialIndex=no&subsetIndex=no&watchFile=no
"3836",Fritillaria affinis,Fritillaria,affinis,,,,native,S5,,48.865672220000000,-123.365236100000004,,NA,NA,"42637625",obs_native,file:///D:/Simon/Sync/Root/GIS/Biodiversity%20Data/obs_native.csv?type=csv&maxFields=10000&detectTypes=yes&xField=longitude&yField=latitude&crs=EPSG:4326&spatialIndex=no&subsetIndex=no&watchFile=no
"3837",Fritillaria affinis,Fritillaria,affinis,,,,native,S5,,48.915963890000000,-123.392811100000003,,NA,NA,"42682036",obs_native,file:///D:/Simon/Sync/Root/GIS/Biodiversity%20Data/obs_native.csv?type=csv&maxFields=10000&detectTypes=yes&xField=longitude&yField=latitude&crs=EPSG:4326&spatialIndex=no&subsetIndex=no&watchFile=no
"3838",Fritillaria affinis,Fritillaria,affinis,,,,native,S5,,48.978768879999997,-123.535079899999999,,NA,NA,"44459102",obs_native,file:///D:/Simon/Sync/Root/GIS/Biodiversity%20Data/obs_native.csv?type=csv&maxFields=10000&detectTypes=yes&xField=longitude&yField=latitude&crs=EPSG:4326&spatialIndex=no&subsetIndex=no&watchFile=no
"3839",Fritillaria affinis,Fritillaria,affinis,,,,native,S5,,48.908926670000000,-123.367220000000003,,NA,NA,"44950126",obs_native,file:///D:/Simon/Sync/Root/GIS/Biodiversity%20Data/obs_native.csv?type=csv&maxFields=10000&detectTypes=yes&xField=longitude&yField=latitude&crs=EPSG:4326&spatialIndex=no&subsetIndex=no&watchFile=no
"3840",Fritillaria affinis,Fritillaria,affinis,,,,native,S5,,48.940546670000003,-123.502096699999996,,NA,NA,"47482989",obs_native,file:///D:/Simon/Sync/Root/GIS/Biodiversity%20Data/obs_native.csv?type=csv&maxFields=10000&detectTypes=yes&xField=longitude&yField=latitude&crs=EPSG:4326&spatialIndex=no&subsetIndex=no&watchFile=no
"3841",Fritillaria affinis,Fritillaria,affinis,,,,native,S5,,49.003052439999998,-123.570870700000000,,NA,NA,"59926484",obs_native,file:///D:/Simon/Sync/Root/GIS/Biodiversity%20Data/obs_native.csv?type=csv&maxFields=10000&detectTypes=yes&xField=longitude&yField=latitude&crs=EPSG:4326&spatialIndex=no&subsetIndex=no&watchFile=no
"3842",Fritillaria affinis,Fritillaria,affinis,,,,native,S5,,48.927095000000001,-123.466141699999994,,NA,NA,"75573757",obs_native,file:///D:/Simon/Sync/Root/GIS/Biodiversity%20Data/obs_native.csv?type=csv&maxFields=10000&detectTypes=yes&xField=longitude&yField=latitude&crs=EPSG:4326&spatialIndex=no&subsetIndex=no&watchFile=no
"3843",Fritillaria affinis,Fritillaria,affinis,,,,native,S5,,49.013384230000000,-123.573165299999999,,NA,NA,"75625476",obs_native,file:///D:/Simon/Sync/Root/GIS/Biodiversity%20Data/obs_native.csv?type=csv&maxFields=10000&detectTypes=yes&xField=longitude&yField=latitude&crs=EPSG:4326&spatialIndex=no&subsetIndex=no&watchFile=no
"3844",Fritillaria affinis,Fritillaria,affinis,,,,native,S5,,48.918021670000002,-123.398094999999998,,NA,NA,"77990206",obs_native,file:///D:/Simon/Sync/Root/GIS/Biodiversity%20Data/obs_native.csv?type=csv&maxFields=10000&detectTypes=yes&xField=longitude&yField=latitude&crs=EPSG:4326&spatialIndex=no&subsetIndex=no&watchFile=no
"3845",Fritillaria affinis,Fritillaria,affinis,,,,native,S5,,48.864719839999999,-123.352213899999995,,NA,NA,"78431786",obs_native,file:///D:/Simon/Sync/Root/GIS/Biodiversity%20Data/obs_native.csv?type=csv&maxFields=10000&detectTypes=yes&xField=longitude&yField=latitude&crs=EPSG:4326&spatialIndex=no&subsetIndex=no&watchFile=no
"3846",Fritillaria affinis,Fritillaria,affinis,,,,native,S5,,48.928023130000000,-123.467384800000005,,NA,NA,"84223573",obs_native,file:///D:/Simon/Sync/Root/GIS/Biodiversity%20Data/obs_native.csv?type=csv&maxFields=10000&detectTypes=yes&xField=longitude&yField=latitude&crs=EPSG:4326&spatialIndex=no&subsetIndex=no&watchFile=no
"3847",Fritillaria affinis,Fritillaria,affinis,,,,native,S5,,48.928109180000000,-123.467594199999994,,NA,NA,"84250095",obs_native,file:///D:/Simon/Sync/Root/GIS/Biodiversity%20Data/obs_native.csv?type=csv&maxFields=10000&detectTypes=yes&xField=longitude&yField=latitude&crs=EPSG:4326&spatialIndex=no&subsetIndex=no&watchFile=no
"3848",Fritillaria affinis,Fritillaria,affinis,,,,native,S5,,48.900475000000000,-123.444755000000001,,NA,NA,"107319754",obs_native,file:///D:/Simon/Sync/Root/GIS/Biodiversity%20Data/obs_native.csv?type=csv&maxFields=10000&detectTypes=yes&xField=longitude&yField=latitude&crs=EPSG:4326&spatialIndex=no&subsetIndex=no&watchFile=no
"3849",Fritillaria affinis,Fritillaria,affinis,,,,native,S5,,49.013383330000003,-123.573075000000003,,NA,NA,"107677482",obs_native,file:///D:/Simon/Sync/Root/GIS/Biodiversity%20Data/obs_native.csv?type=csv&maxFields=10000&detectTypes=yes&xField=longitude&yField=latitude&crs=EPSG:4326&spatialIndex=no&subsetIndex=no&watchFile=no
"3850",Fritillaria affinis,Fritillaria,affinis,,,,native,S5,,49.013683329999999,-123.573546699999994,,NA,NA,"107687934",obs_native,file:///D:/Simon/Sync/Root/GIS/Biodiversity%20Data/obs_native.csv?type=csv&maxFields=10000&detectTypes=yes&xField=longitude&yField=latitude&crs=EPSG:4326&spatialIndex=no&subsetIndex=no&watchFile=no
"3851",Fritillaria affinis,Fritillaria,affinis,,,,native,S5,,48.917621619999998,-123.396749099999994,,NA,NA,"110152171",obs_native,file:///D:/Simon/Sync/Root/GIS/Biodiversity%20Data/obs_native.csv?type=csv&maxFields=10000&detectTypes=yes&xField=longitude&yField=latitude&crs=EPSG:4326&spatialIndex=no&subsetIndex=no&watchFile=no
"3852",Fritillaria affinis,Fritillaria,affinis,,,,native,S5,,48.909920000000000,-123.373810000000006,,NA,NA,"111052953",obs_native,file:///D:/Simon/Sync/Root/GIS/Biodiversity%20Data/obs_native.csv?type=csv&maxFields=10000&detectTypes=yes&xField=longitude&yField=latitude&crs=EPSG:4326&spatialIndex=no&subsetIndex=no&watchFile=no
"3853",Fritillaria affinis,Fritillaria,affinis,,,,native,S5,,49.012982829999999,-123.573016199999998,,NA,NA,"111981388",obs_native,file:///D:/Simon/Sync/Root/GIS/Biodiversity%20Data/obs_native.csv?type=csv&maxFields=10000&detectTypes=yes&xField=longitude&yField=latitude&crs=EPSG:4326&spatialIndex=no&subsetIndex=no&watchFile=no
"3854",Fritillaria affinis,Fritillaria,affinis,,,,native,S5,,48.869970140000000,-123.379623800000005,,NA,NA,"114122186",obs_native,file:///D:/Simon/Sync/Root/GIS/Biodiversity%20Data/obs_native.csv?type=csv&maxFields=10000&detectTypes=yes&xField=longitude&yField=latitude&crs=EPSG:4326&spatialIndex=no&subsetIndex=no&watchFile=no
"3855",Fritillaria affinis,Fritillaria,affinis,,,,native,S5,,48.909478329999999,-123.371044999999995,,NA,NA,"114482017",obs_native,file:///D:/Simon/Sync/Root/GIS/Biodiversity%20Data/obs_native.csv?type=csv&maxFields=10000&detectTypes=yes&xField=longitude&yField=latitude&crs=EPSG:4326&spatialIndex=no&subsetIndex=no&watchFile=no
"3856",Fritillaria affinis,Fritillaria,affinis,,,,native,S5,,48.909261669999999,-123.370528300000004,,NA,NA,"114482161",obs_native,file:///D:/Simon/Sync/Root/GIS/Biodiversity%20Data/obs_native.csv?type=csv&maxFields=10000&detectTypes=yes&xField=longitude&yField=latitude&crs=EPSG:4326&spatialIndex=no&subsetIndex=no&watchFile=no
"3857",Fritillaria affinis,Fritillaria,affinis,,,,native,S5,,48.871794999999999,-123.311058299999999,,NA,NA,"116239376",obs_native,file:///D:/Simon/Sync/Root/GIS/Biodiversity%20Data/obs_native.csv?type=csv&maxFields=10000&detectTypes=yes&xField=longitude&yField=latitude&crs=EPSG:4326&spatialIndex=no&subsetIndex=no&watchFile=no
"3858",Fritillaria affinis,Fritillaria,affinis,,,,native,S5,,49.013461669999998,-123.573363299999997,,NA,NA,"117151481",obs_native,file:///D:/Simon/Sync/Root/GIS/Biodiversity%20Data/obs_native.csv?type=csv&maxFields=10000&detectTypes=yes&xField=longitude&yField=latitude&crs=EPSG:4326&spatialIndex=no&subsetIndex=no&watchFile=no
"3859",Fritillaria affinis,Fritillaria,affinis,,,,native,S5,,49.014019439999998,-123.573441700000004,,NA,NA,"119972215",obs_native,file:///D:/Simon/Sync/Root/GIS/Biodiversity%20Data/obs_native.csv?type=csv&maxFields=10000&detectTypes=yes&xField=longitude&yField=latitude&crs=EPSG:4326&spatialIndex=no&subsetIndex=no&watchFile=no
"3868",Galium aparine,Galium,aparine,,,,native,S5,,48.929740000000002,-123.475857000000005,,NA,NA,"2567233",obs_native,file:///D:/Simon/Sync/Root/GIS/Biodiversity%20Data/obs_native.csv?type=csv&maxFields=10000&detectTypes=yes&xField=longitude&yField=latitude&crs=EPSG:4326&spatialIndex=no&subsetIndex=no&watchFile=no
"3869",Galium aparine,Galium,aparine,,,,native,S5,,48.930174000000001,-123.476027999999999,,NA,NA,"2567968",obs_native,file:///D:/Simon/Sync/Root/GIS/Biodiversity%20Data/obs_native.csv?type=csv&maxFields=10000&detectTypes=yes&xField=longitude&yField=latitude&crs=EPSG:4326&spatialIndex=no&subsetIndex=no&watchFile=no
"3870",Galium aparine,Galium,aparine,,,,native,S5,,48.929695000000002,-123.475470999999999,,NA,NA,"2567992",obs_native,file:///D:/Simon/Sync/Root/GIS/Biodiversity%20Data/obs_native.csv?type=csv&maxFields=10000&detectTypes=yes&xField=longitude&yField=latitude&crs=EPSG:4326&spatialIndex=no&subsetIndex=no&watchFile=no
"3871",Galium aparine,Galium,aparine,,,,native,S5,,48.930844999999998,-123.479247000000001,,NA,NA,"2575091",obs_native,file:///D:/Simon/Sync/Root/GIS/Biodiversity%20Data/obs_native.csv?type=csv&maxFields=10000&detectTypes=yes&xField=longitude&yField=latitude&crs=EPSG:4326&spatialIndex=no&subsetIndex=no&watchFile=no
"3872",Galium aparine,Galium,aparine,,,,native,S5,,48.928282000000003,-123.468368999999996,,NA,NA,"2621778",obs_native,file:///D:/Simon/Sync/Root/GIS/Biodiversity%20Data/obs_native.csv?type=csv&maxFields=10000&detectTypes=yes&xField=longitude&yField=latitude&crs=EPSG:4326&spatialIndex=no&subsetIndex=no&watchFile=no
"3873",Galium aparine,Galium,aparine,,,,native,S5,,48.867548999999997,-123.339915000000005,,NA,NA,"3041050",obs_native,file:///D:/Simon/Sync/Root/GIS/Biodiversity%20Data/obs_native.csv?type=csv&maxFields=10000&detectTypes=yes&xField=longitude&yField=latitude&crs=EPSG:4326&spatialIndex=no&subsetIndex=no&watchFile=no
"3874",Galium aparine,Galium,aparine,,,,native,S5,,48.932485999999997,-123.483839000000003,,NA,NA,"3317641",obs_native,file:///D:/Simon/Sync/Root/GIS/Biodiversity%20Data/obs_native.csv?type=csv&maxFields=10000&detectTypes=yes&xField=longitude&yField=latitude&crs=EPSG:4326&spatialIndex=no&subsetIndex=no&watchFile=no
"3875",Galium aparine,Galium,aparine,,,,native,S5,,48.932485999999997,-123.483839000000003,,NA,NA,"3318794",obs_native,file:///D:/Simon/Sync/Root/GIS/Biodiversity%20Data/obs_native.csv?type=csv&maxFields=10000&detectTypes=yes&xField=longitude&yField=latitude&crs=EPSG:4326&spatialIndex=no&subsetIndex=no&watchFile=no
"3876",Galium aparine,Galium,aparine,,,,native,S5,,48.915652000000001,-123.426826000000005,,NA,NA,"3336127",obs_native,file:///D:/Simon/Sync/Root/GIS/Biodiversity%20Data/obs_native.csv?type=csv&maxFields=10000&detectTypes=yes&xField=longitude&yField=latitude&crs=EPSG:4326&spatialIndex=no&subsetIndex=no&watchFile=no
"3877",Galium aparine,Galium,aparine,,,,native,S5,,48.894764000000002,-123.343968000000004,,NA,NA,"3341710",obs_native,file:///D:/Simon/Sync/Root/GIS/Biodiversity%20Data/obs_native.csv?type=csv&maxFields=10000&detectTypes=yes&xField=longitude&yField=latitude&crs=EPSG:4326&spatialIndex=no&subsetIndex=no&watchFile=no
"3878",Galium aparine,Galium,aparine,,,,native,S5,,48.898439910000000,-123.407814500000001,,NA,NA,"3701129",obs_native,file:///D:/Simon/Sync/Root/GIS/Biodiversity%20Data/obs_native.csv?type=csv&maxFields=10000&detectTypes=yes&xField=longitude&yField=latitude&crs=EPSG:4326&spatialIndex=no&subsetIndex=no&watchFile=no
"3879",Galium aparine,Galium,aparine,,,,native,S5,,48.900019780000001,-123.361401599999994,,NA,NA,"5647001",obs_native,file:///D:/Simon/Sync/Root/GIS/Biodiversity%20Data/obs_native.csv?type=csv&maxFields=10000&detectTypes=yes&xField=longitude&yField=latitude&crs=EPSG:4326&spatialIndex=no&subsetIndex=no&watchFile=no
"3880",Galium aparine,Galium,aparine,,,,native,S5,,48.906225919999997,-123.360671999999994,,NA,NA,"5885584",obs_native,file:///D:/Simon/Sync/Root/GIS/Biodiversity%20Data/obs_native.csv?type=csv&maxFields=10000&detectTypes=yes&xField=longitude&yField=latitude&crs=EPSG:4326&spatialIndex=no&subsetIndex=no&watchFile=no
"3881",Galium aparine,Galium,aparine,,,,native,S5,,48.906042560000003,-123.358268699999996,,NA,NA,"5886275",obs_native,file:///D:/Simon/Sync/Root/GIS/Biodiversity%20Data/obs_native.csv?type=csv&maxFields=10000&detectTypes=yes&xField=longitude&yField=latitude&crs=EPSG:4326&spatialIndex=no&subsetIndex=no&watchFile=no
"3882",Galium aparine,Galium,aparine,,,,native,S5,,48.867255520000001,-123.338356000000005,,NA,NA,"6217514",obs_native,file:///D:/Simon/Sync/Root/GIS/Biodiversity%20Data/obs_native.csv?type=csv&maxFields=10000&detectTypes=yes&xField=longitude&yField=latitude&crs=EPSG:4326&spatialIndex=no&subsetIndex=no&watchFile=no
"3883",Galium aparine,Galium,aparine,,,,native,S5,,48.930055969999998,-123.475320300000007,,NA,NA,"6298742",obs_native,file:///D:/Simon/Sync/Root/GIS/Biodiversity%20Data/obs_native.csv?type=csv&maxFields=10000&detectTypes=yes&xField=longitude&yField=latitude&crs=EPSG:4326&spatialIndex=no&subsetIndex=no&watchFile=no
"3884",Galium aparine,Galium,aparine,,,,native,S5,,48.928059390000001,-123.467742900000005,,NA,NA,"6387077",obs_native,file:///D:/Simon/Sync/Root/GIS/Biodiversity%20Data/obs_native.csv?type=csv&maxFields=10000&detectTypes=yes&xField=longitude&yField=latitude&crs=EPSG:4326&spatialIndex=no&subsetIndex=no&watchFile=no
"3885",Galium aparine,Galium,aparine,,,,native,S5,,48.972257149999997,-123.553962700000000,,NA,NA,"6611340",obs_native,file:///D:/Simon/Sync/Root/GIS/Biodiversity%20Data/obs_native.csv?type=csv&maxFields=10000&detectTypes=yes&xField=longitude&yField=latitude&crs=EPSG:4326&spatialIndex=no&subsetIndex=no&watchFile=no
"3886",Galium aparine,Galium,aparine,,,,native,S5,,48.971508370000002,-123.553447700000007,,NA,NA,"6611382",obs_native,file:///D:/Simon/Sync/Root/GIS/Biodiversity%20Data/obs_native.csv?type=csv&maxFields=10000&detectTypes=yes&xField=longitude&yField=latitude&crs=EPSG:4326&spatialIndex=no&subsetIndex=no&watchFile=no
"3887",Galium aparine,Galium,aparine,,,,native,S5,,48.876746949999998,-123.381378699999999,,NA,NA,"6714920",obs_native,file:///D:/Simon/Sync/Root/GIS/Biodiversity%20Data/obs_native.csv?type=csv&maxFields=10000&detectTypes=yes&xField=longitude&yField=latitude&crs=EPSG:4326&spatialIndex=no&subsetIndex=no&watchFile=no
"3888",Galium aparine,Galium,aparine,,,,native,S5,,48.876697999999998,-123.378953999999993,,NA,NA,"7278913",obs_native,file:///D:/Simon/Sync/Root/GIS/Biodiversity%20Data/obs_native.csv?type=csv&maxFields=10000&detectTypes=yes&xField=longitude&yField=latitude&crs=EPSG:4326&spatialIndex=no&subsetIndex=no&watchFile=no
"3889",Galium aparine,Galium,aparine,,,,native,S5,,48.973414699999999,-123.547956900000003,,NA,NA,"10825472",obs_native,file:///D:/Simon/Sync/Root/GIS/Biodiversity%20Data/obs_native.csv?type=csv&maxFields=10000&detectTypes=yes&xField=longitude&yField=latitude&crs=EPSG:4326&spatialIndex=no&subsetIndex=no&watchFile=no
"3890",Galium aparine,Galium,aparine,,,,native,S5,,48.917941669999998,-123.397530000000003,,NA,NA,"11577576",obs_native,file:///D:/Simon/Sync/Root/GIS/Biodiversity%20Data/obs_native.csv?type=csv&maxFields=10000&detectTypes=yes&xField=longitude&yField=latitude&crs=EPSG:4326&spatialIndex=no&subsetIndex=no&watchFile=no
"3891",Galium aparine,Galium,aparine,,,,native,S5,,48.958745000000000,-123.533368999999993,,NA,NA,"12373820",obs_native,file:///D:/Simon/Sync/Root/GIS/Biodiversity%20Data/obs_native.csv?type=csv&maxFields=10000&detectTypes=yes&xField=longitude&yField=latitude&crs=EPSG:4326&spatialIndex=no&subsetIndex=no&watchFile=no
"3892",Galium aparine,Galium,aparine,,,,native,S5,,48.876078999999997,-123.342015000000004,,NA,NA,"12630739",obs_native,file:///D:/Simon/Sync/Root/GIS/Biodiversity%20Data/obs_native.csv?type=csv&maxFields=10000&detectTypes=yes&xField=longitude&yField=latitude&crs=EPSG:4326&spatialIndex=no&subsetIndex=no&watchFile=no
"3893",Galium aparine,Galium,aparine,,,,native,S5,,48.870607000000000,-123.343086000000000,,NA,NA,"12761974",obs_native,file:///D:/Simon/Sync/Root/GIS/Biodiversity%20Data/obs_native.csv?type=csv&maxFields=10000&detectTypes=yes&xField=longitude&yField=latitude&crs=EPSG:4326&spatialIndex=no&subsetIndex=no&watchFile=no
"3894",Galium aparine,Galium,aparine,,,,native,S5,,48.874772999999998,-123.336338999999995,,NA,NA,"12762975",obs_native,file:///D:/Simon/Sync/Root/GIS/Biodiversity%20Data/obs_native.csv?type=csv&maxFields=10000&detectTypes=yes&xField=longitude&yField=latitude&crs=EPSG:4326&spatialIndex=no&subsetIndex=no&watchFile=no
"3895",Galium aparine,Galium,aparine,,,,native,S5,,48.874510000000001,-123.333782999999997,,NA,NA,"12763270",obs_native,file:///D:/Simon/Sync/Root/GIS/Biodiversity%20Data/obs_native.csv?type=csv&maxFields=10000&detectTypes=yes&xField=longitude&yField=latitude&crs=EPSG:4326&spatialIndex=no&subsetIndex=no&watchFile=no
"3896",Galium aparine,Galium,aparine,,,,native,S5,,48.874077000000000,-123.342488000000003,,NA,NA,"12791169",obs_native,file:///D:/Simon/Sync/Root/GIS/Biodiversity%20Data/obs_native.csv?type=csv&maxFields=10000&detectTypes=yes&xField=longitude&yField=latitude&crs=EPSG:4326&spatialIndex=no&subsetIndex=no&watchFile=no
"3897",Galium aparine,Galium,aparine,,,,native,S5,,48.868533999999997,-123.338466999999994,,NA,NA,"12816599",obs_native,file:///D:/Simon/Sync/Root/GIS/Biodiversity%20Data/obs_native.csv?type=csv&maxFields=10000&detectTypes=yes&xField=longitude&yField=latitude&crs=EPSG:4326&spatialIndex=no&subsetIndex=no&watchFile=no
"3898",Galium aparine,Galium,aparine,,,,native,S5,,48.867058000000000,-123.334428000000003,,NA,NA,"12817029",obs_native,file:///D:/Simon/Sync/Root/GIS/Biodiversity%20Data/obs_native.csv?type=csv&maxFields=10000&detectTypes=yes&xField=longitude&yField=latitude&crs=EPSG:4326&spatialIndex=no&subsetIndex=no&watchFile=no
"3899",Galium aparine,Galium,aparine,,,,native,S5,,48.866025999999998,-123.333974999999995,,NA,NA,"12817508",obs_native,file:///D:/Simon/Sync/Root/GIS/Biodiversity%20Data/obs_native.csv?type=csv&maxFields=10000&detectTypes=yes&xField=longitude&yField=latitude&crs=EPSG:4326&spatialIndex=no&subsetIndex=no&watchFile=no
"3900",Galium aparine,Galium,aparine,,,,native,S5,,48.869961619999998,-123.319775399999997,,NA,NA,"13089097",obs_native,file:///D:/Simon/Sync/Root/GIS/Biodiversity%20Data/obs_native.csv?type=csv&maxFields=10000&detectTypes=yes&xField=longitude&yField=latitude&crs=EPSG:4326&spatialIndex=no&subsetIndex=no&watchFile=no
"3901",Galium aparine,Galium,aparine,,,,native,S5,,48.869679099999999,-123.319728400000002,,NA,NA,"13318267",obs_native,file:///D:/Simon/Sync/Root/GIS/Biodiversity%20Data/obs_native.csv?type=csv&maxFields=10000&detectTypes=yes&xField=longitude&yField=latitude&crs=EPSG:4326&spatialIndex=no&subsetIndex=no&watchFile=no
"3902",Galium aparine,Galium,aparine,,,,native,S5,,48.899221670000003,-123.407628299999999,,NA,NA,"13973831",obs_native,file:///D:/Simon/Sync/Root/GIS/Biodiversity%20Data/obs_native.csv?type=csv&maxFields=10000&detectTypes=yes&xField=longitude&yField=latitude&crs=EPSG:4326&spatialIndex=no&subsetIndex=no&watchFile=no
"3903",Galium aparine,Galium,aparine,,,,native,S5,,48.862075109999999,-123.372181200000000,,NA,NA,"16344392",obs_native,file:///D:/Simon/Sync/Root/GIS/Biodiversity%20Data/obs_native.csv?type=csv&maxFields=10000&detectTypes=yes&xField=longitude&yField=latitude&crs=EPSG:4326&spatialIndex=no&subsetIndex=no&watchFile=no
"3904",Galium aparine,Galium,aparine,,,,native,S5,,48.868475629999999,-123.378375500000004,,NA,NA,"17693188",obs_native,file:///D:/Simon/Sync/Root/GIS/Biodiversity%20Data/obs_native.csv?type=csv&maxFields=10000&detectTypes=yes&xField=longitude&yField=latitude&crs=EPSG:4326&spatialIndex=no&subsetIndex=no&watchFile=no
"3905",Galium aparine,Galium,aparine,,,,native,S5,,48.873604000000000,-123.341832999999994,,NA,NA,"17784842",obs_native,file:///D:/Simon/Sync/Root/GIS/Biodiversity%20Data/obs_native.csv?type=csv&maxFields=10000&detectTypes=yes&xField=longitude&yField=latitude&crs=EPSG:4326&spatialIndex=no&subsetIndex=no&watchFile=no
"3906",Galium aparine,Galium,aparine,,,,native,S5,,48.871703959999998,-123.310829699999999,,NA,NA,"22799486",obs_native,file:///D:/Simon/Sync/Root/GIS/Biodiversity%20Data/obs_native.csv?type=csv&maxFields=10000&detectTypes=yes&xField=longitude&yField=latitude&crs=EPSG:4326&spatialIndex=no&subsetIndex=no&watchFile=no
"3907",Galium aparine,Galium,aparine,,,,native,S5,,48.962366670000002,-123.517386099999996,,NA,NA,"24663850",obs_native,file:///D:/Simon/Sync/Root/GIS/Biodiversity%20Data/obs_native.csv?type=csv&maxFields=10000&detectTypes=yes&xField=longitude&yField=latitude&crs=EPSG:4326&spatialIndex=no&subsetIndex=no&watchFile=no
"3908",Galium aparine,Galium,aparine,,,,native,S5,,48.963013889999999,-123.518263899999994,,NA,NA,"24663899",obs_native,file:///D:/Simon/Sync/Root/GIS/Biodiversity%20Data/obs_native.csv?type=csv&maxFields=10000&detectTypes=yes&xField=longitude&yField=latitude&crs=EPSG:4326&spatialIndex=no&subsetIndex=no&watchFile=no
"3909",Galium aparine,Galium,aparine,,,,native,S5,,48.962594439999997,-123.517983299999997,,NA,NA,"24663933",obs_native,file:///D:/Simon/Sync/Root/GIS/Biodiversity%20Data/obs_native.csv?type=csv&maxFields=10000&detectTypes=yes&xField=longitude&yField=latitude&crs=EPSG:4326&spatialIndex=no&subsetIndex=no&watchFile=no
"3910",Galium aparine,Galium,aparine,,,,native,S5,,48.962544440000002,-123.517944400000005,,NA,NA,"24663936",obs_native,file:///D:/Simon/Sync/Root/GIS/Biodiversity%20Data/obs_native.csv?type=csv&maxFields=10000&detectTypes=yes&xField=longitude&yField=latitude&crs=EPSG:4326&spatialIndex=no&subsetIndex=no&watchFile=no
"3911",Galium aparine,Galium,aparine,,,,native,S5,,48.962997219999998,-123.517363900000007,,NA,NA,"24665090",obs_native,file:///D:/Simon/Sync/Root/GIS/Biodiversity%20Data/obs_native.csv?type=csv&maxFields=10000&detectTypes=yes&xField=longitude&yField=latitude&crs=EPSG:4326&spatialIndex=no&subsetIndex=no&watchFile=no
"3912",Galium aparine,Galium,aparine,,,,native,S5,,48.963794440000001,-123.515938899999995,,NA,NA,"24665168",obs_native,file:///D:/Simon/Sync/Root/GIS/Biodiversity%20Data/obs_native.csv?type=csv&maxFields=10000&detectTypes=yes&xField=longitude&yField=latitude&crs=EPSG:4326&spatialIndex=no&subsetIndex=no&watchFile=no
"3913",Galium aparine,Galium,aparine,,,,native,S5,,48.963111110000000,-123.515761100000006,,NA,NA,"24665200",obs_native,file:///D:/Simon/Sync/Root/GIS/Biodiversity%20Data/obs_native.csv?type=csv&maxFields=10000&detectTypes=yes&xField=longitude&yField=latitude&crs=EPSG:4326&spatialIndex=no&subsetIndex=no&watchFile=no
"3914",Galium aparine,Galium,aparine,,,,native,S5,,48.963722220000001,-123.515419399999999,,NA,NA,"24666740",obs_native,file:///D:/Simon/Sync/Root/GIS/Biodiversity%20Data/obs_native.csv?type=csv&maxFields=10000&detectTypes=yes&xField=longitude&yField=latitude&crs=EPSG:4326&spatialIndex=no&subsetIndex=no&watchFile=no
"3915",Galium aparine,Galium,aparine,,,,native,S5,,48.963833330000000,-123.515738900000002,,NA,NA,"24666741",obs_native,file:///D:/Simon/Sync/Root/GIS/Biodiversity%20Data/obs_native.csv?type=csv&maxFields=10000&detectTypes=yes&xField=longitude&yField=latitude&crs=EPSG:4326&spatialIndex=no&subsetIndex=no&watchFile=no
"3916",Galium aparine,Galium,aparine,,,,native,S5,,48.900008329999999,-123.406836100000007,,NA,NA,"24672681",obs_native,file:///D:/Simon/Sync/Root/GIS/Biodiversity%20Data/obs_native.csv?type=csv&maxFields=10000&detectTypes=yes&xField=longitude&yField=latitude&crs=EPSG:4326&spatialIndex=no&subsetIndex=no&watchFile=no
"3917",Galium aparine,Galium,aparine,,,,native,S5,,48.964355560000001,-123.517494400000004,,NA,NA,"24674015",obs_native,file:///D:/Simon/Sync/Root/GIS/Biodiversity%20Data/obs_native.csv?type=csv&maxFields=10000&detectTypes=yes&xField=longitude&yField=latitude&crs=EPSG:4326&spatialIndex=no&subsetIndex=no&watchFile=no
"3918",Galium aparine,Galium,aparine,,,,native,S5,,48.901241669999997,-123.406341699999999,,NA,NA,"24676910",obs_native,file:///D:/Simon/Sync/Root/GIS/Biodiversity%20Data/obs_native.csv?type=csv&maxFields=10000&detectTypes=yes&xField=longitude&yField=latitude&crs=EPSG:4326&spatialIndex=no&subsetIndex=no&watchFile=no
"3919",Galium aparine,Galium,aparine,,,,native,S5,,48.962177779999998,-123.518180599999994,,NA,NA,"24683995",obs_native,file:///D:/Simon/Sync/Root/GIS/Biodiversity%20Data/obs_native.csv?type=csv&maxFields=10000&detectTypes=yes&xField=longitude&yField=latitude&crs=EPSG:4326&spatialIndex=no&subsetIndex=no&watchFile=no
"3920",Galium aparine,Galium,aparine,,,,native,S5,,48.868919439999999,-123.377838900000000,,NA,NA,"24688030",obs_native,file:///D:/Simon/Sync/Root/GIS/Biodiversity%20Data/obs_native.csv?type=csv&maxFields=10000&detectTypes=yes&xField=longitude&yField=latitude&crs=EPSG:4326&spatialIndex=no&subsetIndex=no&watchFile=no
"3921",Galium aparine,Galium,aparine,,,,native,S5,,48.965488890000003,-123.507477800000004,,NA,NA,"24690144",obs_native,file:///D:/Simon/Sync/Root/GIS/Biodiversity%20Data/obs_native.csv?type=csv&maxFields=10000&detectTypes=yes&xField=longitude&yField=latitude&crs=EPSG:4326&spatialIndex=no&subsetIndex=no&watchFile=no
"3922",Galium aparine,Galium,aparine,,,,native,S5,,48.957680000000003,-123.541991699999997,,NA,NA,"24699246",obs_native,file:///D:/Simon/Sync/Root/GIS/Biodiversity%20Data/obs_native.csv?type=csv&maxFields=10000&detectTypes=yes&xField=longitude&yField=latitude&crs=EPSG:4326&spatialIndex=no&subsetIndex=no&watchFile=no
"3923",Galium aparine,Galium,aparine,,,,native,S5,,48.866955560000001,-123.329194400000006,,NA,NA,"24701431",obs_native,file:///D:/Simon/Sync/Root/GIS/Biodiversity%20Data/obs_native.csv?type=csv&maxFields=10000&detectTypes=yes&xField=longitude&yField=latitude&crs=EPSG:4326&spatialIndex=no&subsetIndex=no&watchFile=no
"3924",Galium aparine,Galium,aparine,,,,native,S5,,48.872116560000002,-123.311676599999998,,NA,NA,"24707852",obs_native,file:///D:/Simon/Sync/Root/GIS/Biodiversity%20Data/obs_native.csv?type=csv&maxFields=10000&detectTypes=yes&xField=longitude&yField=latitude&crs=EPSG:4326&spatialIndex=no&subsetIndex=no&watchFile=no
"3925",Galium aparine,Galium,aparine,,,,native,S5,,48.871778480000003,-123.312107600000004,,NA,NA,"24708321",obs_native,file:///D:/Simon/Sync/Root/GIS/Biodiversity%20Data/obs_native.csv?type=csv&maxFields=10000&detectTypes=yes&xField=longitude&yField=latitude&crs=EPSG:4326&spatialIndex=no&subsetIndex=no&watchFile=no
"3926",Galium aparine,Galium,aparine,,,,native,S5,,48.899790340000003,-123.406582299999997,,NA,NA,"24709428",obs_native,file:///D:/Simon/Sync/Root/GIS/Biodiversity%20Data/obs_native.csv?type=csv&maxFields=10000&detectTypes=yes&xField=longitude&yField=latitude&crs=EPSG:4326&spatialIndex=no&subsetIndex=no&watchFile=no
"3927",Galium aparine,Galium,aparine,,,,native,S5,,48.962634160000000,-123.518016200000005,,NA,NA,"24709606",obs_native,file:///D:/Simon/Sync/Root/GIS/Biodiversity%20Data/obs_native.csv?type=csv&maxFields=10000&detectTypes=yes&xField=longitude&yField=latitude&crs=EPSG:4326&spatialIndex=no&subsetIndex=no&watchFile=no
"3928",Galium aparine,Galium,aparine,,,,native,S5,,48.872053360000002,-123.311624399999999,,NA,NA,"24712610",obs_native,file:///D:/Simon/Sync/Root/GIS/Biodiversity%20Data/obs_native.csv?type=csv&maxFields=10000&detectTypes=yes&xField=longitude&yField=latitude&crs=EPSG:4326&spatialIndex=no&subsetIndex=no&watchFile=no
"3929",Galium aparine,Galium,aparine,,,,native,S5,,48.871801570000002,-123.312151499999999,,NA,NA,"24714981",obs_native,file:///D:/Simon/Sync/Root/GIS/Biodiversity%20Data/obs_native.csv?type=csv&maxFields=10000&detectTypes=yes&xField=longitude&yField=latitude&crs=EPSG:4326&spatialIndex=no&subsetIndex=no&watchFile=no
"3930",Galium aparine,Galium,aparine,,,,native,S5,,48.901248240000001,-123.406071200000000,,NA,NA,"24715468",obs_native,file:///D:/Simon/Sync/Root/GIS/Biodiversity%20Data/obs_native.csv?type=csv&maxFields=10000&detectTypes=yes&xField=longitude&yField=latitude&crs=EPSG:4326&spatialIndex=no&subsetIndex=no&watchFile=no
"3931",Galium aparine,Galium,aparine,,,,native,S5,,48.901425269999997,-123.405168000000003,,NA,NA,"24715866",obs_native,file:///D:/Simon/Sync/Root/GIS/Biodiversity%20Data/obs_native.csv?type=csv&maxFields=10000&detectTypes=yes&xField=longitude&yField=latitude&crs=EPSG:4326&spatialIndex=no&subsetIndex=no&watchFile=no
"3932",Galium aparine,Galium,aparine,,,,native,S5,,48.859510000000000,-123.353243300000003,,NA,NA,"24768160",obs_native,file:///D:/Simon/Sync/Root/GIS/Biodiversity%20Data/obs_native.csv?type=csv&maxFields=10000&detectTypes=yes&xField=longitude&yField=latitude&crs=EPSG:4326&spatialIndex=no&subsetIndex=no&watchFile=no
"3933",Galium aparine,Galium,aparine,,,,native,S5,,48.872016670000001,-123.312766699999997,,NA,NA,"24806493",obs_native,file:///D:/Simon/Sync/Root/GIS/Biodiversity%20Data/obs_native.csv?type=csv&maxFields=10000&detectTypes=yes&xField=longitude&yField=latitude&crs=EPSG:4326&spatialIndex=no&subsetIndex=no&watchFile=no
"3934",Galium aparine,Galium,aparine,,,,native,S5,,48.871761110000001,-123.312080600000002,,NA,NA,"24806524",obs_native,file:///D:/Simon/Sync/Root/GIS/Biodiversity%20Data/obs_native.csv?type=csv&maxFields=10000&detectTypes=yes&xField=longitude&yField=latitude&crs=EPSG:4326&spatialIndex=no&subsetIndex=no&watchFile=no
"3935",Galium aparine,Galium,aparine,,,,native,S5,,48.871952780000001,-123.312408300000001,,NA,NA,"24824084",obs_native,file:///D:/Simon/Sync/Root/GIS/Biodiversity%20Data/obs_native.csv?type=csv&maxFields=10000&detectTypes=yes&xField=longitude&yField=latitude&crs=EPSG:4326&spatialIndex=no&subsetIndex=no&watchFile=no
"3936",Galium aparine,Galium,aparine,,,,native,S5,,48.962045959999998,-123.518197999999998,,NA,NA,"24919701",obs_native,file:///D:/Simon/Sync/Root/GIS/Biodiversity%20Data/obs_native.csv?type=csv&maxFields=10000&detectTypes=yes&xField=longitude&yField=latitude&crs=EPSG:4326&spatialIndex=no&subsetIndex=no&watchFile=no
"3937",Galium aparine,Galium,aparine,,,,native,S5,,48.963134009999997,-123.515962299999998,,NA,NA,"24920088",obs_native,file:///D:/Simon/Sync/Root/GIS/Biodiversity%20Data/obs_native.csv?type=csv&maxFields=10000&detectTypes=yes&xField=longitude&yField=latitude&crs=EPSG:4326&spatialIndex=no&subsetIndex=no&watchFile=no
"3938",Galium aparine,Galium,aparine,,,,native,S5,,48.963414049999997,-123.520042900000007,,NA,NA,"24920324",obs_native,file:///D:/Simon/Sync/Root/GIS/Biodiversity%20Data/obs_native.csv?type=csv&maxFields=10000&detectTypes=yes&xField=longitude&yField=latitude&crs=EPSG:4326&spatialIndex=no&subsetIndex=no&watchFile=no
"3939",Galium aparine,Galium,aparine,,,,native,S5,,48.962019470000001,-123.518373100000005,,NA,NA,"24940036",obs_native,file:///D:/Simon/Sync/Root/GIS/Biodiversity%20Data/obs_native.csv?type=csv&maxFields=10000&detectTypes=yes&xField=longitude&yField=latitude&crs=EPSG:4326&spatialIndex=no&subsetIndex=no&watchFile=no
"3940",Galium aparine,Galium,aparine,,,,native,S5,,48.962191390000001,-123.518067799999997,,NA,NA,"24940125",obs_native,file:///D:/Simon/Sync/Root/GIS/Biodiversity%20Data/obs_native.csv?type=csv&maxFields=10000&detectTypes=yes&xField=longitude&yField=latitude&crs=EPSG:4326&spatialIndex=no&subsetIndex=no&watchFile=no
"3941",Galium aparine,Galium,aparine,,,,native,S5,,48.872138890000002,-123.312736099999995,,NA,NA,"25048271",obs_native,file:///D:/Simon/Sync/Root/GIS/Biodiversity%20Data/obs_native.csv?type=csv&maxFields=10000&detectTypes=yes&xField=longitude&yField=latitude&crs=EPSG:4326&spatialIndex=no&subsetIndex=no&watchFile=no
"3942",Galium aparine,Galium,aparine,,,,native,S5,,48.872080560000001,-123.312819399999995,,NA,NA,"25048272",obs_native,file:///D:/Simon/Sync/Root/GIS/Biodiversity%20Data/obs_native.csv?type=csv&maxFields=10000&detectTypes=yes&xField=longitude&yField=latitude&crs=EPSG:4326&spatialIndex=no&subsetIndex=no&watchFile=no
"3943",Galium aparine,Galium,aparine,,,,native,S5,,48.872761169999997,-123.312350199999997,,NA,NA,"25199067",obs_native,file:///D:/Simon/Sync/Root/GIS/Biodiversity%20Data/obs_native.csv?type=csv&maxFields=10000&detectTypes=yes&xField=longitude&yField=latitude&crs=EPSG:4326&spatialIndex=no&subsetIndex=no&watchFile=no
"3944",Galium aparine,Galium,aparine,,,,native,S5,,48.900349660000003,-123.406839599999998,,NA,NA,"25477950",obs_native,file:///D:/Simon/Sync/Root/GIS/Biodiversity%20Data/obs_native.csv?type=csv&maxFields=10000&detectTypes=yes&xField=longitude&yField=latitude&crs=EPSG:4326&spatialIndex=no&subsetIndex=no&watchFile=no
"3945",Galium aparine,Galium,aparine,,,,native,S5,,48.899167060000003,-123.404180400000001,,NA,NA,"25478375",obs_native,file:///D:/Simon/Sync/Root/GIS/Biodiversity%20Data/obs_native.csv?type=csv&maxFields=10000&detectTypes=yes&xField=longitude&yField=latitude&crs=EPSG:4326&spatialIndex=no&subsetIndex=no&watchFile=no
"3946",Galium aparine,Galium,aparine,,,,native,S5,,48.899937399999999,-123.404090299999993,,NA,NA,"25478407",obs_native,file:///D:/Simon/Sync/Root/GIS/Biodiversity%20Data/obs_native.csv?type=csv&maxFields=10000&detectTypes=yes&xField=longitude&yField=latitude&crs=EPSG:4326&spatialIndex=no&subsetIndex=no&watchFile=no
"3947",Galium aparine,Galium,aparine,,,,native,S5,,48.866976899999997,-123.375905399999994,,NA,NA,"25479012",obs_native,file:///D:/Simon/Sync/Root/GIS/Biodiversity%20Data/obs_native.csv?type=csv&maxFields=10000&detectTypes=yes&xField=longitude&yField=latitude&crs=EPSG:4326&spatialIndex=no&subsetIndex=no&watchFile=no
"3948",Galium aparine,Galium,aparine,,,,native,S5,,48.978669410000002,-123.556436099999999,,NA,NA,"25479773",obs_native,file:///D:/Simon/Sync/Root/GIS/Biodiversity%20Data/obs_native.csv?type=csv&maxFields=10000&detectTypes=yes&xField=longitude&yField=latitude&crs=EPSG:4326&spatialIndex=no&subsetIndex=no&watchFile=no
"3949",Galium aparine,Galium,aparine,,,,native,S5,,48.979127020000000,-123.557012499999999,,NA,NA,"25479936",obs_native,file:///D:/Simon/Sync/Root/GIS/Biodiversity%20Data/obs_native.csv?type=csv&maxFields=10000&detectTypes=yes&xField=longitude&yField=latitude&crs=EPSG:4326&spatialIndex=no&subsetIndex=no&watchFile=no
"3950",Galium aparine,Galium,aparine,,,,native,S5,,48.899875000000002,-123.406769400000002,,NA,NA,"25540447",obs_native,file:///D:/Simon/Sync/Root/GIS/Biodiversity%20Data/obs_native.csv?type=csv&maxFields=10000&detectTypes=yes&xField=longitude&yField=latitude&crs=EPSG:4326&spatialIndex=no&subsetIndex=no&watchFile=no
"3951",Galium aparine,Galium,aparine,,,,native,S5,,48.962366670000002,-123.517852800000000,,NA,NA,"25577934",obs_native,file:///D:/Simon/Sync/Root/GIS/Biodiversity%20Data/obs_native.csv?type=csv&maxFields=10000&detectTypes=yes&xField=longitude&yField=latitude&crs=EPSG:4326&spatialIndex=no&subsetIndex=no&watchFile=no
"3952",Galium aparine,Galium,aparine,,,,native,S5,,48.964180560000003,-123.517630600000004,,NA,NA,"25599935",obs_native,file:///D:/Simon/Sync/Root/GIS/Biodiversity%20Data/obs_native.csv?type=csv&maxFields=10000&detectTypes=yes&xField=longitude&yField=latitude&crs=EPSG:4326&spatialIndex=no&subsetIndex=no&watchFile=no
"3953",Galium aparine,Galium,aparine,,,,native,S5,,48.872886110000003,-123.311561100000006,,NA,NA,"25657910",obs_native,file:///D:/Simon/Sync/Root/GIS/Biodiversity%20Data/obs_native.csv?type=csv&maxFields=10000&detectTypes=yes&xField=longitude&yField=latitude&crs=EPSG:4326&spatialIndex=no&subsetIndex=no&watchFile=no
"3954",Galium aparine,Galium,aparine,,,,native,S5,,48.866355560000002,-123.331466699999993,,NA,NA,"25658049",obs_native,file:///D:/Simon/Sync/Root/GIS/Biodiversity%20Data/obs_native.csv?type=csv&maxFields=10000&detectTypes=yes&xField=longitude&yField=latitude&crs=EPSG:4326&spatialIndex=no&subsetIndex=no&watchFile=no
"3955",Galium aparine,Galium,aparine,,,,native,S5,,48.866722220000000,-123.329252800000006,,NA,NA,"25658050",obs_native,file:///D:/Simon/Sync/Root/GIS/Biodiversity%20Data/obs_native.csv?type=csv&maxFields=10000&detectTypes=yes&xField=longitude&yField=latitude&crs=EPSG:4326&spatialIndex=no&subsetIndex=no&watchFile=no
"3956",Galium aparine,Galium,aparine,,,,native,S5,,48.895119999999999,-123.404420000000002,,NA,NA,"32119783",obs_native,file:///D:/Simon/Sync/Root/GIS/Biodiversity%20Data/obs_native.csv?type=csv&maxFields=10000&detectTypes=yes&xField=longitude&yField=latitude&crs=EPSG:4326&spatialIndex=no&subsetIndex=no&watchFile=no
"3957",Galium aparine,Galium,aparine,,,,native,S5,,48.871983329999999,-123.312920000000005,,NA,NA,"32120987",obs_native,file:///D:/Simon/Sync/Root/GIS/Biodiversity%20Data/obs_native.csv?type=csv&maxFields=10000&detectTypes=yes&xField=longitude&yField=latitude&crs=EPSG:4326&spatialIndex=no&subsetIndex=no&watchFile=no
"3958",Galium aparine,Galium,aparine,,,,native,S5,,48.901254999999999,-123.405333299999995,,NA,NA,"32128779",obs_native,file:///D:/Simon/Sync/Root/GIS/Biodiversity%20Data/obs_native.csv?type=csv&maxFields=10000&detectTypes=yes&xField=longitude&yField=latitude&crs=EPSG:4326&spatialIndex=no&subsetIndex=no&watchFile=no
"3959",Galium aparine,Galium,aparine,,,,native,S5,,48.866259509999999,-123.369015200000007,,NA,NA,"41788588",obs_native,file:///D:/Simon/Sync/Root/GIS/Biodiversity%20Data/obs_native.csv?type=csv&maxFields=10000&detectTypes=yes&xField=longitude&yField=latitude&crs=EPSG:4326&spatialIndex=no&subsetIndex=no&watchFile=no
"3960",Galium aparine,Galium,aparine,,,,native,S5,,48.865647220000000,-123.365211099999996,,NA,NA,"42637624",obs_native,file:///D:/Simon/Sync/Root/GIS/Biodiversity%20Data/obs_native.csv?type=csv&maxFields=10000&detectTypes=yes&xField=longitude&yField=latitude&crs=EPSG:4326&spatialIndex=no&subsetIndex=no&watchFile=no
"3961",Galium aparine,Galium,aparine,,,,native,S5,,48.866043910000002,-123.350611799999996,,NA,NA,"43555519",obs_native,file:///D:/Simon/Sync/Root/GIS/Biodiversity%20Data/obs_native.csv?type=csv&maxFields=10000&detectTypes=yes&xField=longitude&yField=latitude&crs=EPSG:4326&spatialIndex=no&subsetIndex=no&watchFile=no
"3962",Galium aparine,Galium,aparine,,,,native,S5,,48.866036670000000,-123.350548300000000,,NA,NA,"48304584",obs_native,file:///D:/Simon/Sync/Root/GIS/Biodiversity%20Data/obs_native.csv?type=csv&maxFields=10000&detectTypes=yes&xField=longitude&yField=latitude&crs=EPSG:4326&spatialIndex=no&subsetIndex=no&watchFile=no
"3963",Galium aparine,Galium,aparine,,,,native,S5,,48.930131990000000,-123.466987099999997,,NA,NA,"52906211",obs_native,file:///D:/Simon/Sync/Root/GIS/Biodiversity%20Data/obs_native.csv?type=csv&maxFields=10000&detectTypes=yes&xField=longitude&yField=latitude&crs=EPSG:4326&spatialIndex=no&subsetIndex=no&watchFile=no
"3964",Galium aparine,Galium,aparine,,,,native,S5,,48.930251300000002,-123.467480499999994,,NA,NA,"52922906",obs_native,file:///D:/Simon/Sync/Root/GIS/Biodiversity%20Data/obs_native.csv?type=csv&maxFields=10000&detectTypes=yes&xField=longitude&yField=latitude&crs=EPSG:4326&spatialIndex=no&subsetIndex=no&watchFile=no
"3965",Galium aparine,Galium,aparine,,,,native,S5,,48.932329740000000,-123.479633699999994,,NA,NA,"54409704",obs_native,file:///D:/Simon/Sync/Root/GIS/Biodiversity%20Data/obs_native.csv?type=csv&maxFields=10000&detectTypes=yes&xField=longitude&yField=latitude&crs=EPSG:4326&spatialIndex=no&subsetIndex=no&watchFile=no
"3966",Galium aparine,Galium,aparine,,,,native,S5,,48.865243589999999,-123.352306200000001,,NA,NA,"66860038",obs_native,file:///D:/Simon/Sync/Root/GIS/Biodiversity%20Data/obs_native.csv?type=csv&maxFields=10000&detectTypes=yes&xField=longitude&yField=latitude&crs=EPSG:4326&spatialIndex=no&subsetIndex=no&watchFile=no
"3967",Galium aparine,Galium,aparine,,,,native,S5,,48.942277580000003,-123.499643899999995,,NA,NA,"70065794",obs_native,file:///D:/Simon/Sync/Root/GIS/Biodiversity%20Data/obs_native.csv?type=csv&maxFields=10000&detectTypes=yes&xField=longitude&yField=latitude&crs=EPSG:4326&spatialIndex=no&subsetIndex=no&watchFile=no
"3968",Galium aparine,Galium,aparine,,,,native,S5,,49.010930479999999,-123.573562100000004,,NA,NA,"72229256",obs_native,file:///D:/Simon/Sync/Root/GIS/Biodiversity%20Data/obs_native.csv?type=csv&maxFields=10000&detectTypes=yes&xField=longitude&yField=latitude&crs=EPSG:4326&spatialIndex=no&subsetIndex=no&watchFile=no
"3969",Galium aparine,Galium,aparine,,,,native,S5,,48.949294999999999,-123.510461699999993,,NA,NA,"77930109",obs_native,file:///D:/Simon/Sync/Root/GIS/Biodiversity%20Data/obs_native.csv?type=csv&maxFields=10000&detectTypes=yes&xField=longitude&yField=latitude&crs=EPSG:4326&spatialIndex=no&subsetIndex=no&watchFile=no
"3970",Galium aparine,Galium,aparine,,,,native,S5,,48.887129999999999,-123.362788300000005,,NA,NA,"83097995",obs_native,file:///D:/Simon/Sync/Root/GIS/Biodiversity%20Data/obs_native.csv?type=csv&maxFields=10000&detectTypes=yes&xField=longitude&yField=latitude&crs=EPSG:4326&spatialIndex=no&subsetIndex=no&watchFile=no
"3971",Galium aparine,Galium,aparine,,,,native,S5,,49.011290209999999,-123.575564900000003,,NA,NA,"83603050",obs_native,file:///D:/Simon/Sync/Root/GIS/Biodiversity%20Data/obs_native.csv?type=csv&maxFields=10000&detectTypes=yes&xField=longitude&yField=latitude&crs=EPSG:4326&spatialIndex=no&subsetIndex=no&watchFile=no
"3972",Galium aparine,Galium,aparine,,,,native,S5,,48.948591669999999,-123.502371699999998,,NA,NA,"107022555",obs_native,file:///D:/Simon/Sync/Root/GIS/Biodiversity%20Data/obs_native.csv?type=csv&maxFields=10000&detectTypes=yes&xField=longitude&yField=latitude&crs=EPSG:4326&spatialIndex=no&subsetIndex=no&watchFile=no
"3973",Galium aparine,Galium,aparine,,,,native,S5,,48.948259999999998,-123.502075000000005,,NA,NA,"107022557",obs_native,file:///D:/Simon/Sync/Root/GIS/Biodiversity%20Data/obs_native.csv?type=csv&maxFields=10000&detectTypes=yes&xField=longitude&yField=latitude&crs=EPSG:4326&spatialIndex=no&subsetIndex=no&watchFile=no
"3974",Galium aparine,Galium,aparine,,,,native,S5,,48.867505000000001,-123.339240000000004,,NA,NA,"107521177",obs_native,file:///D:/Simon/Sync/Root/GIS/Biodiversity%20Data/obs_native.csv?type=csv&maxFields=10000&detectTypes=yes&xField=longitude&yField=latitude&crs=EPSG:4326&spatialIndex=no&subsetIndex=no&watchFile=no
"3975",Galium aparine,Galium,aparine,,,,native,S5,,48.865235699999999,-123.351923499999998,,NA,NA,"107673375",obs_native,file:///D:/Simon/Sync/Root/GIS/Biodiversity%20Data/obs_native.csv?type=csv&maxFields=10000&detectTypes=yes&xField=longitude&yField=latitude&crs=EPSG:4326&spatialIndex=no&subsetIndex=no&watchFile=no
"3976",Galium aparine,Galium,aparine,,,,native,S5,,49.000294449999998,-123.583846699999995,,NA,NA,"109622704",obs_native,file:///D:/Simon/Sync/Root/GIS/Biodiversity%20Data/obs_native.csv?type=csv&maxFields=10000&detectTypes=yes&xField=longitude&yField=latitude&crs=EPSG:4326&spatialIndex=no&subsetIndex=no&watchFile=no
"3977",Galium aparine,Galium,aparine,,,,native,S5,,48.906366669999997,-123.361886699999999,,NA,NA,"111052883",obs_native,file:///D:/Simon/Sync/Root/GIS/Biodiversity%20Data/obs_native.csv?type=csv&maxFields=10000&detectTypes=yes&xField=longitude&yField=latitude&crs=EPSG:4326&spatialIndex=no&subsetIndex=no&watchFile=no
"3978",Galium aparine,Galium,aparine,,,,native,S5,,48.865978329999997,-123.369225000000000,,NA,NA,"111609853",obs_native,file:///D:/Simon/Sync/Root/GIS/Biodiversity%20Data/obs_native.csv?type=csv&maxFields=10000&detectTypes=yes&xField=longitude&yField=latitude&crs=EPSG:4326&spatialIndex=no&subsetIndex=no&watchFile=no
"3979",Galium aparine,Galium,aparine,,,,native,S5,,48.880478330000003,-123.380476700000003,,NA,NA,"118718762",obs_native,file:///D:/Simon/Sync/Root/GIS/Biodiversity%20Data/obs_native.csv?type=csv&maxFields=10000&detectTypes=yes&xField=longitude&yField=latitude&crs=EPSG:4326&spatialIndex=no&subsetIndex=no&watchFile=no
"3980",Galium aparine,Galium,aparine,,,,native,S5,,48.897588329999998,-123.338991699999994,,NA,NA,"120494848",obs_native,file:///D:/Simon/Sync/Root/GIS/Biodiversity%20Data/obs_native.csv?type=csv&maxFields=10000&detectTypes=yes&xField=longitude&yField=latitude&crs=EPSG:4326&spatialIndex=no&subsetIndex=no&watchFile=no
"3981",Galium aparine,Galium,aparine,,,,native,S5,,48.888583330000003,-123.336243300000007,,NA,NA,"121538481",obs_native,file:///D:/Simon/Sync/Root/GIS/Biodiversity%20Data/obs_native.csv?type=csv&maxFields=10000&detectTypes=yes&xField=longitude&yField=latitude&crs=EPSG:4326&spatialIndex=no&subsetIndex=no&watchFile=no
"3982",Galium aparine,Galium,aparine,,,,native,S5,,48.862753329999997,-123.351224999999999,,NA,NA,"122258269",obs_native,file:///D:/Simon/Sync/Root/GIS/Biodiversity%20Data/obs_native.csv?type=csv&maxFields=10000&detectTypes=yes&xField=longitude&yField=latitude&crs=EPSG:4326&spatialIndex=no&subsetIndex=no&watchFile=no
"3983",Galium aparine,Galium,aparine,,,,native,S5,,49.012270000000001,-123.574696700000004,,NA,NA,"123934477",obs_native,file:///D:/Simon/Sync/Root/GIS/Biodiversity%20Data/obs_native.csv?type=csv&maxFields=10000&detectTypes=yes&xField=longitude&yField=latitude&crs=EPSG:4326&spatialIndex=no&subsetIndex=no&watchFile=no
"3984",Galium aparine,Galium,aparine,,,,native,S5,,49.012774999999998,-123.572958299999996,,NA,NA,"123934569",obs_native,file:///D:/Simon/Sync/Root/GIS/Biodiversity%20Data/obs_native.csv?type=csv&maxFields=10000&detectTypes=yes&xField=longitude&yField=latitude&crs=EPSG:4326&spatialIndex=no&subsetIndex=no&watchFile=no
"3985",Galium aparine,Galium,aparine,,,,native,S5,,48.984062119999997,-123.543743500000005,,NA,NA,"125654035",obs_native,file:///D:/Simon/Sync/Root/GIS/Biodiversity%20Data/obs_native.csv?type=csv&maxFields=10000&detectTypes=yes&xField=longitude&yField=latitude&crs=EPSG:4326&spatialIndex=no&subsetIndex=no&watchFile=no
"3986",Galium aparine,Galium,aparine,,,,native,S5,,48.899016670000002,-123.407708299999996,,NA,NA,"127944429",obs_native,file:///D:/Simon/Sync/Root/GIS/Biodiversity%20Data/obs_native.csv?type=csv&maxFields=10000&detectTypes=yes&xField=longitude&yField=latitude&crs=EPSG:4326&spatialIndex=no&subsetIndex=no&watchFile=no
"3987",Galium trifidum,Galium,trifidum,,,,native,S4?,,48.992897999999997,-123.574943000000005,,NA,NA,"3881959",obs_native,file:///D:/Simon/Sync/Root/GIS/Biodiversity%20Data/obs_native.csv?type=csv&maxFields=10000&detectTypes=yes&xField=longitude&yField=latitude&crs=EPSG:4326&spatialIndex=no&subsetIndex=no&watchFile=no
"3988",Galium trifidum,Galium,trifidum,,,,native,S4?,,48.993091669999998,-123.575713899999997,,NA,NA,"3889100",obs_native,file:///D:/Simon/Sync/Root/GIS/Biodiversity%20Data/obs_native.csv?type=csv&maxFields=10000&detectTypes=yes&xField=longitude&yField=latitude&crs=EPSG:4326&spatialIndex=no&subsetIndex=no&watchFile=no
"3989",Galium trifidum,Galium,trifidum,,,,native,S4?,,48.983393000000000,-123.556253999999996,,NA,NA,"3890848",obs_native,file:///D:/Simon/Sync/Root/GIS/Biodiversity%20Data/obs_native.csv?type=csv&maxFields=10000&detectTypes=yes&xField=longitude&yField=latitude&crs=EPSG:4326&spatialIndex=no&subsetIndex=no&watchFile=no
"3990",Galium trifidum,Galium,trifidum,,,,native,S4?,,48.895919669999998,-123.344496000000007,,NA,NA,"13974440",obs_native,file:///D:/Simon/Sync/Root/GIS/Biodiversity%20Data/obs_native.csv?type=csv&maxFields=10000&detectTypes=yes&xField=longitude&yField=latitude&crs=EPSG:4326&spatialIndex=no&subsetIndex=no&watchFile=no
"3991",Galium trifidum,Galium,trifidum,,,,native,S4?,,48.928958330000000,-123.469186100000002,,NA,NA,"15854528",obs_native,file:///D:/Simon/Sync/Root/GIS/Biodiversity%20Data/obs_native.csv?type=csv&maxFields=10000&detectTypes=yes&xField=longitude&yField=latitude&crs=EPSG:4326&spatialIndex=no&subsetIndex=no&watchFile=no
"3992",Galium trifidum,Galium,trifidum,,,,native,S4?,,48.909980560000001,-123.415450000000007,,NA,NA,"56906397",obs_native,file:///D:/Simon/Sync/Root/GIS/Biodiversity%20Data/obs_native.csv?type=csv&maxFields=10000&detectTypes=yes&xField=longitude&yField=latitude&crs=EPSG:4326&spatialIndex=no&subsetIndex=no&watchFile=no
"3993",Galium trifidum,Galium,trifidum,,,,native,S4?,,48.864888329999999,-123.364213300000003,,NA,NA,"85291230",obs_native,file:///D:/Simon/Sync/Root/GIS/Biodiversity%20Data/obs_native.csv?type=csv&maxFields=10000&detectTypes=yes&xField=longitude&yField=latitude&crs=EPSG:4326&spatialIndex=no&subsetIndex=no&watchFile=no
"3994",Galium triflorum,Galium,triflorum,,,,native,S5,,48.916814000000002,-123.424100999999993,,NA,NA,"3093464",obs_native,file:///D:/Simon/Sync/Root/GIS/Biodiversity%20Data/obs_native.csv?type=csv&maxFields=10000&detectTypes=yes&xField=longitude&yField=latitude&crs=EPSG:4326&spatialIndex=no&subsetIndex=no&watchFile=no
"3995",Galium triflorum,Galium,triflorum,,,,native,S5,,48.916645000000003,-123.424272999999999,,NA,NA,"3093620",obs_native,file:///D:/Simon/Sync/Root/GIS/Biodiversity%20Data/obs_native.csv?type=csv&maxFields=10000&detectTypes=yes&xField=longitude&yField=latitude&crs=EPSG:4326&spatialIndex=no&subsetIndex=no&watchFile=no
"3996",Galium triflorum,Galium,triflorum,,,,native,S5,,48.915652000000001,-123.426826000000005,,NA,NA,"3335680",obs_native,file:///D:/Simon/Sync/Root/GIS/Biodiversity%20Data/obs_native.csv?type=csv&maxFields=10000&detectTypes=yes&xField=longitude&yField=latitude&crs=EPSG:4326&spatialIndex=no&subsetIndex=no&watchFile=no
"3997",Galium triflorum,Galium,triflorum,,,,native,S5,,48.904364149999999,-123.357689399999998,,NA,NA,"5900408",obs_native,file:///D:/Simon/Sync/Root/GIS/Biodiversity%20Data/obs_native.csv?type=csv&maxFields=10000&detectTypes=yes&xField=longitude&yField=latitude&crs=EPSG:4326&spatialIndex=no&subsetIndex=no&watchFile=no
"3998",Galium triflorum,Galium,triflorum,,,,native,S5,,48.943192879999998,-123.484139400000004,,NA,NA,"6411183",obs_native,file:///D:/Simon/Sync/Root/GIS/Biodiversity%20Data/obs_native.csv?type=csv&maxFields=10000&detectTypes=yes&xField=longitude&yField=latitude&crs=EPSG:4326&spatialIndex=no&subsetIndex=no&watchFile=no
"3999",Galium triflorum,Galium,triflorum,,,,native,S5,,48.876137000000000,-123.341972999999996,,NA,NA,"12631889",obs_native,file:///D:/Simon/Sync/Root/GIS/Biodiversity%20Data/obs_native.csv?type=csv&maxFields=10000&detectTypes=yes&xField=longitude&yField=latitude&crs=EPSG:4326&spatialIndex=no&subsetIndex=no&watchFile=no
"4000",Galium triflorum,Galium,triflorum,,,,native,S5,,48.979385049999998,-123.556431799999999,,NA,NA,"12648597",obs_native,file:///D:/Simon/Sync/Root/GIS/Biodiversity%20Data/obs_native.csv?type=csv&maxFields=10000&detectTypes=yes&xField=longitude&yField=latitude&crs=EPSG:4326&spatialIndex=no&subsetIndex=no&watchFile=no
"4001",Galium triflorum,Galium,triflorum,,,,native,S5,,48.872402999999998,-123.342645000000005,,NA,NA,"12762492",obs_native,file:///D:/Simon/Sync/Root/GIS/Biodiversity%20Data/obs_native.csv?type=csv&maxFields=10000&detectTypes=yes&xField=longitude&yField=latitude&crs=EPSG:4326&spatialIndex=no&subsetIndex=no&watchFile=no
"4002",Galium triflorum,Galium,triflorum,,,,native,S5,,48.874772999999998,-123.336338999999995,,NA,NA,"12763017",obs_native,file:///D:/Simon/Sync/Root/GIS/Biodiversity%20Data/obs_native.csv?type=csv&maxFields=10000&detectTypes=yes&xField=longitude&yField=latitude&crs=EPSG:4326&spatialIndex=no&subsetIndex=no&watchFile=no
"4003",Galium triflorum,Galium,triflorum,,,,native,S5,,48.874510000000001,-123.333782999999997,,NA,NA,"12763209",obs_native,file:///D:/Simon/Sync/Root/GIS/Biodiversity%20Data/obs_native.csv?type=csv&maxFields=10000&detectTypes=yes&xField=longitude&yField=latitude&crs=EPSG:4326&spatialIndex=no&subsetIndex=no&watchFile=no
"4004",Galium triflorum,Galium,triflorum,,,,native,S5,,48.871484000000002,-123.337271999999999,,NA,NA,"12792029",obs_native,file:///D:/Simon/Sync/Root/GIS/Biodiversity%20Data/obs_native.csv?type=csv&maxFields=10000&detectTypes=yes&xField=longitude&yField=latitude&crs=EPSG:4326&spatialIndex=no&subsetIndex=no&watchFile=no
"4005",Galium triflorum,Galium,triflorum,,,,native,S5,,48.871012999999998,-123.333776999999998,,NA,NA,"12792307",obs_native,file:///D:/Simon/Sync/Root/GIS/Biodiversity%20Data/obs_native.csv?type=csv&maxFields=10000&detectTypes=yes&xField=longitude&yField=latitude&crs=EPSG:4326&spatialIndex=no&subsetIndex=no&watchFile=no
"4006",Galium triflorum,Galium,triflorum,,,,native,S5,,48.868533999999997,-123.338466999999994,,NA,NA,"12816596",obs_native,file:///D:/Simon/Sync/Root/GIS/Biodiversity%20Data/obs_native.csv?type=csv&maxFields=10000&detectTypes=yes&xField=longitude&yField=latitude&crs=EPSG:4326&spatialIndex=no&subsetIndex=no&watchFile=no
"4007",Galium triflorum,Galium,triflorum,,,,native,S5,,48.897061669999999,-123.342041699999996,,NA,NA,"13370850",obs_native,file:///D:/Simon/Sync/Root/GIS/Biodiversity%20Data/obs_native.csv?type=csv&maxFields=10000&detectTypes=yes&xField=longitude&yField=latitude&crs=EPSG:4326&spatialIndex=no&subsetIndex=no&watchFile=no
"4008",Galium triflorum,Galium,triflorum,,,,native,S5,,48.863114510000003,-123.351373800000005,,NA,NA,"13974436",obs_native,file:///D:/Simon/Sync/Root/GIS/Biodiversity%20Data/obs_native.csv?type=csv&maxFields=10000&detectTypes=yes&xField=longitude&yField=latitude&crs=EPSG:4326&spatialIndex=no&subsetIndex=no&watchFile=no
"4009",Galium triflorum,Galium,triflorum,,,,native,S5,,48.865798190000000,-123.332227399999994,,NA,NA,"22799469",obs_native,file:///D:/Simon/Sync/Root/GIS/Biodiversity%20Data/obs_native.csv?type=csv&maxFields=10000&detectTypes=yes&xField=longitude&yField=latitude&crs=EPSG:4326&spatialIndex=no&subsetIndex=no&watchFile=no
"4010",Galium triflorum,Galium,triflorum,,,,native,S5,,48.879281669999997,-123.321640000000002,,NA,NA,"23794511",obs_native,file:///D:/Simon/Sync/Root/GIS/Biodiversity%20Data/obs_native.csv?type=csv&maxFields=10000&detectTypes=yes&xField=longitude&yField=latitude&crs=EPSG:4326&spatialIndex=no&subsetIndex=no&watchFile=no
"4011",Galium triflorum,Galium,triflorum,,,,native,S5,,48.896769440000000,-123.407927799999996,,NA,NA,"24677570",obs_native,file:///D:/Simon/Sync/Root/GIS/Biodiversity%20Data/obs_native.csv?type=csv&maxFields=10000&detectTypes=yes&xField=longitude&yField=latitude&crs=EPSG:4326&spatialIndex=no&subsetIndex=no&watchFile=no
"4012",Galium triflorum,Galium,triflorum,,,,native,S5,,48.962472220000002,-123.517730599999993,,NA,NA,"24684043",obs_native,file:///D:/Simon/Sync/Root/GIS/Biodiversity%20Data/obs_native.csv?type=csv&maxFields=10000&detectTypes=yes&xField=longitude&yField=latitude&crs=EPSG:4326&spatialIndex=no&subsetIndex=no&watchFile=no
"4013",Galium triflorum,Galium,triflorum,,,,native,S5,,48.962134720000002,-123.517297700000000,,NA,NA,"24919813",obs_native,file:///D:/Simon/Sync/Root/GIS/Biodiversity%20Data/obs_native.csv?type=csv&maxFields=10000&detectTypes=yes&xField=longitude&yField=latitude&crs=EPSG:4326&spatialIndex=no&subsetIndex=no&watchFile=no
"4014",Galium triflorum,Galium,triflorum,,,,native,S5,,48.899889960000003,-123.403947400000007,,NA,NA,"25478421",obs_native,file:///D:/Simon/Sync/Root/GIS/Biodiversity%20Data/obs_native.csv?type=csv&maxFields=10000&detectTypes=yes&xField=longitude&yField=latitude&crs=EPSG:4326&spatialIndex=no&subsetIndex=no&watchFile=no
"4015",Galium triflorum,Galium,triflorum,,,,native,S5,,48.978615099999999,-123.555912800000002,,NA,NA,"25479604",obs_native,file:///D:/Simon/Sync/Root/GIS/Biodiversity%20Data/obs_native.csv?type=csv&maxFields=10000&detectTypes=yes&xField=longitude&yField=latitude&crs=EPSG:4326&spatialIndex=no&subsetIndex=no&watchFile=no
"4016",Galium triflorum,Galium,triflorum,,,,native,S5,,48.932321670000000,-123.477791699999997,,NA,NA,"62512666",obs_native,file:///D:/Simon/Sync/Root/GIS/Biodiversity%20Data/obs_native.csv?type=csv&maxFields=10000&detectTypes=yes&xField=longitude&yField=latitude&crs=EPSG:4326&spatialIndex=no&subsetIndex=no&watchFile=no
"4017",Galium triflorum,Galium,triflorum,,,,native,S5,,49.004787460000003,-123.566830300000007,,NA,NA,"83605883",obs_native,file:///D:/Simon/Sync/Root/GIS/Biodiversity%20Data/obs_native.csv?type=csv&maxFields=10000&detectTypes=yes&xField=longitude&yField=latitude&crs=EPSG:4326&spatialIndex=no&subsetIndex=no&watchFile=no
"4018",Galium triflorum,Galium,triflorum,,,,native,S5,,48.876075999999998,-123.384525999999994,,NA,NA,"83738308",obs_native,file:///D:/Simon/Sync/Root/GIS/Biodiversity%20Data/obs_native.csv?type=csv&maxFields=10000&detectTypes=yes&xField=longitude&yField=latitude&crs=EPSG:4326&spatialIndex=no&subsetIndex=no&watchFile=no
"4019",Galium triflorum,Galium,triflorum,,,,native,S5,,48.927930900000000,-123.467690300000001,,NA,NA,"84097297",obs_native,file:///D:/Simon/Sync/Root/GIS/Biodiversity%20Data/obs_native.csv?type=csv&maxFields=10000&detectTypes=yes&xField=longitude&yField=latitude&crs=EPSG:4326&spatialIndex=no&subsetIndex=no&watchFile=no
"4020",Galium triflorum,Galium,triflorum,,,,native,S5,,48.930644999999998,-123.468795000000000,,NA,NA,"84344524",obs_native,file:///D:/Simon/Sync/Root/GIS/Biodiversity%20Data/obs_native.csv?type=csv&maxFields=10000&detectTypes=yes&xField=longitude&yField=latitude&crs=EPSG:4326&spatialIndex=no&subsetIndex=no&watchFile=no
"4021",Galium triflorum,Galium,triflorum,,,,native,S5,,48.961730379999999,-123.544684300000000,,NA,NA,"84629365",obs_native,file:///D:/Simon/Sync/Root/GIS/Biodiversity%20Data/obs_native.csv?type=csv&maxFields=10000&detectTypes=yes&xField=longitude&yField=latitude&crs=EPSG:4326&spatialIndex=no&subsetIndex=no&watchFile=no
"4022",Galium triflorum,Galium,triflorum,,,,native,S5,,48.928294999999999,-123.467955000000003,,NA,NA,"84748566",obs_native,file:///D:/Simon/Sync/Root/GIS/Biodiversity%20Data/obs_native.csv?type=csv&maxFields=10000&detectTypes=yes&xField=longitude&yField=latitude&crs=EPSG:4326&spatialIndex=no&subsetIndex=no&watchFile=no
"4023",Galium triflorum,Galium,triflorum,,,,native,S5,,48.927771669999998,-123.468413299999995,,NA,NA,"84751279",obs_native,file:///D:/Simon/Sync/Root/GIS/Biodiversity%20Data/obs_native.csv?type=csv&maxFields=10000&detectTypes=yes&xField=longitude&yField=latitude&crs=EPSG:4326&spatialIndex=no&subsetIndex=no&watchFile=no
"4024",Galium triflorum,Galium,triflorum,,,,native,S5,,48.874335000000002,-123.319609999999997,,NA,NA,"86360302",obs_native,file:///D:/Simon/Sync/Root/GIS/Biodiversity%20Data/obs_native.csv?type=csv&maxFields=10000&detectTypes=yes&xField=longitude&yField=latitude&crs=EPSG:4326&spatialIndex=no&subsetIndex=no&watchFile=no
"4025",Galium triflorum,Galium,triflorum,,,,native,S5,,48.874336669999998,-123.319751699999998,,NA,NA,"86360321",obs_native,file:///D:/Simon/Sync/Root/GIS/Biodiversity%20Data/obs_native.csv?type=csv&maxFields=10000&detectTypes=yes&xField=longitude&yField=latitude&crs=EPSG:4326&spatialIndex=no&subsetIndex=no&watchFile=no
"4026",Galium triflorum,Galium,triflorum,,,,native,S5,,48.868400800000003,-123.339248299999994,,NA,NA,"86633402",obs_native,file:///D:/Simon/Sync/Root/GIS/Biodiversity%20Data/obs_native.csv?type=csv&maxFields=10000&detectTypes=yes&xField=longitude&yField=latitude&crs=EPSG:4326&spatialIndex=no&subsetIndex=no&watchFile=no
"4027",Galium triflorum,Galium,triflorum,,,,native,S5,,48.929691669999997,-123.450988300000006,,NA,NA,"95504175",obs_native,file:///D:/Simon/Sync/Root/GIS/Biodiversity%20Data/obs_native.csv?type=csv&maxFields=10000&detectTypes=yes&xField=longitude&yField=latitude&crs=EPSG:4326&spatialIndex=no&subsetIndex=no&watchFile=no
"4028",Galium triflorum,Galium,triflorum,,,,native,S5,,48.866617310000002,-123.356827300000006,,NA,NA,"118687976",obs_native,file:///D:/Simon/Sync/Root/GIS/Biodiversity%20Data/obs_native.csv?type=csv&maxFields=10000&detectTypes=yes&xField=longitude&yField=latitude&crs=EPSG:4326&spatialIndex=no&subsetIndex=no&watchFile=no
"4029",Galium triflorum,Galium,triflorum,,,,native,S5,,49.012050000000002,-123.574541699999997,,NA,NA,"123934492",obs_native,file:///D:/Simon/Sync/Root/GIS/Biodiversity%20Data/obs_native.csv?type=csv&maxFields=10000&detectTypes=yes&xField=longitude&yField=latitude&crs=EPSG:4326&spatialIndex=no&subsetIndex=no&watchFile=no
"4030",Galium triflorum,Galium,triflorum,,,,native,S5,,48.969753330000003,-123.547920000000005,,NA,NA,"124667751",obs_native,file:///D:/Simon/Sync/Root/GIS/Biodiversity%20Data/obs_native.csv?type=csv&maxFields=10000&detectTypes=yes&xField=longitude&yField=latitude&crs=EPSG:4326&spatialIndex=no&subsetIndex=no&watchFile=no
"4031",Galium triflorum,Galium,triflorum,,,,native,S5,,48.881380000000000,-123.323421699999997,,NA,NA,"127183993",obs_native,file:///D:/Simon/Sync/Root/GIS/Biodiversity%20Data/obs_native.csv?type=csv&maxFields=10000&detectTypes=yes&xField=longitude&yField=latitude&crs=EPSG:4326&spatialIndex=no&subsetIndex=no&watchFile=no
"4032",Gamochaeta ustulata,Gamochaeta,ustulata,,,,native,SU,,48.927123999999999,-123.469548000000003,,NA,NA,"2631665",obs_native,file:///D:/Simon/Sync/Root/GIS/Biodiversity%20Data/obs_native.csv?type=csv&maxFields=10000&detectTypes=yes&xField=longitude&yField=latitude&crs=EPSG:4326&spatialIndex=no&subsetIndex=no&watchFile=no
"4033",Gamochaeta ustulata,Gamochaeta,ustulata,,,,native,SU,,48.931071000000003,-123.473367999999994,,NA,NA,"2663809",obs_native,file:///D:/Simon/Sync/Root/GIS/Biodiversity%20Data/obs_native.csv?type=csv&maxFields=10000&detectTypes=yes&xField=longitude&yField=latitude&crs=EPSG:4326&spatialIndex=no&subsetIndex=no&watchFile=no
"4034",Gamochaeta ustulata,Gamochaeta,ustulata,,,,native,SU,,48.976058999999999,-123.539800999999997,,NA,NA,"3552607",obs_native,file:///D:/Simon/Sync/Root/GIS/Biodiversity%20Data/obs_native.csv?type=csv&maxFields=10000&detectTypes=yes&xField=longitude&yField=latitude&crs=EPSG:4326&spatialIndex=no&subsetIndex=no&watchFile=no
"4035",Gamochaeta ustulata,Gamochaeta,ustulata,,,,native,SU,,48.917034330000000,-123.395857399999997,,NA,NA,"14197950",obs_native,file:///D:/Simon/Sync/Root/GIS/Biodiversity%20Data/obs_native.csv?type=csv&maxFields=10000&detectTypes=yes&xField=longitude&yField=latitude&crs=EPSG:4326&spatialIndex=no&subsetIndex=no&watchFile=no
"4036",Gamochaeta ustulata,Gamochaeta,ustulata,,,,native,SU,,48.910873330000001,-123.393831700000007,,NA,NA,"14220754",obs_native,file:///D:/Simon/Sync/Root/GIS/Biodiversity%20Data/obs_native.csv?type=csv&maxFields=10000&detectTypes=yes&xField=longitude&yField=latitude&crs=EPSG:4326&spatialIndex=no&subsetIndex=no&watchFile=no
"4037",Gamochaeta ustulata,Gamochaeta,ustulata,,,,native,SU,,48.899906999999999,-123.358870999999994,,NA,NA,"14220765",obs_native,file:///D:/Simon/Sync/Root/GIS/Biodiversity%20Data/obs_native.csv?type=csv&maxFields=10000&detectTypes=yes&xField=longitude&yField=latitude&crs=EPSG:4326&spatialIndex=no&subsetIndex=no&watchFile=no
"4038",Gamochaeta ustulata,Gamochaeta,ustulata,,,,native,SU,,48.941357869999997,-123.475725400000002,,NA,NA,"14596571",obs_native,file:///D:/Simon/Sync/Root/GIS/Biodiversity%20Data/obs_native.csv?type=csv&maxFields=10000&detectTypes=yes&xField=longitude&yField=latitude&crs=EPSG:4326&spatialIndex=no&subsetIndex=no&watchFile=no
"4039",Gamochaeta ustulata,Gamochaeta,ustulata,,,,native,SU,,48.915963599999998,-123.396751399999999,,NA,NA,"29667086",obs_native,file:///D:/Simon/Sync/Root/GIS/Biodiversity%20Data/obs_native.csv?type=csv&maxFields=10000&detectTypes=yes&xField=longitude&yField=latitude&crs=EPSG:4326&spatialIndex=no&subsetIndex=no&watchFile=no
"4040",Gamochaeta ustulata,Gamochaeta,ustulata,,,,native,SU,,48.866779850000000,-123.336034499999997,,NA,NA,"63922319",obs_native,file:///D:/Simon/Sync/Root/GIS/Biodiversity%20Data/obs_native.csv?type=csv&maxFields=10000&detectTypes=yes&xField=longitude&yField=latitude&crs=EPSG:4326&spatialIndex=no&subsetIndex=no&watchFile=no
"4041",Gamochaeta ustulata,Gamochaeta,ustulata,,,,native,SU,,48.900034689999998,-123.406982900000003,,NA,NA,"95899648",obs_native,file:///D:/Simon/Sync/Root/GIS/Biodiversity%20Data/obs_native.csv?type=csv&maxFields=10000&detectTypes=yes&xField=longitude&yField=latitude&crs=EPSG:4326&spatialIndex=no&subsetIndex=no&watchFile=no
"4042",Gamochaeta ustulata,Gamochaeta,ustulata,,,,native,SU,,48.867371669999997,-123.339518299999995,,NA,NA,"107521178",obs_native,file:///D:/Simon/Sync/Root/GIS/Biodiversity%20Data/obs_native.csv?type=csv&maxFields=10000&detectTypes=yes&xField=longitude&yField=latitude&crs=EPSG:4326&spatialIndex=no&subsetIndex=no&watchFile=no
"4043",Gamochaeta ustulata,Gamochaeta,ustulata,,,,native,SU,,48.928888329999999,-123.468696699999995,,NA,NA,"122094579",obs_native,file:///D:/Simon/Sync/Root/GIS/Biodiversity%20Data/obs_native.csv?type=csv&maxFields=10000&detectTypes=yes&xField=longitude&yField=latitude&crs=EPSG:4326&spatialIndex=no&subsetIndex=no&watchFile=no
"4044",Gaultheria shallon,Gaultheria,shallon,,,,native,S5,,48.868780000000001,-123.346423999999999,,NA,NA,"2561540",obs_native,file:///D:/Simon/Sync/Root/GIS/Biodiversity%20Data/obs_native.csv?type=csv&maxFields=10000&detectTypes=yes&xField=longitude&yField=latitude&crs=EPSG:4326&spatialIndex=no&subsetIndex=no&watchFile=no
"4045",Gaultheria shallon,Gaultheria,shallon,,,,native,S5,,48.931240000000003,-123.479977000000005,,NA,NA,"2563975",obs_native,file:///D:/Simon/Sync/Root/GIS/Biodiversity%20Data/obs_native.csv?type=csv&maxFields=10000&detectTypes=yes&xField=longitude&yField=latitude&crs=EPSG:4326&spatialIndex=no&subsetIndex=no&watchFile=no
"4046",Gaultheria shallon,Gaultheria,shallon,,,,native,S5,,48.923647000000003,-123.441472000000005,,NA,NA,"2565224",obs_native,file:///D:/Simon/Sync/Root/GIS/Biodiversity%20Data/obs_native.csv?type=csv&maxFields=10000&detectTypes=yes&xField=longitude&yField=latitude&crs=EPSG:4326&spatialIndex=no&subsetIndex=no&watchFile=no
"4047",Gaultheria shallon,Gaultheria,shallon,,,,native,S5,,48.930394000000000,-123.474997999999999,,NA,NA,"2566240",obs_native,file:///D:/Simon/Sync/Root/GIS/Biodiversity%20Data/obs_native.csv?type=csv&maxFields=10000&detectTypes=yes&xField=longitude&yField=latitude&crs=EPSG:4326&spatialIndex=no&subsetIndex=no&watchFile=no
"4048",Gaultheria shallon,Gaultheria,shallon,,,,native,S5,,48.927433999999998,-123.469419000000002,,NA,NA,"2566242",obs_native,file:///D:/Simon/Sync/Root/GIS/Biodiversity%20Data/obs_native.csv?type=csv&maxFields=10000&detectTypes=yes&xField=longitude&yField=latitude&crs=EPSG:4326&spatialIndex=no&subsetIndex=no&watchFile=no
"4049",Gaultheria shallon,Gaultheria,shallon,,,,native,S5,,48.928251000000003,-123.471050000000005,,NA,NA,"2566524",obs_native,file:///D:/Simon/Sync/Root/GIS/Biodiversity%20Data/obs_native.csv?type=csv&maxFields=10000&detectTypes=yes&xField=longitude&yField=latitude&crs=EPSG:4326&spatialIndex=no&subsetIndex=no&watchFile=no
"4050",Gaultheria shallon,Gaultheria,shallon,,,,native,S5,,48.929440999999997,-123.474397999999994,,NA,NA,"2567635",obs_native,file:///D:/Simon/Sync/Root/GIS/Biodiversity%20Data/obs_native.csv?type=csv&maxFields=10000&detectTypes=yes&xField=longitude&yField=latitude&crs=EPSG:4326&spatialIndex=no&subsetIndex=no&watchFile=no
"4051",Gaultheria shallon,Gaultheria,shallon,,,,native,S5,,48.929470000000002,-123.474182999999996,,NA,NA,"2591156",obs_native,file:///D:/Simon/Sync/Root/GIS/Biodiversity%20Data/obs_native.csv?type=csv&maxFields=10000&detectTypes=yes&xField=longitude&yField=latitude&crs=EPSG:4326&spatialIndex=no&subsetIndex=no&watchFile=no
"4052",Gaultheria shallon,Gaultheria,shallon,,,,native,S5,,48.928624999999997,-123.470782999999997,,NA,NA,"2617711",obs_native,file:///D:/Simon/Sync/Root/GIS/Biodiversity%20Data/obs_native.csv?type=csv&maxFields=10000&detectTypes=yes&xField=longitude&yField=latitude&crs=EPSG:4326&spatialIndex=no&subsetIndex=no&watchFile=no
"4053",Gaultheria shallon,Gaultheria,shallon,,,,native,S5,,48.869431669999997,-123.344140499999995,,NA,NA,"2647782",obs_native,file:///D:/Simon/Sync/Root/GIS/Biodiversity%20Data/obs_native.csv?type=csv&maxFields=10000&detectTypes=yes&xField=longitude&yField=latitude&crs=EPSG:4326&spatialIndex=no&subsetIndex=no&watchFile=no
"4054",Gaultheria shallon,Gaultheria,shallon,,,,native,S5,,48.914850999999999,-123.396034000000000,,NA,NA,"2732391",obs_native,file:///D:/Simon/Sync/Root/GIS/Biodiversity%20Data/obs_native.csv?type=csv&maxFields=10000&detectTypes=yes&xField=longitude&yField=latitude&crs=EPSG:4326&spatialIndex=no&subsetIndex=no&watchFile=no
"4055",Gaultheria shallon,Gaultheria,shallon,,,,native,S5,,48.863811110000000,-123.322027800000001,,NA,NA,"2959267",obs_native,file:///D:/Simon/Sync/Root/GIS/Biodiversity%20Data/obs_native.csv?type=csv&maxFields=10000&detectTypes=yes&xField=longitude&yField=latitude&crs=EPSG:4326&spatialIndex=no&subsetIndex=no&watchFile=no
"4056",Gaultheria shallon,Gaultheria,shallon,,,,native,S5,,48.916870000000003,-123.423242999999999,,NA,NA,"3098510",obs_native,file:///D:/Simon/Sync/Root/GIS/Biodiversity%20Data/obs_native.csv?type=csv&maxFields=10000&detectTypes=yes&xField=longitude&yField=latitude&crs=EPSG:4326&spatialIndex=no&subsetIndex=no&watchFile=no
"4057",Gaultheria shallon,Gaultheria,shallon,,,,native,S5,,48.916870000000003,-123.423242999999999,,NA,NA,"3098569",obs_native,file:///D:/Simon/Sync/Root/GIS/Biodiversity%20Data/obs_native.csv?type=csv&maxFields=10000&detectTypes=yes&xField=longitude&yField=latitude&crs=EPSG:4326&spatialIndex=no&subsetIndex=no&watchFile=no
"4058",Gaultheria shallon,Gaultheria,shallon,,,,native,S5,,48.919024999999998,-123.430623999999995,,NA,NA,"3114461",obs_native,file:///D:/Simon/Sync/Root/GIS/Biodiversity%20Data/obs_native.csv?type=csv&maxFields=10000&detectTypes=yes&xField=longitude&yField=latitude&crs=EPSG:4326&spatialIndex=no&subsetIndex=no&watchFile=no
"4059",Gaultheria shallon,Gaultheria,shallon,,,,native,S5,,48.923647000000003,-123.441472000000005,,NA,NA,"3319233",obs_native,file:///D:/Simon/Sync/Root/GIS/Biodiversity%20Data/obs_native.csv?type=csv&maxFields=10000&detectTypes=yes&xField=longitude&yField=latitude&crs=EPSG:4326&spatialIndex=no&subsetIndex=no&watchFile=no
"4060",Gaultheria shallon,Gaultheria,shallon,,,,native,S5,,48.963765000000002,-123.550014000000004,,NA,NA,"3517797",obs_native,file:///D:/Simon/Sync/Root/GIS/Biodiversity%20Data/obs_native.csv?type=csv&maxFields=10000&detectTypes=yes&xField=longitude&yField=latitude&crs=EPSG:4326&spatialIndex=no&subsetIndex=no&watchFile=no
"4061",Gaultheria shallon,Gaultheria,shallon,,,,native,S5,,49.003314000000003,-123.567008999999999,,NA,NA,"3542625",obs_native,file:///D:/Simon/Sync/Root/GIS/Biodiversity%20Data/obs_native.csv?type=csv&maxFields=10000&detectTypes=yes&xField=longitude&yField=latitude&crs=EPSG:4326&spatialIndex=no&subsetIndex=no&watchFile=no
"4062",Gaultheria shallon,Gaultheria,shallon,,,,native,S5,,48.951200000000000,-123.516368999999997,,NA,NA,"3554252",obs_native,file:///D:/Simon/Sync/Root/GIS/Biodiversity%20Data/obs_native.csv?type=csv&maxFields=10000&detectTypes=yes&xField=longitude&yField=latitude&crs=EPSG:4326&spatialIndex=no&subsetIndex=no&watchFile=no
"4063",Gaultheria shallon,Gaultheria,shallon,,,,native,S5,,48.888072000000001,-123.376508000000001,,NA,NA,"4479872",obs_native,file:///D:/Simon/Sync/Root/GIS/Biodiversity%20Data/obs_native.csv?type=csv&maxFields=10000&detectTypes=yes&xField=longitude&yField=latitude&crs=EPSG:4326&spatialIndex=no&subsetIndex=no&watchFile=no
"4064",Gaultheria shallon,Gaultheria,shallon,,,,native,S5,,48.868839000000001,-123.345634000000004,,NA,NA,"4766315",obs_native,file:///D:/Simon/Sync/Root/GIS/Biodiversity%20Data/obs_native.csv?type=csv&maxFields=10000&detectTypes=yes&xField=longitude&yField=latitude&crs=EPSG:4326&spatialIndex=no&subsetIndex=no&watchFile=no
"4065",Gaultheria shallon,Gaultheria,shallon,,,,native,S5,,48.898130000000002,-123.405991000000000,,NA,NA,"5107799",obs_native,file:///D:/Simon/Sync/Root/GIS/Biodiversity%20Data/obs_native.csv?type=csv&maxFields=10000&detectTypes=yes&xField=longitude&yField=latitude&crs=EPSG:4326&spatialIndex=no&subsetIndex=no&watchFile=no
"4066",Gaultheria shallon,Gaultheria,shallon,,,,native,S5,,48.906649029999997,-123.360865099999998,,NA,NA,"5646937",obs_native,file:///D:/Simon/Sync/Root/GIS/Biodiversity%20Data/obs_native.csv?type=csv&maxFields=10000&detectTypes=yes&xField=longitude&yField=latitude&crs=EPSG:4326&spatialIndex=no&subsetIndex=no&watchFile=no
"4067",Gaultheria shallon,Gaultheria,shallon,,,,native,S5,,48.904618040000003,-123.358869600000006,,NA,NA,"5646986",obs_native,file:///D:/Simon/Sync/Root/GIS/Biodiversity%20Data/obs_native.csv?type=csv&maxFields=10000&detectTypes=yes&xField=longitude&yField=latitude&crs=EPSG:4326&spatialIndex=no&subsetIndex=no&watchFile=no
"4068",Gaultheria shallon,Gaultheria,shallon,,,,native,S5,,48.906225919999997,-123.360671999999994,,NA,NA,"5885582",obs_native,file:///D:/Simon/Sync/Root/GIS/Biodiversity%20Data/obs_native.csv?type=csv&maxFields=10000&detectTypes=yes&xField=longitude&yField=latitude&crs=EPSG:4326&spatialIndex=no&subsetIndex=no&watchFile=no
"4069",Gaultheria shallon,Gaultheria,shallon,,,,native,S5,,48.905563020000002,-123.356026400000005,,NA,NA,"5899722",obs_native,file:///D:/Simon/Sync/Root/GIS/Biodiversity%20Data/obs_native.csv?type=csv&maxFields=10000&detectTypes=yes&xField=longitude&yField=latitude&crs=EPSG:4326&spatialIndex=no&subsetIndex=no&watchFile=no
"4070",Gaultheria shallon,Gaultheria,shallon,,,,native,S5,,48.904688559999997,-123.357871799999998,,NA,NA,"5900169",obs_native,file:///D:/Simon/Sync/Root/GIS/Biodiversity%20Data/obs_native.csv?type=csv&maxFields=10000&detectTypes=yes&xField=longitude&yField=latitude&crs=EPSG:4326&spatialIndex=no&subsetIndex=no&watchFile=no
"4071",Gaultheria shallon,Gaultheria,shallon,,,,native,S5,,48.905012960000001,-123.357904000000005,,NA,NA,"5935104",obs_native,file:///D:/Simon/Sync/Root/GIS/Biodiversity%20Data/obs_native.csv?type=csv&maxFields=10000&detectTypes=yes&xField=longitude&yField=latitude&crs=EPSG:4326&spatialIndex=no&subsetIndex=no&watchFile=no
"4072",Gaultheria shallon,Gaultheria,shallon,,,,native,S5,,48.900723999999997,-123.362584999999996,,NA,NA,"5935179",obs_native,file:///D:/Simon/Sync/Root/GIS/Biodiversity%20Data/obs_native.csv?type=csv&maxFields=10000&detectTypes=yes&xField=longitude&yField=latitude&crs=EPSG:4326&spatialIndex=no&subsetIndex=no&watchFile=no
"4073",Gaultheria shallon,Gaultheria,shallon,,,,native,S5,,48.902869050000000,-123.357946900000002,,NA,NA,"5953034",obs_native,file:///D:/Simon/Sync/Root/GIS/Biodiversity%20Data/obs_native.csv?type=csv&maxFields=10000&detectTypes=yes&xField=longitude&yField=latitude&crs=EPSG:4326&spatialIndex=no&subsetIndex=no&watchFile=no
"4074",Gaultheria shallon,Gaultheria,shallon,,,,native,S5,,48.898665610000002,-123.363965699999994,,NA,NA,"5993166",obs_native,file:///D:/Simon/Sync/Root/GIS/Biodiversity%20Data/obs_native.csv?type=csv&maxFields=10000&detectTypes=yes&xField=longitude&yField=latitude&crs=EPSG:4326&spatialIndex=no&subsetIndex=no&watchFile=no
"4075",Gaultheria shallon,Gaultheria,shallon,,,,native,S5,,48.897734589999999,-123.361905800000002,,NA,NA,"5993198",obs_native,file:///D:/Simon/Sync/Root/GIS/Biodiversity%20Data/obs_native.csv?type=csv&maxFields=10000&detectTypes=yes&xField=longitude&yField=latitude&crs=EPSG:4326&spatialIndex=no&subsetIndex=no&watchFile=no
"4076",Gaultheria shallon,Gaultheria,shallon,,,,native,S5,,48.931789899999998,-123.478753600000005,,NA,NA,"6218086",obs_native,file:///D:/Simon/Sync/Root/GIS/Biodiversity%20Data/obs_native.csv?type=csv&maxFields=10000&detectTypes=yes&xField=longitude&yField=latitude&crs=EPSG:4326&spatialIndex=no&subsetIndex=no&watchFile=no
"4077",Gaultheria shallon,Gaultheria,shallon,,,,native,S5,,48.927969529999999,-123.470706899999996,,NA,NA,"6298753",obs_native,file:///D:/Simon/Sync/Root/GIS/Biodiversity%20Data/obs_native.csv?type=csv&maxFields=10000&detectTypes=yes&xField=longitude&yField=latitude&crs=EPSG:4326&spatialIndex=no&subsetIndex=no&watchFile=no
"4078",Gaultheria shallon,Gaultheria,shallon,,,,native,S5,,48.940352949999998,-123.503301100000002,,NA,NA,"6299015",obs_native,file:///D:/Simon/Sync/Root/GIS/Biodiversity%20Data/obs_native.csv?type=csv&maxFields=10000&detectTypes=yes&xField=longitude&yField=latitude&crs=EPSG:4326&spatialIndex=no&subsetIndex=no&watchFile=no
"4079",Gaultheria shallon,Gaultheria,shallon,,,,native,S5,,48.952794290000000,-123.524811499999998,,NA,NA,"6473288",obs_native,file:///D:/Simon/Sync/Root/GIS/Biodiversity%20Data/obs_native.csv?type=csv&maxFields=10000&detectTypes=yes&xField=longitude&yField=latitude&crs=EPSG:4326&spatialIndex=no&subsetIndex=no&watchFile=no
"4080",Gaultheria shallon,Gaultheria,shallon,,,,native,S5,,48.972522519999998,-123.554649400000002,,NA,NA,"6611380",obs_native,file:///D:/Simon/Sync/Root/GIS/Biodiversity%20Data/obs_native.csv?type=csv&maxFields=10000&detectTypes=yes&xField=longitude&yField=latitude&crs=EPSG:4326&spatialIndex=no&subsetIndex=no&watchFile=no
"4081",Gaultheria shallon,Gaultheria,shallon,,,,native,S5,,48.876598770000001,-123.383266899999995,,NA,NA,"6714897",obs_native,file:///D:/Simon/Sync/Root/GIS/Biodiversity%20Data/obs_native.csv?type=csv&maxFields=10000&detectTypes=yes&xField=longitude&yField=latitude&crs=EPSG:4326&spatialIndex=no&subsetIndex=no&watchFile=no
"4082",Gaultheria shallon,Gaultheria,shallon,,,,native,S5,,48.874693999999998,-123.380369999999999,,NA,NA,"6818205",obs_native,file:///D:/Simon/Sync/Root/GIS/Biodiversity%20Data/obs_native.csv?type=csv&maxFields=10000&detectTypes=yes&xField=longitude&yField=latitude&crs=EPSG:4326&spatialIndex=no&subsetIndex=no&watchFile=no
"4083",Gaultheria shallon,Gaultheria,shallon,,,,native,S5,,48.978862239999998,-123.539033399999994,,NA,NA,"7312302",obs_native,file:///D:/Simon/Sync/Root/GIS/Biodiversity%20Data/obs_native.csv?type=csv&maxFields=10000&detectTypes=yes&xField=longitude&yField=latitude&crs=EPSG:4326&spatialIndex=no&subsetIndex=no&watchFile=no
"4084",Gaultheria shallon,Gaultheria,shallon,,,,native,S5,,48.898341000000002,-123.343038000000007,,NA,NA,"8097311",obs_native,file:///D:/Simon/Sync/Root/GIS/Biodiversity%20Data/obs_native.csv?type=csv&maxFields=10000&detectTypes=yes&xField=longitude&yField=latitude&crs=EPSG:4326&spatialIndex=no&subsetIndex=no&watchFile=no
"4085",Gaultheria shallon,Gaultheria,shallon,,,,native,S5,,48.875374999999998,-123.380188300000000,,NA,NA,"11580411",obs_native,file:///D:/Simon/Sync/Root/GIS/Biodiversity%20Data/obs_native.csv?type=csv&maxFields=10000&detectTypes=yes&xField=longitude&yField=latitude&crs=EPSG:4326&spatialIndex=no&subsetIndex=no&watchFile=no
"4086",Gaultheria shallon,Gaultheria,shallon,,,,native,S5,,48.870607000000000,-123.343086000000000,,NA,NA,"12761865",obs_native,file:///D:/Simon/Sync/Root/GIS/Biodiversity%20Data/obs_native.csv?type=csv&maxFields=10000&detectTypes=yes&xField=longitude&yField=latitude&crs=EPSG:4326&spatialIndex=no&subsetIndex=no&watchFile=no
"4087",Gaultheria shallon,Gaultheria,shallon,,,,native,S5,,48.877445999999999,-123.337104999999994,,NA,NA,"12774107",obs_native,file:///D:/Simon/Sync/Root/GIS/Biodiversity%20Data/obs_native.csv?type=csv&maxFields=10000&detectTypes=yes&xField=longitude&yField=latitude&crs=EPSG:4326&spatialIndex=no&subsetIndex=no&watchFile=no
"4088",Gaultheria shallon,Gaultheria,shallon,,,,native,S5,,48.880899999999997,-123.333145000000002,,NA,NA,"12774979",obs_native,file:///D:/Simon/Sync/Root/GIS/Biodiversity%20Data/obs_native.csv?type=csv&maxFields=10000&detectTypes=yes&xField=longitude&yField=latitude&crs=EPSG:4326&spatialIndex=no&subsetIndex=no&watchFile=no
"4089",Gaultheria shallon,Gaultheria,shallon,,,,native,S5,,48.880411000000002,-123.336709999999997,,NA,NA,"12789275",obs_native,file:///D:/Simon/Sync/Root/GIS/Biodiversity%20Data/obs_native.csv?type=csv&maxFields=10000&detectTypes=yes&xField=longitude&yField=latitude&crs=EPSG:4326&spatialIndex=no&subsetIndex=no&watchFile=no
"4090",Gaultheria shallon,Gaultheria,shallon,,,,native,S5,,48.880411000000002,-123.336709999999997,,NA,NA,"12789531",obs_native,file:///D:/Simon/Sync/Root/GIS/Biodiversity%20Data/obs_native.csv?type=csv&maxFields=10000&detectTypes=yes&xField=longitude&yField=latitude&crs=EPSG:4326&spatialIndex=no&subsetIndex=no&watchFile=no
"4091",Gaultheria shallon,Gaultheria,shallon,,,,native,S5,,48.880817999999998,-123.341763999999998,,NA,NA,"12790289",obs_native,file:///D:/Simon/Sync/Root/GIS/Biodiversity%20Data/obs_native.csv?type=csv&maxFields=10000&detectTypes=yes&xField=longitude&yField=latitude&crs=EPSG:4326&spatialIndex=no&subsetIndex=no&watchFile=no
"4092",Gaultheria shallon,Gaultheria,shallon,,,,native,S5,,48.871484000000002,-123.337271999999999,,NA,NA,"12792012",obs_native,file:///D:/Simon/Sync/Root/GIS/Biodiversity%20Data/obs_native.csv?type=csv&maxFields=10000&detectTypes=yes&xField=longitude&yField=latitude&crs=EPSG:4326&spatialIndex=no&subsetIndex=no&watchFile=no
"4093",Gaultheria shallon,Gaultheria,shallon,,,,native,S5,,48.868533999999997,-123.338466999999994,,NA,NA,"12816594",obs_native,file:///D:/Simon/Sync/Root/GIS/Biodiversity%20Data/obs_native.csv?type=csv&maxFields=10000&detectTypes=yes&xField=longitude&yField=latitude&crs=EPSG:4326&spatialIndex=no&subsetIndex=no&watchFile=no
"4094",Gaultheria shallon,Gaultheria,shallon,,,,native,S5,,48.867058000000000,-123.334428000000003,,NA,NA,"12817034",obs_native,file:///D:/Simon/Sync/Root/GIS/Biodiversity%20Data/obs_native.csv?type=csv&maxFields=10000&detectTypes=yes&xField=longitude&yField=latitude&crs=EPSG:4326&spatialIndex=no&subsetIndex=no&watchFile=no
"4095",Gaultheria shallon,Gaultheria,shallon,,,,native,S5,,48.884757999999998,-123.340601000000007,,NA,NA,"13067287",obs_native,file:///D:/Simon/Sync/Root/GIS/Biodiversity%20Data/obs_native.csv?type=csv&maxFields=10000&detectTypes=yes&xField=longitude&yField=latitude&crs=EPSG:4326&spatialIndex=no&subsetIndex=no&watchFile=no
"4096",Gaultheria shallon,Gaultheria,shallon,,,,native,S5,,48.904045000000004,-123.344318299999998,,NA,NA,"13971912",obs_native,file:///D:/Simon/Sync/Root/GIS/Biodiversity%20Data/obs_native.csv?type=csv&maxFields=10000&detectTypes=yes&xField=longitude&yField=latitude&crs=EPSG:4326&spatialIndex=no&subsetIndex=no&watchFile=no
"4097",Gaultheria shallon,Gaultheria,shallon,,,,native,S5,,48.867718000000004,-123.340205999999995,,NA,NA,"13980517",obs_native,file:///D:/Simon/Sync/Root/GIS/Biodiversity%20Data/obs_native.csv?type=csv&maxFields=10000&detectTypes=yes&xField=longitude&yField=latitude&crs=EPSG:4326&spatialIndex=no&subsetIndex=no&watchFile=no
"4098",Gaultheria shallon,Gaultheria,shallon,,,,native,S5,,48.928229150000000,-123.468041400000004,,NA,NA,"14247651",obs_native,file:///D:/Simon/Sync/Root/GIS/Biodiversity%20Data/obs_native.csv?type=csv&maxFields=10000&detectTypes=yes&xField=longitude&yField=latitude&crs=EPSG:4326&spatialIndex=no&subsetIndex=no&watchFile=no
"4099",Gaultheria shallon,Gaultheria,shallon,,,,native,S5,,48.868854589999998,-123.341772800000001,,NA,NA,"20378034",obs_native,file:///D:/Simon/Sync/Root/GIS/Biodiversity%20Data/obs_native.csv?type=csv&maxFields=10000&detectTypes=yes&xField=longitude&yField=latitude&crs=EPSG:4326&spatialIndex=no&subsetIndex=no&watchFile=no
"4100",Gaultheria shallon,Gaultheria,shallon,,,,native,S5,,48.868849949999998,-123.346694900000003,,NA,NA,"20559107",obs_native,file:///D:/Simon/Sync/Root/GIS/Biodiversity%20Data/obs_native.csv?type=csv&maxFields=10000&detectTypes=yes&xField=longitude&yField=latitude&crs=EPSG:4326&spatialIndex=no&subsetIndex=no&watchFile=no
"4101",Gaultheria shallon,Gaultheria,shallon,,,,native,S5,,48.874193329999997,-123.327690000000004,,NA,NA,"23825288",obs_native,file:///D:/Simon/Sync/Root/GIS/Biodiversity%20Data/obs_native.csv?type=csv&maxFields=10000&detectTypes=yes&xField=longitude&yField=latitude&crs=EPSG:4326&spatialIndex=no&subsetIndex=no&watchFile=no
"4102",Gaultheria shallon,Gaultheria,shallon,,,,native,S5,,49.002826519999999,-123.574567099999996,,NA,NA,"24497655",obs_native,file:///D:/Simon/Sync/Root/GIS/Biodiversity%20Data/obs_native.csv?type=csv&maxFields=10000&detectTypes=yes&xField=longitude&yField=latitude&crs=EPSG:4326&spatialIndex=no&subsetIndex=no&watchFile=no
"4103",Gaultheria shallon,Gaultheria,shallon,,,,native,S5,,48.897787960000002,-123.408088599999999,,NA,NA,"24533549",obs_native,file:///D:/Simon/Sync/Root/GIS/Biodiversity%20Data/obs_native.csv?type=csv&maxFields=10000&detectTypes=yes&xField=longitude&yField=latitude&crs=EPSG:4326&spatialIndex=no&subsetIndex=no&watchFile=no
"4104",Gaultheria shallon,Gaultheria,shallon,,,,native,S5,,48.962119440000002,-123.518280599999997,,NA,NA,"24663886",obs_native,file:///D:/Simon/Sync/Root/GIS/Biodiversity%20Data/obs_native.csv?type=csv&maxFields=10000&detectTypes=yes&xField=longitude&yField=latitude&crs=EPSG:4326&spatialIndex=no&subsetIndex=no&watchFile=no
"4105",Gaultheria shallon,Gaultheria,shallon,,,,native,S5,,48.962336110000003,-123.518058300000007,,NA,NA,"24663920",obs_native,file:///D:/Simon/Sync/Root/GIS/Biodiversity%20Data/obs_native.csv?type=csv&maxFields=10000&detectTypes=yes&xField=longitude&yField=latitude&crs=EPSG:4326&spatialIndex=no&subsetIndex=no&watchFile=no
"4106",Gaultheria shallon,Gaultheria,shallon,,,,native,S5,,48.963030560000000,-123.516936099999995,,NA,NA,"24665122",obs_native,file:///D:/Simon/Sync/Root/GIS/Biodiversity%20Data/obs_native.csv?type=csv&maxFields=10000&detectTypes=yes&xField=longitude&yField=latitude&crs=EPSG:4326&spatialIndex=no&subsetIndex=no&watchFile=no
"4107",Gaultheria shallon,Gaultheria,shallon,,,,native,S5,,48.963030560000000,-123.516936099999995,,NA,NA,"24665229",obs_native,file:///D:/Simon/Sync/Root/GIS/Biodiversity%20Data/obs_native.csv?type=csv&maxFields=10000&detectTypes=yes&xField=longitude&yField=latitude&crs=EPSG:4326&spatialIndex=no&subsetIndex=no&watchFile=no
"4108",Gaultheria shallon,Gaultheria,shallon,,,,native,S5,,48.962958329999999,-123.517502800000003,,NA,NA,"24665252",obs_native,file:///D:/Simon/Sync/Root/GIS/Biodiversity%20Data/obs_native.csv?type=csv&maxFields=10000&detectTypes=yes&xField=longitude&yField=latitude&crs=EPSG:4326&spatialIndex=no&subsetIndex=no&watchFile=no
"4109",Gaultheria shallon,Gaultheria,shallon,,,,native,S5,,48.963694439999998,-123.515219400000007,,NA,NA,"24666613",obs_native,file:///D:/Simon/Sync/Root/GIS/Biodiversity%20Data/obs_native.csv?type=csv&maxFields=10000&detectTypes=yes&xField=longitude&yField=latitude&crs=EPSG:4326&spatialIndex=no&subsetIndex=no&watchFile=no
"4110",Gaultheria shallon,Gaultheria,shallon,,,,native,S5,,48.965033329999997,-123.516891700000002,,NA,NA,"24666621",obs_native,file:///D:/Simon/Sync/Root/GIS/Biodiversity%20Data/obs_native.csv?type=csv&maxFields=10000&detectTypes=yes&xField=longitude&yField=latitude&crs=EPSG:4326&spatialIndex=no&subsetIndex=no&watchFile=no
"4111",Gaultheria shallon,Gaultheria,shallon,,,,native,S5,,48.964416669999999,-123.516152800000000,,NA,NA,"24666676",obs_native,file:///D:/Simon/Sync/Root/GIS/Biodiversity%20Data/obs_native.csv?type=csv&maxFields=10000&detectTypes=yes&xField=longitude&yField=latitude&crs=EPSG:4326&spatialIndex=no&subsetIndex=no&watchFile=no
"4112",Gaultheria shallon,Gaultheria,shallon,,,,native,S5,,48.963436110000004,-123.519813900000003,,NA,NA,"24673958",obs_native,file:///D:/Simon/Sync/Root/GIS/Biodiversity%20Data/obs_native.csv?type=csv&maxFields=10000&detectTypes=yes&xField=longitude&yField=latitude&crs=EPSG:4326&spatialIndex=no&subsetIndex=no&watchFile=no
"4113",Gaultheria shallon,Gaultheria,shallon,,,,native,S5,,48.963580559999997,-123.519438899999997,,NA,NA,"24674053",obs_native,file:///D:/Simon/Sync/Root/GIS/Biodiversity%20Data/obs_native.csv?type=csv&maxFields=10000&detectTypes=yes&xField=longitude&yField=latitude&crs=EPSG:4326&spatialIndex=no&subsetIndex=no&watchFile=no
"4114",Gaultheria shallon,Gaultheria,shallon,,,,native,S5,,48.962130559999999,-123.520072200000001,,NA,NA,"24674154",obs_native,file:///D:/Simon/Sync/Root/GIS/Biodiversity%20Data/obs_native.csv?type=csv&maxFields=10000&detectTypes=yes&xField=longitude&yField=latitude&crs=EPSG:4326&spatialIndex=no&subsetIndex=no&watchFile=no
"4115",Gaultheria shallon,Gaultheria,shallon,,,,native,S5,,48.963241670000002,-123.519438899999997,,NA,NA,"24674170",obs_native,file:///D:/Simon/Sync/Root/GIS/Biodiversity%20Data/obs_native.csv?type=csv&maxFields=10000&detectTypes=yes&xField=longitude&yField=latitude&crs=EPSG:4326&spatialIndex=no&subsetIndex=no&watchFile=no
"4116",Gaultheria shallon,Gaultheria,shallon,,,,native,S5,,48.963219440000003,-123.520011100000005,,NA,NA,"24674175",obs_native,file:///D:/Simon/Sync/Root/GIS/Biodiversity%20Data/obs_native.csv?type=csv&maxFields=10000&detectTypes=yes&xField=longitude&yField=latitude&crs=EPSG:4326&spatialIndex=no&subsetIndex=no&watchFile=no
"4117",Gaultheria shallon,Gaultheria,shallon,,,,native,S5,,48.900786109999999,-123.406944400000000,,NA,NA,"24676881",obs_native,file:///D:/Simon/Sync/Root/GIS/Biodiversity%20Data/obs_native.csv?type=csv&maxFields=10000&detectTypes=yes&xField=longitude&yField=latitude&crs=EPSG:4326&spatialIndex=no&subsetIndex=no&watchFile=no
"4118",Gaultheria shallon,Gaultheria,shallon,,,,native,S5,,48.896155559999997,-123.407708299999996,,NA,NA,"24677432",obs_native,file:///D:/Simon/Sync/Root/GIS/Biodiversity%20Data/obs_native.csv?type=csv&maxFields=10000&detectTypes=yes&xField=longitude&yField=latitude&crs=EPSG:4326&spatialIndex=no&subsetIndex=no&watchFile=no
"4119",Gaultheria shallon,Gaultheria,shallon,,,,native,S5,,48.896541669999998,-123.407905600000007,,NA,NA,"24677446",obs_native,file:///D:/Simon/Sync/Root/GIS/Biodiversity%20Data/obs_native.csv?type=csv&maxFields=10000&detectTypes=yes&xField=longitude&yField=latitude&crs=EPSG:4326&spatialIndex=no&subsetIndex=no&watchFile=no
"4120",Gaultheria shallon,Gaultheria,shallon,,,,native,S5,,48.896816670000000,-123.407936100000001,,NA,NA,"24677491",obs_native,file:///D:/Simon/Sync/Root/GIS/Biodiversity%20Data/obs_native.csv?type=csv&maxFields=10000&detectTypes=yes&xField=longitude&yField=latitude&crs=EPSG:4326&spatialIndex=no&subsetIndex=no&watchFile=no
"4121",Gaultheria shallon,Gaultheria,shallon,,,,native,S5,,48.897033329999999,-123.408150000000006,,NA,NA,"24677511",obs_native,file:///D:/Simon/Sync/Root/GIS/Biodiversity%20Data/obs_native.csv?type=csv&maxFields=10000&detectTypes=yes&xField=longitude&yField=latitude&crs=EPSG:4326&spatialIndex=no&subsetIndex=no&watchFile=no
"4122",Gaultheria shallon,Gaultheria,shallon,,,,native,S5,,48.895080559999997,-123.406988900000002,,NA,NA,"24677522",obs_native,file:///D:/Simon/Sync/Root/GIS/Biodiversity%20Data/obs_native.csv?type=csv&maxFields=10000&detectTypes=yes&xField=longitude&yField=latitude&crs=EPSG:4326&spatialIndex=no&subsetIndex=no&watchFile=no
"4123",Gaultheria shallon,Gaultheria,shallon,,,,native,S5,,48.895355559999999,-123.406791699999999,,NA,NA,"24677524",obs_native,file:///D:/Simon/Sync/Root/GIS/Biodiversity%20Data/obs_native.csv?type=csv&maxFields=10000&detectTypes=yes&xField=longitude&yField=latitude&crs=EPSG:4326&spatialIndex=no&subsetIndex=no&watchFile=no
"4124",Gaultheria shallon,Gaultheria,shallon,,,,native,S5,,48.895322219999997,-123.406783300000001,,NA,NA,"24677538",obs_native,file:///D:/Simon/Sync/Root/GIS/Biodiversity%20Data/obs_native.csv?type=csv&maxFields=10000&detectTypes=yes&xField=longitude&yField=latitude&crs=EPSG:4326&spatialIndex=no&subsetIndex=no&watchFile=no
"4125",Gaultheria shallon,Gaultheria,shallon,,,,native,S5,,48.896447219999999,-123.407791700000004,,NA,NA,"24677557",obs_native,file:///D:/Simon/Sync/Root/GIS/Biodiversity%20Data/obs_native.csv?type=csv&maxFields=10000&detectTypes=yes&xField=longitude&yField=latitude&crs=EPSG:4326&spatialIndex=no&subsetIndex=no&watchFile=no
"4126",Gaultheria shallon,Gaultheria,shallon,,,,native,S5,,48.896549999999998,-123.407783300000006,,NA,NA,"24677565",obs_native,file:///D:/Simon/Sync/Root/GIS/Biodiversity%20Data/obs_native.csv?type=csv&maxFields=10000&detectTypes=yes&xField=longitude&yField=latitude&crs=EPSG:4326&spatialIndex=no&subsetIndex=no&watchFile=no
"4127",Gaultheria shallon,Gaultheria,shallon,,,,native,S5,,48.897033329999999,-123.408150000000006,,NA,NA,"24677587",obs_native,file:///D:/Simon/Sync/Root/GIS/Biodiversity%20Data/obs_native.csv?type=csv&maxFields=10000&detectTypes=yes&xField=longitude&yField=latitude&crs=EPSG:4326&spatialIndex=no&subsetIndex=no&watchFile=no
"4128",Gaultheria shallon,Gaultheria,shallon,,,,native,S5,,48.895775000000000,-123.407469399999997,,NA,NA,"24677594",obs_native,file:///D:/Simon/Sync/Root/GIS/Biodiversity%20Data/obs_native.csv?type=csv&maxFields=10000&detectTypes=yes&xField=longitude&yField=latitude&crs=EPSG:4326&spatialIndex=no&subsetIndex=no&watchFile=no
"4129",Gaultheria shallon,Gaultheria,shallon,,,,native,S5,,48.896102470000002,-123.407767699999994,,NA,NA,"24677601",obs_native,file:///D:/Simon/Sync/Root/GIS/Biodiversity%20Data/obs_native.csv?type=csv&maxFields=10000&detectTypes=yes&xField=longitude&yField=latitude&crs=EPSG:4326&spatialIndex=no&subsetIndex=no&watchFile=no
"4130",Gaultheria shallon,Gaultheria,shallon,,,,native,S5,,48.962161109999997,-123.518333299999995,,NA,NA,"24683988",obs_native,file:///D:/Simon/Sync/Root/GIS/Biodiversity%20Data/obs_native.csv?type=csv&maxFields=10000&detectTypes=yes&xField=longitude&yField=latitude&crs=EPSG:4326&spatialIndex=no&subsetIndex=no&watchFile=no
"4131",Gaultheria shallon,Gaultheria,shallon,,,,native,S5,,48.900750830000000,-123.406779400000005,,NA,NA,"24689763",obs_native,file:///D:/Simon/Sync/Root/GIS/Biodiversity%20Data/obs_native.csv?type=csv&maxFields=10000&detectTypes=yes&xField=longitude&yField=latitude&crs=EPSG:4326&spatialIndex=no&subsetIndex=no&watchFile=no
"4132",Gaultheria shallon,Gaultheria,shallon,,,,native,S5,,48.962033329999997,-123.518713300000002,,NA,NA,"24698730",obs_native,file:///D:/Simon/Sync/Root/GIS/Biodiversity%20Data/obs_native.csv?type=csv&maxFields=10000&detectTypes=yes&xField=longitude&yField=latitude&crs=EPSG:4326&spatialIndex=no&subsetIndex=no&watchFile=no
"4133",Gaultheria shallon,Gaultheria,shallon,,,,native,S5,,48.957088329999998,-123.541375000000002,,NA,NA,"24698846",obs_native,file:///D:/Simon/Sync/Root/GIS/Biodiversity%20Data/obs_native.csv?type=csv&maxFields=10000&detectTypes=yes&xField=longitude&yField=latitude&crs=EPSG:4326&spatialIndex=no&subsetIndex=no&watchFile=no
"4134",Gaultheria shallon,Gaultheria,shallon,,,,native,S5,,48.893886109999997,-123.405013900000000,,NA,NA,"24701313",obs_native,file:///D:/Simon/Sync/Root/GIS/Biodiversity%20Data/obs_native.csv?type=csv&maxFields=10000&detectTypes=yes&xField=longitude&yField=latitude&crs=EPSG:4326&spatialIndex=no&subsetIndex=no&watchFile=no
"4135",Gaultheria shallon,Gaultheria,shallon,,,,native,S5,,48.866761109999999,-123.329138900000004,,NA,NA,"24701429",obs_native,file:///D:/Simon/Sync/Root/GIS/Biodiversity%20Data/obs_native.csv?type=csv&maxFields=10000&detectTypes=yes&xField=longitude&yField=latitude&crs=EPSG:4326&spatialIndex=no&subsetIndex=no&watchFile=no
"4136",Gaultheria shallon,Gaultheria,shallon,,,,native,S5,,48.963175000000000,-123.514596699999998,,NA,NA,"24703203",obs_native,file:///D:/Simon/Sync/Root/GIS/Biodiversity%20Data/obs_native.csv?type=csv&maxFields=10000&detectTypes=yes&xField=longitude&yField=latitude&crs=EPSG:4326&spatialIndex=no&subsetIndex=no&watchFile=no
"4137",Gaultheria shallon,Gaultheria,shallon,,,,native,S5,,48.901647220000001,-123.404885699999994,,NA,NA,"24709014",obs_native,file:///D:/Simon/Sync/Root/GIS/Biodiversity%20Data/obs_native.csv?type=csv&maxFields=10000&detectTypes=yes&xField=longitude&yField=latitude&crs=EPSG:4326&spatialIndex=no&subsetIndex=no&watchFile=no
"4138",Gaultheria shallon,Gaultheria,shallon,,,,native,S5,,48.901499999999999,-123.405021700000006,,NA,NA,"24709024",obs_native,file:///D:/Simon/Sync/Root/GIS/Biodiversity%20Data/obs_native.csv?type=csv&maxFields=10000&detectTypes=yes&xField=longitude&yField=latitude&crs=EPSG:4326&spatialIndex=no&subsetIndex=no&watchFile=no
"4139",Gaultheria shallon,Gaultheria,shallon,,,,native,S5,,48.900100510000001,-123.406831699999998,,NA,NA,"24709440",obs_native,file:///D:/Simon/Sync/Root/GIS/Biodiversity%20Data/obs_native.csv?type=csv&maxFields=10000&detectTypes=yes&xField=longitude&yField=latitude&crs=EPSG:4326&spatialIndex=no&subsetIndex=no&watchFile=no
"4140",Gaultheria shallon,Gaultheria,shallon,,,,native,S5,,48.962382789999999,-123.518135299999997,,NA,NA,"24709485",obs_native,file:///D:/Simon/Sync/Root/GIS/Biodiversity%20Data/obs_native.csv?type=csv&maxFields=10000&detectTypes=yes&xField=longitude&yField=latitude&crs=EPSG:4326&spatialIndex=no&subsetIndex=no&watchFile=no
"4141",Gaultheria shallon,Gaultheria,shallon,,,,native,S5,,48.962497740000003,-123.517886599999997,,NA,NA,"24709523",obs_native,file:///D:/Simon/Sync/Root/GIS/Biodiversity%20Data/obs_native.csv?type=csv&maxFields=10000&detectTypes=yes&xField=longitude&yField=latitude&crs=EPSG:4326&spatialIndex=no&subsetIndex=no&watchFile=no
"4142",Gaultheria shallon,Gaultheria,shallon,,,,native,S5,,48.963706620000004,-123.515587199999999,,NA,NA,"24709927",obs_native,file:///D:/Simon/Sync/Root/GIS/Biodiversity%20Data/obs_native.csv?type=csv&maxFields=10000&detectTypes=yes&xField=longitude&yField=latitude&crs=EPSG:4326&spatialIndex=no&subsetIndex=no&watchFile=no
"4143",Gaultheria shallon,Gaultheria,shallon,,,,native,S5,,48.962466190000001,-123.519077600000003,,NA,NA,"24710452",obs_native,file:///D:/Simon/Sync/Root/GIS/Biodiversity%20Data/obs_native.csv?type=csv&maxFields=10000&detectTypes=yes&xField=longitude&yField=latitude&crs=EPSG:4326&spatialIndex=no&subsetIndex=no&watchFile=no
"4144",Gaultheria shallon,Gaultheria,shallon,,,,native,S5,,48.901195690000002,-123.406779400000005,,NA,NA,"24714996",obs_native,file:///D:/Simon/Sync/Root/GIS/Biodiversity%20Data/obs_native.csv?type=csv&maxFields=10000&detectTypes=yes&xField=longitude&yField=latitude&crs=EPSG:4326&spatialIndex=no&subsetIndex=no&watchFile=no
"4145",Gaultheria shallon,Gaultheria,shallon,,,,native,S5,,48.901105459999997,-123.406796799999995,,NA,NA,"24715368",obs_native,file:///D:/Simon/Sync/Root/GIS/Biodiversity%20Data/obs_native.csv?type=csv&maxFields=10000&detectTypes=yes&xField=longitude&yField=latitude&crs=EPSG:4326&spatialIndex=no&subsetIndex=no&watchFile=no
"4146",Gaultheria shallon,Gaultheria,shallon,,,,native,S5,,48.872077779999998,-123.312936100000002,,NA,NA,"24806736",obs_native,file:///D:/Simon/Sync/Root/GIS/Biodiversity%20Data/obs_native.csv?type=csv&maxFields=10000&detectTypes=yes&xField=longitude&yField=latitude&crs=EPSG:4326&spatialIndex=no&subsetIndex=no&watchFile=no
"4147",Gaultheria shallon,Gaultheria,shallon,,,,native,S5,,48.951028579999999,-123.520373399999997,,NA,NA,"24819471",obs_native,file:///D:/Simon/Sync/Root/GIS/Biodiversity%20Data/obs_native.csv?type=csv&maxFields=10000&detectTypes=yes&xField=longitude&yField=latitude&crs=EPSG:4326&spatialIndex=no&subsetIndex=no&watchFile=no
"4148",Gaultheria shallon,Gaultheria,shallon,,,,native,S5,,48.871788889999998,-123.312155599999997,,NA,NA,"24824090",obs_native,file:///D:/Simon/Sync/Root/GIS/Biodiversity%20Data/obs_native.csv?type=csv&maxFields=10000&detectTypes=yes&xField=longitude&yField=latitude&crs=EPSG:4326&spatialIndex=no&subsetIndex=no&watchFile=no
"4149",Gaultheria shallon,Gaultheria,shallon,,,,native,S5,,48.962122399999998,-123.518414600000000,,NA,NA,"24919606",obs_native,file:///D:/Simon/Sync/Root/GIS/Biodiversity%20Data/obs_native.csv?type=csv&maxFields=10000&detectTypes=yes&xField=longitude&yField=latitude&crs=EPSG:4326&spatialIndex=no&subsetIndex=no&watchFile=no
"4150",Gaultheria shallon,Gaultheria,shallon,,,,native,S5,,48.962090549999999,-123.517986199999996,,NA,NA,"24919766",obs_native,file:///D:/Simon/Sync/Root/GIS/Biodiversity%20Data/obs_native.csv?type=csv&maxFields=10000&detectTypes=yes&xField=longitude&yField=latitude&crs=EPSG:4326&spatialIndex=no&subsetIndex=no&watchFile=no
"4151",Gaultheria shallon,Gaultheria,shallon,,,,native,S5,,48.962529009999997,-123.517032499999999,,NA,NA,"24919870",obs_native,file:///D:/Simon/Sync/Root/GIS/Biodiversity%20Data/obs_native.csv?type=csv&maxFields=10000&detectTypes=yes&xField=longitude&yField=latitude&crs=EPSG:4326&spatialIndex=no&subsetIndex=no&watchFile=no
"4152",Gaultheria shallon,Gaultheria,shallon,,,,native,S5,,48.963553279999999,-123.519804699999995,,NA,NA,"24920318",obs_native,file:///D:/Simon/Sync/Root/GIS/Biodiversity%20Data/obs_native.csv?type=csv&maxFields=10000&detectTypes=yes&xField=longitude&yField=latitude&crs=EPSG:4326&spatialIndex=no&subsetIndex=no&watchFile=no
"4153",Gaultheria shallon,Gaultheria,shallon,,,,native,S5,,48.896026020000001,-123.410303600000006,,NA,NA,"24937331",obs_native,file:///D:/Simon/Sync/Root/GIS/Biodiversity%20Data/obs_native.csv?type=csv&maxFields=10000&detectTypes=yes&xField=longitude&yField=latitude&crs=EPSG:4326&spatialIndex=no&subsetIndex=no&watchFile=no
"4154",Gaultheria shallon,Gaultheria,shallon,,,,native,S5,,48.962252239999998,-123.518173500000003,,NA,NA,"24940057",obs_native,file:///D:/Simon/Sync/Root/GIS/Biodiversity%20Data/obs_native.csv?type=csv&maxFields=10000&detectTypes=yes&xField=longitude&yField=latitude&crs=EPSG:4326&spatialIndex=no&subsetIndex=no&watchFile=no
"4155",Gaultheria shallon,Gaultheria,shallon,,,,native,S5,,48.963365349999997,-123.519841900000003,,NA,NA,"24941932",obs_native,file:///D:/Simon/Sync/Root/GIS/Biodiversity%20Data/obs_native.csv?type=csv&maxFields=10000&detectTypes=yes&xField=longitude&yField=latitude&crs=EPSG:4326&spatialIndex=no&subsetIndex=no&watchFile=no
"4156",Gaultheria shallon,Gaultheria,shallon,,,,native,S5,,48.896383430000000,-123.409656499999997,,NA,NA,"24942594",obs_native,file:///D:/Simon/Sync/Root/GIS/Biodiversity%20Data/obs_native.csv?type=csv&maxFields=10000&detectTypes=yes&xField=longitude&yField=latitude&crs=EPSG:4326&spatialIndex=no&subsetIndex=no&watchFile=no
"4157",Gaultheria shallon,Gaultheria,shallon,,,,native,S5,,48.898716409999999,-123.407126899999994,,NA,NA,"25476425",obs_native,file:///D:/Simon/Sync/Root/GIS/Biodiversity%20Data/obs_native.csv?type=csv&maxFields=10000&detectTypes=yes&xField=longitude&yField=latitude&crs=EPSG:4326&spatialIndex=no&subsetIndex=no&watchFile=no
"4158",Gaultheria shallon,Gaultheria,shallon,,,,native,S5,,48.898764020000002,-123.407010400000004,,NA,NA,"25476466",obs_native,file:///D:/Simon/Sync/Root/GIS/Biodiversity%20Data/obs_native.csv?type=csv&maxFields=10000&detectTypes=yes&xField=longitude&yField=latitude&crs=EPSG:4326&spatialIndex=no&subsetIndex=no&watchFile=no
"4159",Gaultheria shallon,Gaultheria,shallon,,,,native,S5,,48.898696880000003,-123.406969599999996,,NA,NA,"25476518",obs_native,file:///D:/Simon/Sync/Root/GIS/Biodiversity%20Data/obs_native.csv?type=csv&maxFields=10000&detectTypes=yes&xField=longitude&yField=latitude&crs=EPSG:4326&spatialIndex=no&subsetIndex=no&watchFile=no
"4160",Gaultheria shallon,Gaultheria,shallon,,,,native,S5,,48.899424009999997,-123.404010299999996,,NA,NA,"25478853",obs_native,file:///D:/Simon/Sync/Root/GIS/Biodiversity%20Data/obs_native.csv?type=csv&maxFields=10000&detectTypes=yes&xField=longitude&yField=latitude&crs=EPSG:4326&spatialIndex=no&subsetIndex=no&watchFile=no
"4161",Gaultheria shallon,Gaultheria,shallon,,,,native,S5,,48.978554410000001,-123.555935800000000,,NA,NA,"25479349",obs_native,file:///D:/Simon/Sync/Root/GIS/Biodiversity%20Data/obs_native.csv?type=csv&maxFields=10000&detectTypes=yes&xField=longitude&yField=latitude&crs=EPSG:4326&spatialIndex=no&subsetIndex=no&watchFile=no
"4162",Gaultheria shallon,Gaultheria,shallon,,,,native,S5,,48.978683279999998,-123.555881600000006,,NA,NA,"25479458",obs_native,file:///D:/Simon/Sync/Root/GIS/Biodiversity%20Data/obs_native.csv?type=csv&maxFields=10000&detectTypes=yes&xField=longitude&yField=latitude&crs=EPSG:4326&spatialIndex=no&subsetIndex=no&watchFile=no
"4163",Gaultheria shallon,Gaultheria,shallon,,,,native,S5,,48.863530519999998,-123.328380100000004,,NA,NA,"25482981",obs_native,file:///D:/Simon/Sync/Root/GIS/Biodiversity%20Data/obs_native.csv?type=csv&maxFields=10000&detectTypes=yes&xField=longitude&yField=latitude&crs=EPSG:4326&spatialIndex=no&subsetIndex=no&watchFile=no
"4164",Gaultheria shallon,Gaultheria,shallon,,,,native,S5,,48.899825000000000,-123.406599999999997,,NA,NA,"25541279",obs_native,file:///D:/Simon/Sync/Root/GIS/Biodiversity%20Data/obs_native.csv?type=csv&maxFields=10000&detectTypes=yes&xField=longitude&yField=latitude&crs=EPSG:4326&spatialIndex=no&subsetIndex=no&watchFile=no
"4165",Gaultheria shallon,Gaultheria,shallon,,,,native,S5,,48.962191670000003,-123.517988900000006,,NA,NA,"25597338",obs_native,file:///D:/Simon/Sync/Root/GIS/Biodiversity%20Data/obs_native.csv?type=csv&maxFields=10000&detectTypes=yes&xField=longitude&yField=latitude&crs=EPSG:4326&spatialIndex=no&subsetIndex=no&watchFile=no
"4166",Gaultheria shallon,Gaultheria,shallon,,,,native,S5,,48.962200000000003,-123.518005599999995,,NA,NA,"25597339",obs_native,file:///D:/Simon/Sync/Root/GIS/Biodiversity%20Data/obs_native.csv?type=csv&maxFields=10000&detectTypes=yes&xField=longitude&yField=latitude&crs=EPSG:4326&spatialIndex=no&subsetIndex=no&watchFile=no
"4167",Gaultheria shallon,Gaultheria,shallon,,,,native,S5,,48.867030560000003,-123.329125000000005,,NA,NA,"25658112",obs_native,file:///D:/Simon/Sync/Root/GIS/Biodiversity%20Data/obs_native.csv?type=csv&maxFields=10000&detectTypes=yes&xField=longitude&yField=latitude&crs=EPSG:4326&spatialIndex=no&subsetIndex=no&watchFile=no
"4168",Gaultheria shallon,Gaultheria,shallon,,,,native,S5,,48.865908330000003,-123.331719399999997,,NA,NA,"25658113",obs_native,file:///D:/Simon/Sync/Root/GIS/Biodiversity%20Data/obs_native.csv?type=csv&maxFields=10000&detectTypes=yes&xField=longitude&yField=latitude&crs=EPSG:4326&spatialIndex=no&subsetIndex=no&watchFile=no
"4169",Gaultheria shallon,Gaultheria,shallon,,,,native,S5,,48.894383329999997,-123.404747200000003,,NA,NA,"25658138",obs_native,file:///D:/Simon/Sync/Root/GIS/Biodiversity%20Data/obs_native.csv?type=csv&maxFields=10000&detectTypes=yes&xField=longitude&yField=latitude&crs=EPSG:4326&spatialIndex=no&subsetIndex=no&watchFile=no
"4170",Gaultheria shallon,Gaultheria,shallon,,,,native,S5,,48.952736670000000,-123.533490000000000,,NA,NA,"28440149",obs_native,file:///D:/Simon/Sync/Root/GIS/Biodiversity%20Data/obs_native.csv?type=csv&maxFields=10000&detectTypes=yes&xField=longitude&yField=latitude&crs=EPSG:4326&spatialIndex=no&subsetIndex=no&watchFile=no
"4171",Gaultheria shallon,Gaultheria,shallon,,,,native,S5,,48.894170000000003,-123.406808299999994,,NA,NA,"32120955",obs_native,file:///D:/Simon/Sync/Root/GIS/Biodiversity%20Data/obs_native.csv?type=csv&maxFields=10000&detectTypes=yes&xField=longitude&yField=latitude&crs=EPSG:4326&spatialIndex=no&subsetIndex=no&watchFile=no
"4172",Gaultheria shallon,Gaultheria,shallon,,,,native,S5,,48.946665889999998,-123.490221300000002,,NA,NA,"33448572",obs_native,file:///D:/Simon/Sync/Root/GIS/Biodiversity%20Data/obs_native.csv?type=csv&maxFields=10000&detectTypes=yes&xField=longitude&yField=latitude&crs=EPSG:4326&spatialIndex=no&subsetIndex=no&watchFile=no
"4173",Gaultheria shallon,Gaultheria,shallon,,,,native,S5,,48.952519299999999,-123.533293599999993,,NA,NA,"38207180",obs_native,file:///D:/Simon/Sync/Root/GIS/Biodiversity%20Data/obs_native.csv?type=csv&maxFields=10000&detectTypes=yes&xField=longitude&yField=latitude&crs=EPSG:4326&spatialIndex=no&subsetIndex=no&watchFile=no
"4174",Gaultheria shallon,Gaultheria,shallon,,,,native,S5,,48.945710949999999,-123.478426400000004,,NA,NA,"38433765",obs_native,file:///D:/Simon/Sync/Root/GIS/Biodiversity%20Data/obs_native.csv?type=csv&maxFields=10000&detectTypes=yes&xField=longitude&yField=latitude&crs=EPSG:4326&spatialIndex=no&subsetIndex=no&watchFile=no
"4175",Gaultheria shallon,Gaultheria,shallon,,,,native,S5,,48.946140059999998,-123.479632899999999,,NA,NA,"38433875",obs_native,file:///D:/Simon/Sync/Root/GIS/Biodiversity%20Data/obs_native.csv?type=csv&maxFields=10000&detectTypes=yes&xField=longitude&yField=latitude&crs=EPSG:4326&spatialIndex=no&subsetIndex=no&watchFile=no
"4176",Gaultheria shallon,Gaultheria,shallon,,,,native,S5,,48.947257620000002,-123.479213200000004,,NA,NA,"38434148",obs_native,file:///D:/Simon/Sync/Root/GIS/Biodiversity%20Data/obs_native.csv?type=csv&maxFields=10000&detectTypes=yes&xField=longitude&yField=latitude&crs=EPSG:4326&spatialIndex=no&subsetIndex=no&watchFile=no
"4177",Gaultheria shallon,Gaultheria,shallon,,,,native,S5,,48.910972030000003,-123.378714299999999,,NA,NA,"41879866",obs_native,file:///D:/Simon/Sync/Root/GIS/Biodiversity%20Data/obs_native.csv?type=csv&maxFields=10000&detectTypes=yes&xField=longitude&yField=latitude&crs=EPSG:4326&spatialIndex=no&subsetIndex=no&watchFile=no
"4178",Gaultheria shallon,Gaultheria,shallon,,,,native,S5,,48.898874999999997,-123.407028299999993,,NA,NA,"49173482",obs_native,file:///D:/Simon/Sync/Root/GIS/Biodiversity%20Data/obs_native.csv?type=csv&maxFields=10000&detectTypes=yes&xField=longitude&yField=latitude&crs=EPSG:4326&spatialIndex=no&subsetIndex=no&watchFile=no
"4179",Gaultheria shallon,Gaultheria,shallon,,,,native,S5,,48.879321339999997,-123.325969700000002,,NA,NA,"51145526",obs_native,file:///D:/Simon/Sync/Root/GIS/Biodiversity%20Data/obs_native.csv?type=csv&maxFields=10000&detectTypes=yes&xField=longitude&yField=latitude&crs=EPSG:4326&spatialIndex=no&subsetIndex=no&watchFile=no
"4180",Gaultheria shallon,Gaultheria,shallon,,,,native,S5,,48.929979820000000,-123.467112499999999,,NA,NA,"52906144",obs_native,file:///D:/Simon/Sync/Root/GIS/Biodiversity%20Data/obs_native.csv?type=csv&maxFields=10000&detectTypes=yes&xField=longitude&yField=latitude&crs=EPSG:4326&spatialIndex=no&subsetIndex=no&watchFile=no
"4181",Gaultheria shallon,Gaultheria,shallon,,,,native,S5,,48.930197049999997,-123.467257799999999,,NA,NA,"52925242",obs_native,file:///D:/Simon/Sync/Root/GIS/Biodiversity%20Data/obs_native.csv?type=csv&maxFields=10000&detectTypes=yes&xField=longitude&yField=latitude&crs=EPSG:4326&spatialIndex=no&subsetIndex=no&watchFile=no
"4182",Gaultheria shallon,Gaultheria,shallon,,,,native,S5,,48.884236670000000,-123.370893300000006,,NA,NA,"53020581",obs_native,file:///D:/Simon/Sync/Root/GIS/Biodiversity%20Data/obs_native.csv?type=csv&maxFields=10000&detectTypes=yes&xField=longitude&yField=latitude&crs=EPSG:4326&spatialIndex=no&subsetIndex=no&watchFile=no
"4183",Gaultheria shallon,Gaultheria,shallon,,,,native,S5,,48.927281659999998,-123.468500700000007,,NA,NA,"53332038",obs_native,file:///D:/Simon/Sync/Root/GIS/Biodiversity%20Data/obs_native.csv?type=csv&maxFields=10000&detectTypes=yes&xField=longitude&yField=latitude&crs=EPSG:4326&spatialIndex=no&subsetIndex=no&watchFile=no
"4184",Gaultheria shallon,Gaultheria,shallon,,,,native,S5,,48.930020620000001,-123.481528400000002,,NA,NA,"53377766",obs_native,file:///D:/Simon/Sync/Root/GIS/Biodiversity%20Data/obs_native.csv?type=csv&maxFields=10000&detectTypes=yes&xField=longitude&yField=latitude&crs=EPSG:4326&spatialIndex=no&subsetIndex=no&watchFile=no
"4185",Gaultheria shallon,Gaultheria,shallon,,,,native,S5,,48.932299219999997,-123.478969699999993,,NA,NA,"53390166",obs_native,file:///D:/Simon/Sync/Root/GIS/Biodiversity%20Data/obs_native.csv?type=csv&maxFields=10000&detectTypes=yes&xField=longitude&yField=latitude&crs=EPSG:4326&spatialIndex=no&subsetIndex=no&watchFile=no
"4186",Gaultheria shallon,Gaultheria,shallon,,,,native,S5,,48.928537100000000,-123.468991500000001,,NA,NA,"54577076",obs_native,file:///D:/Simon/Sync/Root/GIS/Biodiversity%20Data/obs_native.csv?type=csv&maxFields=10000&detectTypes=yes&xField=longitude&yField=latitude&crs=EPSG:4326&spatialIndex=no&subsetIndex=no&watchFile=no
"4187",Gaultheria shallon,Gaultheria,shallon,,,,native,S5,,48.928844890000001,-123.469152500000007,,NA,NA,"54691298",obs_native,file:///D:/Simon/Sync/Root/GIS/Biodiversity%20Data/obs_native.csv?type=csv&maxFields=10000&detectTypes=yes&xField=longitude&yField=latitude&crs=EPSG:4326&spatialIndex=no&subsetIndex=no&watchFile=no
"4188",Gaultheria shallon,Gaultheria,shallon,,,,native,S5,,49.011755149999999,-123.574255100000002,,NA,NA,"57099062",obs_native,file:///D:/Simon/Sync/Root/GIS/Biodiversity%20Data/obs_native.csv?type=csv&maxFields=10000&detectTypes=yes&xField=longitude&yField=latitude&crs=EPSG:4326&spatialIndex=no&subsetIndex=no&watchFile=no
"4189",Gaultheria shallon,Gaultheria,shallon,,,,native,S5,,48.950251110000004,-123.514982799999999,,NA,NA,"62565864",obs_native,file:///D:/Simon/Sync/Root/GIS/Biodiversity%20Data/obs_native.csv?type=csv&maxFields=10000&detectTypes=yes&xField=longitude&yField=latitude&crs=EPSG:4326&spatialIndex=no&subsetIndex=no&watchFile=no
"4190",Gaultheria shallon,Gaultheria,shallon,,,,native,S5,,48.947603330000000,-123.501306700000001,,NA,NA,"70065819",obs_native,file:///D:/Simon/Sync/Root/GIS/Biodiversity%20Data/obs_native.csv?type=csv&maxFields=10000&detectTypes=yes&xField=longitude&yField=latitude&crs=EPSG:4326&spatialIndex=no&subsetIndex=no&watchFile=no
"4191",Gaultheria shallon,Gaultheria,shallon,,,,native,S5,,48.943285000000003,-123.501231700000005,,NA,NA,"70065831",obs_native,file:///D:/Simon/Sync/Root/GIS/Biodiversity%20Data/obs_native.csv?type=csv&maxFields=10000&detectTypes=yes&xField=longitude&yField=latitude&crs=EPSG:4326&spatialIndex=no&subsetIndex=no&watchFile=no
"4192",Gaultheria shallon,Gaultheria,shallon,,,,native,S5,,48.942373330000002,-123.501213300000003,,NA,NA,"72321447",obs_native,file:///D:/Simon/Sync/Root/GIS/Biodiversity%20Data/obs_native.csv?type=csv&maxFields=10000&detectTypes=yes&xField=longitude&yField=latitude&crs=EPSG:4326&spatialIndex=no&subsetIndex=no&watchFile=no
"4193",Gaultheria shallon,Gaultheria,shallon,,,,native,S5,,48.895458529999999,-123.404517299999995,,NA,NA,"79721749",obs_native,file:///D:/Simon/Sync/Root/GIS/Biodiversity%20Data/obs_native.csv?type=csv&maxFields=10000&detectTypes=yes&xField=longitude&yField=latitude&crs=EPSG:4326&spatialIndex=no&subsetIndex=no&watchFile=no
"4194",Gaultheria shallon,Gaultheria,shallon,,,,native,S5,,48.894019999999998,-123.406721700000006,,NA,NA,"80185551",obs_native,file:///D:/Simon/Sync/Root/GIS/Biodiversity%20Data/obs_native.csv?type=csv&maxFields=10000&detectTypes=yes&xField=longitude&yField=latitude&crs=EPSG:4326&spatialIndex=no&subsetIndex=no&watchFile=no
"4195",Gaultheria shallon,Gaultheria,shallon,,,,native,S5,,48.884650000000001,-123.356314999999995,,NA,NA,"83097977",obs_native,file:///D:/Simon/Sync/Root/GIS/Biodiversity%20Data/obs_native.csv?type=csv&maxFields=10000&detectTypes=yes&xField=longitude&yField=latitude&crs=EPSG:4326&spatialIndex=no&subsetIndex=no&watchFile=no
"4196",Gaultheria shallon,Gaultheria,shallon,,,,native,S5,,48.875998000000003,-123.384426000000005,,NA,NA,"83738313",obs_native,file:///D:/Simon/Sync/Root/GIS/Biodiversity%20Data/obs_native.csv?type=csv&maxFields=10000&detectTypes=yes&xField=longitude&yField=latitude&crs=EPSG:4326&spatialIndex=no&subsetIndex=no&watchFile=no
"4197",Gaultheria shallon,Gaultheria,shallon,,,,native,S5,,48.927444440000002,-123.467551499999999,,NA,NA,"83740183",obs_native,file:///D:/Simon/Sync/Root/GIS/Biodiversity%20Data/obs_native.csv?type=csv&maxFields=10000&detectTypes=yes&xField=longitude&yField=latitude&crs=EPSG:4326&spatialIndex=no&subsetIndex=no&watchFile=no
"4198",Gaultheria shallon,Gaultheria,shallon,,,,native,S5,,48.931126140000003,-123.478952699999994,,NA,NA,"84001202",obs_native,file:///D:/Simon/Sync/Root/GIS/Biodiversity%20Data/obs_native.csv?type=csv&maxFields=10000&detectTypes=yes&xField=longitude&yField=latitude&crs=EPSG:4326&spatialIndex=no&subsetIndex=no&watchFile=no
"4199",Gaultheria shallon,Gaultheria,shallon,,,,native,S5,,48.928281939999998,-123.467960199999993,,NA,NA,"84062793",obs_native,file:///D:/Simon/Sync/Root/GIS/Biodiversity%20Data/obs_native.csv?type=csv&maxFields=10000&detectTypes=yes&xField=longitude&yField=latitude&crs=EPSG:4326&spatialIndex=no&subsetIndex=no&watchFile=no
"4200",Gaultheria shallon,Gaultheria,shallon,,,,native,S5,,48.930576240000001,-123.468404300000003,,NA,NA,"84083406",obs_native,file:///D:/Simon/Sync/Root/GIS/Biodiversity%20Data/obs_native.csv?type=csv&maxFields=10000&detectTypes=yes&xField=longitude&yField=latitude&crs=EPSG:4326&spatialIndex=no&subsetIndex=no&watchFile=no
"4201",Gaultheria shallon,Gaultheria,shallon,,,,native,S5,,48.928178330000001,-123.467438299999998,,NA,NA,"84095629",obs_native,file:///D:/Simon/Sync/Root/GIS/Biodiversity%20Data/obs_native.csv?type=csv&maxFields=10000&detectTypes=yes&xField=longitude&yField=latitude&crs=EPSG:4326&spatialIndex=no&subsetIndex=no&watchFile=no
"4202",Gaultheria shallon,Gaultheria,shallon,,,,native,S5,,48.928294999999999,-123.467955000000003,,NA,NA,"84096763",obs_native,file:///D:/Simon/Sync/Root/GIS/Biodiversity%20Data/obs_native.csv?type=csv&maxFields=10000&detectTypes=yes&xField=longitude&yField=latitude&crs=EPSG:4326&spatialIndex=no&subsetIndex=no&watchFile=no
"4203",Gaultheria shallon,Gaultheria,shallon,,,,native,S5,,48.928091670000001,-123.467628300000001,,NA,NA,"84144803",obs_native,file:///D:/Simon/Sync/Root/GIS/Biodiversity%20Data/obs_native.csv?type=csv&maxFields=10000&detectTypes=yes&xField=longitude&yField=latitude&crs=EPSG:4326&spatialIndex=no&subsetIndex=no&watchFile=no
"4204",Gaultheria shallon,Gaultheria,shallon,,,,native,S5,,48.927988329999998,-123.467429999999993,,NA,NA,"84182660",obs_native,file:///D:/Simon/Sync/Root/GIS/Biodiversity%20Data/obs_native.csv?type=csv&maxFields=10000&detectTypes=yes&xField=longitude&yField=latitude&crs=EPSG:4326&spatialIndex=no&subsetIndex=no&watchFile=no
"4205",Gaultheria shallon,Gaultheria,shallon,,,,native,S5,,48.928136309999999,-123.467800100000005,,NA,NA,"84243202",obs_native,file:///D:/Simon/Sync/Root/GIS/Biodiversity%20Data/obs_native.csv?type=csv&maxFields=10000&detectTypes=yes&xField=longitude&yField=latitude&crs=EPSG:4326&spatialIndex=no&subsetIndex=no&watchFile=no
"4206",Gaultheria shallon,Gaultheria,shallon,,,,native,S5,,49.004397519999998,-123.566769500000007,,NA,NA,"85686013",obs_native,file:///D:/Simon/Sync/Root/GIS/Biodiversity%20Data/obs_native.csv?type=csv&maxFields=10000&detectTypes=yes&xField=longitude&yField=latitude&crs=EPSG:4326&spatialIndex=no&subsetIndex=no&watchFile=no
"4207",Gaultheria shallon,Gaultheria,shallon,,,,native,S5,,48.874583330000000,-123.319673300000005,,NA,NA,"86360379",obs_native,file:///D:/Simon/Sync/Root/GIS/Biodiversity%20Data/obs_native.csv?type=csv&maxFields=10000&detectTypes=yes&xField=longitude&yField=latitude&crs=EPSG:4326&spatialIndex=no&subsetIndex=no&watchFile=no
"4208",Gaultheria shallon,Gaultheria,shallon,,,,native,S5,,48.977021669999999,-123.554119999999998,,NA,NA,"89513187",obs_native,file:///D:/Simon/Sync/Root/GIS/Biodiversity%20Data/obs_native.csv?type=csv&maxFields=10000&detectTypes=yes&xField=longitude&yField=latitude&crs=EPSG:4326&spatialIndex=no&subsetIndex=no&watchFile=no
"4209",Gaultheria shallon,Gaultheria,shallon,,,,native,S5,,48.977486669999998,-123.552641699999995,,NA,NA,"89513230",obs_native,file:///D:/Simon/Sync/Root/GIS/Biodiversity%20Data/obs_native.csv?type=csv&maxFields=10000&detectTypes=yes&xField=longitude&yField=latitude&crs=EPSG:4326&spatialIndex=no&subsetIndex=no&watchFile=no
"4210",Gaultheria shallon,Gaultheria,shallon,,,,native,S5,,48.979206830000003,-123.557561300000003,,NA,NA,"89513338",obs_native,file:///D:/Simon/Sync/Root/GIS/Biodiversity%20Data/obs_native.csv?type=csv&maxFields=10000&detectTypes=yes&xField=longitude&yField=latitude&crs=EPSG:4326&spatialIndex=no&subsetIndex=no&watchFile=no
"4211",Gaultheria shallon,Gaultheria,shallon,,,,native,S5,,48.884640189999999,-123.371316399999998,,NA,NA,"93550059",obs_native,file:///D:/Simon/Sync/Root/GIS/Biodiversity%20Data/obs_native.csv?type=csv&maxFields=10000&detectTypes=yes&xField=longitude&yField=latitude&crs=EPSG:4326&spatialIndex=no&subsetIndex=no&watchFile=no
"4212",Gaultheria shallon,Gaultheria,shallon,,,,native,S5,,48.984088329999999,-123.544174999999996,,NA,NA,"93746333",obs_native,file:///D:/Simon/Sync/Root/GIS/Biodiversity%20Data/obs_native.csv?type=csv&maxFields=10000&detectTypes=yes&xField=longitude&yField=latitude&crs=EPSG:4326&spatialIndex=no&subsetIndex=no&watchFile=no
"4213",Gaultheria shallon,Gaultheria,shallon,,,,native,S5,,49.000851670000003,-123.561211700000001,,NA,NA,"94679694",obs_native,file:///D:/Simon/Sync/Root/GIS/Biodiversity%20Data/obs_native.csv?type=csv&maxFields=10000&detectTypes=yes&xField=longitude&yField=latitude&crs=EPSG:4326&spatialIndex=no&subsetIndex=no&watchFile=no
"4214",Gaultheria shallon,Gaultheria,shallon,,,,native,S5,,49.000574319999998,-123.560935499999999,,NA,NA,"94679708",obs_native,file:///D:/Simon/Sync/Root/GIS/Biodiversity%20Data/obs_native.csv?type=csv&maxFields=10000&detectTypes=yes&xField=longitude&yField=latitude&crs=EPSG:4326&spatialIndex=no&subsetIndex=no&watchFile=no
"4215",Gaultheria shallon,Gaultheria,shallon,,,,native,S5,,48.994433330000000,-123.562926700000006,,NA,NA,"94679729",obs_native,file:///D:/Simon/Sync/Root/GIS/Biodiversity%20Data/obs_native.csv?type=csv&maxFields=10000&detectTypes=yes&xField=longitude&yField=latitude&crs=EPSG:4326&spatialIndex=no&subsetIndex=no&watchFile=no
"4216",Gaultheria shallon,Gaultheria,shallon,,,,native,S5,,48.994468329999997,-123.562950000000001,,NA,NA,"94679732",obs_native,file:///D:/Simon/Sync/Root/GIS/Biodiversity%20Data/obs_native.csv?type=csv&maxFields=10000&detectTypes=yes&xField=longitude&yField=latitude&crs=EPSG:4326&spatialIndex=no&subsetIndex=no&watchFile=no
"4217",Gaultheria shallon,Gaultheria,shallon,,,,native,S5,,48.994565799999997,-123.561310199999994,,NA,NA,"94679747",obs_native,file:///D:/Simon/Sync/Root/GIS/Biodiversity%20Data/obs_native.csv?type=csv&maxFields=10000&detectTypes=yes&xField=longitude&yField=latitude&crs=EPSG:4326&spatialIndex=no&subsetIndex=no&watchFile=no
"4218",Gaultheria shallon,Gaultheria,shallon,,,,native,S5,,48.994121669999998,-123.560528300000001,,NA,NA,"94679752",obs_native,file:///D:/Simon/Sync/Root/GIS/Biodiversity%20Data/obs_native.csv?type=csv&maxFields=10000&detectTypes=yes&xField=longitude&yField=latitude&crs=EPSG:4326&spatialIndex=no&subsetIndex=no&watchFile=no
"4219",Gaultheria shallon,Gaultheria,shallon,,,,native,S5,,48.994198130000001,-123.556165899999996,,NA,NA,"94679760",obs_native,file:///D:/Simon/Sync/Root/GIS/Biodiversity%20Data/obs_native.csv?type=csv&maxFields=10000&detectTypes=yes&xField=longitude&yField=latitude&crs=EPSG:4326&spatialIndex=no&subsetIndex=no&watchFile=no
"4220",Gaultheria shallon,Gaultheria,shallon,,,,native,S5,,48.994198130000001,-123.556165899999996,,NA,NA,"94679764",obs_native,file:///D:/Simon/Sync/Root/GIS/Biodiversity%20Data/obs_native.csv?type=csv&maxFields=10000&detectTypes=yes&xField=longitude&yField=latitude&crs=EPSG:4326&spatialIndex=no&subsetIndex=no&watchFile=no
"4221",Gaultheria shallon,Gaultheria,shallon,,,,native,S5,,48.994493329999997,-123.555366699999993,,NA,NA,"94679798",obs_native,file:///D:/Simon/Sync/Root/GIS/Biodiversity%20Data/obs_native.csv?type=csv&maxFields=10000&detectTypes=yes&xField=longitude&yField=latitude&crs=EPSG:4326&spatialIndex=no&subsetIndex=no&watchFile=no
"4222",Gaultheria shallon,Gaultheria,shallon,,,,native,S5,,48.994594890000002,-123.554896400000004,,NA,NA,"94679826",obs_native,file:///D:/Simon/Sync/Root/GIS/Biodiversity%20Data/obs_native.csv?type=csv&maxFields=10000&detectTypes=yes&xField=longitude&yField=latitude&crs=EPSG:4326&spatialIndex=no&subsetIndex=no&watchFile=no
"4223",Gaultheria shallon,Gaultheria,shallon,,,,native,S5,,48.900154720000003,-123.342804799999996,,NA,NA,"100435545",obs_native,file:///D:/Simon/Sync/Root/GIS/Biodiversity%20Data/obs_native.csv?type=csv&maxFields=10000&detectTypes=yes&xField=longitude&yField=latitude&crs=EPSG:4326&spatialIndex=no&subsetIndex=no&watchFile=no
"4224",Gaultheria shallon,Gaultheria,shallon,,,,native,S5,,48.993452840000003,-123.554223800000003,,NA,NA,"100641962",obs_native,file:///D:/Simon/Sync/Root/GIS/Biodiversity%20Data/obs_native.csv?type=csv&maxFields=10000&detectTypes=yes&xField=longitude&yField=latitude&crs=EPSG:4326&spatialIndex=no&subsetIndex=no&watchFile=no
"4225",Gaultheria shallon,Gaultheria,shallon,,,,native,S5,,48.878953330000002,-123.319603299999997,,NA,NA,"102626780",obs_native,file:///D:/Simon/Sync/Root/GIS/Biodiversity%20Data/obs_native.csv?type=csv&maxFields=10000&detectTypes=yes&xField=longitude&yField=latitude&crs=EPSG:4326&spatialIndex=no&subsetIndex=no&watchFile=no
"4226",Gaultheria shallon,Gaultheria,shallon,,,,native,S5,,48.964754579999997,-123.516253399999997,,NA,NA,"107021667",obs_native,file:///D:/Simon/Sync/Root/GIS/Biodiversity%20Data/obs_native.csv?type=csv&maxFields=10000&detectTypes=yes&xField=longitude&yField=latitude&crs=EPSG:4326&spatialIndex=no&subsetIndex=no&watchFile=no
"4227",Gaultheria shallon,Gaultheria,shallon,,,,native,S5,,48.947460000000000,-123.502491699999993,,NA,NA,"107022566",obs_native,file:///D:/Simon/Sync/Root/GIS/Biodiversity%20Data/obs_native.csv?type=csv&maxFields=10000&detectTypes=yes&xField=longitude&yField=latitude&crs=EPSG:4326&spatialIndex=no&subsetIndex=no&watchFile=no
"4228",Gaultheria shallon,Gaultheria,shallon,,,,native,S5,,48.947289179999999,-123.502303900000001,,NA,NA,"107022576",obs_native,file:///D:/Simon/Sync/Root/GIS/Biodiversity%20Data/obs_native.csv?type=csv&maxFields=10000&detectTypes=yes&xField=longitude&yField=latitude&crs=EPSG:4326&spatialIndex=no&subsetIndex=no&watchFile=no
"4229",Gaultheria shallon,Gaultheria,shallon,,,,native,S5,,49.009692999999999,-123.572402999999994,,NA,NA,"110923228",obs_native,file:///D:/Simon/Sync/Root/GIS/Biodiversity%20Data/obs_native.csv?type=csv&maxFields=10000&detectTypes=yes&xField=longitude&yField=latitude&crs=EPSG:4326&spatialIndex=no&subsetIndex=no&watchFile=no
"4230",Gaultheria shallon,Gaultheria,shallon,,,,native,S5,,48.909483330000000,-123.371021700000000,,NA,NA,"114482033",obs_native,file:///D:/Simon/Sync/Root/GIS/Biodiversity%20Data/obs_native.csv?type=csv&maxFields=10000&detectTypes=yes&xField=longitude&yField=latitude&crs=EPSG:4326&spatialIndex=no&subsetIndex=no&watchFile=no
"4231",Gaultheria shallon,Gaultheria,shallon,,,,native,S5,,48.867023119999999,-123.329282500000005,,NA,NA,"114482517",obs_native,file:///D:/Simon/Sync/Root/GIS/Biodiversity%20Data/obs_native.csv?type=csv&maxFields=10000&detectTypes=yes&xField=longitude&yField=latitude&crs=EPSG:4326&spatialIndex=no&subsetIndex=no&watchFile=no
"4232",Gaultheria shallon,Gaultheria,shallon,,,,native,S5,,48.957397489999998,-123.528921900000000,,NA,NA,"116029601",obs_native,file:///D:/Simon/Sync/Root/GIS/Biodiversity%20Data/obs_native.csv?type=csv&maxFields=10000&detectTypes=yes&xField=longitude&yField=latitude&crs=EPSG:4326&spatialIndex=no&subsetIndex=no&watchFile=no
"4233",Gaultheria shallon,Gaultheria,shallon,,,,native,S5,,48.957400000000000,-123.528901700000006,,NA,NA,"116029606",obs_native,file:///D:/Simon/Sync/Root/GIS/Biodiversity%20Data/obs_native.csv?type=csv&maxFields=10000&detectTypes=yes&xField=longitude&yField=latitude&crs=EPSG:4326&spatialIndex=no&subsetIndex=no&watchFile=no
"4234",Gaultheria shallon,Gaultheria,shallon,,,,native,S5,,48.876017959999999,-123.371617200000003,,NA,NA,"118608388",obs_native,file:///D:/Simon/Sync/Root/GIS/Biodiversity%20Data/obs_native.csv?type=csv&maxFields=10000&detectTypes=yes&xField=longitude&yField=latitude&crs=EPSG:4326&spatialIndex=no&subsetIndex=no&watchFile=no
"4235",Gaultheria shallon,Gaultheria,shallon,,,,native,S5,,48.876471670000001,-123.371255000000005,,NA,NA,"118608402",obs_native,file:///D:/Simon/Sync/Root/GIS/Biodiversity%20Data/obs_native.csv?type=csv&maxFields=10000&detectTypes=yes&xField=longitude&yField=latitude&crs=EPSG:4326&spatialIndex=no&subsetIndex=no&watchFile=no
"4236",Gaultheria shallon,Gaultheria,shallon,,,,native,S5,,48.877038329999998,-123.371633299999999,,NA,NA,"118608409",obs_native,file:///D:/Simon/Sync/Root/GIS/Biodiversity%20Data/obs_native.csv?type=csv&maxFields=10000&detectTypes=yes&xField=longitude&yField=latitude&crs=EPSG:4326&spatialIndex=no&subsetIndex=no&watchFile=no
"4237",Gaultheria shallon,Gaultheria,shallon,,,,native,S5,,48.876941670000001,-123.371510000000001,,NA,NA,"118608418",obs_native,file:///D:/Simon/Sync/Root/GIS/Biodiversity%20Data/obs_native.csv?type=csv&maxFields=10000&detectTypes=yes&xField=longitude&yField=latitude&crs=EPSG:4326&spatialIndex=no&subsetIndex=no&watchFile=no
"4238",Gaultheria shallon,Gaultheria,shallon,,,,native,S5,,48.879981669999999,-123.380813300000000,,NA,NA,"118718722",obs_native,file:///D:/Simon/Sync/Root/GIS/Biodiversity%20Data/obs_native.csv?type=csv&maxFields=10000&detectTypes=yes&xField=longitude&yField=latitude&crs=EPSG:4326&spatialIndex=no&subsetIndex=no&watchFile=no
"4239",Gaultheria shallon,Gaultheria,shallon,,,,native,S5,,48.990073080000002,-123.566564000000000,,NA,NA,"119680217",obs_native,file:///D:/Simon/Sync/Root/GIS/Biodiversity%20Data/obs_native.csv?type=csv&maxFields=10000&detectTypes=yes&xField=longitude&yField=latitude&crs=EPSG:4326&spatialIndex=no&subsetIndex=no&watchFile=no
"4240",Gaultheria shallon,Gaultheria,shallon,,,,native,S5,,48.869416670000000,-123.343421699999993,,NA,NA,"120703709",obs_native,file:///D:/Simon/Sync/Root/GIS/Biodiversity%20Data/obs_native.csv?type=csv&maxFields=10000&detectTypes=yes&xField=longitude&yField=latitude&crs=EPSG:4326&spatialIndex=no&subsetIndex=no&watchFile=no
"4241",Gaultheria shallon,Gaultheria,shallon,,,,native,S5,,48.904558559999998,-123.367996599999998,,NA,NA,"120891205",obs_native,file:///D:/Simon/Sync/Root/GIS/Biodiversity%20Data/obs_native.csv?type=csv&maxFields=10000&detectTypes=yes&xField=longitude&yField=latitude&crs=EPSG:4326&spatialIndex=no&subsetIndex=no&watchFile=no
"4242",Gaultheria shallon,Gaultheria,shallon,,,,native,S5,,48.927469440000003,-123.468249999999998,,NA,NA,"122226280",obs_native,file:///D:/Simon/Sync/Root/GIS/Biodiversity%20Data/obs_native.csv?type=csv&maxFields=10000&detectTypes=yes&xField=longitude&yField=latitude&crs=EPSG:4326&spatialIndex=no&subsetIndex=no&watchFile=no
"4243",Gaultheria shallon,Gaultheria,shallon,,,,native,S5,,48.927996669999999,-123.467871700000003,,NA,NA,"122849825",obs_native,file:///D:/Simon/Sync/Root/GIS/Biodiversity%20Data/obs_native.csv?type=csv&maxFields=10000&detectTypes=yes&xField=longitude&yField=latitude&crs=EPSG:4326&spatialIndex=no&subsetIndex=no&watchFile=no
"4244",Gaultheria shallon,Gaultheria,shallon,,,,native,S5,,49.011680679999998,-123.574486500000006,,NA,NA,"123934467",obs_native,file:///D:/Simon/Sync/Root/GIS/Biodiversity%20Data/obs_native.csv?type=csv&maxFields=10000&detectTypes=yes&xField=longitude&yField=latitude&crs=EPSG:4326&spatialIndex=no&subsetIndex=no&watchFile=no
"4245",Gaultheria shallon,Gaultheria,shallon,,,,native,S5,,49.012160000000002,-123.574571700000007,,NA,NA,"123934482",obs_native,file:///D:/Simon/Sync/Root/GIS/Biodiversity%20Data/obs_native.csv?type=csv&maxFields=10000&detectTypes=yes&xField=longitude&yField=latitude&crs=EPSG:4326&spatialIndex=no&subsetIndex=no&watchFile=no
"4246",Gaultheria shallon,Gaultheria,shallon,,,,native,S5,,48.950610429999998,-123.515554300000005,,NA,NA,"124667674",obs_native,file:///D:/Simon/Sync/Root/GIS/Biodiversity%20Data/obs_native.csv?type=csv&maxFields=10000&detectTypes=yes&xField=longitude&yField=latitude&crs=EPSG:4326&spatialIndex=no&subsetIndex=no&watchFile=no
"4247",Gaultheria shallon,Gaultheria,shallon,,,,native,S5,,48.971404999999997,-123.548858300000006,,NA,NA,"124667852",obs_native,file:///D:/Simon/Sync/Root/GIS/Biodiversity%20Data/obs_native.csv?type=csv&maxFields=10000&detectTypes=yes&xField=longitude&yField=latitude&crs=EPSG:4326&spatialIndex=no&subsetIndex=no&watchFile=no
"4248",Gaultheria shallon,Gaultheria,shallon,,,,native,S5,,48.897422990000003,-123.408763300000004,,NA,NA,"126112876",obs_native,file:///D:/Simon/Sync/Root/GIS/Biodiversity%20Data/obs_native.csv?type=csv&maxFields=10000&detectTypes=yes&xField=longitude&yField=latitude&crs=EPSG:4326&spatialIndex=no&subsetIndex=no&watchFile=no
"4249",Gaultheria shallon,Gaultheria,shallon,,,,native,S5,,48.953536399999997,-123.522089500000007,,NA,NA,"126553848",obs_native,file:///D:/Simon/Sync/Root/GIS/Biodiversity%20Data/obs_native.csv?type=csv&maxFields=10000&detectTypes=yes&xField=longitude&yField=latitude&crs=EPSG:4326&spatialIndex=no&subsetIndex=no&watchFile=no
"4250",Gaultheria shallon,Gaultheria,shallon,,,,native,S5,,48.994719349999997,-123.564020999999997,,NA,NA,"126720233",obs_native,file:///D:/Simon/Sync/Root/GIS/Biodiversity%20Data/obs_native.csv?type=csv&maxFields=10000&detectTypes=yes&xField=longitude&yField=latitude&crs=EPSG:4326&spatialIndex=no&subsetIndex=no&watchFile=no
"4251",Gaultheria shallon,Gaultheria,shallon,,,,native,S5,,48.862359159999997,-123.321749900000000,,NA,NA,"127157356",obs_native,file:///D:/Simon/Sync/Root/GIS/Biodiversity%20Data/obs_native.csv?type=csv&maxFields=10000&detectTypes=yes&xField=longitude&yField=latitude&crs=EPSG:4326&spatialIndex=no&subsetIndex=no&watchFile=no
"4252",Gaultheria shallon,Gaultheria,shallon,,,,native,S5,,48.898853330000001,-123.407105000000001,,NA,NA,"129506138",obs_native,file:///D:/Simon/Sync/Root/GIS/Biodiversity%20Data/obs_native.csv?type=csv&maxFields=10000&detectTypes=yes&xField=longitude&yField=latitude&crs=EPSG:4326&spatialIndex=no&subsetIndex=no&watchFile=no
"4253",Gaultheria shallon,Gaultheria,shallon,,,,native,S5,,48.895338330000001,-123.392004999999997,,NA,NA,"129712528",obs_native,file:///D:/Simon/Sync/Root/GIS/Biodiversity%20Data/obs_native.csv?type=csv&maxFields=10000&detectTypes=yes&xField=longitude&yField=latitude&crs=EPSG:4326&spatialIndex=no&subsetIndex=no&watchFile=no
"4254",Gaultheria shallon,Gaultheria,shallon,,,,native,S5,,48.993011670000001,-123.582053299999998,,NA,NA,"129716921",obs_native,file:///D:/Simon/Sync/Root/GIS/Biodiversity%20Data/obs_native.csv?type=csv&maxFields=10000&detectTypes=yes&xField=longitude&yField=latitude&crs=EPSG:4326&spatialIndex=no&subsetIndex=no&watchFile=no
"4255",Gaultheria shallon,Gaultheria,shallon,,,,native,S5,,48.877146670000002,-123.367350000000002,,NA,NA,"129778432",obs_native,file:///D:/Simon/Sync/Root/GIS/Biodiversity%20Data/obs_native.csv?type=csv&maxFields=10000&detectTypes=yes&xField=longitude&yField=latitude&crs=EPSG:4326&spatialIndex=no&subsetIndex=no&watchFile=no
"4256",Gaultheria shallon,Gaultheria,shallon,,,,native,S5,,48.877481670000002,-123.366425000000007,,NA,NA,"129778446",obs_native,file:///D:/Simon/Sync/Root/GIS/Biodiversity%20Data/obs_native.csv?type=csv&maxFields=10000&detectTypes=yes&xField=longitude&yField=latitude&crs=EPSG:4326&spatialIndex=no&subsetIndex=no&watchFile=no
"4257",Gaultheria shallon,Gaultheria,shallon,,,,native,S5,,48.928896670000000,-123.457624999999993,,NA,NA,"135729884",obs_native,file:///D:/Simon/Sync/Root/GIS/Biodiversity%20Data/obs_native.csv?type=csv&maxFields=10000&detectTypes=yes&xField=longitude&yField=latitude&crs=EPSG:4326&spatialIndex=no&subsetIndex=no&watchFile=no
"4258",Geranium carolinianum,Geranium,carolinianum,,,,native,,,48.940345899999997,-123.504352600000004,,NA,NA,"6306968",obs_native,file:///D:/Simon/Sync/Root/GIS/Biodiversity%20Data/obs_native.csv?type=csv&maxFields=10000&detectTypes=yes&xField=longitude&yField=latitude&crs=EPSG:4326&spatialIndex=no&subsetIndex=no&watchFile=no
"4395",Geum macrophyllum,Geum,macrophyllum,,,,native,S5 (2000),,48.870021999999999,-123.344879000000006,,NA,NA,"2574218",obs_native,file:///D:/Simon/Sync/Root/GIS/Biodiversity%20Data/obs_native.csv?type=csv&maxFields=10000&detectTypes=yes&xField=longitude&yField=latitude&crs=EPSG:4326&spatialIndex=no&subsetIndex=no&watchFile=no
"4396",Geum macrophyllum,Geum,macrophyllum,,,,native,S5 (2000),,48.948452000000003,-123.502377999999993,,NA,NA,"3414135",obs_native,file:///D:/Simon/Sync/Root/GIS/Biodiversity%20Data/obs_native.csv?type=csv&maxFields=10000&detectTypes=yes&xField=longitude&yField=latitude&crs=EPSG:4326&spatialIndex=no&subsetIndex=no&watchFile=no
"4397",Geum macrophyllum,Geum,macrophyllum,,,,native,S5 (2000),,48.869999999999997,-123.320999999999998,,NA,NA,"12183935",obs_native,file:///D:/Simon/Sync/Root/GIS/Biodiversity%20Data/obs_native.csv?type=csv&maxFields=10000&detectTypes=yes&xField=longitude&yField=latitude&crs=EPSG:4326&spatialIndex=no&subsetIndex=no&watchFile=no
"4398",Geum macrophyllum,Geum,macrophyllum,,,,native,S5 (2000),,48.875874000000003,-123.341114000000005,,NA,NA,"12634704",obs_native,file:///D:/Simon/Sync/Root/GIS/Biodiversity%20Data/obs_native.csv?type=csv&maxFields=10000&detectTypes=yes&xField=longitude&yField=latitude&crs=EPSG:4326&spatialIndex=no&subsetIndex=no&watchFile=no
"4399",Geum macrophyllum,Geum,macrophyllum,,,,native,S5 (2000),,48.874077000000000,-123.342488000000003,,NA,NA,"12790935",obs_native,file:///D:/Simon/Sync/Root/GIS/Biodiversity%20Data/obs_native.csv?type=csv&maxFields=10000&detectTypes=yes&xField=longitude&yField=latitude&crs=EPSG:4326&spatialIndex=no&subsetIndex=no&watchFile=no
"4400",Geum macrophyllum,Geum,macrophyllum,,,,native,S5 (2000),,48.995741000000002,-123.577927000000003,,NA,NA,"13224627",obs_native,file:///D:/Simon/Sync/Root/GIS/Biodiversity%20Data/obs_native.csv?type=csv&maxFields=10000&detectTypes=yes&xField=longitude&yField=latitude&crs=EPSG:4326&spatialIndex=no&subsetIndex=no&watchFile=no
"4401",Geum macrophyllum,Geum,macrophyllum,,,,native,S5 (2000),,48.907982730000001,-123.393469199999998,,NA,NA,"13931261",obs_native,file:///D:/Simon/Sync/Root/GIS/Biodiversity%20Data/obs_native.csv?type=csv&maxFields=10000&detectTypes=yes&xField=longitude&yField=latitude&crs=EPSG:4326&spatialIndex=no&subsetIndex=no&watchFile=no
"4402",Geum macrophyllum,Geum,macrophyllum,,,,native,S5 (2000),,48.870893330000001,-123.346948299999994,,NA,NA,"13973296",obs_native,file:///D:/Simon/Sync/Root/GIS/Biodiversity%20Data/obs_native.csv?type=csv&maxFields=10000&detectTypes=yes&xField=longitude&yField=latitude&crs=EPSG:4326&spatialIndex=no&subsetIndex=no&watchFile=no
"4403",Geum macrophyllum,Geum,macrophyllum,,,,native,S5 (2000),,48.900047330000000,-123.405007800000007,,NA,NA,"25478492",obs_native,file:///D:/Simon/Sync/Root/GIS/Biodiversity%20Data/obs_native.csv?type=csv&maxFields=10000&detectTypes=yes&xField=longitude&yField=latitude&crs=EPSG:4326&spatialIndex=no&subsetIndex=no&watchFile=no
"4404",Geum macrophyllum,Geum,macrophyllum,,,,native,S5 (2000),,48.948238060000001,-123.502001800000002,,NA,NA,"28440098",obs_native,file:///D:/Simon/Sync/Root/GIS/Biodiversity%20Data/obs_native.csv?type=csv&maxFields=10000&detectTypes=yes&xField=longitude&yField=latitude&crs=EPSG:4326&spatialIndex=no&subsetIndex=no&watchFile=no
"4405",Geum macrophyllum,Geum,macrophyllum,,,,native,S5 (2000),,48.870208329999997,-123.321083299999998,,NA,NA,"46034421",obs_native,file:///D:/Simon/Sync/Root/GIS/Biodiversity%20Data/obs_native.csv?type=csv&maxFields=10000&detectTypes=yes&xField=longitude&yField=latitude&crs=EPSG:4326&spatialIndex=no&subsetIndex=no&watchFile=no
"4406",Geum macrophyllum,Geum,macrophyllum,,,,native,S5 (2000),,48.908235400000002,-123.393886800000004,,NA,NA,"47169897",obs_native,file:///D:/Simon/Sync/Root/GIS/Biodiversity%20Data/obs_native.csv?type=csv&maxFields=10000&detectTypes=yes&xField=longitude&yField=latitude&crs=EPSG:4326&spatialIndex=no&subsetIndex=no&watchFile=no
"4407",Geum macrophyllum,Geum,macrophyllum,,,,native,S5 (2000),,48.895229999999998,-123.344221700000006,,NA,NA,"50342047",obs_native,file:///D:/Simon/Sync/Root/GIS/Biodiversity%20Data/obs_native.csv?type=csv&maxFields=10000&detectTypes=yes&xField=longitude&yField=latitude&crs=EPSG:4326&spatialIndex=no&subsetIndex=no&watchFile=no
"4408",Geum macrophyllum,Geum,macrophyllum,,,,native,S5 (2000),,48.899416670000001,-123.404075000000006,,NA,NA,"84001626",obs_native,file:///D:/Simon/Sync/Root/GIS/Biodiversity%20Data/obs_native.csv?type=csv&maxFields=10000&detectTypes=yes&xField=longitude&yField=latitude&crs=EPSG:4326&spatialIndex=no&subsetIndex=no&watchFile=no
"4409",Geum macrophyllum,Geum,macrophyllum,,,,native,S5 (2000),,48.984441670000002,-123.556948300000002,,NA,NA,"89513127",obs_native,file:///D:/Simon/Sync/Root/GIS/Biodiversity%20Data/obs_native.csv?type=csv&maxFields=10000&detectTypes=yes&xField=longitude&yField=latitude&crs=EPSG:4326&spatialIndex=no&subsetIndex=no&watchFile=no
"4410",Geum macrophyllum,Geum,macrophyllum,,,,native,S5 (2000),,48.871871669999997,-123.315529999999995,,NA,NA,"119369492",obs_native,file:///D:/Simon/Sync/Root/GIS/Biodiversity%20Data/obs_native.csv?type=csv&maxFields=10000&detectTypes=yes&xField=longitude&yField=latitude&crs=EPSG:4326&spatialIndex=no&subsetIndex=no&watchFile=no
"4411",Geum macrophyllum,Geum,macrophyllum,,,,native,S5 (2000),,48.899053330000001,-123.403671700000004,,NA,NA,"126355266",obs_native,file:///D:/Simon/Sync/Root/GIS/Biodiversity%20Data/obs_native.csv?type=csv&maxFields=10000&detectTypes=yes&xField=longitude&yField=latitude&crs=EPSG:4326&spatialIndex=no&subsetIndex=no&watchFile=no
"4413",Glyceria elata,Glyceria,elata,,,,native,S5,,48.983364000000002,-123.556359000000000,,NA,NA,"13225256",obs_native,file:///D:/Simon/Sync/Root/GIS/Biodiversity%20Data/obs_native.csv?type=csv&maxFields=10000&detectTypes=yes&xField=longitude&yField=latitude&crs=EPSG:4326&spatialIndex=no&subsetIndex=no&watchFile=no
"4414",Glyceria elata,Glyceria,elata,,,,native,S5,,48.983208329999997,-123.556097199999996,,NA,NA,"121838571",obs_native,file:///D:/Simon/Sync/Root/GIS/Biodiversity%20Data/obs_native.csv?type=csv&maxFields=10000&detectTypes=yes&xField=longitude&yField=latitude&crs=EPSG:4326&spatialIndex=no&subsetIndex=no&watchFile=no
"4415",Glyceria elata,Glyceria,elata,,,,native,S5,,48.934502780000003,-123.476730599999996,,NA,NA,"127949339",obs_native,file:///D:/Simon/Sync/Root/GIS/Biodiversity%20Data/obs_native.csv?type=csv&maxFields=10000&detectTypes=yes&xField=longitude&yField=latitude&crs=EPSG:4326&spatialIndex=no&subsetIndex=no&watchFile=no
"4416",Gnaphalium palustre,Gnaphalium,palustre,,,,native,S5,,48.928498769999997,-123.468055699999994,,NA,NA,"84000666",obs_native,file:///D:/Simon/Sync/Root/GIS/Biodiversity%20Data/obs_native.csv?type=csv&maxFields=10000&detectTypes=yes&xField=longitude&yField=latitude&crs=EPSG:4326&spatialIndex=no&subsetIndex=no&watchFile=no
"4417",Gnaphalium palustre,Gnaphalium,palustre,,,,native,S5,,48.928378580000000,-123.467839999999995,,NA,NA,"84340265",obs_native,file:///D:/Simon/Sync/Root/GIS/Biodiversity%20Data/obs_native.csv?type=csv&maxFields=10000&detectTypes=yes&xField=longitude&yField=latitude&crs=EPSG:4326&spatialIndex=no&subsetIndex=no&watchFile=no
"4418",Gnaphalium palustre,Gnaphalium,palustre,,,,native,S5,,48.928482950000003,-123.468023299999999,,NA,NA,"84480248",obs_native,file:///D:/Simon/Sync/Root/GIS/Biodiversity%20Data/obs_native.csv?type=csv&maxFields=10000&detectTypes=yes&xField=longitude&yField=latitude&crs=EPSG:4326&spatialIndex=no&subsetIndex=no&watchFile=no
"4419",Gnaphalium palustre,Gnaphalium,palustre,,,,native,S5,,48.870538330000002,-123.318906699999999,,NA,NA,"121538426",obs_native,file:///D:/Simon/Sync/Root/GIS/Biodiversity%20Data/obs_native.csv?type=csv&maxFields=10000&detectTypes=yes&xField=longitude&yField=latitude&crs=EPSG:4326&spatialIndex=no&subsetIndex=no&watchFile=no
"4420",Gnaphalium palustre,Gnaphalium,palustre,,,,native,S5,,48.870538330000002,-123.318908300000004,,NA,NA,"121538428",obs_native,file:///D:/Simon/Sync/Root/GIS/Biodiversity%20Data/obs_native.csv?type=csv&maxFields=10000&detectTypes=yes&xField=longitude&yField=latitude&crs=EPSG:4326&spatialIndex=no&subsetIndex=no&watchFile=no
"4421",Gnaphalium palustre,Gnaphalium,palustre,,,,native,S5,,48.870838329999998,-123.319228300000006,,NA,NA,"130174278",obs_native,file:///D:/Simon/Sync/Root/GIS/Biodiversity%20Data/obs_native.csv?type=csv&maxFields=10000&detectTypes=yes&xField=longitude&yField=latitude&crs=EPSG:4326&spatialIndex=no&subsetIndex=no&watchFile=no
"4422",Gnaphalium palustre,Gnaphalium,palustre,,,,native,S5,,48.931678329999997,-123.478819999999999,,NA,NA,"131597943",obs_native,file:///D:/Simon/Sync/Root/GIS/Biodiversity%20Data/obs_native.csv?type=csv&maxFields=10000&detectTypes=yes&xField=longitude&yField=latitude&crs=EPSG:4326&spatialIndex=no&subsetIndex=no&watchFile=no
"4423",Gnaphalium palustre,Gnaphalium,palustre,,,,native,S5,,48.871466669999997,-123.316086700000000,,NA,NA,"135833041",obs_native,file:///D:/Simon/Sync/Root/GIS/Biodiversity%20Data/obs_native.csv?type=csv&maxFields=10000&detectTypes=yes&xField=longitude&yField=latitude&crs=EPSG:4326&spatialIndex=no&subsetIndex=no&watchFile=no
"4431",Goodyera oblongifolia,Goodyera,oblongifolia,,,,native,S5,,48.929512000000003,-123.471513000000002,,NA,NA,"2563285",obs_native,file:///D:/Simon/Sync/Root/GIS/Biodiversity%20Data/obs_native.csv?type=csv&maxFields=10000&detectTypes=yes&xField=longitude&yField=latitude&crs=EPSG:4326&spatialIndex=no&subsetIndex=no&watchFile=no
"4432",Goodyera oblongifolia,Goodyera,oblongifolia,,,,native,S5,,48.923825000000001,-123.460064000000003,,NA,NA,"2625038",obs_native,file:///D:/Simon/Sync/Root/GIS/Biodiversity%20Data/obs_native.csv?type=csv&maxFields=10000&detectTypes=yes&xField=longitude&yField=latitude&crs=EPSG:4326&spatialIndex=no&subsetIndex=no&watchFile=no
"4433",Goodyera oblongifolia,Goodyera,oblongifolia,,,,native,S5,,49.006593000000002,-123.580174000000000,,NA,NA,"2679590",obs_native,file:///D:/Simon/Sync/Root/GIS/Biodiversity%20Data/obs_native.csv?type=csv&maxFields=10000&detectTypes=yes&xField=longitude&yField=latitude&crs=EPSG:4326&spatialIndex=no&subsetIndex=no&watchFile=no
"4434",Goodyera oblongifolia,Goodyera,oblongifolia,,,,native,S5,,48.906683000000001,-123.356509000000003,,NA,NA,"2763249",obs_native,file:///D:/Simon/Sync/Root/GIS/Biodiversity%20Data/obs_native.csv?type=csv&maxFields=10000&detectTypes=yes&xField=longitude&yField=latitude&crs=EPSG:4326&spatialIndex=no&subsetIndex=no&watchFile=no
"4435",Goodyera oblongifolia,Goodyera,oblongifolia,,,,native,S5,,48.895595999999998,-123.405411000000001,,NA,NA,"2771148",obs_native,file:///D:/Simon/Sync/Root/GIS/Biodiversity%20Data/obs_native.csv?type=csv&maxFields=10000&detectTypes=yes&xField=longitude&yField=latitude&crs=EPSG:4326&spatialIndex=no&subsetIndex=no&watchFile=no
"4436",Goodyera oblongifolia,Goodyera,oblongifolia,,,,native,S5,,48.917265000000000,-123.406848999999994,,NA,NA,"2915787",obs_native,file:///D:/Simon/Sync/Root/GIS/Biodiversity%20Data/obs_native.csv?type=csv&maxFields=10000&detectTypes=yes&xField=longitude&yField=latitude&crs=EPSG:4326&spatialIndex=no&subsetIndex=no&watchFile=no
"4437",Goodyera oblongifolia,Goodyera,oblongifolia,,,,native,S5,,48.867548999999997,-123.339915000000005,,NA,NA,"3041061",obs_native,file:///D:/Simon/Sync/Root/GIS/Biodiversity%20Data/obs_native.csv?type=csv&maxFields=10000&detectTypes=yes&xField=longitude&yField=latitude&crs=EPSG:4326&spatialIndex=no&subsetIndex=no&watchFile=no
"4438",Goodyera oblongifolia,Goodyera,oblongifolia,,,,native,S5,,48.915973999999999,-123.424808999999996,,NA,NA,"3296725",obs_native,file:///D:/Simon/Sync/Root/GIS/Biodiversity%20Data/obs_native.csv?type=csv&maxFields=10000&detectTypes=yes&xField=longitude&yField=latitude&crs=EPSG:4326&spatialIndex=no&subsetIndex=no&watchFile=no
"4439",Goodyera oblongifolia,Goodyera,oblongifolia,,,,native,S5,,48.939803329999997,-123.502966700000002,,NA,NA,"3368938",obs_native,file:///D:/Simon/Sync/Root/GIS/Biodiversity%20Data/obs_native.csv?type=csv&maxFields=10000&detectTypes=yes&xField=longitude&yField=latitude&crs=EPSG:4326&spatialIndex=no&subsetIndex=no&watchFile=no
"4440",Goodyera oblongifolia,Goodyera,oblongifolia,,,,native,S5,,48.928522219999998,-123.473972700000004,,NA,NA,"3637733",obs_native,file:///D:/Simon/Sync/Root/GIS/Biodiversity%20Data/obs_native.csv?type=csv&maxFields=10000&detectTypes=yes&xField=longitude&yField=latitude&crs=EPSG:4326&spatialIndex=no&subsetIndex=no&watchFile=no
"4441",Goodyera oblongifolia,Goodyera,oblongifolia,,,,native,S5,,48.939607000000002,-123.501418000000001,,NA,NA,"3637921",obs_native,file:///D:/Simon/Sync/Root/GIS/Biodiversity%20Data/obs_native.csv?type=csv&maxFields=10000&detectTypes=yes&xField=longitude&yField=latitude&crs=EPSG:4326&spatialIndex=no&subsetIndex=no&watchFile=no
"4442",Goodyera oblongifolia,Goodyera,oblongifolia,,,,native,S5,,48.939607000000002,-123.501418000000001,,NA,NA,"3637936",obs_native,file:///D:/Simon/Sync/Root/GIS/Biodiversity%20Data/obs_native.csv?type=csv&maxFields=10000&detectTypes=yes&xField=longitude&yField=latitude&crs=EPSG:4326&spatialIndex=no&subsetIndex=no&watchFile=no
"4443",Goodyera oblongifolia,Goodyera,oblongifolia,,,,native,S5,,48.948996670000000,-123.482238300000006,,NA,NA,"3652110",obs_native,file:///D:/Simon/Sync/Root/GIS/Biodiversity%20Data/obs_native.csv?type=csv&maxFields=10000&detectTypes=yes&xField=longitude&yField=latitude&crs=EPSG:4326&spatialIndex=no&subsetIndex=no&watchFile=no
"4444",Goodyera oblongifolia,Goodyera,oblongifolia,,,,native,S5,,48.896817669999997,-123.409777899999995,,NA,NA,"3701133",obs_native,file:///D:/Simon/Sync/Root/GIS/Biodiversity%20Data/obs_native.csv?type=csv&maxFields=10000&detectTypes=yes&xField=longitude&yField=latitude&crs=EPSG:4326&spatialIndex=no&subsetIndex=no&watchFile=no
"4445",Goodyera oblongifolia,Goodyera,oblongifolia,,,,native,S5,,48.896817669999997,-123.409777899999995,,NA,NA,"3701136",obs_native,file:///D:/Simon/Sync/Root/GIS/Biodiversity%20Data/obs_native.csv?type=csv&maxFields=10000&detectTypes=yes&xField=longitude&yField=latitude&crs=EPSG:4326&spatialIndex=no&subsetIndex=no&watchFile=no
"4446",Goodyera oblongifolia,Goodyera,oblongifolia,,,,native,S5,,48.891696699999997,-123.381614700000000,,NA,NA,"5168367",obs_native,file:///D:/Simon/Sync/Root/GIS/Biodiversity%20Data/obs_native.csv?type=csv&maxFields=10000&detectTypes=yes&xField=longitude&yField=latitude&crs=EPSG:4326&spatialIndex=no&subsetIndex=no&watchFile=no
"4447",Goodyera oblongifolia,Goodyera,oblongifolia,,,,native,S5,,48.906677240000000,-123.356530699999993,,NA,NA,"5646963",obs_native,file:///D:/Simon/Sync/Root/GIS/Biodiversity%20Data/obs_native.csv?type=csv&maxFields=10000&detectTypes=yes&xField=longitude&yField=latitude&crs=EPSG:4326&spatialIndex=no&subsetIndex=no&watchFile=no
"4448",Goodyera oblongifolia,Goodyera,oblongifolia,,,,native,S5,,48.906719549999998,-123.358397499999995,,NA,NA,"5885852",obs_native,file:///D:/Simon/Sync/Root/GIS/Biodiversity%20Data/obs_native.csv?type=csv&maxFields=10000&detectTypes=yes&xField=longitude&yField=latitude&crs=EPSG:4326&spatialIndex=no&subsetIndex=no&watchFile=no
"4449",Goodyera oblongifolia,Goodyera,oblongifolia,,,,native,S5,,48.906042560000003,-123.358268699999996,,NA,NA,"5886277",obs_native,file:///D:/Simon/Sync/Root/GIS/Biodiversity%20Data/obs_native.csv?type=csv&maxFields=10000&detectTypes=yes&xField=longitude&yField=latitude&crs=EPSG:4326&spatialIndex=no&subsetIndex=no&watchFile=no
"4450",Goodyera oblongifolia,Goodyera,oblongifolia,,,,native,S5,,48.868800149999998,-123.378610600000002,,NA,NA,"6410320",obs_native,file:///D:/Simon/Sync/Root/GIS/Biodiversity%20Data/obs_native.csv?type=csv&maxFields=10000&detectTypes=yes&xField=longitude&yField=latitude&crs=EPSG:4326&spatialIndex=no&subsetIndex=no&watchFile=no
"4451",Goodyera oblongifolia,Goodyera,oblongifolia,,,,native,S5,,48.993734920000001,-123.572845500000000,,NA,NA,"8104430",obs_native,file:///D:/Simon/Sync/Root/GIS/Biodiversity%20Data/obs_native.csv?type=csv&maxFields=10000&detectTypes=yes&xField=longitude&yField=latitude&crs=EPSG:4326&spatialIndex=no&subsetIndex=no&watchFile=no
"4452",Goodyera oblongifolia,Goodyera,oblongifolia,,,,native,S5,,48.868958329999998,-123.341399999999993,,NA,NA,"8570317",obs_native,file:///D:/Simon/Sync/Root/GIS/Biodiversity%20Data/obs_native.csv?type=csv&maxFields=10000&detectTypes=yes&xField=longitude&yField=latitude&crs=EPSG:4326&spatialIndex=no&subsetIndex=no&watchFile=no
"4453",Goodyera oblongifolia,Goodyera,oblongifolia,,,,native,S5,,48.893924970000000,-123.403733099999997,,NA,NA,"8871023",obs_native,file:///D:/Simon/Sync/Root/GIS/Biodiversity%20Data/obs_native.csv?type=csv&maxFields=10000&detectTypes=yes&xField=longitude&yField=latitude&crs=EPSG:4326&spatialIndex=no&subsetIndex=no&watchFile=no
"4454",Goodyera oblongifolia,Goodyera,oblongifolia,,,,native,S5,,48.917619999999999,-123.398349999999994,,NA,NA,"9387251",obs_native,file:///D:/Simon/Sync/Root/GIS/Biodiversity%20Data/obs_native.csv?type=csv&maxFields=10000&detectTypes=yes&xField=longitude&yField=latitude&crs=EPSG:4326&spatialIndex=no&subsetIndex=no&watchFile=no
"4455",Goodyera oblongifolia,Goodyera,oblongifolia,,,,native,S5,,48.917461670000002,-123.397024999999999,,NA,NA,"11577645",obs_native,file:///D:/Simon/Sync/Root/GIS/Biodiversity%20Data/obs_native.csv?type=csv&maxFields=10000&detectTypes=yes&xField=longitude&yField=latitude&crs=EPSG:4326&spatialIndex=no&subsetIndex=no&watchFile=no
"4456",Goodyera oblongifolia,Goodyera,oblongifolia,,,,native,S5,,48.863096669999997,-123.373024999999998,,NA,NA,"11578533",obs_native,file:///D:/Simon/Sync/Root/GIS/Biodiversity%20Data/obs_native.csv?type=csv&maxFields=10000&detectTypes=yes&xField=longitude&yField=latitude&crs=EPSG:4326&spatialIndex=no&subsetIndex=no&watchFile=no
"4457",Goodyera oblongifolia,Goodyera,oblongifolia,,,,native,S5,,48.874510000000001,-123.333782999999997,,NA,NA,"12763377",obs_native,file:///D:/Simon/Sync/Root/GIS/Biodiversity%20Data/obs_native.csv?type=csv&maxFields=10000&detectTypes=yes&xField=longitude&yField=latitude&crs=EPSG:4326&spatialIndex=no&subsetIndex=no&watchFile=no
"4458",Goodyera oblongifolia,Goodyera,oblongifolia,,,,native,S5,,48.880411000000002,-123.336709999999997,,NA,NA,"12789613",obs_native,file:///D:/Simon/Sync/Root/GIS/Biodiversity%20Data/obs_native.csv?type=csv&maxFields=10000&detectTypes=yes&xField=longitude&yField=latitude&crs=EPSG:4326&spatialIndex=no&subsetIndex=no&watchFile=no
"4459",Goodyera oblongifolia,Goodyera,oblongifolia,,,,native,S5,,48.876758330000001,-123.339516700000004,,NA,NA,"13964116",obs_native,file:///D:/Simon/Sync/Root/GIS/Biodiversity%20Data/obs_native.csv?type=csv&maxFields=10000&detectTypes=yes&xField=longitude&yField=latitude&crs=EPSG:4326&spatialIndex=no&subsetIndex=no&watchFile=no
"4460",Goodyera oblongifolia,Goodyera,oblongifolia,,,,native,S5,,48.910006670000001,-123.374768299999999,,NA,NA,"13973811",obs_native,file:///D:/Simon/Sync/Root/GIS/Biodiversity%20Data/obs_native.csv?type=csv&maxFields=10000&detectTypes=yes&xField=longitude&yField=latitude&crs=EPSG:4326&spatialIndex=no&subsetIndex=no&watchFile=no
"4461",Goodyera oblongifolia,Goodyera,oblongifolia,,,,native,S5,,48.897297520000002,-123.407539799999995,,NA,NA,"24536139",obs_native,file:///D:/Simon/Sync/Root/GIS/Biodiversity%20Data/obs_native.csv?type=csv&maxFields=10000&detectTypes=yes&xField=longitude&yField=latitude&crs=EPSG:4326&spatialIndex=no&subsetIndex=no&watchFile=no
"4462",Goodyera oblongifolia,Goodyera,oblongifolia,,,,native,S5,,48.898612980000003,-123.408058199999999,,NA,NA,"24557086",obs_native,file:///D:/Simon/Sync/Root/GIS/Biodiversity%20Data/obs_native.csv?type=csv&maxFields=10000&detectTypes=yes&xField=longitude&yField=latitude&crs=EPSG:4326&spatialIndex=no&subsetIndex=no&watchFile=no
"4463",Goodyera oblongifolia,Goodyera,oblongifolia,,,,native,S5,,48.896543569999999,-123.407721899999999,,NA,NA,"24677333",obs_native,file:///D:/Simon/Sync/Root/GIS/Biodiversity%20Data/obs_native.csv?type=csv&maxFields=10000&detectTypes=yes&xField=longitude&yField=latitude&crs=EPSG:4326&spatialIndex=no&subsetIndex=no&watchFile=no
"4464",Goodyera oblongifolia,Goodyera,oblongifolia,,,,native,S5,,48.897044440000002,-123.407891699999993,,NA,NA,"24677341",obs_native,file:///D:/Simon/Sync/Root/GIS/Biodiversity%20Data/obs_native.csv?type=csv&maxFields=10000&detectTypes=yes&xField=longitude&yField=latitude&crs=EPSG:4326&spatialIndex=no&subsetIndex=no&watchFile=no
"4465",Goodyera oblongifolia,Goodyera,oblongifolia,,,,native,S5,,48.894958330000001,-123.406533300000007,,NA,NA,"24677416",obs_native,file:///D:/Simon/Sync/Root/GIS/Biodiversity%20Data/obs_native.csv?type=csv&maxFields=10000&detectTypes=yes&xField=longitude&yField=latitude&crs=EPSG:4326&spatialIndex=no&subsetIndex=no&watchFile=no
"4466",Goodyera oblongifolia,Goodyera,oblongifolia,,,,native,S5,,48.895466669999998,-123.407119399999999,,NA,NA,"24677451",obs_native,file:///D:/Simon/Sync/Root/GIS/Biodiversity%20Data/obs_native.csv?type=csv&maxFields=10000&detectTypes=yes&xField=longitude&yField=latitude&crs=EPSG:4326&spatialIndex=no&subsetIndex=no&watchFile=no
"4467",Goodyera oblongifolia,Goodyera,oblongifolia,,,,native,S5,,48.895644439999998,-123.407013899999995,,NA,NA,"24677465",obs_native,file:///D:/Simon/Sync/Root/GIS/Biodiversity%20Data/obs_native.csv?type=csv&maxFields=10000&detectTypes=yes&xField=longitude&yField=latitude&crs=EPSG:4326&spatialIndex=no&subsetIndex=no&watchFile=no
"4468",Goodyera oblongifolia,Goodyera,oblongifolia,,,,native,S5,,48.896334779999997,-123.407566500000001,,NA,NA,"24677531",obs_native,file:///D:/Simon/Sync/Root/GIS/Biodiversity%20Data/obs_native.csv?type=csv&maxFields=10000&detectTypes=yes&xField=longitude&yField=latitude&crs=EPSG:4326&spatialIndex=no&subsetIndex=no&watchFile=no
"4469",Goodyera oblongifolia,Goodyera,oblongifolia,,,,native,S5,,48.896502779999999,-123.407525000000007,,NA,NA,"24677537",obs_native,file:///D:/Simon/Sync/Root/GIS/Biodiversity%20Data/obs_native.csv?type=csv&maxFields=10000&detectTypes=yes&xField=longitude&yField=latitude&crs=EPSG:4326&spatialIndex=no&subsetIndex=no&watchFile=no
"4470",Goodyera oblongifolia,Goodyera,oblongifolia,,,,native,S5,,48.896763890000003,-123.408036100000004,,NA,NA,"24677576",obs_native,file:///D:/Simon/Sync/Root/GIS/Biodiversity%20Data/obs_native.csv?type=csv&maxFields=10000&detectTypes=yes&xField=longitude&yField=latitude&crs=EPSG:4326&spatialIndex=no&subsetIndex=no&watchFile=no
"4471",Goodyera oblongifolia,Goodyera,oblongifolia,,,,native,S5,,48.901766670000001,-123.405761100000007,,NA,NA,"24683922",obs_native,file:///D:/Simon/Sync/Root/GIS/Biodiversity%20Data/obs_native.csv?type=csv&maxFields=10000&detectTypes=yes&xField=longitude&yField=latitude&crs=EPSG:4326&spatialIndex=no&subsetIndex=no&watchFile=no
"4472",Goodyera oblongifolia,Goodyera,oblongifolia,,,,native,S5,,48.897846670000000,-123.404571700000005,,NA,NA,"24688729",obs_native,file:///D:/Simon/Sync/Root/GIS/Biodiversity%20Data/obs_native.csv?type=csv&maxFields=10000&detectTypes=yes&xField=longitude&yField=latitude&crs=EPSG:4326&spatialIndex=no&subsetIndex=no&watchFile=no
"4473",Goodyera oblongifolia,Goodyera,oblongifolia,,,,native,S5,,48.901189559999999,-123.406003400000003,,NA,NA,"24689865",obs_native,file:///D:/Simon/Sync/Root/GIS/Biodiversity%20Data/obs_native.csv?type=csv&maxFields=10000&detectTypes=yes&xField=longitude&yField=latitude&crs=EPSG:4326&spatialIndex=no&subsetIndex=no&watchFile=no
"4474",Goodyera oblongifolia,Goodyera,oblongifolia,,,,native,S5,,48.957619999999999,-123.541663299999996,,NA,NA,"24699089",obs_native,file:///D:/Simon/Sync/Root/GIS/Biodiversity%20Data/obs_native.csv?type=csv&maxFields=10000&detectTypes=yes&xField=longitude&yField=latitude&crs=EPSG:4326&spatialIndex=no&subsetIndex=no&watchFile=no
"4475",Goodyera oblongifolia,Goodyera,oblongifolia,,,,native,S5,,48.896569440000000,-123.410408300000000,,NA,NA,"24701346",obs_native,file:///D:/Simon/Sync/Root/GIS/Biodiversity%20Data/obs_native.csv?type=csv&maxFields=10000&detectTypes=yes&xField=longitude&yField=latitude&crs=EPSG:4326&spatialIndex=no&subsetIndex=no&watchFile=no
"4476",Goodyera oblongifolia,Goodyera,oblongifolia,,,,native,S5,,48.901474999999998,-123.404358299999998,,NA,NA,"24709078",obs_native,file:///D:/Simon/Sync/Root/GIS/Biodiversity%20Data/obs_native.csv?type=csv&maxFields=10000&detectTypes=yes&xField=longitude&yField=latitude&crs=EPSG:4326&spatialIndex=no&subsetIndex=no&watchFile=no
"4477",Goodyera oblongifolia,Goodyera,oblongifolia,,,,native,S5,,48.901602670000003,-123.406160799999995,,NA,NA,"24715245",obs_native,file:///D:/Simon/Sync/Root/GIS/Biodiversity%20Data/obs_native.csv?type=csv&maxFields=10000&detectTypes=yes&xField=longitude&yField=latitude&crs=EPSG:4326&spatialIndex=no&subsetIndex=no&watchFile=no
"4478",Goodyera oblongifolia,Goodyera,oblongifolia,,,,native,S5,,48.901309519999998,-123.405699200000001,,NA,NA,"24715365",obs_native,file:///D:/Simon/Sync/Root/GIS/Biodiversity%20Data/obs_native.csv?type=csv&maxFields=10000&detectTypes=yes&xField=longitude&yField=latitude&crs=EPSG:4326&spatialIndex=no&subsetIndex=no&watchFile=no
"4479",Goodyera oblongifolia,Goodyera,oblongifolia,,,,native,S5,,48.901454690000001,-123.404887200000005,,NA,NA,"24939301",obs_native,file:///D:/Simon/Sync/Root/GIS/Biodiversity%20Data/obs_native.csv?type=csv&maxFields=10000&detectTypes=yes&xField=longitude&yField=latitude&crs=EPSG:4326&spatialIndex=no&subsetIndex=no&watchFile=no
"4480",Goodyera oblongifolia,Goodyera,oblongifolia,,,,native,S5,,48.896175599999999,-123.409678799999995,,NA,NA,"24942613",obs_native,file:///D:/Simon/Sync/Root/GIS/Biodiversity%20Data/obs_native.csv?type=csv&maxFields=10000&detectTypes=yes&xField=longitude&yField=latitude&crs=EPSG:4326&spatialIndex=no&subsetIndex=no&watchFile=no
"4481",Goodyera oblongifolia,Goodyera,oblongifolia,,,,native,S5,,48.901266669999998,-123.406175000000005,,NA,NA,"25541295",obs_native,file:///D:/Simon/Sync/Root/GIS/Biodiversity%20Data/obs_native.csv?type=csv&maxFields=10000&detectTypes=yes&xField=longitude&yField=latitude&crs=EPSG:4326&spatialIndex=no&subsetIndex=no&watchFile=no
"4482",Goodyera oblongifolia,Goodyera,oblongifolia,,,,native,S5,,48.901855560000001,-123.404097199999995,,NA,NA,"25560959",obs_native,file:///D:/Simon/Sync/Root/GIS/Biodiversity%20Data/obs_native.csv?type=csv&maxFields=10000&detectTypes=yes&xField=longitude&yField=latitude&crs=EPSG:4326&spatialIndex=no&subsetIndex=no&watchFile=no
"4483",Goodyera oblongifolia,Goodyera,oblongifolia,,,,native,S5,,48.962619439999997,-123.517616700000005,,NA,NA,"25596123",obs_native,file:///D:/Simon/Sync/Root/GIS/Biodiversity%20Data/obs_native.csv?type=csv&maxFields=10000&detectTypes=yes&xField=longitude&yField=latitude&crs=EPSG:4326&spatialIndex=no&subsetIndex=no&watchFile=no
"4484",Goodyera oblongifolia,Goodyera,oblongifolia,,,,native,S5,,48.896799999999999,-123.410133299999998,,NA,NA,"25656974",obs_native,file:///D:/Simon/Sync/Root/GIS/Biodiversity%20Data/obs_native.csv?type=csv&maxFields=10000&detectTypes=yes&xField=longitude&yField=latitude&crs=EPSG:4326&spatialIndex=no&subsetIndex=no&watchFile=no
"4485",Goodyera oblongifolia,Goodyera,oblongifolia,,,,native,S5,,48.952530000000003,-123.533268300000003,,NA,NA,"28440126",obs_native,file:///D:/Simon/Sync/Root/GIS/Biodiversity%20Data/obs_native.csv?type=csv&maxFields=10000&detectTypes=yes&xField=longitude&yField=latitude&crs=EPSG:4326&spatialIndex=no&subsetIndex=no&watchFile=no
"4486",Goodyera oblongifolia,Goodyera,oblongifolia,,,,native,S5,,49.001700000000000,-123.561958300000001,,NA,NA,"28604042",obs_native,file:///D:/Simon/Sync/Root/GIS/Biodiversity%20Data/obs_native.csv?type=csv&maxFields=10000&detectTypes=yes&xField=longitude&yField=latitude&crs=EPSG:4326&spatialIndex=no&subsetIndex=no&watchFile=no
"4487",Goodyera oblongifolia,Goodyera,oblongifolia,,,,native,S5,,48.979174929999999,-123.558953099999997,,NA,NA,"30736558",obs_native,file:///D:/Simon/Sync/Root/GIS/Biodiversity%20Data/obs_native.csv?type=csv&maxFields=10000&detectTypes=yes&xField=longitude&yField=latitude&crs=EPSG:4326&spatialIndex=no&subsetIndex=no&watchFile=no
"4488",Goodyera oblongifolia,Goodyera,oblongifolia,,,,native,S5,,48.909888330000001,-123.374795000000006,,NA,NA,"31257021",obs_native,file:///D:/Simon/Sync/Root/GIS/Biodiversity%20Data/obs_native.csv?type=csv&maxFields=10000&detectTypes=yes&xField=longitude&yField=latitude&crs=EPSG:4326&spatialIndex=no&subsetIndex=no&watchFile=no
"4489",Goodyera oblongifolia,Goodyera,oblongifolia,,,,native,S5,,48.884667000000000,-123.393609999999995,,NA,NA,"31377469",obs_native,file:///D:/Simon/Sync/Root/GIS/Biodiversity%20Data/obs_native.csv?type=csv&maxFields=10000&detectTypes=yes&xField=longitude&yField=latitude&crs=EPSG:4326&spatialIndex=no&subsetIndex=no&watchFile=no
"4490",Goodyera oblongifolia,Goodyera,oblongifolia,,,,native,S5,,48.896483330000002,-123.410063300000004,,NA,NA,"32120956",obs_native,file:///D:/Simon/Sync/Root/GIS/Biodiversity%20Data/obs_native.csv?type=csv&maxFields=10000&detectTypes=yes&xField=longitude&yField=latitude&crs=EPSG:4326&spatialIndex=no&subsetIndex=no&watchFile=no
"4491",Goodyera oblongifolia,Goodyera,oblongifolia,,,,native,S5,,48.865764280000000,-123.354092499999993,,NA,NA,"39450092",obs_native,file:///D:/Simon/Sync/Root/GIS/Biodiversity%20Data/obs_native.csv?type=csv&maxFields=10000&detectTypes=yes&xField=longitude&yField=latitude&crs=EPSG:4326&spatialIndex=no&subsetIndex=no&watchFile=no
"4492",Goodyera oblongifolia,Goodyera,oblongifolia,,,,native,S5,,48.927140260000002,-123.468628600000002,,NA,NA,"39970032",obs_native,file:///D:/Simon/Sync/Root/GIS/Biodiversity%20Data/obs_native.csv?type=csv&maxFields=10000&detectTypes=yes&xField=longitude&yField=latitude&crs=EPSG:4326&spatialIndex=no&subsetIndex=no&watchFile=no
"4493",Goodyera oblongifolia,Goodyera,oblongifolia,,,,native,S5,,48.890396670000001,-123.318878299999994,,NA,NA,"44276644",obs_native,file:///D:/Simon/Sync/Root/GIS/Biodiversity%20Data/obs_native.csv?type=csv&maxFields=10000&detectTypes=yes&xField=longitude&yField=latitude&crs=EPSG:4326&spatialIndex=no&subsetIndex=no&watchFile=no
"4494",Goodyera oblongifolia,Goodyera,oblongifolia,,,,native,S5,,48.895271670000000,-123.405091700000000,,NA,NA,"49173028",obs_native,file:///D:/Simon/Sync/Root/GIS/Biodiversity%20Data/obs_native.csv?type=csv&maxFields=10000&detectTypes=yes&xField=longitude&yField=latitude&crs=EPSG:4326&spatialIndex=no&subsetIndex=no&watchFile=no
"4495",Goodyera oblongifolia,Goodyera,oblongifolia,,,,native,S5,,48.886728329999997,-123.372903300000004,,NA,NA,"53022070",obs_native,file:///D:/Simon/Sync/Root/GIS/Biodiversity%20Data/obs_native.csv?type=csv&maxFields=10000&detectTypes=yes&xField=longitude&yField=latitude&crs=EPSG:4326&spatialIndex=no&subsetIndex=no&watchFile=no
"4496",Goodyera oblongifolia,Goodyera,oblongifolia,,,,native,S5,,48.927169259999999,-123.468484099999998,,NA,NA,"53274730",obs_native,file:///D:/Simon/Sync/Root/GIS/Biodiversity%20Data/obs_native.csv?type=csv&maxFields=10000&detectTypes=yes&xField=longitude&yField=latitude&crs=EPSG:4326&spatialIndex=no&subsetIndex=no&watchFile=no
"4497",Goodyera oblongifolia,Goodyera,oblongifolia,,,,native,S5,,48.927063220000001,-123.468633600000004,,NA,NA,"53380245",obs_native,file:///D:/Simon/Sync/Root/GIS/Biodiversity%20Data/obs_native.csv?type=csv&maxFields=10000&detectTypes=yes&xField=longitude&yField=latitude&crs=EPSG:4326&spatialIndex=no&subsetIndex=no&watchFile=no
"4498",Goodyera oblongifolia,Goodyera,oblongifolia,,,,native,S5,,48.927408470000003,-123.468549300000006,,NA,NA,"53382787",obs_native,file:///D:/Simon/Sync/Root/GIS/Biodiversity%20Data/obs_native.csv?type=csv&maxFields=10000&detectTypes=yes&xField=longitude&yField=latitude&crs=EPSG:4326&spatialIndex=no&subsetIndex=no&watchFile=no
"4499",Goodyera oblongifolia,Goodyera,oblongifolia,,,,native,S5,,48.943877800000003,-123.507830600000005,,NA,NA,"56465660",obs_native,file:///D:/Simon/Sync/Root/GIS/Biodiversity%20Data/obs_native.csv?type=csv&maxFields=10000&detectTypes=yes&xField=longitude&yField=latitude&crs=EPSG:4326&spatialIndex=no&subsetIndex=no&watchFile=no
"4500",Goodyera oblongifolia,Goodyera,oblongifolia,,,,native,S5,,49.011755149999999,-123.574255100000002,,NA,NA,"57099063",obs_native,file:///D:/Simon/Sync/Root/GIS/Biodiversity%20Data/obs_native.csv?type=csv&maxFields=10000&detectTypes=yes&xField=longitude&yField=latitude&crs=EPSG:4326&spatialIndex=no&subsetIndex=no&watchFile=no
"4501",Goodyera oblongifolia,Goodyera,oblongifolia,,,,native,S5,,48.919448090000003,-123.432062000000002,,NA,NA,"58032413",obs_native,file:///D:/Simon/Sync/Root/GIS/Biodiversity%20Data/obs_native.csv?type=csv&maxFields=10000&detectTypes=yes&xField=longitude&yField=latitude&crs=EPSG:4326&spatialIndex=no&subsetIndex=no&watchFile=no
"4502",Goodyera oblongifolia,Goodyera,oblongifolia,,,,native,S5,,48.868817829999998,-123.341202199999998,,NA,NA,"61147621",obs_native,file:///D:/Simon/Sync/Root/GIS/Biodiversity%20Data/obs_native.csv?type=csv&maxFields=10000&detectTypes=yes&xField=longitude&yField=latitude&crs=EPSG:4326&spatialIndex=no&subsetIndex=no&watchFile=no
"4503",Goodyera oblongifolia,Goodyera,oblongifolia,,,,native,S5,,49.005508419999998,-123.568145200000004,,NA,NA,"68992591",obs_native,file:///D:/Simon/Sync/Root/GIS/Biodiversity%20Data/obs_native.csv?type=csv&maxFields=10000&detectTypes=yes&xField=longitude&yField=latitude&crs=EPSG:4326&spatialIndex=no&subsetIndex=no&watchFile=no
"4504",Goodyera oblongifolia,Goodyera,oblongifolia,,,,native,S5,,49.011002339999997,-123.573404699999998,,NA,NA,"72229226",obs_native,file:///D:/Simon/Sync/Root/GIS/Biodiversity%20Data/obs_native.csv?type=csv&maxFields=10000&detectTypes=yes&xField=longitude&yField=latitude&crs=EPSG:4326&spatialIndex=no&subsetIndex=no&watchFile=no
"4505",Goodyera oblongifolia,Goodyera,oblongifolia,,,,native,S5,,48.897145000000002,-123.407996699999998,,NA,NA,"73151253",obs_native,file:///D:/Simon/Sync/Root/GIS/Biodiversity%20Data/obs_native.csv?type=csv&maxFields=10000&detectTypes=yes&xField=longitude&yField=latitude&crs=EPSG:4326&spatialIndex=no&subsetIndex=no&watchFile=no
"4506",Goodyera oblongifolia,Goodyera,oblongifolia,,,,native,S5,,48.931903329999997,-123.480599600000005,,NA,NA,"77835616",obs_native,file:///D:/Simon/Sync/Root/GIS/Biodiversity%20Data/obs_native.csv?type=csv&maxFields=10000&detectTypes=yes&xField=longitude&yField=latitude&crs=EPSG:4326&spatialIndex=no&subsetIndex=no&watchFile=no
"4507",Goodyera oblongifolia,Goodyera,oblongifolia,,,,native,S5,,48.885316170000003,-123.355071199999998,,NA,NA,"83098039",obs_native,file:///D:/Simon/Sync/Root/GIS/Biodiversity%20Data/obs_native.csv?type=csv&maxFields=10000&detectTypes=yes&xField=longitude&yField=latitude&crs=EPSG:4326&spatialIndex=no&subsetIndex=no&watchFile=no
"4508",Goodyera oblongifolia,Goodyera,oblongifolia,,,,native,S5,,49.005700859999997,-123.567781800000006,,NA,NA,"83605798",obs_native,file:///D:/Simon/Sync/Root/GIS/Biodiversity%20Data/obs_native.csv?type=csv&maxFields=10000&detectTypes=yes&xField=longitude&yField=latitude&crs=EPSG:4326&spatialIndex=no&subsetIndex=no&watchFile=no
"4509",Goodyera oblongifolia,Goodyera,oblongifolia,,,,native,S5,,48.983728329999998,-123.548071699999994,,NA,NA,"83714502",obs_native,file:///D:/Simon/Sync/Root/GIS/Biodiversity%20Data/obs_native.csv?type=csv&maxFields=10000&detectTypes=yes&xField=longitude&yField=latitude&crs=EPSG:4326&spatialIndex=no&subsetIndex=no&watchFile=no
"4510",Goodyera oblongifolia,Goodyera,oblongifolia,,,,native,S5,,48.876094440000003,-123.384861099999995,,NA,NA,"83738286",obs_native,file:///D:/Simon/Sync/Root/GIS/Biodiversity%20Data/obs_native.csv?type=csv&maxFields=10000&detectTypes=yes&xField=longitude&yField=latitude&crs=EPSG:4326&spatialIndex=no&subsetIndex=no&watchFile=no
"4511",Goodyera oblongifolia,Goodyera,oblongifolia,,,,native,S5,,48.927226320000003,-123.469909299999998,,NA,NA,"84001198",obs_native,file:///D:/Simon/Sync/Root/GIS/Biodiversity%20Data/obs_native.csv?type=csv&maxFields=10000&detectTypes=yes&xField=longitude&yField=latitude&crs=EPSG:4326&spatialIndex=no&subsetIndex=no&watchFile=no
"4512",Goodyera oblongifolia,Goodyera,oblongifolia,,,,native,S5,,48.928333649999999,-123.466688700000006,,NA,NA,"84243233",obs_native,file:///D:/Simon/Sync/Root/GIS/Biodiversity%20Data/obs_native.csv?type=csv&maxFields=10000&detectTypes=yes&xField=longitude&yField=latitude&crs=EPSG:4326&spatialIndex=no&subsetIndex=no&watchFile=no
"4513",Goodyera oblongifolia,Goodyera,oblongifolia,,,,native,S5,,48.927516670000003,-123.467055000000002,,NA,NA,"84252700",obs_native,file:///D:/Simon/Sync/Root/GIS/Biodiversity%20Data/obs_native.csv?type=csv&maxFields=10000&detectTypes=yes&xField=longitude&yField=latitude&crs=EPSG:4326&spatialIndex=no&subsetIndex=no&watchFile=no
"4514",Goodyera oblongifolia,Goodyera,oblongifolia,,,,native,S5,,48.927596670000000,-123.468466699999993,,NA,NA,"84749962",obs_native,file:///D:/Simon/Sync/Root/GIS/Biodiversity%20Data/obs_native.csv?type=csv&maxFields=10000&detectTypes=yes&xField=longitude&yField=latitude&crs=EPSG:4326&spatialIndex=no&subsetIndex=no&watchFile=no
"4515",Goodyera oblongifolia,Goodyera,oblongifolia,,,,native,S5,,48.927511140000000,-123.469131899999994,,NA,NA,"84751236",obs_native,file:///D:/Simon/Sync/Root/GIS/Biodiversity%20Data/obs_native.csv?type=csv&maxFields=10000&detectTypes=yes&xField=longitude&yField=latitude&crs=EPSG:4326&spatialIndex=no&subsetIndex=no&watchFile=no
"4516",Goodyera oblongifolia,Goodyera,oblongifolia,,,,native,S5,,48.928207659999998,-123.467866799999996,,NA,NA,"84753195",obs_native,file:///D:/Simon/Sync/Root/GIS/Biodiversity%20Data/obs_native.csv?type=csv&maxFields=10000&detectTypes=yes&xField=longitude&yField=latitude&crs=EPSG:4326&spatialIndex=no&subsetIndex=no&watchFile=no
"4517",Goodyera oblongifolia,Goodyera,oblongifolia,,,,native,S5,,49.007613880000001,-123.571128299999998,,NA,NA,"85685495",obs_native,file:///D:/Simon/Sync/Root/GIS/Biodiversity%20Data/obs_native.csv?type=csv&maxFields=10000&detectTypes=yes&xField=longitude&yField=latitude&crs=EPSG:4326&spatialIndex=no&subsetIndex=no&watchFile=no
"4518",Goodyera oblongifolia,Goodyera,oblongifolia,,,,native,S5,,48.975081670000002,-123.552371699999995,,NA,NA,"89513206",obs_native,file:///D:/Simon/Sync/Root/GIS/Biodiversity%20Data/obs_native.csv?type=csv&maxFields=10000&detectTypes=yes&xField=longitude&yField=latitude&crs=EPSG:4326&spatialIndex=no&subsetIndex=no&watchFile=no
"4519",Goodyera oblongifolia,Goodyera,oblongifolia,,,,native,S5,,49.002266669999997,-123.562979999999996,,NA,NA,"98760549",obs_native,file:///D:/Simon/Sync/Root/GIS/Biodiversity%20Data/obs_native.csv?type=csv&maxFields=10000&detectTypes=yes&xField=longitude&yField=latitude&crs=EPSG:4326&spatialIndex=no&subsetIndex=no&watchFile=no
"4520",Goodyera oblongifolia,Goodyera,oblongifolia,,,,native,S5,,48.899879100000000,-123.343215400000005,,NA,NA,"100431871",obs_native,file:///D:/Simon/Sync/Root/GIS/Biodiversity%20Data/obs_native.csv?type=csv&maxFields=10000&detectTypes=yes&xField=longitude&yField=latitude&crs=EPSG:4326&spatialIndex=no&subsetIndex=no&watchFile=no
"4521",Goodyera oblongifolia,Goodyera,oblongifolia,,,,native,S5,,48.944487270000003,-123.480419600000005,,NA,NA,"101232127",obs_native,file:///D:/Simon/Sync/Root/GIS/Biodiversity%20Data/obs_native.csv?type=csv&maxFields=10000&detectTypes=yes&xField=longitude&yField=latitude&crs=EPSG:4326&spatialIndex=no&subsetIndex=no&watchFile=no
"4522",Goodyera oblongifolia,Goodyera,oblongifolia,,,,native,S5,,48.927156050000001,-123.469078800000005,,NA,NA,"101742816",obs_native,file:///D:/Simon/Sync/Root/GIS/Biodiversity%20Data/obs_native.csv?type=csv&maxFields=10000&detectTypes=yes&xField=longitude&yField=latitude&crs=EPSG:4326&spatialIndex=no&subsetIndex=no&watchFile=no
"4523",Goodyera oblongifolia,Goodyera,oblongifolia,,,,native,S5,,48.897444999999998,-123.408325000000005,,NA,NA,"109621486",obs_native,file:///D:/Simon/Sync/Root/GIS/Biodiversity%20Data/obs_native.csv?type=csv&maxFields=10000&detectTypes=yes&xField=longitude&yField=latitude&crs=EPSG:4326&spatialIndex=no&subsetIndex=no&watchFile=no
"4524",Goodyera oblongifolia,Goodyera,oblongifolia,,,,native,S5,,48.984763330000000,-123.556511700000001,,NA,NA,"109623613",obs_native,file:///D:/Simon/Sync/Root/GIS/Biodiversity%20Data/obs_native.csv?type=csv&maxFields=10000&detectTypes=yes&xField=longitude&yField=latitude&crs=EPSG:4326&spatialIndex=no&subsetIndex=no&watchFile=no
"4525",Goodyera oblongifolia,Goodyera,oblongifolia,,,,native,S5,,48.865238329999997,-123.331170000000000,,NA,NA,"109624635",obs_native,file:///D:/Simon/Sync/Root/GIS/Biodiversity%20Data/obs_native.csv?type=csv&maxFields=10000&detectTypes=yes&xField=longitude&yField=latitude&crs=EPSG:4326&spatialIndex=no&subsetIndex=no&watchFile=no
"4526",Goodyera oblongifolia,Goodyera,oblongifolia,,,,native,S5,,48.912903329999999,-123.386161700000002,,NA,NA,"109726725",obs_native,file:///D:/Simon/Sync/Root/GIS/Biodiversity%20Data/obs_native.csv?type=csv&maxFields=10000&detectTypes=yes&xField=longitude&yField=latitude&crs=EPSG:4326&spatialIndex=no&subsetIndex=no&watchFile=no
"4527",Goodyera oblongifolia,Goodyera,oblongifolia,,,,native,S5,,49.007156000000002,-123.567276000000007,,NA,NA,"110922016",obs_native,file:///D:/Simon/Sync/Root/GIS/Biodiversity%20Data/obs_native.csv?type=csv&maxFields=10000&detectTypes=yes&xField=longitude&yField=latitude&crs=EPSG:4326&spatialIndex=no&subsetIndex=no&watchFile=no
"4528",Goodyera oblongifolia,Goodyera,oblongifolia,,,,native,S5,,48.985244999999999,-123.550378300000006,,NA,NA,"111885842",obs_native,file:///D:/Simon/Sync/Root/GIS/Biodiversity%20Data/obs_native.csv?type=csv&maxFields=10000&detectTypes=yes&xField=longitude&yField=latitude&crs=EPSG:4326&spatialIndex=no&subsetIndex=no&watchFile=no
"4529",Goodyera oblongifolia,Goodyera,oblongifolia,,,,native,S5,,48.985091869999998,-123.550562999999997,,NA,NA,"111965432",obs_native,file:///D:/Simon/Sync/Root/GIS/Biodiversity%20Data/obs_native.csv?type=csv&maxFields=10000&detectTypes=yes&xField=longitude&yField=latitude&crs=EPSG:4326&spatialIndex=no&subsetIndex=no&watchFile=no
"4530",Goodyera oblongifolia,Goodyera,oblongifolia,,,,native,S5,,49.010723740000003,-123.576293300000003,,NA,NA,"111981374",obs_native,file:///D:/Simon/Sync/Root/GIS/Biodiversity%20Data/obs_native.csv?type=csv&maxFields=10000&detectTypes=yes&xField=longitude&yField=latitude&crs=EPSG:4326&spatialIndex=no&subsetIndex=no&watchFile=no
"4531",Goodyera oblongifolia,Goodyera,oblongifolia,,,,native,S5,,48.863378330000003,-123.313696699999994,,NA,NA,"116791689",obs_native,file:///D:/Simon/Sync/Root/GIS/Biodiversity%20Data/obs_native.csv?type=csv&maxFields=10000&detectTypes=yes&xField=longitude&yField=latitude&crs=EPSG:4326&spatialIndex=no&subsetIndex=no&watchFile=no
"4532",Goodyera oblongifolia,Goodyera,oblongifolia,,,,native,S5,,48.933349389999997,-123.485830399999998,,NA,NA,"117480095",obs_native,file:///D:/Simon/Sync/Root/GIS/Biodiversity%20Data/obs_native.csv?type=csv&maxFields=10000&detectTypes=yes&xField=longitude&yField=latitude&crs=EPSG:4326&spatialIndex=no&subsetIndex=no&watchFile=no
"4533",Goodyera oblongifolia,Goodyera,oblongifolia,,,,native,S5,,48.927113890000001,-123.468369400000000,,NA,NA,"122225994",obs_native,file:///D:/Simon/Sync/Root/GIS/Biodiversity%20Data/obs_native.csv?type=csv&maxFields=10000&detectTypes=yes&xField=longitude&yField=latitude&crs=EPSG:4326&spatialIndex=no&subsetIndex=no&watchFile=no
"4534",Goodyera oblongifolia,Goodyera,oblongifolia,,,,native,S5,,48.956249589999999,-123.532155500000002,,NA,NA,"124842506",obs_native,file:///D:/Simon/Sync/Root/GIS/Biodiversity%20Data/obs_native.csv?type=csv&maxFields=10000&detectTypes=yes&xField=longitude&yField=latitude&crs=EPSG:4326&spatialIndex=no&subsetIndex=no&watchFile=no
"4535",Goodyera oblongifolia,Goodyera,oblongifolia,,,,native,S5,,48.896991669999998,-123.407020000000003,,NA,NA,"126928827",obs_native,file:///D:/Simon/Sync/Root/GIS/Biodiversity%20Data/obs_native.csv?type=csv&maxFields=10000&detectTypes=yes&xField=longitude&yField=latitude&crs=EPSG:4326&spatialIndex=no&subsetIndex=no&watchFile=no
"4536",Goodyera oblongifolia,Goodyera,oblongifolia,,,,native,S5,,48.952520000000000,-123.533254999999997,,NA,NA,"130174016",obs_native,file:///D:/Simon/Sync/Root/GIS/Biodiversity%20Data/obs_native.csv?type=csv&maxFields=10000&detectTypes=yes&xField=longitude&yField=latitude&crs=EPSG:4326&spatialIndex=no&subsetIndex=no&watchFile=no
"4537",Goodyera oblongifolia,Goodyera,oblongifolia,,,,native,S5,,48.895254250000001,-123.409691199999997,,NA,NA,"131506410",obs_native,file:///D:/Simon/Sync/Root/GIS/Biodiversity%20Data/obs_native.csv?type=csv&maxFields=10000&detectTypes=yes&xField=longitude&yField=latitude&crs=EPSG:4326&spatialIndex=no&subsetIndex=no&watchFile=no
"4538",Goodyera oblongifolia,Goodyera,oblongifolia,,,,native,S5,,48.899655559999999,-123.343488899999997,,NA,NA,"131933199",obs_native,file:///D:/Simon/Sync/Root/GIS/Biodiversity%20Data/obs_native.csv?type=csv&maxFields=10000&detectTypes=yes&xField=longitude&yField=latitude&crs=EPSG:4326&spatialIndex=no&subsetIndex=no&watchFile=no
"4539",Goodyera oblongifolia,Goodyera,oblongifolia,,,,native,S5,,48.954099390000003,-123.507482999999993,,NA,NA,"132679729",obs_native,file:///D:/Simon/Sync/Root/GIS/Biodiversity%20Data/obs_native.csv?type=csv&maxFields=10000&detectTypes=yes&xField=longitude&yField=latitude&crs=EPSG:4326&spatialIndex=no&subsetIndex=no&watchFile=no
"4540",Goodyera oblongifolia,Goodyera,oblongifolia,,,,native,S5,,48.947704999999999,-123.479783299999994,,NA,NA,"132887058",obs_native,file:///D:/Simon/Sync/Root/GIS/Biodiversity%20Data/obs_native.csv?type=csv&maxFields=10000&detectTypes=yes&xField=longitude&yField=latitude&crs=EPSG:4326&spatialIndex=no&subsetIndex=no&watchFile=no
"4541",Goodyera oblongifolia,Goodyera,oblongifolia,,,,native,S5,,48.894178330000003,-123.404158300000006,,NA,NA,"135462177",obs_native,file:///D:/Simon/Sync/Root/GIS/Biodiversity%20Data/obs_native.csv?type=csv&maxFields=10000&detectTypes=yes&xField=longitude&yField=latitude&crs=EPSG:4326&spatialIndex=no&subsetIndex=no&watchFile=no
"4542",Grindelia stricta,Grindelia,stricta,,,,native,S5,,48.930697000000002,-123.480406000000002,,NA,NA,"2561632",obs_native,file:///D:/Simon/Sync/Root/GIS/Biodiversity%20Data/obs_native.csv?type=csv&maxFields=10000&detectTypes=yes&xField=longitude&yField=latitude&crs=EPSG:4326&spatialIndex=no&subsetIndex=no&watchFile=no
"4543",Grindelia stricta,Grindelia,stricta,,,,native,S5,,48.929830000000003,-123.475684999999999,,NA,NA,"2566437",obs_native,file:///D:/Simon/Sync/Root/GIS/Biodiversity%20Data/obs_native.csv?type=csv&maxFields=10000&detectTypes=yes&xField=longitude&yField=latitude&crs=EPSG:4326&spatialIndex=no&subsetIndex=no&watchFile=no
"4544",Grindelia stricta,Grindelia,stricta,,,,native,S5,,48.929378999999997,-123.475770999999995,,NA,NA,"2580729",obs_native,file:///D:/Simon/Sync/Root/GIS/Biodiversity%20Data/obs_native.csv?type=csv&maxFields=10000&detectTypes=yes&xField=longitude&yField=latitude&crs=EPSG:4326&spatialIndex=no&subsetIndex=no&watchFile=no
"4545",Grindelia stricta,Grindelia,stricta,,,,native,S5,,48.929209999999998,-123.475427999999994,,NA,NA,"2621499",obs_native,file:///D:/Simon/Sync/Root/GIS/Biodiversity%20Data/obs_native.csv?type=csv&maxFields=10000&detectTypes=yes&xField=longitude&yField=latitude&crs=EPSG:4326&spatialIndex=no&subsetIndex=no&watchFile=no
"4546",Grindelia stricta,Grindelia,stricta,,,,native,S5,,48.929676999999998,-123.475785000000002,,NA,NA,"2632579",obs_native,file:///D:/Simon/Sync/Root/GIS/Biodiversity%20Data/obs_native.csv?type=csv&maxFields=10000&detectTypes=yes&xField=longitude&yField=latitude&crs=EPSG:4326&spatialIndex=no&subsetIndex=no&watchFile=no
"4547",Grindelia stricta,Grindelia,stricta,,,,native,S5,,48.867718000000004,-123.340086999999997,,NA,NA,"3041159",obs_native,file:///D:/Simon/Sync/Root/GIS/Biodiversity%20Data/obs_native.csv?type=csv&maxFields=10000&detectTypes=yes&xField=longitude&yField=latitude&crs=EPSG:4326&spatialIndex=no&subsetIndex=no&watchFile=no
"4548",Grindelia stricta,Grindelia,stricta,,,,native,S5,,48.896949999999997,-123.406677000000002,,NA,NA,"3310703",obs_native,file:///D:/Simon/Sync/Root/GIS/Biodiversity%20Data/obs_native.csv?type=csv&maxFields=10000&detectTypes=yes&xField=longitude&yField=latitude&crs=EPSG:4326&spatialIndex=no&subsetIndex=no&watchFile=no
"4549",Grindelia stricta,Grindelia,stricta,,,,native,S5,,48.952294999999999,-123.532870000000003,,NA,NA,"3341036",obs_native,file:///D:/Simon/Sync/Root/GIS/Biodiversity%20Data/obs_native.csv?type=csv&maxFields=10000&detectTypes=yes&xField=longitude&yField=latitude&crs=EPSG:4326&spatialIndex=no&subsetIndex=no&watchFile=no
"4550",Grindelia stricta,Grindelia,stricta,,,,native,S5,,48.952294999999999,-123.532870000000003,,NA,NA,"3341046",obs_native,file:///D:/Simon/Sync/Root/GIS/Biodiversity%20Data/obs_native.csv?type=csv&maxFields=10000&detectTypes=yes&xField=longitude&yField=latitude&crs=EPSG:4326&spatialIndex=no&subsetIndex=no&watchFile=no
"4551",Grindelia stricta,Grindelia,stricta,,,,native,S5,,48.963429259999998,-123.550655899999995,,NA,NA,"3504406",obs_native,file:///D:/Simon/Sync/Root/GIS/Biodiversity%20Data/obs_native.csv?type=csv&maxFields=10000&detectTypes=yes&xField=longitude&yField=latitude&crs=EPSG:4326&spatialIndex=no&subsetIndex=no&watchFile=no
"4552",Grindelia stricta,Grindelia,stricta,,,,native,S5,,48.963923000000001,-123.550808000000004,,NA,NA,"3518005",obs_native,file:///D:/Simon/Sync/Root/GIS/Biodiversity%20Data/obs_native.csv?type=csv&maxFields=10000&detectTypes=yes&xField=longitude&yField=latitude&crs=EPSG:4326&spatialIndex=no&subsetIndex=no&watchFile=no
"4553",Grindelia stricta,Grindelia,stricta,,,,native,S5,,48.898463419999999,-123.407671100000002,,NA,NA,"3694844",obs_native,file:///D:/Simon/Sync/Root/GIS/Biodiversity%20Data/obs_native.csv?type=csv&maxFields=10000&detectTypes=yes&xField=longitude&yField=latitude&crs=EPSG:4326&spatialIndex=no&subsetIndex=no&watchFile=no
"4554",Grindelia stricta,Grindelia,stricta,,,,native,S5,,48.929412999999997,-123.475513000000007,,NA,NA,"3734951",obs_native,file:///D:/Simon/Sync/Root/GIS/Biodiversity%20Data/obs_native.csv?type=csv&maxFields=10000&detectTypes=yes&xField=longitude&yField=latitude&crs=EPSG:4326&spatialIndex=no&subsetIndex=no&watchFile=no
"4555",Grindelia stricta,Grindelia,stricta,,,,native,S5,,48.898175999999999,-123.407838999999996,,NA,NA,"4017014",obs_native,file:///D:/Simon/Sync/Root/GIS/Biodiversity%20Data/obs_native.csv?type=csv&maxFields=10000&detectTypes=yes&xField=longitude&yField=latitude&crs=EPSG:4326&spatialIndex=no&subsetIndex=no&watchFile=no
"4556",Grindelia stricta,Grindelia,stricta,,,,native,S5,,48.901550700000001,-123.445180300000004,,NA,NA,"6410318",obs_native,file:///D:/Simon/Sync/Root/GIS/Biodiversity%20Data/obs_native.csv?type=csv&maxFields=10000&detectTypes=yes&xField=longitude&yField=latitude&crs=EPSG:4326&spatialIndex=no&subsetIndex=no&watchFile=no
"4557",Grindelia stricta,Grindelia,stricta,,,,native,S5,,48.900696850000003,-123.336124400000003,,NA,NA,"6425217",obs_native,file:///D:/Simon/Sync/Root/GIS/Biodiversity%20Data/obs_native.csv?type=csv&maxFields=10000&detectTypes=yes&xField=longitude&yField=latitude&crs=EPSG:4326&spatialIndex=no&subsetIndex=no&watchFile=no
"4558",Grindelia stricta,Grindelia,stricta,,,,native,S5,,48.900696850000003,-123.336124400000003,,NA,NA,"6425232",obs_native,file:///D:/Simon/Sync/Root/GIS/Biodiversity%20Data/obs_native.csv?type=csv&maxFields=10000&detectTypes=yes&xField=longitude&yField=latitude&crs=EPSG:4326&spatialIndex=no&subsetIndex=no&watchFile=no
"4559",Grindelia stricta,Grindelia,stricta,,,,native,S5,,48.952281999999997,-123.532933999999997,,NA,NA,"7278283",obs_native,file:///D:/Simon/Sync/Root/GIS/Biodiversity%20Data/obs_native.csv?type=csv&maxFields=10000&detectTypes=yes&xField=longitude&yField=latitude&crs=EPSG:4326&spatialIndex=no&subsetIndex=no&watchFile=no
"4560",Grindelia stricta,Grindelia,stricta,,,,native,S5,,48.997958179999998,-123.587689999999995,,NA,NA,"13349015",obs_native,file:///D:/Simon/Sync/Root/GIS/Biodiversity%20Data/obs_native.csv?type=csv&maxFields=10000&detectTypes=yes&xField=longitude&yField=latitude&crs=EPSG:4326&spatialIndex=no&subsetIndex=no&watchFile=no
"4561",Grindelia stricta,Grindelia,stricta,,,,native,S5,,48.866278000000001,-123.334239999999994,,NA,NA,"13966984",obs_native,file:///D:/Simon/Sync/Root/GIS/Biodiversity%20Data/obs_native.csv?type=csv&maxFields=10000&detectTypes=yes&xField=longitude&yField=latitude&crs=EPSG:4326&spatialIndex=no&subsetIndex=no&watchFile=no
"4562",Grindelia stricta,Grindelia,stricta,,,,native,S5,,48.895716669999999,-123.410425000000004,,NA,NA,"13974242",obs_native,file:///D:/Simon/Sync/Root/GIS/Biodiversity%20Data/obs_native.csv?type=csv&maxFields=10000&detectTypes=yes&xField=longitude&yField=latitude&crs=EPSG:4326&spatialIndex=no&subsetIndex=no&watchFile=no
"4563",Grindelia stricta,Grindelia,stricta,,,,native,S5,,48.996016509999997,-123.585811300000003,,NA,NA,"14063554",obs_native,file:///D:/Simon/Sync/Root/GIS/Biodiversity%20Data/obs_native.csv?type=csv&maxFields=10000&detectTypes=yes&xField=longitude&yField=latitude&crs=EPSG:4326&spatialIndex=no&subsetIndex=no&watchFile=no
"4564",Grindelia stricta,Grindelia,stricta,,,,native,S5,,48.861791699999998,-123.370230599999999,,NA,NA,"24768085",obs_native,file:///D:/Simon/Sync/Root/GIS/Biodiversity%20Data/obs_native.csv?type=csv&maxFields=10000&detectTypes=yes&xField=longitude&yField=latitude&crs=EPSG:4326&spatialIndex=no&subsetIndex=no&watchFile=no
"4565",Grindelia stricta,Grindelia,stricta,,,,native,S5,,48.893672219999999,-123.406761099999997,,NA,NA,"25655219",obs_native,file:///D:/Simon/Sync/Root/GIS/Biodiversity%20Data/obs_native.csv?type=csv&maxFields=10000&detectTypes=yes&xField=longitude&yField=latitude&crs=EPSG:4326&spatialIndex=no&subsetIndex=no&watchFile=no
"4566",Grindelia stricta,Grindelia,stricta,,,,native,S5,,48.898311110000002,-123.407638899999995,,NA,NA,"25656213",obs_native,file:///D:/Simon/Sync/Root/GIS/Biodiversity%20Data/obs_native.csv?type=csv&maxFields=10000&detectTypes=yes&xField=longitude&yField=latitude&crs=EPSG:4326&spatialIndex=no&subsetIndex=no&watchFile=no
"4567",Grindelia stricta,Grindelia,stricta,,,,native,S5,,48.933162690000003,-123.486526499999997,,NA,NA,"31489723",obs_native,file:///D:/Simon/Sync/Root/GIS/Biodiversity%20Data/obs_native.csv?type=csv&maxFields=10000&detectTypes=yes&xField=longitude&yField=latitude&crs=EPSG:4326&spatialIndex=no&subsetIndex=no&watchFile=no
"4568",Grindelia stricta,Grindelia,stricta,,,,native,S5,,48.977985510000003,-123.567593700000003,,NA,NA,"42813416",obs_native,file:///D:/Simon/Sync/Root/GIS/Biodiversity%20Data/obs_native.csv?type=csv&maxFields=10000&detectTypes=yes&xField=longitude&yField=latitude&crs=EPSG:4326&spatialIndex=no&subsetIndex=no&watchFile=no
"4569",Grindelia stricta,Grindelia,stricta,,,,native,S5,,48.978360459999998,-123.534533199999998,,NA,NA,"44459119",obs_native,file:///D:/Simon/Sync/Root/GIS/Biodiversity%20Data/obs_native.csv?type=csv&maxFields=10000&detectTypes=yes&xField=longitude&yField=latitude&crs=EPSG:4326&spatialIndex=no&subsetIndex=no&watchFile=no
"4570",Grindelia stricta,Grindelia,stricta,,,,native,S5,,48.867591509999997,-123.339611700000006,,NA,NA,"48856303",obs_native,file:///D:/Simon/Sync/Root/GIS/Biodiversity%20Data/obs_native.csv?type=csv&maxFields=10000&detectTypes=yes&xField=longitude&yField=latitude&crs=EPSG:4326&spatialIndex=no&subsetIndex=no&watchFile=no
"4571",Grindelia stricta,Grindelia,stricta,,,,native,S5,,48.896771670000000,-123.405893300000002,,NA,NA,"56194860",obs_native,file:///D:/Simon/Sync/Root/GIS/Biodiversity%20Data/obs_native.csv?type=csv&maxFields=10000&detectTypes=yes&xField=longitude&yField=latitude&crs=EPSG:4326&spatialIndex=no&subsetIndex=no&watchFile=no
"4572",Grindelia stricta,Grindelia,stricta,,,,native,S5,,48.970875079999999,-123.560014199999998,,NA,NA,"82238079",obs_native,file:///D:/Simon/Sync/Root/GIS/Biodiversity%20Data/obs_native.csv?type=csv&maxFields=10000&detectTypes=yes&xField=longitude&yField=latitude&crs=EPSG:4326&spatialIndex=no&subsetIndex=no&watchFile=no
"4573",Grindelia stricta,Grindelia,stricta,,,,native,S5,,48.876210980000003,-123.400874900000005,,NA,NA,"86685771",obs_native,file:///D:/Simon/Sync/Root/GIS/Biodiversity%20Data/obs_native.csv?type=csv&maxFields=10000&detectTypes=yes&xField=longitude&yField=latitude&crs=EPSG:4326&spatialIndex=no&subsetIndex=no&watchFile=no
"4574",Grindelia stricta,Grindelia,stricta,,,,native,S5,,49.000300000000003,-123.560686700000005,,NA,NA,"94679684",obs_native,file:///D:/Simon/Sync/Root/GIS/Biodiversity%20Data/obs_native.csv?type=csv&maxFields=10000&detectTypes=yes&xField=longitude&yField=latitude&crs=EPSG:4326&spatialIndex=no&subsetIndex=no&watchFile=no
"4575",Grindelia stricta,Grindelia,stricta,,,,native,S5,,48.952620420000002,-123.533264000000003,,NA,NA,"121374079",obs_native,file:///D:/Simon/Sync/Root/GIS/Biodiversity%20Data/obs_native.csv?type=csv&maxFields=10000&detectTypes=yes&xField=longitude&yField=latitude&crs=EPSG:4326&spatialIndex=no&subsetIndex=no&watchFile=no
"4576",Grindelia stricta,Grindelia,stricta,,,,native,S5,,48.898441669999997,-123.407586699999996,,NA,NA,"127183233",obs_native,file:///D:/Simon/Sync/Root/GIS/Biodiversity%20Data/obs_native.csv?type=csv&maxFields=10000&detectTypes=yes&xField=longitude&yField=latitude&crs=EPSG:4326&spatialIndex=no&subsetIndex=no&watchFile=no
"4577",Grindelia stricta,Grindelia,stricta,,,,native,S5,,48.896811669999998,-123.406004999999993,,NA,NA,"131414243",obs_native,file:///D:/Simon/Sync/Root/GIS/Biodiversity%20Data/obs_native.csv?type=csv&maxFields=10000&detectTypes=yes&xField=longitude&yField=latitude&crs=EPSG:4326&spatialIndex=no&subsetIndex=no&watchFile=no
"4595",Hieracium albiflorum,Hieracium,albiflorum,,,,native,S5,,48.924135000000000,-123.459978000000007,,NA,NA,"2624993",obs_native,file:///D:/Simon/Sync/Root/GIS/Biodiversity%20Data/obs_native.csv?type=csv&maxFields=10000&detectTypes=yes&xField=longitude&yField=latitude&crs=EPSG:4326&spatialIndex=no&subsetIndex=no&watchFile=no
"4596",Hieracium albiflorum,Hieracium,albiflorum,,,,native,S5,,48.939686670000000,-123.503096700000000,,NA,NA,"3368935",obs_native,file:///D:/Simon/Sync/Root/GIS/Biodiversity%20Data/obs_native.csv?type=csv&maxFields=10000&detectTypes=yes&xField=longitude&yField=latitude&crs=EPSG:4326&spatialIndex=no&subsetIndex=no&watchFile=no
"4597",Hieracium albiflorum,Hieracium,albiflorum,,,,native,S5,,48.871721000000001,-123.310760999999999,,NA,NA,"3404628",obs_native,file:///D:/Simon/Sync/Root/GIS/Biodiversity%20Data/obs_native.csv?type=csv&maxFields=10000&detectTypes=yes&xField=longitude&yField=latitude&crs=EPSG:4326&spatialIndex=no&subsetIndex=no&watchFile=no
"4598",Hieracium albiflorum,Hieracium,albiflorum,,,,native,S5,,48.896498999999999,-123.409938999999994,,NA,NA,"3498745",obs_native,file:///D:/Simon/Sync/Root/GIS/Biodiversity%20Data/obs_native.csv?type=csv&maxFields=10000&detectTypes=yes&xField=longitude&yField=latitude&crs=EPSG:4326&spatialIndex=no&subsetIndex=no&watchFile=no
"4599",Hieracium albiflorum,Hieracium,albiflorum,,,,native,S5,,48.931226019999997,-123.479697700000003,,NA,NA,"6411212",obs_native,file:///D:/Simon/Sync/Root/GIS/Biodiversity%20Data/obs_native.csv?type=csv&maxFields=10000&detectTypes=yes&xField=longitude&yField=latitude&crs=EPSG:4326&spatialIndex=no&subsetIndex=no&watchFile=no
"4600",Hieracium albiflorum,Hieracium,albiflorum,,,,native,S5,,48.870607000000000,-123.343086000000000,,NA,NA,"12762048",obs_native,file:///D:/Simon/Sync/Root/GIS/Biodiversity%20Data/obs_native.csv?type=csv&maxFields=10000&detectTypes=yes&xField=longitude&yField=latitude&crs=EPSG:4326&spatialIndex=no&subsetIndex=no&watchFile=no
"4601",Hieracium albiflorum,Hieracium,albiflorum,,,,native,S5,,48.957759000000003,-123.531672000000000,,NA,NA,"13026906",obs_native,file:///D:/Simon/Sync/Root/GIS/Biodiversity%20Data/obs_native.csv?type=csv&maxFields=10000&detectTypes=yes&xField=longitude&yField=latitude&crs=EPSG:4326&spatialIndex=no&subsetIndex=no&watchFile=no
"4602",Hieracium albiflorum,Hieracium,albiflorum,,,,native,S5,,48.972943880000003,-123.561283900000006,,NA,NA,"13307451",obs_native,file:///D:/Simon/Sync/Root/GIS/Biodiversity%20Data/obs_native.csv?type=csv&maxFields=10000&detectTypes=yes&xField=longitude&yField=latitude&crs=EPSG:4326&spatialIndex=no&subsetIndex=no&watchFile=no
"4603",Hieracium albiflorum,Hieracium,albiflorum,,,,native,S5,,48.901266669999998,-123.405602799999997,,NA,NA,"24683892",obs_native,file:///D:/Simon/Sync/Root/GIS/Biodiversity%20Data/obs_native.csv?type=csv&maxFields=10000&detectTypes=yes&xField=longitude&yField=latitude&crs=EPSG:4326&spatialIndex=no&subsetIndex=no&watchFile=no
"4604",Hieracium albiflorum,Hieracium,albiflorum,,,,native,S5,,48.901009610000003,-123.406558099999998,,NA,NA,"24715396",obs_native,file:///D:/Simon/Sync/Root/GIS/Biodiversity%20Data/obs_native.csv?type=csv&maxFields=10000&detectTypes=yes&xField=longitude&yField=latitude&crs=EPSG:4326&spatialIndex=no&subsetIndex=no&watchFile=no
"4605",Hieracium albiflorum,Hieracium,albiflorum,,,,native,S5,,48.901119289999997,-123.404848999999999,,NA,NA,"24939374",obs_native,file:///D:/Simon/Sync/Root/GIS/Biodiversity%20Data/obs_native.csv?type=csv&maxFields=10000&detectTypes=yes&xField=longitude&yField=latitude&crs=EPSG:4326&spatialIndex=no&subsetIndex=no&watchFile=no
"4606",Hieracium albiflorum,Hieracium,albiflorum,,,,native,S5,,48.939100000000003,-123.500450000000001,,NA,NA,"72321409",obs_native,file:///D:/Simon/Sync/Root/GIS/Biodiversity%20Data/obs_native.csv?type=csv&maxFields=10000&detectTypes=yes&xField=longitude&yField=latitude&crs=EPSG:4326&spatialIndex=no&subsetIndex=no&watchFile=no
"4607",Hieracium albiflorum,Hieracium,albiflorum,,,,native,S5,,48.885293330000003,-123.356375000000000,,NA,NA,"83097978",obs_native,file:///D:/Simon/Sync/Root/GIS/Biodiversity%20Data/obs_native.csv?type=csv&maxFields=10000&detectTypes=yes&xField=longitude&yField=latitude&crs=EPSG:4326&spatialIndex=no&subsetIndex=no&watchFile=no
"4608",Hieracium albiflorum,Hieracium,albiflorum,,,,native,S5,,48.952545000000001,-123.533188300000006,,NA,NA,"111108068",obs_native,file:///D:/Simon/Sync/Root/GIS/Biodiversity%20Data/obs_native.csv?type=csv&maxFields=10000&detectTypes=yes&xField=longitude&yField=latitude&crs=EPSG:4326&spatialIndex=no&subsetIndex=no&watchFile=no
"4609",Hieracium albiflorum,Hieracium,albiflorum,,,,native,S5,,48.958939999999998,-123.533108299999995,,NA,NA,"116029575",obs_native,file:///D:/Simon/Sync/Root/GIS/Biodiversity%20Data/obs_native.csv?type=csv&maxFields=10000&detectTypes=yes&xField=longitude&yField=latitude&crs=EPSG:4326&spatialIndex=no&subsetIndex=no&watchFile=no
"4610",Hieracium albiflorum,Hieracium,albiflorum,,,,native,S5,,48.910046670000000,-123.374465000000001,,NA,NA,"119369583",obs_native,file:///D:/Simon/Sync/Root/GIS/Biodiversity%20Data/obs_native.csv?type=csv&maxFields=10000&detectTypes=yes&xField=longitude&yField=latitude&crs=EPSG:4326&spatialIndex=no&subsetIndex=no&watchFile=no
"4611",Hieracium albiflorum,Hieracium,albiflorum,,,,native,S5,,49.011943330000001,-123.575543300000007,,NA,NA,"123934539",obs_native,file:///D:/Simon/Sync/Root/GIS/Biodiversity%20Data/obs_native.csv?type=csv&maxFields=10000&detectTypes=yes&xField=longitude&yField=latitude&crs=EPSG:4326&spatialIndex=no&subsetIndex=no&watchFile=no
"4612",Hieracium albiflorum,Hieracium,albiflorum,,,,native,S5,,48.897361670000002,-123.406608300000002,,NA,NA,"132886412",obs_native,file:///D:/Simon/Sync/Root/GIS/Biodiversity%20Data/obs_native.csv?type=csv&maxFields=10000&detectTypes=yes&xField=longitude&yField=latitude&crs=EPSG:4326&spatialIndex=no&subsetIndex=no&watchFile=no
"4613",Hieracium albiflorum,Hieracium,albiflorum,,,,native,S5,,48.955141599999997,-123.528048699999999,,NA,NA,"133377435",obs_native,file:///D:/Simon/Sync/Root/GIS/Biodiversity%20Data/obs_native.csv?type=csv&maxFields=10000&detectTypes=yes&xField=longitude&yField=latitude&crs=EPSG:4326&spatialIndex=no&subsetIndex=no&watchFile=no
"4614",Hippuris vulgaris,Hippuris,vulgaris,,,,native,S5,,48.973565330000000,-123.548834299999996,,NA,NA,"6412027",obs_native,file:///D:/Simon/Sync/Root/GIS/Biodiversity%20Data/obs_native.csv?type=csv&maxFields=10000&detectTypes=yes&xField=longitude&yField=latitude&crs=EPSG:4326&spatialIndex=no&subsetIndex=no&watchFile=no
"4615",Hippuris vulgaris,Hippuris,vulgaris,,,,native,S5,,48.997682460000000,-123.568879800000005,,NA,NA,"6570412",obs_native,file:///D:/Simon/Sync/Root/GIS/Biodiversity%20Data/obs_native.csv?type=csv&maxFields=10000&detectTypes=yes&xField=longitude&yField=latitude&crs=EPSG:4326&spatialIndex=no&subsetIndex=no&watchFile=no
"4616",Hippuris vulgaris,Hippuris,vulgaris,,,,native,S5,,48.973708330000001,-123.548988899999998,,NA,NA,"48979781",obs_native,file:///D:/Simon/Sync/Root/GIS/Biodiversity%20Data/obs_native.csv?type=csv&maxFields=10000&detectTypes=yes&xField=longitude&yField=latitude&crs=EPSG:4326&spatialIndex=no&subsetIndex=no&watchFile=no
"4645",Hypericum anagalloides,Hypericum,anagalloides,,,,native,S5,,48.932847000000002,-123.483024000000000,,NA,NA,"2563634",obs_native,file:///D:/Simon/Sync/Root/GIS/Biodiversity%20Data/obs_native.csv?type=csv&maxFields=10000&detectTypes=yes&xField=longitude&yField=latitude&crs=EPSG:4326&spatialIndex=no&subsetIndex=no&watchFile=no
"4646",Hypericum anagalloides,Hypericum,anagalloides,,,,native,S5,,48.931126999999996,-123.480663000000007,,NA,NA,"2625760",obs_native,file:///D:/Simon/Sync/Root/GIS/Biodiversity%20Data/obs_native.csv?type=csv&maxFields=10000&detectTypes=yes&xField=longitude&yField=latitude&crs=EPSG:4326&spatialIndex=no&subsetIndex=no&watchFile=no
"4647",Hypericum anagalloides,Hypericum,anagalloides,,,,native,S5,,48.948138329999999,-123.503380000000007,,NA,NA,"3398028",obs_native,file:///D:/Simon/Sync/Root/GIS/Biodiversity%20Data/obs_native.csv?type=csv&maxFields=10000&detectTypes=yes&xField=longitude&yField=latitude&crs=EPSG:4326&spatialIndex=no&subsetIndex=no&watchFile=no
"4648",Hypericum anagalloides,Hypericum,anagalloides,,,,native,S5,,48.884372999999997,-123.342252000000002,,NA,NA,"12944770",obs_native,file:///D:/Simon/Sync/Root/GIS/Biodiversity%20Data/obs_native.csv?type=csv&maxFields=10000&detectTypes=yes&xField=longitude&yField=latitude&crs=EPSG:4326&spatialIndex=no&subsetIndex=no&watchFile=no
"4649",Hypericum anagalloides,Hypericum,anagalloides,,,,native,S5,,48.941774660000000,-123.478167799999994,,NA,NA,"13198949",obs_native,file:///D:/Simon/Sync/Root/GIS/Biodiversity%20Data/obs_native.csv?type=csv&maxFields=10000&detectTypes=yes&xField=longitude&yField=latitude&crs=EPSG:4326&spatialIndex=no&subsetIndex=no&watchFile=no
"4650",Hypericum anagalloides,Hypericum,anagalloides,,,,native,S5,,48.897379999999998,-123.341361699999993,,NA,NA,"13677230",obs_native,file:///D:/Simon/Sync/Root/GIS/Biodiversity%20Data/obs_native.csv?type=csv&maxFields=10000&detectTypes=yes&xField=longitude&yField=latitude&crs=EPSG:4326&spatialIndex=no&subsetIndex=no&watchFile=no
"4651",Hypericum anagalloides,Hypericum,anagalloides,,,,native,S5,,48.910319999999999,-123.415383300000002,,NA,NA,"38530367",obs_native,file:///D:/Simon/Sync/Root/GIS/Biodiversity%20Data/obs_native.csv?type=csv&maxFields=10000&detectTypes=yes&xField=longitude&yField=latitude&crs=EPSG:4326&spatialIndex=no&subsetIndex=no&watchFile=no
"4652",Hypericum anagalloides,Hypericum,anagalloides,,,,native,S5,,48.897550000000003,-123.340119999999999,,NA,NA,"51130576",obs_native,file:///D:/Simon/Sync/Root/GIS/Biodiversity%20Data/obs_native.csv?type=csv&maxFields=10000&detectTypes=yes&xField=longitude&yField=latitude&crs=EPSG:4326&spatialIndex=no&subsetIndex=no&watchFile=no
"4653",Hypericum anagalloides,Hypericum,anagalloides,,,,native,S5,,48.910428330000002,-123.415558300000001,,NA,NA,"53087802",obs_native,file:///D:/Simon/Sync/Root/GIS/Biodiversity%20Data/obs_native.csv?type=csv&maxFields=10000&detectTypes=yes&xField=longitude&yField=latitude&crs=EPSG:4326&spatialIndex=no&subsetIndex=no&watchFile=no
"4654",Hypericum anagalloides,Hypericum,anagalloides,,,,native,S5,,48.983671670000000,-123.556261699999993,,NA,NA,"89513147",obs_native,file:///D:/Simon/Sync/Root/GIS/Biodiversity%20Data/obs_native.csv?type=csv&maxFields=10000&detectTypes=yes&xField=longitude&yField=latitude&crs=EPSG:4326&spatialIndex=no&subsetIndex=no&watchFile=no
"4655",Hypericum anagalloides,Hypericum,anagalloides,,,,native,S5,,48.983352779999997,-123.555644400000006,,NA,NA,"121838583",obs_native,file:///D:/Simon/Sync/Root/GIS/Biodiversity%20Data/obs_native.csv?type=csv&maxFields=10000&detectTypes=yes&xField=longitude&yField=latitude&crs=EPSG:4326&spatialIndex=no&subsetIndex=no&watchFile=no
"4656",Hypericum anagalloides,Hypericum,anagalloides,,,,native,S5,,48.983361670000001,-123.555608300000003,,NA,NA,"121838590",obs_native,file:///D:/Simon/Sync/Root/GIS/Biodiversity%20Data/obs_native.csv?type=csv&maxFields=10000&detectTypes=yes&xField=longitude&yField=latitude&crs=EPSG:4326&spatialIndex=no&subsetIndex=no&watchFile=no
"4758",Idahoa scapigera,Idahoa,scapigera,,,,native,S4,,48.867600000000003,-123.376608000000004,,NA,NA,"9142671",obs_native,file:///D:/Simon/Sync/Root/GIS/Biodiversity%20Data/obs_native.csv?type=csv&maxFields=10000&detectTypes=yes&xField=longitude&yField=latitude&crs=EPSG:4326&spatialIndex=no&subsetIndex=no&watchFile=no
"4759",Idahoa scapigera,Idahoa,scapigera,,,,native,S4,,48.865616000000003,-123.368341999999998,,NA,NA,"9145142",obs_native,file:///D:/Simon/Sync/Root/GIS/Biodiversity%20Data/obs_native.csv?type=csv&maxFields=10000&detectTypes=yes&xField=longitude&yField=latitude&crs=EPSG:4326&spatialIndex=no&subsetIndex=no&watchFile=no
"4760",Idahoa scapigera,Idahoa,scapigera,,,,native,S4,,48.868358330000000,-123.378088300000002,,NA,NA,"81146992",obs_native,file:///D:/Simon/Sync/Root/GIS/Biodiversity%20Data/obs_native.csv?type=csv&maxFields=10000&detectTypes=yes&xField=longitude&yField=latitude&crs=EPSG:4326&spatialIndex=no&subsetIndex=no&watchFile=no
"4761",Idahoa scapigera,Idahoa,scapigera,,,,native,S4,,48.867729230000002,-123.378030100000004,,NA,NA,"114745457",obs_native,file:///D:/Simon/Sync/Root/GIS/Biodiversity%20Data/obs_native.csv?type=csv&maxFields=10000&detectTypes=yes&xField=longitude&yField=latitude&crs=EPSG:4326&spatialIndex=no&subsetIndex=no&watchFile=no
"4867",Juncus acuminatus,Juncus,acuminatus,,,,native,S5,,48.940322999999999,-123.474858999999995,,NA,NA,"8898280",obs_native,file:///D:/Simon/Sync/Root/GIS/Biodiversity%20Data/obs_native.csv?type=csv&maxFields=10000&detectTypes=yes&xField=longitude&yField=latitude&crs=EPSG:4326&spatialIndex=no&subsetIndex=no&watchFile=no
"4868",Juncus acuminatus,Juncus,acuminatus,,,,native,S5,,48.929169999999999,-123.470603299999993,,NA,NA,"128764450",obs_native,file:///D:/Simon/Sync/Root/GIS/Biodiversity%20Data/obs_native.csv?type=csv&maxFields=10000&detectTypes=yes&xField=longitude&yField=latitude&crs=EPSG:4326&spatialIndex=no&subsetIndex=no&watchFile=no
"4869",Juncus articulatus,Juncus,articulatus,,,,native,S5,,48.929378999999997,-123.470620999999994,,NA,NA,"2564097",obs_native,file:///D:/Simon/Sync/Root/GIS/Biodiversity%20Data/obs_native.csv?type=csv&maxFields=10000&detectTypes=yes&xField=longitude&yField=latitude&crs=EPSG:4326&spatialIndex=no&subsetIndex=no&watchFile=no
"4870",Juncus articulatus,Juncus,articulatus,,,,native,S5,,48.929166000000002,-123.470723000000007,,NA,NA,"2583421",obs_native,file:///D:/Simon/Sync/Root/GIS/Biodiversity%20Data/obs_native.csv?type=csv&maxFields=10000&detectTypes=yes&xField=longitude&yField=latitude&crs=EPSG:4326&spatialIndex=no&subsetIndex=no&watchFile=no
"4871",Juncus articulatus,Juncus,articulatus,,,,native,S5,,48.871174000000003,-123.321090999999996,,NA,NA,"3505713",obs_native,file:///D:/Simon/Sync/Root/GIS/Biodiversity%20Data/obs_native.csv?type=csv&maxFields=10000&detectTypes=yes&xField=longitude&yField=latitude&crs=EPSG:4326&spatialIndex=no&subsetIndex=no&watchFile=no
"4872",Juncus articulatus,Juncus,articulatus,,,,native,S5,,48.942610860000002,-123.482399000000001,,NA,NA,"14222181",obs_native,file:///D:/Simon/Sync/Root/GIS/Biodiversity%20Data/obs_native.csv?type=csv&maxFields=10000&detectTypes=yes&xField=longitude&yField=latitude&crs=EPSG:4326&spatialIndex=no&subsetIndex=no&watchFile=no
"4873",Juncus articulatus,Juncus,articulatus,,,,native,S5,,48.962719530000001,-123.519380100000006,,NA,NA,"24936938",obs_native,file:///D:/Simon/Sync/Root/GIS/Biodiversity%20Data/obs_native.csv?type=csv&maxFields=10000&detectTypes=yes&xField=longitude&yField=latitude&crs=EPSG:4326&spatialIndex=no&subsetIndex=no&watchFile=no
"4874",Juncus articulatus,Juncus,articulatus,,,,native,S5,,48.929158330000000,-123.470628300000001,,NA,NA,"52475335",obs_native,file:///D:/Simon/Sync/Root/GIS/Biodiversity%20Data/obs_native.csv?type=csv&maxFields=10000&detectTypes=yes&xField=longitude&yField=latitude&crs=EPSG:4326&spatialIndex=no&subsetIndex=no&watchFile=no
"4875",Juncus articulatus,Juncus,articulatus,,,,native,S5,,48.870576669999998,-123.319103299999995,,NA,NA,"121538435",obs_native,file:///D:/Simon/Sync/Root/GIS/Biodiversity%20Data/obs_native.csv?type=csv&maxFields=10000&detectTypes=yes&xField=longitude&yField=latitude&crs=EPSG:4326&spatialIndex=no&subsetIndex=no&watchFile=no
"4876",Juncus articulatus,Juncus,articulatus,,,,native,S5,,48.937869440000000,-123.477225000000004,,NA,NA,"126017377",obs_native,file:///D:/Simon/Sync/Root/GIS/Biodiversity%20Data/obs_native.csv?type=csv&maxFields=10000&detectTypes=yes&xField=longitude&yField=latitude&crs=EPSG:4326&spatialIndex=no&subsetIndex=no&watchFile=no
"4877",Juncus balticus,Juncus,balticus,,,,native,S5,,48.972080560000002,-123.554413900000000,,NA,NA,"119972209",obs_native,file:///D:/Simon/Sync/Root/GIS/Biodiversity%20Data/obs_native.csv?type=csv&maxFields=10000&detectTypes=yes&xField=longitude&yField=latitude&crs=EPSG:4326&spatialIndex=no&subsetIndex=no&watchFile=no
"4878",Juncus bolanderi,Juncus,bolanderi,,,,native,S4,,48.929082999999999,-123.469837999999996,,NA,NA,"2564108",obs_native,file:///D:/Simon/Sync/Root/GIS/Biodiversity%20Data/obs_native.csv?type=csv&maxFields=10000&detectTypes=yes&xField=longitude&yField=latitude&crs=EPSG:4326&spatialIndex=no&subsetIndex=no&watchFile=no
"4879",Juncus bolanderi,Juncus,bolanderi,,,,native,S4,,48.948452000000003,-123.502377999999993,,NA,NA,"3414424",obs_native,file:///D:/Simon/Sync/Root/GIS/Biodiversity%20Data/obs_native.csv?type=csv&maxFields=10000&detectTypes=yes&xField=longitude&yField=latitude&crs=EPSG:4326&spatialIndex=no&subsetIndex=no&watchFile=no
"4880",Juncus bolanderi,Juncus,bolanderi,,,,native,S4,,48.948452000000003,-123.502377999999993,,NA,NA,"3414498",obs_native,file:///D:/Simon/Sync/Root/GIS/Biodiversity%20Data/obs_native.csv?type=csv&maxFields=10000&detectTypes=yes&xField=longitude&yField=latitude&crs=EPSG:4326&spatialIndex=no&subsetIndex=no&watchFile=no
"4881",Juncus bolanderi,Juncus,bolanderi,,,,native,S4,,48.871195999999998,-123.321061000000000,,NA,NA,"3505712",obs_native,file:///D:/Simon/Sync/Root/GIS/Biodiversity%20Data/obs_native.csv?type=csv&maxFields=10000&detectTypes=yes&xField=longitude&yField=latitude&crs=EPSG:4326&spatialIndex=no&subsetIndex=no&watchFile=no
"4882",Juncus bolanderi,Juncus,bolanderi,,,,native,S4,,48.910483329999998,-123.415771699999993,,NA,NA,"53333966",obs_native,file:///D:/Simon/Sync/Root/GIS/Biodiversity%20Data/obs_native.csv?type=csv&maxFields=10000&detectTypes=yes&xField=longitude&yField=latitude&crs=EPSG:4326&spatialIndex=no&subsetIndex=no&watchFile=no
"4883",Juncus bolanderi,Juncus,bolanderi,,,,native,S4,,48.983191669999997,-123.555533299999993,,NA,NA,"55633564",obs_native,file:///D:/Simon/Sync/Root/GIS/Biodiversity%20Data/obs_native.csv?type=csv&maxFields=10000&detectTypes=yes&xField=longitude&yField=latitude&crs=EPSG:4326&spatialIndex=no&subsetIndex=no&watchFile=no
"4884",Juncus bolanderi,Juncus,bolanderi,,,,native,S4,,48.909905559999999,-123.415274999999994,,NA,NA,"125189723",obs_native,file:///D:/Simon/Sync/Root/GIS/Biodiversity%20Data/obs_native.csv?type=csv&maxFields=10000&detectTypes=yes&xField=longitude&yField=latitude&crs=EPSG:4326&spatialIndex=no&subsetIndex=no&watchFile=no
"4885",Juncus bolanderi,Juncus,bolanderi,,,,native,S4,,48.871241900000001,-123.320750799999999,,NA,NA,"125918509",obs_native,file:///D:/Simon/Sync/Root/GIS/Biodiversity%20Data/obs_native.csv?type=csv&maxFields=10000&detectTypes=yes&xField=longitude&yField=latitude&crs=EPSG:4326&spatialIndex=no&subsetIndex=no&watchFile=no
"4886",Juncus ensifolius,Juncus,ensifolius,,,,native,S5,,48.974776630000001,-123.547976000000006,,NA,NA,"6412035",obs_native,file:///D:/Simon/Sync/Root/GIS/Biodiversity%20Data/obs_native.csv?type=csv&maxFields=10000&detectTypes=yes&xField=longitude&yField=latitude&crs=EPSG:4326&spatialIndex=no&subsetIndex=no&watchFile=no
"4887",Juncus ensifolius,Juncus,ensifolius,,,,native,S5,,48.924774999999997,-123.449591699999999,,NA,NA,"125882226",obs_native,file:///D:/Simon/Sync/Root/GIS/Biodiversity%20Data/obs_native.csv?type=csv&maxFields=10000&detectTypes=yes&xField=longitude&yField=latitude&crs=EPSG:4326&spatialIndex=no&subsetIndex=no&watchFile=no
"4888",Juncus ensifolius,Juncus,ensifolius,,,,native,S5,,48.871471669999998,-123.321166700000006,,NA,NA,"130445770",obs_native,file:///D:/Simon/Sync/Root/GIS/Biodiversity%20Data/obs_native.csv?type=csv&maxFields=10000&detectTypes=yes&xField=longitude&yField=latitude&crs=EPSG:4326&spatialIndex=no&subsetIndex=no&watchFile=no
"4889",Juncus hesperius,Juncus,hesperius,,,,native,S4S5 (2019),,48.972168330000002,-123.544318300000000,,NA,NA,"53064528",obs_native,file:///D:/Simon/Sync/Root/GIS/Biodiversity%20Data/obs_native.csv?type=csv&maxFields=10000&detectTypes=yes&xField=longitude&yField=latitude&crs=EPSG:4326&spatialIndex=no&subsetIndex=no&watchFile=no
"4890",Juncus tenuis,Juncus,tenuis,,,,native,S5,,49.003314000000003,-123.567008999999999,,NA,NA,"3542693",obs_native,file:///D:/Simon/Sync/Root/GIS/Biodiversity%20Data/obs_native.csv?type=csv&maxFields=10000&detectTypes=yes&xField=longitude&yField=latitude&crs=EPSG:4326&spatialIndex=no&subsetIndex=no&watchFile=no
"4891",Juncus tenuis,Juncus,tenuis,,,,native,S5,,48.994734999999999,-123.583681999999996,,NA,NA,"7278195",obs_native,file:///D:/Simon/Sync/Root/GIS/Biodiversity%20Data/obs_native.csv?type=csv&maxFields=10000&detectTypes=yes&xField=longitude&yField=latitude&crs=EPSG:4326&spatialIndex=no&subsetIndex=no&watchFile=no
"4892",Juncus tenuis,Juncus,tenuis,,,,native,S5,,48.948238060000001,-123.502001800000002,,NA,NA,"28440096",obs_native,file:///D:/Simon/Sync/Root/GIS/Biodiversity%20Data/obs_native.csv?type=csv&maxFields=10000&detectTypes=yes&xField=longitude&yField=latitude&crs=EPSG:4326&spatialIndex=no&subsetIndex=no&watchFile=no
"4893",Juncus tenuis,Juncus,tenuis,,,,native,S5,,48.870788890000000,-123.318147199999999,,NA,NA,"48489305",obs_native,file:///D:/Simon/Sync/Root/GIS/Biodiversity%20Data/obs_native.csv?type=csv&maxFields=10000&detectTypes=yes&xField=longitude&yField=latitude&crs=EPSG:4326&spatialIndex=no&subsetIndex=no&watchFile=no
"4894",Juncus tenuis,Juncus,tenuis,,,,native,S5,,48.870591670000003,-123.319061700000006,,NA,NA,"121538433",obs_native,file:///D:/Simon/Sync/Root/GIS/Biodiversity%20Data/obs_native.csv?type=csv&maxFields=10000&detectTypes=yes&xField=longitude&yField=latitude&crs=EPSG:4326&spatialIndex=no&subsetIndex=no&watchFile=no
"4895",Juniperus maritima,Juniperus,maritima,,,,native,S4S5,,48.894351999999998,-123.408158000000000,,NA,NA,"2679344",obs_native,file:///D:/Simon/Sync/Root/GIS/Biodiversity%20Data/obs_native.csv?type=csv&maxFields=10000&detectTypes=yes&xField=longitude&yField=latitude&crs=EPSG:4326&spatialIndex=no&subsetIndex=no&watchFile=no
"4896",Juniperus maritima,Juniperus,maritima,,,,native,S4S5,,49.006593000000002,-123.580174000000000,,NA,NA,"2679593",obs_native,file:///D:/Simon/Sync/Root/GIS/Biodiversity%20Data/obs_native.csv?type=csv&maxFields=10000&detectTypes=yes&xField=longitude&yField=latitude&crs=EPSG:4326&spatialIndex=no&subsetIndex=no&watchFile=no
"4897",Juniperus maritima,Juniperus,maritima,,,,native,S4S5,,49.011096999999999,-123.581547999999998,,NA,NA,"2679653",obs_native,file:///D:/Simon/Sync/Root/GIS/Biodiversity%20Data/obs_native.csv?type=csv&maxFields=10000&detectTypes=yes&xField=longitude&yField=latitude&crs=EPSG:4326&spatialIndex=no&subsetIndex=no&watchFile=no
"4898",Juniperus maritima,Juniperus,maritima,,,,native,S4S5,,48.963241179999997,-123.549714100000003,,NA,NA,"3504398",obs_native,file:///D:/Simon/Sync/Root/GIS/Biodiversity%20Data/obs_native.csv?type=csv&maxFields=10000&detectTypes=yes&xField=longitude&yField=latitude&crs=EPSG:4326&spatialIndex=no&subsetIndex=no&watchFile=no
"4899",Juniperus maritima,Juniperus,maritima,,,,native,S4S5,,48.963014469999997,-123.549591300000003,,NA,NA,"3504399",obs_native,file:///D:/Simon/Sync/Root/GIS/Biodiversity%20Data/obs_native.csv?type=csv&maxFields=10000&detectTypes=yes&xField=longitude&yField=latitude&crs=EPSG:4326&spatialIndex=no&subsetIndex=no&watchFile=no
"4900",Juniperus maritima,Juniperus,maritima,,,,native,S4S5,,49.012261109999997,-123.574897199999995,,NA,NA,"3889071",obs_native,file:///D:/Simon/Sync/Root/GIS/Biodiversity%20Data/obs_native.csv?type=csv&maxFields=10000&detectTypes=yes&xField=longitude&yField=latitude&crs=EPSG:4326&spatialIndex=no&subsetIndex=no&watchFile=no
"4901",Juniperus maritima,Juniperus,maritima,,,,native,S4S5,,49.012797220000003,-123.575752800000004,,NA,NA,"3889074",obs_native,file:///D:/Simon/Sync/Root/GIS/Biodiversity%20Data/obs_native.csv?type=csv&maxFields=10000&detectTypes=yes&xField=longitude&yField=latitude&crs=EPSG:4326&spatialIndex=no&subsetIndex=no&watchFile=no
"4902",Juniperus maritima,Juniperus,maritima,,,,native,S4S5,,49.011172219999999,-123.577386099999998,,NA,NA,"3889076",obs_native,file:///D:/Simon/Sync/Root/GIS/Biodiversity%20Data/obs_native.csv?type=csv&maxFields=10000&detectTypes=yes&xField=longitude&yField=latitude&crs=EPSG:4326&spatialIndex=no&subsetIndex=no&watchFile=no
"4903",Juniperus maritima,Juniperus,maritima,,,,native,S4S5,,49.013039960000000,-123.575892400000001,,NA,NA,"3948541",obs_native,file:///D:/Simon/Sync/Root/GIS/Biodiversity%20Data/obs_native.csv?type=csv&maxFields=10000&detectTypes=yes&xField=longitude&yField=latitude&crs=EPSG:4326&spatialIndex=no&subsetIndex=no&watchFile=no
"4904",Juniperus maritima,Juniperus,maritima,,,,native,S4S5,,48.890455170000003,-123.328313800000004,,NA,NA,"6425047",obs_native,file:///D:/Simon/Sync/Root/GIS/Biodiversity%20Data/obs_native.csv?type=csv&maxFields=10000&detectTypes=yes&xField=longitude&yField=latitude&crs=EPSG:4326&spatialIndex=no&subsetIndex=no&watchFile=no
"4905",Juniperus maritima,Juniperus,maritima,,,,native,S4S5,,48.895519999999998,-123.410443299999997,,NA,NA,"13974244",obs_native,file:///D:/Simon/Sync/Root/GIS/Biodiversity%20Data/obs_native.csv?type=csv&maxFields=10000&detectTypes=yes&xField=longitude&yField=latitude&crs=EPSG:4326&spatialIndex=no&subsetIndex=no&watchFile=no
"4906",Juniperus maritima,Juniperus,maritima,,,,native,S4S5,,48.970680000000002,-123.559433299999995,,NA,NA,"17905822",obs_native,file:///D:/Simon/Sync/Root/GIS/Biodiversity%20Data/obs_native.csv?type=csv&maxFields=10000&detectTypes=yes&xField=longitude&yField=latitude&crs=EPSG:4326&spatialIndex=no&subsetIndex=no&watchFile=no
"4907",Juniperus maritima,Juniperus,maritima,,,,native,S4S5,,49.012991669999998,-123.575888300000003,,NA,NA,"21351491",obs_native,file:///D:/Simon/Sync/Root/GIS/Biodiversity%20Data/obs_native.csv?type=csv&maxFields=10000&detectTypes=yes&xField=longitude&yField=latitude&crs=EPSG:4326&spatialIndex=no&subsetIndex=no&watchFile=no
"4908",Juniperus maritima,Juniperus,maritima,,,,native,S4S5,,49.012846529999997,-123.575888899999995,,NA,NA,"22659817",obs_native,file:///D:/Simon/Sync/Root/GIS/Biodiversity%20Data/obs_native.csv?type=csv&maxFields=10000&detectTypes=yes&xField=longitude&yField=latitude&crs=EPSG:4326&spatialIndex=no&subsetIndex=no&watchFile=no
"4909",Juniperus maritima,Juniperus,maritima,,,,native,S4S5,,48.895577780000004,-123.410269400000004,,NA,NA,"25658153",obs_native,file:///D:/Simon/Sync/Root/GIS/Biodiversity%20Data/obs_native.csv?type=csv&maxFields=10000&detectTypes=yes&xField=longitude&yField=latitude&crs=EPSG:4326&spatialIndex=no&subsetIndex=no&watchFile=no
"4910",Juniperus maritima,Juniperus,maritima,,,,native,S4S5,,49.012276679999999,-123.575008900000000,,NA,NA,"29654557",obs_native,file:///D:/Simon/Sync/Root/GIS/Biodiversity%20Data/obs_native.csv?type=csv&maxFields=10000&detectTypes=yes&xField=longitude&yField=latitude&crs=EPSG:4326&spatialIndex=no&subsetIndex=no&watchFile=no
"4911",Juniperus maritima,Juniperus,maritima,,,,native,S4S5,,49.012527779999999,-123.585769999999997,,NA,NA,"31191190",obs_native,file:///D:/Simon/Sync/Root/GIS/Biodiversity%20Data/obs_native.csv?type=csv&maxFields=10000&detectTypes=yes&xField=longitude&yField=latitude&crs=EPSG:4326&spatialIndex=no&subsetIndex=no&watchFile=no
"4912",Juniperus maritima,Juniperus,maritima,,,,native,S4S5,,48.895702280000002,-123.411531999999994,,NA,NA,"37084530",obs_native,file:///D:/Simon/Sync/Root/GIS/Biodiversity%20Data/obs_native.csv?type=csv&maxFields=10000&detectTypes=yes&xField=longitude&yField=latitude&crs=EPSG:4326&spatialIndex=no&subsetIndex=no&watchFile=no
"4913",Juniperus maritima,Juniperus,maritima,,,,native,S4S5,,49.011740240000002,-123.585413200000005,,NA,NA,"38191912",obs_native,file:///D:/Simon/Sync/Root/GIS/Biodiversity%20Data/obs_native.csv?type=csv&maxFields=10000&detectTypes=yes&xField=longitude&yField=latitude&crs=EPSG:4326&spatialIndex=no&subsetIndex=no&watchFile=no
"4914",Juniperus maritima,Juniperus,maritima,,,,native,S4S5,,48.977985510000003,-123.567593700000003,,NA,NA,"42813420",obs_native,file:///D:/Simon/Sync/Root/GIS/Biodiversity%20Data/obs_native.csv?type=csv&maxFields=10000&detectTypes=yes&xField=longitude&yField=latitude&crs=EPSG:4326&spatialIndex=no&subsetIndex=no&watchFile=no
"4915",Juniperus maritima,Juniperus,maritima,,,,native,S4S5,,48.895580180000003,-123.410298600000004,,NA,NA,"50851481",obs_native,file:///D:/Simon/Sync/Root/GIS/Biodiversity%20Data/obs_native.csv?type=csv&maxFields=10000&detectTypes=yes&xField=longitude&yField=latitude&crs=EPSG:4326&spatialIndex=no&subsetIndex=no&watchFile=no
"4916",Juniperus maritima,Juniperus,maritima,,,,native,S4S5,,49.013129999999997,-123.572863299999995,,NA,NA,"57128001",obs_native,file:///D:/Simon/Sync/Root/GIS/Biodiversity%20Data/obs_native.csv?type=csv&maxFields=10000&detectTypes=yes&xField=longitude&yField=latitude&crs=EPSG:4326&spatialIndex=no&subsetIndex=no&watchFile=no
"4917",Juniperus maritima,Juniperus,maritima,,,,native,S4S5,,48.895406000000001,-123.410519300000004,,NA,NA,"100722871",obs_native,file:///D:/Simon/Sync/Root/GIS/Biodiversity%20Data/obs_native.csv?type=csv&maxFields=10000&detectTypes=yes&xField=longitude&yField=latitude&crs=EPSG:4326&spatialIndex=no&subsetIndex=no&watchFile=no
"4918",Juniperus maritima,Juniperus,maritima,,,,native,S4S5,,48.895546670000002,-123.410278300000002,,NA,NA,"109619848",obs_native,file:///D:/Simon/Sync/Root/GIS/Biodiversity%20Data/obs_native.csv?type=csv&maxFields=10000&detectTypes=yes&xField=longitude&yField=latitude&crs=EPSG:4326&spatialIndex=no&subsetIndex=no&watchFile=no
"4919",Juniperus maritima,Juniperus,maritima,,,,native,S4S5,,49.013710000000003,-123.573791999999997,,NA,NA,"110936374",obs_native,file:///D:/Simon/Sync/Root/GIS/Biodiversity%20Data/obs_native.csv?type=csv&maxFields=10000&detectTypes=yes&xField=longitude&yField=latitude&crs=EPSG:4326&spatialIndex=no&subsetIndex=no&watchFile=no
"4920",Juniperus maritima,Juniperus,maritima,,,,native,S4S5,,48.860329999999998,-123.345529999999997,,NA,NA,"111994770",obs_native,file:///D:/Simon/Sync/Root/GIS/Biodiversity%20Data/obs_native.csv?type=csv&maxFields=10000&detectTypes=yes&xField=longitude&yField=latitude&crs=EPSG:4326&spatialIndex=no&subsetIndex=no&watchFile=no
"4921",Juniperus maritima,Juniperus,maritima,,,,native,S4S5,,48.984274999999997,-123.576170000000005,,NA,NA,"123934461",obs_native,file:///D:/Simon/Sync/Root/GIS/Biodiversity%20Data/obs_native.csv?type=csv&maxFields=10000&detectTypes=yes&xField=longitude&yField=latitude&crs=EPSG:4326&spatialIndex=no&subsetIndex=no&watchFile=no
"4922",Juniperus maritima,Juniperus,maritima,,,,native,S4S5,,49.012208330000000,-123.574860000000001,,NA,NA,"123934501",obs_native,file:///D:/Simon/Sync/Root/GIS/Biodiversity%20Data/obs_native.csv?type=csv&maxFields=10000&detectTypes=yes&xField=longitude&yField=latitude&crs=EPSG:4326&spatialIndex=no&subsetIndex=no&watchFile=no
"4923",Juniperus maritima,Juniperus,maritima,,,,native,S4S5,,48.895563330000002,-123.410286700000000,,NA,NA,"132886782",obs_native,file:///D:/Simon/Sync/Root/GIS/Biodiversity%20Data/obs_native.csv?type=csv&maxFields=10000&detectTypes=yes&xField=longitude&yField=latitude&crs=EPSG:4326&spatialIndex=no&subsetIndex=no&watchFile=no
"4924",Juniperus maritima,Juniperus,maritima,,,,native,S4S5,,48.895546590000002,-123.410364099999995,,NA,NA,"133376271",obs_native,file:///D:/Simon/Sync/Root/GIS/Biodiversity%20Data/obs_native.csv?type=csv&maxFields=10000&detectTypes=yes&xField=longitude&yField=latitude&crs=EPSG:4326&spatialIndex=no&subsetIndex=no&watchFile=no
"4925",Juniperus maritima,Juniperus,maritima,,,,native,S4S5,,49.011355549999998,-123.584838300000001,,NA,NA,"137665890",obs_native,file:///D:/Simon/Sync/Root/GIS/Biodiversity%20Data/obs_native.csv?type=csv&maxFields=10000&detectTypes=yes&xField=longitude&yField=latitude&crs=EPSG:4326&spatialIndex=no&subsetIndex=no&watchFile=no
"4926",Koeleria macrantha,Koeleria,macrantha,,,,native,S5,,48.923825000000001,-123.460064000000003,,NA,NA,"2625045",obs_native,file:///D:/Simon/Sync/Root/GIS/Biodiversity%20Data/obs_native.csv?type=csv&maxFields=10000&detectTypes=yes&xField=longitude&yField=latitude&crs=EPSG:4326&spatialIndex=no&subsetIndex=no&watchFile=no
"4927",Koeleria macrantha,Koeleria,macrantha,,,,native,S5,,48.868293000000001,-123.379554999999996,,NA,NA,"6665277",obs_native,file:///D:/Simon/Sync/Root/GIS/Biodiversity%20Data/obs_native.csv?type=csv&maxFields=10000&detectTypes=yes&xField=longitude&yField=latitude&crs=EPSG:4326&spatialIndex=no&subsetIndex=no&watchFile=no
"4928",Koeleria macrantha,Koeleria,macrantha,,,,native,S5,,48.956766999999999,-123.529527999999999,,NA,NA,"13027168",obs_native,file:///D:/Simon/Sync/Root/GIS/Biodiversity%20Data/obs_native.csv?type=csv&maxFields=10000&detectTypes=yes&xField=longitude&yField=latitude&crs=EPSG:4326&spatialIndex=no&subsetIndex=no&watchFile=no
"4929",Koeleria macrantha,Koeleria,macrantha,,,,native,S5,,48.886949999999999,-123.373455000000007,,NA,NA,"53022078",obs_native,file:///D:/Simon/Sync/Root/GIS/Biodiversity%20Data/obs_native.csv?type=csv&maxFields=10000&detectTypes=yes&xField=longitude&yField=latitude&crs=EPSG:4326&spatialIndex=no&subsetIndex=no&watchFile=no
"4930",Koeleria macrantha,Koeleria,macrantha,,,,native,S5,,48.926524999999998,-123.465897200000001,,NA,NA,"122335774",obs_native,file:///D:/Simon/Sync/Root/GIS/Biodiversity%20Data/obs_native.csv?type=csv&maxFields=10000&detectTypes=yes&xField=longitude&yField=latitude&crs=EPSG:4326&spatialIndex=no&subsetIndex=no&watchFile=no
"4931",Koeleria macrantha,Koeleria,macrantha,,,,native,S5,,48.934833329999996,-123.475419400000007,,NA,NA,"128113444",obs_native,file:///D:/Simon/Sync/Root/GIS/Biodiversity%20Data/obs_native.csv?type=csv&maxFields=10000&detectTypes=yes&xField=longitude&yField=latitude&crs=EPSG:4326&spatialIndex=no&subsetIndex=no&watchFile=no
"4932",Kopsiopsis hookeri,Kopsiopsis,hookeri,,,,native,S4S5,,48.932029999999997,-123.474226000000002,,NA,NA,"2608977",obs_native,file:///D:/Simon/Sync/Root/GIS/Biodiversity%20Data/obs_native.csv?type=csv&maxFields=10000&detectTypes=yes&xField=longitude&yField=latitude&crs=EPSG:4326&spatialIndex=no&subsetIndex=no&watchFile=no
"4933",Kopsiopsis hookeri,Kopsiopsis,hookeri,,,,native,S4S5,,48.936202000000002,-123.470836000000006,,NA,NA,"3536425",obs_native,file:///D:/Simon/Sync/Root/GIS/Biodiversity%20Data/obs_native.csv?type=csv&maxFields=10000&detectTypes=yes&xField=longitude&yField=latitude&crs=EPSG:4326&spatialIndex=no&subsetIndex=no&watchFile=no
"4934",Kopsiopsis hookeri,Kopsiopsis,hookeri,,,,native,S4S5,,48.930796669999999,-123.469658300000006,,NA,NA,"3626398",obs_native,file:///D:/Simon/Sync/Root/GIS/Biodiversity%20Data/obs_native.csv?type=csv&maxFields=10000&detectTypes=yes&xField=longitude&yField=latitude&crs=EPSG:4326&spatialIndex=no&subsetIndex=no&watchFile=no
"4935",Kopsiopsis hookeri,Kopsiopsis,hookeri,,,,native,S4S5,,48.932062999999999,-123.475470999999999,,NA,NA,"3735305",obs_native,file:///D:/Simon/Sync/Root/GIS/Biodiversity%20Data/obs_native.csv?type=csv&maxFields=10000&detectTypes=yes&xField=longitude&yField=latitude&crs=EPSG:4326&spatialIndex=no&subsetIndex=no&watchFile=no
"4936",Kopsiopsis hookeri,Kopsiopsis,hookeri,,,,native,S4S5,,48.997160899999997,-123.568992499999993,,NA,NA,"6570450",obs_native,file:///D:/Simon/Sync/Root/GIS/Biodiversity%20Data/obs_native.csv?type=csv&maxFields=10000&detectTypes=yes&xField=longitude&yField=latitude&crs=EPSG:4326&spatialIndex=no&subsetIndex=no&watchFile=no
"4937",Kopsiopsis hookeri,Kopsiopsis,hookeri,,,,native,S4S5,,48.976240740000001,-123.547110399999994,,NA,NA,"38875278",obs_native,file:///D:/Simon/Sync/Root/GIS/Biodiversity%20Data/obs_native.csv?type=csv&maxFields=10000&detectTypes=yes&xField=longitude&yField=latitude&crs=EPSG:4326&spatialIndex=no&subsetIndex=no&watchFile=no
"4938",Kopsiopsis hookeri,Kopsiopsis,hookeri,,,,native,S4S5,,48.974181960000003,-123.549177999999998,,NA,NA,"44811155",obs_native,file:///D:/Simon/Sync/Root/GIS/Biodiversity%20Data/obs_native.csv?type=csv&maxFields=10000&detectTypes=yes&xField=longitude&yField=latitude&crs=EPSG:4326&spatialIndex=no&subsetIndex=no&watchFile=no
"4939",Kopsiopsis hookeri,Kopsiopsis,hookeri,,,,native,S4S5,,48.880419000000003,-123.339825000000005,,NA,NA,"47754240",obs_native,file:///D:/Simon/Sync/Root/GIS/Biodiversity%20Data/obs_native.csv?type=csv&maxFields=10000&detectTypes=yes&xField=longitude&yField=latitude&crs=EPSG:4326&spatialIndex=no&subsetIndex=no&watchFile=no
"4940",Kopsiopsis hookeri,Kopsiopsis,hookeri,,,,native,S4S5,,48.935986919999998,-123.512003600000000,,NA,NA,"51434504",obs_native,file:///D:/Simon/Sync/Root/GIS/Biodiversity%20Data/obs_native.csv?type=csv&maxFields=10000&detectTypes=yes&xField=longitude&yField=latitude&crs=EPSG:4326&spatialIndex=no&subsetIndex=no&watchFile=no
"4941",Kopsiopsis hookeri,Kopsiopsis,hookeri,,,,native,S4S5,,48.917844160000001,-123.440408000000005,,NA,NA,"59926317",obs_native,file:///D:/Simon/Sync/Root/GIS/Biodiversity%20Data/obs_native.csv?type=csv&maxFields=10000&detectTypes=yes&xField=longitude&yField=latitude&crs=EPSG:4326&spatialIndex=no&subsetIndex=no&watchFile=no
"4942",Kopsiopsis hookeri,Kopsiopsis,hookeri,,,,native,S4S5,,48.974254999999999,-123.549186700000007,,NA,NA,"61210404",obs_native,file:///D:/Simon/Sync/Root/GIS/Biodiversity%20Data/obs_native.csv?type=csv&maxFields=10000&detectTypes=yes&xField=longitude&yField=latitude&crs=EPSG:4326&spatialIndex=no&subsetIndex=no&watchFile=no
"4943",Kopsiopsis hookeri,Kopsiopsis,hookeri,,,,native,S4S5,,48.949550000000002,-123.503586700000000,,NA,NA,"78323462",obs_native,file:///D:/Simon/Sync/Root/GIS/Biodiversity%20Data/obs_native.csv?type=csv&maxFields=10000&detectTypes=yes&xField=longitude&yField=latitude&crs=EPSG:4326&spatialIndex=no&subsetIndex=no&watchFile=no
"4944",Kopsiopsis hookeri,Kopsiopsis,hookeri,,,,native,S4S5,,48.892880750000003,-123.355377899999993,,NA,NA,"82054773",obs_native,file:///D:/Simon/Sync/Root/GIS/Biodiversity%20Data/obs_native.csv?type=csv&maxFields=10000&detectTypes=yes&xField=longitude&yField=latitude&crs=EPSG:4326&spatialIndex=no&subsetIndex=no&watchFile=no
"4945",Kopsiopsis hookeri,Kopsiopsis,hookeri,,,,native,S4S5,,48.929913329999998,-123.467383299999995,,NA,NA,"84207341",obs_native,file:///D:/Simon/Sync/Root/GIS/Biodiversity%20Data/obs_native.csv?type=csv&maxFields=10000&detectTypes=yes&xField=longitude&yField=latitude&crs=EPSG:4326&spatialIndex=no&subsetIndex=no&watchFile=no
"4946",Kopsiopsis hookeri,Kopsiopsis,hookeri,,,,native,S4S5,,48.929254999999998,-123.467050000000000,,NA,NA,"84207447",obs_native,file:///D:/Simon/Sync/Root/GIS/Biodiversity%20Data/obs_native.csv?type=csv&maxFields=10000&detectTypes=yes&xField=longitude&yField=latitude&crs=EPSG:4326&spatialIndex=no&subsetIndex=no&watchFile=no
"4947",Kopsiopsis hookeri,Kopsiopsis,hookeri,,,,native,S4S5,,48.928332330000003,-123.464454700000005,,NA,NA,"84242733",obs_native,file:///D:/Simon/Sync/Root/GIS/Biodiversity%20Data/obs_native.csv?type=csv&maxFields=10000&detectTypes=yes&xField=longitude&yField=latitude&crs=EPSG:4326&spatialIndex=no&subsetIndex=no&watchFile=no
"4948",Kopsiopsis hookeri,Kopsiopsis,hookeri,,,,native,S4S5,,48.972731670000002,-123.550226699999996,,NA,NA,"89513202",obs_native,file:///D:/Simon/Sync/Root/GIS/Biodiversity%20Data/obs_native.csv?type=csv&maxFields=10000&detectTypes=yes&xField=longitude&yField=latitude&crs=EPSG:4326&spatialIndex=no&subsetIndex=no&watchFile=no
"4949",Kopsiopsis hookeri,Kopsiopsis,hookeri,,,,native,S4S5,,48.982708330000001,-123.552400000000006,,NA,NA,"96313531",obs_native,file:///D:/Simon/Sync/Root/GIS/Biodiversity%20Data/obs_native.csv?type=csv&maxFields=10000&detectTypes=yes&xField=longitude&yField=latitude&crs=EPSG:4326&spatialIndex=no&subsetIndex=no&watchFile=no
"4950",Kopsiopsis hookeri,Kopsiopsis,hookeri,,,,native,S4S5,,48.976628329999997,-123.547766699999997,,NA,NA,"96313643",obs_native,file:///D:/Simon/Sync/Root/GIS/Biodiversity%20Data/obs_native.csv?type=csv&maxFields=10000&detectTypes=yes&xField=longitude&yField=latitude&crs=EPSG:4326&spatialIndex=no&subsetIndex=no&watchFile=no
"5003",Lathyrus japonicus,Lathyrus,japonicus,,,,native,S5,,49.012405999999999,-123.573790000000002,,NA,NA,"3542876",obs_native,file:///D:/Simon/Sync/Root/GIS/Biodiversity%20Data/obs_native.csv?type=csv&maxFields=10000&detectTypes=yes&xField=longitude&yField=latitude&crs=EPSG:4326&spatialIndex=no&subsetIndex=no&watchFile=no
"5004",Lathyrus japonicus,Lathyrus,japonicus,,,,native,S5,,48.929661670000002,-123.475883300000007,,NA,NA,"3684436",obs_native,file:///D:/Simon/Sync/Root/GIS/Biodiversity%20Data/obs_native.csv?type=csv&maxFields=10000&detectTypes=yes&xField=longitude&yField=latitude&crs=EPSG:4326&spatialIndex=no&subsetIndex=no&watchFile=no
"5005",Lathyrus japonicus,Lathyrus,japonicus,,,,native,S5,,48.929548459999999,-123.476200100000000,,NA,NA,"6218082",obs_native,file:///D:/Simon/Sync/Root/GIS/Biodiversity%20Data/obs_native.csv?type=csv&maxFields=10000&detectTypes=yes&xField=longitude&yField=latitude&crs=EPSG:4326&spatialIndex=no&subsetIndex=no&watchFile=no
"5006",Lathyrus japonicus,Lathyrus,japonicus,,,,native,S5,,49.012090899999997,-123.573961299999993,,NA,NA,"6309361",obs_native,file:///D:/Simon/Sync/Root/GIS/Biodiversity%20Data/obs_native.csv?type=csv&maxFields=10000&detectTypes=yes&xField=longitude&yField=latitude&crs=EPSG:4326&spatialIndex=no&subsetIndex=no&watchFile=no
"5007",Lathyrus japonicus,Lathyrus,japonicus,,,,native,S5,,49.012365000000003,-123.573953299999999,,NA,NA,"123934556",obs_native,file:///D:/Simon/Sync/Root/GIS/Biodiversity%20Data/obs_native.csv?type=csv&maxFields=10000&detectTypes=yes&xField=longitude&yField=latitude&crs=EPSG:4326&spatialIndex=no&subsetIndex=no&watchFile=no
"5008",Lathyrus japonicus,Lathyrus,japonicus,,,,native,S5,,49.012365000000003,-123.573953299999999,,NA,NA,"123934559",obs_native,file:///D:/Simon/Sync/Root/GIS/Biodiversity%20Data/obs_native.csv?type=csv&maxFields=10000&detectTypes=yes&xField=longitude&yField=latitude&crs=EPSG:4326&spatialIndex=no&subsetIndex=no&watchFile=no
"5009",Lathyrus japonicus,Lathyrus,japonicus,,,,native,S5,,49.012428329999999,-123.573633299999997,,NA,NA,"123934564",obs_native,file:///D:/Simon/Sync/Root/GIS/Biodiversity%20Data/obs_native.csv?type=csv&maxFields=10000&detectTypes=yes&xField=longitude&yField=latitude&crs=EPSG:4326&spatialIndex=no&subsetIndex=no&watchFile=no
"5022",Lemna trisulca,Lemna,trisulca,,,,native,S5,,48.948452000000003,-123.502377999999993,,NA,NA,"3414468",obs_native,file:///D:/Simon/Sync/Root/GIS/Biodiversity%20Data/obs_native.csv?type=csv&maxFields=10000&detectTypes=yes&xField=longitude&yField=latitude&crs=EPSG:4326&spatialIndex=no&subsetIndex=no&watchFile=no
"5023",Lemna turionifera,Lemna,turionifera,,,,native,S4S5,,48.869062210000003,-123.371481299999999,,NA,NA,"6409662",obs_native,file:///D:/Simon/Sync/Root/GIS/Biodiversity%20Data/obs_native.csv?type=csv&maxFields=10000&detectTypes=yes&xField=longitude&yField=latitude&crs=EPSG:4326&spatialIndex=no&subsetIndex=no&watchFile=no
"5033",Leptosiphon minimus,Leptosiphon,minimus,,,,native,S4,,48.982903999999998,-123.554907000000000,,NA,NA,"6671733",obs_native,file:///D:/Simon/Sync/Root/GIS/Biodiversity%20Data/obs_native.csv?type=csv&maxFields=10000&detectTypes=yes&xField=longitude&yField=latitude&crs=EPSG:4326&spatialIndex=no&subsetIndex=no&watchFile=no
"5034",Leptosiphon minimus,Leptosiphon,minimus,,,,native,S4,,48.957161999999997,-123.530113000000000,,NA,NA,"12374085",obs_native,file:///D:/Simon/Sync/Root/GIS/Biodiversity%20Data/obs_native.csv?type=csv&maxFields=10000&detectTypes=yes&xField=longitude&yField=latitude&crs=EPSG:4326&spatialIndex=no&subsetIndex=no&watchFile=no
"5092",Lilium columbianum,Lilium,columbianum,,,,native,S5,,48.941265000000001,-123.497614999999996,,NA,NA,"2570696",obs_native,file:///D:/Simon/Sync/Root/GIS/Biodiversity%20Data/obs_native.csv?type=csv&maxFields=10000&detectTypes=yes&xField=longitude&yField=latitude&crs=EPSG:4326&spatialIndex=no&subsetIndex=no&watchFile=no
"5093",Lilium columbianum,Lilium,columbianum,,,,native,S5,,48.941690000000001,-123.498506000000006,,NA,NA,"3461706",obs_native,file:///D:/Simon/Sync/Root/GIS/Biodiversity%20Data/obs_native.csv?type=csv&maxFields=10000&detectTypes=yes&xField=longitude&yField=latitude&crs=EPSG:4326&spatialIndex=no&subsetIndex=no&watchFile=no
"5094",Lilium columbianum,Lilium,columbianum,,,,native,S5,,48.941400000000002,-123.498086700000002,,NA,NA,"3725272",obs_native,file:///D:/Simon/Sync/Root/GIS/Biodiversity%20Data/obs_native.csv?type=csv&maxFields=10000&detectTypes=yes&xField=longitude&yField=latitude&crs=EPSG:4326&spatialIndex=no&subsetIndex=no&watchFile=no
"5095",Lilium columbianum,Lilium,columbianum,,,,native,S5,,48.871638330000003,-123.311203300000003,,NA,NA,"84001525",obs_native,file:///D:/Simon/Sync/Root/GIS/Biodiversity%20Data/obs_native.csv?type=csv&maxFields=10000&detectTypes=yes&xField=longitude&yField=latitude&crs=EPSG:4326&spatialIndex=no&subsetIndex=no&watchFile=no
"5096",Lilium columbianum,Lilium,columbianum,,,,native,S5,,48.940997320000001,-123.496684799999997,,NA,NA,"84766474",obs_native,file:///D:/Simon/Sync/Root/GIS/Biodiversity%20Data/obs_native.csv?type=csv&maxFields=10000&detectTypes=yes&xField=longitude&yField=latitude&crs=EPSG:4326&spatialIndex=no&subsetIndex=no&watchFile=no
"5097",Lilium columbianum,Lilium,columbianum,,,,native,S5,,48.941569899999998,-123.498042699999999,,NA,NA,"126575083",obs_native,file:///D:/Simon/Sync/Root/GIS/Biodiversity%20Data/obs_native.csv?type=csv&maxFields=10000&detectTypes=yes&xField=longitude&yField=latitude&crs=EPSG:4326&spatialIndex=no&subsetIndex=no&watchFile=no
"5118",Lithophragma glabrum,Lithophragma,glabrum,,,,native,S5,,48.868335999999999,-123.377881000000002,,NA,NA,"138097302",obs_native,file:///D:/Simon/Sync/Root/GIS/Biodiversity%20Data/obs_native.csv?type=csv&maxFields=10000&detectTypes=yes&xField=longitude&yField=latitude&crs=EPSG:4326&spatialIndex=no&subsetIndex=no&watchFile=no
"5119",Lithophragma parviflorum,Lithophragma,parviflorum,,,,native,S5,,48.868113999999998,-123.340801999999996,,NA,NA,"2889969",obs_native,file:///D:/Simon/Sync/Root/GIS/Biodiversity%20Data/obs_native.csv?type=csv&maxFields=10000&detectTypes=yes&xField=longitude&yField=latitude&crs=EPSG:4326&spatialIndex=no&subsetIndex=no&watchFile=no
"5120",Lithophragma parviflorum,Lithophragma,parviflorum,,,,native,S5,,48.868484000000002,-123.378718000000006,,NA,NA,"5551354",obs_native,file:///D:/Simon/Sync/Root/GIS/Biodiversity%20Data/obs_native.csv?type=csv&maxFields=10000&detectTypes=yes&xField=longitude&yField=latitude&crs=EPSG:4326&spatialIndex=no&subsetIndex=no&watchFile=no
"5121",Lithophragma parviflorum,Lithophragma,parviflorum,,,,native,S5,,48.867653330000003,-123.339370000000002,,NA,NA,"5648328",obs_native,file:///D:/Simon/Sync/Root/GIS/Biodiversity%20Data/obs_native.csv?type=csv&maxFields=10000&detectTypes=yes&xField=longitude&yField=latitude&crs=EPSG:4326&spatialIndex=no&subsetIndex=no&watchFile=no
"5122",Lithophragma parviflorum,Lithophragma,parviflorum,,,,native,S5,,48.868187100000000,-123.377784500000004,,NA,NA,"5935258",obs_native,file:///D:/Simon/Sync/Root/GIS/Biodiversity%20Data/obs_native.csv?type=csv&maxFields=10000&detectTypes=yes&xField=longitude&yField=latitude&crs=EPSG:4326&spatialIndex=no&subsetIndex=no&watchFile=no
"5123",Lithophragma parviflorum,Lithophragma,parviflorum,,,,native,S5,,48.904561620000003,-123.413457899999997,,NA,NA,"6047540",obs_native,file:///D:/Simon/Sync/Root/GIS/Biodiversity%20Data/obs_native.csv?type=csv&maxFields=10000&detectTypes=yes&xField=longitude&yField=latitude&crs=EPSG:4326&spatialIndex=no&subsetIndex=no&watchFile=no
"5124",Lithophragma parviflorum,Lithophragma,parviflorum,,,,native,S5,,48.868130639999997,-123.377494799999994,,NA,NA,"6216801",obs_native,file:///D:/Simon/Sync/Root/GIS/Biodiversity%20Data/obs_native.csv?type=csv&maxFields=10000&detectTypes=yes&xField=longitude&yField=latitude&crs=EPSG:4326&spatialIndex=no&subsetIndex=no&watchFile=no
"5125",Lithophragma parviflorum,Lithophragma,parviflorum,,,,native,S5,,49.012850899999997,-123.573103000000003,,NA,NA,"6309397",obs_native,file:///D:/Simon/Sync/Root/GIS/Biodiversity%20Data/obs_native.csv?type=csv&maxFields=10000&detectTypes=yes&xField=longitude&yField=latitude&crs=EPSG:4326&spatialIndex=no&subsetIndex=no&watchFile=no
"5126",Lithophragma parviflorum,Lithophragma,parviflorum,,,,native,S5,,48.868800149999998,-123.378610600000002,,NA,NA,"6410321",obs_native,file:///D:/Simon/Sync/Root/GIS/Biodiversity%20Data/obs_native.csv?type=csv&maxFields=10000&detectTypes=yes&xField=longitude&yField=latitude&crs=EPSG:4326&spatialIndex=no&subsetIndex=no&watchFile=no
"5127",Lithophragma parviflorum,Lithophragma,parviflorum,,,,native,S5,,48.956614999999999,-123.529281999999995,,NA,NA,"10306192",obs_native,file:///D:/Simon/Sync/Root/GIS/Biodiversity%20Data/obs_native.csv?type=csv&maxFields=10000&detectTypes=yes&xField=longitude&yField=latitude&crs=EPSG:4326&spatialIndex=no&subsetIndex=no&watchFile=no
"5128",Lithophragma parviflorum,Lithophragma,parviflorum,,,,native,S5,,48.867136109999997,-123.340063900000004,,NA,NA,"10554605",obs_native,file:///D:/Simon/Sync/Root/GIS/Biodiversity%20Data/obs_native.csv?type=csv&maxFields=10000&detectTypes=yes&xField=longitude&yField=latitude&crs=EPSG:4326&spatialIndex=no&subsetIndex=no&watchFile=no
"5129",Lithophragma parviflorum,Lithophragma,parviflorum,,,,native,S5,,48.867845000000003,-123.339713300000000,,NA,NA,"10663801",obs_native,file:///D:/Simon/Sync/Root/GIS/Biodiversity%20Data/obs_native.csv?type=csv&maxFields=10000&detectTypes=yes&xField=longitude&yField=latitude&crs=EPSG:4326&spatialIndex=no&subsetIndex=no&watchFile=no
"5130",Lithophragma parviflorum,Lithophragma,parviflorum,,,,native,S5,,48.868028330000001,-123.376113300000000,,NA,NA,"11580985",obs_native,file:///D:/Simon/Sync/Root/GIS/Biodiversity%20Data/obs_native.csv?type=csv&maxFields=10000&detectTypes=yes&xField=longitude&yField=latitude&crs=EPSG:4326&spatialIndex=no&subsetIndex=no&watchFile=no
"5131",Lithophragma parviflorum,Lithophragma,parviflorum,,,,native,S5,,48.957312940000001,-123.530222499999994,,NA,NA,"16344821",obs_native,file:///D:/Simon/Sync/Root/GIS/Biodiversity%20Data/obs_native.csv?type=csv&maxFields=10000&detectTypes=yes&xField=longitude&yField=latitude&crs=EPSG:4326&spatialIndex=no&subsetIndex=no&watchFile=no
"5132",Lithophragma parviflorum,Lithophragma,parviflorum,,,,native,S5,,48.867236669999997,-123.340491700000001,,NA,NA,"22182133",obs_native,file:///D:/Simon/Sync/Root/GIS/Biodiversity%20Data/obs_native.csv?type=csv&maxFields=10000&detectTypes=yes&xField=longitude&yField=latitude&crs=EPSG:4326&spatialIndex=no&subsetIndex=no&watchFile=no
"5133",Lithophragma parviflorum,Lithophragma,parviflorum,,,,native,S5,,49.012608329999999,-123.585808299999997,,NA,NA,"22659559",obs_native,file:///D:/Simon/Sync/Root/GIS/Biodiversity%20Data/obs_native.csv?type=csv&maxFields=10000&detectTypes=yes&xField=longitude&yField=latitude&crs=EPSG:4326&spatialIndex=no&subsetIndex=no&watchFile=no
"5134",Lithophragma parviflorum,Lithophragma,parviflorum,,,,native,S5,,48.867462430000003,-123.375958699999998,,NA,NA,"24639769",obs_native,file:///D:/Simon/Sync/Root/GIS/Biodiversity%20Data/obs_native.csv?type=csv&maxFields=10000&detectTypes=yes&xField=longitude&yField=latitude&crs=EPSG:4326&spatialIndex=no&subsetIndex=no&watchFile=no
"5135",Lithophragma parviflorum,Lithophragma,parviflorum,,,,native,S5,,48.867888890000003,-123.376008299999995,,NA,NA,"24687951",obs_native,file:///D:/Simon/Sync/Root/GIS/Biodiversity%20Data/obs_native.csv?type=csv&maxFields=10000&detectTypes=yes&xField=longitude&yField=latitude&crs=EPSG:4326&spatialIndex=no&subsetIndex=no&watchFile=no
"5136",Lithophragma parviflorum,Lithophragma,parviflorum,,,,native,S5,,48.872088890000001,-123.311049999999994,,NA,NA,"24697638",obs_native,file:///D:/Simon/Sync/Root/GIS/Biodiversity%20Data/obs_native.csv?type=csv&maxFields=10000&detectTypes=yes&xField=longitude&yField=latitude&crs=EPSG:4326&spatialIndex=no&subsetIndex=no&watchFile=no
"5137",Lithophragma parviflorum,Lithophragma,parviflorum,,,,native,S5,,49.013491549999998,-123.573181300000002,,NA,NA,"24748308",obs_native,file:///D:/Simon/Sync/Root/GIS/Biodiversity%20Data/obs_native.csv?type=csv&maxFields=10000&detectTypes=yes&xField=longitude&yField=latitude&crs=EPSG:4326&spatialIndex=no&subsetIndex=no&watchFile=no
"5138",Lithophragma parviflorum,Lithophragma,parviflorum,,,,native,S5,,48.867355560000000,-123.375922200000005,,NA,NA,"25597361",obs_native,file:///D:/Simon/Sync/Root/GIS/Biodiversity%20Data/obs_native.csv?type=csv&maxFields=10000&detectTypes=yes&xField=longitude&yField=latitude&crs=EPSG:4326&spatialIndex=no&subsetIndex=no&watchFile=no
"5139",Lithophragma parviflorum,Lithophragma,parviflorum,,,,native,S5,,48.872036670000000,-123.311011699999995,,NA,NA,"32125282",obs_native,file:///D:/Simon/Sync/Root/GIS/Biodiversity%20Data/obs_native.csv?type=csv&maxFields=10000&detectTypes=yes&xField=longitude&yField=latitude&crs=EPSG:4326&spatialIndex=no&subsetIndex=no&watchFile=no
"5140",Lithophragma parviflorum,Lithophragma,parviflorum,,,,native,S5,,48.864669440000000,-123.366813899999997,,NA,NA,"41788625",obs_native,file:///D:/Simon/Sync/Root/GIS/Biodiversity%20Data/obs_native.csv?type=csv&maxFields=10000&detectTypes=yes&xField=longitude&yField=latitude&crs=EPSG:4326&spatialIndex=no&subsetIndex=no&watchFile=no
"5141",Lithophragma parviflorum,Lithophragma,parviflorum,,,,native,S5,,48.867479510000003,-123.376484099999999,,NA,NA,"42365197",obs_native,file:///D:/Simon/Sync/Root/GIS/Biodiversity%20Data/obs_native.csv?type=csv&maxFields=10000&detectTypes=yes&xField=longitude&yField=latitude&crs=EPSG:4326&spatialIndex=no&subsetIndex=no&watchFile=no
"5142",Lithophragma parviflorum,Lithophragma,parviflorum,,,,native,S5,,48.865713890000002,-123.365274999999997,,NA,NA,"42637627",obs_native,file:///D:/Simon/Sync/Root/GIS/Biodiversity%20Data/obs_native.csv?type=csv&maxFields=10000&detectTypes=yes&xField=longitude&yField=latitude&crs=EPSG:4326&spatialIndex=no&subsetIndex=no&watchFile=no
"5143",Lithophragma parviflorum,Lithophragma,parviflorum,,,,native,S5,,48.866013889999998,-123.365502800000002,,NA,NA,"42637632",obs_native,file:///D:/Simon/Sync/Root/GIS/Biodiversity%20Data/obs_native.csv?type=csv&maxFields=10000&detectTypes=yes&xField=longitude&yField=latitude&crs=EPSG:4326&spatialIndex=no&subsetIndex=no&watchFile=no
"5144",Lithophragma parviflorum,Lithophragma,parviflorum,,,,native,S5,,48.867746670000002,-123.339950000000002,,NA,NA,"43154286",obs_native,file:///D:/Simon/Sync/Root/GIS/Biodiversity%20Data/obs_native.csv?type=csv&maxFields=10000&detectTypes=yes&xField=longitude&yField=latitude&crs=EPSG:4326&spatialIndex=no&subsetIndex=no&watchFile=no
"5145",Lithophragma parviflorum,Lithophragma,parviflorum,,,,native,S5,,48.868443739999996,-123.341292100000004,,NA,NA,"43252948",obs_native,file:///D:/Simon/Sync/Root/GIS/Biodiversity%20Data/obs_native.csv?type=csv&maxFields=10000&detectTypes=yes&xField=longitude&yField=latitude&crs=EPSG:4326&spatialIndex=no&subsetIndex=no&watchFile=no
"5146",Lithophragma parviflorum,Lithophragma,parviflorum,,,,native,S5,,48.871519669999998,-123.382127499999996,,NA,NA,"44447084",obs_native,file:///D:/Simon/Sync/Root/GIS/Biodiversity%20Data/obs_native.csv?type=csv&maxFields=10000&detectTypes=yes&xField=longitude&yField=latitude&crs=EPSG:4326&spatialIndex=no&subsetIndex=no&watchFile=no
"5147",Lithophragma parviflorum,Lithophragma,parviflorum,,,,native,S5,,48.867995999999998,-123.378041999999994,,NA,NA,"61502352",obs_native,file:///D:/Simon/Sync/Root/GIS/Biodiversity%20Data/obs_native.csv?type=csv&maxFields=10000&detectTypes=yes&xField=longitude&yField=latitude&crs=EPSG:4326&spatialIndex=no&subsetIndex=no&watchFile=no
"5148",Lithophragma parviflorum,Lithophragma,parviflorum,,,,native,S5,,48.863672399999999,-123.329920099999995,,NA,NA,"78655943",obs_native,file:///D:/Simon/Sync/Root/GIS/Biodiversity%20Data/obs_native.csv?type=csv&maxFields=10000&detectTypes=yes&xField=longitude&yField=latitude&crs=EPSG:4326&spatialIndex=no&subsetIndex=no&watchFile=no
"5149",Lithophragma parviflorum,Lithophragma,parviflorum,,,,native,S5,,48.956156309999997,-123.527725899999993,,NA,NA,"109429655",obs_native,file:///D:/Simon/Sync/Root/GIS/Biodiversity%20Data/obs_native.csv?type=csv&maxFields=10000&detectTypes=yes&xField=longitude&yField=latitude&crs=EPSG:4326&spatialIndex=no&subsetIndex=no&watchFile=no
"5150",Lithophragma parviflorum,Lithophragma,parviflorum,,,,native,S5,,48.956944999999997,-123.529859999999999,,NA,NA,"109429666",obs_native,file:///D:/Simon/Sync/Root/GIS/Biodiversity%20Data/obs_native.csv?type=csv&maxFields=10000&detectTypes=yes&xField=longitude&yField=latitude&crs=EPSG:4326&spatialIndex=no&subsetIndex=no&watchFile=no
"5151",Lithophragma parviflorum,Lithophragma,parviflorum,,,,native,S5,,48.863669999999999,-123.329894999999993,,NA,NA,"109624371",obs_native,file:///D:/Simon/Sync/Root/GIS/Biodiversity%20Data/obs_native.csv?type=csv&maxFields=10000&detectTypes=yes&xField=longitude&yField=latitude&crs=EPSG:4326&spatialIndex=no&subsetIndex=no&watchFile=no
"5152",Lithophragma parviflorum,Lithophragma,parviflorum,,,,native,S5,,48.862719089999999,-123.369704299999995,,NA,NA,"110932099",obs_native,file:///D:/Simon/Sync/Root/GIS/Biodiversity%20Data/obs_native.csv?type=csv&maxFields=10000&detectTypes=yes&xField=longitude&yField=latitude&crs=EPSG:4326&spatialIndex=no&subsetIndex=no&watchFile=no
"5153",Lithophragma parviflorum,Lithophragma,parviflorum,,,,native,S5,,48.863641999999999,-123.330309999999997,,NA,NA,"111354764",obs_native,file:///D:/Simon/Sync/Root/GIS/Biodiversity%20Data/obs_native.csv?type=csv&maxFields=10000&detectTypes=yes&xField=longitude&yField=latitude&crs=EPSG:4326&spatialIndex=no&subsetIndex=no&watchFile=no
"5154",Lithophragma parviflorum,Lithophragma,parviflorum,,,,native,S5,,48.865369999999999,-123.367838300000003,,NA,NA,"111609976",obs_native,file:///D:/Simon/Sync/Root/GIS/Biodiversity%20Data/obs_native.csv?type=csv&maxFields=10000&detectTypes=yes&xField=longitude&yField=latitude&crs=EPSG:4326&spatialIndex=no&subsetIndex=no&watchFile=no
"5155",Lithophragma parviflorum,Lithophragma,parviflorum,,,,native,S5,,48.863608759999998,-123.364125200000004,,NA,NA,"111610102",obs_native,file:///D:/Simon/Sync/Root/GIS/Biodiversity%20Data/obs_native.csv?type=csv&maxFields=10000&detectTypes=yes&xField=longitude&yField=latitude&crs=EPSG:4326&spatialIndex=no&subsetIndex=no&watchFile=no
"5156",Lithophragma parviflorum,Lithophragma,parviflorum,,,,native,S5,,48.867454000000002,-123.339883999999998,,NA,NA,"112699267",obs_native,file:///D:/Simon/Sync/Root/GIS/Biodiversity%20Data/obs_native.csv?type=csv&maxFields=10000&detectTypes=yes&xField=longitude&yField=latitude&crs=EPSG:4326&spatialIndex=no&subsetIndex=no&watchFile=no
"5157",Lithophragma parviflorum,Lithophragma,parviflorum,,,,native,S5,,48.864444970000001,-123.362932299999997,,NA,NA,"113172186",obs_native,file:///D:/Simon/Sync/Root/GIS/Biodiversity%20Data/obs_native.csv?type=csv&maxFields=10000&detectTypes=yes&xField=longitude&yField=latitude&crs=EPSG:4326&spatialIndex=no&subsetIndex=no&watchFile=no
"5158",Lithophragma parviflorum,Lithophragma,parviflorum,,,,native,S5,,48.953274890000003,-123.521691300000001,,NA,NA,"116033722",obs_native,file:///D:/Simon/Sync/Root/GIS/Biodiversity%20Data/obs_native.csv?type=csv&maxFields=10000&detectTypes=yes&xField=longitude&yField=latitude&crs=EPSG:4326&spatialIndex=no&subsetIndex=no&watchFile=no
"5180",Lomatium nudicaule,Lomatium,nudicaule,,,,native,S4S5,,48.955896670000001,-123.527121699999995,,NA,NA,"78231057",obs_native,file:///D:/Simon/Sync/Root/GIS/Biodiversity%20Data/obs_native.csv?type=csv&maxFields=10000&detectTypes=yes&xField=longitude&yField=latitude&crs=EPSG:4326&spatialIndex=no&subsetIndex=no&watchFile=no
"5181",Lomatium nudicaule,Lomatium,nudicaule,,,,native,S4S5,,48.958754999999996,-123.533024999999995,,NA,NA,"116029582",obs_native,file:///D:/Simon/Sync/Root/GIS/Biodiversity%20Data/obs_native.csv?type=csv&maxFields=10000&detectTypes=yes&xField=longitude&yField=latitude&crs=EPSG:4326&spatialIndex=no&subsetIndex=no&watchFile=no
"5182",Lomatium nudicaule,Lomatium,nudicaule,,,,native,S4S5,,48.958588890000001,-123.532988900000007,,NA,NA,"116033738",obs_native,file:///D:/Simon/Sync/Root/GIS/Biodiversity%20Data/obs_native.csv?type=csv&maxFields=10000&detectTypes=yes&xField=longitude&yField=latitude&crs=EPSG:4326&spatialIndex=no&subsetIndex=no&watchFile=no
"5183",Lomatium papilioniferum,Lomatium,papilioniferum,,,,native,S2 (2019),1-T (2011),48.952599999999997,-123.533287999999999,,NA,NA,"2762301",obs_native,file:///D:/Simon/Sync/Root/GIS/Biodiversity%20Data/obs_native.csv?type=csv&maxFields=10000&detectTypes=yes&xField=longitude&yField=latitude&crs=EPSG:4326&spatialIndex=no&subsetIndex=no&watchFile=no
"5184",Lomatium papilioniferum,Lomatium,papilioniferum,,,,native,S2 (2019),1-T (2011),48.952662760000003,-123.534010199999997,,NA,NA,"123934422",obs_native,file:///D:/Simon/Sync/Root/GIS/Biodiversity%20Data/obs_native.csv?type=csv&maxFields=10000&detectTypes=yes&xField=longitude&yField=latitude&crs=EPSG:4326&spatialIndex=no&subsetIndex=no&watchFile=no
"5185",Lomatium papilioniferum,Lomatium,papilioniferum,,,,native,S2 (2019),1-T (2011),48.953847000000003,-123.536703000000003,,NA,NA,"123934424",obs_native,file:///D:/Simon/Sync/Root/GIS/Biodiversity%20Data/obs_native.csv?type=csv&maxFields=10000&detectTypes=yes&xField=longitude&yField=latitude&crs=EPSG:4326&spatialIndex=no&subsetIndex=no&watchFile=no
"5186",Lomatium papilioniferum,Lomatium,papilioniferum,,,,native,S2 (2019),1-T (2011),48.953786670000000,-123.537009999999995,,NA,NA,"123934425",obs_native,file:///D:/Simon/Sync/Root/GIS/Biodiversity%20Data/obs_native.csv?type=csv&maxFields=10000&detectTypes=yes&xField=longitude&yField=latitude&crs=EPSG:4326&spatialIndex=no&subsetIndex=no&watchFile=no
"5187",Lomatium papilioniferum,Lomatium,papilioniferum,,,,native,S2 (2019),1-T (2011),48.955451670000002,-123.539498300000005,,NA,NA,"123934427",obs_native,file:///D:/Simon/Sync/Root/GIS/Biodiversity%20Data/obs_native.csv?type=csv&maxFields=10000&detectTypes=yes&xField=longitude&yField=latitude&crs=EPSG:4326&spatialIndex=no&subsetIndex=no&watchFile=no
"5188",Lomatium papilioniferum,Lomatium,papilioniferum,,,,native,S2 (2019),1-T (2011),48.956421669999997,-123.541051699999997,,NA,NA,"123934430",obs_native,file:///D:/Simon/Sync/Root/GIS/Biodiversity%20Data/obs_native.csv?type=csv&maxFields=10000&detectTypes=yes&xField=longitude&yField=latitude&crs=EPSG:4326&spatialIndex=no&subsetIndex=no&watchFile=no
"5189",Lomatium papilioniferum,Lomatium,papilioniferum,,,,native,S2 (2019),1-T (2011),48.957626670000003,-123.542701699999995,,NA,NA,"123934435",obs_native,file:///D:/Simon/Sync/Root/GIS/Biodiversity%20Data/obs_native.csv?type=csv&maxFields=10000&detectTypes=yes&xField=longitude&yField=latitude&crs=EPSG:4326&spatialIndex=no&subsetIndex=no&watchFile=no
"5190",Lomatium papilioniferum,Lomatium,papilioniferum,,,,native,S2 (2019),1-T (2011),48.957958329999997,-123.543248300000002,,NA,NA,"123934438",obs_native,file:///D:/Simon/Sync/Root/GIS/Biodiversity%20Data/obs_native.csv?type=csv&maxFields=10000&detectTypes=yes&xField=longitude&yField=latitude&crs=EPSG:4326&spatialIndex=no&subsetIndex=no&watchFile=no
"5191",Lomatium papilioniferum,Lomatium,papilioniferum,,,,native,S2 (2019),1-T (2011),48.958183329999997,-123.543678299999996,,NA,NA,"123934439",obs_native,file:///D:/Simon/Sync/Root/GIS/Biodiversity%20Data/obs_native.csv?type=csv&maxFields=10000&detectTypes=yes&xField=longitude&yField=latitude&crs=EPSG:4326&spatialIndex=no&subsetIndex=no&watchFile=no
"5192",Lomatium papilioniferum,Lomatium,papilioniferum,,,,native,S2 (2019),1-T (2011),48.958280000000002,-123.543751700000001,,NA,NA,"123934440",obs_native,file:///D:/Simon/Sync/Root/GIS/Biodiversity%20Data/obs_native.csv?type=csv&maxFields=10000&detectTypes=yes&xField=longitude&yField=latitude&crs=EPSG:4326&spatialIndex=no&subsetIndex=no&watchFile=no
"5193",Lomatium papilioniferum,Lomatium,papilioniferum,,,,native,S2 (2019),1-T (2011),48.958461669999998,-123.543999999999997,,NA,NA,"123934442",obs_native,file:///D:/Simon/Sync/Root/GIS/Biodiversity%20Data/obs_native.csv?type=csv&maxFields=10000&detectTypes=yes&xField=longitude&yField=latitude&crs=EPSG:4326&spatialIndex=no&subsetIndex=no&watchFile=no
"5194",Lomatium papilioniferum,Lomatium,papilioniferum,,,,native,S2 (2019),1-T (2011),48.959483329999998,-123.545463299999994,,NA,NA,"123934444",obs_native,file:///D:/Simon/Sync/Root/GIS/Biodiversity%20Data/obs_native.csv?type=csv&maxFields=10000&detectTypes=yes&xField=longitude&yField=latitude&crs=EPSG:4326&spatialIndex=no&subsetIndex=no&watchFile=no
"5195",Lomatium papilioniferum,Lomatium,papilioniferum,,,,native,S2 (2019),1-T (2011),48.960356670000003,-123.546895000000006,,NA,NA,"123934446",obs_native,file:///D:/Simon/Sync/Root/GIS/Biodiversity%20Data/obs_native.csv?type=csv&maxFields=10000&detectTypes=yes&xField=longitude&yField=latitude&crs=EPSG:4326&spatialIndex=no&subsetIndex=no&watchFile=no
"5196",Lomatium papilioniferum,Lomatium,papilioniferum,,,,native,S2 (2019),1-T (2011),48.961373330000001,-123.548063299999995,,NA,NA,"123934448",obs_native,file:///D:/Simon/Sync/Root/GIS/Biodiversity%20Data/obs_native.csv?type=csv&maxFields=10000&detectTypes=yes&xField=longitude&yField=latitude&crs=EPSG:4326&spatialIndex=no&subsetIndex=no&watchFile=no
"5197",Lomatium papilioniferum,Lomatium,papilioniferum,,,,native,S2 (2019),1-T (2011),48.961559999999999,-123.548433299999999,,NA,NA,"123934449",obs_native,file:///D:/Simon/Sync/Root/GIS/Biodiversity%20Data/obs_native.csv?type=csv&maxFields=10000&detectTypes=yes&xField=longitude&yField=latitude&crs=EPSG:4326&spatialIndex=no&subsetIndex=no&watchFile=no
"5198",Lomatium papilioniferum,Lomatium,papilioniferum,,,,native,S2 (2019),1-T (2011),48.961820000000003,-123.548853300000005,,NA,NA,"123934450",obs_native,file:///D:/Simon/Sync/Root/GIS/Biodiversity%20Data/obs_native.csv?type=csv&maxFields=10000&detectTypes=yes&xField=longitude&yField=latitude&crs=EPSG:4326&spatialIndex=no&subsetIndex=no&watchFile=no
"5199",Lomatium papilioniferum,Lomatium,papilioniferum,,,,native,S2 (2019),1-T (2011),48.962209999999999,-123.549393300000006,,NA,NA,"123934452",obs_native,file:///D:/Simon/Sync/Root/GIS/Biodiversity%20Data/obs_native.csv?type=csv&maxFields=10000&detectTypes=yes&xField=longitude&yField=latitude&crs=EPSG:4326&spatialIndex=no&subsetIndex=no&watchFile=no
"5200",Lomatium papilioniferum,Lomatium,papilioniferum,,,,native,S2 (2019),1-T (2011),48.962934980000000,-123.550167599999995,,NA,NA,"123934453",obs_native,file:///D:/Simon/Sync/Root/GIS/Biodiversity%20Data/obs_native.csv?type=csv&maxFields=10000&detectTypes=yes&xField=longitude&yField=latitude&crs=EPSG:4326&spatialIndex=no&subsetIndex=no&watchFile=no
"5201",Lomatium utriculatum,Lomatium,utriculatum,,,,native,S5,,48.932310999999999,-123.483968000000004,,NA,NA,"2566333",obs_native,file:///D:/Simon/Sync/Root/GIS/Biodiversity%20Data/obs_native.csv?type=csv&maxFields=10000&detectTypes=yes&xField=longitude&yField=latitude&crs=EPSG:4326&spatialIndex=no&subsetIndex=no&watchFile=no
"5202",Lomatium utriculatum,Lomatium,utriculatum,,,,native,S5,,48.933073000000000,-123.485726999999997,,NA,NA,"2580155",obs_native,file:///D:/Simon/Sync/Root/GIS/Biodiversity%20Data/obs_native.csv?type=csv&maxFields=10000&detectTypes=yes&xField=longitude&yField=latitude&crs=EPSG:4326&spatialIndex=no&subsetIndex=no&watchFile=no
"5203",Lomatium utriculatum,Lomatium,utriculatum,,,,native,S5,,48.932654999999997,-123.484869000000003,,NA,NA,"2588156",obs_native,file:///D:/Simon/Sync/Root/GIS/Biodiversity%20Data/obs_native.csv?type=csv&maxFields=10000&detectTypes=yes&xField=longitude&yField=latitude&crs=EPSG:4326&spatialIndex=no&subsetIndex=no&watchFile=no
"5204",Lomatium utriculatum,Lomatium,utriculatum,,,,native,S5,,48.932158999999999,-123.484161000000000,,NA,NA,"2692243",obs_native,file:///D:/Simon/Sync/Root/GIS/Biodiversity%20Data/obs_native.csv?type=csv&maxFields=10000&detectTypes=yes&xField=longitude&yField=latitude&crs=EPSG:4326&spatialIndex=no&subsetIndex=no&watchFile=no
"5205",Lomatium utriculatum,Lomatium,utriculatum,,,,native,S5,,48.932937000000003,-123.485748999999998,,NA,NA,"2738372",obs_native,file:///D:/Simon/Sync/Root/GIS/Biodiversity%20Data/obs_native.csv?type=csv&maxFields=10000&detectTypes=yes&xField=longitude&yField=latitude&crs=EPSG:4326&spatialIndex=no&subsetIndex=no&watchFile=no
"5206",Lomatium utriculatum,Lomatium,utriculatum,,,,native,S5,,48.867061110000002,-123.337730600000000,,NA,NA,"2809530",obs_native,file:///D:/Simon/Sync/Root/GIS/Biodiversity%20Data/obs_native.csv?type=csv&maxFields=10000&detectTypes=yes&xField=longitude&yField=latitude&crs=EPSG:4326&spatialIndex=no&subsetIndex=no&watchFile=no
"5207",Lomatium utriculatum,Lomatium,utriculatum,,,,native,S5,,48.865572999999998,-123.326082000000000,,NA,NA,"2825654",obs_native,file:///D:/Simon/Sync/Root/GIS/Biodiversity%20Data/obs_native.csv?type=csv&maxFields=10000&detectTypes=yes&xField=longitude&yField=latitude&crs=EPSG:4326&spatialIndex=no&subsetIndex=no&watchFile=no
"5208",Lomatium utriculatum,Lomatium,utriculatum,,,,native,S5,,48.866764000000003,-123.336060000000003,,NA,NA,"3027611",obs_native,file:///D:/Simon/Sync/Root/GIS/Biodiversity%20Data/obs_native.csv?type=csv&maxFields=10000&detectTypes=yes&xField=longitude&yField=latitude&crs=EPSG:4326&spatialIndex=no&subsetIndex=no&watchFile=no
"5209",Lomatium utriculatum,Lomatium,utriculatum,,,,native,S5,,48.932774000000002,-123.485298000000000,,NA,NA,"3317213",obs_native,file:///D:/Simon/Sync/Root/GIS/Biodiversity%20Data/obs_native.csv?type=csv&maxFields=10000&detectTypes=yes&xField=longitude&yField=latitude&crs=EPSG:4326&spatialIndex=no&subsetIndex=no&watchFile=no
"5210",Lomatium utriculatum,Lomatium,utriculatum,,,,native,S5,,48.932774000000002,-123.485298000000000,,NA,NA,"3317223",obs_native,file:///D:/Simon/Sync/Root/GIS/Biodiversity%20Data/obs_native.csv?type=csv&maxFields=10000&detectTypes=yes&xField=longitude&yField=latitude&crs=EPSG:4326&spatialIndex=no&subsetIndex=no&watchFile=no
"5211",Lomatium utriculatum,Lomatium,utriculatum,,,,native,S5,,48.932485999999997,-123.483839000000003,,NA,NA,"3317545",obs_native,file:///D:/Simon/Sync/Root/GIS/Biodiversity%20Data/obs_native.csv?type=csv&maxFields=10000&detectTypes=yes&xField=longitude&yField=latitude&crs=EPSG:4326&spatialIndex=no&subsetIndex=no&watchFile=no
"5212",Lomatium utriculatum,Lomatium,utriculatum,,,,native,S5,,48.866656999999996,-123.335227000000003,,NA,NA,"5095159",obs_native,file:///D:/Simon/Sync/Root/GIS/Biodiversity%20Data/obs_native.csv?type=csv&maxFields=10000&detectTypes=yes&xField=longitude&yField=latitude&crs=EPSG:4326&spatialIndex=no&subsetIndex=no&watchFile=no
"5213",Lomatium utriculatum,Lomatium,utriculatum,,,,native,S5,,48.870255000000000,-123.380573999999996,,NA,NA,"5536490",obs_native,file:///D:/Simon/Sync/Root/GIS/Biodiversity%20Data/obs_native.csv?type=csv&maxFields=10000&detectTypes=yes&xField=longitude&yField=latitude&crs=EPSG:4326&spatialIndex=no&subsetIndex=no&watchFile=no
"5214",Lomatium utriculatum,Lomatium,utriculatum,,,,native,S5,,48.867198999999999,-123.337282999999999,,NA,NA,"5656122",obs_native,file:///D:/Simon/Sync/Root/GIS/Biodiversity%20Data/obs_native.csv?type=csv&maxFields=10000&detectTypes=yes&xField=longitude&yField=latitude&crs=EPSG:4326&spatialIndex=no&subsetIndex=no&watchFile=no
"5215",Lomatium utriculatum,Lomatium,utriculatum,,,,native,S5,,48.868187100000000,-123.377784500000004,,NA,NA,"5935259",obs_native,file:///D:/Simon/Sync/Root/GIS/Biodiversity%20Data/obs_native.csv?type=csv&maxFields=10000&detectTypes=yes&xField=longitude&yField=latitude&crs=EPSG:4326&spatialIndex=no&subsetIndex=no&watchFile=no
"5216",Lomatium utriculatum,Lomatium,utriculatum,,,,native,S5,,48.867255520000001,-123.338356000000005,,NA,NA,"6217515",obs_native,file:///D:/Simon/Sync/Root/GIS/Biodiversity%20Data/obs_native.csv?type=csv&maxFields=10000&detectTypes=yes&xField=longitude&yField=latitude&crs=EPSG:4326&spatialIndex=no&subsetIndex=no&watchFile=no
"5217",Lomatium utriculatum,Lomatium,utriculatum,,,,native,S5,,48.932381960000001,-123.484568600000003,,NA,NA,"6218093",obs_native,file:///D:/Simon/Sync/Root/GIS/Biodiversity%20Data/obs_native.csv?type=csv&maxFields=10000&detectTypes=yes&xField=longitude&yField=latitude&crs=EPSG:4326&spatialIndex=no&subsetIndex=no&watchFile=no
"5218",Lomatium utriculatum,Lomatium,utriculatum,,,,native,S5,,48.932424249999997,-123.484654399999997,,NA,NA,"6409670",obs_native,file:///D:/Simon/Sync/Root/GIS/Biodiversity%20Data/obs_native.csv?type=csv&maxFields=10000&detectTypes=yes&xField=longitude&yField=latitude&crs=EPSG:4326&spatialIndex=no&subsetIndex=no&watchFile=no
"5219",Lomatium utriculatum,Lomatium,utriculatum,,,,native,S5,,48.867838890000002,-123.340163899999993,,NA,NA,"10557025",obs_native,file:///D:/Simon/Sync/Root/GIS/Biodiversity%20Data/obs_native.csv?type=csv&maxFields=10000&detectTypes=yes&xField=longitude&yField=latitude&crs=EPSG:4326&spatialIndex=no&subsetIndex=no&watchFile=no
"5220",Lomatium utriculatum,Lomatium,utriculatum,,,,native,S5,,48.867558330000001,-123.338700000000003,,NA,NA,"10663836",obs_native,file:///D:/Simon/Sync/Root/GIS/Biodiversity%20Data/obs_native.csv?type=csv&maxFields=10000&detectTypes=yes&xField=longitude&yField=latitude&crs=EPSG:4326&spatialIndex=no&subsetIndex=no&watchFile=no
"5221",Lomatium utriculatum,Lomatium,utriculatum,,,,native,S5,,48.866304999999997,-123.334698000000003,,NA,NA,"11252364",obs_native,file:///D:/Simon/Sync/Root/GIS/Biodiversity%20Data/obs_native.csv?type=csv&maxFields=10000&detectTypes=yes&xField=longitude&yField=latitude&crs=EPSG:4326&spatialIndex=no&subsetIndex=no&watchFile=no
"5222",Lomatium utriculatum,Lomatium,utriculatum,,,,native,S5,,48.862421670000003,-123.372969999999995,,NA,NA,"11579024",obs_native,file:///D:/Simon/Sync/Root/GIS/Biodiversity%20Data/obs_native.csv?type=csv&maxFields=10000&detectTypes=yes&xField=longitude&yField=latitude&crs=EPSG:4326&spatialIndex=no&subsetIndex=no&watchFile=no
"5223",Lomatium utriculatum,Lomatium,utriculatum,,,,native,S5,,48.868703330000002,-123.378371700000002,,NA,NA,"11580963",obs_native,file:///D:/Simon/Sync/Root/GIS/Biodiversity%20Data/obs_native.csv?type=csv&maxFields=10000&detectTypes=yes&xField=longitude&yField=latitude&crs=EPSG:4326&spatialIndex=no&subsetIndex=no&watchFile=no
"5224",Lomatium utriculatum,Lomatium,utriculatum,,,,native,S5,,48.867303000000000,-123.338763999999998,,NA,NA,"21930252",obs_native,file:///D:/Simon/Sync/Root/GIS/Biodiversity%20Data/obs_native.csv?type=csv&maxFields=10000&detectTypes=yes&xField=longitude&yField=latitude&crs=EPSG:4326&spatialIndex=no&subsetIndex=no&watchFile=no
"5225",Lomatium utriculatum,Lomatium,utriculatum,,,,native,S5,,48.868491669999997,-123.341286699999998,,NA,NA,"22182145",obs_native,file:///D:/Simon/Sync/Root/GIS/Biodiversity%20Data/obs_native.csv?type=csv&maxFields=10000&detectTypes=yes&xField=longitude&yField=latitude&crs=EPSG:4326&spatialIndex=no&subsetIndex=no&watchFile=no
"5226",Lomatium utriculatum,Lomatium,utriculatum,,,,native,S5,,48.859524999999998,-123.354201700000004,,NA,NA,"24063492",obs_native,file:///D:/Simon/Sync/Root/GIS/Biodiversity%20Data/obs_native.csv?type=csv&maxFields=10000&detectTypes=yes&xField=longitude&yField=latitude&crs=EPSG:4326&spatialIndex=no&subsetIndex=no&watchFile=no
"5227",Lomatium utriculatum,Lomatium,utriculatum,,,,native,S5,,48.866145150000001,-123.375175299999995,,NA,NA,"24650576",obs_native,file:///D:/Simon/Sync/Root/GIS/Biodiversity%20Data/obs_native.csv?type=csv&maxFields=10000&detectTypes=yes&xField=longitude&yField=latitude&crs=EPSG:4326&spatialIndex=no&subsetIndex=no&watchFile=no
"5228",Lomatium utriculatum,Lomatium,utriculatum,,,,native,S5,,48.869444440000002,-123.378808300000003,,NA,NA,"24687990",obs_native,file:///D:/Simon/Sync/Root/GIS/Biodiversity%20Data/obs_native.csv?type=csv&maxFields=10000&detectTypes=yes&xField=longitude&yField=latitude&crs=EPSG:4326&spatialIndex=no&subsetIndex=no&watchFile=no
"5229",Lomatium utriculatum,Lomatium,utriculatum,,,,native,S5,,48.868238050000002,-123.375561800000000,,NA,NA,"25148227",obs_native,file:///D:/Simon/Sync/Root/GIS/Biodiversity%20Data/obs_native.csv?type=csv&maxFields=10000&detectTypes=yes&xField=longitude&yField=latitude&crs=EPSG:4326&spatialIndex=no&subsetIndex=no&watchFile=no
"5230",Lomatium utriculatum,Lomatium,utriculatum,,,,native,S5,,48.867098990000002,-123.375736799999999,,NA,NA,"25479059",obs_native,file:///D:/Simon/Sync/Root/GIS/Biodiversity%20Data/obs_native.csv?type=csv&maxFields=10000&detectTypes=yes&xField=longitude&yField=latitude&crs=EPSG:4326&spatialIndex=no&subsetIndex=no&watchFile=no
"5231",Lomatium utriculatum,Lomatium,utriculatum,,,,native,S5,,48.864065529999998,-123.330426099999997,,NA,NA,"25483135",obs_native,file:///D:/Simon/Sync/Root/GIS/Biodiversity%20Data/obs_native.csv?type=csv&maxFields=10000&detectTypes=yes&xField=longitude&yField=latitude&crs=EPSG:4326&spatialIndex=no&subsetIndex=no&watchFile=no
"5232",Lomatium utriculatum,Lomatium,utriculatum,,,,native,S5,,48.867355560000000,-123.375947199999999,,NA,NA,"25561080",obs_native,file:///D:/Simon/Sync/Root/GIS/Biodiversity%20Data/obs_native.csv?type=csv&maxFields=10000&detectTypes=yes&xField=longitude&yField=latitude&crs=EPSG:4326&spatialIndex=no&subsetIndex=no&watchFile=no
"5233",Lomatium utriculatum,Lomatium,utriculatum,,,,native,S5,,48.867669999999997,-123.339354999999998,,NA,NA,"41404394",obs_native,file:///D:/Simon/Sync/Root/GIS/Biodiversity%20Data/obs_native.csv?type=csv&maxFields=10000&detectTypes=yes&xField=longitude&yField=latitude&crs=EPSG:4326&spatialIndex=no&subsetIndex=no&watchFile=no
"5234",Lomatium utriculatum,Lomatium,utriculatum,,,,native,S5,,48.864891669999999,-123.367131700000002,,NA,NA,"41788617",obs_native,file:///D:/Simon/Sync/Root/GIS/Biodiversity%20Data/obs_native.csv?type=csv&maxFields=10000&detectTypes=yes&xField=longitude&yField=latitude&crs=EPSG:4326&spatialIndex=no&subsetIndex=no&watchFile=no
"5235",Lomatium utriculatum,Lomatium,utriculatum,,,,native,S5,,48.866992000000003,-123.337042999999994,,NA,NA,"41848987",obs_native,file:///D:/Simon/Sync/Root/GIS/Biodiversity%20Data/obs_native.csv?type=csv&maxFields=10000&detectTypes=yes&xField=longitude&yField=latitude&crs=EPSG:4326&spatialIndex=no&subsetIndex=no&watchFile=no
"5236",Lomatium utriculatum,Lomatium,utriculatum,,,,native,S5,,48.867403330000002,-123.376238299999997,,NA,NA,"42365205",obs_native,file:///D:/Simon/Sync/Root/GIS/Biodiversity%20Data/obs_native.csv?type=csv&maxFields=10000&detectTypes=yes&xField=longitude&yField=latitude&crs=EPSG:4326&spatialIndex=no&subsetIndex=no&watchFile=no
"5237",Lomatium utriculatum,Lomatium,utriculatum,,,,native,S5,,48.866297220000000,-123.369230599999995,,NA,NA,"42637678",obs_native,file:///D:/Simon/Sync/Root/GIS/Biodiversity%20Data/obs_native.csv?type=csv&maxFields=10000&detectTypes=yes&xField=longitude&yField=latitude&crs=EPSG:4326&spatialIndex=no&subsetIndex=no&watchFile=no
"5238",Lomatium utriculatum,Lomatium,utriculatum,,,,native,S5,,48.868451669999999,-123.341051699999994,,NA,NA,"43252941",obs_native,file:///D:/Simon/Sync/Root/GIS/Biodiversity%20Data/obs_native.csv?type=csv&maxFields=10000&detectTypes=yes&xField=longitude&yField=latitude&crs=EPSG:4326&spatialIndex=no&subsetIndex=no&watchFile=no
"5239",Lomatium utriculatum,Lomatium,utriculatum,,,,native,S5,,48.868450000000003,-123.341058300000000,,NA,NA,"43252950",obs_native,file:///D:/Simon/Sync/Root/GIS/Biodiversity%20Data/obs_native.csv?type=csv&maxFields=10000&detectTypes=yes&xField=longitude&yField=latitude&crs=EPSG:4326&spatialIndex=no&subsetIndex=no&watchFile=no
"5240",Lomatium utriculatum,Lomatium,utriculatum,,,,native,S5,,48.926761669999998,-123.467613299999996,,NA,NA,"45038041",obs_native,file:///D:/Simon/Sync/Root/GIS/Biodiversity%20Data/obs_native.csv?type=csv&maxFields=10000&detectTypes=yes&xField=longitude&yField=latitude&crs=EPSG:4326&spatialIndex=no&subsetIndex=no&watchFile=no
"5241",Lomatium utriculatum,Lomatium,utriculatum,,,,native,S5,,48.867016669999998,-123.336929999999995,,NA,NA,"70291037",obs_native,file:///D:/Simon/Sync/Root/GIS/Biodiversity%20Data/obs_native.csv?type=csv&maxFields=10000&detectTypes=yes&xField=longitude&yField=latitude&crs=EPSG:4326&spatialIndex=no&subsetIndex=no&watchFile=no
"5242",Lomatium utriculatum,Lomatium,utriculatum,,,,native,S5,,48.861603330000001,-123.365830000000003,,NA,NA,"73800768",obs_native,file:///D:/Simon/Sync/Root/GIS/Biodiversity%20Data/obs_native.csv?type=csv&maxFields=10000&detectTypes=yes&xField=longitude&yField=latitude&crs=EPSG:4326&spatialIndex=no&subsetIndex=no&watchFile=no
"5243",Lomatium utriculatum,Lomatium,utriculatum,,,,native,S5,,48.865246669999998,-123.366365000000002,,NA,NA,"74104793",obs_native,file:///D:/Simon/Sync/Root/GIS/Biodiversity%20Data/obs_native.csv?type=csv&maxFields=10000&detectTypes=yes&xField=longitude&yField=latitude&crs=EPSG:4326&spatialIndex=no&subsetIndex=no&watchFile=no
"5244",Lomatium utriculatum,Lomatium,utriculatum,,,,native,S5,,48.869246670000003,-123.380181699999994,,NA,NA,"81147028",obs_native,file:///D:/Simon/Sync/Root/GIS/Biodiversity%20Data/obs_native.csv?type=csv&maxFields=10000&detectTypes=yes&xField=longitude&yField=latitude&crs=EPSG:4326&spatialIndex=no&subsetIndex=no&watchFile=no
"5245",Lomatium utriculatum,Lomatium,utriculatum,,,,native,S5,,48.870530000000002,-123.381598299999993,,NA,NA,"81147038",obs_native,file:///D:/Simon/Sync/Root/GIS/Biodiversity%20Data/obs_native.csv?type=csv&maxFields=10000&detectTypes=yes&xField=longitude&yField=latitude&crs=EPSG:4326&spatialIndex=no&subsetIndex=no&watchFile=no
"5246",Lomatium utriculatum,Lomatium,utriculatum,,,,native,S5,,48.869081670000000,-123.379083300000005,,NA,NA,"81147063",obs_native,file:///D:/Simon/Sync/Root/GIS/Biodiversity%20Data/obs_native.csv?type=csv&maxFields=10000&detectTypes=yes&xField=longitude&yField=latitude&crs=EPSG:4326&spatialIndex=no&subsetIndex=no&watchFile=no
"5247",Lomatium utriculatum,Lomatium,utriculatum,,,,native,S5,,48.924945000000001,-123.462446700000001,,NA,NA,"107400110",obs_native,file:///D:/Simon/Sync/Root/GIS/Biodiversity%20Data/obs_native.csv?type=csv&maxFields=10000&detectTypes=yes&xField=longitude&yField=latitude&crs=EPSG:4326&spatialIndex=no&subsetIndex=no&watchFile=no
"5248",Lomatium utriculatum,Lomatium,utriculatum,,,,native,S5,,48.866321669999998,-123.334419999999994,,NA,NA,"109597268",obs_native,file:///D:/Simon/Sync/Root/GIS/Biodiversity%20Data/obs_native.csv?type=csv&maxFields=10000&detectTypes=yes&xField=longitude&yField=latitude&crs=EPSG:4326&spatialIndex=no&subsetIndex=no&watchFile=no
"5249",Lomatium utriculatum,Lomatium,utriculatum,,,,native,S5,,48.863838330000000,-123.330344999999994,,NA,NA,"109624784",obs_native,file:///D:/Simon/Sync/Root/GIS/Biodiversity%20Data/obs_native.csv?type=csv&maxFields=10000&detectTypes=yes&xField=longitude&yField=latitude&crs=EPSG:4326&spatialIndex=no&subsetIndex=no&watchFile=no
"5250",Lomatium utriculatum,Lomatium,utriculatum,,,,native,S5,,48.867808330000003,-123.340263300000004,,NA,NA,"109984709",obs_native,file:///D:/Simon/Sync/Root/GIS/Biodiversity%20Data/obs_native.csv?type=csv&maxFields=10000&detectTypes=yes&xField=longitude&yField=latitude&crs=EPSG:4326&spatialIndex=no&subsetIndex=no&watchFile=no
"5251",Lomatium utriculatum,Lomatium,utriculatum,,,,native,S5,,48.861497219999997,-123.365819400000007,,NA,NA,"110109456",obs_native,file:///D:/Simon/Sync/Root/GIS/Biodiversity%20Data/obs_native.csv?type=csv&maxFields=10000&detectTypes=yes&xField=longitude&yField=latitude&crs=EPSG:4326&spatialIndex=no&subsetIndex=no&watchFile=no
"5252",Lomatium utriculatum,Lomatium,utriculatum,,,,native,S5,,48.867536670000000,-123.339093300000002,,NA,NA,"110820824",obs_native,file:///D:/Simon/Sync/Root/GIS/Biodiversity%20Data/obs_native.csv?type=csv&maxFields=10000&detectTypes=yes&xField=longitude&yField=latitude&crs=EPSG:4326&spatialIndex=no&subsetIndex=no&watchFile=no
"5253",Lomatium utriculatum,Lomatium,utriculatum,,,,native,S5,,48.867287210000001,-123.337636700000004,,NA,NA,"111468609",obs_native,file:///D:/Simon/Sync/Root/GIS/Biodiversity%20Data/obs_native.csv?type=csv&maxFields=10000&detectTypes=yes&xField=longitude&yField=latitude&crs=EPSG:4326&spatialIndex=no&subsetIndex=no&watchFile=no
"5254",Lomatium utriculatum,Lomatium,utriculatum,,,,native,S5,,48.865620000000000,-123.367833300000001,,NA,NA,"111609943",obs_native,file:///D:/Simon/Sync/Root/GIS/Biodiversity%20Data/obs_native.csv?type=csv&maxFields=10000&detectTypes=yes&xField=longitude&yField=latitude&crs=EPSG:4326&spatialIndex=no&subsetIndex=no&watchFile=no
"5255",Lomatium utriculatum,Lomatium,utriculatum,,,,native,S5,,48.861150230000000,-123.364262800000006,,NA,NA,"111867196",obs_native,file:///D:/Simon/Sync/Root/GIS/Biodiversity%20Data/obs_native.csv?type=csv&maxFields=10000&detectTypes=yes&xField=longitude&yField=latitude&crs=EPSG:4326&spatialIndex=no&subsetIndex=no&watchFile=no
"5256",Lomatium utriculatum,Lomatium,utriculatum,,,,native,S5,,48.861250609999999,-123.364863700000001,,NA,NA,"111867205",obs_native,file:///D:/Simon/Sync/Root/GIS/Biodiversity%20Data/obs_native.csv?type=csv&maxFields=10000&detectTypes=yes&xField=longitude&yField=latitude&crs=EPSG:4326&spatialIndex=no&subsetIndex=no&watchFile=no
"5257",Lomatium utriculatum,Lomatium,utriculatum,,,,native,S5,,48.861413730000002,-123.365625399999999,,NA,NA,"111867216",obs_native,file:///D:/Simon/Sync/Root/GIS/Biodiversity%20Data/obs_native.csv?type=csv&maxFields=10000&detectTypes=yes&xField=longitude&yField=latitude&crs=EPSG:4326&spatialIndex=no&subsetIndex=no&watchFile=no
"5258",Lomatium utriculatum,Lomatium,utriculatum,,,,native,S5,,48.867958000000002,-123.340776000000005,,NA,NA,"112694127",obs_native,file:///D:/Simon/Sync/Root/GIS/Biodiversity%20Data/obs_native.csv?type=csv&maxFields=10000&detectTypes=yes&xField=longitude&yField=latitude&crs=EPSG:4326&spatialIndex=no&subsetIndex=no&watchFile=no
"5259",Lomatium utriculatum,Lomatium,utriculatum,,,,native,S5,,48.864109999999997,-123.361806400000006,,NA,NA,"113172616",obs_native,file:///D:/Simon/Sync/Root/GIS/Biodiversity%20Data/obs_native.csv?type=csv&maxFields=10000&detectTypes=yes&xField=longitude&yField=latitude&crs=EPSG:4326&spatialIndex=no&subsetIndex=no&watchFile=no
"5260",Lomatium utriculatum,Lomatium,utriculatum,,,,native,S5,,48.873706669999997,-123.383544999999998,,NA,NA,"114122219",obs_native,file:///D:/Simon/Sync/Root/GIS/Biodiversity%20Data/obs_native.csv?type=csv&maxFields=10000&detectTypes=yes&xField=longitude&yField=latitude&crs=EPSG:4326&spatialIndex=no&subsetIndex=no&watchFile=no
"5261",Lomatium utriculatum,Lomatium,utriculatum,,,,native,S5,,48.866366669999998,-123.334244999999996,,NA,NA,"114482462",obs_native,file:///D:/Simon/Sync/Root/GIS/Biodiversity%20Data/obs_native.csv?type=csv&maxFields=10000&detectTypes=yes&xField=longitude&yField=latitude&crs=EPSG:4326&spatialIndex=no&subsetIndex=no&watchFile=no
"5262",Lomatium utriculatum,Lomatium,utriculatum,,,,native,S5,,48.868586110000003,-123.341469399999994,,NA,NA,"114557914",obs_native,file:///D:/Simon/Sync/Root/GIS/Biodiversity%20Data/obs_native.csv?type=csv&maxFields=10000&detectTypes=yes&xField=longitude&yField=latitude&crs=EPSG:4326&spatialIndex=no&subsetIndex=no&watchFile=no
"5263",Lomatium utriculatum,Lomatium,utriculatum,,,,native,S5,,48.870291670000000,-123.379945000000006,,NA,NA,"116636180",obs_native,file:///D:/Simon/Sync/Root/GIS/Biodiversity%20Data/obs_native.csv?type=csv&maxFields=10000&detectTypes=yes&xField=longitude&yField=latitude&crs=EPSG:4326&spatialIndex=no&subsetIndex=no&watchFile=no
"5264",Lomatium utriculatum,Lomatium,utriculatum,,,,native,S5,,48.867669999999997,-123.339461700000001,,NA,NA,"117943837",obs_native,file:///D:/Simon/Sync/Root/GIS/Biodiversity%20Data/obs_native.csv?type=csv&maxFields=10000&detectTypes=yes&xField=longitude&yField=latitude&crs=EPSG:4326&spatialIndex=no&subsetIndex=no&watchFile=no
"5265",Lomatium utriculatum,Lomatium,utriculatum,,,,native,S5,,48.863778830000001,-123.364337399999997,,NA,NA,"118839769",obs_native,file:///D:/Simon/Sync/Root/GIS/Biodiversity%20Data/obs_native.csv?type=csv&maxFields=10000&detectTypes=yes&xField=longitude&yField=latitude&crs=EPSG:4326&spatialIndex=no&subsetIndex=no&watchFile=no
"5266",Lonicera ciliosa,Lonicera,ciliosa,,,,native,S5,,48.889778000000000,-123.347368000000003,,NA,NA,"2561556",obs_native,file:///D:/Simon/Sync/Root/GIS/Biodiversity%20Data/obs_native.csv?type=csv&maxFields=10000&detectTypes=yes&xField=longitude&yField=latitude&crs=EPSG:4326&spatialIndex=no&subsetIndex=no&watchFile=no
"5267",Lonicera ciliosa,Lonicera,ciliosa,,,,native,S5,,49.006593000000002,-123.580174000000000,,NA,NA,"2679559",obs_native,file:///D:/Simon/Sync/Root/GIS/Biodiversity%20Data/obs_native.csv?type=csv&maxFields=10000&detectTypes=yes&xField=longitude&yField=latitude&crs=EPSG:4326&spatialIndex=no&subsetIndex=no&watchFile=no
"5268",Lonicera ciliosa,Lonicera,ciliosa,,,,native,S5,,48.866764000000003,-123.336060000000003,,NA,NA,"3027613",obs_native,file:///D:/Simon/Sync/Root/GIS/Biodiversity%20Data/obs_native.csv?type=csv&maxFields=10000&detectTypes=yes&xField=longitude&yField=latitude&crs=EPSG:4326&spatialIndex=no&subsetIndex=no&watchFile=no
"5269",Lonicera ciliosa,Lonicera,ciliosa,,,,native,S5,,48.867718000000004,-123.340086999999997,,NA,NA,"3041206",obs_native,file:///D:/Simon/Sync/Root/GIS/Biodiversity%20Data/obs_native.csv?type=csv&maxFields=10000&detectTypes=yes&xField=longitude&yField=latitude&crs=EPSG:4326&spatialIndex=no&subsetIndex=no&watchFile=no
"5270",Lonicera ciliosa,Lonicera,ciliosa,,,,native,S5,,48.919024999999998,-123.430623999999995,,NA,NA,"3114520",obs_native,file:///D:/Simon/Sync/Root/GIS/Biodiversity%20Data/obs_native.csv?type=csv&maxFields=10000&detectTypes=yes&xField=longitude&yField=latitude&crs=EPSG:4326&spatialIndex=no&subsetIndex=no&watchFile=no
"5271",Lonicera ciliosa,Lonicera,ciliosa,,,,native,S5,,48.981011000000002,-123.557911000000004,,NA,NA,"3295939",obs_native,file:///D:/Simon/Sync/Root/GIS/Biodiversity%20Data/obs_native.csv?type=csv&maxFields=10000&detectTypes=yes&xField=longitude&yField=latitude&crs=EPSG:4326&spatialIndex=no&subsetIndex=no&watchFile=no
"5272",Lonicera ciliosa,Lonicera,ciliosa,,,,native,S5,,48.896949999999997,-123.406677000000002,,NA,NA,"3310904",obs_native,file:///D:/Simon/Sync/Root/GIS/Biodiversity%20Data/obs_native.csv?type=csv&maxFields=10000&detectTypes=yes&xField=longitude&yField=latitude&crs=EPSG:4326&spatialIndex=no&subsetIndex=no&watchFile=no
"5273",Lonicera ciliosa,Lonicera,ciliosa,,,,native,S5,,48.932492000000003,-123.483323999999996,,NA,NA,"3319505",obs_native,file:///D:/Simon/Sync/Root/GIS/Biodiversity%20Data/obs_native.csv?type=csv&maxFields=10000&detectTypes=yes&xField=longitude&yField=latitude&crs=EPSG:4326&spatialIndex=no&subsetIndex=no&watchFile=no
"5274",Lonicera ciliosa,Lonicera,ciliosa,,,,native,S5,,48.906225919999997,-123.360671999999994,,NA,NA,"5885588",obs_native,file:///D:/Simon/Sync/Root/GIS/Biodiversity%20Data/obs_native.csv?type=csv&maxFields=10000&detectTypes=yes&xField=longitude&yField=latitude&crs=EPSG:4326&spatialIndex=no&subsetIndex=no&watchFile=no
"5275",Lonicera ciliosa,Lonicera,ciliosa,,,,native,S5,,48.906832379999997,-123.356745200000006,,NA,NA,"5886424",obs_native,file:///D:/Simon/Sync/Root/GIS/Biodiversity%20Data/obs_native.csv?type=csv&maxFields=10000&detectTypes=yes&xField=longitude&yField=latitude&crs=EPSG:4326&spatialIndex=no&subsetIndex=no&watchFile=no
"5276",Lonicera ciliosa,Lonicera,ciliosa,,,,native,S5,,48.890067000000002,-123.347410999999994,,NA,NA,"6190685",obs_native,file:///D:/Simon/Sync/Root/GIS/Biodiversity%20Data/obs_native.csv?type=csv&maxFields=10000&detectTypes=yes&xField=longitude&yField=latitude&crs=EPSG:4326&spatialIndex=no&subsetIndex=no&watchFile=no
"5277",Lonicera ciliosa,Lonicera,ciliosa,,,,native,S5,,48.897734589999999,-123.406956199999996,,NA,NA,"6434871",obs_native,file:///D:/Simon/Sync/Root/GIS/Biodiversity%20Data/obs_native.csv?type=csv&maxFields=10000&detectTypes=yes&xField=longitude&yField=latitude&crs=EPSG:4326&spatialIndex=no&subsetIndex=no&watchFile=no
"5278",Lonicera ciliosa,Lonicera,ciliosa,,,,native,S5,,48.924227289999997,-123.414482500000005,,NA,NA,"6486183",obs_native,file:///D:/Simon/Sync/Root/GIS/Biodiversity%20Data/obs_native.csv?type=csv&maxFields=10000&detectTypes=yes&xField=longitude&yField=latitude&crs=EPSG:4326&spatialIndex=no&subsetIndex=no&watchFile=no
"5279",Lonicera ciliosa,Lonicera,ciliosa,,,,native,S5,,48.915520999999998,-123.391840000000002,,NA,NA,"12315270",obs_native,file:///D:/Simon/Sync/Root/GIS/Biodiversity%20Data/obs_native.csv?type=csv&maxFields=10000&detectTypes=yes&xField=longitude&yField=latitude&crs=EPSG:4326&spatialIndex=no&subsetIndex=no&watchFile=no
"5280",Lonicera ciliosa,Lonicera,ciliosa,,,,native,S5,,48.899563000000001,-123.407735000000002,,NA,NA,"12345342",obs_native,file:///D:/Simon/Sync/Root/GIS/Biodiversity%20Data/obs_native.csv?type=csv&maxFields=10000&detectTypes=yes&xField=longitude&yField=latitude&crs=EPSG:4326&spatialIndex=no&subsetIndex=no&watchFile=no
"5281",Lonicera ciliosa,Lonicera,ciliosa,,,,native,S5,,48.877445999999999,-123.337104999999994,,NA,NA,"12774183",obs_native,file:///D:/Simon/Sync/Root/GIS/Biodiversity%20Data/obs_native.csv?type=csv&maxFields=10000&detectTypes=yes&xField=longitude&yField=latitude&crs=EPSG:4326&spatialIndex=no&subsetIndex=no&watchFile=no
"5282",Lonicera ciliosa,Lonicera,ciliosa,,,,native,S5,,48.867058000000000,-123.334428000000003,,NA,NA,"12817039",obs_native,file:///D:/Simon/Sync/Root/GIS/Biodiversity%20Data/obs_native.csv?type=csv&maxFields=10000&detectTypes=yes&xField=longitude&yField=latitude&crs=EPSG:4326&spatialIndex=no&subsetIndex=no&watchFile=no
"5283",Lonicera ciliosa,Lonicera,ciliosa,,,,native,S5,,48.914786800000002,-123.389681600000003,,NA,NA,"13102203",obs_native,file:///D:/Simon/Sync/Root/GIS/Biodiversity%20Data/obs_native.csv?type=csv&maxFields=10000&detectTypes=yes&xField=longitude&yField=latitude&crs=EPSG:4326&spatialIndex=no&subsetIndex=no&watchFile=no
"5284",Lonicera ciliosa,Lonicera,ciliosa,,,,native,S5,,48.982532030000002,-123.555659000000006,,NA,NA,"13198289",obs_native,file:///D:/Simon/Sync/Root/GIS/Biodiversity%20Data/obs_native.csv?type=csv&maxFields=10000&detectTypes=yes&xField=longitude&yField=latitude&crs=EPSG:4326&spatialIndex=no&subsetIndex=no&watchFile=no
"5285",Lonicera ciliosa,Lonicera,ciliosa,,,,native,S5,,48.984533610000000,-123.558487299999996,,NA,NA,"13320288",obs_native,file:///D:/Simon/Sync/Root/GIS/Biodiversity%20Data/obs_native.csv?type=csv&maxFields=10000&detectTypes=yes&xField=longitude&yField=latitude&crs=EPSG:4326&spatialIndex=no&subsetIndex=no&watchFile=no
"5286",Lonicera ciliosa,Lonicera,ciliosa,,,,native,S5,,48.897048329999997,-123.409601699999996,,NA,NA,"13974234",obs_native,file:///D:/Simon/Sync/Root/GIS/Biodiversity%20Data/obs_native.csv?type=csv&maxFields=10000&detectTypes=yes&xField=longitude&yField=latitude&crs=EPSG:4326&spatialIndex=no&subsetIndex=no&watchFile=no
"5287",Lonicera ciliosa,Lonicera,ciliosa,,,,native,S5,,48.926978329999997,-123.454954999999998,,NA,NA,"17574519",obs_native,file:///D:/Simon/Sync/Root/GIS/Biodiversity%20Data/obs_native.csv?type=csv&maxFields=10000&detectTypes=yes&xField=longitude&yField=latitude&crs=EPSG:4326&spatialIndex=no&subsetIndex=no&watchFile=no
"5288",Lonicera ciliosa,Lonicera,ciliosa,,,,native,S5,,48.867122010000003,-123.362778000000006,,NA,NA,"19886375",obs_native,file:///D:/Simon/Sync/Root/GIS/Biodiversity%20Data/obs_native.csv?type=csv&maxFields=10000&detectTypes=yes&xField=longitude&yField=latitude&crs=EPSG:4326&spatialIndex=no&subsetIndex=no&watchFile=no
"5289",Lonicera ciliosa,Lonicera,ciliosa,,,,native,S5,,48.924231319999997,-123.434090600000005,,NA,NA,"21275371",obs_native,file:///D:/Simon/Sync/Root/GIS/Biodiversity%20Data/obs_native.csv?type=csv&maxFields=10000&detectTypes=yes&xField=longitude&yField=latitude&crs=EPSG:4326&spatialIndex=no&subsetIndex=no&watchFile=no
"5290",Lonicera ciliosa,Lonicera,ciliosa,,,,native,S5,,48.928502909999999,-123.471774400000001,,NA,NA,"21860318",obs_native,file:///D:/Simon/Sync/Root/GIS/Biodiversity%20Data/obs_native.csv?type=csv&maxFields=10000&detectTypes=yes&xField=longitude&yField=latitude&crs=EPSG:4326&spatialIndex=no&subsetIndex=no&watchFile=no
"5291",Lonicera ciliosa,Lonicera,ciliosa,,,,native,S5,,48.899552780000000,-123.407311100000001,,NA,NA,"24672764",obs_native,file:///D:/Simon/Sync/Root/GIS/Biodiversity%20Data/obs_native.csv?type=csv&maxFields=10000&detectTypes=yes&xField=longitude&yField=latitude&crs=EPSG:4326&spatialIndex=no&subsetIndex=no&watchFile=no
"5292",Lonicera ciliosa,Lonicera,ciliosa,,,,native,S5,,48.899434690000000,-123.407562999999996,,NA,NA,"24711731",obs_native,file:///D:/Simon/Sync/Root/GIS/Biodiversity%20Data/obs_native.csv?type=csv&maxFields=10000&detectTypes=yes&xField=longitude&yField=latitude&crs=EPSG:4326&spatialIndex=no&subsetIndex=no&watchFile=no
"5293",Lonicera ciliosa,Lonicera,ciliosa,,,,native,S5,,49.013491549999998,-123.573181300000002,,NA,NA,"24748319",obs_native,file:///D:/Simon/Sync/Root/GIS/Biodiversity%20Data/obs_native.csv?type=csv&maxFields=10000&detectTypes=yes&xField=longitude&yField=latitude&crs=EPSG:4326&spatialIndex=no&subsetIndex=no&watchFile=no
"5294",Lonicera ciliosa,Lonicera,ciliosa,,,,native,S5,,48.926990510000003,-123.455192600000004,,NA,NA,"26097254",obs_native,file:///D:/Simon/Sync/Root/GIS/Biodiversity%20Data/obs_native.csv?type=csv&maxFields=10000&detectTypes=yes&xField=longitude&yField=latitude&crs=EPSG:4326&spatialIndex=no&subsetIndex=no&watchFile=no
"5295",Lonicera ciliosa,Lonicera,ciliosa,,,,native,S5,,48.910888900000003,-123.397909400000003,,NA,NA,"47172197",obs_native,file:///D:/Simon/Sync/Root/GIS/Biodiversity%20Data/obs_native.csv?type=csv&maxFields=10000&detectTypes=yes&xField=longitude&yField=latitude&crs=EPSG:4326&spatialIndex=no&subsetIndex=no&watchFile=no
"5296",Lonicera ciliosa,Lonicera,ciliosa,,,,native,S5,,48.917232200000001,-123.401619800000006,,NA,NA,"47182373",obs_native,file:///D:/Simon/Sync/Root/GIS/Biodiversity%20Data/obs_native.csv?type=csv&maxFields=10000&detectTypes=yes&xField=longitude&yField=latitude&crs=EPSG:4326&spatialIndex=no&subsetIndex=no&watchFile=no
"5297",Lonicera ciliosa,Lonicera,ciliosa,,,,native,S5,,48.918213260000002,-123.404657099999994,,NA,NA,"47219821",obs_native,file:///D:/Simon/Sync/Root/GIS/Biodiversity%20Data/obs_native.csv?type=csv&maxFields=10000&detectTypes=yes&xField=longitude&yField=latitude&crs=EPSG:4326&spatialIndex=no&subsetIndex=no&watchFile=no
"5298",Lonicera ciliosa,Lonicera,ciliosa,,,,native,S5,,48.878038889999999,-123.323263900000001,,NA,NA,"48489339",obs_native,file:///D:/Simon/Sync/Root/GIS/Biodiversity%20Data/obs_native.csv?type=csv&maxFields=10000&detectTypes=yes&xField=longitude&yField=latitude&crs=EPSG:4326&spatialIndex=no&subsetIndex=no&watchFile=no
"5299",Lonicera ciliosa,Lonicera,ciliosa,,,,native,S5,,49.012091970000000,-123.574634900000007,,NA,NA,"83603275",obs_native,file:///D:/Simon/Sync/Root/GIS/Biodiversity%20Data/obs_native.csv?type=csv&maxFields=10000&detectTypes=yes&xField=longitude&yField=latitude&crs=EPSG:4326&spatialIndex=no&subsetIndex=no&watchFile=no
"5300",Lonicera ciliosa,Lonicera,ciliosa,,,,native,S5,,48.974454999999999,-123.563836699999996,,NA,NA,"84386496",obs_native,file:///D:/Simon/Sync/Root/GIS/Biodiversity%20Data/obs_native.csv?type=csv&maxFields=10000&detectTypes=yes&xField=longitude&yField=latitude&crs=EPSG:4326&spatialIndex=no&subsetIndex=no&watchFile=no
"5301",Lonicera ciliosa,Lonicera,ciliosa,,,,native,S5,,48.994594890000002,-123.554896400000004,,NA,NA,"94679805",obs_native,file:///D:/Simon/Sync/Root/GIS/Biodiversity%20Data/obs_native.csv?type=csv&maxFields=10000&detectTypes=yes&xField=longitude&yField=latitude&crs=EPSG:4326&spatialIndex=no&subsetIndex=no&watchFile=no
"5302",Lonicera ciliosa,Lonicera,ciliosa,,,,native,S5,,48.908942660000001,-123.368610500000003,,NA,NA,"120255452",obs_native,file:///D:/Simon/Sync/Root/GIS/Biodiversity%20Data/obs_native.csv?type=csv&maxFields=10000&detectTypes=yes&xField=longitude&yField=latitude&crs=EPSG:4326&spatialIndex=no&subsetIndex=no&watchFile=no
"5303",Lonicera ciliosa,Lonicera,ciliosa,,,,native,S5,,48.955466670000000,-123.497696700000006,,NA,NA,"121958754",obs_native,file:///D:/Simon/Sync/Root/GIS/Biodiversity%20Data/obs_native.csv?type=csv&maxFields=10000&detectTypes=yes&xField=longitude&yField=latitude&crs=EPSG:4326&spatialIndex=no&subsetIndex=no&watchFile=no
"5304",Lonicera ciliosa,Lonicera,ciliosa,,,,native,S5,,48.901479999999999,-123.445371699999995,,NA,NA,"122657172",obs_native,file:///D:/Simon/Sync/Root/GIS/Biodiversity%20Data/obs_native.csv?type=csv&maxFields=10000&detectTypes=yes&xField=longitude&yField=latitude&crs=EPSG:4326&spatialIndex=no&subsetIndex=no&watchFile=no
"5305",Lonicera hispidula,Lonicera,hispidula,,,,native,S5,,48.931550000000001,-123.478003000000001,,NA,NA,"2564082",obs_native,file:///D:/Simon/Sync/Root/GIS/Biodiversity%20Data/obs_native.csv?type=csv&maxFields=10000&detectTypes=yes&xField=longitude&yField=latitude&crs=EPSG:4326&spatialIndex=no&subsetIndex=no&watchFile=no
"5306",Lonicera hispidula,Lonicera,hispidula,,,,native,S5,,48.929740000000002,-123.475857000000005,,NA,NA,"2565136",obs_native,file:///D:/Simon/Sync/Root/GIS/Biodiversity%20Data/obs_native.csv?type=csv&maxFields=10000&detectTypes=yes&xField=longitude&yField=latitude&crs=EPSG:4326&spatialIndex=no&subsetIndex=no&watchFile=no
"5307",Lonicera hispidula,Lonicera,hispidula,,,,native,S5,,48.931184000000002,-123.481178000000000,,NA,NA,"2565215",obs_native,file:///D:/Simon/Sync/Root/GIS/Biodiversity%20Data/obs_native.csv?type=csv&maxFields=10000&detectTypes=yes&xField=longitude&yField=latitude&crs=EPSG:4326&spatialIndex=no&subsetIndex=no&watchFile=no
"5308",Lonicera hispidula,Lonicera,hispidula,,,,native,S5,,48.929830000000003,-123.474140000000006,,NA,NA,"2565244",obs_native,file:///D:/Simon/Sync/Root/GIS/Biodiversity%20Data/obs_native.csv?type=csv&maxFields=10000&detectTypes=yes&xField=longitude&yField=latitude&crs=EPSG:4326&spatialIndex=no&subsetIndex=no&watchFile=no
"5309",Lonicera hispidula,Lonicera,hispidula,,,,native,S5,,48.930337999999999,-123.476371999999998,,NA,NA,"2566407",obs_native,file:///D:/Simon/Sync/Root/GIS/Biodiversity%20Data/obs_native.csv?type=csv&maxFields=10000&detectTypes=yes&xField=longitude&yField=latitude&crs=EPSG:4326&spatialIndex=no&subsetIndex=no&watchFile=no
"5310",Lonicera hispidula,Lonicera,hispidula,,,,native,S5,,48.930675999999998,-123.476543000000007,,NA,NA,"2580256",obs_native,file:///D:/Simon/Sync/Root/GIS/Biodiversity%20Data/obs_native.csv?type=csv&maxFields=10000&detectTypes=yes&xField=longitude&yField=latitude&crs=EPSG:4326&spatialIndex=no&subsetIndex=no&watchFile=no
"5311",Lonicera hispidula,Lonicera,hispidula,,,,native,S5,,48.928590000000000,-123.468990000000005,,NA,NA,"2648046",obs_native,file:///D:/Simon/Sync/Root/GIS/Biodiversity%20Data/obs_native.csv?type=csv&maxFields=10000&detectTypes=yes&xField=longitude&yField=latitude&crs=EPSG:4326&spatialIndex=no&subsetIndex=no&watchFile=no
"5312",Lonicera hispidula,Lonicera,hispidula,,,,native,S5,,48.867718000000004,-123.340086999999997,,NA,NA,"3041213",obs_native,file:///D:/Simon/Sync/Root/GIS/Biodiversity%20Data/obs_native.csv?type=csv&maxFields=10000&detectTypes=yes&xField=longitude&yField=latitude&crs=EPSG:4326&spatialIndex=no&subsetIndex=no&watchFile=no
"5313",Lonicera hispidula,Lonicera,hispidula,,,,native,S5,,48.916525999999998,-123.425516999999999,,NA,NA,"3181429",obs_native,file:///D:/Simon/Sync/Root/GIS/Biodiversity%20Data/obs_native.csv?type=csv&maxFields=10000&detectTypes=yes&xField=longitude&yField=latitude&crs=EPSG:4326&spatialIndex=no&subsetIndex=no&watchFile=no
"5314",Lonicera hispidula,Lonicera,hispidula,,,,native,S5,,48.932485999999997,-123.483839000000003,,NA,NA,"3317612",obs_native,file:///D:/Simon/Sync/Root/GIS/Biodiversity%20Data/obs_native.csv?type=csv&maxFields=10000&detectTypes=yes&xField=longitude&yField=latitude&crs=EPSG:4326&spatialIndex=no&subsetIndex=no&watchFile=no
"5315",Lonicera hispidula,Lonicera,hispidula,,,,native,S5,,48.915923999999997,-123.425291999999999,,NA,NA,"3340647",obs_native,file:///D:/Simon/Sync/Root/GIS/Biodiversity%20Data/obs_native.csv?type=csv&maxFields=10000&detectTypes=yes&xField=longitude&yField=latitude&crs=EPSG:4326&spatialIndex=no&subsetIndex=no&watchFile=no
"5316",Lonicera hispidula,Lonicera,hispidula,,,,native,S5,,48.952294999999999,-123.532870000000003,,NA,NA,"3341062",obs_native,file:///D:/Simon/Sync/Root/GIS/Biodiversity%20Data/obs_native.csv?type=csv&maxFields=10000&detectTypes=yes&xField=longitude&yField=latitude&crs=EPSG:4326&spatialIndex=no&subsetIndex=no&watchFile=no
"5317",Lonicera hispidula,Lonicera,hispidula,,,,native,S5,,48.898259000000003,-123.408028999999999,,NA,NA,"3498679",obs_native,file:///D:/Simon/Sync/Root/GIS/Biodiversity%20Data/obs_native.csv?type=csv&maxFields=10000&detectTypes=yes&xField=longitude&yField=latitude&crs=EPSG:4326&spatialIndex=no&subsetIndex=no&watchFile=no
"5318",Lonicera hispidula,Lonicera,hispidula,,,,native,S5,,48.963539820000001,-123.550794100000005,,NA,NA,"3504404",obs_native,file:///D:/Simon/Sync/Root/GIS/Biodiversity%20Data/obs_native.csv?type=csv&maxFields=10000&detectTypes=yes&xField=longitude&yField=latitude&crs=EPSG:4326&spatialIndex=no&subsetIndex=no&watchFile=no
"5319",Lonicera hispidula,Lonicera,hispidula,,,,native,S5,,48.964247000000000,-123.551302000000007,,NA,NA,"3518011",obs_native,file:///D:/Simon/Sync/Root/GIS/Biodiversity%20Data/obs_native.csv?type=csv&maxFields=10000&detectTypes=yes&xField=longitude&yField=latitude&crs=EPSG:4326&spatialIndex=no&subsetIndex=no&watchFile=no
"5320",Lonicera hispidula,Lonicera,hispidula,,,,native,S5,,48.939607000000002,-123.501418000000001,,NA,NA,"3636694",obs_native,file:///D:/Simon/Sync/Root/GIS/Biodiversity%20Data/obs_native.csv?type=csv&maxFields=10000&detectTypes=yes&xField=longitude&yField=latitude&crs=EPSG:4326&spatialIndex=no&subsetIndex=no&watchFile=no
"5321",Lonicera hispidula,Lonicera,hispidula,,,,native,S5,,48.898304000000003,-123.407278000000005,,NA,NA,"3652785",obs_native,file:///D:/Simon/Sync/Root/GIS/Biodiversity%20Data/obs_native.csv?type=csv&maxFields=10000&detectTypes=yes&xField=longitude&yField=latitude&crs=EPSG:4326&spatialIndex=no&subsetIndex=no&watchFile=no
"5322",Lonicera hispidula,Lonicera,hispidula,,,,native,S5,,48.897091000000003,-123.404617000000002,,NA,NA,"3652945",obs_native,file:///D:/Simon/Sync/Root/GIS/Biodiversity%20Data/obs_native.csv?type=csv&maxFields=10000&detectTypes=yes&xField=longitude&yField=latitude&crs=EPSG:4326&spatialIndex=no&subsetIndex=no&watchFile=no
"5323",Lonicera hispidula,Lonicera,hispidula,,,,native,S5,,48.897746669999997,-123.339591700000000,,NA,NA,"3779661",obs_native,file:///D:/Simon/Sync/Root/GIS/Biodiversity%20Data/obs_native.csv?type=csv&maxFields=10000&detectTypes=yes&xField=longitude&yField=latitude&crs=EPSG:4326&spatialIndex=no&subsetIndex=no&watchFile=no
"5324",Lonicera hispidula,Lonicera,hispidula,,,,native,S5,,48.948995799999999,-123.509803199999993,,NA,NA,"4058593",obs_native,file:///D:/Simon/Sync/Root/GIS/Biodiversity%20Data/obs_native.csv?type=csv&maxFields=10000&detectTypes=yes&xField=longitude&yField=latitude&crs=EPSG:4326&spatialIndex=no&subsetIndex=no&watchFile=no
"5325",Lonicera hispidula,Lonicera,hispidula,,,,native,S5,,48.871977000000001,-123.311384000000004,,NA,NA,"5153224",obs_native,file:///D:/Simon/Sync/Root/GIS/Biodiversity%20Data/obs_native.csv?type=csv&maxFields=10000&detectTypes=yes&xField=longitude&yField=latitude&crs=EPSG:4326&spatialIndex=no&subsetIndex=no&watchFile=no
"5326",Lonicera hispidula,Lonicera,hispidula,,,,native,S5,,48.900019780000001,-123.361401599999994,,NA,NA,"5647004",obs_native,file:///D:/Simon/Sync/Root/GIS/Biodiversity%20Data/obs_native.csv?type=csv&maxFields=10000&detectTypes=yes&xField=longitude&yField=latitude&crs=EPSG:4326&spatialIndex=no&subsetIndex=no&watchFile=no
"5327",Lonicera hispidula,Lonicera,hispidula,,,,native,S5,,48.906225919999997,-123.360671999999994,,NA,NA,"5885578",obs_native,file:///D:/Simon/Sync/Root/GIS/Biodiversity%20Data/obs_native.csv?type=csv&maxFields=10000&detectTypes=yes&xField=longitude&yField=latitude&crs=EPSG:4326&spatialIndex=no&subsetIndex=no&watchFile=no
"5328",Lonicera hispidula,Lonicera,hispidula,,,,native,S5,,48.903771759999998,-123.360339400000001,,NA,NA,"5935140",obs_native,file:///D:/Simon/Sync/Root/GIS/Biodiversity%20Data/obs_native.csv?type=csv&maxFields=10000&detectTypes=yes&xField=longitude&yField=latitude&crs=EPSG:4326&spatialIndex=no&subsetIndex=no&watchFile=no
"5329",Lonicera hispidula,Lonicera,hispidula,,,,native,S5,,48.927969529999999,-123.470706899999996,,NA,NA,"6298751",obs_native,file:///D:/Simon/Sync/Root/GIS/Biodiversity%20Data/obs_native.csv?type=csv&maxFields=10000&detectTypes=yes&xField=longitude&yField=latitude&crs=EPSG:4326&spatialIndex=no&subsetIndex=no&watchFile=no
"5330",Lonicera hispidula,Lonicera,hispidula,,,,native,S5,,48.940345899999997,-123.504352600000004,,NA,NA,"6306944",obs_native,file:///D:/Simon/Sync/Root/GIS/Biodiversity%20Data/obs_native.csv?type=csv&maxFields=10000&detectTypes=yes&xField=longitude&yField=latitude&crs=EPSG:4326&spatialIndex=no&subsetIndex=no&watchFile=no
"5331",Lonicera hispidula,Lonicera,hispidula,,,,native,S5,,48.900083729999999,-123.441103299999995,,NA,NA,"6329609",obs_native,file:///D:/Simon/Sync/Root/GIS/Biodiversity%20Data/obs_native.csv?type=csv&maxFields=10000&detectTypes=yes&xField=longitude&yField=latitude&crs=EPSG:4326&spatialIndex=no&subsetIndex=no&watchFile=no
"5332",Lonicera hispidula,Lonicera,hispidula,,,,native,S5,,48.972349829999999,-123.554906799999998,,NA,NA,"6611328",obs_native,file:///D:/Simon/Sync/Root/GIS/Biodiversity%20Data/obs_native.csv?type=csv&maxFields=10000&detectTypes=yes&xField=longitude&yField=latitude&crs=EPSG:4326&spatialIndex=no&subsetIndex=no&watchFile=no
"5333",Lonicera hispidula,Lonicera,hispidula,,,,native,S5,,48.875377999999998,-123.384533000000005,,NA,NA,"6817653",obs_native,file:///D:/Simon/Sync/Root/GIS/Biodiversity%20Data/obs_native.csv?type=csv&maxFields=10000&detectTypes=yes&xField=longitude&yField=latitude&crs=EPSG:4326&spatialIndex=no&subsetIndex=no&watchFile=no
"5334",Lonicera hispidula,Lonicera,hispidula,,,,native,S5,,48.870607000000000,-123.343086000000000,,NA,NA,"12761952",obs_native,file:///D:/Simon/Sync/Root/GIS/Biodiversity%20Data/obs_native.csv?type=csv&maxFields=10000&detectTypes=yes&xField=longitude&yField=latitude&crs=EPSG:4326&spatialIndex=no&subsetIndex=no&watchFile=no
"5335",Lonicera hispidula,Lonicera,hispidula,,,,native,S5,,48.874510000000001,-123.333782999999997,,NA,NA,"12763220",obs_native,file:///D:/Simon/Sync/Root/GIS/Biodiversity%20Data/obs_native.csv?type=csv&maxFields=10000&detectTypes=yes&xField=longitude&yField=latitude&crs=EPSG:4326&spatialIndex=no&subsetIndex=no&watchFile=no
"5336",Lonicera hispidula,Lonicera,hispidula,,,,native,S5,,48.880817999999998,-123.341763999999998,,NA,NA,"12790346",obs_native,file:///D:/Simon/Sync/Root/GIS/Biodiversity%20Data/obs_native.csv?type=csv&maxFields=10000&detectTypes=yes&xField=longitude&yField=latitude&crs=EPSG:4326&spatialIndex=no&subsetIndex=no&watchFile=no
"5337",Lonicera hispidula,Lonicera,hispidula,,,,native,S5,,48.871012999999998,-123.333776999999998,,NA,NA,"12792349",obs_native,file:///D:/Simon/Sync/Root/GIS/Biodiversity%20Data/obs_native.csv?type=csv&maxFields=10000&detectTypes=yes&xField=longitude&yField=latitude&crs=EPSG:4326&spatialIndex=no&subsetIndex=no&watchFile=no
"5338",Lonicera hispidula,Lonicera,hispidula,,,,native,S5,,48.867058000000000,-123.334428000000003,,NA,NA,"12817030",obs_native,file:///D:/Simon/Sync/Root/GIS/Biodiversity%20Data/obs_native.csv?type=csv&maxFields=10000&detectTypes=yes&xField=longitude&yField=latitude&crs=EPSG:4326&spatialIndex=no&subsetIndex=no&watchFile=no
"5339",Lonicera hispidula,Lonicera,hispidula,,,,native,S5,,48.866025999999998,-123.333974999999995,,NA,NA,"12817500",obs_native,file:///D:/Simon/Sync/Root/GIS/Biodiversity%20Data/obs_native.csv?type=csv&maxFields=10000&detectTypes=yes&xField=longitude&yField=latitude&crs=EPSG:4326&spatialIndex=no&subsetIndex=no&watchFile=no
"5340",Lonicera hispidula,Lonicera,hispidula,,,,native,S5,,48.898794000000002,-123.360850999999997,,NA,NA,"13132818",obs_native,file:///D:/Simon/Sync/Root/GIS/Biodiversity%20Data/obs_native.csv?type=csv&maxFields=10000&detectTypes=yes&xField=longitude&yField=latitude&crs=EPSG:4326&spatialIndex=no&subsetIndex=no&watchFile=no
"5341",Lonicera hispidula,Lonicera,hispidula,,,,native,S5,,48.903714999999998,-123.345451699999998,,NA,NA,"13972283",obs_native,file:///D:/Simon/Sync/Root/GIS/Biodiversity%20Data/obs_native.csv?type=csv&maxFields=10000&detectTypes=yes&xField=longitude&yField=latitude&crs=EPSG:4326&spatialIndex=no&subsetIndex=no&watchFile=no
"5342",Lonicera hispidula,Lonicera,hispidula,,,,native,S5,,48.867718000000004,-123.340205999999995,,NA,NA,"13980406",obs_native,file:///D:/Simon/Sync/Root/GIS/Biodiversity%20Data/obs_native.csv?type=csv&maxFields=10000&detectTypes=yes&xField=longitude&yField=latitude&crs=EPSG:4326&spatialIndex=no&subsetIndex=no&watchFile=no
"5343",Lonicera hispidula,Lonicera,hispidula,,,,native,S5,,49.013001670000001,-123.573058300000000,,NA,NA,"24259260",obs_native,file:///D:/Simon/Sync/Root/GIS/Biodiversity%20Data/obs_native.csv?type=csv&maxFields=10000&detectTypes=yes&xField=longitude&yField=latitude&crs=EPSG:4326&spatialIndex=no&subsetIndex=no&watchFile=no
"5344",Lonicera hispidula,Lonicera,hispidula,,,,native,S5,,48.898041839999998,-123.408088500000005,,NA,NA,"24535612",obs_native,file:///D:/Simon/Sync/Root/GIS/Biodiversity%20Data/obs_native.csv?type=csv&maxFields=10000&detectTypes=yes&xField=longitude&yField=latitude&crs=EPSG:4326&spatialIndex=no&subsetIndex=no&watchFile=no
"5345",Lonicera hispidula,Lonicera,hispidula,,,,native,S5,,48.963827780000003,-123.515341699999993,,NA,NA,"24666764",obs_native,file:///D:/Simon/Sync/Root/GIS/Biodiversity%20Data/obs_native.csv?type=csv&maxFields=10000&detectTypes=yes&xField=longitude&yField=latitude&crs=EPSG:4326&spatialIndex=no&subsetIndex=no&watchFile=no
"5346",Lonicera hispidula,Lonicera,hispidula,,,,native,S5,,48.899647219999999,-123.407508300000003,,NA,NA,"24672748",obs_native,file:///D:/Simon/Sync/Root/GIS/Biodiversity%20Data/obs_native.csv?type=csv&maxFields=10000&detectTypes=yes&xField=longitude&yField=latitude&crs=EPSG:4326&spatialIndex=no&subsetIndex=no&watchFile=no
"5347",Lonicera hispidula,Lonicera,hispidula,,,,native,S5,,48.899672219999999,-123.407386099999997,,NA,NA,"24672755",obs_native,file:///D:/Simon/Sync/Root/GIS/Biodiversity%20Data/obs_native.csv?type=csv&maxFields=10000&detectTypes=yes&xField=longitude&yField=latitude&crs=EPSG:4326&spatialIndex=no&subsetIndex=no&watchFile=no
"5348",Lonicera hispidula,Lonicera,hispidula,,,,native,S5,,48.901088889999997,-123.406677799999997,,NA,NA,"24676894",obs_native,file:///D:/Simon/Sync/Root/GIS/Biodiversity%20Data/obs_native.csv?type=csv&maxFields=10000&detectTypes=yes&xField=longitude&yField=latitude&crs=EPSG:4326&spatialIndex=no&subsetIndex=no&watchFile=no
"5349",Lonicera hispidula,Lonicera,hispidula,,,,native,S5,,48.901116670000000,-123.406486099999995,,NA,NA,"24676905",obs_native,file:///D:/Simon/Sync/Root/GIS/Biodiversity%20Data/obs_native.csv?type=csv&maxFields=10000&detectTypes=yes&xField=longitude&yField=latitude&crs=EPSG:4326&spatialIndex=no&subsetIndex=no&watchFile=no
"5350",Lonicera hispidula,Lonicera,hispidula,,,,native,S5,,48.898227779999999,-123.408066700000006,,NA,NA,"24677353",obs_native,file:///D:/Simon/Sync/Root/GIS/Biodiversity%20Data/obs_native.csv?type=csv&maxFields=10000&detectTypes=yes&xField=longitude&yField=latitude&crs=EPSG:4326&spatialIndex=no&subsetIndex=no&watchFile=no
"5351",Lonicera hispidula,Lonicera,hispidula,,,,native,S5,,48.898227779999999,-123.408066700000006,,NA,NA,"24677459",obs_native,file:///D:/Simon/Sync/Root/GIS/Biodiversity%20Data/obs_native.csv?type=csv&maxFields=10000&detectTypes=yes&xField=longitude&yField=latitude&crs=EPSG:4326&spatialIndex=no&subsetIndex=no&watchFile=no
"5352",Lonicera hispidula,Lonicera,hispidula,,,,native,S5,,48.868308329999998,-123.376511100000002,,NA,NA,"24688044",obs_native,file:///D:/Simon/Sync/Root/GIS/Biodiversity%20Data/obs_native.csv?type=csv&maxFields=10000&detectTypes=yes&xField=longitude&yField=latitude&crs=EPSG:4326&spatialIndex=no&subsetIndex=no&watchFile=no
"5353",Lonicera hispidula,Lonicera,hispidula,,,,native,S5,,48.957400000000000,-123.541650000000004,,NA,NA,"24698952",obs_native,file:///D:/Simon/Sync/Root/GIS/Biodiversity%20Data/obs_native.csv?type=csv&maxFields=10000&detectTypes=yes&xField=longitude&yField=latitude&crs=EPSG:4326&spatialIndex=no&subsetIndex=no&watchFile=no
"5354",Lonicera hispidula,Lonicera,hispidula,,,,native,S5,,48.957619999999999,-123.541663299999996,,NA,NA,"24699065",obs_native,file:///D:/Simon/Sync/Root/GIS/Biodiversity%20Data/obs_native.csv?type=csv&maxFields=10000&detectTypes=yes&xField=longitude&yField=latitude&crs=EPSG:4326&spatialIndex=no&subsetIndex=no&watchFile=no
"5355",Lonicera hispidula,Lonicera,hispidula,,,,native,S5,,48.900469229999999,-123.405032100000000,,NA,NA,"24709246",obs_native,file:///D:/Simon/Sync/Root/GIS/Biodiversity%20Data/obs_native.csv?type=csv&maxFields=10000&detectTypes=yes&xField=longitude&yField=latitude&crs=EPSG:4326&spatialIndex=no&subsetIndex=no&watchFile=no
"5356",Lonicera hispidula,Lonicera,hispidula,,,,native,S5,,48.872209730000002,-123.311763799999994,,NA,NA,"24711631",obs_native,file:///D:/Simon/Sync/Root/GIS/Biodiversity%20Data/obs_native.csv?type=csv&maxFields=10000&detectTypes=yes&xField=longitude&yField=latitude&crs=EPSG:4326&spatialIndex=no&subsetIndex=no&watchFile=no
"5357",Lonicera hispidula,Lonicera,hispidula,,,,native,S5,,48.859528330000003,-123.353129999999993,,NA,NA,"24768147",obs_native,file:///D:/Simon/Sync/Root/GIS/Biodiversity%20Data/obs_native.csv?type=csv&maxFields=10000&detectTypes=yes&xField=longitude&yField=latitude&crs=EPSG:4326&spatialIndex=no&subsetIndex=no&watchFile=no
"5358",Lonicera hispidula,Lonicera,hispidula,,,,native,S5,,48.871780559999998,-123.312247200000002,,NA,NA,"24806469",obs_native,file:///D:/Simon/Sync/Root/GIS/Biodiversity%20Data/obs_native.csv?type=csv&maxFields=10000&detectTypes=yes&xField=longitude&yField=latitude&crs=EPSG:4326&spatialIndex=no&subsetIndex=no&watchFile=no
"5359",Lonicera hispidula,Lonicera,hispidula,,,,native,S5,,48.872100000000003,-123.312302799999998,,NA,NA,"24806510",obs_native,file:///D:/Simon/Sync/Root/GIS/Biodiversity%20Data/obs_native.csv?type=csv&maxFields=10000&detectTypes=yes&xField=longitude&yField=latitude&crs=EPSG:4326&spatialIndex=no&subsetIndex=no&watchFile=no
"5360",Lonicera hispidula,Lonicera,hispidula,,,,native,S5,,48.872177780000001,-123.312674999999999,,NA,NA,"24824098",obs_native,file:///D:/Simon/Sync/Root/GIS/Biodiversity%20Data/obs_native.csv?type=csv&maxFields=10000&detectTypes=yes&xField=longitude&yField=latitude&crs=EPSG:4326&spatialIndex=no&subsetIndex=no&watchFile=no
"5361",Lonicera hispidula,Lonicera,hispidula,,,,native,S5,,48.871822219999999,-123.312172200000006,,NA,NA,"24824123",obs_native,file:///D:/Simon/Sync/Root/GIS/Biodiversity%20Data/obs_native.csv?type=csv&maxFields=10000&detectTypes=yes&xField=longitude&yField=latitude&crs=EPSG:4326&spatialIndex=no&subsetIndex=no&watchFile=no
"5362",Lonicera hispidula,Lonicera,hispidula,,,,native,S5,,48.872177780000001,-123.312674999999999,,NA,NA,"24824168",obs_native,file:///D:/Simon/Sync/Root/GIS/Biodiversity%20Data/obs_native.csv?type=csv&maxFields=10000&detectTypes=yes&xField=longitude&yField=latitude&crs=EPSG:4326&spatialIndex=no&subsetIndex=no&watchFile=no
"5363",Lonicera hispidula,Lonicera,hispidula,,,,native,S5,,48.871655560000001,-123.311913899999993,,NA,NA,"24824175",obs_native,file:///D:/Simon/Sync/Root/GIS/Biodiversity%20Data/obs_native.csv?type=csv&maxFields=10000&detectTypes=yes&xField=longitude&yField=latitude&crs=EPSG:4326&spatialIndex=no&subsetIndex=no&watchFile=no
"5364",Lonicera hispidula,Lonicera,hispidula,,,,native,S5,,48.962628289999998,-123.517522600000007,,NA,NA,"24919869",obs_native,file:///D:/Simon/Sync/Root/GIS/Biodiversity%20Data/obs_native.csv?type=csv&maxFields=10000&detectTypes=yes&xField=longitude&yField=latitude&crs=EPSG:4326&spatialIndex=no&subsetIndex=no&watchFile=no
"5365",Lonicera hispidula,Lonicera,hispidula,,,,native,S5,,48.896215290000001,-123.409910100000005,,NA,NA,"24942556",obs_native,file:///D:/Simon/Sync/Root/GIS/Biodiversity%20Data/obs_native.csv?type=csv&maxFields=10000&detectTypes=yes&xField=longitude&yField=latitude&crs=EPSG:4326&spatialIndex=no&subsetIndex=no&watchFile=no
"5366",Lonicera hispidula,Lonicera,hispidula,,,,native,S5,,48.872279550000002,-123.312189599999996,,NA,NA,"25199502",obs_native,file:///D:/Simon/Sync/Root/GIS/Biodiversity%20Data/obs_native.csv?type=csv&maxFields=10000&detectTypes=yes&xField=longitude&yField=latitude&crs=EPSG:4326&spatialIndex=no&subsetIndex=no&watchFile=no
"5367",Lonicera hispidula,Lonicera,hispidula,,,,native,S5,,48.899568719999998,-123.407369000000003,,NA,NA,"25200203",obs_native,file:///D:/Simon/Sync/Root/GIS/Biodiversity%20Data/obs_native.csv?type=csv&maxFields=10000&detectTypes=yes&xField=longitude&yField=latitude&crs=EPSG:4326&spatialIndex=no&subsetIndex=no&watchFile=no
"5368",Lonicera hispidula,Lonicera,hispidula,,,,native,S5,,48.899483640000000,-123.407371200000000,,NA,NA,"25200243",obs_native,file:///D:/Simon/Sync/Root/GIS/Biodiversity%20Data/obs_native.csv?type=csv&maxFields=10000&detectTypes=yes&xField=longitude&yField=latitude&crs=EPSG:4326&spatialIndex=no&subsetIndex=no&watchFile=no
"5369",Lonicera hispidula,Lonicera,hispidula,,,,native,S5,,48.898702700000001,-123.407031000000003,,NA,NA,"25476542",obs_native,file:///D:/Simon/Sync/Root/GIS/Biodiversity%20Data/obs_native.csv?type=csv&maxFields=10000&detectTypes=yes&xField=longitude&yField=latitude&crs=EPSG:4326&spatialIndex=no&subsetIndex=no&watchFile=no
"5370",Lonicera hispidula,Lonicera,hispidula,,,,native,S5,,48.978754400000000,-123.556331999999998,,NA,NA,"25479733",obs_native,file:///D:/Simon/Sync/Root/GIS/Biodiversity%20Data/obs_native.csv?type=csv&maxFields=10000&detectTypes=yes&xField=longitude&yField=latitude&crs=EPSG:4326&spatialIndex=no&subsetIndex=no&watchFile=no
"5371",Lonicera hispidula,Lonicera,hispidula,,,,native,S5,,48.872173560000000,-123.311091399999995,,NA,NA,"25483310",obs_native,file:///D:/Simon/Sync/Root/GIS/Biodiversity%20Data/obs_native.csv?type=csv&maxFields=10000&detectTypes=yes&xField=longitude&yField=latitude&crs=EPSG:4326&spatialIndex=no&subsetIndex=no&watchFile=no
"5372",Lonicera hispidula,Lonicera,hispidula,,,,native,S5,,48.900969439999997,-123.407227800000001,,NA,NA,"25543619",obs_native,file:///D:/Simon/Sync/Root/GIS/Biodiversity%20Data/obs_native.csv?type=csv&maxFields=10000&detectTypes=yes&xField=longitude&yField=latitude&crs=EPSG:4326&spatialIndex=no&subsetIndex=no&watchFile=no
"5373",Lonicera hispidula,Lonicera,hispidula,,,,native,S5,,48.893761110000000,-123.405533300000002,,NA,NA,"25655363",obs_native,file:///D:/Simon/Sync/Root/GIS/Biodiversity%20Data/obs_native.csv?type=csv&maxFields=10000&detectTypes=yes&xField=longitude&yField=latitude&crs=EPSG:4326&spatialIndex=no&subsetIndex=no&watchFile=no
"5374",Lonicera hispidula,Lonicera,hispidula,,,,native,S5,,48.908108329999997,-123.370208300000002,,NA,NA,"26644427",obs_native,file:///D:/Simon/Sync/Root/GIS/Biodiversity%20Data/obs_native.csv?type=csv&maxFields=10000&detectTypes=yes&xField=longitude&yField=latitude&crs=EPSG:4326&spatialIndex=no&subsetIndex=no&watchFile=no
"5375",Lonicera hispidula,Lonicera,hispidula,,,,native,S5,,48.952613669999998,-123.533359000000004,,NA,NA,"28440120",obs_native,file:///D:/Simon/Sync/Root/GIS/Biodiversity%20Data/obs_native.csv?type=csv&maxFields=10000&detectTypes=yes&xField=longitude&yField=latitude&crs=EPSG:4326&spatialIndex=no&subsetIndex=no&watchFile=no
"5376",Lonicera hispidula,Lonicera,hispidula,,,,native,S5,,48.952736670000000,-123.533490000000000,,NA,NA,"28440151",obs_native,file:///D:/Simon/Sync/Root/GIS/Biodiversity%20Data/obs_native.csv?type=csv&maxFields=10000&detectTypes=yes&xField=longitude&yField=latitude&crs=EPSG:4326&spatialIndex=no&subsetIndex=no&watchFile=no
"5377",Lonicera hispidula,Lonicera,hispidula,,,,native,S5,,48.873172220000001,-123.347008299999999,,NA,NA,"32609978",obs_native,file:///D:/Simon/Sync/Root/GIS/Biodiversity%20Data/obs_native.csv?type=csv&maxFields=10000&detectTypes=yes&xField=longitude&yField=latitude&crs=EPSG:4326&spatialIndex=no&subsetIndex=no&watchFile=no
"5378",Lonicera hispidula,Lonicera,hispidula,,,,native,S5,,48.964249100000004,-123.551589500000006,,NA,NA,"40826737",obs_native,file:///D:/Simon/Sync/Root/GIS/Biodiversity%20Data/obs_native.csv?type=csv&maxFields=10000&detectTypes=yes&xField=longitude&yField=latitude&crs=EPSG:4326&spatialIndex=no&subsetIndex=no&watchFile=no
"5379",Lonicera hispidula,Lonicera,hispidula,,,,native,S5,,48.938236670000002,-123.499986699999994,,NA,NA,"49133768",obs_native,file:///D:/Simon/Sync/Root/GIS/Biodiversity%20Data/obs_native.csv?type=csv&maxFields=10000&detectTypes=yes&xField=longitude&yField=latitude&crs=EPSG:4326&spatialIndex=no&subsetIndex=no&watchFile=no
"5380",Lonicera hispidula,Lonicera,hispidula,,,,native,S5,,48.897500209999997,-123.402804700000004,,NA,NA,"49173424",obs_native,file:///D:/Simon/Sync/Root/GIS/Biodiversity%20Data/obs_native.csv?type=csv&maxFields=10000&detectTypes=yes&xField=longitude&yField=latitude&crs=EPSG:4326&spatialIndex=no&subsetIndex=no&watchFile=no
"5381",Lonicera hispidula,Lonicera,hispidula,,,,native,S5,,48.939608329999999,-123.501158300000000,,NA,NA,"49197781",obs_native,file:///D:/Simon/Sync/Root/GIS/Biodiversity%20Data/obs_native.csv?type=csv&maxFields=10000&detectTypes=yes&xField=longitude&yField=latitude&crs=EPSG:4326&spatialIndex=no&subsetIndex=no&watchFile=no
"5382",Lonicera hispidula,Lonicera,hispidula,,,,native,S5,,48.876983330000002,-123.401201700000001,,NA,NA,"50506106",obs_native,file:///D:/Simon/Sync/Root/GIS/Biodiversity%20Data/obs_native.csv?type=csv&maxFields=10000&detectTypes=yes&xField=longitude&yField=latitude&crs=EPSG:4326&spatialIndex=no&subsetIndex=no&watchFile=no
"5383",Lonicera hispidula,Lonicera,hispidula,,,,native,S5,,48.877353329999998,-123.401011699999998,,NA,NA,"50736077",obs_native,file:///D:/Simon/Sync/Root/GIS/Biodiversity%20Data/obs_native.csv?type=csv&maxFields=10000&detectTypes=yes&xField=longitude&yField=latitude&crs=EPSG:4326&spatialIndex=no&subsetIndex=no&watchFile=no
"5384",Lonicera hispidula,Lonicera,hispidula,,,,native,S5,,48.887059999999998,-123.374808299999998,,NA,NA,"53022047",obs_native,file:///D:/Simon/Sync/Root/GIS/Biodiversity%20Data/obs_native.csv?type=csv&maxFields=10000&detectTypes=yes&xField=longitude&yField=latitude&crs=EPSG:4326&spatialIndex=no&subsetIndex=no&watchFile=no
"5385",Lonicera hispidula,Lonicera,hispidula,,,,native,S5,,48.927228560000003,-123.468503299999995,,NA,NA,"53169923",obs_native,file:///D:/Simon/Sync/Root/GIS/Biodiversity%20Data/obs_native.csv?type=csv&maxFields=10000&detectTypes=yes&xField=longitude&yField=latitude&crs=EPSG:4326&spatialIndex=no&subsetIndex=no&watchFile=no
"5386",Lonicera hispidula,Lonicera,hispidula,,,,native,S5,,48.926946350000001,-123.468385699999999,,NA,NA,"53379047",obs_native,file:///D:/Simon/Sync/Root/GIS/Biodiversity%20Data/obs_native.csv?type=csv&maxFields=10000&detectTypes=yes&xField=longitude&yField=latitude&crs=EPSG:4326&spatialIndex=no&subsetIndex=no&watchFile=no
"5387",Lonicera hispidula,Lonicera,hispidula,,,,native,S5,,48.932224320000003,-123.479027700000003,,NA,NA,"53383937",obs_native,file:///D:/Simon/Sync/Root/GIS/Biodiversity%20Data/obs_native.csv?type=csv&maxFields=10000&detectTypes=yes&xField=longitude&yField=latitude&crs=EPSG:4326&spatialIndex=no&subsetIndex=no&watchFile=no
"5388",Lonicera hispidula,Lonicera,hispidula,,,,native,S5,,48.932311339999998,-123.479497300000006,,NA,NA,"54410320",obs_native,file:///D:/Simon/Sync/Root/GIS/Biodiversity%20Data/obs_native.csv?type=csv&maxFields=10000&detectTypes=yes&xField=longitude&yField=latitude&crs=EPSG:4326&spatialIndex=no&subsetIndex=no&watchFile=no
"5389",Lonicera hispidula,Lonicera,hispidula,,,,native,S5,,48.928555129999999,-123.469031700000002,,NA,NA,"54673454",obs_native,file:///D:/Simon/Sync/Root/GIS/Biodiversity%20Data/obs_native.csv?type=csv&maxFields=10000&detectTypes=yes&xField=longitude&yField=latitude&crs=EPSG:4326&spatialIndex=no&subsetIndex=no&watchFile=no
"5390",Lonicera hispidula,Lonicera,hispidula,,,,native,S5,,48.928867570000001,-123.469201900000002,,NA,NA,"54691215",obs_native,file:///D:/Simon/Sync/Root/GIS/Biodiversity%20Data/obs_native.csv?type=csv&maxFields=10000&detectTypes=yes&xField=longitude&yField=latitude&crs=EPSG:4326&spatialIndex=no&subsetIndex=no&watchFile=no
"5391",Lonicera hispidula,Lonicera,hispidula,,,,native,S5,,48.928872640000002,-123.469047200000006,,NA,NA,"54691498",obs_native,file:///D:/Simon/Sync/Root/GIS/Biodiversity%20Data/obs_native.csv?type=csv&maxFields=10000&detectTypes=yes&xField=longitude&yField=latitude&crs=EPSG:4326&spatialIndex=no&subsetIndex=no&watchFile=no
"5392",Lonicera hispidula,Lonicera,hispidula,,,,native,S5,,48.877471849999999,-123.358926100000005,,NA,NA,"55180732",obs_native,file:///D:/Simon/Sync/Root/GIS/Biodiversity%20Data/obs_native.csv?type=csv&maxFields=10000&detectTypes=yes&xField=longitude&yField=latitude&crs=EPSG:4326&spatialIndex=no&subsetIndex=no&watchFile=no
"5393",Lonicera hispidula,Lonicera,hispidula,,,,native,S5,,49.013129999999997,-123.572861700000004,,NA,NA,"57128000",obs_native,file:///D:/Simon/Sync/Root/GIS/Biodiversity%20Data/obs_native.csv?type=csv&maxFields=10000&detectTypes=yes&xField=longitude&yField=latitude&crs=EPSG:4326&spatialIndex=no&subsetIndex=no&watchFile=no
"5394",Lonicera hispidula,Lonicera,hispidula,,,,native,S5,,48.871559720000000,-123.312259699999998,,NA,NA,"59943204",obs_native,file:///D:/Simon/Sync/Root/GIS/Biodiversity%20Data/obs_native.csv?type=csv&maxFields=10000&detectTypes=yes&xField=longitude&yField=latitude&crs=EPSG:4326&spatialIndex=no&subsetIndex=no&watchFile=no
"5395",Lonicera hispidula,Lonicera,hispidula,,,,native,S5,,48.871686390000001,-123.311674999999994,,NA,NA,"59943214",obs_native,file:///D:/Simon/Sync/Root/GIS/Biodiversity%20Data/obs_native.csv?type=csv&maxFields=10000&detectTypes=yes&xField=longitude&yField=latitude&crs=EPSG:4326&spatialIndex=no&subsetIndex=no&watchFile=no
"5396",Lonicera hispidula,Lonicera,hispidula,,,,native,S5,,48.872683060000000,-123.312869699999993,,NA,NA,"59943220",obs_native,file:///D:/Simon/Sync/Root/GIS/Biodiversity%20Data/obs_native.csv?type=csv&maxFields=10000&detectTypes=yes&xField=longitude&yField=latitude&crs=EPSG:4326&spatialIndex=no&subsetIndex=no&watchFile=no
"5397",Lonicera hispidula,Lonicera,hispidula,,,,native,S5,,48.872751389999998,-123.313268100000002,,NA,NA,"59943221",obs_native,file:///D:/Simon/Sync/Root/GIS/Biodiversity%20Data/obs_native.csv?type=csv&maxFields=10000&detectTypes=yes&xField=longitude&yField=latitude&crs=EPSG:4326&spatialIndex=no&subsetIndex=no&watchFile=no
"5398",Lonicera hispidula,Lonicera,hispidula,,,,native,S5,,48.895733000000000,-123.409862000000004,,NA,NA,"60492241",obs_native,file:///D:/Simon/Sync/Root/GIS/Biodiversity%20Data/obs_native.csv?type=csv&maxFields=10000&detectTypes=yes&xField=longitude&yField=latitude&crs=EPSG:4326&spatialIndex=no&subsetIndex=no&watchFile=no
"5399",Lonicera hispidula,Lonicera,hispidula,,,,native,S5,,48.893728359999997,-123.406342199999997,,NA,NA,"60492310",obs_native,file:///D:/Simon/Sync/Root/GIS/Biodiversity%20Data/obs_native.csv?type=csv&maxFields=10000&detectTypes=yes&xField=longitude&yField=latitude&crs=EPSG:4326&spatialIndex=no&subsetIndex=no&watchFile=no
"5400",Lonicera hispidula,Lonicera,hispidula,,,,native,S5,,48.972908720000000,-123.557811000000001,,NA,NA,"60916870",obs_native,file:///D:/Simon/Sync/Root/GIS/Biodiversity%20Data/obs_native.csv?type=csv&maxFields=10000&detectTypes=yes&xField=longitude&yField=latitude&crs=EPSG:4326&spatialIndex=no&subsetIndex=no&watchFile=no
"5401",Lonicera hispidula,Lonicera,hispidula,,,,native,S5,,48.865243589999999,-123.352306200000001,,NA,NA,"66860037",obs_native,file:///D:/Simon/Sync/Root/GIS/Biodiversity%20Data/obs_native.csv?type=csv&maxFields=10000&detectTypes=yes&xField=longitude&yField=latitude&crs=EPSG:4326&spatialIndex=no&subsetIndex=no&watchFile=no
"5402",Lonicera hispidula,Lonicera,hispidula,,,,native,S5,,48.943656670000003,-123.502438299999994,,NA,NA,"70065835",obs_native,file:///D:/Simon/Sync/Root/GIS/Biodiversity%20Data/obs_native.csv?type=csv&maxFields=10000&detectTypes=yes&xField=longitude&yField=latitude&crs=EPSG:4326&spatialIndex=no&subsetIndex=no&watchFile=no
"5403",Lonicera hispidula,Lonicera,hispidula,,,,native,S5,,48.872192069999997,-123.311818599999995,,NA,NA,"72315196",obs_native,file:///D:/Simon/Sync/Root/GIS/Biodiversity%20Data/obs_native.csv?type=csv&maxFields=10000&detectTypes=yes&xField=longitude&yField=latitude&crs=EPSG:4326&spatialIndex=no&subsetIndex=no&watchFile=no
"5404",Lonicera hispidula,Lonicera,hispidula,,,,native,S5,,48.938646669999997,-123.499903300000000,,NA,NA,"72321435",obs_native,file:///D:/Simon/Sync/Root/GIS/Biodiversity%20Data/obs_native.csv?type=csv&maxFields=10000&detectTypes=yes&xField=longitude&yField=latitude&crs=EPSG:4326&spatialIndex=no&subsetIndex=no&watchFile=no
"5405",Lonicera hispidula,Lonicera,hispidula,,,,native,S5,,48.875013330000002,-123.384553299999993,,NA,NA,"77854405",obs_native,file:///D:/Simon/Sync/Root/GIS/Biodiversity%20Data/obs_native.csv?type=csv&maxFields=10000&detectTypes=yes&xField=longitude&yField=latitude&crs=EPSG:4326&spatialIndex=no&subsetIndex=no&watchFile=no
"5406",Lonicera hispidula,Lonicera,hispidula,,,,native,S5,,48.871688329999998,-123.310770000000005,,NA,NA,"82952801",obs_native,file:///D:/Simon/Sync/Root/GIS/Biodiversity%20Data/obs_native.csv?type=csv&maxFields=10000&detectTypes=yes&xField=longitude&yField=latitude&crs=EPSG:4326&spatialIndex=no&subsetIndex=no&watchFile=no
"5407",Lonicera hispidula,Lonicera,hispidula,,,,native,S5,,48.871634999999998,-123.310851700000001,,NA,NA,"82960315",obs_native,file:///D:/Simon/Sync/Root/GIS/Biodiversity%20Data/obs_native.csv?type=csv&maxFields=10000&detectTypes=yes&xField=longitude&yField=latitude&crs=EPSG:4326&spatialIndex=no&subsetIndex=no&watchFile=no
"5408",Lonicera hispidula,Lonicera,hispidula,,,,native,S5,,48.948630000000001,-123.502358299999997,,NA,NA,"83177509",obs_native,file:///D:/Simon/Sync/Root/GIS/Biodiversity%20Data/obs_native.csv?type=csv&maxFields=10000&detectTypes=yes&xField=longitude&yField=latitude&crs=EPSG:4326&spatialIndex=no&subsetIndex=no&watchFile=no
"5409",Lonicera hispidula,Lonicera,hispidula,,,,native,S5,,48.865198010000000,-123.352695199999999,,NA,NA,"83596924",obs_native,file:///D:/Simon/Sync/Root/GIS/Biodiversity%20Data/obs_native.csv?type=csv&maxFields=10000&detectTypes=yes&xField=longitude&yField=latitude&crs=EPSG:4326&spatialIndex=no&subsetIndex=no&watchFile=no
"5410",Lonicera hispidula,Lonicera,hispidula,,,,native,S5,,49.012633190000003,-123.575607800000000,,NA,NA,"83604647",obs_native,file:///D:/Simon/Sync/Root/GIS/Biodiversity%20Data/obs_native.csv?type=csv&maxFields=10000&detectTypes=yes&xField=longitude&yField=latitude&crs=EPSG:4326&spatialIndex=no&subsetIndex=no&watchFile=no
"5411",Lonicera hispidula,Lonicera,hispidula,,,,native,S5,,48.871588330000002,-123.311438300000006,,NA,NA,"83664998",obs_native,file:///D:/Simon/Sync/Root/GIS/Biodiversity%20Data/obs_native.csv?type=csv&maxFields=10000&detectTypes=yes&xField=longitude&yField=latitude&crs=EPSG:4326&spatialIndex=no&subsetIndex=no&watchFile=no
"5412",Lonicera hispidula,Lonicera,hispidula,,,,native,S5,,48.876094999999999,-123.384829999999994,,NA,NA,"83738288",obs_native,file:///D:/Simon/Sync/Root/GIS/Biodiversity%20Data/obs_native.csv?type=csv&maxFields=10000&detectTypes=yes&xField=longitude&yField=latitude&crs=EPSG:4326&spatialIndex=no&subsetIndex=no&watchFile=no
"5413",Lonicera hispidula,Lonicera,hispidula,,,,native,S5,,48.875900999999999,-123.384287999999998,,NA,NA,"83738318",obs_native,file:///D:/Simon/Sync/Root/GIS/Biodiversity%20Data/obs_native.csv?type=csv&maxFields=10000&detectTypes=yes&xField=longitude&yField=latitude&crs=EPSG:4326&spatialIndex=no&subsetIndex=no&watchFile=no
"5414",Lonicera hispidula,Lonicera,hispidula,,,,native,S5,,48.928750000000001,-123.468558299999998,,NA,NA,"83972597",obs_native,file:///D:/Simon/Sync/Root/GIS/Biodiversity%20Data/obs_native.csv?type=csv&maxFields=10000&detectTypes=yes&xField=longitude&yField=latitude&crs=EPSG:4326&spatialIndex=no&subsetIndex=no&watchFile=no
"5415",Lonicera hispidula,Lonicera,hispidula,,,,native,S5,,48.928413169999999,-123.467899299999999,,NA,NA,"83974350",obs_native,file:///D:/Simon/Sync/Root/GIS/Biodiversity%20Data/obs_native.csv?type=csv&maxFields=10000&detectTypes=yes&xField=longitude&yField=latitude&crs=EPSG:4326&spatialIndex=no&subsetIndex=no&watchFile=no
"5416",Lonicera hispidula,Lonicera,hispidula,,,,native,S5,,48.929930880000001,-123.474710400000006,,NA,NA,"83980685",obs_native,file:///D:/Simon/Sync/Root/GIS/Biodiversity%20Data/obs_native.csv?type=csv&maxFields=10000&detectTypes=yes&xField=longitude&yField=latitude&crs=EPSG:4326&spatialIndex=no&subsetIndex=no&watchFile=no
"5417",Lonicera hispidula,Lonicera,hispidula,,,,native,S5,,48.930127630000001,-123.467892500000005,,NA,NA,"84216876",obs_native,file:///D:/Simon/Sync/Root/GIS/Biodiversity%20Data/obs_native.csv?type=csv&maxFields=10000&detectTypes=yes&xField=longitude&yField=latitude&crs=EPSG:4326&spatialIndex=no&subsetIndex=no&watchFile=no
"5418",Lonicera hispidula,Lonicera,hispidula,,,,native,S5,,48.926918080000000,-123.465787000000006,,NA,NA,"84242552",obs_native,file:///D:/Simon/Sync/Root/GIS/Biodiversity%20Data/obs_native.csv?type=csv&maxFields=10000&detectTypes=yes&xField=longitude&yField=latitude&crs=EPSG:4326&spatialIndex=no&subsetIndex=no&watchFile=no
"5419",Lonicera hispidula,Lonicera,hispidula,,,,native,S5,,48.928749449999998,-123.468621200000001,,NA,NA,"84269494",obs_native,file:///D:/Simon/Sync/Root/GIS/Biodiversity%20Data/obs_native.csv?type=csv&maxFields=10000&detectTypes=yes&xField=longitude&yField=latitude&crs=EPSG:4326&spatialIndex=no&subsetIndex=no&watchFile=no
"5420",Lonicera hispidula,Lonicera,hispidula,,,,native,S5,,48.927981209999999,-123.467908399999999,,NA,NA,"84273251",obs_native,file:///D:/Simon/Sync/Root/GIS/Biodiversity%20Data/obs_native.csv?type=csv&maxFields=10000&detectTypes=yes&xField=longitude&yField=latitude&crs=EPSG:4326&spatialIndex=no&subsetIndex=no&watchFile=no
"5421",Lonicera hispidula,Lonicera,hispidula,,,,native,S5,,48.927833329999999,-123.471291699999995,,NA,NA,"84332384",obs_native,file:///D:/Simon/Sync/Root/GIS/Biodiversity%20Data/obs_native.csv?type=csv&maxFields=10000&detectTypes=yes&xField=longitude&yField=latitude&crs=EPSG:4326&spatialIndex=no&subsetIndex=no&watchFile=no
"5422",Lonicera hispidula,Lonicera,hispidula,,,,native,S5,,48.928295130000002,-123.467956500000000,,NA,NA,"84348367",obs_native,file:///D:/Simon/Sync/Root/GIS/Biodiversity%20Data/obs_native.csv?type=csv&maxFields=10000&detectTypes=yes&xField=longitude&yField=latitude&crs=EPSG:4326&spatialIndex=no&subsetIndex=no&watchFile=no
"5423",Lonicera hispidula,Lonicera,hispidula,,,,native,S5,,48.928866669999998,-123.468720000000005,,NA,NA,"84494883",obs_native,file:///D:/Simon/Sync/Root/GIS/Biodiversity%20Data/obs_native.csv?type=csv&maxFields=10000&detectTypes=yes&xField=longitude&yField=latitude&crs=EPSG:4326&spatialIndex=no&subsetIndex=no&watchFile=no
"5424",Lonicera hispidula,Lonicera,hispidula,,,,native,S5,,48.928008329999997,-123.468238299999996,,NA,NA,"84751473",obs_native,file:///D:/Simon/Sync/Root/GIS/Biodiversity%20Data/obs_native.csv?type=csv&maxFields=10000&detectTypes=yes&xField=longitude&yField=latitude&crs=EPSG:4326&spatialIndex=no&subsetIndex=no&watchFile=no
"5425",Lonicera hispidula,Lonicera,hispidula,,,,native,S5,,49.004804700000001,-123.566871000000006,,NA,NA,"85685932",obs_native,file:///D:/Simon/Sync/Root/GIS/Biodiversity%20Data/obs_native.csv?type=csv&maxFields=10000&detectTypes=yes&xField=longitude&yField=latitude&crs=EPSG:4326&spatialIndex=no&subsetIndex=no&watchFile=no
"5426",Lonicera hispidula,Lonicera,hispidula,,,,native,S5,,48.874336669999998,-123.319501700000004,,NA,NA,"86360344",obs_native,file:///D:/Simon/Sync/Root/GIS/Biodiversity%20Data/obs_native.csv?type=csv&maxFields=10000&detectTypes=yes&xField=longitude&yField=latitude&crs=EPSG:4326&spatialIndex=no&subsetIndex=no&watchFile=no
"5427",Lonicera hispidula,Lonicera,hispidula,,,,native,S5,,48.984250000000003,-123.543700000000001,,NA,NA,"93745093",obs_native,file:///D:/Simon/Sync/Root/GIS/Biodiversity%20Data/obs_native.csv?type=csv&maxFields=10000&detectTypes=yes&xField=longitude&yField=latitude&crs=EPSG:4326&spatialIndex=no&subsetIndex=no&watchFile=no
"5428",Lonicera hispidula,Lonicera,hispidula,,,,native,S5,,48.994198130000001,-123.556165899999996,,NA,NA,"94679761",obs_native,file:///D:/Simon/Sync/Root/GIS/Biodiversity%20Data/obs_native.csv?type=csv&maxFields=10000&detectTypes=yes&xField=longitude&yField=latitude&crs=EPSG:4326&spatialIndex=no&subsetIndex=no&watchFile=no
"5429",Lonicera hispidula,Lonicera,hispidula,,,,native,S5,,48.894197910000003,-123.414256600000002,,NA,NA,"97606298",obs_native,file:///D:/Simon/Sync/Root/GIS/Biodiversity%20Data/obs_native.csv?type=csv&maxFields=10000&detectTypes=yes&xField=longitude&yField=latitude&crs=EPSG:4326&spatialIndex=no&subsetIndex=no&watchFile=no
"5430",Lonicera hispidula,Lonicera,hispidula,,,,native,S5,,48.929569469999997,-123.475933499999996,,NA,NA,"97936484",obs_native,file:///D:/Simon/Sync/Root/GIS/Biodiversity%20Data/obs_native.csv?type=csv&maxFields=10000&detectTypes=yes&xField=longitude&yField=latitude&crs=EPSG:4326&spatialIndex=no&subsetIndex=no&watchFile=no
"5431",Lonicera hispidula,Lonicera,hispidula,,,,native,S5,,48.899760000000001,-123.343221000000000,,NA,NA,"100638685",obs_native,file:///D:/Simon/Sync/Root/GIS/Biodiversity%20Data/obs_native.csv?type=csv&maxFields=10000&detectTypes=yes&xField=longitude&yField=latitude&crs=EPSG:4326&spatialIndex=no&subsetIndex=no&watchFile=no
"5432",Lonicera hispidula,Lonicera,hispidula,,,,native,S5,,48.993452840000003,-123.554223800000003,,NA,NA,"100641926",obs_native,file:///D:/Simon/Sync/Root/GIS/Biodiversity%20Data/obs_native.csv?type=csv&maxFields=10000&detectTypes=yes&xField=longitude&yField=latitude&crs=EPSG:4326&spatialIndex=no&subsetIndex=no&watchFile=no
"5433",Lonicera hispidula,Lonicera,hispidula,,,,native,S5,,48.958390659999999,-123.526132300000000,,NA,NA,"102153877",obs_native,file:///D:/Simon/Sync/Root/GIS/Biodiversity%20Data/obs_native.csv?type=csv&maxFields=10000&detectTypes=yes&xField=longitude&yField=latitude&crs=EPSG:4326&spatialIndex=no&subsetIndex=no&watchFile=no
"5434",Lonicera hispidula,Lonicera,hispidula,,,,native,S5,,48.947497329999997,-123.502467999999993,,NA,NA,"107022569",obs_native,file:///D:/Simon/Sync/Root/GIS/Biodiversity%20Data/obs_native.csv?type=csv&maxFields=10000&detectTypes=yes&xField=longitude&yField=latitude&crs=EPSG:4326&spatialIndex=no&subsetIndex=no&watchFile=no
"5435",Lonicera hispidula,Lonicera,hispidula,,,,native,S5,,48.944081670000003,-123.517084999999994,,NA,NA,"107193918",obs_native,file:///D:/Simon/Sync/Root/GIS/Biodiversity%20Data/obs_native.csv?type=csv&maxFields=10000&detectTypes=yes&xField=longitude&yField=latitude&crs=EPSG:4326&spatialIndex=no&subsetIndex=no&watchFile=no
"5436",Lonicera hispidula,Lonicera,hispidula,,,,native,S5,,48.942360000000001,-123.511205000000004,,NA,NA,"107193921",obs_native,file:///D:/Simon/Sync/Root/GIS/Biodiversity%20Data/obs_native.csv?type=csv&maxFields=10000&detectTypes=yes&xField=longitude&yField=latitude&crs=EPSG:4326&spatialIndex=no&subsetIndex=no&watchFile=no
"5437",Lonicera hispidula,Lonicera,hispidula,,,,native,S5,,48.861216669999997,-123.363894999999999,,NA,NA,"111867194",obs_native,file:///D:/Simon/Sync/Root/GIS/Biodiversity%20Data/obs_native.csv?type=csv&maxFields=10000&detectTypes=yes&xField=longitude&yField=latitude&crs=EPSG:4326&spatialIndex=no&subsetIndex=no&watchFile=no
"5438",Lonicera hispidula,Lonicera,hispidula,,,,native,S5,,48.863753389999999,-123.330738600000004,,NA,NA,"114482737",obs_native,file:///D:/Simon/Sync/Root/GIS/Biodiversity%20Data/obs_native.csv?type=csv&maxFields=10000&detectTypes=yes&xField=longitude&yField=latitude&crs=EPSG:4326&spatialIndex=no&subsetIndex=no&watchFile=no
"5439",Lonicera hispidula,Lonicera,hispidula,,,,native,S5,,48.879988890000000,-123.325822200000005,,NA,NA,"114493718",obs_native,file:///D:/Simon/Sync/Root/GIS/Biodiversity%20Data/obs_native.csv?type=csv&maxFields=10000&detectTypes=yes&xField=longitude&yField=latitude&crs=EPSG:4326&spatialIndex=no&subsetIndex=no&watchFile=no
"5440",Lonicera hispidula,Lonicera,hispidula,,,,native,S5,,48.871616670000002,-123.312060000000002,,NA,NA,"119369447",obs_native,file:///D:/Simon/Sync/Root/GIS/Biodiversity%20Data/obs_native.csv?type=csv&maxFields=10000&detectTypes=yes&xField=longitude&yField=latitude&crs=EPSG:4326&spatialIndex=no&subsetIndex=no&watchFile=no
"5441",Lonicera hispidula,Lonicera,hispidula,,,,native,S5,,48.904609690000001,-123.367231700000005,,NA,NA,"120891235",obs_native,file:///D:/Simon/Sync/Root/GIS/Biodiversity%20Data/obs_native.csv?type=csv&maxFields=10000&detectTypes=yes&xField=longitude&yField=latitude&crs=EPSG:4326&spatialIndex=no&subsetIndex=no&watchFile=no
"5442",Lonicera hispidula,Lonicera,hispidula,,,,native,S5,,48.927120000000002,-123.467278300000004,,NA,NA,"122094407",obs_native,file:///D:/Simon/Sync/Root/GIS/Biodiversity%20Data/obs_native.csv?type=csv&maxFields=10000&detectTypes=yes&xField=longitude&yField=latitude&crs=EPSG:4326&spatialIndex=no&subsetIndex=no&watchFile=no
"5443",Lonicera hispidula,Lonicera,hispidula,,,,native,S5,,48.870829999999998,-123.311913300000001,,NA,NA,"123183484",obs_native,file:///D:/Simon/Sync/Root/GIS/Biodiversity%20Data/obs_native.csv?type=csv&maxFields=10000&detectTypes=yes&xField=longitude&yField=latitude&crs=EPSG:4326&spatialIndex=no&subsetIndex=no&watchFile=no
"5444",Lonicera hispidula,Lonicera,hispidula,,,,native,S5,,48.870891669999999,-123.312333300000006,,NA,NA,"123643898",obs_native,file:///D:/Simon/Sync/Root/GIS/Biodiversity%20Data/obs_native.csv?type=csv&maxFields=10000&detectTypes=yes&xField=longitude&yField=latitude&crs=EPSG:4326&spatialIndex=no&subsetIndex=no&watchFile=no
"5445",Lonicera hispidula,Lonicera,hispidula,,,,native,S5,,49.012050000000002,-123.574541699999997,,NA,NA,"123934490",obs_native,file:///D:/Simon/Sync/Root/GIS/Biodiversity%20Data/obs_native.csv?type=csv&maxFields=10000&detectTypes=yes&xField=longitude&yField=latitude&crs=EPSG:4326&spatialIndex=no&subsetIndex=no&watchFile=no
"5446",Lonicera hispidula,Lonicera,hispidula,,,,native,S5,,49.012773330000002,-123.572956700000006,,NA,NA,"123934568",obs_native,file:///D:/Simon/Sync/Root/GIS/Biodiversity%20Data/obs_native.csv?type=csv&maxFields=10000&detectTypes=yes&xField=longitude&yField=latitude&crs=EPSG:4326&spatialIndex=no&subsetIndex=no&watchFile=no
"5447",Lonicera hispidula,Lonicera,hispidula,,,,native,S5,,48.896506389999999,-123.410193399999997,,NA,NA,"126112593",obs_native,file:///D:/Simon/Sync/Root/GIS/Biodiversity%20Data/obs_native.csv?type=csv&maxFields=10000&detectTypes=yes&xField=longitude&yField=latitude&crs=EPSG:4326&spatialIndex=no&subsetIndex=no&watchFile=no
"5448",Lonicera hispidula,Lonicera,hispidula,,,,native,S5,,48.898204999999997,-123.408180000000002,,NA,NA,"126351660",obs_native,file:///D:/Simon/Sync/Root/GIS/Biodiversity%20Data/obs_native.csv?type=csv&maxFields=10000&detectTypes=yes&xField=longitude&yField=latitude&crs=EPSG:4326&spatialIndex=no&subsetIndex=no&watchFile=no
"5449",Lonicera hispidula,Lonicera,hispidula,,,,native,S5,,48.952616489999997,-123.520176500000005,,NA,NA,"126552333",obs_native,file:///D:/Simon/Sync/Root/GIS/Biodiversity%20Data/obs_native.csv?type=csv&maxFields=10000&detectTypes=yes&xField=longitude&yField=latitude&crs=EPSG:4326&spatialIndex=no&subsetIndex=no&watchFile=no
"5450",Lonicera hispidula,Lonicera,hispidula,,,,native,S5,,48.952471959999997,-123.505681300000006,,NA,NA,"126574811",obs_native,file:///D:/Simon/Sync/Root/GIS/Biodiversity%20Data/obs_native.csv?type=csv&maxFields=10000&detectTypes=yes&xField=longitude&yField=latitude&crs=EPSG:4326&spatialIndex=no&subsetIndex=no&watchFile=no
"5451",Lonicera hispidula,Lonicera,hispidula,,,,native,S5,,48.862273950000002,-123.321306800000002,,NA,NA,"127157385",obs_native,file:///D:/Simon/Sync/Root/GIS/Biodiversity%20Data/obs_native.csv?type=csv&maxFields=10000&detectTypes=yes&xField=longitude&yField=latitude&crs=EPSG:4326&spatialIndex=no&subsetIndex=no&watchFile=no
"5452",Lonicera hispidula,Lonicera,hispidula,,,,native,S5,,48.862324289999997,-123.322322600000007,,NA,NA,"127157389",obs_native,file:///D:/Simon/Sync/Root/GIS/Biodiversity%20Data/obs_native.csv?type=csv&maxFields=10000&detectTypes=yes&xField=longitude&yField=latitude&crs=EPSG:4326&spatialIndex=no&subsetIndex=no&watchFile=no
"5453",Lonicera hispidula,Lonicera,hispidula,,,,native,S5,,48.862388330000002,-123.323171700000003,,NA,NA,"127180966",obs_native,file:///D:/Simon/Sync/Root/GIS/Biodiversity%20Data/obs_native.csv?type=csv&maxFields=10000&detectTypes=yes&xField=longitude&yField=latitude&crs=EPSG:4326&spatialIndex=no&subsetIndex=no&watchFile=no
"5454",Lonicera hispidula,Lonicera,hispidula,,,,native,S5,,48.898328329999998,-123.406854999999993,,NA,NA,"127183230",obs_native,file:///D:/Simon/Sync/Root/GIS/Biodiversity%20Data/obs_native.csv?type=csv&maxFields=10000&detectTypes=yes&xField=longitude&yField=latitude&crs=EPSG:4326&spatialIndex=no&subsetIndex=no&watchFile=no
"5455",Lonicera hispidula,Lonicera,hispidula,,,,native,S5,,48.881200000000000,-123.321299999999994,,NA,NA,"127183992",obs_native,file:///D:/Simon/Sync/Root/GIS/Biodiversity%20Data/obs_native.csv?type=csv&maxFields=10000&detectTypes=yes&xField=longitude&yField=latitude&crs=EPSG:4326&spatialIndex=no&subsetIndex=no&watchFile=no
"5456",Lonicera hispidula,Lonicera,hispidula,,,,native,S5,,48.871794999999999,-123.312478299999995,,NA,NA,"129444413",obs_native,file:///D:/Simon/Sync/Root/GIS/Biodiversity%20Data/obs_native.csv?type=csv&maxFields=10000&detectTypes=yes&xField=longitude&yField=latitude&crs=EPSG:4326&spatialIndex=no&subsetIndex=no&watchFile=no
"5457",Lonicera hispidula,Lonicera,hispidula,,,,native,S5,,48.895862370000003,-123.392312799999999,,NA,NA,"129712997",obs_native,file:///D:/Simon/Sync/Root/GIS/Biodiversity%20Data/obs_native.csv?type=csv&maxFields=10000&detectTypes=yes&xField=longitude&yField=latitude&crs=EPSG:4326&spatialIndex=no&subsetIndex=no&watchFile=no
"5458",Lonicera hispidula,Lonicera,hispidula,,,,native,S5,,48.896308329999997,-123.410063300000004,,NA,NA,"132886871",obs_native,file:///D:/Simon/Sync/Root/GIS/Biodiversity%20Data/obs_native.csv?type=csv&maxFields=10000&detectTypes=yes&xField=longitude&yField=latitude&crs=EPSG:4326&spatialIndex=no&subsetIndex=no&watchFile=no
"5459",Lonicera hispidula,Lonicera,hispidula,,,,native,S5,,48.899303330000002,-123.407263299999997,,NA,NA,"135462439",obs_native,file:///D:/Simon/Sync/Root/GIS/Biodiversity%20Data/obs_native.csv?type=csv&maxFields=10000&detectTypes=yes&xField=longitude&yField=latitude&crs=EPSG:4326&spatialIndex=no&subsetIndex=no&watchFile=no
"5472",Ludwigia palustris,Ludwigia,palustris,,,,native,S5,,48.982548999999999,-123.554992999999996,,NA,NA,"6669733",obs_native,file:///D:/Simon/Sync/Root/GIS/Biodiversity%20Data/obs_native.csv?type=csv&maxFields=10000&detectTypes=yes&xField=longitude&yField=latitude&crs=EPSG:4326&spatialIndex=no&subsetIndex=no&watchFile=no
"5473",Ludwigia palustris,Ludwigia,palustris,,,,native,S5,,48.982548999999999,-123.554992999999996,,NA,NA,"6669748",obs_native,file:///D:/Simon/Sync/Root/GIS/Biodiversity%20Data/obs_native.csv?type=csv&maxFields=10000&detectTypes=yes&xField=longitude&yField=latitude&crs=EPSG:4326&spatialIndex=no&subsetIndex=no&watchFile=no
"5475",Lupinus bicolor,Lupinus,bicolor,,,,native,S5,,48.868296999999998,-123.380122999999998,,NA,NA,"2604255",obs_native,file:///D:/Simon/Sync/Root/GIS/Biodiversity%20Data/obs_native.csv?type=csv&maxFields=10000&detectTypes=yes&xField=longitude&yField=latitude&crs=EPSG:4326&spatialIndex=no&subsetIndex=no&watchFile=no
"5476",Lupinus bicolor,Lupinus,bicolor,,,,native,S5,,48.866764000000003,-123.336060000000003,,NA,NA,"3027617",obs_native,file:///D:/Simon/Sync/Root/GIS/Biodiversity%20Data/obs_native.csv?type=csv&maxFields=10000&detectTypes=yes&xField=longitude&yField=latitude&crs=EPSG:4326&spatialIndex=no&subsetIndex=no&watchFile=no
"5477",Lupinus bicolor,Lupinus,bicolor,,,,native,S5,,48.869045000000000,-123.378150000000005,,NA,NA,"3318977",obs_native,file:///D:/Simon/Sync/Root/GIS/Biodiversity%20Data/obs_native.csv?type=csv&maxFields=10000&detectTypes=yes&xField=longitude&yField=latitude&crs=EPSG:4326&spatialIndex=no&subsetIndex=no&watchFile=no
"5478",Lupinus bicolor,Lupinus,bicolor,,,,native,S5,,48.864132920000003,-123.330084700000000,,NA,NA,"5412224",obs_native,file:///D:/Simon/Sync/Root/GIS/Biodiversity%20Data/obs_native.csv?type=csv&maxFields=10000&detectTypes=yes&xField=longitude&yField=latitude&crs=EPSG:4326&spatialIndex=no&subsetIndex=no&watchFile=no
"5479",Lupinus bicolor,Lupinus,bicolor,,,,native,S5,,48.957202000000002,-123.530366000000001,,NA,NA,"5483454",obs_native,file:///D:/Simon/Sync/Root/GIS/Biodiversity%20Data/obs_native.csv?type=csv&maxFields=10000&detectTypes=yes&xField=longitude&yField=latitude&crs=EPSG:4326&spatialIndex=no&subsetIndex=no&watchFile=no
"5480",Lupinus bicolor,Lupinus,bicolor,,,,native,S5,,48.904561620000003,-123.413457899999997,,NA,NA,"6047547",obs_native,file:///D:/Simon/Sync/Root/GIS/Biodiversity%20Data/obs_native.csv?type=csv&maxFields=10000&detectTypes=yes&xField=longitude&yField=latitude&crs=EPSG:4326&spatialIndex=no&subsetIndex=no&watchFile=no
"5481",Lupinus bicolor,Lupinus,bicolor,,,,native,S5,,48.867255520000001,-123.338141399999998,,NA,NA,"6217218",obs_native,file:///D:/Simon/Sync/Root/GIS/Biodiversity%20Data/obs_native.csv?type=csv&maxFields=10000&detectTypes=yes&xField=longitude&yField=latitude&crs=EPSG:4326&spatialIndex=no&subsetIndex=no&watchFile=no
"5482",Lupinus bicolor,Lupinus,bicolor,,,,native,S5,,48.867255520000001,-123.338356000000005,,NA,NA,"6217509",obs_native,file:///D:/Simon/Sync/Root/GIS/Biodiversity%20Data/obs_native.csv?type=csv&maxFields=10000&detectTypes=yes&xField=longitude&yField=latitude&crs=EPSG:4326&spatialIndex=no&subsetIndex=no&watchFile=no
"5483",Lupinus bicolor,Lupinus,bicolor,,,,native,S5,,48.867255520000001,-123.338356000000005,,NA,NA,"6217510",obs_native,file:///D:/Simon/Sync/Root/GIS/Biodiversity%20Data/obs_native.csv?type=csv&maxFields=10000&detectTypes=yes&xField=longitude&yField=latitude&crs=EPSG:4326&spatialIndex=no&subsetIndex=no&watchFile=no
"5484",Lupinus bicolor,Lupinus,bicolor,,,,native,S5,,48.867227290000002,-123.338077100000007,,NA,NA,"6217926",obs_native,file:///D:/Simon/Sync/Root/GIS/Biodiversity%20Data/obs_native.csv?type=csv&maxFields=10000&detectTypes=yes&xField=longitude&yField=latitude&crs=EPSG:4326&spatialIndex=no&subsetIndex=no&watchFile=no
"5485",Lupinus bicolor,Lupinus,bicolor,,,,native,S5,,48.870269000000000,-123.380326999999994,,NA,NA,"6815806",obs_native,file:///D:/Simon/Sync/Root/GIS/Biodiversity%20Data/obs_native.csv?type=csv&maxFields=10000&detectTypes=yes&xField=longitude&yField=latitude&crs=EPSG:4326&spatialIndex=no&subsetIndex=no&watchFile=no
"5486",Lupinus bicolor,Lupinus,bicolor,,,,native,S5,,48.868313890000003,-123.349000000000004,,NA,NA,"12204672",obs_native,file:///D:/Simon/Sync/Root/GIS/Biodiversity%20Data/obs_native.csv?type=csv&maxFields=10000&detectTypes=yes&xField=longitude&yField=latitude&crs=EPSG:4326&spatialIndex=no&subsetIndex=no&watchFile=no
"5487",Lupinus bicolor,Lupinus,bicolor,,,,native,S5,,48.866304999999997,-123.375505000000004,,NA,NA,"12287114",obs_native,file:///D:/Simon/Sync/Root/GIS/Biodiversity%20Data/obs_native.csv?type=csv&maxFields=10000&detectTypes=yes&xField=longitude&yField=latitude&crs=EPSG:4326&spatialIndex=no&subsetIndex=no&watchFile=no
"5488",Lupinus bicolor,Lupinus,bicolor,,,,native,S5,,48.866956060000000,-123.341274999999996,,NA,NA,"16310359",obs_native,file:///D:/Simon/Sync/Root/GIS/Biodiversity%20Data/obs_native.csv?type=csv&maxFields=10000&detectTypes=yes&xField=longitude&yField=latitude&crs=EPSG:4326&spatialIndex=no&subsetIndex=no&watchFile=no
"5489",Lupinus bicolor,Lupinus,bicolor,,,,native,S5,,48.859630000000003,-123.354738299999994,,NA,NA,"24075398",obs_native,file:///D:/Simon/Sync/Root/GIS/Biodiversity%20Data/obs_native.csv?type=csv&maxFields=10000&detectTypes=yes&xField=longitude&yField=latitude&crs=EPSG:4326&spatialIndex=no&subsetIndex=no&watchFile=no
"5490",Lupinus bicolor,Lupinus,bicolor,,,,native,S5,,48.867927780000002,-123.376366700000005,,NA,NA,"24687957",obs_native,file:///D:/Simon/Sync/Root/GIS/Biodiversity%20Data/obs_native.csv?type=csv&maxFields=10000&detectTypes=yes&xField=longitude&yField=latitude&crs=EPSG:4326&spatialIndex=no&subsetIndex=no&watchFile=no
"5491",Lupinus bicolor,Lupinus,bicolor,,,,native,S5,,48.867874999999998,-123.376549999999995,,NA,NA,"24687958",obs_native,file:///D:/Simon/Sync/Root/GIS/Biodiversity%20Data/obs_native.csv?type=csv&maxFields=10000&detectTypes=yes&xField=longitude&yField=latitude&crs=EPSG:4326&spatialIndex=no&subsetIndex=no&watchFile=no
"5492",Lupinus bicolor,Lupinus,bicolor,,,,native,S5,,48.861655560000003,-123.378258299999999,,NA,NA,"24687981",obs_native,file:///D:/Simon/Sync/Root/GIS/Biodiversity%20Data/obs_native.csv?type=csv&maxFields=10000&detectTypes=yes&xField=longitude&yField=latitude&crs=EPSG:4326&spatialIndex=no&subsetIndex=no&watchFile=no
"5493",Lupinus bicolor,Lupinus,bicolor,,,,native,S5,,48.868800000000000,-123.378058300000006,,NA,NA,"24687986",obs_native,file:///D:/Simon/Sync/Root/GIS/Biodiversity%20Data/obs_native.csv?type=csv&maxFields=10000&detectTypes=yes&xField=longitude&yField=latitude&crs=EPSG:4326&spatialIndex=no&subsetIndex=no&watchFile=no
"5494",Lupinus bicolor,Lupinus,bicolor,,,,native,S5,,48.869580560000003,-123.378988899999996,,NA,NA,"24687995",obs_native,file:///D:/Simon/Sync/Root/GIS/Biodiversity%20Data/obs_native.csv?type=csv&maxFields=10000&detectTypes=yes&xField=longitude&yField=latitude&crs=EPSG:4326&spatialIndex=no&subsetIndex=no&watchFile=no
"5495",Lupinus bicolor,Lupinus,bicolor,,,,native,S5,,48.868641670000002,-123.378258299999999,,NA,NA,"24688020",obs_native,file:///D:/Simon/Sync/Root/GIS/Biodiversity%20Data/obs_native.csv?type=csv&maxFields=10000&detectTypes=yes&xField=longitude&yField=latitude&crs=EPSG:4326&spatialIndex=no&subsetIndex=no&watchFile=no
"5496",Lupinus bicolor,Lupinus,bicolor,,,,native,S5,,48.867275970000001,-123.376058799999996,,NA,NA,"25148272",obs_native,file:///D:/Simon/Sync/Root/GIS/Biodiversity%20Data/obs_native.csv?type=csv&maxFields=10000&detectTypes=yes&xField=longitude&yField=latitude&crs=EPSG:4326&spatialIndex=no&subsetIndex=no&watchFile=no
"5497",Lupinus bicolor,Lupinus,bicolor,,,,native,S5,,48.867117639999996,-123.375813699999995,,NA,NA,"25148281",obs_native,file:///D:/Simon/Sync/Root/GIS/Biodiversity%20Data/obs_native.csv?type=csv&maxFields=10000&detectTypes=yes&xField=longitude&yField=latitude&crs=EPSG:4326&spatialIndex=no&subsetIndex=no&watchFile=no
"5498",Lupinus bicolor,Lupinus,bicolor,,,,native,S5,,48.866970490000000,-123.375777600000006,,NA,NA,"25478938",obs_native,file:///D:/Simon/Sync/Root/GIS/Biodiversity%20Data/obs_native.csv?type=csv&maxFields=10000&detectTypes=yes&xField=longitude&yField=latitude&crs=EPSG:4326&spatialIndex=no&subsetIndex=no&watchFile=no
"5499",Lupinus bicolor,Lupinus,bicolor,,,,native,S5,,48.867082680000003,-123.375783400000003,,NA,NA,"25479093",obs_native,file:///D:/Simon/Sync/Root/GIS/Biodiversity%20Data/obs_native.csv?type=csv&maxFields=10000&detectTypes=yes&xField=longitude&yField=latitude&crs=EPSG:4326&spatialIndex=no&subsetIndex=no&watchFile=no
"5500",Lupinus bicolor,Lupinus,bicolor,,,,native,S5,,48.867150000000002,-123.337294999999997,,NA,NA,"42422635",obs_native,file:///D:/Simon/Sync/Root/GIS/Biodiversity%20Data/obs_native.csv?type=csv&maxFields=10000&detectTypes=yes&xField=longitude&yField=latitude&crs=EPSG:4326&spatialIndex=no&subsetIndex=no&watchFile=no
"5501",Lupinus bicolor,Lupinus,bicolor,,,,native,S5,,48.869499030000000,-123.378936600000003,,NA,NA,"46838937",obs_native,file:///D:/Simon/Sync/Root/GIS/Biodiversity%20Data/obs_native.csv?type=csv&maxFields=10000&detectTypes=yes&xField=longitude&yField=latitude&crs=EPSG:4326&spatialIndex=no&subsetIndex=no&watchFile=no
"5502",Lupinus bicolor,Lupinus,bicolor,,,,native,S5,,48.867636169999997,-123.339388600000007,,NA,NA,"51434459",obs_native,file:///D:/Simon/Sync/Root/GIS/Biodiversity%20Data/obs_native.csv?type=csv&maxFields=10000&detectTypes=yes&xField=longitude&yField=latitude&crs=EPSG:4326&spatialIndex=no&subsetIndex=no&watchFile=no
"5503",Lupinus bicolor,Lupinus,bicolor,,,,native,S5,,48.869502369999999,-123.378919499999995,,NA,NA,"52497415",obs_native,file:///D:/Simon/Sync/Root/GIS/Biodiversity%20Data/obs_native.csv?type=csv&maxFields=10000&detectTypes=yes&xField=longitude&yField=latitude&crs=EPSG:4326&spatialIndex=no&subsetIndex=no&watchFile=no
"5504",Lupinus bicolor,Lupinus,bicolor,,,,native,S5,,48.867233329999998,-123.337249999999997,,NA,NA,"74386593",obs_native,file:///D:/Simon/Sync/Root/GIS/Biodiversity%20Data/obs_native.csv?type=csv&maxFields=10000&detectTypes=yes&xField=longitude&yField=latitude&crs=EPSG:4326&spatialIndex=no&subsetIndex=no&watchFile=no
"5505",Lupinus bicolor,Lupinus,bicolor,,,,native,S5,,48.867328329999999,-123.337271700000002,,NA,NA,"74386621",obs_native,file:///D:/Simon/Sync/Root/GIS/Biodiversity%20Data/obs_native.csv?type=csv&maxFields=10000&detectTypes=yes&xField=longitude&yField=latitude&crs=EPSG:4326&spatialIndex=no&subsetIndex=no&watchFile=no
"5506",Lupinus bicolor,Lupinus,bicolor,,,,native,S5,,48.955444999999997,-123.526328300000003,,NA,NA,"78245503",obs_native,file:///D:/Simon/Sync/Root/GIS/Biodiversity%20Data/obs_native.csv?type=csv&maxFields=10000&detectTypes=yes&xField=longitude&yField=latitude&crs=EPSG:4326&spatialIndex=no&subsetIndex=no&watchFile=no
"5507",Lupinus bicolor,Lupinus,bicolor,,,,native,S5,,48.956812759999998,-123.529029100000002,,NA,NA,"110507688",obs_native,file:///D:/Simon/Sync/Root/GIS/Biodiversity%20Data/obs_native.csv?type=csv&maxFields=10000&detectTypes=yes&xField=longitude&yField=latitude&crs=EPSG:4326&spatialIndex=no&subsetIndex=no&watchFile=no
"5508",Lupinus bicolor,Lupinus,bicolor,,,,native,S5,,48.870481669999997,-123.380206700000002,,NA,NA,"114122227",obs_native,file:///D:/Simon/Sync/Root/GIS/Biodiversity%20Data/obs_native.csv?type=csv&maxFields=10000&detectTypes=yes&xField=longitude&yField=latitude&crs=EPSG:4326&spatialIndex=no&subsetIndex=no&watchFile=no
"5509",Lupinus bicolor,Lupinus,bicolor,,,,native,S5,,48.867108330000001,-123.337386699999996,,NA,NA,"114123646",obs_native,file:///D:/Simon/Sync/Root/GIS/Biodiversity%20Data/obs_native.csv?type=csv&maxFields=10000&detectTypes=yes&xField=longitude&yField=latitude&crs=EPSG:4326&spatialIndex=no&subsetIndex=no&watchFile=no
"5510",Lupinus bicolor,Lupinus,bicolor,,,,native,S5,,48.867613890000001,-123.339469399999999,,NA,NA,"114557920",obs_native,file:///D:/Simon/Sync/Root/GIS/Biodiversity%20Data/obs_native.csv?type=csv&maxFields=10000&detectTypes=yes&xField=longitude&yField=latitude&crs=EPSG:4326&spatialIndex=no&subsetIndex=no&watchFile=no
"5511",Lupinus bicolor,Lupinus,bicolor,,,,native,S5,,48.867663890000003,-123.339783299999993,,NA,NA,"115213205",obs_native,file:///D:/Simon/Sync/Root/GIS/Biodiversity%20Data/obs_native.csv?type=csv&maxFields=10000&detectTypes=yes&xField=longitude&yField=latitude&crs=EPSG:4326&spatialIndex=no&subsetIndex=no&watchFile=no
"5512",Lupinus bicolor,Lupinus,bicolor,,,,native,S5,,48.957904999999997,-123.531588299999996,,NA,NA,"116029589",obs_native,file:///D:/Simon/Sync/Root/GIS/Biodiversity%20Data/obs_native.csv?type=csv&maxFields=10000&detectTypes=yes&xField=longitude&yField=latitude&crs=EPSG:4326&spatialIndex=no&subsetIndex=no&watchFile=no
"5513",Lupinus bicolor,Lupinus,bicolor,,,,native,S5,,48.957905560000000,-123.531486099999995,,NA,NA,"116033740",obs_native,file:///D:/Simon/Sync/Root/GIS/Biodiversity%20Data/obs_native.csv?type=csv&maxFields=10000&detectTypes=yes&xField=longitude&yField=latitude&crs=EPSG:4326&spatialIndex=no&subsetIndex=no&watchFile=no
"5514",Lupinus bicolor,Lupinus,bicolor,,,,native,S5,,48.870410000000000,-123.380321699999996,,NA,NA,"116636178",obs_native,file:///D:/Simon/Sync/Root/GIS/Biodiversity%20Data/obs_native.csv?type=csv&maxFields=10000&detectTypes=yes&xField=longitude&yField=latitude&crs=EPSG:4326&spatialIndex=no&subsetIndex=no&watchFile=no
"5515",Lupinus bicolor,Lupinus,bicolor,,,,native,S5,,48.863463330000002,-123.363101700000001,,NA,NA,"116636243",obs_native,file:///D:/Simon/Sync/Root/GIS/Biodiversity%20Data/obs_native.csv?type=csv&maxFields=10000&detectTypes=yes&xField=longitude&yField=latitude&crs=EPSG:4326&spatialIndex=no&subsetIndex=no&watchFile=no
"5516",Lupinus bicolor,Lupinus,bicolor,,,,native,S5,,48.866993000000001,-123.337140000000005,,NA,NA,"116793380",obs_native,file:///D:/Simon/Sync/Root/GIS/Biodiversity%20Data/obs_native.csv?type=csv&maxFields=10000&detectTypes=yes&xField=longitude&yField=latitude&crs=EPSG:4326&spatialIndex=no&subsetIndex=no&watchFile=no
"5517",Lupinus bicolor,Lupinus,bicolor,,,,native,S5,,48.867744999999999,-123.339704999999995,,NA,NA,"117943755",obs_native,file:///D:/Simon/Sync/Root/GIS/Biodiversity%20Data/obs_native.csv?type=csv&maxFields=10000&detectTypes=yes&xField=longitude&yField=latitude&crs=EPSG:4326&spatialIndex=no&subsetIndex=no&watchFile=no
"5518",Lupinus bicolor,Lupinus,bicolor,,,,native,S5,,48.863689280000003,-123.329975700000006,,NA,NA,"119779002",obs_native,file:///D:/Simon/Sync/Root/GIS/Biodiversity%20Data/obs_native.csv?type=csv&maxFields=10000&detectTypes=yes&xField=longitude&yField=latitude&crs=EPSG:4326&spatialIndex=no&subsetIndex=no&watchFile=no
"5519",Lupinus bicolor,Lupinus,bicolor,,,,native,S5,,48.863446670000002,-123.363811699999999,,NA,NA,"120470372",obs_native,file:///D:/Simon/Sync/Root/GIS/Biodiversity%20Data/obs_native.csv?type=csv&maxFields=10000&detectTypes=yes&xField=longitude&yField=latitude&crs=EPSG:4326&spatialIndex=no&subsetIndex=no&watchFile=no
"5520",Lupinus bicolor,Lupinus,bicolor,,,,native,S5,,48.863658330000000,-123.362961700000000,,NA,NA,"120569479",obs_native,file:///D:/Simon/Sync/Root/GIS/Biodiversity%20Data/obs_native.csv?type=csv&maxFields=10000&detectTypes=yes&xField=longitude&yField=latitude&crs=EPSG:4326&spatialIndex=no&subsetIndex=no&watchFile=no
"5521",Lupinus bicolor,Lupinus,bicolor,,,,native,S5,,48.870139309999999,-123.379986599999995,,NA,NA,"120974457",obs_native,file:///D:/Simon/Sync/Root/GIS/Biodiversity%20Data/obs_native.csv?type=csv&maxFields=10000&detectTypes=yes&xField=longitude&yField=latitude&crs=EPSG:4326&spatialIndex=no&subsetIndex=no&watchFile=no
"5522",Lupinus bicolor,Lupinus,bicolor,,,,native,S5,,48.867977779999997,-123.376366700000005,,NA,NA,"121008364",obs_native,file:///D:/Simon/Sync/Root/GIS/Biodiversity%20Data/obs_native.csv?type=csv&maxFields=10000&detectTypes=yes&xField=longitude&yField=latitude&crs=EPSG:4326&spatialIndex=no&subsetIndex=no&watchFile=no
"5523",Lupinus bicolor,Lupinus,bicolor,,,,native,S5,,48.863624610000002,-123.362993500000002,,NA,NA,"121923443",obs_native,file:///D:/Simon/Sync/Root/GIS/Biodiversity%20Data/obs_native.csv?type=csv&maxFields=10000&detectTypes=yes&xField=longitude&yField=latitude&crs=EPSG:4326&spatialIndex=no&subsetIndex=no&watchFile=no
"5524",Lupinus bicolor,Lupinus,bicolor,,,,native,S5,,48.867691669999999,-123.339455000000001,,NA,NA,"121933543",obs_native,file:///D:/Simon/Sync/Root/GIS/Biodiversity%20Data/obs_native.csv?type=csv&maxFields=10000&detectTypes=yes&xField=longitude&yField=latitude&crs=EPSG:4326&spatialIndex=no&subsetIndex=no&watchFile=no
"5525",Lupinus bicolor,Lupinus,bicolor,,,,native,S5,,48.867708329999999,-123.339439999999996,,NA,NA,"127181965",obs_native,file:///D:/Simon/Sync/Root/GIS/Biodiversity%20Data/obs_native.csv?type=csv&maxFields=10000&detectTypes=yes&xField=longitude&yField=latitude&crs=EPSG:4326&spatialIndex=no&subsetIndex=no&watchFile=no
"5526",Lupinus polycarpus,Lupinus,polycarpus,,,,native,S5,,48.869096999999996,-123.378804000000002,,NA,NA,"6665153",obs_native,file:///D:/Simon/Sync/Root/GIS/Biodiversity%20Data/obs_native.csv?type=csv&maxFields=10000&detectTypes=yes&xField=longitude&yField=latitude&crs=EPSG:4326&spatialIndex=no&subsetIndex=no&watchFile=no
"5527",Lupinus polycarpus,Lupinus,polycarpus,,,,native,S5,,48.867016669999998,-123.375763300000003,,NA,NA,"11581117",obs_native,file:///D:/Simon/Sync/Root/GIS/Biodiversity%20Data/obs_native.csv?type=csv&maxFields=10000&detectTypes=yes&xField=longitude&yField=latitude&crs=EPSG:4326&spatialIndex=no&subsetIndex=no&watchFile=no
"5528",Lupinus polycarpus,Lupinus,polycarpus,,,,native,S5,,48.867244999999997,-123.338282000000007,,NA,NA,"12259133",obs_native,file:///D:/Simon/Sync/Root/GIS/Biodiversity%20Data/obs_native.csv?type=csv&maxFields=10000&detectTypes=yes&xField=longitude&yField=latitude&crs=EPSG:4326&spatialIndex=no&subsetIndex=no&watchFile=no
"5529",Lupinus polycarpus,Lupinus,polycarpus,,,,native,S5,,48.866304999999997,-123.375505000000004,,NA,NA,"12287080",obs_native,file:///D:/Simon/Sync/Root/GIS/Biodiversity%20Data/obs_native.csv?type=csv&maxFields=10000&detectTypes=yes&xField=longitude&yField=latitude&crs=EPSG:4326&spatialIndex=no&subsetIndex=no&watchFile=no
"5530",Lupinus polycarpus,Lupinus,polycarpus,,,,native,S5,,48.867407739999997,-123.338571299999998,,NA,NA,"16307965",obs_native,file:///D:/Simon/Sync/Root/GIS/Biodiversity%20Data/obs_native.csv?type=csv&maxFields=10000&detectTypes=yes&xField=longitude&yField=latitude&crs=EPSG:4326&spatialIndex=no&subsetIndex=no&watchFile=no
"5531",Lupinus polycarpus,Lupinus,polycarpus,,,,native,S5,,48.868306670000003,-123.340990000000005,,NA,NA,"43252922",obs_native,file:///D:/Simon/Sync/Root/GIS/Biodiversity%20Data/obs_native.csv?type=csv&maxFields=10000&detectTypes=yes&xField=longitude&yField=latitude&crs=EPSG:4326&spatialIndex=no&subsetIndex=no&watchFile=no
"5532",Lupinus polycarpus,Lupinus,polycarpus,,,,native,S5,,48.868961669999997,-123.379869999999997,,NA,NA,"114122197",obs_native,file:///D:/Simon/Sync/Root/GIS/Biodiversity%20Data/obs_native.csv?type=csv&maxFields=10000&detectTypes=yes&xField=longitude&yField=latitude&crs=EPSG:4326&spatialIndex=no&subsetIndex=no&watchFile=no
"5533",Lupinus polycarpus,Lupinus,polycarpus,,,,native,S5,,48.873706669999997,-123.383544999999998,,NA,NA,"114122218",obs_native,file:///D:/Simon/Sync/Root/GIS/Biodiversity%20Data/obs_native.csv?type=csv&maxFields=10000&detectTypes=yes&xField=longitude&yField=latitude&crs=EPSG:4326&spatialIndex=no&subsetIndex=no&watchFile=no
"5534",Lupinus polycarpus,Lupinus,polycarpus,,,,native,S5,,48.868462430000001,-123.378256300000004,,NA,NA,"114745476",obs_native,file:///D:/Simon/Sync/Root/GIS/Biodiversity%20Data/obs_native.csv?type=csv&maxFields=10000&detectTypes=yes&xField=longitude&yField=latitude&crs=EPSG:4326&spatialIndex=no&subsetIndex=no&watchFile=no
"5535",Lupinus polycarpus,Lupinus,polycarpus,,,,native,S5,,48.873046279999997,-123.383316100000002,,NA,NA,"114745510",obs_native,file:///D:/Simon/Sync/Root/GIS/Biodiversity%20Data/obs_native.csv?type=csv&maxFields=10000&detectTypes=yes&xField=longitude&yField=latitude&crs=EPSG:4326&spatialIndex=no&subsetIndex=no&watchFile=no
"5536",Lupinus polycarpus,Lupinus,polycarpus,,,,native,S5,,48.863466670000001,-123.363086699999997,,NA,NA,"116636240",obs_native,file:///D:/Simon/Sync/Root/GIS/Biodiversity%20Data/obs_native.csv?type=csv&maxFields=10000&detectTypes=yes&xField=longitude&yField=latitude&crs=EPSG:4326&spatialIndex=no&subsetIndex=no&watchFile=no
"5537",Luzula macrantha,Luzula,macrantha,,,,native,S4S5,,48.930844999999998,-123.479247000000001,,NA,NA,"2575096",obs_native,file:///D:/Simon/Sync/Root/GIS/Biodiversity%20Data/obs_native.csv?type=csv&maxFields=10000&detectTypes=yes&xField=longitude&yField=latitude&crs=EPSG:4326&spatialIndex=no&subsetIndex=no&watchFile=no
"5538",Luzula macrantha,Luzula,macrantha,,,,native,S4S5,,48.916870000000003,-123.423242999999999,,NA,NA,"3098642",obs_native,file:///D:/Simon/Sync/Root/GIS/Biodiversity%20Data/obs_native.csv?type=csv&maxFields=10000&detectTypes=yes&xField=longitude&yField=latitude&crs=EPSG:4326&spatialIndex=no&subsetIndex=no&watchFile=no
"5539",Luzula macrantha,Luzula,macrantha,,,,native,S4S5,,48.932485999999997,-123.483839000000003,,NA,NA,"3318777",obs_native,file:///D:/Simon/Sync/Root/GIS/Biodiversity%20Data/obs_native.csv?type=csv&maxFields=10000&detectTypes=yes&xField=longitude&yField=latitude&crs=EPSG:4326&spatialIndex=no&subsetIndex=no&watchFile=no
"5540",Luzula macrantha,Luzula,macrantha,,,,native,S4S5,,48.872114969999998,-123.311603700000006,,NA,NA,"24711597",obs_native,file:///D:/Simon/Sync/Root/GIS/Biodiversity%20Data/obs_native.csv?type=csv&maxFields=10000&detectTypes=yes&xField=longitude&yField=latitude&crs=EPSG:4326&spatialIndex=no&subsetIndex=no&watchFile=no
"5541",Luzula macrantha,Luzula,macrantha,,,,native,S4S5,,48.901620319999999,-123.405849399999994,,NA,NA,"24715565",obs_native,file:///D:/Simon/Sync/Root/GIS/Biodiversity%20Data/obs_native.csv?type=csv&maxFields=10000&detectTypes=yes&xField=longitude&yField=latitude&crs=EPSG:4326&spatialIndex=no&subsetIndex=no&watchFile=no
"5542",Luzula macrantha,Luzula,macrantha,,,,native,S4S5,,48.869611110000001,-123.341616700000003,,NA,NA,"45938874",obs_native,file:///D:/Simon/Sync/Root/GIS/Biodiversity%20Data/obs_native.csv?type=csv&maxFields=10000&detectTypes=yes&xField=longitude&yField=latitude&crs=EPSG:4326&spatialIndex=no&subsetIndex=no&watchFile=no
"5543",Luzula macrantha,Luzula,macrantha,,,,native,S4S5,,48.868666800000000,-123.377889800000005,,NA,NA,"116636173",obs_native,file:///D:/Simon/Sync/Root/GIS/Biodiversity%20Data/obs_native.csv?type=csv&maxFields=10000&detectTypes=yes&xField=longitude&yField=latitude&crs=EPSG:4326&spatialIndex=no&subsetIndex=no&watchFile=no
"5544",Luzula subsessilis,Luzula,subsessilis,,,,native,S5,,48.932492000000003,-123.484526000000002,,NA,NA,"2567463",obs_native,file:///D:/Simon/Sync/Root/GIS/Biodiversity%20Data/obs_native.csv?type=csv&maxFields=10000&detectTypes=yes&xField=longitude&yField=latitude&crs=EPSG:4326&spatialIndex=no&subsetIndex=no&watchFile=no
"5545",Luzula subsessilis,Luzula,subsessilis,,,,native,S5,,48.931668999999999,-123.482337000000001,,NA,NA,"2588091",obs_native,file:///D:/Simon/Sync/Root/GIS/Biodiversity%20Data/obs_native.csv?type=csv&maxFields=10000&detectTypes=yes&xField=longitude&yField=latitude&crs=EPSG:4326&spatialIndex=no&subsetIndex=no&watchFile=no
"5546",Luzula subsessilis,Luzula,subsessilis,,,,native,S5,,48.931668999999999,-123.482337000000001,,NA,NA,"2588098",obs_native,file:///D:/Simon/Sync/Root/GIS/Biodiversity%20Data/obs_native.csv?type=csv&maxFields=10000&detectTypes=yes&xField=longitude&yField=latitude&crs=EPSG:4326&spatialIndex=no&subsetIndex=no&watchFile=no
"5547",Luzula subsessilis,Luzula,subsessilis,,,,native,S5,,48.932988000000002,-123.485125999999994,,NA,NA,"2605364",obs_native,file:///D:/Simon/Sync/Root/GIS/Biodiversity%20Data/obs_native.csv?type=csv&maxFields=10000&detectTypes=yes&xField=longitude&yField=latitude&crs=EPSG:4326&spatialIndex=no&subsetIndex=no&watchFile=no
"5548",Luzula subsessilis,Luzula,subsessilis,,,,native,S5,,48.927078999999999,-123.466244000000003,,NA,NA,"2822833",obs_native,file:///D:/Simon/Sync/Root/GIS/Biodiversity%20Data/obs_native.csv?type=csv&maxFields=10000&detectTypes=yes&xField=longitude&yField=latitude&crs=EPSG:4326&spatialIndex=no&subsetIndex=no&watchFile=no
"5549",Luzula subsessilis,Luzula,subsessilis,,,,native,S5,,48.867718000000004,-123.340086999999997,,NA,NA,"3041248",obs_native,file:///D:/Simon/Sync/Root/GIS/Biodiversity%20Data/obs_native.csv?type=csv&maxFields=10000&detectTypes=yes&xField=longitude&yField=latitude&crs=EPSG:4326&spatialIndex=no&subsetIndex=no&watchFile=no
"5550",Luzula subsessilis,Luzula,subsessilis,,,,native,S5,,48.869556000000003,-123.379405000000006,,NA,NA,"5537724",obs_native,file:///D:/Simon/Sync/Root/GIS/Biodiversity%20Data/obs_native.csv?type=csv&maxFields=10000&detectTypes=yes&xField=longitude&yField=latitude&crs=EPSG:4326&spatialIndex=no&subsetIndex=no&watchFile=no
"5551",Luzula subsessilis,Luzula,subsessilis,,,,native,S5,,48.929181929999999,-123.470749900000001,,NA,NA,"6218085",obs_native,file:///D:/Simon/Sync/Root/GIS/Biodiversity%20Data/obs_native.csv?type=csv&maxFields=10000&detectTypes=yes&xField=longitude&yField=latitude&crs=EPSG:4326&spatialIndex=no&subsetIndex=no&watchFile=no
"5552",Luzula subsessilis,Luzula,subsessilis,,,,native,S5,,48.931226019999997,-123.479697700000003,,NA,NA,"6411214",obs_native,file:///D:/Simon/Sync/Root/GIS/Biodiversity%20Data/obs_native.csv?type=csv&maxFields=10000&detectTypes=yes&xField=longitude&yField=latitude&crs=EPSG:4326&spatialIndex=no&subsetIndex=no&watchFile=no
"5553",Luzula subsessilis,Luzula,subsessilis,,,,native,S5,,48.955691000000002,-123.527303000000003,,NA,NA,"10306751",obs_native,file:///D:/Simon/Sync/Root/GIS/Biodiversity%20Data/obs_native.csv?type=csv&maxFields=10000&detectTypes=yes&xField=longitude&yField=latitude&crs=EPSG:4326&spatialIndex=no&subsetIndex=no&watchFile=no
"5554",Luzula subsessilis,Luzula,subsessilis,,,,native,S5,,48.869066670000002,-123.341447200000005,,NA,NA,"10558671",obs_native,file:///D:/Simon/Sync/Root/GIS/Biodiversity%20Data/obs_native.csv?type=csv&maxFields=10000&detectTypes=yes&xField=longitude&yField=latitude&crs=EPSG:4326&spatialIndex=no&subsetIndex=no&watchFile=no
"5555",Luzula subsessilis,Luzula,subsessilis,,,,native,S5,,48.956245000000003,-123.527808300000004,,NA,NA,"22182936",obs_native,file:///D:/Simon/Sync/Root/GIS/Biodiversity%20Data/obs_native.csv?type=csv&maxFields=10000&detectTypes=yes&xField=longitude&yField=latitude&crs=EPSG:4326&spatialIndex=no&subsetIndex=no&watchFile=no
"5556",Luzula subsessilis,Luzula,subsessilis,,,,native,S5,,48.871054999999998,-123.343861700000005,,NA,NA,"43252907",obs_native,file:///D:/Simon/Sync/Root/GIS/Biodiversity%20Data/obs_native.csv?type=csv&maxFields=10000&detectTypes=yes&xField=longitude&yField=latitude&crs=EPSG:4326&spatialIndex=no&subsetIndex=no&watchFile=no
"5557",Luzula subsessilis,Luzula,subsessilis,,,,native,S5,,48.955186110000000,-123.525666700000002,,NA,NA,"116033728",obs_native,file:///D:/Simon/Sync/Root/GIS/Biodiversity%20Data/obs_native.csv?type=csv&maxFields=10000&detectTypes=yes&xField=longitude&yField=latitude&crs=EPSG:4326&spatialIndex=no&subsetIndex=no&watchFile=no
"5558",Lycopus americanus,Lycopus,americanus,,,,native,S5,,49.010998999999998,-123.572115999999994,,NA,NA,"3542726",obs_native,file:///D:/Simon/Sync/Root/GIS/Biodiversity%20Data/obs_native.csv?type=csv&maxFields=10000&detectTypes=yes&xField=longitude&yField=latitude&crs=EPSG:4326&spatialIndex=no&subsetIndex=no&watchFile=no
"5559",Lycopus uniflorus,Lycopus,uniflorus,,,,native,S5,,48.993602000000003,-123.575801999999996,,NA,NA,"3881616",obs_native,file:///D:/Simon/Sync/Root/GIS/Biodiversity%20Data/obs_native.csv?type=csv&maxFields=10000&detectTypes=yes&xField=longitude&yField=latitude&crs=EPSG:4326&spatialIndex=no&subsetIndex=no&watchFile=no
"5560",Lycopus uniflorus,Lycopus,uniflorus,,,,native,S5,,48.998085000000003,-123.570763999999997,,NA,NA,"3889080",obs_native,file:///D:/Simon/Sync/Root/GIS/Biodiversity%20Data/obs_native.csv?type=csv&maxFields=10000&detectTypes=yes&xField=longitude&yField=latitude&crs=EPSG:4326&spatialIndex=no&subsetIndex=no&watchFile=no
"5561",Lycopus uniflorus,Lycopus,uniflorus,,,,native,S5,,48.993800000000000,-123.575950000000006,,NA,NA,"3889106",obs_native,file:///D:/Simon/Sync/Root/GIS/Biodiversity%20Data/obs_native.csv?type=csv&maxFields=10000&detectTypes=yes&xField=longitude&yField=latitude&crs=EPSG:4326&spatialIndex=no&subsetIndex=no&watchFile=no
"5562",Lycopus uniflorus,Lycopus,uniflorus,,,,native,S5,,48.983393000000000,-123.556253999999996,,NA,NA,"3890799",obs_native,file:///D:/Simon/Sync/Root/GIS/Biodiversity%20Data/obs_native.csv?type=csv&maxFields=10000&detectTypes=yes&xField=longitude&yField=latitude&crs=EPSG:4326&spatialIndex=no&subsetIndex=no&watchFile=no
"5563",Lycopus uniflorus,Lycopus,uniflorus,,,,native,S5,,48.992375310000000,-123.575098499999996,,NA,NA,"4005337",obs_native,file:///D:/Simon/Sync/Root/GIS/Biodiversity%20Data/obs_native.csv?type=csv&maxFields=10000&detectTypes=yes&xField=longitude&yField=latitude&crs=EPSG:4326&spatialIndex=no&subsetIndex=no&watchFile=no
"5564",Lycopus uniflorus,Lycopus,uniflorus,,,,native,S5,,48.983390000000000,-123.555451700000006,,NA,NA,"14335425",obs_native,file:///D:/Simon/Sync/Root/GIS/Biodiversity%20Data/obs_native.csv?type=csv&maxFields=10000&detectTypes=yes&xField=longitude&yField=latitude&crs=EPSG:4326&spatialIndex=no&subsetIndex=no&watchFile=no
"5565",Lycopus uniflorus,Lycopus,uniflorus,,,,native,S5,,48.942544499999997,-123.481852500000002,,NA,NA,"15336547",obs_native,file:///D:/Simon/Sync/Root/GIS/Biodiversity%20Data/obs_native.csv?type=csv&maxFields=10000&detectTypes=yes&xField=longitude&yField=latitude&crs=EPSG:4326&spatialIndex=no&subsetIndex=no&watchFile=no
"5566",Lysichiton americanus,Lysichiton,americanus,,,,native,S5,,48.930382999999999,-123.466458000000003,,NA,NA,"2565547",obs_native,file:///D:/Simon/Sync/Root/GIS/Biodiversity%20Data/obs_native.csv?type=csv&maxFields=10000&detectTypes=yes&xField=longitude&yField=latitude&crs=EPSG:4326&spatialIndex=no&subsetIndex=no&watchFile=no
"5567",Lysichiton americanus,Lysichiton,americanus,,,,native,S5,,48.931126999999996,-123.468131999999997,,NA,NA,"2566308",obs_native,file:///D:/Simon/Sync/Root/GIS/Biodiversity%20Data/obs_native.csv?type=csv&maxFields=10000&detectTypes=yes&xField=longitude&yField=latitude&crs=EPSG:4326&spatialIndex=no&subsetIndex=no&watchFile=no
"5568",Lysichiton americanus,Lysichiton,americanus,,,,native,S5,,48.930619999999998,-123.466587000000004,,NA,NA,"2568968",obs_native,file:///D:/Simon/Sync/Root/GIS/Biodiversity%20Data/obs_native.csv?type=csv&maxFields=10000&detectTypes=yes&xField=longitude&yField=latitude&crs=EPSG:4326&spatialIndex=no&subsetIndex=no&watchFile=no
"5569",Lysichiton americanus,Lysichiton,americanus,,,,native,S5,,48.878483000000003,-123.321973000000000,,NA,NA,"2572159",obs_native,file:///D:/Simon/Sync/Root/GIS/Biodiversity%20Data/obs_native.csv?type=csv&maxFields=10000&detectTypes=yes&xField=longitude&yField=latitude&crs=EPSG:4326&spatialIndex=no&subsetIndex=no&watchFile=no
"5570",Lysichiton americanus,Lysichiton,americanus,,,,native,S5,,48.873829999999998,-123.349052999999998,,NA,NA,"2583370",obs_native,file:///D:/Simon/Sync/Root/GIS/Biodiversity%20Data/obs_native.csv?type=csv&maxFields=10000&detectTypes=yes&xField=longitude&yField=latitude&crs=EPSG:4326&spatialIndex=no&subsetIndex=no&watchFile=no
"5571",Lysichiton americanus,Lysichiton,americanus,,,,native,S5,,48.874696000000000,-123.349964999999997,,NA,NA,"2767535",obs_native,file:///D:/Simon/Sync/Root/GIS/Biodiversity%20Data/obs_native.csv?type=csv&maxFields=10000&detectTypes=yes&xField=longitude&yField=latitude&crs=EPSG:4326&spatialIndex=no&subsetIndex=no&watchFile=no
"5572",Lysichiton americanus,Lysichiton,americanus,,,,native,S5,,48.876130000000003,-123.350887000000000,,NA,NA,"2805208",obs_native,file:///D:/Simon/Sync/Root/GIS/Biodiversity%20Data/obs_native.csv?type=csv&maxFields=10000&detectTypes=yes&xField=longitude&yField=latitude&crs=EPSG:4326&spatialIndex=no&subsetIndex=no&watchFile=no
"5573",Lysichiton americanus,Lysichiton,americanus,,,,native,S5,,48.897158330000003,-123.349791699999997,,NA,NA,"2813655",obs_native,file:///D:/Simon/Sync/Root/GIS/Biodiversity%20Data/obs_native.csv?type=csv&maxFields=10000&detectTypes=yes&xField=longitude&yField=latitude&crs=EPSG:4326&spatialIndex=no&subsetIndex=no&watchFile=no
"5574",Lysichiton americanus,Lysichiton,americanus,,,,native,S5,,48.932184999999997,-123.470449000000002,,NA,NA,"2823164",obs_native,file:///D:/Simon/Sync/Root/GIS/Biodiversity%20Data/obs_native.csv?type=csv&maxFields=10000&detectTypes=yes&xField=longitude&yField=latitude&crs=EPSG:4326&spatialIndex=no&subsetIndex=no&watchFile=no
"5575",Lysichiton americanus,Lysichiton,americanus,,,,native,S5,,48.889941669999999,-123.346213899999995,,NA,NA,"2958895",obs_native,file:///D:/Simon/Sync/Root/GIS/Biodiversity%20Data/obs_native.csv?type=csv&maxFields=10000&detectTypes=yes&xField=longitude&yField=latitude&crs=EPSG:4326&spatialIndex=no&subsetIndex=no&watchFile=no
"5576",Lysichiton americanus,Lysichiton,americanus,,,,native,S5,,48.948452000000003,-123.502377999999993,,NA,NA,"3414632",obs_native,file:///D:/Simon/Sync/Root/GIS/Biodiversity%20Data/obs_native.csv?type=csv&maxFields=10000&detectTypes=yes&xField=longitude&yField=latitude&crs=EPSG:4326&spatialIndex=no&subsetIndex=no&watchFile=no
"5577",Lysichiton americanus,Lysichiton,americanus,,,,native,S5,,48.939486000000002,-123.471748000000005,,NA,NA,"4171655",obs_native,file:///D:/Simon/Sync/Root/GIS/Biodiversity%20Data/obs_native.csv?type=csv&maxFields=10000&detectTypes=yes&xField=longitude&yField=latitude&crs=EPSG:4326&spatialIndex=no&subsetIndex=no&watchFile=no
"5578",Lysichiton americanus,Lysichiton,americanus,,,,native,S5,,48.982633999999997,-123.554928000000004,,NA,NA,"5643543",obs_native,file:///D:/Simon/Sync/Root/GIS/Biodiversity%20Data/obs_native.csv?type=csv&maxFields=10000&detectTypes=yes&xField=longitude&yField=latitude&crs=EPSG:4326&spatialIndex=no&subsetIndex=no&watchFile=no
"5579",Lysichiton americanus,Lysichiton,americanus,,,,native,S5,,48.884754999999998,-123.372902999999994,,NA,NA,"5983382",obs_native,file:///D:/Simon/Sync/Root/GIS/Biodiversity%20Data/obs_native.csv?type=csv&maxFields=10000&detectTypes=yes&xField=longitude&yField=latitude&crs=EPSG:4326&spatialIndex=no&subsetIndex=no&watchFile=no
"5580",Lysichiton americanus,Lysichiton,americanus,,,,native,S5,,48.897734589999999,-123.361905800000002,,NA,NA,"5993186",obs_native,file:///D:/Simon/Sync/Root/GIS/Biodiversity%20Data/obs_native.csv?type=csv&maxFields=10000&detectTypes=yes&xField=longitude&yField=latitude&crs=EPSG:4326&spatialIndex=no&subsetIndex=no&watchFile=no
"5581",Lysichiton americanus,Lysichiton,americanus,,,,native,S5,,48.897734589999999,-123.361905800000002,,NA,NA,"5993189",obs_native,file:///D:/Simon/Sync/Root/GIS/Biodiversity%20Data/obs_native.csv?type=csv&maxFields=10000&detectTypes=yes&xField=longitude&yField=latitude&crs=EPSG:4326&spatialIndex=no&subsetIndex=no&watchFile=no
"5582",Lysichiton americanus,Lysichiton,americanus,,,,native,S5,,48.864602779999998,-123.353430599999996,,NA,NA,"10037347",obs_native,file:///D:/Simon/Sync/Root/GIS/Biodiversity%20Data/obs_native.csv?type=csv&maxFields=10000&detectTypes=yes&xField=longitude&yField=latitude&crs=EPSG:4326&spatialIndex=no&subsetIndex=no&watchFile=no
"5583",Lysichiton americanus,Lysichiton,americanus,,,,native,S5,,48.874077000000000,-123.342488000000003,,NA,NA,"12791832",obs_native,file:///D:/Simon/Sync/Root/GIS/Biodiversity%20Data/obs_native.csv?type=csv&maxFields=10000&detectTypes=yes&xField=longitude&yField=latitude&crs=EPSG:4326&spatialIndex=no&subsetIndex=no&watchFile=no
"5584",Lysichiton americanus,Lysichiton,americanus,,,,native,S5,,48.874405000000003,-123.349410000000006,,NA,NA,"13973464",obs_native,file:///D:/Simon/Sync/Root/GIS/Biodiversity%20Data/obs_native.csv?type=csv&maxFields=10000&detectTypes=yes&xField=longitude&yField=latitude&crs=EPSG:4326&spatialIndex=no&subsetIndex=no&watchFile=no
"5585",Lysichiton americanus,Lysichiton,americanus,,,,native,S5,,48.874183330000001,-123.342536100000004,,NA,NA,"21993516",obs_native,file:///D:/Simon/Sync/Root/GIS/Biodiversity%20Data/obs_native.csv?type=csv&maxFields=10000&detectTypes=yes&xField=longitude&yField=latitude&crs=EPSG:4326&spatialIndex=no&subsetIndex=no&watchFile=no
"5586",Lysichiton americanus,Lysichiton,americanus,,,,native,S5,,48.978813330000001,-123.561188299999998,,NA,NA,"22100922",obs_native,file:///D:/Simon/Sync/Root/GIS/Biodiversity%20Data/obs_native.csv?type=csv&maxFields=10000&detectTypes=yes&xField=longitude&yField=latitude&crs=EPSG:4326&spatialIndex=no&subsetIndex=no&watchFile=no
"5587",Lysichiton americanus,Lysichiton,americanus,,,,native,S5,,48.868969999999997,-123.344308299999994,,NA,NA,"23845519",obs_native,file:///D:/Simon/Sync/Root/GIS/Biodiversity%20Data/obs_native.csv?type=csv&maxFields=10000&detectTypes=yes&xField=longitude&yField=latitude&crs=EPSG:4326&spatialIndex=no&subsetIndex=no&watchFile=no
"5588",Lysichiton americanus,Lysichiton,americanus,,,,native,S5,,49.002826519999999,-123.574567099999996,,NA,NA,"24497653",obs_native,file:///D:/Simon/Sync/Root/GIS/Biodiversity%20Data/obs_native.csv?type=csv&maxFields=10000&detectTypes=yes&xField=longitude&yField=latitude&crs=EPSG:4326&spatialIndex=no&subsetIndex=no&watchFile=no
"5589",Lysichiton americanus,Lysichiton,americanus,,,,native,S5,,48.956836650000000,-123.517216399999995,,NA,NA,"24712167",obs_native,file:///D:/Simon/Sync/Root/GIS/Biodiversity%20Data/obs_native.csv?type=csv&maxFields=10000&detectTypes=yes&xField=longitude&yField=latitude&crs=EPSG:4326&spatialIndex=no&subsetIndex=no&watchFile=no
"5590",Lysichiton americanus,Lysichiton,americanus,,,,native,S5,,48.980293099999997,-123.558324700000000,,NA,NA,"24820894",obs_native,file:///D:/Simon/Sync/Root/GIS/Biodiversity%20Data/obs_native.csv?type=csv&maxFields=10000&detectTypes=yes&xField=longitude&yField=latitude&crs=EPSG:4326&spatialIndex=no&subsetIndex=no&watchFile=no
"5591",Lysichiton americanus,Lysichiton,americanus,,,,native,S5,,48.979335980000002,-123.557490799999997,,NA,NA,"25480093",obs_native,file:///D:/Simon/Sync/Root/GIS/Biodiversity%20Data/obs_native.csv?type=csv&maxFields=10000&detectTypes=yes&xField=longitude&yField=latitude&crs=EPSG:4326&spatialIndex=no&subsetIndex=no&watchFile=no
"5592",Lysichiton americanus,Lysichiton,americanus,,,,native,S5,,48.979493810000001,-123.557845400000005,,NA,NA,"25480489",obs_native,file:///D:/Simon/Sync/Root/GIS/Biodiversity%20Data/obs_native.csv?type=csv&maxFields=10000&detectTypes=yes&xField=longitude&yField=latitude&crs=EPSG:4326&spatialIndex=no&subsetIndex=no&watchFile=no
"5593",Lysichiton americanus,Lysichiton,americanus,,,,native,S5,,48.979829340000002,-123.557517599999997,,NA,NA,"25482655",obs_native,file:///D:/Simon/Sync/Root/GIS/Biodiversity%20Data/obs_native.csv?type=csv&maxFields=10000&detectTypes=yes&xField=longitude&yField=latitude&crs=EPSG:4326&spatialIndex=no&subsetIndex=no&watchFile=no
"5594",Lysichiton americanus,Lysichiton,americanus,,,,native,S5,,48.932772149999998,-123.479333600000004,,NA,NA,"39970078",obs_native,file:///D:/Simon/Sync/Root/GIS/Biodiversity%20Data/obs_native.csv?type=csv&maxFields=10000&detectTypes=yes&xField=longitude&yField=latitude&crs=EPSG:4326&spatialIndex=no&subsetIndex=no&watchFile=no
"5595",Lysichiton americanus,Lysichiton,americanus,,,,native,S5,,48.867709699999999,-123.347714800000006,,NA,NA,"40458061",obs_native,file:///D:/Simon/Sync/Root/GIS/Biodiversity%20Data/obs_native.csv?type=csv&maxFields=10000&detectTypes=yes&xField=longitude&yField=latitude&crs=EPSG:4326&spatialIndex=no&subsetIndex=no&watchFile=no
"5596",Lysichiton americanus,Lysichiton,americanus,,,,native,S5,,48.874200000000002,-123.343497200000002,,NA,NA,"71457520",obs_native,file:///D:/Simon/Sync/Root/GIS/Biodiversity%20Data/obs_native.csv?type=csv&maxFields=10000&detectTypes=yes&xField=longitude&yField=latitude&crs=EPSG:4326&spatialIndex=no&subsetIndex=no&watchFile=no
"5597",Lysichiton americanus,Lysichiton,americanus,,,,native,S5,,48.929460570000003,-123.469286999999994,,NA,NA,"84371140",obs_native,file:///D:/Simon/Sync/Root/GIS/Biodiversity%20Data/obs_native.csv?type=csv&maxFields=10000&detectTypes=yes&xField=longitude&yField=latitude&crs=EPSG:4326&spatialIndex=no&subsetIndex=no&watchFile=no
"5598",Lysichiton americanus,Lysichiton,americanus,,,,native,S5,,48.929183330000001,-123.470458300000004,,NA,NA,"84374805",obs_native,file:///D:/Simon/Sync/Root/GIS/Biodiversity%20Data/obs_native.csv?type=csv&maxFields=10000&detectTypes=yes&xField=longitude&yField=latitude&crs=EPSG:4326&spatialIndex=no&subsetIndex=no&watchFile=no
"5599",Lysichiton americanus,Lysichiton,americanus,,,,native,S5,,48.929536669999997,-123.470486699999995,,NA,NA,"84392592",obs_native,file:///D:/Simon/Sync/Root/GIS/Biodiversity%20Data/obs_native.csv?type=csv&maxFields=10000&detectTypes=yes&xField=longitude&yField=latitude&crs=EPSG:4326&spatialIndex=no&subsetIndex=no&watchFile=no
"5600",Lysichiton americanus,Lysichiton,americanus,,,,native,S5,,48.874450000000003,-123.343546700000005,,NA,NA,"87960720",obs_native,file:///D:/Simon/Sync/Root/GIS/Biodiversity%20Data/obs_native.csv?type=csv&maxFields=10000&detectTypes=yes&xField=longitude&yField=latitude&crs=EPSG:4326&spatialIndex=no&subsetIndex=no&watchFile=no
"5601",Lysichiton americanus,Lysichiton,americanus,,,,native,S5,,48.884738919999997,-123.371912399999999,,NA,NA,"93550069",obs_native,file:///D:/Simon/Sync/Root/GIS/Biodiversity%20Data/obs_native.csv?type=csv&maxFields=10000&detectTypes=yes&xField=longitude&yField=latitude&crs=EPSG:4326&spatialIndex=no&subsetIndex=no&watchFile=no
"5602",Lysichiton americanus,Lysichiton,americanus,,,,native,S5,,48.870286000000000,-123.320719999999994,,NA,NA,"108993533",obs_native,file:///D:/Simon/Sync/Root/GIS/Biodiversity%20Data/obs_native.csv?type=csv&maxFields=10000&detectTypes=yes&xField=longitude&yField=latitude&crs=EPSG:4326&spatialIndex=no&subsetIndex=no&watchFile=no
"5603",Lysichiton americanus,Lysichiton,americanus,,,,native,S5,,48.874008330000002,-123.343772200000004,,NA,NA,"109376849",obs_native,file:///D:/Simon/Sync/Root/GIS/Biodiversity%20Data/obs_native.csv?type=csv&maxFields=10000&detectTypes=yes&xField=longitude&yField=latitude&crs=EPSG:4326&spatialIndex=no&subsetIndex=no&watchFile=no
"5604",Lysichiton americanus,Lysichiton,americanus,,,,native,S5,,49.008347590000000,-123.576193000000004,,NA,NA,"111608929",obs_native,file:///D:/Simon/Sync/Root/GIS/Biodiversity%20Data/obs_native.csv?type=csv&maxFields=10000&detectTypes=yes&xField=longitude&yField=latitude&crs=EPSG:4326&spatialIndex=no&subsetIndex=no&watchFile=no
"5605",Lysichiton americanus,Lysichiton,americanus,,,,native,S5,,48.876017959999999,-123.371617200000003,,NA,NA,"118608387",obs_native,file:///D:/Simon/Sync/Root/GIS/Biodiversity%20Data/obs_native.csv?type=csv&maxFields=10000&detectTypes=yes&xField=longitude&yField=latitude&crs=EPSG:4326&spatialIndex=no&subsetIndex=no&watchFile=no
"5606",Lysichiton americanus,Lysichiton,americanus,,,,native,S5,,48.876653330000003,-123.371411699999996,,NA,NA,"118608403",obs_native,file:///D:/Simon/Sync/Root/GIS/Biodiversity%20Data/obs_native.csv?type=csv&maxFields=10000&detectTypes=yes&xField=longitude&yField=latitude&crs=EPSG:4326&spatialIndex=no&subsetIndex=no&watchFile=no
"5607",Lysichiton americanus,Lysichiton,americanus,,,,native,S5,,48.877040000000001,-123.371608300000005,,NA,NA,"118608411",obs_native,file:///D:/Simon/Sync/Root/GIS/Biodiversity%20Data/obs_native.csv?type=csv&maxFields=10000&detectTypes=yes&xField=longitude&yField=latitude&crs=EPSG:4326&spatialIndex=no&subsetIndex=no&watchFile=no
"5608",Lysichiton americanus,Lysichiton,americanus,,,,native,S5,,48.880088330000000,-123.380988299999999,,NA,NA,"118718716",obs_native,file:///D:/Simon/Sync/Root/GIS/Biodiversity%20Data/obs_native.csv?type=csv&maxFields=10000&detectTypes=yes&xField=longitude&yField=latitude&crs=EPSG:4326&spatialIndex=no&subsetIndex=no&watchFile=no
"5609",Lysichiton americanus,Lysichiton,americanus,,,,native,S5,,48.880013329999997,-123.380991699999996,,NA,NA,"118718723",obs_native,file:///D:/Simon/Sync/Root/GIS/Biodiversity%20Data/obs_native.csv?type=csv&maxFields=10000&detectTypes=yes&xField=longitude&yField=latitude&crs=EPSG:4326&spatialIndex=no&subsetIndex=no&watchFile=no
"5610",Lysichiton americanus,Lysichiton,americanus,,,,native,S5,,48.880315000000003,-123.380994999999999,,NA,NA,"118718740",obs_native,file:///D:/Simon/Sync/Root/GIS/Biodiversity%20Data/obs_native.csv?type=csv&maxFields=10000&detectTypes=yes&xField=longitude&yField=latitude&crs=EPSG:4326&spatialIndex=no&subsetIndex=no&watchFile=no
"5611",Lysichiton americanus,Lysichiton,americanus,,,,native,S5,,48.880470000000003,-123.380393299999994,,NA,NA,"118718755",obs_native,file:///D:/Simon/Sync/Root/GIS/Biodiversity%20Data/obs_native.csv?type=csv&maxFields=10000&detectTypes=yes&xField=longitude&yField=latitude&crs=EPSG:4326&spatialIndex=no&subsetIndex=no&watchFile=no
"5612",Lysichiton americanus,Lysichiton,americanus,,,,native,S5,,48.880486670000003,-123.380291700000001,,NA,NA,"118718759",obs_native,file:///D:/Simon/Sync/Root/GIS/Biodiversity%20Data/obs_native.csv?type=csv&maxFields=10000&detectTypes=yes&xField=longitude&yField=latitude&crs=EPSG:4326&spatialIndex=no&subsetIndex=no&watchFile=no
"5613",Lysichiton americanus,Lysichiton,americanus,,,,native,S5,,48.959871319999998,-123.508814700000002,,NA,NA,"136055319",obs_native,file:///D:/Simon/Sync/Root/GIS/Biodiversity%20Data/obs_native.csv?type=csv&maxFields=10000&detectTypes=yes&xField=longitude&yField=latitude&crs=EPSG:4326&spatialIndex=no&subsetIndex=no&watchFile=no
"5614",Lysimachia latifolia,Lysimachia,latifolia,,,,native,S4S5,,48.930236000000001,-123.467016000000001,,NA,NA,"2567734",obs_native,file:///D:/Simon/Sync/Root/GIS/Biodiversity%20Data/obs_native.csv?type=csv&maxFields=10000&detectTypes=yes&xField=longitude&yField=latitude&crs=EPSG:4326&spatialIndex=no&subsetIndex=no&watchFile=no
"5615",Lysimachia latifolia,Lysimachia,latifolia,,,,native,S4S5,,48.932260999999997,-123.482938000000004,,NA,NA,"2567923",obs_native,file:///D:/Simon/Sync/Root/GIS/Biodiversity%20Data/obs_native.csv?type=csv&maxFields=10000&detectTypes=yes&xField=longitude&yField=latitude&crs=EPSG:4326&spatialIndex=no&subsetIndex=no&watchFile=no
"5616",Lysimachia latifolia,Lysimachia,latifolia,,,,native,S4S5,,48.928624999999997,-123.470782999999997,,NA,NA,"2617732",obs_native,file:///D:/Simon/Sync/Root/GIS/Biodiversity%20Data/obs_native.csv?type=csv&maxFields=10000&detectTypes=yes&xField=longitude&yField=latitude&crs=EPSG:4326&spatialIndex=no&subsetIndex=no&watchFile=no
"5617",Lysimachia latifolia,Lysimachia,latifolia,,,,native,S4S5,,48.927641999999999,-123.467703000000000,,NA,NA,"2822871",obs_native,file:///D:/Simon/Sync/Root/GIS/Biodiversity%20Data/obs_native.csv?type=csv&maxFields=10000&detectTypes=yes&xField=longitude&yField=latitude&crs=EPSG:4326&spatialIndex=no&subsetIndex=no&watchFile=no
"5618",Lysimachia latifolia,Lysimachia,latifolia,,,,native,S4S5,,48.916645000000003,-123.424272999999999,,NA,NA,"3093784",obs_native,file:///D:/Simon/Sync/Root/GIS/Biodiversity%20Data/obs_native.csv?type=csv&maxFields=10000&detectTypes=yes&xField=longitude&yField=latitude&crs=EPSG:4326&spatialIndex=no&subsetIndex=no&watchFile=no
"5619",Lysimachia latifolia,Lysimachia,latifolia,,,,native,S4S5,,48.919024999999998,-123.430623999999995,,NA,NA,"3114505",obs_native,file:///D:/Simon/Sync/Root/GIS/Biodiversity%20Data/obs_native.csv?type=csv&maxFields=10000&detectTypes=yes&xField=longitude&yField=latitude&crs=EPSG:4326&spatialIndex=no&subsetIndex=no&watchFile=no
"5620",Lysimachia latifolia,Lysimachia,latifolia,,,,native,S4S5,,48.869262999999997,-123.346316999999999,,NA,NA,"3116736",obs_native,file:///D:/Simon/Sync/Root/GIS/Biodiversity%20Data/obs_native.csv?type=csv&maxFields=10000&detectTypes=yes&xField=longitude&yField=latitude&crs=EPSG:4326&spatialIndex=no&subsetIndex=no&watchFile=no
"5621",Lysimachia latifolia,Lysimachia,latifolia,,,,native,S4S5,,48.915793000000001,-123.425002000000006,,NA,NA,"3181391",obs_native,file:///D:/Simon/Sync/Root/GIS/Biodiversity%20Data/obs_native.csv?type=csv&maxFields=10000&detectTypes=yes&xField=longitude&yField=latitude&crs=EPSG:4326&spatialIndex=no&subsetIndex=no&watchFile=no
"5622",Lysimachia latifolia,Lysimachia,latifolia,,,,native,S4S5,,48.896949999999997,-123.406677000000002,,NA,NA,"3310773",obs_native,file:///D:/Simon/Sync/Root/GIS/Biodiversity%20Data/obs_native.csv?type=csv&maxFields=10000&detectTypes=yes&xField=longitude&yField=latitude&crs=EPSG:4326&spatialIndex=no&subsetIndex=no&watchFile=no
"5623",Lysimachia latifolia,Lysimachia,latifolia,,,,native,S4S5,,48.868828999999998,-123.345984000000001,,NA,NA,"5537073",obs_native,file:///D:/Simon/Sync/Root/GIS/Biodiversity%20Data/obs_native.csv?type=csv&maxFields=10000&detectTypes=yes&xField=longitude&yField=latitude&crs=EPSG:4326&spatialIndex=no&subsetIndex=no&watchFile=no
"5624",Lysimachia latifolia,Lysimachia,latifolia,,,,native,S4S5,,48.906649029999997,-123.360865099999998,,NA,NA,"5646938",obs_native,file:///D:/Simon/Sync/Root/GIS/Biodiversity%20Data/obs_native.csv?type=csv&maxFields=10000&detectTypes=yes&xField=longitude&yField=latitude&crs=EPSG:4326&spatialIndex=no&subsetIndex=no&watchFile=no
"5625",Lysimachia latifolia,Lysimachia,latifolia,,,,native,S4S5,,48.906225919999997,-123.360671999999994,,NA,NA,"5885580",obs_native,file:///D:/Simon/Sync/Root/GIS/Biodiversity%20Data/obs_native.csv?type=csv&maxFields=10000&detectTypes=yes&xField=longitude&yField=latitude&crs=EPSG:4326&spatialIndex=no&subsetIndex=no&watchFile=no
"5626",Lysimachia latifolia,Lysimachia,latifolia,,,,native,S4S5,,48.927969529999999,-123.470706899999996,,NA,NA,"6298755",obs_native,file:///D:/Simon/Sync/Root/GIS/Biodiversity%20Data/obs_native.csv?type=csv&maxFields=10000&detectTypes=yes&xField=longitude&yField=latitude&crs=EPSG:4326&spatialIndex=no&subsetIndex=no&watchFile=no
"5627",Lysimachia latifolia,Lysimachia,latifolia,,,,native,S4S5,,48.940352949999998,-123.503301100000002,,NA,NA,"6299012",obs_native,file:///D:/Simon/Sync/Root/GIS/Biodiversity%20Data/obs_native.csv?type=csv&maxFields=10000&detectTypes=yes&xField=longitude&yField=latitude&crs=EPSG:4326&spatialIndex=no&subsetIndex=no&watchFile=no
"5628",Lysimachia latifolia,Lysimachia,latifolia,,,,native,S4S5,,48.962638190000000,-123.548040400000005,,NA,NA,"6391059",obs_native,file:///D:/Simon/Sync/Root/GIS/Biodiversity%20Data/obs_native.csv?type=csv&maxFields=10000&detectTypes=yes&xField=longitude&yField=latitude&crs=EPSG:4326&spatialIndex=no&subsetIndex=no&watchFile=no
"5629",Lysimachia latifolia,Lysimachia,latifolia,,,,native,S4S5,,48.900723999999997,-123.362584999999996,,NA,NA,"6413745",obs_native,file:///D:/Simon/Sync/Root/GIS/Biodiversity%20Data/obs_native.csv?type=csv&maxFields=10000&detectTypes=yes&xField=longitude&yField=latitude&crs=EPSG:4326&spatialIndex=no&subsetIndex=no&watchFile=no
"5630",Lysimachia latifolia,Lysimachia,latifolia,,,,native,S4S5,,48.899806650000002,-123.404141600000003,,NA,NA,"6482077",obs_native,file:///D:/Simon/Sync/Root/GIS/Biodiversity%20Data/obs_native.csv?type=csv&maxFields=10000&detectTypes=yes&xField=longitude&yField=latitude&crs=EPSG:4326&spatialIndex=no&subsetIndex=no&watchFile=no
"5631",Lysimachia latifolia,Lysimachia,latifolia,,,,native,S4S5,,48.876690500000002,-123.382558799999998,,NA,NA,"6714918",obs_native,file:///D:/Simon/Sync/Root/GIS/Biodiversity%20Data/obs_native.csv?type=csv&maxFields=10000&detectTypes=yes&xField=longitude&yField=latitude&crs=EPSG:4326&spatialIndex=no&subsetIndex=no&watchFile=no
"5632",Lysimachia latifolia,Lysimachia,latifolia,,,,native,S4S5,,48.872669000000002,-123.370613000000006,,NA,NA,"12315586",obs_native,file:///D:/Simon/Sync/Root/GIS/Biodiversity%20Data/obs_native.csv?type=csv&maxFields=10000&detectTypes=yes&xField=longitude&yField=latitude&crs=EPSG:4326&spatialIndex=no&subsetIndex=no&watchFile=no
"5633",Lysimachia latifolia,Lysimachia,latifolia,,,,native,S4S5,,48.915641000000001,-123.425758999999999,,NA,NA,"12344923",obs_native,file:///D:/Simon/Sync/Root/GIS/Biodiversity%20Data/obs_native.csv?type=csv&maxFields=10000&detectTypes=yes&xField=longitude&yField=latitude&crs=EPSG:4326&spatialIndex=no&subsetIndex=no&watchFile=no
"5634",Lysimachia latifolia,Lysimachia,latifolia,,,,native,S4S5,,48.875515000000000,-123.341887000000000,,NA,NA,"12631066",obs_native,file:///D:/Simon/Sync/Root/GIS/Biodiversity%20Data/obs_native.csv?type=csv&maxFields=10000&detectTypes=yes&xField=longitude&yField=latitude&crs=EPSG:4326&spatialIndex=no&subsetIndex=no&watchFile=no
"5635",Lysimachia latifolia,Lysimachia,latifolia,,,,native,S4S5,,48.870607000000000,-123.343086000000000,,NA,NA,"12762163",obs_native,file:///D:/Simon/Sync/Root/GIS/Biodiversity%20Data/obs_native.csv?type=csv&maxFields=10000&detectTypes=yes&xField=longitude&yField=latitude&crs=EPSG:4326&spatialIndex=no&subsetIndex=no&watchFile=no
"5636",Lysimachia latifolia,Lysimachia,latifolia,,,,native,S4S5,,48.874772999999998,-123.336338999999995,,NA,NA,"12763071",obs_native,file:///D:/Simon/Sync/Root/GIS/Biodiversity%20Data/obs_native.csv?type=csv&maxFields=10000&detectTypes=yes&xField=longitude&yField=latitude&crs=EPSG:4326&spatialIndex=no&subsetIndex=no&watchFile=no
"5637",Lysimachia latifolia,Lysimachia,latifolia,,,,native,S4S5,,48.874510000000001,-123.333782999999997,,NA,NA,"12763234",obs_native,file:///D:/Simon/Sync/Root/GIS/Biodiversity%20Data/obs_native.csv?type=csv&maxFields=10000&detectTypes=yes&xField=longitude&yField=latitude&crs=EPSG:4326&spatialIndex=no&subsetIndex=no&watchFile=no
"5638",Lysimachia latifolia,Lysimachia,latifolia,,,,native,S4S5,,48.880411000000002,-123.336709999999997,,NA,NA,"12789415",obs_native,file:///D:/Simon/Sync/Root/GIS/Biodiversity%20Data/obs_native.csv?type=csv&maxFields=10000&detectTypes=yes&xField=longitude&yField=latitude&crs=EPSG:4326&spatialIndex=no&subsetIndex=no&watchFile=no
"5639",Lysimachia latifolia,Lysimachia,latifolia,,,,native,S4S5,,48.870280000000001,-123.346739999999997,,NA,NA,"13973350",obs_native,file:///D:/Simon/Sync/Root/GIS/Biodiversity%20Data/obs_native.csv?type=csv&maxFields=10000&detectTypes=yes&xField=longitude&yField=latitude&crs=EPSG:4326&spatialIndex=no&subsetIndex=no&watchFile=no
"5640",Lysimachia latifolia,Lysimachia,latifolia,,,,native,S4S5,,48.940428439999998,-123.503384900000000,,NA,NA,"16307023",obs_native,file:///D:/Simon/Sync/Root/GIS/Biodiversity%20Data/obs_native.csv?type=csv&maxFields=10000&detectTypes=yes&xField=longitude&yField=latitude&crs=EPSG:4326&spatialIndex=no&subsetIndex=no&watchFile=no
"5641",Lysimachia latifolia,Lysimachia,latifolia,,,,native,S4S5,,48.940231109999999,-123.503631600000006,,NA,NA,"16309746",obs_native,file:///D:/Simon/Sync/Root/GIS/Biodiversity%20Data/obs_native.csv?type=csv&maxFields=10000&detectTypes=yes&xField=longitude&yField=latitude&crs=EPSG:4326&spatialIndex=no&subsetIndex=no&watchFile=no
"5642",Lysimachia latifolia,Lysimachia,latifolia,,,,native,S4S5,,48.896888330000003,-123.346100000000007,,NA,NA,"22441286",obs_native,file:///D:/Simon/Sync/Root/GIS/Biodiversity%20Data/obs_native.csv?type=csv&maxFields=10000&detectTypes=yes&xField=longitude&yField=latitude&crs=EPSG:4326&spatialIndex=no&subsetIndex=no&watchFile=no
"5643",Lysimachia latifolia,Lysimachia,latifolia,,,,native,S4S5,,48.867083110000003,-123.329148099999998,,NA,NA,"22799458",obs_native,file:///D:/Simon/Sync/Root/GIS/Biodiversity%20Data/obs_native.csv?type=csv&maxFields=10000&detectTypes=yes&xField=longitude&yField=latitude&crs=EPSG:4326&spatialIndex=no&subsetIndex=no&watchFile=no
"5644",Lysimachia latifolia,Lysimachia,latifolia,,,,native,S4S5,,49.007592539999997,-123.576028399999998,,NA,NA,"24497697",obs_native,file:///D:/Simon/Sync/Root/GIS/Biodiversity%20Data/obs_native.csv?type=csv&maxFields=10000&detectTypes=yes&xField=longitude&yField=latitude&crs=EPSG:4326&spatialIndex=no&subsetIndex=no&watchFile=no
"5645",Lysimachia latifolia,Lysimachia,latifolia,,,,native,S4S5,,48.897499080000003,-123.408332799999997,,NA,NA,"24624685",obs_native,file:///D:/Simon/Sync/Root/GIS/Biodiversity%20Data/obs_native.csv?type=csv&maxFields=10000&detectTypes=yes&xField=longitude&yField=latitude&crs=EPSG:4326&spatialIndex=no&subsetIndex=no&watchFile=no
"5646",Lysimachia latifolia,Lysimachia,latifolia,,,,native,S4S5,,48.962416670000003,-123.518050000000002,,NA,NA,"24663846",obs_native,file:///D:/Simon/Sync/Root/GIS/Biodiversity%20Data/obs_native.csv?type=csv&maxFields=10000&detectTypes=yes&xField=longitude&yField=latitude&crs=EPSG:4326&spatialIndex=no&subsetIndex=no&watchFile=no
"5647",Lysimachia latifolia,Lysimachia,latifolia,,,,native,S4S5,,48.963733329999997,-123.515341699999993,,NA,NA,"24666646",obs_native,file:///D:/Simon/Sync/Root/GIS/Biodiversity%20Data/obs_native.csv?type=csv&maxFields=10000&detectTypes=yes&xField=longitude&yField=latitude&crs=EPSG:4326&spatialIndex=no&subsetIndex=no&watchFile=no
"5648",Lysimachia latifolia,Lysimachia,latifolia,,,,native,S4S5,,48.900813890000002,-123.406891700000003,,NA,NA,"24676886",obs_native,file:///D:/Simon/Sync/Root/GIS/Biodiversity%20Data/obs_native.csv?type=csv&maxFields=10000&detectTypes=yes&xField=longitude&yField=latitude&crs=EPSG:4326&spatialIndex=no&subsetIndex=no&watchFile=no
"5649",Lysimachia latifolia,Lysimachia,latifolia,,,,native,S4S5,,48.900913889999998,-123.406836100000007,,NA,NA,"24676899",obs_native,file:///D:/Simon/Sync/Root/GIS/Biodiversity%20Data/obs_native.csv?type=csv&maxFields=10000&detectTypes=yes&xField=longitude&yField=latitude&crs=EPSG:4326&spatialIndex=no&subsetIndex=no&watchFile=no
"5650",Lysimachia latifolia,Lysimachia,latifolia,,,,native,S4S5,,48.897250000000000,-123.408516700000007,,NA,NA,"24677330",obs_native,file:///D:/Simon/Sync/Root/GIS/Biodiversity%20Data/obs_native.csv?type=csv&maxFields=10000&detectTypes=yes&xField=longitude&yField=latitude&crs=EPSG:4326&spatialIndex=no&subsetIndex=no&watchFile=no
"5651",Lysimachia latifolia,Lysimachia,latifolia,,,,native,S4S5,,48.897758330000002,-123.408127800000003,,NA,NA,"24677352",obs_native,file:///D:/Simon/Sync/Root/GIS/Biodiversity%20Data/obs_native.csv?type=csv&maxFields=10000&detectTypes=yes&xField=longitude&yField=latitude&crs=EPSG:4326&spatialIndex=no&subsetIndex=no&watchFile=no
"5652",Lysimachia latifolia,Lysimachia,latifolia,,,,native,S4S5,,48.895430560000001,-123.406927800000005,,NA,NA,"24677429",obs_native,file:///D:/Simon/Sync/Root/GIS/Biodiversity%20Data/obs_native.csv?type=csv&maxFields=10000&detectTypes=yes&xField=longitude&yField=latitude&crs=EPSG:4326&spatialIndex=no&subsetIndex=no&watchFile=no
"5653",Lysimachia latifolia,Lysimachia,latifolia,,,,native,S4S5,,48.895405560000000,-123.406936099999996,,NA,NA,"24677441",obs_native,file:///D:/Simon/Sync/Root/GIS/Biodiversity%20Data/obs_native.csv?type=csv&maxFields=10000&detectTypes=yes&xField=longitude&yField=latitude&crs=EPSG:4326&spatialIndex=no&subsetIndex=no&watchFile=no
"5654",Lysimachia latifolia,Lysimachia,latifolia,,,,native,S4S5,,48.895694440000000,-123.407066700000001,,NA,NA,"24677469",obs_native,file:///D:/Simon/Sync/Root/GIS/Biodiversity%20Data/obs_native.csv?type=csv&maxFields=10000&detectTypes=yes&xField=longitude&yField=latitude&crs=EPSG:4326&spatialIndex=no&subsetIndex=no&watchFile=no
"5655",Lysimachia latifolia,Lysimachia,latifolia,,,,native,S4S5,,48.897188890000002,-123.408377799999997,,NA,NA,"24677523",obs_native,file:///D:/Simon/Sync/Root/GIS/Biodiversity%20Data/obs_native.csv?type=csv&maxFields=10000&detectTypes=yes&xField=longitude&yField=latitude&crs=EPSG:4326&spatialIndex=no&subsetIndex=no&watchFile=no
"5656",Lysimachia latifolia,Lysimachia,latifolia,,,,native,S4S5,,48.895847220000000,-123.406205600000007,,NA,NA,"24677568",obs_native,file:///D:/Simon/Sync/Root/GIS/Biodiversity%20Data/obs_native.csv?type=csv&maxFields=10000&detectTypes=yes&xField=longitude&yField=latitude&crs=EPSG:4326&spatialIndex=no&subsetIndex=no&watchFile=no
"5657",Lysimachia latifolia,Lysimachia,latifolia,,,,native,S4S5,,48.896963890000002,-123.407836099999997,,NA,NA,"24677573",obs_native,file:///D:/Simon/Sync/Root/GIS/Biodiversity%20Data/obs_native.csv?type=csv&maxFields=10000&detectTypes=yes&xField=longitude&yField=latitude&crs=EPSG:4326&spatialIndex=no&subsetIndex=no&watchFile=no
"5658",Lysimachia latifolia,Lysimachia,latifolia,,,,native,S4S5,,48.896816670000000,-123.408019400000001,,NA,NA,"24677583",obs_native,file:///D:/Simon/Sync/Root/GIS/Biodiversity%20Data/obs_native.csv?type=csv&maxFields=10000&detectTypes=yes&xField=longitude&yField=latitude&crs=EPSG:4326&spatialIndex=no&subsetIndex=no&watchFile=no
"5659",Lysimachia latifolia,Lysimachia,latifolia,,,,native,S4S5,,48.898663329999998,-123.406783300000001,,NA,NA,"24688380",obs_native,file:///D:/Simon/Sync/Root/GIS/Biodiversity%20Data/obs_native.csv?type=csv&maxFields=10000&detectTypes=yes&xField=longitude&yField=latitude&crs=EPSG:4326&spatialIndex=no&subsetIndex=no&watchFile=no
"5660",Lysimachia latifolia,Lysimachia,latifolia,,,,native,S4S5,,48.900712579999997,-123.406771300000003,,NA,NA,"24689717",obs_native,file:///D:/Simon/Sync/Root/GIS/Biodiversity%20Data/obs_native.csv?type=csv&maxFields=10000&detectTypes=yes&xField=longitude&yField=latitude&crs=EPSG:4326&spatialIndex=no&subsetIndex=no&watchFile=no
"5661",Lysimachia latifolia,Lysimachia,latifolia,,,,native,S4S5,,48.893966669999998,-123.405040000000000,,NA,NA,"24699767",obs_native,file:///D:/Simon/Sync/Root/GIS/Biodiversity%20Data/obs_native.csv?type=csv&maxFields=10000&detectTypes=yes&xField=longitude&yField=latitude&crs=EPSG:4326&spatialIndex=no&subsetIndex=no&watchFile=no
"5662",Lysimachia latifolia,Lysimachia,latifolia,,,,native,S4S5,,48.894847220000003,-123.404847200000006,,NA,NA,"24701284",obs_native,file:///D:/Simon/Sync/Root/GIS/Biodiversity%20Data/obs_native.csv?type=csv&maxFields=10000&detectTypes=yes&xField=longitude&yField=latitude&crs=EPSG:4326&spatialIndex=no&subsetIndex=no&watchFile=no
"5663",Lysimachia latifolia,Lysimachia,latifolia,,,,native,S4S5,,48.893761110000000,-123.405541700000001,,NA,NA,"24701320",obs_native,file:///D:/Simon/Sync/Root/GIS/Biodiversity%20Data/obs_native.csv?type=csv&maxFields=10000&detectTypes=yes&xField=longitude&yField=latitude&crs=EPSG:4326&spatialIndex=no&subsetIndex=no&watchFile=no
"5664",Lysimachia latifolia,Lysimachia,latifolia,,,,native,S4S5,,48.871983329999999,-123.312819399999995,,NA,NA,"24701420",obs_native,file:///D:/Simon/Sync/Root/GIS/Biodiversity%20Data/obs_native.csv?type=csv&maxFields=10000&detectTypes=yes&xField=longitude&yField=latitude&crs=EPSG:4326&spatialIndex=no&subsetIndex=no&watchFile=no
"5665",Lysimachia latifolia,Lysimachia,latifolia,,,,native,S4S5,,48.866536109999998,-123.329955600000005,,NA,NA,"24702310",obs_native,file:///D:/Simon/Sync/Root/GIS/Biodiversity%20Data/obs_native.csv?type=csv&maxFields=10000&detectTypes=yes&xField=longitude&yField=latitude&crs=EPSG:4326&spatialIndex=no&subsetIndex=no&watchFile=no
"5666",Lysimachia latifolia,Lysimachia,latifolia,,,,native,S4S5,,48.871878469999999,-123.312266100000002,,NA,NA,"24708254",obs_native,file:///D:/Simon/Sync/Root/GIS/Biodiversity%20Data/obs_native.csv?type=csv&maxFields=10000&detectTypes=yes&xField=longitude&yField=latitude&crs=EPSG:4326&spatialIndex=no&subsetIndex=no&watchFile=no
"5667",Lysimachia latifolia,Lysimachia,latifolia,,,,native,S4S5,,48.900536410000001,-123.406765100000001,,NA,NA,"24708599",obs_native,file:///D:/Simon/Sync/Root/GIS/Biodiversity%20Data/obs_native.csv?type=csv&maxFields=10000&detectTypes=yes&xField=longitude&yField=latitude&crs=EPSG:4326&spatialIndex=no&subsetIndex=no&watchFile=no
"5668",Lysimachia latifolia,Lysimachia,latifolia,,,,native,S4S5,,48.897609449999997,-123.408612599999998,,NA,NA,"24711751",obs_native,file:///D:/Simon/Sync/Root/GIS/Biodiversity%20Data/obs_native.csv?type=csv&maxFields=10000&detectTypes=yes&xField=longitude&yField=latitude&crs=EPSG:4326&spatialIndex=no&subsetIndex=no&watchFile=no
"5669",Lysimachia latifolia,Lysimachia,latifolia,,,,native,S4S5,,48.871786729999997,-123.312210500000006,,NA,NA,"24713485",obs_native,file:///D:/Simon/Sync/Root/GIS/Biodiversity%20Data/obs_native.csv?type=csv&maxFields=10000&detectTypes=yes&xField=longitude&yField=latitude&crs=EPSG:4326&spatialIndex=no&subsetIndex=no&watchFile=no
"5670",Lysimachia latifolia,Lysimachia,latifolia,,,,native,S4S5,,48.900952240000002,-123.406778399999993,,NA,NA,"24714964",obs_native,file:///D:/Simon/Sync/Root/GIS/Biodiversity%20Data/obs_native.csv?type=csv&maxFields=10000&detectTypes=yes&xField=longitude&yField=latitude&crs=EPSG:4326&spatialIndex=no&subsetIndex=no&watchFile=no
"5671",Lysimachia latifolia,Lysimachia,latifolia,,,,native,S4S5,,48.900486080000000,-123.406762299999997,,NA,NA,"24715214",obs_native,file:///D:/Simon/Sync/Root/GIS/Biodiversity%20Data/obs_native.csv?type=csv&maxFields=10000&detectTypes=yes&xField=longitude&yField=latitude&crs=EPSG:4326&spatialIndex=no&subsetIndex=no&watchFile=no
"5672",Lysimachia latifolia,Lysimachia,latifolia,,,,native,S4S5,,48.871758329999999,-123.312155599999997,,NA,NA,"24806505",obs_native,file:///D:/Simon/Sync/Root/GIS/Biodiversity%20Data/obs_native.csv?type=csv&maxFields=10000&detectTypes=yes&xField=longitude&yField=latitude&crs=EPSG:4326&spatialIndex=no&subsetIndex=no&watchFile=no
"5673",Lysimachia latifolia,Lysimachia,latifolia,,,,native,S4S5,,48.871813889999999,-123.312172200000006,,NA,NA,"24806730",obs_native,file:///D:/Simon/Sync/Root/GIS/Biodiversity%20Data/obs_native.csv?type=csv&maxFields=10000&detectTypes=yes&xField=longitude&yField=latitude&crs=EPSG:4326&spatialIndex=no&subsetIndex=no&watchFile=no
"5674",Lysimachia latifolia,Lysimachia,latifolia,,,,native,S4S5,,48.898787140000003,-123.406950100000003,,NA,NA,"24822535",obs_native,file:///D:/Simon/Sync/Root/GIS/Biodiversity%20Data/obs_native.csv?type=csv&maxFields=10000&detectTypes=yes&xField=longitude&yField=latitude&crs=EPSG:4326&spatialIndex=no&subsetIndex=no&watchFile=no
"5675",Lysimachia latifolia,Lysimachia,latifolia,,,,native,S4S5,,48.871758329999999,-123.312155599999997,,NA,NA,"24824156",obs_native,file:///D:/Simon/Sync/Root/GIS/Biodiversity%20Data/obs_native.csv?type=csv&maxFields=10000&detectTypes=yes&xField=longitude&yField=latitude&crs=EPSG:4326&spatialIndex=no&subsetIndex=no&watchFile=no
"5676",Lysimachia latifolia,Lysimachia,latifolia,,,,native,S4S5,,48.899538800000002,-123.404445600000003,,NA,NA,"24885488",obs_native,file:///D:/Simon/Sync/Root/GIS/Biodiversity%20Data/obs_native.csv?type=csv&maxFields=10000&detectTypes=yes&xField=longitude&yField=latitude&crs=EPSG:4326&spatialIndex=no&subsetIndex=no&watchFile=no
"5677",Lysimachia latifolia,Lysimachia,latifolia,,,,native,S4S5,,48.897271070000002,-123.408860700000005,,NA,NA,"24937743",obs_native,file:///D:/Simon/Sync/Root/GIS/Biodiversity%20Data/obs_native.csv?type=csv&maxFields=10000&detectTypes=yes&xField=longitude&yField=latitude&crs=EPSG:4326&spatialIndex=no&subsetIndex=no&watchFile=no
"5678",Lysimachia latifolia,Lysimachia,latifolia,,,,native,S4S5,,48.896164700000000,-123.409594400000003,,NA,NA,"24942669",obs_native,file:///D:/Simon/Sync/Root/GIS/Biodiversity%20Data/obs_native.csv?type=csv&maxFields=10000&detectTypes=yes&xField=longitude&yField=latitude&crs=EPSG:4326&spatialIndex=no&subsetIndex=no&watchFile=no
"5679",Lysimachia latifolia,Lysimachia,latifolia,,,,native,S4S5,,48.872088890000001,-123.312652799999995,,NA,NA,"25048319",obs_native,file:///D:/Simon/Sync/Root/GIS/Biodiversity%20Data/obs_native.csv?type=csv&maxFields=10000&detectTypes=yes&xField=longitude&yField=latitude&crs=EPSG:4326&spatialIndex=no&subsetIndex=no&watchFile=no
"5680",Lysimachia latifolia,Lysimachia,latifolia,,,,native,S4S5,,48.895395000000001,-123.349761700000002,,NA,NA,"25085397",obs_native,file:///D:/Simon/Sync/Root/GIS/Biodiversity%20Data/obs_native.csv?type=csv&maxFields=10000&detectTypes=yes&xField=longitude&yField=latitude&crs=EPSG:4326&spatialIndex=no&subsetIndex=no&watchFile=no
"5681",Lysimachia latifolia,Lysimachia,latifolia,,,,native,S4S5,,48.899283150000002,-123.403496599999997,,NA,NA,"25478149",obs_native,file:///D:/Simon/Sync/Root/GIS/Biodiversity%20Data/obs_native.csv?type=csv&maxFields=10000&detectTypes=yes&xField=longitude&yField=latitude&crs=EPSG:4326&spatialIndex=no&subsetIndex=no&watchFile=no
"5682",Lysimachia latifolia,Lysimachia,latifolia,,,,native,S4S5,,48.899353050000002,-123.403553700000003,,NA,NA,"25478178",obs_native,file:///D:/Simon/Sync/Root/GIS/Biodiversity%20Data/obs_native.csv?type=csv&maxFields=10000&detectTypes=yes&xField=longitude&yField=latitude&crs=EPSG:4326&spatialIndex=no&subsetIndex=no&watchFile=no
"5683",Lysimachia latifolia,Lysimachia,latifolia,,,,native,S4S5,,48.899573410000002,-123.404059700000005,,NA,NA,"25478396",obs_native,file:///D:/Simon/Sync/Root/GIS/Biodiversity%20Data/obs_native.csv?type=csv&maxFields=10000&detectTypes=yes&xField=longitude&yField=latitude&crs=EPSG:4326&spatialIndex=no&subsetIndex=no&watchFile=no
"5684",Lysimachia latifolia,Lysimachia,latifolia,,,,native,S4S5,,48.978803020000001,-123.556414200000006,,NA,NA,"25479275",obs_native,file:///D:/Simon/Sync/Root/GIS/Biodiversity%20Data/obs_native.csv?type=csv&maxFields=10000&detectTypes=yes&xField=longitude&yField=latitude&crs=EPSG:4326&spatialIndex=no&subsetIndex=no&watchFile=no
"5685",Lysimachia latifolia,Lysimachia,latifolia,,,,native,S4S5,,48.900902780000003,-123.407341700000003,,NA,NA,"25541301",obs_native,file:///D:/Simon/Sync/Root/GIS/Biodiversity%20Data/obs_native.csv?type=csv&maxFields=10000&detectTypes=yes&xField=longitude&yField=latitude&crs=EPSG:4326&spatialIndex=no&subsetIndex=no&watchFile=no
"5686",Lysimachia latifolia,Lysimachia,latifolia,,,,native,S4S5,,48.963813889999997,-123.518280599999997,,NA,NA,"25654988",obs_native,file:///D:/Simon/Sync/Root/GIS/Biodiversity%20Data/obs_native.csv?type=csv&maxFields=10000&detectTypes=yes&xField=longitude&yField=latitude&crs=EPSG:4326&spatialIndex=no&subsetIndex=no&watchFile=no
"5687",Lysimachia latifolia,Lysimachia,latifolia,,,,native,S4S5,,48.897655559999997,-123.408347199999994,,NA,NA,"25655365",obs_native,file:///D:/Simon/Sync/Root/GIS/Biodiversity%20Data/obs_native.csv?type=csv&maxFields=10000&detectTypes=yes&xField=longitude&yField=latitude&crs=EPSG:4326&spatialIndex=no&subsetIndex=no&watchFile=no
"5688",Lysimachia latifolia,Lysimachia,latifolia,,,,native,S4S5,,48.866530560000001,-123.329880599999996,,NA,NA,"25658080",obs_native,file:///D:/Simon/Sync/Root/GIS/Biodiversity%20Data/obs_native.csv?type=csv&maxFields=10000&detectTypes=yes&xField=longitude&yField=latitude&crs=EPSG:4326&spatialIndex=no&subsetIndex=no&watchFile=no
"5689",Lysimachia latifolia,Lysimachia,latifolia,,,,native,S4S5,,48.896028330000000,-123.406021699999997,,NA,NA,"32119769",obs_native,file:///D:/Simon/Sync/Root/GIS/Biodiversity%20Data/obs_native.csv?type=csv&maxFields=10000&detectTypes=yes&xField=longitude&yField=latitude&crs=EPSG:4326&spatialIndex=no&subsetIndex=no&watchFile=no
"5690",Lysimachia latifolia,Lysimachia,latifolia,,,,native,S4S5,,48.871895000000002,-123.312721699999997,,NA,NA,"32120986",obs_native,file:///D:/Simon/Sync/Root/GIS/Biodiversity%20Data/obs_native.csv?type=csv&maxFields=10000&detectTypes=yes&xField=longitude&yField=latitude&crs=EPSG:4326&spatialIndex=no&subsetIndex=no&watchFile=no
"5691",Lysimachia latifolia,Lysimachia,latifolia,,,,native,S4S5,,48.943199999999997,-123.482855000000001,,NA,NA,"45848862",obs_native,file:///D:/Simon/Sync/Root/GIS/Biodiversity%20Data/obs_native.csv?type=csv&maxFields=10000&detectTypes=yes&xField=longitude&yField=latitude&crs=EPSG:4326&spatialIndex=no&subsetIndex=no&watchFile=no
"5692",Lysimachia latifolia,Lysimachia,latifolia,,,,native,S4S5,,48.870086669999999,-123.321275000000000,,NA,NA,"46034341",obs_native,file:///D:/Simon/Sync/Root/GIS/Biodiversity%20Data/obs_native.csv?type=csv&maxFields=10000&detectTypes=yes&xField=longitude&yField=latitude&crs=EPSG:4326&spatialIndex=no&subsetIndex=no&watchFile=no
"5693",Lysimachia latifolia,Lysimachia,latifolia,,,,native,S4S5,,48.897396669999999,-123.347380000000001,,NA,NA,"46245068",obs_native,file:///D:/Simon/Sync/Root/GIS/Biodiversity%20Data/obs_native.csv?type=csv&maxFields=10000&detectTypes=yes&xField=longitude&yField=latitude&crs=EPSG:4326&spatialIndex=no&subsetIndex=no&watchFile=no
"5694",Lysimachia latifolia,Lysimachia,latifolia,,,,native,S4S5,,48.892903330000003,-123.355278299999995,,NA,NA,"46340690",obs_native,file:///D:/Simon/Sync/Root/GIS/Biodiversity%20Data/obs_native.csv?type=csv&maxFields=10000&detectTypes=yes&xField=longitude&yField=latitude&crs=EPSG:4326&spatialIndex=no&subsetIndex=no&watchFile=no
"5695",Lysimachia latifolia,Lysimachia,latifolia,,,,native,S4S5,,48.927185729999998,-123.468610600000005,,NA,NA,"53169972",obs_native,file:///D:/Simon/Sync/Root/GIS/Biodiversity%20Data/obs_native.csv?type=csv&maxFields=10000&detectTypes=yes&xField=longitude&yField=latitude&crs=EPSG:4326&spatialIndex=no&subsetIndex=no&watchFile=no
"5696",Lysimachia latifolia,Lysimachia,latifolia,,,,native,S4S5,,48.928849800000002,-123.469130800000002,,NA,NA,"54691671",obs_native,file:///D:/Simon/Sync/Root/GIS/Biodiversity%20Data/obs_native.csv?type=csv&maxFields=10000&detectTypes=yes&xField=longitude&yField=latitude&crs=EPSG:4326&spatialIndex=no&subsetIndex=no&watchFile=no
"5697",Lysimachia latifolia,Lysimachia,latifolia,,,,native,S4S5,,48.901944440000001,-123.353055600000005,,NA,NA,"68336806",obs_native,file:///D:/Simon/Sync/Root/GIS/Biodiversity%20Data/obs_native.csv?type=csv&maxFields=10000&detectTypes=yes&xField=longitude&yField=latitude&crs=EPSG:4326&spatialIndex=no&subsetIndex=no&watchFile=no
"5698",Lysimachia latifolia,Lysimachia,latifolia,,,,native,S4S5,,48.866536670000002,-123.329466699999998,,NA,NA,"76722512",obs_native,file:///D:/Simon/Sync/Root/GIS/Biodiversity%20Data/obs_native.csv?type=csv&maxFields=10000&detectTypes=yes&xField=longitude&yField=latitude&crs=EPSG:4326&spatialIndex=no&subsetIndex=no&watchFile=no
"5699",Lysimachia latifolia,Lysimachia,latifolia,,,,native,S4S5,,48.949241669999999,-123.510483300000004,,NA,NA,"77929853",obs_native,file:///D:/Simon/Sync/Root/GIS/Biodiversity%20Data/obs_native.csv?type=csv&maxFields=10000&detectTypes=yes&xField=longitude&yField=latitude&crs=EPSG:4326&spatialIndex=no&subsetIndex=no&watchFile=no
"5700",Lysimachia latifolia,Lysimachia,latifolia,,,,native,S4S5,,48.899788330000000,-123.343613300000001,,NA,NA,"78525402",obs_native,file:///D:/Simon/Sync/Root/GIS/Biodiversity%20Data/obs_native.csv?type=csv&maxFields=10000&detectTypes=yes&xField=longitude&yField=latitude&crs=EPSG:4326&spatialIndex=no&subsetIndex=no&watchFile=no
"5701",Lysimachia latifolia,Lysimachia,latifolia,,,,native,S4S5,,48.877311669999997,-123.358933300000004,,NA,NA,"80624942",obs_native,file:///D:/Simon/Sync/Root/GIS/Biodiversity%20Data/obs_native.csv?type=csv&maxFields=10000&detectTypes=yes&xField=longitude&yField=latitude&crs=EPSG:4326&spatialIndex=no&subsetIndex=no&watchFile=no
"5702",Lysimachia latifolia,Lysimachia,latifolia,,,,native,S4S5,,48.927812629999998,-123.468341400000000,,NA,NA,"84073734",obs_native,file:///D:/Simon/Sync/Root/GIS/Biodiversity%20Data/obs_native.csv?type=csv&maxFields=10000&detectTypes=yes&xField=longitude&yField=latitude&crs=EPSG:4326&spatialIndex=no&subsetIndex=no&watchFile=no
"5703",Lysimachia latifolia,Lysimachia,latifolia,,,,native,S4S5,,48.929040950000001,-123.467501400000003,,NA,NA,"84712264",obs_native,file:///D:/Simon/Sync/Root/GIS/Biodiversity%20Data/obs_native.csv?type=csv&maxFields=10000&detectTypes=yes&xField=longitude&yField=latitude&crs=EPSG:4326&spatialIndex=no&subsetIndex=no&watchFile=no
"5704",Lysimachia latifolia,Lysimachia,latifolia,,,,native,S4S5,,48.927644330000000,-123.467343999999997,,NA,NA,"84750173",obs_native,file:///D:/Simon/Sync/Root/GIS/Biodiversity%20Data/obs_native.csv?type=csv&maxFields=10000&detectTypes=yes&xField=longitude&yField=latitude&crs=EPSG:4326&spatialIndex=no&subsetIndex=no&watchFile=no
"5705",Lysimachia latifolia,Lysimachia,latifolia,,,,native,S4S5,,48.927763329999998,-123.468208300000001,,NA,NA,"84750796",obs_native,file:///D:/Simon/Sync/Root/GIS/Biodiversity%20Data/obs_native.csv?type=csv&maxFields=10000&detectTypes=yes&xField=longitude&yField=latitude&crs=EPSG:4326&spatialIndex=no&subsetIndex=no&watchFile=no
"5706",Lysimachia latifolia,Lysimachia,latifolia,,,,native,S4S5,,48.868400800000003,-123.339248299999994,,NA,NA,"86633407",obs_native,file:///D:/Simon/Sync/Root/GIS/Biodiversity%20Data/obs_native.csv?type=csv&maxFields=10000&detectTypes=yes&xField=longitude&yField=latitude&crs=EPSG:4326&spatialIndex=no&subsetIndex=no&watchFile=no
"5707",Lysimachia latifolia,Lysimachia,latifolia,,,,native,S4S5,,48.994594890000002,-123.554896400000004,,NA,NA,"94679808",obs_native,file:///D:/Simon/Sync/Root/GIS/Biodiversity%20Data/obs_native.csv?type=csv&maxFields=10000&detectTypes=yes&xField=longitude&yField=latitude&crs=EPSG:4326&spatialIndex=no&subsetIndex=no&watchFile=no
"5708",Lysimachia latifolia,Lysimachia,latifolia,,,,native,S4S5,,48.866315229999998,-123.330947100000003,,NA,NA,"114482519",obs_native,file:///D:/Simon/Sync/Root/GIS/Biodiversity%20Data/obs_native.csv?type=csv&maxFields=10000&detectTypes=yes&xField=longitude&yField=latitude&crs=EPSG:4326&spatialIndex=no&subsetIndex=no&watchFile=no
"5709",Lysimachia latifolia,Lysimachia,latifolia,,,,native,S4S5,,48.897469999999998,-123.408096700000002,,NA,NA,"116919559",obs_native,file:///D:/Simon/Sync/Root/GIS/Biodiversity%20Data/obs_native.csv?type=csv&maxFields=10000&detectTypes=yes&xField=longitude&yField=latitude&crs=EPSG:4326&spatialIndex=no&subsetIndex=no&watchFile=no
"5710",Lysimachia latifolia,Lysimachia,latifolia,,,,native,S4S5,,48.998600449999998,-123.587317799999994,,NA,NA,"118449256",obs_native,file:///D:/Simon/Sync/Root/GIS/Biodiversity%20Data/obs_native.csv?type=csv&maxFields=10000&detectTypes=yes&xField=longitude&yField=latitude&crs=EPSG:4326&spatialIndex=no&subsetIndex=no&watchFile=no
"5711",Lysimachia latifolia,Lysimachia,latifolia,,,,native,S4S5,,48.875275999999999,-123.341151999999994,,NA,NA,"118975054",obs_native,file:///D:/Simon/Sync/Root/GIS/Biodiversity%20Data/obs_native.csv?type=csv&maxFields=10000&detectTypes=yes&xField=longitude&yField=latitude&crs=EPSG:4326&spatialIndex=no&subsetIndex=no&watchFile=no
"5712",Lysimachia latifolia,Lysimachia,latifolia,,,,native,S4S5,,48.866669999999999,-123.355896700000002,,NA,NA,"120569838",obs_native,file:///D:/Simon/Sync/Root/GIS/Biodiversity%20Data/obs_native.csv?type=csv&maxFields=10000&detectTypes=yes&xField=longitude&yField=latitude&crs=EPSG:4326&spatialIndex=no&subsetIndex=no&watchFile=no
"5713",Lysimachia latifolia,Lysimachia,latifolia,,,,native,S4S5,,48.904609690000001,-123.367231700000005,,NA,NA,"120891241",obs_native,file:///D:/Simon/Sync/Root/GIS/Biodiversity%20Data/obs_native.csv?type=csv&maxFields=10000&detectTypes=yes&xField=longitude&yField=latitude&crs=EPSG:4326&spatialIndex=no&subsetIndex=no&watchFile=no
"5714",Lysimachia latifolia,Lysimachia,latifolia,,,,native,S4S5,,48.927202780000002,-123.468505600000000,,NA,NA,"122225287",obs_native,file:///D:/Simon/Sync/Root/GIS/Biodiversity%20Data/obs_native.csv?type=csv&maxFields=10000&detectTypes=yes&xField=longitude&yField=latitude&crs=EPSG:4326&spatialIndex=no&subsetIndex=no&watchFile=no
"5715",Lysimachia latifolia,Lysimachia,latifolia,,,,native,S4S5,,49.012135000000001,-123.575599999999994,,NA,NA,"123934533",obs_native,file:///D:/Simon/Sync/Root/GIS/Biodiversity%20Data/obs_native.csv?type=csv&maxFields=10000&detectTypes=yes&xField=longitude&yField=latitude&crs=EPSG:4326&spatialIndex=no&subsetIndex=no&watchFile=no
"5716",Lysimachia latifolia,Lysimachia,latifolia,,,,native,S4S5,,48.952666669999999,-123.533254999999997,,NA,NA,"130173870",obs_native,file:///D:/Simon/Sync/Root/GIS/Biodiversity%20Data/obs_native.csv?type=csv&maxFields=10000&detectTypes=yes&xField=longitude&yField=latitude&crs=EPSG:4326&spatialIndex=no&subsetIndex=no&watchFile=no
"5717",Lysimachia minima,Lysimachia,minima,,,,native,S4 (2019),,48.870562200000002,-123.318548300000003,,NA,NA,"50027107",obs_native,file:///D:/Simon/Sync/Root/GIS/Biodiversity%20Data/obs_native.csv?type=csv&maxFields=10000&detectTypes=yes&xField=longitude&yField=latitude&crs=EPSG:4326&spatialIndex=no&subsetIndex=no&watchFile=no
"5718",Lysimachia minima,Lysimachia,minima,,,,native,S4 (2019),,48.870343329999997,-123.318906699999999,,NA,NA,"121538417",obs_native,file:///D:/Simon/Sync/Root/GIS/Biodiversity%20Data/obs_native.csv?type=csv&maxFields=10000&detectTypes=yes&xField=longitude&yField=latitude&crs=EPSG:4326&spatialIndex=no&subsetIndex=no&watchFile=no
"5719",Lysimachia thyrsiflora,Lysimachia,thyrsiflora,,,,native,S5,,48.983659000000003,-123.556323000000006,,NA,NA,"3296091",obs_native,file:///D:/Simon/Sync/Root/GIS/Biodiversity%20Data/obs_native.csv?type=csv&maxFields=10000&detectTypes=yes&xField=longitude&yField=latitude&crs=EPSG:4326&spatialIndex=no&subsetIndex=no&watchFile=no
"5720",Lysimachia thyrsiflora,Lysimachia,thyrsiflora,,,,native,S5,,48.983659000000003,-123.556323000000006,,NA,NA,"3296102",obs_native,file:///D:/Simon/Sync/Root/GIS/Biodiversity%20Data/obs_native.csv?type=csv&maxFields=10000&detectTypes=yes&xField=longitude&yField=latitude&crs=EPSG:4326&spatialIndex=no&subsetIndex=no&watchFile=no
"5721",Lysimachia thyrsiflora,Lysimachia,thyrsiflora,,,,native,S5,,48.982255000000002,-123.554687000000001,,NA,NA,"6476380",obs_native,file:///D:/Simon/Sync/Root/GIS/Biodiversity%20Data/obs_native.csv?type=csv&maxFields=10000&detectTypes=yes&xField=longitude&yField=latitude&crs=EPSG:4326&spatialIndex=no&subsetIndex=no&watchFile=no
"5722",Lysimachia thyrsiflora,Lysimachia,thyrsiflora,,,,native,S5,,48.983364000000002,-123.556359000000000,,NA,NA,"13225053",obs_native,file:///D:/Simon/Sync/Root/GIS/Biodiversity%20Data/obs_native.csv?type=csv&maxFields=10000&detectTypes=yes&xField=longitude&yField=latitude&crs=EPSG:4326&spatialIndex=no&subsetIndex=no&watchFile=no
"5723",Lysimachia thyrsiflora,Lysimachia,thyrsiflora,,,,native,S5,,48.979206830000003,-123.557561300000003,,NA,NA,"89513380",obs_native,file:///D:/Simon/Sync/Root/GIS/Biodiversity%20Data/obs_native.csv?type=csv&maxFields=10000&detectTypes=yes&xField=longitude&yField=latitude&crs=EPSG:4326&spatialIndex=no&subsetIndex=no&watchFile=no
"5724",Lysimachia thyrsiflora,Lysimachia,thyrsiflora,,,,native,S5,,48.983383330000002,-123.555539999999993,,NA,NA,"121838588",obs_native,file:///D:/Simon/Sync/Root/GIS/Biodiversity%20Data/obs_native.csv?type=csv&maxFields=10000&detectTypes=yes&xField=longitude&yField=latitude&crs=EPSG:4326&spatialIndex=no&subsetIndex=no&watchFile=no
"5726",Madia exigua,Madia,exigua,,,,native,S5,,48.915973999999999,-123.425473999999994,,NA,NA,"3181137",obs_native,file:///D:/Simon/Sync/Root/GIS/Biodiversity%20Data/obs_native.csv?type=csv&maxFields=10000&detectTypes=yes&xField=longitude&yField=latitude&crs=EPSG:4326&spatialIndex=no&subsetIndex=no&watchFile=no
"5727",Madia exigua,Madia,exigua,,,,native,S5,,48.886952780000001,-123.373447200000001,,NA,NA,"53022076",obs_native,file:///D:/Simon/Sync/Root/GIS/Biodiversity%20Data/obs_native.csv?type=csv&maxFields=10000&detectTypes=yes&xField=longitude&yField=latitude&crs=EPSG:4326&spatialIndex=no&subsetIndex=no&watchFile=no
"5728",Madia gracilis,Madia,gracilis,,,,native,S5,,48.865988000000002,-123.316897999999995,,NA,NA,"3383083",obs_native,file:///D:/Simon/Sync/Root/GIS/Biodiversity%20Data/obs_native.csv?type=csv&maxFields=10000&detectTypes=yes&xField=longitude&yField=latitude&crs=EPSG:4326&spatialIndex=no&subsetIndex=no&watchFile=no
"5729",Madia gracilis,Madia,gracilis,,,,native,S5,,48.863168999999999,-123.330663999999999,,NA,NA,"3482685",obs_native,file:///D:/Simon/Sync/Root/GIS/Biodiversity%20Data/obs_native.csv?type=csv&maxFields=10000&detectTypes=yes&xField=longitude&yField=latitude&crs=EPSG:4326&spatialIndex=no&subsetIndex=no&watchFile=no
"5730",Madia gracilis,Madia,gracilis,,,,native,S5,,48.958258000000001,-123.532471000000001,,NA,NA,"3681779",obs_native,file:///D:/Simon/Sync/Root/GIS/Biodiversity%20Data/obs_native.csv?type=csv&maxFields=10000&detectTypes=yes&xField=longitude&yField=latitude&crs=EPSG:4326&spatialIndex=no&subsetIndex=no&watchFile=no
"5731",Madia gracilis,Madia,gracilis,,,,native,S5,,48.958258000000001,-123.532471000000001,,NA,NA,"3681841",obs_native,file:///D:/Simon/Sync/Root/GIS/Biodiversity%20Data/obs_native.csv?type=csv&maxFields=10000&detectTypes=yes&xField=longitude&yField=latitude&crs=EPSG:4326&spatialIndex=no&subsetIndex=no&watchFile=no
"5732",Madia gracilis,Madia,gracilis,,,,native,S5,,48.866634460000000,-123.375670900000003,,NA,NA,"6411594",obs_native,file:///D:/Simon/Sync/Root/GIS/Biodiversity%20Data/obs_native.csv?type=csv&maxFields=10000&detectTypes=yes&xField=longitude&yField=latitude&crs=EPSG:4326&spatialIndex=no&subsetIndex=no&watchFile=no
"5733",Madia gracilis,Madia,gracilis,,,,native,S5,,48.867622509999997,-123.339643499999994,,NA,NA,"6434809",obs_native,file:///D:/Simon/Sync/Root/GIS/Biodiversity%20Data/obs_native.csv?type=csv&maxFields=10000&detectTypes=yes&xField=longitude&yField=latitude&crs=EPSG:4326&spatialIndex=no&subsetIndex=no&watchFile=no
"5734",Madia gracilis,Madia,gracilis,,,,native,S5,,48.870460000000001,-123.382130000000004,,NA,NA,"6665249",obs_native,file:///D:/Simon/Sync/Root/GIS/Biodiversity%20Data/obs_native.csv?type=csv&maxFields=10000&detectTypes=yes&xField=longitude&yField=latitude&crs=EPSG:4326&spatialIndex=no&subsetIndex=no&watchFile=no
"5735",Madia gracilis,Madia,gracilis,,,,native,S5,,48.867784999999998,-123.378202999999999,,NA,NA,"6665284",obs_native,file:///D:/Simon/Sync/Root/GIS/Biodiversity%20Data/obs_native.csv?type=csv&maxFields=10000&detectTypes=yes&xField=longitude&yField=latitude&crs=EPSG:4326&spatialIndex=no&subsetIndex=no&watchFile=no
"5736",Madia gracilis,Madia,gracilis,,,,native,S5,,48.876895130000001,-123.380960200000004,,NA,NA,"6714925",obs_native,file:///D:/Simon/Sync/Root/GIS/Biodiversity%20Data/obs_native.csv?type=csv&maxFields=10000&detectTypes=yes&xField=longitude&yField=latitude&crs=EPSG:4326&spatialIndex=no&subsetIndex=no&watchFile=no
"5737",Madia gracilis,Madia,gracilis,,,,native,S5,,48.957759000000003,-123.531672000000000,,NA,NA,"13027007",obs_native,file:///D:/Simon/Sync/Root/GIS/Biodiversity%20Data/obs_native.csv?type=csv&maxFields=10000&detectTypes=yes&xField=longitude&yField=latitude&crs=EPSG:4326&spatialIndex=no&subsetIndex=no&watchFile=no
"5738",Madia gracilis,Madia,gracilis,,,,native,S5,,48.867843999999998,-123.339410000000001,,NA,NA,"13068088",obs_native,file:///D:/Simon/Sync/Root/GIS/Biodiversity%20Data/obs_native.csv?type=csv&maxFields=10000&detectTypes=yes&xField=longitude&yField=latitude&crs=EPSG:4326&spatialIndex=no&subsetIndex=no&watchFile=no
"5739",Madia gracilis,Madia,gracilis,,,,native,S5,,48.867583000000003,-123.340023000000002,,NA,NA,"13068301",obs_native,file:///D:/Simon/Sync/Root/GIS/Biodiversity%20Data/obs_native.csv?type=csv&maxFields=10000&detectTypes=yes&xField=longitude&yField=latitude&crs=EPSG:4326&spatialIndex=no&subsetIndex=no&watchFile=no
"5740",Madia gracilis,Madia,gracilis,,,,native,S5,,48.917034330000000,-123.395857399999997,,NA,NA,"14197954",obs_native,file:///D:/Simon/Sync/Root/GIS/Biodiversity%20Data/obs_native.csv?type=csv&maxFields=10000&detectTypes=yes&xField=longitude&yField=latitude&crs=EPSG:4326&spatialIndex=no&subsetIndex=no&watchFile=no
"5741",Madia gracilis,Madia,gracilis,,,,native,S5,,48.926805909999999,-123.465324100000004,,NA,NA,"14281189",obs_native,file:///D:/Simon/Sync/Root/GIS/Biodiversity%20Data/obs_native.csv?type=csv&maxFields=10000&detectTypes=yes&xField=longitude&yField=latitude&crs=EPSG:4326&spatialIndex=no&subsetIndex=no&watchFile=no
"5742",Madia gracilis,Madia,gracilis,,,,native,S5,,48.926805909999999,-123.465324100000004,,NA,NA,"14281190",obs_native,file:///D:/Simon/Sync/Root/GIS/Biodiversity%20Data/obs_native.csv?type=csv&maxFields=10000&detectTypes=yes&xField=longitude&yField=latitude&crs=EPSG:4326&spatialIndex=no&subsetIndex=no&watchFile=no
"5743",Madia gracilis,Madia,gracilis,,,,native,S5,,48.897879039999999,-123.357792000000003,,NA,NA,"14367584",obs_native,file:///D:/Simon/Sync/Root/GIS/Biodiversity%20Data/obs_native.csv?type=csv&maxFields=10000&detectTypes=yes&xField=longitude&yField=latitude&crs=EPSG:4326&spatialIndex=no&subsetIndex=no&watchFile=no
"5744",Madia gracilis,Madia,gracilis,,,,native,S5,,48.955733330000001,-123.526679999999999,,NA,NA,"28440218",obs_native,file:///D:/Simon/Sync/Root/GIS/Biodiversity%20Data/obs_native.csv?type=csv&maxFields=10000&detectTypes=yes&xField=longitude&yField=latitude&crs=EPSG:4326&spatialIndex=no&subsetIndex=no&watchFile=no
"5745",Madia gracilis,Madia,gracilis,,,,native,S5,,48.957138329999999,-123.528788300000002,,NA,NA,"28440224",obs_native,file:///D:/Simon/Sync/Root/GIS/Biodiversity%20Data/obs_native.csv?type=csv&maxFields=10000&detectTypes=yes&xField=longitude&yField=latitude&crs=EPSG:4326&spatialIndex=no&subsetIndex=no&watchFile=no
"5746",Madia gracilis,Madia,gracilis,,,,native,S5,,48.932780559999998,-123.480133300000006,,NA,NA,"31291974",obs_native,file:///D:/Simon/Sync/Root/GIS/Biodiversity%20Data/obs_native.csv?type=csv&maxFields=10000&detectTypes=yes&xField=longitude&yField=latitude&crs=EPSG:4326&spatialIndex=no&subsetIndex=no&watchFile=no
"5747",Madia gracilis,Madia,gracilis,,,,native,S5,,48.887898329999999,-123.360336700000005,,NA,NA,"83098018",obs_native,file:///D:/Simon/Sync/Root/GIS/Biodiversity%20Data/obs_native.csv?type=csv&maxFields=10000&detectTypes=yes&xField=longitude&yField=latitude&crs=EPSG:4326&spatialIndex=no&subsetIndex=no&watchFile=no
"5748",Madia gracilis,Madia,gracilis,,,,native,S5,,48.865949999999998,-123.368291700000000,,NA,NA,"120470357",obs_native,file:///D:/Simon/Sync/Root/GIS/Biodiversity%20Data/obs_native.csv?type=csv&maxFields=10000&detectTypes=yes&xField=longitude&yField=latitude&crs=EPSG:4326&spatialIndex=no&subsetIndex=no&watchFile=no
"5749",Madia gracilis,Madia,gracilis,,,,native,S5,,48.864834999999999,-123.366996700000001,,NA,NA,"120470368",obs_native,file:///D:/Simon/Sync/Root/GIS/Biodiversity%20Data/obs_native.csv?type=csv&maxFields=10000&detectTypes=yes&xField=longitude&yField=latitude&crs=EPSG:4326&spatialIndex=no&subsetIndex=no&watchFile=no
"5754",Maianthemum dilatatum,Maianthemum,dilatatum,,,,native,S5,,48.981618099999999,-123.557457400000004,,NA,NA,"24653224",obs_native,file:///D:/Simon/Sync/Root/GIS/Biodiversity%20Data/obs_native.csv?type=csv&maxFields=10000&detectTypes=yes&xField=longitude&yField=latitude&crs=EPSG:4326&spatialIndex=no&subsetIndex=no&watchFile=no
"5763",Malus fusca,Malus,fusca,,,,native,S5,,48.879477780000002,-123.324355600000004,,NA,NA,"3773338",obs_native,file:///D:/Simon/Sync/Root/GIS/Biodiversity%20Data/obs_native.csv?type=csv&maxFields=10000&detectTypes=yes&xField=longitude&yField=latitude&crs=EPSG:4326&spatialIndex=no&subsetIndex=no&watchFile=no
"5764",Malus fusca,Malus,fusca,,,,native,S5,,48.866878329999999,-123.321183300000001,,NA,NA,"3779845",obs_native,file:///D:/Simon/Sync/Root/GIS/Biodiversity%20Data/obs_native.csv?type=csv&maxFields=10000&detectTypes=yes&xField=longitude&yField=latitude&crs=EPSG:4326&spatialIndex=no&subsetIndex=no&watchFile=no
"5765",Malus fusca,Malus,fusca,,,,native,S5,,48.879975000000002,-123.350875000000002,,NA,NA,"3942995",obs_native,file:///D:/Simon/Sync/Root/GIS/Biodiversity%20Data/obs_native.csv?type=csv&maxFields=10000&detectTypes=yes&xField=longitude&yField=latitude&crs=EPSG:4326&spatialIndex=no&subsetIndex=no&watchFile=no
"5766",Malus fusca,Malus,fusca,,,,native,S5,,48.898366670000001,-123.407006699999997,,NA,NA,"13974228",obs_native,file:///D:/Simon/Sync/Root/GIS/Biodiversity%20Data/obs_native.csv?type=csv&maxFields=10000&detectTypes=yes&xField=longitude&yField=latitude&crs=EPSG:4326&spatialIndex=no&subsetIndex=no&watchFile=no
"5767",Malus fusca,Malus,fusca,,,,native,S5,,48.900643129999999,-123.441641700000005,,NA,NA,"14633041",obs_native,file:///D:/Simon/Sync/Root/GIS/Biodiversity%20Data/obs_native.csv?type=csv&maxFields=10000&detectTypes=yes&xField=longitude&yField=latitude&crs=EPSG:4326&spatialIndex=no&subsetIndex=no&watchFile=no
"5768",Malus fusca,Malus,fusca,,,,native,S5,,48.926529000000002,-123.467830000000006,,NA,NA,"16152470",obs_native,file:///D:/Simon/Sync/Root/GIS/Biodiversity%20Data/obs_native.csv?type=csv&maxFields=10000&detectTypes=yes&xField=longitude&yField=latitude&crs=EPSG:4326&spatialIndex=no&subsetIndex=no&watchFile=no
"5769",Malus fusca,Malus,fusca,,,,native,S5,,48.878175419999998,-123.320558100000000,,NA,NA,"24653167",obs_native,file:///D:/Simon/Sync/Root/GIS/Biodiversity%20Data/obs_native.csv?type=csv&maxFields=10000&detectTypes=yes&xField=longitude&yField=latitude&crs=EPSG:4326&spatialIndex=no&subsetIndex=no&watchFile=no
"5770",Malus fusca,Malus,fusca,,,,native,S5,,48.898146670000003,-123.408093300000004,,NA,NA,"24873222",obs_native,file:///D:/Simon/Sync/Root/GIS/Biodiversity%20Data/obs_native.csv?type=csv&maxFields=10000&detectTypes=yes&xField=longitude&yField=latitude&crs=EPSG:4326&spatialIndex=no&subsetIndex=no&watchFile=no
"5771",Malus fusca,Malus,fusca,,,,native,S5,,48.900258330000000,-123.407172200000005,,NA,NA,"25541272",obs_native,file:///D:/Simon/Sync/Root/GIS/Biodiversity%20Data/obs_native.csv?type=csv&maxFields=10000&detectTypes=yes&xField=longitude&yField=latitude&crs=EPSG:4326&spatialIndex=no&subsetIndex=no&watchFile=no
"5772",Malus fusca,Malus,fusca,,,,native,S5,,48.898122219999998,-123.408194399999999,,NA,NA,"25657003",obs_native,file:///D:/Simon/Sync/Root/GIS/Biodiversity%20Data/obs_native.csv?type=csv&maxFields=10000&detectTypes=yes&xField=longitude&yField=latitude&crs=EPSG:4326&spatialIndex=no&subsetIndex=no&watchFile=no
"5773",Malus fusca,Malus,fusca,,,,native,S5,,49.011755149999999,-123.574255100000002,,NA,NA,"57099068",obs_native,file:///D:/Simon/Sync/Root/GIS/Biodiversity%20Data/obs_native.csv?type=csv&maxFields=10000&detectTypes=yes&xField=longitude&yField=latitude&crs=EPSG:4326&spatialIndex=no&subsetIndex=no&watchFile=no
"5774",Malus fusca,Malus,fusca,,,,native,S5,,48.898103919999997,-123.408174399999993,,NA,NA,"85276265",obs_native,file:///D:/Simon/Sync/Root/GIS/Biodiversity%20Data/obs_native.csv?type=csv&maxFields=10000&detectTypes=yes&xField=longitude&yField=latitude&crs=EPSG:4326&spatialIndex=no&subsetIndex=no&watchFile=no
"5775",Malus fusca,Malus,fusca,,,,native,S5,,48.874274999999997,-123.319178300000004,,NA,NA,"86360340",obs_native,file:///D:/Simon/Sync/Root/GIS/Biodiversity%20Data/obs_native.csv?type=csv&maxFields=10000&detectTypes=yes&xField=longitude&yField=latitude&crs=EPSG:4326&spatialIndex=no&subsetIndex=no&watchFile=no
"5776",Malus fusca,Malus,fusca,,,,native,S5,,48.871357600000003,-123.312887000000003,,NA,NA,"135444904",obs_native,file:///D:/Simon/Sync/Root/GIS/Biodiversity%20Data/obs_native.csv?type=csv&maxFields=10000&detectTypes=yes&xField=longitude&yField=latitude&crs=EPSG:4326&spatialIndex=no&subsetIndex=no&watchFile=no
"5798",Meconella oregana,Meconella,oregana,,,,native,S1S2 (2019),1-E (2006),48.871566999999999,-123.381984000000003,,NA,NA,"9142345",obs_native,file:///D:/Simon/Sync/Root/GIS/Biodiversity%20Data/obs_native.csv?type=csv&maxFields=10000&detectTypes=yes&xField=longitude&yField=latitude&crs=EPSG:4326&spatialIndex=no&subsetIndex=no&watchFile=no
"5802",Melica harfordii,Melica,harfordii,,,,native,S4,,48.952281999999997,-123.532933999999997,,NA,NA,"7278330",obs_native,file:///D:/Simon/Sync/Root/GIS/Biodiversity%20Data/obs_native.csv?type=csv&maxFields=10000&detectTypes=yes&xField=longitude&yField=latitude&crs=EPSG:4326&spatialIndex=no&subsetIndex=no&watchFile=no
"5803",Melica harfordii,Melica,harfordii,,,,native,S4,,48.952678329999998,-123.533535000000001,,NA,NA,"28440132",obs_native,file:///D:/Simon/Sync/Root/GIS/Biodiversity%20Data/obs_native.csv?type=csv&maxFields=10000&detectTypes=yes&xField=longitude&yField=latitude&crs=EPSG:4326&spatialIndex=no&subsetIndex=no&watchFile=no
"5804",Melica harfordii,Melica,harfordii,,,,native,S4,,48.862251600000000,-123.372620900000001,,NA,NA,"52033160",obs_native,file:///D:/Simon/Sync/Root/GIS/Biodiversity%20Data/obs_native.csv?type=csv&maxFields=10000&detectTypes=yes&xField=longitude&yField=latitude&crs=EPSG:4326&spatialIndex=no&subsetIndex=no&watchFile=no
"5805",Melica harfordii,Melica,harfordii,,,,native,S4,,48.963571950000002,-123.550438400000004,,NA,NA,"53064749",obs_native,file:///D:/Simon/Sync/Root/GIS/Biodiversity%20Data/obs_native.csv?type=csv&maxFields=10000&detectTypes=yes&xField=longitude&yField=latitude&crs=EPSG:4326&spatialIndex=no&subsetIndex=no&watchFile=no
"5806",Melica harfordii,Melica,harfordii,,,,native,S4,,48.934630560000002,-123.474769400000000,,NA,NA,"128113442",obs_native,file:///D:/Simon/Sync/Root/GIS/Biodiversity%20Data/obs_native.csv?type=csv&maxFields=10000&detectTypes=yes&xField=longitude&yField=latitude&crs=EPSG:4326&spatialIndex=no&subsetIndex=no&watchFile=no
"5807",Melica subulata,Melica,subulata,,,,native,S5,,48.896949999999997,-123.406677000000002,,NA,NA,"3311145",obs_native,file:///D:/Simon/Sync/Root/GIS/Biodiversity%20Data/obs_native.csv?type=csv&maxFields=10000&detectTypes=yes&xField=longitude&yField=latitude&crs=EPSG:4326&spatialIndex=no&subsetIndex=no&watchFile=no
"5808",Melica subulata,Melica,subulata,,,,native,S5,,48.868800149999998,-123.378610600000002,,NA,NA,"6410326",obs_native,file:///D:/Simon/Sync/Root/GIS/Biodiversity%20Data/obs_native.csv?type=csv&maxFields=10000&detectTypes=yes&xField=longitude&yField=latitude&crs=EPSG:4326&spatialIndex=no&subsetIndex=no&watchFile=no
"5809",Melica subulata,Melica,subulata,,,,native,S5,,48.972744220000003,-123.555078499999993,,NA,NA,"6611327",obs_native,file:///D:/Simon/Sync/Root/GIS/Biodiversity%20Data/obs_native.csv?type=csv&maxFields=10000&detectTypes=yes&xField=longitude&yField=latitude&crs=EPSG:4326&spatialIndex=no&subsetIndex=no&watchFile=no
"5810",Melica subulata,Melica,subulata,,,,native,S5,,48.868237000000001,-123.377365999999995,,NA,NA,"6665093",obs_native,file:///D:/Simon/Sync/Root/GIS/Biodiversity%20Data/obs_native.csv?type=csv&maxFields=10000&detectTypes=yes&xField=longitude&yField=latitude&crs=EPSG:4326&spatialIndex=no&subsetIndex=no&watchFile=no
"5811",Melica subulata,Melica,subulata,,,,native,S5,,48.870317999999997,-123.382602000000006,,NA,NA,"6665238",obs_native,file:///D:/Simon/Sync/Root/GIS/Biodiversity%20Data/obs_native.csv?type=csv&maxFields=10000&detectTypes=yes&xField=longitude&yField=latitude&crs=EPSG:4326&spatialIndex=no&subsetIndex=no&watchFile=no
"5812",Melica subulata,Melica,subulata,,,,native,S5,,48.868921000000000,-123.345822999999996,,NA,NA,"6665291",obs_native,file:///D:/Simon/Sync/Root/GIS/Biodiversity%20Data/obs_native.csv?type=csv&maxFields=10000&detectTypes=yes&xField=longitude&yField=latitude&crs=EPSG:4326&spatialIndex=no&subsetIndex=no&watchFile=no
"5813",Melica subulata,Melica,subulata,,,,native,S5,,48.875458000000002,-123.342529999999996,,NA,NA,"12631143",obs_native,file:///D:/Simon/Sync/Root/GIS/Biodiversity%20Data/obs_native.csv?type=csv&maxFields=10000&detectTypes=yes&xField=longitude&yField=latitude&crs=EPSG:4326&spatialIndex=no&subsetIndex=no&watchFile=no
"5814",Melica subulata,Melica,subulata,,,,native,S5,,48.869607000000002,-123.342412999999993,,NA,NA,"12634823",obs_native,file:///D:/Simon/Sync/Root/GIS/Biodiversity%20Data/obs_native.csv?type=csv&maxFields=10000&detectTypes=yes&xField=longitude&yField=latitude&crs=EPSG:4326&spatialIndex=no&subsetIndex=no&watchFile=no
"5815",Melica subulata,Melica,subulata,,,,native,S5,,48.915720999999998,-123.395101999999994,,NA,NA,"12655517",obs_native,file:///D:/Simon/Sync/Root/GIS/Biodiversity%20Data/obs_native.csv?type=csv&maxFields=10000&detectTypes=yes&xField=longitude&yField=latitude&crs=EPSG:4326&spatialIndex=no&subsetIndex=no&watchFile=no
"5816",Melica subulata,Melica,subulata,,,,native,S5,,48.870607000000000,-123.343086000000000,,NA,NA,"12761783",obs_native,file:///D:/Simon/Sync/Root/GIS/Biodiversity%20Data/obs_native.csv?type=csv&maxFields=10000&detectTypes=yes&xField=longitude&yField=latitude&crs=EPSG:4326&spatialIndex=no&subsetIndex=no&watchFile=no
"5817",Melica subulata,Melica,subulata,,,,native,S5,,48.874077000000000,-123.342488000000003,,NA,NA,"12791151",obs_native,file:///D:/Simon/Sync/Root/GIS/Biodiversity%20Data/obs_native.csv?type=csv&maxFields=10000&detectTypes=yes&xField=longitude&yField=latitude&crs=EPSG:4326&spatialIndex=no&subsetIndex=no&watchFile=no
"5818",Melica subulata,Melica,subulata,,,,native,S5,,48.871484000000002,-123.337271999999999,,NA,NA,"12791948",obs_native,file:///D:/Simon/Sync/Root/GIS/Biodiversity%20Data/obs_native.csv?type=csv&maxFields=10000&detectTypes=yes&xField=longitude&yField=latitude&crs=EPSG:4326&spatialIndex=no&subsetIndex=no&watchFile=no
"5819",Melica subulata,Melica,subulata,,,,native,S5,,48.867058000000000,-123.334428000000003,,NA,NA,"12817038",obs_native,file:///D:/Simon/Sync/Root/GIS/Biodiversity%20Data/obs_native.csv?type=csv&maxFields=10000&detectTypes=yes&xField=longitude&yField=latitude&crs=EPSG:4326&spatialIndex=no&subsetIndex=no&watchFile=no
"5820",Melica subulata,Melica,subulata,,,,native,S5,,49.010641669999998,-123.574789999999993,,NA,NA,"24497731",obs_native,file:///D:/Simon/Sync/Root/GIS/Biodiversity%20Data/obs_native.csv?type=csv&maxFields=10000&detectTypes=yes&xField=longitude&yField=latitude&crs=EPSG:4326&spatialIndex=no&subsetIndex=no&watchFile=no
"5821",Melica subulata,Melica,subulata,,,,native,S5,,48.868678330000002,-123.355553299999997,,NA,NA,"25045242",obs_native,file:///D:/Simon/Sync/Root/GIS/Biodiversity%20Data/obs_native.csv?type=csv&maxFields=10000&detectTypes=yes&xField=longitude&yField=latitude&crs=EPSG:4326&spatialIndex=no&subsetIndex=no&watchFile=no
"5822",Melica subulata,Melica,subulata,,,,native,S5,,48.863092190000003,-123.327545799999996,,NA,NA,"25482818",obs_native,file:///D:/Simon/Sync/Root/GIS/Biodiversity%20Data/obs_native.csv?type=csv&maxFields=10000&detectTypes=yes&xField=longitude&yField=latitude&crs=EPSG:4326&spatialIndex=no&subsetIndex=no&watchFile=no
"5823",Melica subulata,Melica,subulata,,,,native,S5,,48.863251779999999,-123.328279100000003,,NA,NA,"25482917",obs_native,file:///D:/Simon/Sync/Root/GIS/Biodiversity%20Data/obs_native.csv?type=csv&maxFields=10000&detectTypes=yes&xField=longitude&yField=latitude&crs=EPSG:4326&spatialIndex=no&subsetIndex=no&watchFile=no
"5824",Melica subulata,Melica,subulata,,,,native,S5,,48.951905560000000,-123.519177799999994,,NA,NA,"28440209",obs_native,file:///D:/Simon/Sync/Root/GIS/Biodiversity%20Data/obs_native.csv?type=csv&maxFields=10000&detectTypes=yes&xField=longitude&yField=latitude&crs=EPSG:4326&spatialIndex=no&subsetIndex=no&watchFile=no
"5825",Melica subulata,Melica,subulata,,,,native,S5,,48.885719999999999,-123.358029999999999,,NA,NA,"83097987",obs_native,file:///D:/Simon/Sync/Root/GIS/Biodiversity%20Data/obs_native.csv?type=csv&maxFields=10000&detectTypes=yes&xField=longitude&yField=latitude&crs=EPSG:4326&spatialIndex=no&subsetIndex=no&watchFile=no
"5826",Melica subulata,Melica,subulata,,,,native,S5,,48.875855000000001,-123.384410000000003,,NA,NA,"83738300",obs_native,file:///D:/Simon/Sync/Root/GIS/Biodiversity%20Data/obs_native.csv?type=csv&maxFields=10000&detectTypes=yes&xField=longitude&yField=latitude&crs=EPSG:4326&spatialIndex=no&subsetIndex=no&watchFile=no
"5827",Melica subulata,Melica,subulata,,,,native,S5,,48.864342749999999,-123.330130199999999,,NA,NA,"114482544",obs_native,file:///D:/Simon/Sync/Root/GIS/Biodiversity%20Data/obs_native.csv?type=csv&maxFields=10000&detectTypes=yes&xField=longitude&yField=latitude&crs=EPSG:4326&spatialIndex=no&subsetIndex=no&watchFile=no
"5828",Melica subulata,Melica,subulata,,,,native,S5,,48.957200000000000,-123.529308299999997,,NA,NA,"116029611",obs_native,file:///D:/Simon/Sync/Root/GIS/Biodiversity%20Data/obs_native.csv?type=csv&maxFields=10000&detectTypes=yes&xField=longitude&yField=latitude&crs=EPSG:4326&spatialIndex=no&subsetIndex=no&watchFile=no
"5829",Melica subulata,Melica,subulata,,,,native,S5,,48.933002080000001,-123.486593200000002,,NA,NA,"117470163",obs_native,file:///D:/Simon/Sync/Root/GIS/Biodiversity%20Data/obs_native.csv?type=csv&maxFields=10000&detectTypes=yes&xField=longitude&yField=latitude&crs=EPSG:4326&spatialIndex=no&subsetIndex=no&watchFile=no
"5830",Melica subulata,Melica,subulata,,,,native,S5,,48.876486669999998,-123.371186699999996,,NA,NA,"118608425",obs_native,file:///D:/Simon/Sync/Root/GIS/Biodiversity%20Data/obs_native.csv?type=csv&maxFields=10000&detectTypes=yes&xField=longitude&yField=latitude&crs=EPSG:4326&spatialIndex=no&subsetIndex=no&watchFile=no
"5831",Melica subulata,Melica,subulata,,,,native,S5,,48.904508329999999,-123.366915000000006,,NA,NA,"120891249",obs_native,file:///D:/Simon/Sync/Root/GIS/Biodiversity%20Data/obs_native.csv?type=csv&maxFields=10000&detectTypes=yes&xField=longitude&yField=latitude&crs=EPSG:4326&spatialIndex=no&subsetIndex=no&watchFile=no
"5832",Melica subulata,Melica,subulata,,,,native,S5,,49.012208330000000,-123.575704999999999,,NA,NA,"123934527",obs_native,file:///D:/Simon/Sync/Root/GIS/Biodiversity%20Data/obs_native.csv?type=csv&maxFields=10000&detectTypes=yes&xField=longitude&yField=latitude&crs=EPSG:4326&spatialIndex=no&subsetIndex=no&watchFile=no
"5833",Melica subulata,Melica,subulata,,,,native,S5,,49.011232929999998,-123.574107799999993,,NA,NA,"124067882",obs_native,file:///D:/Simon/Sync/Root/GIS/Biodiversity%20Data/obs_native.csv?type=csv&maxFields=10000&detectTypes=yes&xField=longitude&yField=latitude&crs=EPSG:4326&spatialIndex=no&subsetIndex=no&watchFile=no
"5838",Mentha canadensis,Mentha,canadensis,,,,native,S5,,48.929209999999998,-123.470620999999994,,NA,NA,"2569386",obs_native,file:///D:/Simon/Sync/Root/GIS/Biodiversity%20Data/obs_native.csv?type=csv&maxFields=10000&detectTypes=yes&xField=longitude&yField=latitude&crs=EPSG:4326&spatialIndex=no&subsetIndex=no&watchFile=no
"5839",Mentha canadensis,Mentha,canadensis,,,,native,S5,,48.930974999999997,-123.469740999999999,,NA,NA,"2599954",obs_native,file:///D:/Simon/Sync/Root/GIS/Biodiversity%20Data/obs_native.csv?type=csv&maxFields=10000&detectTypes=yes&xField=longitude&yField=latitude&crs=EPSG:4326&spatialIndex=no&subsetIndex=no&watchFile=no
"5840",Mentha canadensis,Mentha,canadensis,,,,native,S5,,48.933199000000002,-123.483098999999996,,NA,NA,"3328607",obs_native,file:///D:/Simon/Sync/Root/GIS/Biodiversity%20Data/obs_native.csv?type=csv&maxFields=10000&detectTypes=yes&xField=longitude&yField=latitude&crs=EPSG:4326&spatialIndex=no&subsetIndex=no&watchFile=no
"5841",Mentha canadensis,Mentha,canadensis,,,,native,S5,,48.932635259999998,-123.481172500000000,,NA,NA,"3640266",obs_native,file:///D:/Simon/Sync/Root/GIS/Biodiversity%20Data/obs_native.csv?type=csv&maxFields=10000&detectTypes=yes&xField=longitude&yField=latitude&crs=EPSG:4326&spatialIndex=no&subsetIndex=no&watchFile=no
"5842",Mentha canadensis,Mentha,canadensis,,,,native,S5,,48.930371999999998,-123.473495999999997,,NA,NA,"3735282",obs_native,file:///D:/Simon/Sync/Root/GIS/Biodiversity%20Data/obs_native.csv?type=csv&maxFields=10000&detectTypes=yes&xField=longitude&yField=latitude&crs=EPSG:4326&spatialIndex=no&subsetIndex=no&watchFile=no
"5843",Mentha canadensis,Mentha,canadensis,,,,native,S5,,48.998424000000000,-123.570775999999995,,NA,NA,"3890863",obs_native,file:///D:/Simon/Sync/Root/GIS/Biodiversity%20Data/obs_native.csv?type=csv&maxFields=10000&detectTypes=yes&xField=longitude&yField=latitude&crs=EPSG:4326&spatialIndex=no&subsetIndex=no&watchFile=no
"5844",Mentha canadensis,Mentha,canadensis,,,,native,S5,,48.895919669999998,-123.344496000000007,,NA,NA,"13974442",obs_native,file:///D:/Simon/Sync/Root/GIS/Biodiversity%20Data/obs_native.csv?type=csv&maxFields=10000&detectTypes=yes&xField=longitude&yField=latitude&crs=EPSG:4326&spatialIndex=no&subsetIndex=no&watchFile=no
"5845",Mentha canadensis,Mentha,canadensis,,,,native,S5,,48.983516600000002,-123.556695000000005,,NA,NA,"14335439",obs_native,file:///D:/Simon/Sync/Root/GIS/Biodiversity%20Data/obs_native.csv?type=csv&maxFields=10000&detectTypes=yes&xField=longitude&yField=latitude&crs=EPSG:4326&spatialIndex=no&subsetIndex=no&watchFile=no
"5846",Mentha canadensis,Mentha,canadensis,,,,native,S5,,48.950769090000001,-123.508003200000005,,NA,NA,"14437118",obs_native,file:///D:/Simon/Sync/Root/GIS/Biodiversity%20Data/obs_native.csv?type=csv&maxFields=10000&detectTypes=yes&xField=longitude&yField=latitude&crs=EPSG:4326&spatialIndex=no&subsetIndex=no&watchFile=no
"5847",Mentha canadensis,Mentha,canadensis,,,,native,S5,,48.977507930000002,-123.552970099999996,,NA,NA,"14999194",obs_native,file:///D:/Simon/Sync/Root/GIS/Biodiversity%20Data/obs_native.csv?type=csv&maxFields=10000&detectTypes=yes&xField=longitude&yField=latitude&crs=EPSG:4326&spatialIndex=no&subsetIndex=no&watchFile=no
"5848",Mentha canadensis,Mentha,canadensis,,,,native,S5,,48.910041669999998,-123.415536099999997,,NA,NA,"56906399",obs_native,file:///D:/Simon/Sync/Root/GIS/Biodiversity%20Data/obs_native.csv?type=csv&maxFields=10000&detectTypes=yes&xField=longitude&yField=latitude&crs=EPSG:4326&spatialIndex=no&subsetIndex=no&watchFile=no
"5849",Mentha canadensis,Mentha,canadensis,,,,native,S5,,48.985084999999998,-123.557113299999997,,NA,NA,"89513117",obs_native,file:///D:/Simon/Sync/Root/GIS/Biodiversity%20Data/obs_native.csv?type=csv&maxFields=10000&detectTypes=yes&xField=longitude&yField=latitude&crs=EPSG:4326&spatialIndex=no&subsetIndex=no&watchFile=no
"5850",Mentha canadensis,Mentha,canadensis,,,,native,S5,,48.977434729999999,-123.553088000000002,,NA,NA,"89513231",obs_native,file:///D:/Simon/Sync/Root/GIS/Biodiversity%20Data/obs_native.csv?type=csv&maxFields=10000&detectTypes=yes&xField=longitude&yField=latitude&crs=EPSG:4326&spatialIndex=no&subsetIndex=no&watchFile=no
"5851",Menyanthes trifoliata,Menyanthes,trifoliata,,,,native,S5,,48.991256999999997,-123.573921999999996,,NA,NA,"3882093",obs_native,file:///D:/Simon/Sync/Root/GIS/Biodiversity%20Data/obs_native.csv?type=csv&maxFields=10000&detectTypes=yes&xField=longitude&yField=latitude&crs=EPSG:4326&spatialIndex=no&subsetIndex=no&watchFile=no
"5852",Menyanthes trifoliata,Menyanthes,trifoliata,,,,native,S5,,48.991219440000002,-123.573897200000005,,NA,NA,"3889092",obs_native,file:///D:/Simon/Sync/Root/GIS/Biodiversity%20Data/obs_native.csv?type=csv&maxFields=10000&detectTypes=yes&xField=longitude&yField=latitude&crs=EPSG:4326&spatialIndex=no&subsetIndex=no&watchFile=no
"5853",Menyanthes trifoliata,Menyanthes,trifoliata,,,,native,S5,,48.990806950000000,-123.573742199999998,,NA,NA,"43723570",obs_native,file:///D:/Simon/Sync/Root/GIS/Biodiversity%20Data/obs_native.csv?type=csv&maxFields=10000&detectTypes=yes&xField=longitude&yField=latitude&crs=EPSG:4326&spatialIndex=no&subsetIndex=no&watchFile=no
"5854",Menyanthes trifoliata,Menyanthes,trifoliata,,,,native,S5,,48.989996020000000,-123.573167499999997,,NA,NA,"117337841",obs_native,file:///D:/Simon/Sync/Root/GIS/Biodiversity%20Data/obs_native.csv?type=csv&maxFields=10000&detectTypes=yes&xField=longitude&yField=latitude&crs=EPSG:4326&spatialIndex=no&subsetIndex=no&watchFile=no
"5855",Micranthes integrifolia,Micranthes,integrifolia,,,,native,S5,,48.932310999999999,-123.483968000000004,,NA,NA,"2566336",obs_native,file:///D:/Simon/Sync/Root/GIS/Biodiversity%20Data/obs_native.csv?type=csv&maxFields=10000&detectTypes=yes&xField=longitude&yField=latitude&crs=EPSG:4326&spatialIndex=no&subsetIndex=no&watchFile=no
"5856",Micranthes integrifolia,Micranthes,integrifolia,,,,native,S5,,48.933073000000000,-123.485726999999997,,NA,NA,"2580168",obs_native,file:///D:/Simon/Sync/Root/GIS/Biodiversity%20Data/obs_native.csv?type=csv&maxFields=10000&detectTypes=yes&xField=longitude&yField=latitude&crs=EPSG:4326&spatialIndex=no&subsetIndex=no&watchFile=no
"5857",Micranthes integrifolia,Micranthes,integrifolia,,,,native,S5,,48.926220999999998,-123.465428000000003,,NA,NA,"2585121",obs_native,file:///D:/Simon/Sync/Root/GIS/Biodiversity%20Data/obs_native.csv?type=csv&maxFields=10000&detectTypes=yes&xField=longitude&yField=latitude&crs=EPSG:4326&spatialIndex=no&subsetIndex=no&watchFile=no
"5858",Micranthes integrifolia,Micranthes,integrifolia,,,,native,S5,,48.931874999999998,-123.483354000000006,,NA,NA,"2692247",obs_native,file:///D:/Simon/Sync/Root/GIS/Biodiversity%20Data/obs_native.csv?type=csv&maxFields=10000&detectTypes=yes&xField=longitude&yField=latitude&crs=EPSG:4326&spatialIndex=no&subsetIndex=no&watchFile=no
"5859",Micranthes integrifolia,Micranthes,integrifolia,,,,native,S5,,48.931835999999997,-123.483363999999995,,NA,NA,"2738391",obs_native,file:///D:/Simon/Sync/Root/GIS/Biodiversity%20Data/obs_native.csv?type=csv&maxFields=10000&detectTypes=yes&xField=longitude&yField=latitude&crs=EPSG:4326&spatialIndex=no&subsetIndex=no&watchFile=no
"5860",Micranthes integrifolia,Micranthes,integrifolia,,,,native,S5,,48.927078999999999,-123.466244000000003,,NA,NA,"2822812",obs_native,file:///D:/Simon/Sync/Root/GIS/Biodiversity%20Data/obs_native.csv?type=csv&maxFields=10000&detectTypes=yes&xField=longitude&yField=latitude&crs=EPSG:4326&spatialIndex=no&subsetIndex=no&watchFile=no
"5861",Micranthes integrifolia,Micranthes,integrifolia,,,,native,S5,,48.868113999999998,-123.340801999999996,,NA,NA,"2889957",obs_native,file:///D:/Simon/Sync/Root/GIS/Biodiversity%20Data/obs_native.csv?type=csv&maxFields=10000&detectTypes=yes&xField=longitude&yField=latitude&crs=EPSG:4326&spatialIndex=no&subsetIndex=no&watchFile=no
"5862",Micranthes integrifolia,Micranthes,integrifolia,,,,native,S5,,48.871738000000001,-123.311491000000004,,NA,NA,"2942485",obs_native,file:///D:/Simon/Sync/Root/GIS/Biodiversity%20Data/obs_native.csv?type=csv&maxFields=10000&detectTypes=yes&xField=longitude&yField=latitude&crs=EPSG:4326&spatialIndex=no&subsetIndex=no&watchFile=no
"5863",Micranthes integrifolia,Micranthes,integrifolia,,,,native,S5,,48.868813000000003,-123.378924999999995,,NA,NA,"5473188",obs_native,file:///D:/Simon/Sync/Root/GIS/Biodiversity%20Data/obs_native.csv?type=csv&maxFields=10000&detectTypes=yes&xField=longitude&yField=latitude&crs=EPSG:4326&spatialIndex=no&subsetIndex=no&watchFile=no
"5864",Micranthes integrifolia,Micranthes,integrifolia,,,,native,S5,,48.956443999999998,-123.528614000000005,,NA,NA,"5483536",obs_native,file:///D:/Simon/Sync/Root/GIS/Biodiversity%20Data/obs_native.csv?type=csv&maxFields=10000&detectTypes=yes&xField=longitude&yField=latitude&crs=EPSG:4326&spatialIndex=no&subsetIndex=no&watchFile=no
"5865",Micranthes integrifolia,Micranthes,integrifolia,,,,native,S5,,48.870255000000000,-123.380573999999996,,NA,NA,"5536532",obs_native,file:///D:/Simon/Sync/Root/GIS/Biodiversity%20Data/obs_native.csv?type=csv&maxFields=10000&detectTypes=yes&xField=longitude&yField=latitude&crs=EPSG:4326&spatialIndex=no&subsetIndex=no&watchFile=no
"5866",Micranthes integrifolia,Micranthes,integrifolia,,,,native,S5,,48.939475569999999,-123.501253399999996,,NA,NA,"5644787",obs_native,file:///D:/Simon/Sync/Root/GIS/Biodiversity%20Data/obs_native.csv?type=csv&maxFields=10000&detectTypes=yes&xField=longitude&yField=latitude&crs=EPSG:4326&spatialIndex=no&subsetIndex=no&watchFile=no
"5867",Micranthes integrifolia,Micranthes,integrifolia,,,,native,S5,,48.867163329999997,-123.337621700000000,,NA,NA,"5648291",obs_native,file:///D:/Simon/Sync/Root/GIS/Biodiversity%20Data/obs_native.csv?type=csv&maxFields=10000&detectTypes=yes&xField=longitude&yField=latitude&crs=EPSG:4326&spatialIndex=no&subsetIndex=no&watchFile=no
"5868",Micranthes integrifolia,Micranthes,integrifolia,,,,native,S5,,48.927087999999998,-123.466329999999999,,NA,NA,"5850435",obs_native,file:///D:/Simon/Sync/Root/GIS/Biodiversity%20Data/obs_native.csv?type=csv&maxFields=10000&detectTypes=yes&xField=longitude&yField=latitude&crs=EPSG:4326&spatialIndex=no&subsetIndex=no&watchFile=no
"5869",Micranthes integrifolia,Micranthes,integrifolia,,,,native,S5,,48.927067260000001,-123.466544200000001,,NA,NA,"6217233",obs_native,file:///D:/Simon/Sync/Root/GIS/Biodiversity%20Data/obs_native.csv?type=csv&maxFields=10000&detectTypes=yes&xField=longitude&yField=latitude&crs=EPSG:4326&spatialIndex=no&subsetIndex=no&watchFile=no
"5870",Micranthes integrifolia,Micranthes,integrifolia,,,,native,S5,,48.864255000000000,-123.364917000000005,,NA,NA,"9142627",obs_native,file:///D:/Simon/Sync/Root/GIS/Biodiversity%20Data/obs_native.csv?type=csv&maxFields=10000&detectTypes=yes&xField=longitude&yField=latitude&crs=EPSG:4326&spatialIndex=no&subsetIndex=no&watchFile=no
"5871",Micranthes integrifolia,Micranthes,integrifolia,,,,native,S5,,48.956282999999999,-123.528460999999993,,NA,NA,"10306128",obs_native,file:///D:/Simon/Sync/Root/GIS/Biodiversity%20Data/obs_native.csv?type=csv&maxFields=10000&detectTypes=yes&xField=longitude&yField=latitude&crs=EPSG:4326&spatialIndex=no&subsetIndex=no&watchFile=no
"5872",Micranthes integrifolia,Micranthes,integrifolia,,,,native,S5,,48.871630000000003,-123.311378300000001,,NA,NA,"10342085",obs_native,file:///D:/Simon/Sync/Root/GIS/Biodiversity%20Data/obs_native.csv?type=csv&maxFields=10000&detectTypes=yes&xField=longitude&yField=latitude&crs=EPSG:4326&spatialIndex=no&subsetIndex=no&watchFile=no
"5873",Micranthes integrifolia,Micranthes,integrifolia,,,,native,S5,,48.867080000000001,-123.337180000000004,,NA,NA,"10664805",obs_native,file:///D:/Simon/Sync/Root/GIS/Biodiversity%20Data/obs_native.csv?type=csv&maxFields=10000&detectTypes=yes&xField=longitude&yField=latitude&crs=EPSG:4326&spatialIndex=no&subsetIndex=no&watchFile=no
"5874",Micranthes integrifolia,Micranthes,integrifolia,,,,native,S5,,48.872505560000000,-123.312186100000005,,NA,NA,"10715827",obs_native,file:///D:/Simon/Sync/Root/GIS/Biodiversity%20Data/obs_native.csv?type=csv&maxFields=10000&detectTypes=yes&xField=longitude&yField=latitude&crs=EPSG:4326&spatialIndex=no&subsetIndex=no&watchFile=no
"5875",Micranthes integrifolia,Micranthes,integrifolia,,,,native,S5,,48.872486109999997,-123.311036099999995,,NA,NA,"10716813",obs_native,file:///D:/Simon/Sync/Root/GIS/Biodiversity%20Data/obs_native.csv?type=csv&maxFields=10000&detectTypes=yes&xField=longitude&yField=latitude&crs=EPSG:4326&spatialIndex=no&subsetIndex=no&watchFile=no
"5876",Micranthes integrifolia,Micranthes,integrifolia,,,,native,S5,,48.926581679999998,-123.464965199999995,,NA,NA,"14547795",obs_native,file:///D:/Simon/Sync/Root/GIS/Biodiversity%20Data/obs_native.csv?type=csv&maxFields=10000&detectTypes=yes&xField=longitude&yField=latitude&crs=EPSG:4326&spatialIndex=no&subsetIndex=no&watchFile=no
"5877",Micranthes integrifolia,Micranthes,integrifolia,,,,native,S5,,48.939453329999999,-123.501294999999999,,NA,NA,"20738996",obs_native,file:///D:/Simon/Sync/Root/GIS/Biodiversity%20Data/obs_native.csv?type=csv&maxFields=10000&detectTypes=yes&xField=longitude&yField=latitude&crs=EPSG:4326&spatialIndex=no&subsetIndex=no&watchFile=no
"5878",Micranthes integrifolia,Micranthes,integrifolia,,,,native,S5,,48.861821999999997,-123.371238000000005,,NA,NA,"21350311",obs_native,file:///D:/Simon/Sync/Root/GIS/Biodiversity%20Data/obs_native.csv?type=csv&maxFields=10000&detectTypes=yes&xField=longitude&yField=latitude&crs=EPSG:4326&spatialIndex=no&subsetIndex=no&watchFile=no
"5879",Micranthes integrifolia,Micranthes,integrifolia,,,,native,S5,,48.926830000000002,-123.466216700000004,,NA,NA,"22222944",obs_native,file:///D:/Simon/Sync/Root/GIS/Biodiversity%20Data/obs_native.csv?type=csv&maxFields=10000&detectTypes=yes&xField=longitude&yField=latitude&crs=EPSG:4326&spatialIndex=no&subsetIndex=no&watchFile=no
"5880",Micranthes integrifolia,Micranthes,integrifolia,,,,native,S5,,48.872768030000003,-123.311257400000002,,NA,NA,"22799499",obs_native,file:///D:/Simon/Sync/Root/GIS/Biodiversity%20Data/obs_native.csv?type=csv&maxFields=10000&detectTypes=yes&xField=longitude&yField=latitude&crs=EPSG:4326&spatialIndex=no&subsetIndex=no&watchFile=no
"5881",Micranthes integrifolia,Micranthes,integrifolia,,,,native,S5,,49.014118330000002,-123.573674999999994,,NA,NA,"24259249",obs_native,file:///D:/Simon/Sync/Root/GIS/Biodiversity%20Data/obs_native.csv?type=csv&maxFields=10000&detectTypes=yes&xField=longitude&yField=latitude&crs=EPSG:4326&spatialIndex=no&subsetIndex=no&watchFile=no
"5882",Micranthes integrifolia,Micranthes,integrifolia,,,,native,S5,,48.872319040000001,-123.312764200000004,,NA,NA,"24714394",obs_native,file:///D:/Simon/Sync/Root/GIS/Biodiversity%20Data/obs_native.csv?type=csv&maxFields=10000&detectTypes=yes&xField=longitude&yField=latitude&crs=EPSG:4326&spatialIndex=no&subsetIndex=no&watchFile=no
"5883",Micranthes integrifolia,Micranthes,integrifolia,,,,native,S5,,48.872334909999999,-123.312685000000002,,NA,NA,"24714427",obs_native,file:///D:/Simon/Sync/Root/GIS/Biodiversity%20Data/obs_native.csv?type=csv&maxFields=10000&detectTypes=yes&xField=longitude&yField=latitude&crs=EPSG:4326&spatialIndex=no&subsetIndex=no&watchFile=no
"5884",Micranthes integrifolia,Micranthes,integrifolia,,,,native,S5,,48.872372220000003,-123.312797200000006,,NA,NA,"24806717",obs_native,file:///D:/Simon/Sync/Root/GIS/Biodiversity%20Data/obs_native.csv?type=csv&maxFields=10000&detectTypes=yes&xField=longitude&yField=latitude&crs=EPSG:4326&spatialIndex=no&subsetIndex=no&watchFile=no
"5885",Micranthes integrifolia,Micranthes,integrifolia,,,,native,S5,,48.872372220000003,-123.312797200000006,,NA,NA,"24824186",obs_native,file:///D:/Simon/Sync/Root/GIS/Biodiversity%20Data/obs_native.csv?type=csv&maxFields=10000&detectTypes=yes&xField=longitude&yField=latitude&crs=EPSG:4326&spatialIndex=no&subsetIndex=no&watchFile=no
"5886",Micranthes integrifolia,Micranthes,integrifolia,,,,native,S5,,48.872363890000003,-123.312583300000000,,NA,NA,"25048281",obs_native,file:///D:/Simon/Sync/Root/GIS/Biodiversity%20Data/obs_native.csv?type=csv&maxFields=10000&detectTypes=yes&xField=longitude&yField=latitude&crs=EPSG:4326&spatialIndex=no&subsetIndex=no&watchFile=no
"5887",Micranthes integrifolia,Micranthes,integrifolia,,,,native,S5,,48.872361110000000,-123.312666699999994,,NA,NA,"25048293",obs_native,file:///D:/Simon/Sync/Root/GIS/Biodiversity%20Data/obs_native.csv?type=csv&maxFields=10000&detectTypes=yes&xField=longitude&yField=latitude&crs=EPSG:4326&spatialIndex=no&subsetIndex=no&watchFile=no
"5888",Micranthes integrifolia,Micranthes,integrifolia,,,,native,S5,,48.872649400000000,-123.312668900000006,,NA,NA,"25199122",obs_native,file:///D:/Simon/Sync/Root/GIS/Biodiversity%20Data/obs_native.csv?type=csv&maxFields=10000&detectTypes=yes&xField=longitude&yField=latitude&crs=EPSG:4326&spatialIndex=no&subsetIndex=no&watchFile=no
"5889",Micranthes integrifolia,Micranthes,integrifolia,,,,native,S5,,48.872603630000000,-123.312579299999996,,NA,NA,"25199130",obs_native,file:///D:/Simon/Sync/Root/GIS/Biodiversity%20Data/obs_native.csv?type=csv&maxFields=10000&detectTypes=yes&xField=longitude&yField=latitude&crs=EPSG:4326&spatialIndex=no&subsetIndex=no&watchFile=no
"5890",Micranthes integrifolia,Micranthes,integrifolia,,,,native,S5,,48.872526980000004,-123.312619200000000,,NA,NA,"25199153",obs_native,file:///D:/Simon/Sync/Root/GIS/Biodiversity%20Data/obs_native.csv?type=csv&maxFields=10000&detectTypes=yes&xField=longitude&yField=latitude&crs=EPSG:4326&spatialIndex=no&subsetIndex=no&watchFile=no
"5891",Micranthes integrifolia,Micranthes,integrifolia,,,,native,S5,,48.872721110000001,-123.311861699999994,,NA,NA,"25199228",obs_native,file:///D:/Simon/Sync/Root/GIS/Biodiversity%20Data/obs_native.csv?type=csv&maxFields=10000&detectTypes=yes&xField=longitude&yField=latitude&crs=EPSG:4326&spatialIndex=no&subsetIndex=no&watchFile=no
"5892",Micranthes integrifolia,Micranthes,integrifolia,,,,native,S5,,48.872602209999997,-123.311596100000003,,NA,NA,"25199255",obs_native,file:///D:/Simon/Sync/Root/GIS/Biodiversity%20Data/obs_native.csv?type=csv&maxFields=10000&detectTypes=yes&xField=longitude&yField=latitude&crs=EPSG:4326&spatialIndex=no&subsetIndex=no&watchFile=no
"5893",Micranthes integrifolia,Micranthes,integrifolia,,,,native,S5,,48.872516670000003,-123.312758299999999,,NA,NA,"32120969",obs_native,file:///D:/Simon/Sync/Root/GIS/Biodiversity%20Data/obs_native.csv?type=csv&maxFields=10000&detectTypes=yes&xField=longitude&yField=latitude&crs=EPSG:4326&spatialIndex=no&subsetIndex=no&watchFile=no
"5894",Micranthes integrifolia,Micranthes,integrifolia,,,,native,S5,,48.865475000000004,-123.367852799999994,,NA,NA,"41788613",obs_native,file:///D:/Simon/Sync/Root/GIS/Biodiversity%20Data/obs_native.csv?type=csv&maxFields=10000&detectTypes=yes&xField=longitude&yField=latitude&crs=EPSG:4326&spatialIndex=no&subsetIndex=no&watchFile=no
"5895",Micranthes integrifolia,Micranthes,integrifolia,,,,native,S5,,48.864890000000003,-123.367186700000005,,NA,NA,"41788615",obs_native,file:///D:/Simon/Sync/Root/GIS/Biodiversity%20Data/obs_native.csv?type=csv&maxFields=10000&detectTypes=yes&xField=longitude&yField=latitude&crs=EPSG:4326&spatialIndex=no&subsetIndex=no&watchFile=no
"5896",Micranthes integrifolia,Micranthes,integrifolia,,,,native,S5,,48.910152330000003,-123.374712200000005,,NA,NA,"41879769",obs_native,file:///D:/Simon/Sync/Root/GIS/Biodiversity%20Data/obs_native.csv?type=csv&maxFields=10000&detectTypes=yes&xField=longitude&yField=latitude&crs=EPSG:4326&spatialIndex=no&subsetIndex=no&watchFile=no
"5897",Micranthes integrifolia,Micranthes,integrifolia,,,,native,S5,,48.926839690000001,-123.466478699999996,,NA,NA,"45037496",obs_native,file:///D:/Simon/Sync/Root/GIS/Biodiversity%20Data/obs_native.csv?type=csv&maxFields=10000&detectTypes=yes&xField=longitude&yField=latitude&crs=EPSG:4326&spatialIndex=no&subsetIndex=no&watchFile=no
"5898",Micranthes integrifolia,Micranthes,integrifolia,,,,native,S5,,48.871895000000002,-123.310758300000003,,NA,NA,"47709123",obs_native,file:///D:/Simon/Sync/Root/GIS/Biodiversity%20Data/obs_native.csv?type=csv&maxFields=10000&detectTypes=yes&xField=longitude&yField=latitude&crs=EPSG:4326&spatialIndex=no&subsetIndex=no&watchFile=no
"5899",Micranthes integrifolia,Micranthes,integrifolia,,,,native,S5,,48.867083330000000,-123.337141700000004,,NA,NA,"70291020",obs_native,file:///D:/Simon/Sync/Root/GIS/Biodiversity%20Data/obs_native.csv?type=csv&maxFields=10000&detectTypes=yes&xField=longitude&yField=latitude&crs=EPSG:4326&spatialIndex=no&subsetIndex=no&watchFile=no
"5900",Micranthes integrifolia,Micranthes,integrifolia,,,,native,S5,,48.938665000000000,-123.500271699999999,,NA,NA,"72321422",obs_native,file:///D:/Simon/Sync/Root/GIS/Biodiversity%20Data/obs_native.csv?type=csv&maxFields=10000&detectTypes=yes&xField=longitude&yField=latitude&crs=EPSG:4326&spatialIndex=no&subsetIndex=no&watchFile=no
"5901",Micranthes integrifolia,Micranthes,integrifolia,,,,native,S5,,48.938686670000003,-123.500226699999999,,NA,NA,"72321424",obs_native,file:///D:/Simon/Sync/Root/GIS/Biodiversity%20Data/obs_native.csv?type=csv&maxFields=10000&detectTypes=yes&xField=longitude&yField=latitude&crs=EPSG:4326&spatialIndex=no&subsetIndex=no&watchFile=no
"5902",Micranthes integrifolia,Micranthes,integrifolia,,,,native,S5,,48.931970000000000,-123.483496700000003,,NA,NA,"75573493",obs_native,file:///D:/Simon/Sync/Root/GIS/Biodiversity%20Data/obs_native.csv?type=csv&maxFields=10000&detectTypes=yes&xField=longitude&yField=latitude&crs=EPSG:4326&spatialIndex=no&subsetIndex=no&watchFile=no
"5903",Micranthes integrifolia,Micranthes,integrifolia,,,,native,S5,,48.942386489999997,-123.511250799999999,,NA,NA,"107193922",obs_native,file:///D:/Simon/Sync/Root/GIS/Biodiversity%20Data/obs_native.csv?type=csv&maxFields=10000&detectTypes=yes&xField=longitude&yField=latitude&crs=EPSG:4326&spatialIndex=no&subsetIndex=no&watchFile=no
"5904",Micranthes integrifolia,Micranthes,integrifolia,,,,native,S5,,48.872677779999997,-123.312049999999999,,NA,NA,"109397189",obs_native,file:///D:/Simon/Sync/Root/GIS/Biodiversity%20Data/obs_native.csv?type=csv&maxFields=10000&detectTypes=yes&xField=longitude&yField=latitude&crs=EPSG:4326&spatialIndex=no&subsetIndex=no&watchFile=no
"5905",Micranthes integrifolia,Micranthes,integrifolia,,,,native,S5,,48.957006669999998,-123.529759999999996,,NA,NA,"109429663",obs_native,file:///D:/Simon/Sync/Root/GIS/Biodiversity%20Data/obs_native.csv?type=csv&maxFields=10000&detectTypes=yes&xField=longitude&yField=latitude&crs=EPSG:4326&spatialIndex=no&subsetIndex=no&watchFile=no
"5906",Micranthes integrifolia,Micranthes,integrifolia,,,,native,S5,,48.872508330000002,-123.311128299999993,,NA,NA,"109678443",obs_native,file:///D:/Simon/Sync/Root/GIS/Biodiversity%20Data/obs_native.csv?type=csv&maxFields=10000&detectTypes=yes&xField=longitude&yField=latitude&crs=EPSG:4326&spatialIndex=no&subsetIndex=no&watchFile=no
"5907",Micranthes integrifolia,Micranthes,integrifolia,,,,native,S5,,49.013622220000002,-123.573538299999996,,NA,NA,"110019210",obs_native,file:///D:/Simon/Sync/Root/GIS/Biodiversity%20Data/obs_native.csv?type=csv&maxFields=10000&detectTypes=yes&xField=longitude&yField=latitude&crs=EPSG:4326&spatialIndex=no&subsetIndex=no&watchFile=no
"5908",Micranthes integrifolia,Micranthes,integrifolia,,,,native,S5,,48.872483330000001,-123.310988300000005,,NA,NA,"110291182",obs_native,file:///D:/Simon/Sync/Root/GIS/Biodiversity%20Data/obs_native.csv?type=csv&maxFields=10000&detectTypes=yes&xField=longitude&yField=latitude&crs=EPSG:4326&spatialIndex=no&subsetIndex=no&watchFile=no
"5909",Micranthes integrifolia,Micranthes,integrifolia,,,,native,S5,,48.916969999999999,-123.395591699999997,,NA,NA,"110300441",obs_native,file:///D:/Simon/Sync/Root/GIS/Biodiversity%20Data/obs_native.csv?type=csv&maxFields=10000&detectTypes=yes&xField=longitude&yField=latitude&crs=EPSG:4326&spatialIndex=no&subsetIndex=no&watchFile=no
"5910",Micranthes integrifolia,Micranthes,integrifolia,,,,native,S5,,48.909984999999999,-123.374901699999995,,NA,NA,"111052937",obs_native,file:///D:/Simon/Sync/Root/GIS/Biodiversity%20Data/obs_native.csv?type=csv&maxFields=10000&detectTypes=yes&xField=longitude&yField=latitude&crs=EPSG:4326&spatialIndex=no&subsetIndex=no&watchFile=no
"5911",Micranthes integrifolia,Micranthes,integrifolia,,,,native,S5,,48.909956670000000,-123.373919999999998,,NA,NA,"111052945",obs_native,file:///D:/Simon/Sync/Root/GIS/Biodiversity%20Data/obs_native.csv?type=csv&maxFields=10000&detectTypes=yes&xField=longitude&yField=latitude&crs=EPSG:4326&spatialIndex=no&subsetIndex=no&watchFile=no
"5912",Micranthes integrifolia,Micranthes,integrifolia,,,,native,S5,,48.865416670000002,-123.367779999999996,,NA,NA,"111609952",obs_native,file:///D:/Simon/Sync/Root/GIS/Biodiversity%20Data/obs_native.csv?type=csv&maxFields=10000&detectTypes=yes&xField=longitude&yField=latitude&crs=EPSG:4326&spatialIndex=no&subsetIndex=no&watchFile=no
"5913",Micranthes integrifolia,Micranthes,integrifolia,,,,native,S5,,48.863608759999998,-123.364125200000004,,NA,NA,"111610092",obs_native,file:///D:/Simon/Sync/Root/GIS/Biodiversity%20Data/obs_native.csv?type=csv&maxFields=10000&detectTypes=yes&xField=longitude&yField=latitude&crs=EPSG:4326&spatialIndex=no&subsetIndex=no&watchFile=no
"5914",Micranthes integrifolia,Micranthes,integrifolia,,,,native,S5,,48.909488889999999,-123.371247199999999,,NA,NA,"114481993",obs_native,file:///D:/Simon/Sync/Root/GIS/Biodiversity%20Data/obs_native.csv?type=csv&maxFields=10000&detectTypes=yes&xField=longitude&yField=latitude&crs=EPSG:4326&spatialIndex=no&subsetIndex=no&watchFile=no
"5915",Micranthes integrifolia,Micranthes,integrifolia,,,,native,S5,,48.909361109999999,-123.370586099999997,,NA,NA,"114482184",obs_native,file:///D:/Simon/Sync/Root/GIS/Biodiversity%20Data/obs_native.csv?type=csv&maxFields=10000&detectTypes=yes&xField=longitude&yField=latitude&crs=EPSG:4326&spatialIndex=no&subsetIndex=no&watchFile=no
"5916",Micranthes integrifolia,Micranthes,integrifolia,,,,native,S5,,48.958557740000003,-123.533007499999997,,NA,NA,"116029570",obs_native,file:///D:/Simon/Sync/Root/GIS/Biodiversity%20Data/obs_native.csv?type=csv&maxFields=10000&detectTypes=yes&xField=longitude&yField=latitude&crs=EPSG:4326&spatialIndex=no&subsetIndex=no&watchFile=no
"5917",Micranthes rufidula,Micranthes,rufidula,,,,native,S5,,48.917206000000000,-123.395640000000000,,NA,NA,"10109045",obs_native,file:///D:/Simon/Sync/Root/GIS/Biodiversity%20Data/obs_native.csv?type=csv&maxFields=10000&detectTypes=yes&xField=longitude&yField=latitude&crs=EPSG:4326&spatialIndex=no&subsetIndex=no&watchFile=no
"5918",Micranthes rufidula,Micranthes,rufidula,,,,native,S5,,48.917174000000003,-123.395550000000000,,NA,NA,"10270060",obs_native,file:///D:/Simon/Sync/Root/GIS/Biodiversity%20Data/obs_native.csv?type=csv&maxFields=10000&detectTypes=yes&xField=longitude&yField=latitude&crs=EPSG:4326&spatialIndex=no&subsetIndex=no&watchFile=no
"5919",Micranthes rufidula,Micranthes,rufidula,,,,native,S5,,48.917158999999998,-123.395754999999994,,NA,NA,"11252004",obs_native,file:///D:/Simon/Sync/Root/GIS/Biodiversity%20Data/obs_native.csv?type=csv&maxFields=10000&detectTypes=yes&xField=longitude&yField=latitude&crs=EPSG:4326&spatialIndex=no&subsetIndex=no&watchFile=no
"5920",Micranthes rufidula,Micranthes,rufidula,,,,native,S5,,48.917095000000003,-123.395438299999995,,NA,NA,"11577410",obs_native,file:///D:/Simon/Sync/Root/GIS/Biodiversity%20Data/obs_native.csv?type=csv&maxFields=10000&detectTypes=yes&xField=longitude&yField=latitude&crs=EPSG:4326&spatialIndex=no&subsetIndex=no&watchFile=no
"5921",Micranthes rufidula,Micranthes,rufidula,,,,native,S5,,48.917141999999998,-123.395713000000001,,NA,NA,"12152646",obs_native,file:///D:/Simon/Sync/Root/GIS/Biodiversity%20Data/obs_native.csv?type=csv&maxFields=10000&detectTypes=yes&xField=longitude&yField=latitude&crs=EPSG:4326&spatialIndex=no&subsetIndex=no&watchFile=no
"5922",Micranthes rufidula,Micranthes,rufidula,,,,native,S5,,48.917203000000001,-123.395550999999998,,NA,NA,"13879694",obs_native,file:///D:/Simon/Sync/Root/GIS/Biodiversity%20Data/obs_native.csv?type=csv&maxFields=10000&detectTypes=yes&xField=longitude&yField=latitude&crs=EPSG:4326&spatialIndex=no&subsetIndex=no&watchFile=no
"5923",Micranthes rufidula,Micranthes,rufidula,,,,native,S5,,48.916996670000003,-123.395273299999999,,NA,NA,"21543541",obs_native,file:///D:/Simon/Sync/Root/GIS/Biodiversity%20Data/obs_native.csv?type=csv&maxFields=10000&detectTypes=yes&xField=longitude&yField=latitude&crs=EPSG:4326&spatialIndex=no&subsetIndex=no&watchFile=no
"5924",Micranthes rufidula,Micranthes,rufidula,,,,native,S5,,48.917068329999999,-123.395353299999996,,NA,NA,"42682038",obs_native,file:///D:/Simon/Sync/Root/GIS/Biodiversity%20Data/obs_native.csv?type=csv&maxFields=10000&detectTypes=yes&xField=longitude&yField=latitude&crs=EPSG:4326&spatialIndex=no&subsetIndex=no&watchFile=no
"5925",Micranthes rufidula,Micranthes,rufidula,,,,native,S5,,48.871258330000003,-123.382351700000001,,NA,NA,"81147045",obs_native,file:///D:/Simon/Sync/Root/GIS/Biodiversity%20Data/obs_native.csv?type=csv&maxFields=10000&detectTypes=yes&xField=longitude&yField=latitude&crs=EPSG:4326&spatialIndex=no&subsetIndex=no&watchFile=no
"5926",Micranthes rufidula,Micranthes,rufidula,,,,native,S5,,48.917526670000001,-123.396213299999999,,NA,NA,"110152155",obs_native,file:///D:/Simon/Sync/Root/GIS/Biodiversity%20Data/obs_native.csv?type=csv&maxFields=10000&detectTypes=yes&xField=longitude&yField=latitude&crs=EPSG:4326&spatialIndex=no&subsetIndex=no&watchFile=no
"5927",Micranthes rufidula,Micranthes,rufidula,,,,native,S5,,48.917328329999997,-123.396180000000001,,NA,NA,"110247416",obs_native,file:///D:/Simon/Sync/Root/GIS/Biodiversity%20Data/obs_native.csv?type=csv&maxFields=10000&detectTypes=yes&xField=longitude&yField=latitude&crs=EPSG:4326&spatialIndex=no&subsetIndex=no&watchFile=no
"5928",Micranthes rufidula,Micranthes,rufidula,,,,native,S5,,48.909959999999998,-123.373660000000001,,NA,NA,"111052952",obs_native,file:///D:/Simon/Sync/Root/GIS/Biodiversity%20Data/obs_native.csv?type=csv&maxFields=10000&detectTypes=yes&xField=longitude&yField=latitude&crs=EPSG:4326&spatialIndex=no&subsetIndex=no&watchFile=no
"5929",Micranthes rufidula,Micranthes,rufidula,,,,native,S5,,48.909788329999998,-123.373008299999995,,NA,NA,"111053003",obs_native,file:///D:/Simon/Sync/Root/GIS/Biodiversity%20Data/obs_native.csv?type=csv&maxFields=10000&detectTypes=yes&xField=longitude&yField=latitude&crs=EPSG:4326&spatialIndex=no&subsetIndex=no&watchFile=no
"5930",Micranthes rufidula,Micranthes,rufidula,,,,native,S5,,48.909806670000002,-123.372771700000001,,NA,NA,"111053080",obs_native,file:///D:/Simon/Sync/Root/GIS/Biodiversity%20Data/obs_native.csv?type=csv&maxFields=10000&detectTypes=yes&xField=longitude&yField=latitude&crs=EPSG:4326&spatialIndex=no&subsetIndex=no&watchFile=no
"5931",Micranthes rufidula,Micranthes,rufidula,,,,native,S5,,48.909343329999999,-123.370845000000003,,NA,NA,"119369508",obs_native,file:///D:/Simon/Sync/Root/GIS/Biodiversity%20Data/obs_native.csv?type=csv&maxFields=10000&detectTypes=yes&xField=longitude&yField=latitude&crs=EPSG:4326&spatialIndex=no&subsetIndex=no&watchFile=no
"5932",Microsteris gracilis,Microsteris,gracilis,,,,native,S5,,48.957161999999997,-123.530113000000000,,NA,NA,"12373997",obs_native,file:///D:/Simon/Sync/Root/GIS/Biodiversity%20Data/obs_native.csv?type=csv&maxFields=10000&detectTypes=yes&xField=longitude&yField=latitude&crs=EPSG:4326&spatialIndex=no&subsetIndex=no&watchFile=no
"5933",Microsteris gracilis,Microsteris,gracilis,,,,native,S5,,48.863683330000001,-123.362319400000004,,NA,NA,"42637660",obs_native,file:///D:/Simon/Sync/Root/GIS/Biodiversity%20Data/obs_native.csv?type=csv&maxFields=10000&detectTypes=yes&xField=longitude&yField=latitude&crs=EPSG:4326&spatialIndex=no&subsetIndex=no&watchFile=no
"5934",Microsteris gracilis,Microsteris,gracilis,,,,native,S5,,48.956078339999998,-123.528031100000007,,NA,NA,"116029551",obs_native,file:///D:/Simon/Sync/Root/GIS/Biodiversity%20Data/obs_native.csv?type=csv&maxFields=10000&detectTypes=yes&xField=longitude&yField=latitude&crs=EPSG:4326&spatialIndex=no&subsetIndex=no&watchFile=no
"5935",Microsteris gracilis,Microsteris,gracilis,,,,native,S5,,48.959152779999997,-123.533688900000001,,NA,NA,"116029573",obs_native,file:///D:/Simon/Sync/Root/GIS/Biodiversity%20Data/obs_native.csv?type=csv&maxFields=10000&detectTypes=yes&xField=longitude&yField=latitude&crs=EPSG:4326&spatialIndex=no&subsetIndex=no&watchFile=no
"5936",Microsteris gracilis,Microsteris,gracilis,,,,native,S5,,48.956466669999998,-123.528044399999999,,NA,NA,"116033724",obs_native,file:///D:/Simon/Sync/Root/GIS/Biodiversity%20Data/obs_native.csv?type=csv&maxFields=10000&detectTypes=yes&xField=longitude&yField=latitude&crs=EPSG:4326&spatialIndex=no&subsetIndex=no&watchFile=no
"5937",Moehringia macrophylla,Moehringia,macrophylla,,,,native,S5,,48.930844999999998,-123.479247000000001,,NA,NA,"2575099",obs_native,file:///D:/Simon/Sync/Root/GIS/Biodiversity%20Data/obs_native.csv?type=csv&maxFields=10000&detectTypes=yes&xField=longitude&yField=latitude&crs=EPSG:4326&spatialIndex=no&subsetIndex=no&watchFile=no
"5938",Moehringia macrophylla,Moehringia,macrophylla,,,,native,S5,,48.932654999999997,-123.484869000000003,,NA,NA,"2588162",obs_native,file:///D:/Simon/Sync/Root/GIS/Biodiversity%20Data/obs_native.csv?type=csv&maxFields=10000&detectTypes=yes&xField=longitude&yField=latitude&crs=EPSG:4326&spatialIndex=no&subsetIndex=no&watchFile=no
"5939",Moehringia macrophylla,Moehringia,macrophylla,,,,native,S5,,48.928195000000002,-123.471564999999998,,NA,NA,"2608744",obs_native,file:///D:/Simon/Sync/Root/GIS/Biodiversity%20Data/obs_native.csv?type=csv&maxFields=10000&detectTypes=yes&xField=longitude&yField=latitude&crs=EPSG:4326&spatialIndex=no&subsetIndex=no&watchFile=no
"5940",Moehringia macrophylla,Moehringia,macrophylla,,,,native,S5,,48.928624999999997,-123.470782999999997,,NA,NA,"2617707",obs_native,file:///D:/Simon/Sync/Root/GIS/Biodiversity%20Data/obs_native.csv?type=csv&maxFields=10000&detectTypes=yes&xField=longitude&yField=latitude&crs=EPSG:4326&spatialIndex=no&subsetIndex=no&watchFile=no
"5941",Moehringia macrophylla,Moehringia,macrophylla,,,,native,S5,,48.867548999999997,-123.338527999999997,,NA,NA,"3351071",obs_native,file:///D:/Simon/Sync/Root/GIS/Biodiversity%20Data/obs_native.csv?type=csv&maxFields=10000&detectTypes=yes&xField=longitude&yField=latitude&crs=EPSG:4326&spatialIndex=no&subsetIndex=no&watchFile=no
"5942",Moehringia macrophylla,Moehringia,macrophylla,,,,native,S5,,48.867548999999997,-123.338527999999997,,NA,NA,"3351414",obs_native,file:///D:/Simon/Sync/Root/GIS/Biodiversity%20Data/obs_native.csv?type=csv&maxFields=10000&detectTypes=yes&xField=longitude&yField=latitude&crs=EPSG:4326&spatialIndex=no&subsetIndex=no&watchFile=no
"5943",Moehringia macrophylla,Moehringia,macrophylla,,,,native,S5,,48.861834999999999,-123.351059000000006,,NA,NA,"5635287",obs_native,file:///D:/Simon/Sync/Root/GIS/Biodiversity%20Data/obs_native.csv?type=csv&maxFields=10000&detectTypes=yes&xField=longitude&yField=latitude&crs=EPSG:4326&spatialIndex=no&subsetIndex=no&watchFile=no
"5944",Moehringia macrophylla,Moehringia,macrophylla,,,,native,S5,,48.927087999999998,-123.466329999999999,,NA,NA,"5850407",obs_native,file:///D:/Simon/Sync/Root/GIS/Biodiversity%20Data/obs_native.csv?type=csv&maxFields=10000&detectTypes=yes&xField=longitude&yField=latitude&crs=EPSG:4326&spatialIndex=no&subsetIndex=no&watchFile=no
"5945",Moehringia macrophylla,Moehringia,macrophylla,,,,native,S5,,48.940345899999997,-123.504352600000004,,NA,NA,"6306949",obs_native,file:///D:/Simon/Sync/Root/GIS/Biodiversity%20Data/obs_native.csv?type=csv&maxFields=10000&detectTypes=yes&xField=longitude&yField=latitude&crs=EPSG:4326&spatialIndex=no&subsetIndex=no&watchFile=no
"5946",Moehringia macrophylla,Moehringia,macrophylla,,,,native,S5,,48.875250999999999,-123.385756000000001,,NA,NA,"6818031",obs_native,file:///D:/Simon/Sync/Root/GIS/Biodiversity%20Data/obs_native.csv?type=csv&maxFields=10000&detectTypes=yes&xField=longitude&yField=latitude&crs=EPSG:4326&spatialIndex=no&subsetIndex=no&watchFile=no
"5947",Moehringia macrophylla,Moehringia,macrophylla,,,,native,S5,,48.868715600000002,-123.346205499999996,,NA,NA,"10500322",obs_native,file:///D:/Simon/Sync/Root/GIS/Biodiversity%20Data/obs_native.csv?type=csv&maxFields=10000&detectTypes=yes&xField=longitude&yField=latitude&crs=EPSG:4326&spatialIndex=no&subsetIndex=no&watchFile=no
"5948",Moehringia macrophylla,Moehringia,macrophylla,,,,native,S5,,48.939942000000002,-123.504261999999997,,NA,NA,"11250861",obs_native,file:///D:/Simon/Sync/Root/GIS/Biodiversity%20Data/obs_native.csv?type=csv&maxFields=10000&detectTypes=yes&xField=longitude&yField=latitude&crs=EPSG:4326&spatialIndex=no&subsetIndex=no&watchFile=no
"5949",Moehringia macrophylla,Moehringia,macrophylla,,,,native,S5,,48.867058000000000,-123.334428000000003,,NA,NA,"12817050",obs_native,file:///D:/Simon/Sync/Root/GIS/Biodiversity%20Data/obs_native.csv?type=csv&maxFields=10000&detectTypes=yes&xField=longitude&yField=latitude&crs=EPSG:4326&spatialIndex=no&subsetIndex=no&watchFile=no
"5950",Moehringia macrophylla,Moehringia,macrophylla,,,,native,S5,,48.923088329999999,-123.452583300000001,,NA,NA,"13951684",obs_native,file:///D:/Simon/Sync/Root/GIS/Biodiversity%20Data/obs_native.csv?type=csv&maxFields=10000&detectTypes=yes&xField=longitude&yField=latitude&crs=EPSG:4326&spatialIndex=no&subsetIndex=no&watchFile=no
"5951",Moehringia macrophylla,Moehringia,macrophylla,,,,native,S5,,48.868941669999998,-123.341298300000005,,NA,NA,"13973328",obs_native,file:///D:/Simon/Sync/Root/GIS/Biodiversity%20Data/obs_native.csv?type=csv&maxFields=10000&detectTypes=yes&xField=longitude&yField=latitude&crs=EPSG:4326&spatialIndex=no&subsetIndex=no&watchFile=no
"5952",Moehringia macrophylla,Moehringia,macrophylla,,,,native,S5,,48.964408329999998,-123.543013299999998,,NA,NA,"22182472",obs_native,file:///D:/Simon/Sync/Root/GIS/Biodiversity%20Data/obs_native.csv?type=csv&maxFields=10000&detectTypes=yes&xField=longitude&yField=latitude&crs=EPSG:4326&spatialIndex=no&subsetIndex=no&watchFile=no
"5953",Moehringia macrophylla,Moehringia,macrophylla,,,,native,S5,,48.861069999999998,-123.352203299999999,,NA,NA,"23022042",obs_native,file:///D:/Simon/Sync/Root/GIS/Biodiversity%20Data/obs_native.csv?type=csv&maxFields=10000&detectTypes=yes&xField=longitude&yField=latitude&crs=EPSG:4326&spatialIndex=no&subsetIndex=no&watchFile=no
"5954",Moehringia macrophylla,Moehringia,macrophylla,,,,native,S5,,48.900625130000002,-123.405060399999996,,NA,NA,"24709349",obs_native,file:///D:/Simon/Sync/Root/GIS/Biodiversity%20Data/obs_native.csv?type=csv&maxFields=10000&detectTypes=yes&xField=longitude&yField=latitude&crs=EPSG:4326&spatialIndex=no&subsetIndex=no&watchFile=no
"5955",Moehringia macrophylla,Moehringia,macrophylla,,,,native,S5,,48.872193549999999,-123.311878899999996,,NA,NA,"24710962",obs_native,file:///D:/Simon/Sync/Root/GIS/Biodiversity%20Data/obs_native.csv?type=csv&maxFields=10000&detectTypes=yes&xField=longitude&yField=latitude&crs=EPSG:4326&spatialIndex=no&subsetIndex=no&watchFile=no
"5956",Moehringia macrophylla,Moehringia,macrophylla,,,,native,S5,,48.901692859999997,-123.404739500000005,,NA,NA,"24715735",obs_native,file:///D:/Simon/Sync/Root/GIS/Biodiversity%20Data/obs_native.csv?type=csv&maxFields=10000&detectTypes=yes&xField=longitude&yField=latitude&crs=EPSG:4326&spatialIndex=no&subsetIndex=no&watchFile=no
"5957",Moehringia macrophylla,Moehringia,macrophylla,,,,native,S5,,48.871844439999997,-123.312194399999996,,NA,NA,"24806459",obs_native,file:///D:/Simon/Sync/Root/GIS/Biodiversity%20Data/obs_native.csv?type=csv&maxFields=10000&detectTypes=yes&xField=longitude&yField=latitude&crs=EPSG:4326&spatialIndex=no&subsetIndex=no&watchFile=no
"5958",Moehringia macrophylla,Moehringia,macrophylla,,,,native,S5,,48.871780559999998,-123.312247200000002,,NA,NA,"24806735",obs_native,file:///D:/Simon/Sync/Root/GIS/Biodiversity%20Data/obs_native.csv?type=csv&maxFields=10000&detectTypes=yes&xField=longitude&yField=latitude&crs=EPSG:4326&spatialIndex=no&subsetIndex=no&watchFile=no
"5959",Moehringia macrophylla,Moehringia,macrophylla,,,,native,S5,,48.871780559999998,-123.312247200000002,,NA,NA,"24824133",obs_native,file:///D:/Simon/Sync/Root/GIS/Biodiversity%20Data/obs_native.csv?type=csv&maxFields=10000&detectTypes=yes&xField=longitude&yField=latitude&crs=EPSG:4326&spatialIndex=no&subsetIndex=no&watchFile=no
"5960",Moehringia macrophylla,Moehringia,macrophylla,,,,native,S5,,48.872122220000001,-123.311564599999997,,NA,NA,"25483414",obs_native,file:///D:/Simon/Sync/Root/GIS/Biodiversity%20Data/obs_native.csv?type=csv&maxFields=10000&detectTypes=yes&xField=longitude&yField=latitude&crs=EPSG:4326&spatialIndex=no&subsetIndex=no&watchFile=no
"5961",Moehringia macrophylla,Moehringia,macrophylla,,,,native,S5,,48.867758330000001,-123.376136099999997,,NA,NA,"25595365",obs_native,file:///D:/Simon/Sync/Root/GIS/Biodiversity%20Data/obs_native.csv?type=csv&maxFields=10000&detectTypes=yes&xField=longitude&yField=latitude&crs=EPSG:4326&spatialIndex=no&subsetIndex=no&watchFile=no
"5962",Moehringia macrophylla,Moehringia,macrophylla,,,,native,S5,,48.933289490000000,-123.485256000000007,,NA,NA,"26418207",obs_native,file:///D:/Simon/Sync/Root/GIS/Biodiversity%20Data/obs_native.csv?type=csv&maxFields=10000&detectTypes=yes&xField=longitude&yField=latitude&crs=EPSG:4326&spatialIndex=no&subsetIndex=no&watchFile=no
"5963",Moehringia macrophylla,Moehringia,macrophylla,,,,native,S5,,48.865061109999999,-123.366336099999998,,NA,NA,"42637598",obs_native,file:///D:/Simon/Sync/Root/GIS/Biodiversity%20Data/obs_native.csv?type=csv&maxFields=10000&detectTypes=yes&xField=longitude&yField=latitude&crs=EPSG:4326&spatialIndex=no&subsetIndex=no&watchFile=no
"5964",Moehringia macrophylla,Moehringia,macrophylla,,,,native,S5,,48.865563889999997,-123.365013899999994,,NA,NA,"42637637",obs_native,file:///D:/Simon/Sync/Root/GIS/Biodiversity%20Data/obs_native.csv?type=csv&maxFields=10000&detectTypes=yes&xField=longitude&yField=latitude&crs=EPSG:4326&spatialIndex=no&subsetIndex=no&watchFile=no
"5965",Moehringia macrophylla,Moehringia,macrophylla,,,,native,S5,,48.864729580000002,-123.331146500000003,,NA,NA,"50823201",obs_native,file:///D:/Simon/Sync/Root/GIS/Biodiversity%20Data/obs_native.csv?type=csv&maxFields=10000&detectTypes=yes&xField=longitude&yField=latitude&crs=EPSG:4326&spatialIndex=no&subsetIndex=no&watchFile=no
"5966",Moehringia macrophylla,Moehringia,macrophylla,,,,native,S5,,48.932434590000000,-123.479004300000000,,NA,NA,"53384694",obs_native,file:///D:/Simon/Sync/Root/GIS/Biodiversity%20Data/obs_native.csv?type=csv&maxFields=10000&detectTypes=yes&xField=longitude&yField=latitude&crs=EPSG:4326&spatialIndex=no&subsetIndex=no&watchFile=no
"5967",Moehringia macrophylla,Moehringia,macrophylla,,,,native,S5,,48.894041670000000,-123.403808299999994,,NA,NA,"75594397",obs_native,file:///D:/Simon/Sync/Root/GIS/Biodiversity%20Data/obs_native.csv?type=csv&maxFields=10000&detectTypes=yes&xField=longitude&yField=latitude&crs=EPSG:4326&spatialIndex=no&subsetIndex=no&watchFile=no
"5968",Moehringia macrophylla,Moehringia,macrophylla,,,,native,S5,,48.887974999999997,-123.335975000000005,,NA,NA,"76003046",obs_native,file:///D:/Simon/Sync/Root/GIS/Biodiversity%20Data/obs_native.csv?type=csv&maxFields=10000&detectTypes=yes&xField=longitude&yField=latitude&crs=EPSG:4326&spatialIndex=no&subsetIndex=no&watchFile=no
"5969",Moehringia macrophylla,Moehringia,macrophylla,,,,native,S5,,48.949300000000001,-123.510553299999998,,NA,NA,"77930207",obs_native,file:///D:/Simon/Sync/Root/GIS/Biodiversity%20Data/obs_native.csv?type=csv&maxFields=10000&detectTypes=yes&xField=longitude&yField=latitude&crs=EPSG:4326&spatialIndex=no&subsetIndex=no&watchFile=no
"5970",Moehringia macrophylla,Moehringia,macrophylla,,,,native,S5,,48.864704119999999,-123.350896199999994,,NA,NA,"83167558",obs_native,file:///D:/Simon/Sync/Root/GIS/Biodiversity%20Data/obs_native.csv?type=csv&maxFields=10000&detectTypes=yes&xField=longitude&yField=latitude&crs=EPSG:4326&spatialIndex=no&subsetIndex=no&watchFile=no
"5971",Moehringia macrophylla,Moehringia,macrophylla,,,,native,S5,,48.876013329999999,-123.384826700000005,,NA,NA,"83738284",obs_native,file:///D:/Simon/Sync/Root/GIS/Biodiversity%20Data/obs_native.csv?type=csv&maxFields=10000&detectTypes=yes&xField=longitude&yField=latitude&crs=EPSG:4326&spatialIndex=no&subsetIndex=no&watchFile=no
"5972",Moehringia macrophylla,Moehringia,macrophylla,,,,native,S5,,48.874161579999999,-123.383735299999998,,NA,NA,"114122215",obs_native,file:///D:/Simon/Sync/Root/GIS/Biodiversity%20Data/obs_native.csv?type=csv&maxFields=10000&detectTypes=yes&xField=longitude&yField=latitude&crs=EPSG:4326&spatialIndex=no&subsetIndex=no&watchFile=no
"5973",Moehringia macrophylla,Moehringia,macrophylla,,,,native,S5,,48.958599999999997,-123.532219400000002,,NA,NA,"116033735",obs_native,file:///D:/Simon/Sync/Root/GIS/Biodiversity%20Data/obs_native.csv?type=csv&maxFields=10000&detectTypes=yes&xField=longitude&yField=latitude&crs=EPSG:4326&spatialIndex=no&subsetIndex=no&watchFile=no
"5974",Moehringia macrophylla,Moehringia,macrophylla,,,,native,S5,,48.875982290000003,-123.373116300000007,,NA,NA,"118608430",obs_native,file:///D:/Simon/Sync/Root/GIS/Biodiversity%20Data/obs_native.csv?type=csv&maxFields=10000&detectTypes=yes&xField=longitude&yField=latitude&crs=EPSG:4326&spatialIndex=no&subsetIndex=no&watchFile=no
"5975",Moehringia macrophylla,Moehringia,macrophylla,,,,native,S5,,48.936188889999997,-123.472611099999995,,NA,NA,"125882212",obs_native,file:///D:/Simon/Sync/Root/GIS/Biodiversity%20Data/obs_native.csv?type=csv&maxFields=10000&detectTypes=yes&xField=longitude&yField=latitude&crs=EPSG:4326&spatialIndex=no&subsetIndex=no&watchFile=no
"5977",Monotropa uniflora,Monotropa,uniflora,,,,native,S5,,48.948327999999997,-123.503649999999993,,NA,NA,"2583316",obs_native,file:///D:/Simon/Sync/Root/GIS/Biodiversity%20Data/obs_native.csv?type=csv&maxFields=10000&detectTypes=yes&xField=longitude&yField=latitude&crs=EPSG:4326&spatialIndex=no&subsetIndex=no&watchFile=no
"5978",Monotropa uniflora,Monotropa,uniflora,,,,native,S5,,48.894764000000002,-123.346715000000003,,NA,NA,"3502607",obs_native,file:///D:/Simon/Sync/Root/GIS/Biodiversity%20Data/obs_native.csv?type=csv&maxFields=10000&detectTypes=yes&xField=longitude&yField=latitude&crs=EPSG:4326&spatialIndex=no&subsetIndex=no&watchFile=no
"5979",Monotropa uniflora,Monotropa,uniflora,,,,native,S5,,48.935668990000003,-123.475285700000001,,NA,NA,"3535980",obs_native,file:///D:/Simon/Sync/Root/GIS/Biodiversity%20Data/obs_native.csv?type=csv&maxFields=10000&detectTypes=yes&xField=longitude&yField=latitude&crs=EPSG:4326&spatialIndex=no&subsetIndex=no&watchFile=no
"5980",Monotropa uniflora,Monotropa,uniflora,,,,native,S5,,48.930070000000001,-123.469396700000004,,NA,NA,"3626357",obs_native,file:///D:/Simon/Sync/Root/GIS/Biodiversity%20Data/obs_native.csv?type=csv&maxFields=10000&detectTypes=yes&xField=longitude&yField=latitude&crs=EPSG:4326&spatialIndex=no&subsetIndex=no&watchFile=no
"5981",Monotropa uniflora,Monotropa,uniflora,,,,native,S5,,48.872956000000002,-123.341037999999998,,NA,NA,"13795308",obs_native,file:///D:/Simon/Sync/Root/GIS/Biodiversity%20Data/obs_native.csv?type=csv&maxFields=10000&detectTypes=yes&xField=longitude&yField=latitude&crs=EPSG:4326&spatialIndex=no&subsetIndex=no&watchFile=no
"5982",Monotropa uniflora,Monotropa,uniflora,,,,native,S5,,48.873223000000003,-123.342866000000001,,NA,NA,"13962875",obs_native,file:///D:/Simon/Sync/Root/GIS/Biodiversity%20Data/obs_native.csv?type=csv&maxFields=10000&detectTypes=yes&xField=longitude&yField=latitude&crs=EPSG:4326&spatialIndex=no&subsetIndex=no&watchFile=no
"5983",Monotropa uniflora,Monotropa,uniflora,,,,native,S5,,48.874816670000001,-123.340827800000000,,NA,NA,"14000098",obs_native,file:///D:/Simon/Sync/Root/GIS/Biodiversity%20Data/obs_native.csv?type=csv&maxFields=10000&detectTypes=yes&xField=longitude&yField=latitude&crs=EPSG:4326&spatialIndex=no&subsetIndex=no&watchFile=no
"5984",Monotropa uniflora,Monotropa,uniflora,,,,native,S5,,48.992440330000001,-123.576996100000002,,NA,NA,"14063901",obs_native,file:///D:/Simon/Sync/Root/GIS/Biodiversity%20Data/obs_native.csv?type=csv&maxFields=10000&detectTypes=yes&xField=longitude&yField=latitude&crs=EPSG:4326&spatialIndex=no&subsetIndex=no&watchFile=no
"5985",Monotropa uniflora,Monotropa,uniflora,,,,native,S5,,48.869708330000002,-123.341774999999998,,NA,NA,"28446232",obs_native,file:///D:/Simon/Sync/Root/GIS/Biodiversity%20Data/obs_native.csv?type=csv&maxFields=10000&detectTypes=yes&xField=longitude&yField=latitude&crs=EPSG:4326&spatialIndex=no&subsetIndex=no&watchFile=no
"5986",Monotropa uniflora,Monotropa,uniflora,,,,native,S5,,48.928549439999998,-123.472649399999995,,NA,NA,"50474568",obs_native,file:///D:/Simon/Sync/Root/GIS/Biodiversity%20Data/obs_native.csv?type=csv&maxFields=10000&detectTypes=yes&xField=longitude&yField=latitude&crs=EPSG:4326&spatialIndex=no&subsetIndex=no&watchFile=no
"5987",Monotropa uniflora,Monotropa,uniflora,,,,native,S5,,48.894475000000000,-123.404669999999996,,NA,NA,"50694389",obs_native,file:///D:/Simon/Sync/Root/GIS/Biodiversity%20Data/obs_native.csv?type=csv&maxFields=10000&detectTypes=yes&xField=longitude&yField=latitude&crs=EPSG:4326&spatialIndex=no&subsetIndex=no&watchFile=no
"5988",Monotropa uniflora,Monotropa,uniflora,,,,native,S5,,49.001584149999999,-123.566732500000001,,NA,NA,"50803795",obs_native,file:///D:/Simon/Sync/Root/GIS/Biodiversity%20Data/obs_native.csv?type=csv&maxFields=10000&detectTypes=yes&xField=longitude&yField=latitude&crs=EPSG:4326&spatialIndex=no&subsetIndex=no&watchFile=no
"5989",Monotropa uniflora,Monotropa,uniflora,,,,native,S5,,48.927075000000002,-123.467224999999999,,NA,NA,"51035552",obs_native,file:///D:/Simon/Sync/Root/GIS/Biodiversity%20Data/obs_native.csv?type=csv&maxFields=10000&detectTypes=yes&xField=longitude&yField=latitude&crs=EPSG:4326&spatialIndex=no&subsetIndex=no&watchFile=no
"5990",Monotropa uniflora,Monotropa,uniflora,,,,native,S5,,48.878022219999998,-123.339997199999999,,NA,NA,"51249311",obs_native,file:///D:/Simon/Sync/Root/GIS/Biodiversity%20Data/obs_native.csv?type=csv&maxFields=10000&detectTypes=yes&xField=longitude&yField=latitude&crs=EPSG:4326&spatialIndex=no&subsetIndex=no&watchFile=no
"5991",Monotropa uniflora,Monotropa,uniflora,,,,native,S5,,48.878709999999998,-123.335460999999995,,NA,NA,"51250608",obs_native,file:///D:/Simon/Sync/Root/GIS/Biodiversity%20Data/obs_native.csv?type=csv&maxFields=10000&detectTypes=yes&xField=longitude&yField=latitude&crs=EPSG:4326&spatialIndex=no&subsetIndex=no&watchFile=no
"5992",Monotropa uniflora,Monotropa,uniflora,,,,native,S5,,48.900942850000000,-123.352685500000007,,NA,NA,"51509635",obs_native,file:///D:/Simon/Sync/Root/GIS/Biodiversity%20Data/obs_native.csv?type=csv&maxFields=10000&detectTypes=yes&xField=longitude&yField=latitude&crs=EPSG:4326&spatialIndex=no&subsetIndex=no&watchFile=no
"5993",Monotropa uniflora,Monotropa,uniflora,,,,native,S5,,48.984763330000000,-123.555008299999997,,NA,NA,"51556165",obs_native,file:///D:/Simon/Sync/Root/GIS/Biodiversity%20Data/obs_native.csv?type=csv&maxFields=10000&detectTypes=yes&xField=longitude&yField=latitude&crs=EPSG:4326&spatialIndex=no&subsetIndex=no&watchFile=no
"5994",Monotropa uniflora,Monotropa,uniflora,,,,native,S5,,48.887470000000000,-123.375000000000000,,NA,NA,"53022040",obs_native,file:///D:/Simon/Sync/Root/GIS/Biodiversity%20Data/obs_native.csv?type=csv&maxFields=10000&detectTypes=yes&xField=longitude&yField=latitude&crs=EPSG:4326&spatialIndex=no&subsetIndex=no&watchFile=no
"5995",Monotropa uniflora,Monotropa,uniflora,,,,native,S5,,48.927162010000004,-123.468462799999998,,NA,NA,"53380395",obs_native,file:///D:/Simon/Sync/Root/GIS/Biodiversity%20Data/obs_native.csv?type=csv&maxFields=10000&detectTypes=yes&xField=longitude&yField=latitude&crs=EPSG:4326&spatialIndex=no&subsetIndex=no&watchFile=no
"5996",Monotropa uniflora,Monotropa,uniflora,,,,native,S5,,49.006229140000002,-123.574468899999999,,NA,NA,"53685412",obs_native,file:///D:/Simon/Sync/Root/GIS/Biodiversity%20Data/obs_native.csv?type=csv&maxFields=10000&detectTypes=yes&xField=longitude&yField=latitude&crs=EPSG:4326&spatialIndex=no&subsetIndex=no&watchFile=no
"5997",Monotropa uniflora,Monotropa,uniflora,,,,native,S5,,49.007961119999997,-123.574836700000006,,NA,NA,"53807196",obs_native,file:///D:/Simon/Sync/Root/GIS/Biodiversity%20Data/obs_native.csv?type=csv&maxFields=10000&detectTypes=yes&xField=longitude&yField=latitude&crs=EPSG:4326&spatialIndex=no&subsetIndex=no&watchFile=no
"5998",Monotropa uniflora,Monotropa,uniflora,,,,native,S5,,48.870247210000002,-123.341318700000002,,NA,NA,"54633047",obs_native,file:///D:/Simon/Sync/Root/GIS/Biodiversity%20Data/obs_native.csv?type=csv&maxFields=10000&detectTypes=yes&xField=longitude&yField=latitude&crs=EPSG:4326&spatialIndex=no&subsetIndex=no&watchFile=no
"5999",Monotropa uniflora,Monotropa,uniflora,,,,native,S5,,48.869314539999998,-123.341536099999999,,NA,NA,"54685684",obs_native,file:///D:/Simon/Sync/Root/GIS/Biodiversity%20Data/obs_native.csv?type=csv&maxFields=10000&detectTypes=yes&xField=longitude&yField=latitude&crs=EPSG:4326&spatialIndex=no&subsetIndex=no&watchFile=no
"6000",Monotropa uniflora,Monotropa,uniflora,,,,native,S5,,48.869803210000001,-123.341602100000003,,NA,NA,"54946296",obs_native,file:///D:/Simon/Sync/Root/GIS/Biodiversity%20Data/obs_native.csv?type=csv&maxFields=10000&detectTypes=yes&xField=longitude&yField=latitude&crs=EPSG:4326&spatialIndex=no&subsetIndex=no&watchFile=no
"6001",Monotropa uniflora,Monotropa,uniflora,,,,native,S5,,48.900078329999999,-123.444725000000005,,NA,NA,"57175490",obs_native,file:///D:/Simon/Sync/Root/GIS/Biodiversity%20Data/obs_native.csv?type=csv&maxFields=10000&detectTypes=yes&xField=longitude&yField=latitude&crs=EPSG:4326&spatialIndex=no&subsetIndex=no&watchFile=no
"6002",Monotropa uniflora,Monotropa,uniflora,,,,native,S5,,49.011259209999999,-123.574915500000003,,NA,NA,"62322511",obs_native,file:///D:/Simon/Sync/Root/GIS/Biodiversity%20Data/obs_native.csv?type=csv&maxFields=10000&detectTypes=yes&xField=longitude&yField=latitude&crs=EPSG:4326&spatialIndex=no&subsetIndex=no&watchFile=no
"6003",Monotropa uniflora,Monotropa,uniflora,,,,native,S5,,48.885758330000002,-123.357291700000005,,NA,NA,"83087783",obs_native,file:///D:/Simon/Sync/Root/GIS/Biodiversity%20Data/obs_native.csv?type=csv&maxFields=10000&detectTypes=yes&xField=longitude&yField=latitude&crs=EPSG:4326&spatialIndex=no&subsetIndex=no&watchFile=no
"6004",Monotropa uniflora,Monotropa,uniflora,,,,native,S5,,48.886672480000001,-123.357031000000006,,NA,NA,"83098026",obs_native,file:///D:/Simon/Sync/Root/GIS/Biodiversity%20Data/obs_native.csv?type=csv&maxFields=10000&detectTypes=yes&xField=longitude&yField=latitude&crs=EPSG:4326&spatialIndex=no&subsetIndex=no&watchFile=no
"6005",Monotropa uniflora,Monotropa,uniflora,,,,native,S5,,49.012360549999997,-123.575559100000007,,NA,NA,"83205606",obs_native,file:///D:/Simon/Sync/Root/GIS/Biodiversity%20Data/obs_native.csv?type=csv&maxFields=10000&detectTypes=yes&xField=longitude&yField=latitude&crs=EPSG:4326&spatialIndex=no&subsetIndex=no&watchFile=no
"6006",Monotropa uniflora,Monotropa,uniflora,,,,native,S5,,48.862589989999996,-123.353419599999995,,NA,NA,"83596912",obs_native,file:///D:/Simon/Sync/Root/GIS/Biodiversity%20Data/obs_native.csv?type=csv&maxFields=10000&detectTypes=yes&xField=longitude&yField=latitude&crs=EPSG:4326&spatialIndex=no&subsetIndex=no&watchFile=no
"6007",Monotropa uniflora,Monotropa,uniflora,,,,native,S5,,49.012133130000002,-123.575657800000002,,NA,NA,"83603147",obs_native,file:///D:/Simon/Sync/Root/GIS/Biodiversity%20Data/obs_native.csv?type=csv&maxFields=10000&detectTypes=yes&xField=longitude&yField=latitude&crs=EPSG:4326&spatialIndex=no&subsetIndex=no&watchFile=no
"6008",Monotropa uniflora,Monotropa,uniflora,,,,native,S5,,48.927448900000002,-123.467253999999997,,NA,NA,"83739567",obs_native,file:///D:/Simon/Sync/Root/GIS/Biodiversity%20Data/obs_native.csv?type=csv&maxFields=10000&detectTypes=yes&xField=longitude&yField=latitude&crs=EPSG:4326&spatialIndex=no&subsetIndex=no&watchFile=no
"6009",Monotropa uniflora,Monotropa,uniflora,,,,native,S5,,48.927338329999998,-123.468779999999995,,NA,NA,"83846599",obs_native,file:///D:/Simon/Sync/Root/GIS/Biodiversity%20Data/obs_native.csv?type=csv&maxFields=10000&detectTypes=yes&xField=longitude&yField=latitude&crs=EPSG:4326&spatialIndex=no&subsetIndex=no&watchFile=no
"6010",Monotropa uniflora,Monotropa,uniflora,,,,native,S5,,48.870055559999997,-123.341688899999994,,NA,NA,"83849836",obs_native,file:///D:/Simon/Sync/Root/GIS/Biodiversity%20Data/obs_native.csv?type=csv&maxFields=10000&detectTypes=yes&xField=longitude&yField=latitude&crs=EPSG:4326&spatialIndex=no&subsetIndex=no&watchFile=no
"6011",Monotropa uniflora,Monotropa,uniflora,,,,native,S5,,48.871996670000001,-123.312583300000000,,NA,NA,"84001601",obs_native,file:///D:/Simon/Sync/Root/GIS/Biodiversity%20Data/obs_native.csv?type=csv&maxFields=10000&detectTypes=yes&xField=longitude&yField=latitude&crs=EPSG:4326&spatialIndex=no&subsetIndex=no&watchFile=no
"6012",Monotropa uniflora,Monotropa,uniflora,,,,native,S5,,48.927686670000000,-123.466086700000005,,NA,NA,"84241873",obs_native,file:///D:/Simon/Sync/Root/GIS/Biodiversity%20Data/obs_native.csv?type=csv&maxFields=10000&detectTypes=yes&xField=longitude&yField=latitude&crs=EPSG:4326&spatialIndex=no&subsetIndex=no&watchFile=no
"6013",Monotropa uniflora,Monotropa,uniflora,,,,native,S5,,48.928062509999997,-123.465502999999998,,NA,NA,"84242445",obs_native,file:///D:/Simon/Sync/Root/GIS/Biodiversity%20Data/obs_native.csv?type=csv&maxFields=10000&detectTypes=yes&xField=longitude&yField=latitude&crs=EPSG:4326&spatialIndex=no&subsetIndex=no&watchFile=no
"6014",Monotropa uniflora,Monotropa,uniflora,,,,native,S5,,48.928070759999997,-123.464281299999996,,NA,NA,"84269496",obs_native,file:///D:/Simon/Sync/Root/GIS/Biodiversity%20Data/obs_native.csv?type=csv&maxFields=10000&detectTypes=yes&xField=longitude&yField=latitude&crs=EPSG:4326&spatialIndex=no&subsetIndex=no&watchFile=no
"6015",Monotropa uniflora,Monotropa,uniflora,,,,native,S5,,48.928084220000002,-123.467730399999994,,NA,NA,"84273343",obs_native,file:///D:/Simon/Sync/Root/GIS/Biodiversity%20Data/obs_native.csv?type=csv&maxFields=10000&detectTypes=yes&xField=longitude&yField=latitude&crs=EPSG:4326&spatialIndex=no&subsetIndex=no&watchFile=no
"6016",Monotropa uniflora,Monotropa,uniflora,,,,native,S5,,48.931174700000000,-123.470313300000001,,NA,NA,"84320738",obs_native,file:///D:/Simon/Sync/Root/GIS/Biodiversity%20Data/obs_native.csv?type=csv&maxFields=10000&detectTypes=yes&xField=longitude&yField=latitude&crs=EPSG:4326&spatialIndex=no&subsetIndex=no&watchFile=no
"6017",Monotropa uniflora,Monotropa,uniflora,,,,native,S5,,48.879199999999997,-123.328863299999995,,NA,NA,"84334304",obs_native,file:///D:/Simon/Sync/Root/GIS/Biodiversity%20Data/obs_native.csv?type=csv&maxFields=10000&detectTypes=yes&xField=longitude&yField=latitude&crs=EPSG:4326&spatialIndex=no&subsetIndex=no&watchFile=no
"6018",Monotropa uniflora,Monotropa,uniflora,,,,native,S5,,48.928288330000001,-123.471321700000004,,NA,NA,"84337209",obs_native,file:///D:/Simon/Sync/Root/GIS/Biodiversity%20Data/obs_native.csv?type=csv&maxFields=10000&detectTypes=yes&xField=longitude&yField=latitude&crs=EPSG:4326&spatialIndex=no&subsetIndex=no&watchFile=no
"6019",Monotropa uniflora,Monotropa,uniflora,,,,native,S5,,48.929788780000003,-123.468550399999998,,NA,NA,"84370652",obs_native,file:///D:/Simon/Sync/Root/GIS/Biodiversity%20Data/obs_native.csv?type=csv&maxFields=10000&detectTypes=yes&xField=longitude&yField=latitude&crs=EPSG:4326&spatialIndex=no&subsetIndex=no&watchFile=no
"6020",Monotropa uniflora,Monotropa,uniflora,,,,native,S5,,48.928038330000000,-123.469999999999999,,NA,NA,"84374697",obs_native,file:///D:/Simon/Sync/Root/GIS/Biodiversity%20Data/obs_native.csv?type=csv&maxFields=10000&detectTypes=yes&xField=longitude&yField=latitude&crs=EPSG:4326&spatialIndex=no&subsetIndex=no&watchFile=no
"6021",Monotropa uniflora,Monotropa,uniflora,,,,native,S5,,48.998163329999997,-123.586678300000003,,NA,NA,"84379801",obs_native,file:///D:/Simon/Sync/Root/GIS/Biodiversity%20Data/obs_native.csv?type=csv&maxFields=10000&detectTypes=yes&xField=longitude&yField=latitude&crs=EPSG:4326&spatialIndex=no&subsetIndex=no&watchFile=no
"6022",Monotropa uniflora,Monotropa,uniflora,,,,native,S5,,48.928238829999998,-123.468923700000005,,NA,NA,"84485656",obs_native,file:///D:/Simon/Sync/Root/GIS/Biodiversity%20Data/obs_native.csv?type=csv&maxFields=10000&detectTypes=yes&xField=longitude&yField=latitude&crs=EPSG:4326&spatialIndex=no&subsetIndex=no&watchFile=no
"6023",Monotropa uniflora,Monotropa,uniflora,,,,native,S5,,48.996946780000002,-123.586512600000006,,NA,NA,"84513003",obs_native,file:///D:/Simon/Sync/Root/GIS/Biodiversity%20Data/obs_native.csv?type=csv&maxFields=10000&detectTypes=yes&xField=longitude&yField=latitude&crs=EPSG:4326&spatialIndex=no&subsetIndex=no&watchFile=no
"6024",Monotropa uniflora,Monotropa,uniflora,,,,native,S5,,48.939807889999997,-123.495178199999998,,NA,NA,"84602252",obs_native,file:///D:/Simon/Sync/Root/GIS/Biodiversity%20Data/obs_native.csv?type=csv&maxFields=10000&detectTypes=yes&xField=longitude&yField=latitude&crs=EPSG:4326&spatialIndex=no&subsetIndex=no&watchFile=no
"6025",Monotropa uniflora,Monotropa,uniflora,,,,native,S5,,48.894271300000000,-123.404741299999998,,NA,NA,"84656084",obs_native,file:///D:/Simon/Sync/Root/GIS/Biodiversity%20Data/obs_native.csv?type=csv&maxFields=10000&detectTypes=yes&xField=longitude&yField=latitude&crs=EPSG:4326&spatialIndex=no&subsetIndex=no&watchFile=no
"6026",Monotropa uniflora,Monotropa,uniflora,,,,native,S5,,48.940468060000001,-123.505120800000000,,NA,NA,"85171561",obs_native,file:///D:/Simon/Sync/Root/GIS/Biodiversity%20Data/obs_native.csv?type=csv&maxFields=10000&detectTypes=yes&xField=longitude&yField=latitude&crs=EPSG:4326&spatialIndex=no&subsetIndex=no&watchFile=no
"6027",Monotropa uniflora,Monotropa,uniflora,,,,native,S5,,48.861408330000003,-123.361663300000004,,NA,NA,"85549401",obs_native,file:///D:/Simon/Sync/Root/GIS/Biodiversity%20Data/obs_native.csv?type=csv&maxFields=10000&detectTypes=yes&xField=longitude&yField=latitude&crs=EPSG:4326&spatialIndex=no&subsetIndex=no&watchFile=no
"6028",Monotropa uniflora,Monotropa,uniflora,,,,native,S5,,49.007630550000002,-123.571061700000001,,NA,NA,"85685549",obs_native,file:///D:/Simon/Sync/Root/GIS/Biodiversity%20Data/obs_native.csv?type=csv&maxFields=10000&detectTypes=yes&xField=longitude&yField=latitude&crs=EPSG:4326&spatialIndex=no&subsetIndex=no&watchFile=no
"6029",Monotropa uniflora,Monotropa,uniflora,,,,native,S5,,48.894394890000001,-123.404717399999996,,NA,NA,"85701686",obs_native,file:///D:/Simon/Sync/Root/GIS/Biodiversity%20Data/obs_native.csv?type=csv&maxFields=10000&detectTypes=yes&xField=longitude&yField=latitude&crs=EPSG:4326&spatialIndex=no&subsetIndex=no&watchFile=no
"6030",Monotropa uniflora,Monotropa,uniflora,,,,native,S5,,48.867899430000001,-123.342420500000003,,NA,NA,"86633425",obs_native,file:///D:/Simon/Sync/Root/GIS/Biodiversity%20Data/obs_native.csv?type=csv&maxFields=10000&detectTypes=yes&xField=longitude&yField=latitude&crs=EPSG:4326&spatialIndex=no&subsetIndex=no&watchFile=no
"6031",Monotropa uniflora,Monotropa,uniflora,,,,native,S5,,48.869840580000002,-123.342738299999994,,NA,NA,"86633427",obs_native,file:///D:/Simon/Sync/Root/GIS/Biodiversity%20Data/obs_native.csv?type=csv&maxFields=10000&detectTypes=yes&xField=longitude&yField=latitude&crs=EPSG:4326&spatialIndex=no&subsetIndex=no&watchFile=no
"6032",Monotropa uniflora,Monotropa,uniflora,,,,native,S5,,48.876128330000000,-123.334891700000000,,NA,NA,"86657344",obs_native,file:///D:/Simon/Sync/Root/GIS/Biodiversity%20Data/obs_native.csv?type=csv&maxFields=10000&detectTypes=yes&xField=longitude&yField=latitude&crs=EPSG:4326&spatialIndex=no&subsetIndex=no&watchFile=no
"6033",Monotropa uniflora,Monotropa,uniflora,,,,native,S5,,48.900763329999997,-123.444296699999995,,NA,NA,"86773283",obs_native,file:///D:/Simon/Sync/Root/GIS/Biodiversity%20Data/obs_native.csv?type=csv&maxFields=10000&detectTypes=yes&xField=longitude&yField=latitude&crs=EPSG:4326&spatialIndex=no&subsetIndex=no&watchFile=no
"6034",Monotropa uniflora,Monotropa,uniflora,,,,native,S5,,48.976858329999999,-123.553529999999995,,NA,NA,"89513192",obs_native,file:///D:/Simon/Sync/Root/GIS/Biodiversity%20Data/obs_native.csv?type=csv&maxFields=10000&detectTypes=yes&xField=longitude&yField=latitude&crs=EPSG:4326&spatialIndex=no&subsetIndex=no&watchFile=no
"6035",Monotropa uniflora,Monotropa,uniflora,,,,native,S5,,48.976525000000002,-123.553160000000005,,NA,NA,"89513193",obs_native,file:///D:/Simon/Sync/Root/GIS/Biodiversity%20Data/obs_native.csv?type=csv&maxFields=10000&detectTypes=yes&xField=longitude&yField=latitude&crs=EPSG:4326&spatialIndex=no&subsetIndex=no&watchFile=no
"6036",Monotropa uniflora,Monotropa,uniflora,,,,native,S5,,48.975556670000003,-123.552631700000006,,NA,NA,"89513196",obs_native,file:///D:/Simon/Sync/Root/GIS/Biodiversity%20Data/obs_native.csv?type=csv&maxFields=10000&detectTypes=yes&xField=longitude&yField=latitude&crs=EPSG:4326&spatialIndex=no&subsetIndex=no&watchFile=no
"6037",Monotropa uniflora,Monotropa,uniflora,,,,native,S5,,48.975928869999997,-123.550487000000004,,NA,NA,"89513207",obs_native,file:///D:/Simon/Sync/Root/GIS/Biodiversity%20Data/obs_native.csv?type=csv&maxFields=10000&detectTypes=yes&xField=longitude&yField=latitude&crs=EPSG:4326&spatialIndex=no&subsetIndex=no&watchFile=no
"6038",Monotropa uniflora,Monotropa,uniflora,,,,native,S5,,48.861340920000004,-123.364510300000006,,NA,NA,"94464833",obs_native,file:///D:/Simon/Sync/Root/GIS/Biodiversity%20Data/obs_native.csv?type=csv&maxFields=10000&detectTypes=yes&xField=longitude&yField=latitude&crs=EPSG:4326&spatialIndex=no&subsetIndex=no&watchFile=no
"6039",Monotropa uniflora,Monotropa,uniflora,,,,native,S5,,48.891958899999999,-123.391664800000001,,NA,NA,"97606308",obs_native,file:///D:/Simon/Sync/Root/GIS/Biodiversity%20Data/obs_native.csv?type=csv&maxFields=10000&detectTypes=yes&xField=longitude&yField=latitude&crs=EPSG:4326&spatialIndex=no&subsetIndex=no&watchFile=no
"6040",Monotropa uniflora,Monotropa,uniflora,,,,native,S5,,48.985030000000002,-123.555916699999997,,NA,NA,"99437263",obs_native,file:///D:/Simon/Sync/Root/GIS/Biodiversity%20Data/obs_native.csv?type=csv&maxFields=10000&detectTypes=yes&xField=longitude&yField=latitude&crs=EPSG:4326&spatialIndex=no&subsetIndex=no&watchFile=no
"6041",Monotropa uniflora,Monotropa,uniflora,,,,native,S5,,48.927191620000002,-123.468609799999996,,NA,NA,"101447081",obs_native,file:///D:/Simon/Sync/Root/GIS/Biodiversity%20Data/obs_native.csv?type=csv&maxFields=10000&detectTypes=yes&xField=longitude&yField=latitude&crs=EPSG:4326&spatialIndex=no&subsetIndex=no&watchFile=no
"6042",Montia dichotoma,Montia,dichotoma,,,,native,S5,,48.913742769999999,-123.387156099999999,,NA,NA,"5964573",obs_native,file:///D:/Simon/Sync/Root/GIS/Biodiversity%20Data/obs_native.csv?type=csv&maxFields=10000&detectTypes=yes&xField=longitude&yField=latitude&crs=EPSG:4326&spatialIndex=no&subsetIndex=no&watchFile=no
"6043",Montia dichotoma,Montia,dichotoma,,,,native,S5,,48.872566669999998,-123.311581700000005,,NA,NA,"109707315",obs_native,file:///D:/Simon/Sync/Root/GIS/Biodiversity%20Data/obs_native.csv?type=csv&maxFields=10000&detectTypes=yes&xField=longitude&yField=latitude&crs=EPSG:4326&spatialIndex=no&subsetIndex=no&watchFile=no
"6044",Montia dichotoma,Montia,dichotoma,,,,native,S5,,48.917301670000001,-123.395881700000004,,NA,NA,"110152157",obs_native,file:///D:/Simon/Sync/Root/GIS/Biodiversity%20Data/obs_native.csv?type=csv&maxFields=10000&detectTypes=yes&xField=longitude&yField=latitude&crs=EPSG:4326&spatialIndex=no&subsetIndex=no&watchFile=no
"6045",Montia dichotoma,Montia,dichotoma,,,,native,S5,,48.917153329999998,-123.395796700000005,,NA,NA,"110303207",obs_native,file:///D:/Simon/Sync/Root/GIS/Biodiversity%20Data/obs_native.csv?type=csv&maxFields=10000&detectTypes=yes&xField=longitude&yField=latitude&crs=EPSG:4326&spatialIndex=no&subsetIndex=no&watchFile=no
"6046",Montia dichotoma,Montia,dichotoma,,,,native,S5,,48.871504999999999,-123.310725000000005,,NA,NA,"110872384",obs_native,file:///D:/Simon/Sync/Root/GIS/Biodiversity%20Data/obs_native.csv?type=csv&maxFields=10000&detectTypes=yes&xField=longitude&yField=latitude&crs=EPSG:4326&spatialIndex=no&subsetIndex=no&watchFile=no
"6047",Montia dichotoma,Montia,dichotoma,,,,native,S5,,48.909840000000003,-123.372666699999996,,NA,NA,"114481976",obs_native,file:///D:/Simon/Sync/Root/GIS/Biodiversity%20Data/obs_native.csv?type=csv&maxFields=10000&detectTypes=yes&xField=longitude&yField=latitude&crs=EPSG:4326&spatialIndex=no&subsetIndex=no&watchFile=no
"6048",Montia dichotoma,Montia,dichotoma,,,,native,S5,,48.909987280000003,-123.374087200000005,,NA,NA,"114745531",obs_native,file:///D:/Simon/Sync/Root/GIS/Biodiversity%20Data/obs_native.csv?type=csv&maxFields=10000&detectTypes=yes&xField=longitude&yField=latitude&crs=EPSG:4326&spatialIndex=no&subsetIndex=no&watchFile=no
"6049",Montia fontana,Montia,fontana,,,,native,S5,,48.872563999999997,-123.310860000000005,,NA,NA,"5024437",obs_native,file:///D:/Simon/Sync/Root/GIS/Biodiversity%20Data/obs_native.csv?type=csv&maxFields=10000&detectTypes=yes&xField=longitude&yField=latitude&crs=EPSG:4326&spatialIndex=no&subsetIndex=no&watchFile=no
"6050",Montia fontana,Montia,fontana,,,,native,S5,,48.868813000000003,-123.378924999999995,,NA,NA,"5473349",obs_native,file:///D:/Simon/Sync/Root/GIS/Biodiversity%20Data/obs_native.csv?type=csv&maxFields=10000&detectTypes=yes&xField=longitude&yField=latitude&crs=EPSG:4326&spatialIndex=no&subsetIndex=no&watchFile=no
"6051",Montia fontana,Montia,fontana,,,,native,S5,,48.913954300000000,-123.387536999999995,,NA,NA,"5885312",obs_native,file:///D:/Simon/Sync/Root/GIS/Biodiversity%20Data/obs_native.csv?type=csv&maxFields=10000&detectTypes=yes&xField=longitude&yField=latitude&crs=EPSG:4326&spatialIndex=no&subsetIndex=no&watchFile=no
"6052",Montia fontana,Montia,fontana,,,,native,S5,,48.906649029999997,-123.358311700000002,,NA,NA,"5886027",obs_native,file:///D:/Simon/Sync/Root/GIS/Biodiversity%20Data/obs_native.csv?type=csv&maxFields=10000&detectTypes=yes&xField=longitude&yField=latitude&crs=EPSG:4326&spatialIndex=no&subsetIndex=no&watchFile=no
"6053",Montia fontana,Montia,fontana,,,,native,S5,,48.872110599999999,-123.310750799999994,,NA,NA,"6041336",obs_native,file:///D:/Simon/Sync/Root/GIS/Biodiversity%20Data/obs_native.csv?type=csv&maxFields=10000&detectTypes=yes&xField=longitude&yField=latitude&crs=EPSG:4326&spatialIndex=no&subsetIndex=no&watchFile=no
"6054",Montia fontana,Montia,fontana,,,,native,S5,,48.979820779999997,-123.537590499999993,,NA,NA,"6411955",obs_native,file:///D:/Simon/Sync/Root/GIS/Biodiversity%20Data/obs_native.csv?type=csv&maxFields=10000&detectTypes=yes&xField=longitude&yField=latitude&crs=EPSG:4326&spatialIndex=no&subsetIndex=no&watchFile=no
"6055",Montia fontana,Montia,fontana,,,,native,S5,,48.916176999999998,-123.393235000000004,,NA,NA,"10270072",obs_native,file:///D:/Simon/Sync/Root/GIS/Biodiversity%20Data/obs_native.csv?type=csv&maxFields=10000&detectTypes=yes&xField=longitude&yField=latitude&crs=EPSG:4326&spatialIndex=no&subsetIndex=no&watchFile=no
"6056",Montia fontana,Montia,fontana,,,,native,S5,,48.956789999999998,-123.529640999999998,,NA,NA,"10306534",obs_native,file:///D:/Simon/Sync/Root/GIS/Biodiversity%20Data/obs_native.csv?type=csv&maxFields=10000&detectTypes=yes&xField=longitude&yField=latitude&crs=EPSG:4326&spatialIndex=no&subsetIndex=no&watchFile=no
"6057",Montia fontana,Montia,fontana,,,,native,S5,,48.939960900000003,-123.492299900000006,,NA,NA,"18417800",obs_native,file:///D:/Simon/Sync/Root/GIS/Biodiversity%20Data/obs_native.csv?type=csv&maxFields=10000&detectTypes=yes&xField=longitude&yField=latitude&crs=EPSG:4326&spatialIndex=no&subsetIndex=no&watchFile=no
"6058",Montia fontana,Montia,fontana,,,,native,S5,,48.916996670000003,-123.395276699999997,,NA,NA,"21543544",obs_native,file:///D:/Simon/Sync/Root/GIS/Biodiversity%20Data/obs_native.csv?type=csv&maxFields=10000&detectTypes=yes&xField=longitude&yField=latitude&crs=EPSG:4326&spatialIndex=no&subsetIndex=no&watchFile=no
"6059",Montia fontana,Montia,fontana,,,,native,S5,,48.872075000000002,-123.311083300000007,,NA,NA,"40419928",obs_native,file:///D:/Simon/Sync/Root/GIS/Biodiversity%20Data/obs_native.csv?type=csv&maxFields=10000&detectTypes=yes&xField=longitude&yField=latitude&crs=EPSG:4326&spatialIndex=no&subsetIndex=no&watchFile=no
"6060",Montia fontana,Montia,fontana,,,,native,S5,,48.865675000000003,-123.368233300000000,,NA,NA,"41788605",obs_native,file:///D:/Simon/Sync/Root/GIS/Biodiversity%20Data/obs_native.csv?type=csv&maxFields=10000&detectTypes=yes&xField=longitude&yField=latitude&crs=EPSG:4326&spatialIndex=no&subsetIndex=no&watchFile=no
"6061",Montia fontana,Montia,fontana,,,,native,S5,,48.910314999999997,-123.375226699999999,,NA,NA,"41879779",obs_native,file:///D:/Simon/Sync/Root/GIS/Biodiversity%20Data/obs_native.csv?type=csv&maxFields=10000&detectTypes=yes&xField=longitude&yField=latitude&crs=EPSG:4326&spatialIndex=no&subsetIndex=no&watchFile=no
"6062",Montia fontana,Montia,fontana,,,,native,S5,,48.978701670000000,-123.535936699999993,,NA,NA,"44459089",obs_native,file:///D:/Simon/Sync/Root/GIS/Biodiversity%20Data/obs_native.csv?type=csv&maxFields=10000&detectTypes=yes&xField=longitude&yField=latitude&crs=EPSG:4326&spatialIndex=no&subsetIndex=no&watchFile=no
"6063",Montia fontana,Montia,fontana,,,,native,S5,,48.978701670000000,-123.535936699999993,,NA,NA,"44569611",obs_native,file:///D:/Simon/Sync/Root/GIS/Biodiversity%20Data/obs_native.csv?type=csv&maxFields=10000&detectTypes=yes&xField=longitude&yField=latitude&crs=EPSG:4326&spatialIndex=no&subsetIndex=no&watchFile=no
"6064",Montia fontana,Montia,fontana,,,,native,S5,,48.978652779999997,-123.535538900000006,,NA,NA,"44569615",obs_native,file:///D:/Simon/Sync/Root/GIS/Biodiversity%20Data/obs_native.csv?type=csv&maxFields=10000&detectTypes=yes&xField=longitude&yField=latitude&crs=EPSG:4326&spatialIndex=no&subsetIndex=no&watchFile=no
"6065",Montia fontana,Montia,fontana,,,,native,S5,,48.868306670000003,-123.377676699999995,,NA,NA,"74104779",obs_native,file:///D:/Simon/Sync/Root/GIS/Biodiversity%20Data/obs_native.csv?type=csv&maxFields=10000&detectTypes=yes&xField=longitude&yField=latitude&crs=EPSG:4326&spatialIndex=no&subsetIndex=no&watchFile=no
"6066",Montia fontana,Montia,fontana,,,,native,S5,,48.905561669999997,-123.350359999999995,,NA,NA,"82513149",obs_native,file:///D:/Simon/Sync/Root/GIS/Biodiversity%20Data/obs_native.csv?type=csv&maxFields=10000&detectTypes=yes&xField=longitude&yField=latitude&crs=EPSG:4326&spatialIndex=no&subsetIndex=no&watchFile=no
"6067",Montia fontana,Montia,fontana,,,,native,S5,,48.872480000000003,-123.312348299999996,,NA,NA,"109707360",obs_native,file:///D:/Simon/Sync/Root/GIS/Biodiversity%20Data/obs_native.csv?type=csv&maxFields=10000&detectTypes=yes&xField=longitude&yField=latitude&crs=EPSG:4326&spatialIndex=no&subsetIndex=no&watchFile=no
"6068",Montia fontana,Montia,fontana,,,,native,S5,,48.915321919999997,-123.396248799999995,,NA,NA,"110152145",obs_native,file:///D:/Simon/Sync/Root/GIS/Biodiversity%20Data/obs_native.csv?type=csv&maxFields=10000&detectTypes=yes&xField=longitude&yField=latitude&crs=EPSG:4326&spatialIndex=no&subsetIndex=no&watchFile=no
"6069",Montia fontana,Montia,fontana,,,,native,S5,,48.917258330000003,-123.396079999999998,,NA,NA,"110307306",obs_native,file:///D:/Simon/Sync/Root/GIS/Biodiversity%20Data/obs_native.csv?type=csv&maxFields=10000&detectTypes=yes&xField=longitude&yField=latitude&crs=EPSG:4326&spatialIndex=no&subsetIndex=no&watchFile=no
"6070",Montia fontana,Montia,fontana,,,,native,S5,,48.862398329999998,-123.368769999999998,,NA,NA,"110932090",obs_native,file:///D:/Simon/Sync/Root/GIS/Biodiversity%20Data/obs_native.csv?type=csv&maxFields=10000&detectTypes=yes&xField=longitude&yField=latitude&crs=EPSG:4326&spatialIndex=no&subsetIndex=no&watchFile=no
"6071",Montia fontana,Montia,fontana,,,,native,S5,,48.909778330000002,-123.372801699999997,,NA,NA,"111053070",obs_native,file:///D:/Simon/Sync/Root/GIS/Biodiversity%20Data/obs_native.csv?type=csv&maxFields=10000&detectTypes=yes&xField=longitude&yField=latitude&crs=EPSG:4326&spatialIndex=no&subsetIndex=no&watchFile=no
"6072",Montia fontana,Montia,fontana,,,,native,S5,,48.871696669999999,-123.308271700000006,,NA,NA,"111118469",obs_native,file:///D:/Simon/Sync/Root/GIS/Biodiversity%20Data/obs_native.csv?type=csv&maxFields=10000&detectTypes=yes&xField=longitude&yField=latitude&crs=EPSG:4326&spatialIndex=no&subsetIndex=no&watchFile=no
"6073",Montia howellii,Montia,howellii,,,,native,S5,,48.867940089999998,-123.387027399999994,,NA,NA,"5715310",obs_native,file:///D:/Simon/Sync/Root/GIS/Biodiversity%20Data/obs_native.csv?type=csv&maxFields=10000&detectTypes=yes&xField=longitude&yField=latitude&crs=EPSG:4326&spatialIndex=no&subsetIndex=no&watchFile=no
"6074",Montia howellii,Montia,howellii,,,,native,S5,,48.909500950000002,-123.375126699999996,,NA,NA,"114481974",obs_native,file:///D:/Simon/Sync/Root/GIS/Biodiversity%20Data/obs_native.csv?type=csv&maxFields=10000&detectTypes=yes&xField=longitude&yField=latitude&crs=EPSG:4326&spatialIndex=no&subsetIndex=no&watchFile=no
"6075",Montia linearis,Montia,linearis,,,,native,S5,,48.872522869999997,-123.311544200000000,,NA,NA,"24708159",obs_native,file:///D:/Simon/Sync/Root/GIS/Biodiversity%20Data/obs_native.csv?type=csv&maxFields=10000&detectTypes=yes&xField=longitude&yField=latitude&crs=EPSG:4326&spatialIndex=no&subsetIndex=no&watchFile=no
"6076",Montia linearis,Montia,linearis,,,,native,S5,,48.872463889999999,-123.312272199999995,,NA,NA,"24771258",obs_native,file:///D:/Simon/Sync/Root/GIS/Biodiversity%20Data/obs_native.csv?type=csv&maxFields=10000&detectTypes=yes&xField=longitude&yField=latitude&crs=EPSG:4326&spatialIndex=no&subsetIndex=no&watchFile=no
"6077",Montia linearis,Montia,linearis,,,,native,S5,,48.872530560000001,-123.312186100000005,,NA,NA,"25048256",obs_native,file:///D:/Simon/Sync/Root/GIS/Biodiversity%20Data/obs_native.csv?type=csv&maxFields=10000&detectTypes=yes&xField=longitude&yField=latitude&crs=EPSG:4326&spatialIndex=no&subsetIndex=no&watchFile=no
"6078",Montia linearis,Montia,linearis,,,,native,S5,,48.872565000000002,-123.312416700000000,,NA,NA,"47709130",obs_native,file:///D:/Simon/Sync/Root/GIS/Biodiversity%20Data/obs_native.csv?type=csv&maxFields=10000&detectTypes=yes&xField=longitude&yField=latitude&crs=EPSG:4326&spatialIndex=no&subsetIndex=no&watchFile=no
"6079",Montia linearis,Montia,linearis,,,,native,S5,,48.872295240000000,-123.312214499999996,,NA,NA,"74104810",obs_native,file:///D:/Simon/Sync/Root/GIS/Biodiversity%20Data/obs_native.csv?type=csv&maxFields=10000&detectTypes=yes&xField=longitude&yField=latitude&crs=EPSG:4326&spatialIndex=no&subsetIndex=no&watchFile=no
"6080",Montia parvifolia,Montia,parvifolia,,,,native,S5,,48.928624999999997,-123.470782999999997,,NA,NA,"2617694",obs_native,file:///D:/Simon/Sync/Root/GIS/Biodiversity%20Data/obs_native.csv?type=csv&maxFields=10000&detectTypes=yes&xField=longitude&yField=latitude&crs=EPSG:4326&spatialIndex=no&subsetIndex=no&watchFile=no
"6081",Montia parvifolia,Montia,parvifolia,,,,native,S5,,48.916645000000003,-123.424272999999999,,NA,NA,"3093894",obs_native,file:///D:/Simon/Sync/Root/GIS/Biodiversity%20Data/obs_native.csv?type=csv&maxFields=10000&detectTypes=yes&xField=longitude&yField=latitude&crs=EPSG:4326&spatialIndex=no&subsetIndex=no&watchFile=no
"6082",Montia parvifolia,Montia,parvifolia,,,,native,S5,,48.916249999999998,-123.424959000000001,,NA,NA,"3094722",obs_native,file:///D:/Simon/Sync/Root/GIS/Biodiversity%20Data/obs_native.csv?type=csv&maxFields=10000&detectTypes=yes&xField=longitude&yField=latitude&crs=EPSG:4326&spatialIndex=no&subsetIndex=no&watchFile=no
"6083",Montia parvifolia,Montia,parvifolia,,,,native,S5,,48.915973999999999,-123.424808999999996,,NA,NA,"3296715",obs_native,file:///D:/Simon/Sync/Root/GIS/Biodiversity%20Data/obs_native.csv?type=csv&maxFields=10000&detectTypes=yes&xField=longitude&yField=latitude&crs=EPSG:4326&spatialIndex=no&subsetIndex=no&watchFile=no
"6084",Montia parvifolia,Montia,parvifolia,,,,native,S5,,48.896949999999997,-123.406677000000002,,NA,NA,"3311127",obs_native,file:///D:/Simon/Sync/Root/GIS/Biodiversity%20Data/obs_native.csv?type=csv&maxFields=10000&detectTypes=yes&xField=longitude&yField=latitude&crs=EPSG:4326&spatialIndex=no&subsetIndex=no&watchFile=no
"6085",Montia parvifolia,Montia,parvifolia,,,,native,S5,,48.992305559999998,-123.574769399999994,,NA,NA,"3889079",obs_native,file:///D:/Simon/Sync/Root/GIS/Biodiversity%20Data/obs_native.csv?type=csv&maxFields=10000&detectTypes=yes&xField=longitude&yField=latitude&crs=EPSG:4326&spatialIndex=no&subsetIndex=no&watchFile=no
"6086",Montia parvifolia,Montia,parvifolia,,,,native,S5,,48.999847000000003,-123.569564000000000,,NA,NA,"3890858",obs_native,file:///D:/Simon/Sync/Root/GIS/Biodiversity%20Data/obs_native.csv?type=csv&maxFields=10000&detectTypes=yes&xField=longitude&yField=latitude&crs=EPSG:4326&spatialIndex=no&subsetIndex=no&watchFile=no
"6087",Montia parvifolia,Montia,parvifolia,,,,native,S5,,48.872382000000002,-123.312574999999995,,NA,NA,"4092316",obs_native,file:///D:/Simon/Sync/Root/GIS/Biodiversity%20Data/obs_native.csv?type=csv&maxFields=10000&detectTypes=yes&xField=longitude&yField=latitude&crs=EPSG:4326&spatialIndex=no&subsetIndex=no&watchFile=no
"6088",Montia parvifolia,Montia,parvifolia,,,,native,S5,,48.906719549999998,-123.358397499999995,,NA,NA,"5885858",obs_native,file:///D:/Simon/Sync/Root/GIS/Biodiversity%20Data/obs_native.csv?type=csv&maxFields=10000&detectTypes=yes&xField=longitude&yField=latitude&crs=EPSG:4326&spatialIndex=no&subsetIndex=no&watchFile=no
"6089",Montia parvifolia,Montia,parvifolia,,,,native,S5,,48.904561620000003,-123.413457899999997,,NA,NA,"6047532",obs_native,file:///D:/Simon/Sync/Root/GIS/Biodiversity%20Data/obs_native.csv?type=csv&maxFields=10000&detectTypes=yes&xField=longitude&yField=latitude&crs=EPSG:4326&spatialIndex=no&subsetIndex=no&watchFile=no
"6090",Montia parvifolia,Montia,parvifolia,,,,native,S5,,48.868638769999997,-123.345866200000003,,NA,NA,"6434833",obs_native,file:///D:/Simon/Sync/Root/GIS/Biodiversity%20Data/obs_native.csv?type=csv&maxFields=10000&detectTypes=yes&xField=longitude&yField=latitude&crs=EPSG:4326&spatialIndex=no&subsetIndex=no&watchFile=no
"6091",Montia parvifolia,Montia,parvifolia,,,,native,S5,,48.872520129999998,-123.311426600000004,,NA,NA,"6434835",obs_native,file:///D:/Simon/Sync/Root/GIS/Biodiversity%20Data/obs_native.csv?type=csv&maxFields=10000&detectTypes=yes&xField=longitude&yField=latitude&crs=EPSG:4326&spatialIndex=no&subsetIndex=no&watchFile=no
"6092",Montia parvifolia,Montia,parvifolia,,,,native,S5,,48.934304349999998,-123.439459200000002,,NA,NA,"6486625",obs_native,file:///D:/Simon/Sync/Root/GIS/Biodiversity%20Data/obs_native.csv?type=csv&maxFields=10000&detectTypes=yes&xField=longitude&yField=latitude&crs=EPSG:4326&spatialIndex=no&subsetIndex=no&watchFile=no
"6093",Montia parvifolia,Montia,parvifolia,,,,native,S5,,48.932687680000001,-123.433765899999997,,NA,NA,"6487230",obs_native,file:///D:/Simon/Sync/Root/GIS/Biodiversity%20Data/obs_native.csv?type=csv&maxFields=10000&detectTypes=yes&xField=longitude&yField=latitude&crs=EPSG:4326&spatialIndex=no&subsetIndex=no&watchFile=no
"6094",Montia parvifolia,Montia,parvifolia,,,,native,S5,,48.868278330000003,-123.346878300000000,,NA,NA,"6587491",obs_native,file:///D:/Simon/Sync/Root/GIS/Biodiversity%20Data/obs_native.csv?type=csv&maxFields=10000&detectTypes=yes&xField=longitude&yField=latitude&crs=EPSG:4326&spatialIndex=no&subsetIndex=no&watchFile=no
"6095",Montia parvifolia,Montia,parvifolia,,,,native,S5,,48.874552000000001,-123.383330999999998,,NA,NA,"6815845",obs_native,file:///D:/Simon/Sync/Root/GIS/Biodiversity%20Data/obs_native.csv?type=csv&maxFields=10000&detectTypes=yes&xField=longitude&yField=latitude&crs=EPSG:4326&spatialIndex=no&subsetIndex=no&watchFile=no
"6096",Montia parvifolia,Montia,parvifolia,,,,native,S5,,48.956789999999998,-123.529640999999998,,NA,NA,"10306465",obs_native,file:///D:/Simon/Sync/Root/GIS/Biodiversity%20Data/obs_native.csv?type=csv&maxFields=10000&detectTypes=yes&xField=longitude&yField=latitude&crs=EPSG:4326&spatialIndex=no&subsetIndex=no&watchFile=no
"6097",Montia parvifolia,Montia,parvifolia,,,,native,S5,,48.958745000000000,-123.533368999999993,,NA,NA,"12373815",obs_native,file:///D:/Simon/Sync/Root/GIS/Biodiversity%20Data/obs_native.csv?type=csv&maxFields=10000&detectTypes=yes&xField=longitude&yField=latitude&crs=EPSG:4326&spatialIndex=no&subsetIndex=no&watchFile=no
"6098",Montia parvifolia,Montia,parvifolia,,,,native,S5,,48.958745000000000,-123.533368999999993,,NA,NA,"12373949",obs_native,file:///D:/Simon/Sync/Root/GIS/Biodiversity%20Data/obs_native.csv?type=csv&maxFields=10000&detectTypes=yes&xField=longitude&yField=latitude&crs=EPSG:4326&spatialIndex=no&subsetIndex=no&watchFile=no
"6099",Montia parvifolia,Montia,parvifolia,,,,native,S5,,48.871484000000002,-123.337271999999999,,NA,NA,"12792025",obs_native,file:///D:/Simon/Sync/Root/GIS/Biodiversity%20Data/obs_native.csv?type=csv&maxFields=10000&detectTypes=yes&xField=longitude&yField=latitude&crs=EPSG:4326&spatialIndex=no&subsetIndex=no&watchFile=no
"6100",Montia parvifolia,Montia,parvifolia,,,,native,S5,,48.914786800000002,-123.389681600000003,,NA,NA,"13102224",obs_native,file:///D:/Simon/Sync/Root/GIS/Biodiversity%20Data/obs_native.csv?type=csv&maxFields=10000&detectTypes=yes&xField=longitude&yField=latitude&crs=EPSG:4326&spatialIndex=no&subsetIndex=no&watchFile=no
"6101",Montia parvifolia,Montia,parvifolia,,,,native,S5,,48.901195000000001,-123.406379999999999,,NA,NA,"24639838",obs_native,file:///D:/Simon/Sync/Root/GIS/Biodiversity%20Data/obs_native.csv?type=csv&maxFields=10000&detectTypes=yes&xField=longitude&yField=latitude&crs=EPSG:4326&spatialIndex=no&subsetIndex=no&watchFile=no
"6102",Montia parvifolia,Montia,parvifolia,,,,native,S5,,48.900847759999998,-123.404595400000005,,NA,NA,"24709147",obs_native,file:///D:/Simon/Sync/Root/GIS/Biodiversity%20Data/obs_native.csv?type=csv&maxFields=10000&detectTypes=yes&xField=longitude&yField=latitude&crs=EPSG:4326&spatialIndex=no&subsetIndex=no&watchFile=no
"6103",Montia parvifolia,Montia,parvifolia,,,,native,S5,,48.901283329999998,-123.406135000000006,,NA,NA,"24712565",obs_native,file:///D:/Simon/Sync/Root/GIS/Biodiversity%20Data/obs_native.csv?type=csv&maxFields=10000&detectTypes=yes&xField=longitude&yField=latitude&crs=EPSG:4326&spatialIndex=no&subsetIndex=no&watchFile=no
"6104",Montia parvifolia,Montia,parvifolia,,,,native,S5,,48.901054750000000,-123.406452700000003,,NA,NA,"24715476",obs_native,file:///D:/Simon/Sync/Root/GIS/Biodiversity%20Data/obs_native.csv?type=csv&maxFields=10000&detectTypes=yes&xField=longitude&yField=latitude&crs=EPSG:4326&spatialIndex=no&subsetIndex=no&watchFile=no
"6105",Montia parvifolia,Montia,parvifolia,,,,native,S5,,48.861791699999998,-123.370230599999999,,NA,NA,"24768081",obs_native,file:///D:/Simon/Sync/Root/GIS/Biodiversity%20Data/obs_native.csv?type=csv&maxFields=10000&detectTypes=yes&xField=longitude&yField=latitude&crs=EPSG:4326&spatialIndex=no&subsetIndex=no&watchFile=no
"6106",Montia parvifolia,Montia,parvifolia,,,,native,S5,,48.861791699999998,-123.370230599999999,,NA,NA,"24768090",obs_native,file:///D:/Simon/Sync/Root/GIS/Biodiversity%20Data/obs_native.csv?type=csv&maxFields=10000&detectTypes=yes&xField=longitude&yField=latitude&crs=EPSG:4326&spatialIndex=no&subsetIndex=no&watchFile=no
"6107",Montia parvifolia,Montia,parvifolia,,,,native,S5,,48.900784010000002,-123.404889200000000,,NA,NA,"24919432",obs_native,file:///D:/Simon/Sync/Root/GIS/Biodiversity%20Data/obs_native.csv?type=csv&maxFields=10000&detectTypes=yes&xField=longitude&yField=latitude&crs=EPSG:4326&spatialIndex=no&subsetIndex=no&watchFile=no
"6108",Montia parvifolia,Montia,parvifolia,,,,native,S5,,48.900732800000000,-123.404298499999996,,NA,NA,"24939531",obs_native,file:///D:/Simon/Sync/Root/GIS/Biodiversity%20Data/obs_native.csv?type=csv&maxFields=10000&detectTypes=yes&xField=longitude&yField=latitude&crs=EPSG:4326&spatialIndex=no&subsetIndex=no&watchFile=no
"6109",Montia parvifolia,Montia,parvifolia,,,,native,S5,,49.001271699999997,-123.582813299999998,,NA,NA,"25458419",obs_native,file:///D:/Simon/Sync/Root/GIS/Biodiversity%20Data/obs_native.csv?type=csv&maxFields=10000&detectTypes=yes&xField=longitude&yField=latitude&crs=EPSG:4326&spatialIndex=no&subsetIndex=no&watchFile=no
"6110",Montia parvifolia,Montia,parvifolia,,,,native,S5,,48.900763890000000,-123.404427799999993,,NA,NA,"25542479",obs_native,file:///D:/Simon/Sync/Root/GIS/Biodiversity%20Data/obs_native.csv?type=csv&maxFields=10000&detectTypes=yes&xField=longitude&yField=latitude&crs=EPSG:4326&spatialIndex=no&subsetIndex=no&watchFile=no
"6111",Montia parvifolia,Montia,parvifolia,,,,native,S5,,48.880859379999997,-123.326553300000000,,NA,NA,"26605405",obs_native,file:///D:/Simon/Sync/Root/GIS/Biodiversity%20Data/obs_native.csv?type=csv&maxFields=10000&detectTypes=yes&xField=longitude&yField=latitude&crs=EPSG:4326&spatialIndex=no&subsetIndex=no&watchFile=no
"6112",Montia parvifolia,Montia,parvifolia,,,,native,S5,,49.009330550000001,-123.584961699999994,,NA,NA,"31531496",obs_native,file:///D:/Simon/Sync/Root/GIS/Biodiversity%20Data/obs_native.csv?type=csv&maxFields=10000&detectTypes=yes&xField=longitude&yField=latitude&crs=EPSG:4326&spatialIndex=no&subsetIndex=no&watchFile=no
"6113",Montia parvifolia,Montia,parvifolia,,,,native,S5,,48.901158330000001,-123.405595000000005,,NA,NA,"32125294",obs_native,file:///D:/Simon/Sync/Root/GIS/Biodiversity%20Data/obs_native.csv?type=csv&maxFields=10000&detectTypes=yes&xField=longitude&yField=latitude&crs=EPSG:4326&spatialIndex=no&subsetIndex=no&watchFile=no
"6114",Montia parvifolia,Montia,parvifolia,,,,native,S5,,48.910706670000003,-123.377066700000000,,NA,NA,"41879794",obs_native,file:///D:/Simon/Sync/Root/GIS/Biodiversity%20Data/obs_native.csv?type=csv&maxFields=10000&detectTypes=yes&xField=longitude&yField=latitude&crs=EPSG:4326&spatialIndex=no&subsetIndex=no&watchFile=no
"6115",Montia parvifolia,Montia,parvifolia,,,,native,S5,,48.871045000000002,-123.348915000000005,,NA,NA,"42363908",obs_native,file:///D:/Simon/Sync/Root/GIS/Biodiversity%20Data/obs_native.csv?type=csv&maxFields=10000&detectTypes=yes&xField=longitude&yField=latitude&crs=EPSG:4326&spatialIndex=no&subsetIndex=no&watchFile=no
"6116",Montia parvifolia,Montia,parvifolia,,,,native,S5,,48.999434190000002,-123.574265600000004,,NA,NA,"44275664",obs_native,file:///D:/Simon/Sync/Root/GIS/Biodiversity%20Data/obs_native.csv?type=csv&maxFields=10000&detectTypes=yes&xField=longitude&yField=latitude&crs=EPSG:4326&spatialIndex=no&subsetIndex=no&watchFile=no
"6117",Montia parvifolia,Montia,parvifolia,,,,native,S5,,48.908918329999999,-123.367204999999998,,NA,NA,"44950130",obs_native,file:///D:/Simon/Sync/Root/GIS/Biodiversity%20Data/obs_native.csv?type=csv&maxFields=10000&detectTypes=yes&xField=longitude&yField=latitude&crs=EPSG:4326&spatialIndex=no&subsetIndex=no&watchFile=no
"6118",Montia parvifolia,Montia,parvifolia,,,,native,S5,,48.869494430000003,-123.343203299999999,,NA,NA,"48856341",obs_native,file:///D:/Simon/Sync/Root/GIS/Biodiversity%20Data/obs_native.csv?type=csv&maxFields=10000&detectTypes=yes&xField=longitude&yField=latitude&crs=EPSG:4326&spatialIndex=no&subsetIndex=no&watchFile=no
"6119",Montia parvifolia,Montia,parvifolia,,,,native,S5,,48.872248329999998,-123.311773299999999,,NA,NA,"68992572",obs_native,file:///D:/Simon/Sync/Root/GIS/Biodiversity%20Data/obs_native.csv?type=csv&maxFields=10000&detectTypes=yes&xField=longitude&yField=latitude&crs=EPSG:4326&spatialIndex=no&subsetIndex=no&watchFile=no
"6120",Montia parvifolia,Montia,parvifolia,,,,native,S5,,48.955105000000003,-123.525536700000004,,NA,NA,"80117477",obs_native,file:///D:/Simon/Sync/Root/GIS/Biodiversity%20Data/obs_native.csv?type=csv&maxFields=10000&detectTypes=yes&xField=longitude&yField=latitude&crs=EPSG:4326&spatialIndex=no&subsetIndex=no&watchFile=no
"6121",Montia parvifolia,Montia,parvifolia,,,,native,S5,,48.871386670000000,-123.382206699999998,,NA,NA,"81147048",obs_native,file:///D:/Simon/Sync/Root/GIS/Biodiversity%20Data/obs_native.csv?type=csv&maxFields=10000&detectTypes=yes&xField=longitude&yField=latitude&crs=EPSG:4326&spatialIndex=no&subsetIndex=no&watchFile=no
"6122",Montia parvifolia,Montia,parvifolia,,,,native,S5,,48.905611669999999,-123.350999999999999,,NA,NA,"82513141",obs_native,file:///D:/Simon/Sync/Root/GIS/Biodiversity%20Data/obs_native.csv?type=csv&maxFields=10000&detectTypes=yes&xField=longitude&yField=latitude&crs=EPSG:4326&spatialIndex=no&subsetIndex=no&watchFile=no
"6123",Montia parvifolia,Montia,parvifolia,,,,native,S5,,48.922935629999998,-123.418895300000003,,NA,NA,"110154419",obs_native,file:///D:/Simon/Sync/Root/GIS/Biodiversity%20Data/obs_native.csv?type=csv&maxFields=10000&detectTypes=yes&xField=longitude&yField=latitude&crs=EPSG:4326&spatialIndex=no&subsetIndex=no&watchFile=no
"6124",Montia parvifolia,Montia,parvifolia,,,,native,S5,,48.909990000000001,-123.373675000000006,,NA,NA,"119369498",obs_native,file:///D:/Simon/Sync/Root/GIS/Biodiversity%20Data/obs_native.csv?type=csv&maxFields=10000&detectTypes=yes&xField=longitude&yField=latitude&crs=EPSG:4326&spatialIndex=no&subsetIndex=no&watchFile=no
"6125",Montia parvifolia,Montia,parvifolia,,,,native,S5,,48.908903129999999,-123.368602100000004,,NA,NA,"120255535",obs_native,file:///D:/Simon/Sync/Root/GIS/Biodiversity%20Data/obs_native.csv?type=csv&maxFields=10000&detectTypes=yes&xField=longitude&yField=latitude&crs=EPSG:4326&spatialIndex=no&subsetIndex=no&watchFile=no
"6126",Montia parvifolia,Montia,parvifolia,,,,native,S5,,48.866828329999997,-123.356208300000006,,NA,NA,"120571274",obs_native,file:///D:/Simon/Sync/Root/GIS/Biodiversity%20Data/obs_native.csv?type=csv&maxFields=10000&detectTypes=yes&xField=longitude&yField=latitude&crs=EPSG:4326&spatialIndex=no&subsetIndex=no&watchFile=no
"6127",Montia parvifolia,Montia,parvifolia,,,,native,S5,,48.934697219999997,-123.474822200000006,,NA,NA,"128047519",obs_native,file:///D:/Simon/Sync/Root/GIS/Biodiversity%20Data/obs_native.csv?type=csv&maxFields=10000&detectTypes=yes&xField=longitude&yField=latitude&crs=EPSG:4326&spatialIndex=no&subsetIndex=no&watchFile=no
"6245",Myosotis laxa,Myosotis,laxa,,,,native,S5,,48.929251999999998,-123.470584000000002,,NA,NA,"2561823",obs_native,file:///D:/Simon/Sync/Root/GIS/Biodiversity%20Data/obs_native.csv?type=csv&maxFields=10000&detectTypes=yes&xField=longitude&yField=latitude&crs=EPSG:4326&spatialIndex=no&subsetIndex=no&watchFile=no
"6246",Myosotis laxa,Myosotis,laxa,,,,native,S5,,48.932847000000002,-123.483024000000000,,NA,NA,"2563638",obs_native,file:///D:/Simon/Sync/Root/GIS/Biodiversity%20Data/obs_native.csv?type=csv&maxFields=10000&detectTypes=yes&xField=longitude&yField=latitude&crs=EPSG:4326&spatialIndex=no&subsetIndex=no&watchFile=no
"6247",Myosotis laxa,Myosotis,laxa,,,,native,S5,,48.930816999999998,-123.475299000000007,,NA,NA,"2563721",obs_native,file:///D:/Simon/Sync/Root/GIS/Biodiversity%20Data/obs_native.csv?type=csv&maxFields=10000&detectTypes=yes&xField=longitude&yField=latitude&crs=EPSG:4326&spatialIndex=no&subsetIndex=no&watchFile=no
"6248",Myosotis laxa,Myosotis,laxa,,,,native,S5,,48.930844999999998,-123.478088000000000,,NA,NA,"2625785",obs_native,file:///D:/Simon/Sync/Root/GIS/Biodiversity%20Data/obs_native.csv?type=csv&maxFields=10000&detectTypes=yes&xField=longitude&yField=latitude&crs=EPSG:4326&spatialIndex=no&subsetIndex=no&watchFile=no
"6249",Myosotis laxa,Myosotis,laxa,,,,native,S5,,48.983659000000003,-123.556323000000006,,NA,NA,"3296498",obs_native,file:///D:/Simon/Sync/Root/GIS/Biodiversity%20Data/obs_native.csv?type=csv&maxFields=10000&detectTypes=yes&xField=longitude&yField=latitude&crs=EPSG:4326&spatialIndex=no&subsetIndex=no&watchFile=no
"6250",Myosotis laxa,Myosotis,laxa,,,,native,S5,,48.933199000000002,-123.483098999999996,,NA,NA,"3328591",obs_native,file:///D:/Simon/Sync/Root/GIS/Biodiversity%20Data/obs_native.csv?type=csv&maxFields=10000&detectTypes=yes&xField=longitude&yField=latitude&crs=EPSG:4326&spatialIndex=no&subsetIndex=no&watchFile=no
"6251",Myosotis laxa,Myosotis,laxa,,,,native,S5,,48.933199000000002,-123.483098999999996,,NA,NA,"3328656",obs_native,file:///D:/Simon/Sync/Root/GIS/Biodiversity%20Data/obs_native.csv?type=csv&maxFields=10000&detectTypes=yes&xField=longitude&yField=latitude&crs=EPSG:4326&spatialIndex=no&subsetIndex=no&watchFile=no
"6252",Myosotis laxa,Myosotis,laxa,,,,native,S5,,48.993602000000003,-123.575801999999996,,NA,NA,"3881696",obs_native,file:///D:/Simon/Sync/Root/GIS/Biodiversity%20Data/obs_native.csv?type=csv&maxFields=10000&detectTypes=yes&xField=longitude&yField=latitude&crs=EPSG:4326&spatialIndex=no&subsetIndex=no&watchFile=no
"6253",Myosotis laxa,Myosotis,laxa,,,,native,S5,,48.982509999999998,-123.555679999999995,,NA,NA,"6445453",obs_native,file:///D:/Simon/Sync/Root/GIS/Biodiversity%20Data/obs_native.csv?type=csv&maxFields=10000&detectTypes=yes&xField=longitude&yField=latitude&crs=EPSG:4326&spatialIndex=no&subsetIndex=no&watchFile=no
"6254",Myosotis laxa,Myosotis,laxa,,,,native,S5,,48.982424999999999,-123.554907000000000,,NA,NA,"6670269",obs_native,file:///D:/Simon/Sync/Root/GIS/Biodiversity%20Data/obs_native.csv?type=csv&maxFields=10000&detectTypes=yes&xField=longitude&yField=latitude&crs=EPSG:4326&spatialIndex=no&subsetIndex=no&watchFile=no
"6255",Myosotis laxa,Myosotis,laxa,,,,native,S5,,48.948460300000001,-123.501826800000003,,NA,NA,"13198888",obs_native,file:///D:/Simon/Sync/Root/GIS/Biodiversity%20Data/obs_native.csv?type=csv&maxFields=10000&detectTypes=yes&xField=longitude&yField=latitude&crs=EPSG:4326&spatialIndex=no&subsetIndex=no&watchFile=no
"6256",Myosotis laxa,Myosotis,laxa,,,,native,S5,,48.941774660000000,-123.478167799999994,,NA,NA,"13198943",obs_native,file:///D:/Simon/Sync/Root/GIS/Biodiversity%20Data/obs_native.csv?type=csv&maxFields=10000&detectTypes=yes&xField=longitude&yField=latitude&crs=EPSG:4326&spatialIndex=no&subsetIndex=no&watchFile=no
"6257",Myosotis laxa,Myosotis,laxa,,,,native,S5,,48.941774660000000,-123.478167799999994,,NA,NA,"13198952",obs_native,file:///D:/Simon/Sync/Root/GIS/Biodiversity%20Data/obs_native.csv?type=csv&maxFields=10000&detectTypes=yes&xField=longitude&yField=latitude&crs=EPSG:4326&spatialIndex=no&subsetIndex=no&watchFile=no
"6258",Myosotis laxa,Myosotis,laxa,,,,native,S5,,48.869807690000002,-123.321452899999997,,NA,NA,"16400845",obs_native,file:///D:/Simon/Sync/Root/GIS/Biodiversity%20Data/obs_native.csv?type=csv&maxFields=10000&detectTypes=yes&xField=longitude&yField=latitude&crs=EPSG:4326&spatialIndex=no&subsetIndex=no&watchFile=no
"6259",Myosotis laxa,Myosotis,laxa,,,,native,S5,,49.002550229999997,-123.573858599999994,,NA,NA,"24259193",obs_native,file:///D:/Simon/Sync/Root/GIS/Biodiversity%20Data/obs_native.csv?type=csv&maxFields=10000&detectTypes=yes&xField=longitude&yField=latitude&crs=EPSG:4326&spatialIndex=no&subsetIndex=no&watchFile=no
"6260",Myosotis laxa,Myosotis,laxa,,,,native,S5,,48.928897290000002,-123.468966800000004,,NA,NA,"54692393",obs_native,file:///D:/Simon/Sync/Root/GIS/Biodiversity%20Data/obs_native.csv?type=csv&maxFields=10000&detectTypes=yes&xField=longitude&yField=latitude&crs=EPSG:4326&spatialIndex=no&subsetIndex=no&watchFile=no
"6261",Myosotis laxa,Myosotis,laxa,,,,native,S5,,48.910022220000002,-123.415558300000001,,NA,NA,"56906400",obs_native,file:///D:/Simon/Sync/Root/GIS/Biodiversity%20Data/obs_native.csv?type=csv&maxFields=10000&detectTypes=yes&xField=longitude&yField=latitude&crs=EPSG:4326&spatialIndex=no&subsetIndex=no&watchFile=no
"6262",Myosotis laxa,Myosotis,laxa,,,,native,S5,,48.929720050000000,-123.468850900000007,,NA,NA,"84371076",obs_native,file:///D:/Simon/Sync/Root/GIS/Biodiversity%20Data/obs_native.csv?type=csv&maxFields=10000&detectTypes=yes&xField=longitude&yField=latitude&crs=EPSG:4326&spatialIndex=no&subsetIndex=no&watchFile=no
"6263",Myosotis laxa,Myosotis,laxa,,,,native,S5,,48.865016670000003,-123.364130000000003,,NA,NA,"85291236",obs_native,file:///D:/Simon/Sync/Root/GIS/Biodiversity%20Data/obs_native.csv?type=csv&maxFields=10000&detectTypes=yes&xField=longitude&yField=latitude&crs=EPSG:4326&spatialIndex=no&subsetIndex=no&watchFile=no
"6264",Myosotis laxa,Myosotis,laxa,,,,native,S5,,48.930824999999999,-123.476533300000000,,NA,NA,"120618088",obs_native,file:///D:/Simon/Sync/Root/GIS/Biodiversity%20Data/obs_native.csv?type=csv&maxFields=10000&detectTypes=yes&xField=longitude&yField=latitude&crs=EPSG:4326&spatialIndex=no&subsetIndex=no&watchFile=no
"6265",Myosotis laxa,Myosotis,laxa,,,,native,S5,,48.931195000000002,-123.476288299999993,,NA,NA,"121747765",obs_native,file:///D:/Simon/Sync/Root/GIS/Biodiversity%20Data/obs_native.csv?type=csv&maxFields=10000&detectTypes=yes&xField=longitude&yField=latitude&crs=EPSG:4326&spatialIndex=no&subsetIndex=no&watchFile=no
"6266",Myosotis laxa,Myosotis,laxa,,,,native,S5,,48.930763890000001,-123.476158299999994,,NA,NA,"122335788",obs_native,file:///D:/Simon/Sync/Root/GIS/Biodiversity%20Data/obs_native.csv?type=csv&maxFields=10000&detectTypes=yes&xField=longitude&yField=latitude&crs=EPSG:4326&spatialIndex=no&subsetIndex=no&watchFile=no
"6267",Myosotis laxa,Myosotis,laxa,,,,native,S5,,48.909747220000000,-123.416291700000002,,NA,NA,"125189734",obs_native,file:///D:/Simon/Sync/Root/GIS/Biodiversity%20Data/obs_native.csv?type=csv&maxFields=10000&detectTypes=yes&xField=longitude&yField=latitude&crs=EPSG:4326&spatialIndex=no&subsetIndex=no&watchFile=no
"6268",Myosotis laxa,Myosotis,laxa,,,,native,S5,,48.931327779999997,-123.476600000000005,,NA,NA,"125381631",obs_native,file:///D:/Simon/Sync/Root/GIS/Biodiversity%20Data/obs_native.csv?type=csv&maxFields=10000&detectTypes=yes&xField=longitude&yField=latitude&crs=EPSG:4326&spatialIndex=no&subsetIndex=no&watchFile=no
"6269",Myosotis laxa,Myosotis,laxa,,,,native,S5,,48.877276670000001,-123.366968299999996,,NA,NA,"129778439",obs_native,file:///D:/Simon/Sync/Root/GIS/Biodiversity%20Data/obs_native.csv?type=csv&maxFields=10000&detectTypes=yes&xField=longitude&yField=latitude&crs=EPSG:4326&spatialIndex=no&subsetIndex=no&watchFile=no
"6270",Myosotis laxa,Myosotis,laxa,,,,native,S5,,48.876483329999999,-123.367473300000000,,NA,NA,"129778454",obs_native,file:///D:/Simon/Sync/Root/GIS/Biodiversity%20Data/obs_native.csv?type=csv&maxFields=10000&detectTypes=yes&xField=longitude&yField=latitude&crs=EPSG:4326&spatialIndex=no&subsetIndex=no&watchFile=no
"6287",Navarretia squarrosa,Navarretia,squarrosa,,,,native,S4S5,,48.928632000000000,-123.468925999999996,,NA,NA,"2564155",obs_native,file:///D:/Simon/Sync/Root/GIS/Biodiversity%20Data/obs_native.csv?type=csv&maxFields=10000&detectTypes=yes&xField=longitude&yField=latitude&crs=EPSG:4326&spatialIndex=no&subsetIndex=no&watchFile=no
"6288",Navarretia squarrosa,Navarretia,squarrosa,,,,native,S4S5,,48.930259000000000,-123.467488000000003,,NA,NA,"2599974",obs_native,file:///D:/Simon/Sync/Root/GIS/Biodiversity%20Data/obs_native.csv?type=csv&maxFields=10000&detectTypes=yes&xField=longitude&yField=latitude&crs=EPSG:4326&spatialIndex=no&subsetIndex=no&watchFile=no
"6289",Navarretia squarrosa,Navarretia,squarrosa,,,,native,S4S5,,48.892958000000000,-123.342595000000003,,NA,NA,"3526850",obs_native,file:///D:/Simon/Sync/Root/GIS/Biodiversity%20Data/obs_native.csv?type=csv&maxFields=10000&detectTypes=yes&xField=longitude&yField=latitude&crs=EPSG:4326&spatialIndex=no&subsetIndex=no&watchFile=no
"6290",Navarretia squarrosa,Navarretia,squarrosa,,,,native,S4S5,,48.872731999999999,-123.359814000000000,,NA,NA,"6646879",obs_native,file:///D:/Simon/Sync/Root/GIS/Biodiversity%20Data/obs_native.csv?type=csv&maxFields=10000&detectTypes=yes&xField=longitude&yField=latitude&crs=EPSG:4326&spatialIndex=no&subsetIndex=no&watchFile=no
"6291",Navarretia squarrosa,Navarretia,squarrosa,,,,native,S4S5,,48.909496619999999,-123.393091499999997,,NA,NA,"13931845",obs_native,file:///D:/Simon/Sync/Root/GIS/Biodiversity%20Data/obs_native.csv?type=csv&maxFields=10000&detectTypes=yes&xField=longitude&yField=latitude&crs=EPSG:4326&spatialIndex=no&subsetIndex=no&watchFile=no
"6292",Navarretia squarrosa,Navarretia,squarrosa,,,,native,S4S5,,48.939680510000002,-123.492308199999997,,NA,NA,"14281199",obs_native,file:///D:/Simon/Sync/Root/GIS/Biodiversity%20Data/obs_native.csv?type=csv&maxFields=10000&detectTypes=yes&xField=longitude&yField=latitude&crs=EPSG:4326&spatialIndex=no&subsetIndex=no&watchFile=no
"6293",Navarretia squarrosa,Navarretia,squarrosa,,,,native,S4S5,,48.906669620000002,-123.390006999999997,,NA,NA,"20067217",obs_native,file:///D:/Simon/Sync/Root/GIS/Biodiversity%20Data/obs_native.csv?type=csv&maxFields=10000&detectTypes=yes&xField=longitude&yField=latitude&crs=EPSG:4326&spatialIndex=no&subsetIndex=no&watchFile=no
"6294",Navarretia squarrosa,Navarretia,squarrosa,,,,native,S4S5,,48.877593869999998,-123.323627000000002,,NA,NA,"48489306",obs_native,file:///D:/Simon/Sync/Root/GIS/Biodiversity%20Data/obs_native.csv?type=csv&maxFields=10000&detectTypes=yes&xField=longitude&yField=latitude&crs=EPSG:4326&spatialIndex=no&subsetIndex=no&watchFile=no
"6295",Navarretia squarrosa,Navarretia,squarrosa,,,,native,S4S5,,48.928633329999997,-123.468216699999999,,NA,NA,"83963111",obs_native,file:///D:/Simon/Sync/Root/GIS/Biodiversity%20Data/obs_native.csv?type=csv&maxFields=10000&detectTypes=yes&xField=longitude&yField=latitude&crs=EPSG:4326&spatialIndex=no&subsetIndex=no&watchFile=no
"6296",Navarretia squarrosa,Navarretia,squarrosa,,,,native,S4S5,,48.928261669999998,-123.468688299999997,,NA,NA,"83972734",obs_native,file:///D:/Simon/Sync/Root/GIS/Biodiversity%20Data/obs_native.csv?type=csv&maxFields=10000&detectTypes=yes&xField=longitude&yField=latitude&crs=EPSG:4326&spatialIndex=no&subsetIndex=no&watchFile=no
"6297",Navarretia squarrosa,Navarretia,squarrosa,,,,native,S4S5,,48.928413329999998,-123.468154999999996,,NA,NA,"83994422",obs_native,file:///D:/Simon/Sync/Root/GIS/Biodiversity%20Data/obs_native.csv?type=csv&maxFields=10000&detectTypes=yes&xField=longitude&yField=latitude&crs=EPSG:4326&spatialIndex=no&subsetIndex=no&watchFile=no
"6298",Navarretia squarrosa,Navarretia,squarrosa,,,,native,S4S5,,48.928264579999997,-123.468187799999995,,NA,NA,"84058131",obs_native,file:///D:/Simon/Sync/Root/GIS/Biodiversity%20Data/obs_native.csv?type=csv&maxFields=10000&detectTypes=yes&xField=longitude&yField=latitude&crs=EPSG:4326&spatialIndex=no&subsetIndex=no&watchFile=no
"6299",Navarretia squarrosa,Navarretia,squarrosa,,,,native,S4S5,,48.928436670000004,-123.468208300000001,,NA,NA,"84253259",obs_native,file:///D:/Simon/Sync/Root/GIS/Biodiversity%20Data/obs_native.csv?type=csv&maxFields=10000&detectTypes=yes&xField=longitude&yField=latitude&crs=EPSG:4326&spatialIndex=no&subsetIndex=no&watchFile=no
"6300",Navarretia squarrosa,Navarretia,squarrosa,,,,native,S4S5,,48.928387549999997,-123.468042199999999,,NA,NA,"84724086",obs_native,file:///D:/Simon/Sync/Root/GIS/Biodiversity%20Data/obs_native.csv?type=csv&maxFields=10000&detectTypes=yes&xField=longitude&yField=latitude&crs=EPSG:4326&spatialIndex=no&subsetIndex=no&watchFile=no
"6301",Navarretia squarrosa,Navarretia,squarrosa,,,,native,S4S5,,48.889250359999998,-123.383387099999993,,NA,NA,"88751488",obs_native,file:///D:/Simon/Sync/Root/GIS/Biodiversity%20Data/obs_native.csv?type=csv&maxFields=10000&detectTypes=yes&xField=longitude&yField=latitude&crs=EPSG:4326&spatialIndex=no&subsetIndex=no&watchFile=no
"6302",Navarretia squarrosa,Navarretia,squarrosa,,,,native,S4S5,,48.870536670000000,-123.318899999999999,,NA,NA,"121538429",obs_native,file:///D:/Simon/Sync/Root/GIS/Biodiversity%20Data/obs_native.csv?type=csv&maxFields=10000&detectTypes=yes&xField=longitude&yField=latitude&crs=EPSG:4326&spatialIndex=no&subsetIndex=no&watchFile=no
"6303",Navarretia squarrosa,Navarretia,squarrosa,,,,native,S4S5,,48.928417170000003,-123.468157800000000,,NA,NA,"129296119",obs_native,file:///D:/Simon/Sync/Root/GIS/Biodiversity%20Data/obs_native.csv?type=csv&maxFields=10000&detectTypes=yes&xField=longitude&yField=latitude&crs=EPSG:4326&spatialIndex=no&subsetIndex=no&watchFile=no
"6304",Navarretia squarrosa,Navarretia,squarrosa,,,,native,S4S5,,48.870624999999997,-123.318978299999998,,NA,NA,"129504776",obs_native,file:///D:/Simon/Sync/Root/GIS/Biodiversity%20Data/obs_native.csv?type=csv&maxFields=10000&detectTypes=yes&xField=longitude&yField=latitude&crs=EPSG:4326&spatialIndex=no&subsetIndex=no&watchFile=no
"6305",Navarretia squarrosa,Navarretia,squarrosa,,,,native,S4S5,,48.870800000000003,-123.319213300000001,,NA,NA,"130426792",obs_native,file:///D:/Simon/Sync/Root/GIS/Biodiversity%20Data/obs_native.csv?type=csv&maxFields=10000&detectTypes=yes&xField=longitude&yField=latitude&crs=EPSG:4326&spatialIndex=no&subsetIndex=no&watchFile=no
"6306",Navarretia squarrosa,Navarretia,squarrosa,,,,native,S4S5,,48.870628000000004,-123.318892000000005,,NA,NA,"132184473",obs_native,file:///D:/Simon/Sync/Root/GIS/Biodiversity%20Data/obs_native.csv?type=csv&maxFields=10000&detectTypes=yes&xField=longitude&yField=latitude&crs=EPSG:4326&spatialIndex=no&subsetIndex=no&watchFile=no
"6307",Nemophila parviflora,Nemophila,parviflora,,,,native,S5 (2019),,48.929830000000003,-123.475684999999999,,NA,NA,"2566455",obs_native,file:///D:/Simon/Sync/Root/GIS/Biodiversity%20Data/obs_native.csv?type=csv&maxFields=10000&detectTypes=yes&xField=longitude&yField=latitude&crs=EPSG:4326&spatialIndex=no&subsetIndex=no&watchFile=no
"6308",Nemophila parviflora,Nemophila,parviflora,,,,native,S5 (2019),,48.928150000000002,-123.469677000000004,,NA,NA,"2567255",obs_native,file:///D:/Simon/Sync/Root/GIS/Biodiversity%20Data/obs_native.csv?type=csv&maxFields=10000&detectTypes=yes&xField=longitude&yField=latitude&crs=EPSG:4326&spatialIndex=no&subsetIndex=no&watchFile=no
"6309",Nemophila parviflora,Nemophila,parviflora,,,,native,S5 (2019),,48.927123999999999,-123.469548000000003,,NA,NA,"2631674",obs_native,file:///D:/Simon/Sync/Root/GIS/Biodiversity%20Data/obs_native.csv?type=csv&maxFields=10000&detectTypes=yes&xField=longitude&yField=latitude&crs=EPSG:4326&spatialIndex=no&subsetIndex=no&watchFile=no
"6310",Nemophila parviflora,Nemophila,parviflora,,,,native,S5 (2019),,48.924871000000003,-123.453947999999997,,NA,NA,"2692268",obs_native,file:///D:/Simon/Sync/Root/GIS/Biodiversity%20Data/obs_native.csv?type=csv&maxFields=10000&detectTypes=yes&xField=longitude&yField=latitude&crs=EPSG:4326&spatialIndex=no&subsetIndex=no&watchFile=no
"6311",Nemophila parviflora,Nemophila,parviflora,,,,native,S5 (2019),,48.927078999999999,-123.466244000000003,,NA,NA,"2822869",obs_native,file:///D:/Simon/Sync/Root/GIS/Biodiversity%20Data/obs_native.csv?type=csv&maxFields=10000&detectTypes=yes&xField=longitude&yField=latitude&crs=EPSG:4326&spatialIndex=no&subsetIndex=no&watchFile=no
"6312",Nemophila parviflora,Nemophila,parviflora,,,,native,S5 (2019),,48.868282999999998,-123.342605000000006,,NA,NA,"2889762",obs_native,file:///D:/Simon/Sync/Root/GIS/Biodiversity%20Data/obs_native.csv?type=csv&maxFields=10000&detectTypes=yes&xField=longitude&yField=latitude&crs=EPSG:4326&spatialIndex=no&subsetIndex=no&watchFile=no
"6313",Nemophila parviflora,Nemophila,parviflora,,,,native,S5 (2019),,48.869444999999999,-123.346984000000006,,NA,NA,"2989769",obs_native,file:///D:/Simon/Sync/Root/GIS/Biodiversity%20Data/obs_native.csv?type=csv&maxFields=10000&detectTypes=yes&xField=longitude&yField=latitude&crs=EPSG:4326&spatialIndex=no&subsetIndex=no&watchFile=no
"6314",Nemophila parviflora,Nemophila,parviflora,,,,native,S5 (2019),,48.895771000000003,-123.357710999999995,,NA,NA,"3006356",obs_native,file:///D:/Simon/Sync/Root/GIS/Biodiversity%20Data/obs_native.csv?type=csv&maxFields=10000&detectTypes=yes&xField=longitude&yField=latitude&crs=EPSG:4326&spatialIndex=no&subsetIndex=no&watchFile=no
"6315",Nemophila parviflora,Nemophila,parviflora,,,,native,S5 (2019),,48.918664000000000,-123.403587000000002,,NA,NA,"3052018",obs_native,file:///D:/Simon/Sync/Root/GIS/Biodiversity%20Data/obs_native.csv?type=csv&maxFields=10000&detectTypes=yes&xField=longitude&yField=latitude&crs=EPSG:4326&spatialIndex=no&subsetIndex=no&watchFile=no
"6316",Nemophila parviflora,Nemophila,parviflora,,,,native,S5 (2019),,48.916645000000003,-123.424272999999999,,NA,NA,"3093658",obs_native,file:///D:/Simon/Sync/Root/GIS/Biodiversity%20Data/obs_native.csv?type=csv&maxFields=10000&detectTypes=yes&xField=longitude&yField=latitude&crs=EPSG:4326&spatialIndex=no&subsetIndex=no&watchFile=no
"6317",Nemophila parviflora,Nemophila,parviflora,,,,native,S5 (2019),,48.932485999999997,-123.483839000000003,,NA,NA,"3318661",obs_native,file:///D:/Simon/Sync/Root/GIS/Biodiversity%20Data/obs_native.csv?type=csv&maxFields=10000&detectTypes=yes&xField=longitude&yField=latitude&crs=EPSG:4326&spatialIndex=no&subsetIndex=no&watchFile=no
"6318",Nemophila parviflora,Nemophila,parviflora,,,,native,S5 (2019),,48.932492000000003,-123.483323999999996,,NA,NA,"3319482",obs_native,file:///D:/Simon/Sync/Root/GIS/Biodiversity%20Data/obs_native.csv?type=csv&maxFields=10000&detectTypes=yes&xField=longitude&yField=latitude&crs=EPSG:4326&spatialIndex=no&subsetIndex=no&watchFile=no
"6319",Nemophila parviflora,Nemophila,parviflora,,,,native,S5 (2019),,48.915652000000001,-123.426826000000005,,NA,NA,"3335487",obs_native,file:///D:/Simon/Sync/Root/GIS/Biodiversity%20Data/obs_native.csv?type=csv&maxFields=10000&detectTypes=yes&xField=longitude&yField=latitude&crs=EPSG:4326&spatialIndex=no&subsetIndex=no&watchFile=no
"6320",Nemophila parviflora,Nemophila,parviflora,,,,native,S5 (2019),,48.898375000000001,-123.349462000000003,,NA,NA,"3341761",obs_native,file:///D:/Simon/Sync/Root/GIS/Biodiversity%20Data/obs_native.csv?type=csv&maxFields=10000&detectTypes=yes&xField=longitude&yField=latitude&crs=EPSG:4326&spatialIndex=no&subsetIndex=no&watchFile=no
"6321",Nemophila parviflora,Nemophila,parviflora,,,,native,S5 (2019),,48.861834999999999,-123.351059000000006,,NA,NA,"5635345",obs_native,file:///D:/Simon/Sync/Root/GIS/Biodiversity%20Data/obs_native.csv?type=csv&maxFields=10000&detectTypes=yes&xField=longitude&yField=latitude&crs=EPSG:4326&spatialIndex=no&subsetIndex=no&watchFile=no
"6322",Nemophila parviflora,Nemophila,parviflora,,,,native,S5 (2019),,48.900019780000001,-123.361401599999994,,NA,NA,"5647011",obs_native,file:///D:/Simon/Sync/Root/GIS/Biodiversity%20Data/obs_native.csv?type=csv&maxFields=10000&detectTypes=yes&xField=longitude&yField=latitude&crs=EPSG:4326&spatialIndex=no&subsetIndex=no&watchFile=no
"6323",Nemophila parviflora,Nemophila,parviflora,,,,native,S5 (2019),,48.906225919999997,-123.360671999999994,,NA,NA,"5885585",obs_native,file:///D:/Simon/Sync/Root/GIS/Biodiversity%20Data/obs_native.csv?type=csv&maxFields=10000&detectTypes=yes&xField=longitude&yField=latitude&crs=EPSG:4326&spatialIndex=no&subsetIndex=no&watchFile=no
"6324",Nemophila parviflora,Nemophila,parviflora,,,,native,S5 (2019),,48.901345700000000,-123.364856200000006,,NA,NA,"5953021",obs_native,file:///D:/Simon/Sync/Root/GIS/Biodiversity%20Data/obs_native.csv?type=csv&maxFields=10000&detectTypes=yes&xField=longitude&yField=latitude&crs=EPSG:4326&spatialIndex=no&subsetIndex=no&watchFile=no
"6325",Nemophila parviflora,Nemophila,parviflora,,,,native,S5 (2019),,48.896253399999999,-123.359395300000003,,NA,NA,"5993206",obs_native,file:///D:/Simon/Sync/Root/GIS/Biodiversity%20Data/obs_native.csv?type=csv&maxFields=10000&detectTypes=yes&xField=longitude&yField=latitude&crs=EPSG:4326&spatialIndex=no&subsetIndex=no&watchFile=no
"6326",Nemophila parviflora,Nemophila,parviflora,,,,native,S5 (2019),,48.904561620000003,-123.413457899999997,,NA,NA,"6047550",obs_native,file:///D:/Simon/Sync/Root/GIS/Biodiversity%20Data/obs_native.csv?type=csv&maxFields=10000&detectTypes=yes&xField=longitude&yField=latitude&crs=EPSG:4326&spatialIndex=no&subsetIndex=no&watchFile=no
"6327",Nemophila parviflora,Nemophila,parviflora,,,,native,S5 (2019),,48.868045960000003,-123.376979800000001,,NA,NA,"6216771",obs_native,file:///D:/Simon/Sync/Root/GIS/Biodiversity%20Data/obs_native.csv?type=csv&maxFields=10000&detectTypes=yes&xField=longitude&yField=latitude&crs=EPSG:4326&spatialIndex=no&subsetIndex=no&watchFile=no
"6328",Nemophila parviflora,Nemophila,parviflora,,,,native,S5 (2019),,48.868130639999997,-123.377494799999994,,NA,NA,"6216800",obs_native,file:///D:/Simon/Sync/Root/GIS/Biodiversity%20Data/obs_native.csv?type=csv&maxFields=10000&detectTypes=yes&xField=longitude&yField=latitude&crs=EPSG:4326&spatialIndex=no&subsetIndex=no&watchFile=no
"6329",Nemophila parviflora,Nemophila,parviflora,,,,native,S5 (2019),,48.940345899999997,-123.504352600000004,,NA,NA,"6306984",obs_native,file:///D:/Simon/Sync/Root/GIS/Biodiversity%20Data/obs_native.csv?type=csv&maxFields=10000&detectTypes=yes&xField=longitude&yField=latitude&crs=EPSG:4326&spatialIndex=no&subsetIndex=no&watchFile=no
"6330",Nemophila parviflora,Nemophila,parviflora,,,,native,S5 (2019),,48.942950000000003,-123.490303299999994,,NA,NA,"6386956",obs_native,file:///D:/Simon/Sync/Root/GIS/Biodiversity%20Data/obs_native.csv?type=csv&maxFields=10000&detectTypes=yes&xField=longitude&yField=latitude&crs=EPSG:4326&spatialIndex=no&subsetIndex=no&watchFile=no
"6331",Nemophila parviflora,Nemophila,parviflora,,,,native,S5 (2019),,48.868800149999998,-123.378610600000002,,NA,NA,"6410329",obs_native,file:///D:/Simon/Sync/Root/GIS/Biodiversity%20Data/obs_native.csv?type=csv&maxFields=10000&detectTypes=yes&xField=longitude&yField=latitude&crs=EPSG:4326&spatialIndex=no&subsetIndex=no&watchFile=no
"6332",Nemophila parviflora,Nemophila,parviflora,,,,native,S5 (2019),,48.898298850000003,-123.361423000000002,,NA,NA,"6413710",obs_native,file:///D:/Simon/Sync/Root/GIS/Biodiversity%20Data/obs_native.csv?type=csv&maxFields=10000&detectTypes=yes&xField=longitude&yField=latitude&crs=EPSG:4326&spatialIndex=no&subsetIndex=no&watchFile=no
"6333",Nemophila parviflora,Nemophila,parviflora,,,,native,S5 (2019),,48.877015080000000,-123.380649099999999,,NA,NA,"6714930",obs_native,file:///D:/Simon/Sync/Root/GIS/Biodiversity%20Data/obs_native.csv?type=csv&maxFields=10000&detectTypes=yes&xField=longitude&yField=latitude&crs=EPSG:4326&spatialIndex=no&subsetIndex=no&watchFile=no
"6334",Nemophila parviflora,Nemophila,parviflora,,,,native,S5 (2019),,48.876768120000001,-123.379533300000006,,NA,NA,"7280584",obs_native,file:///D:/Simon/Sync/Root/GIS/Biodiversity%20Data/obs_native.csv?type=csv&maxFields=10000&detectTypes=yes&xField=longitude&yField=latitude&crs=EPSG:4326&spatialIndex=no&subsetIndex=no&watchFile=no
"6335",Nemophila parviflora,Nemophila,parviflora,,,,native,S5 (2019),,48.875737909999998,-123.378653499999999,,NA,NA,"7280607",obs_native,file:///D:/Simon/Sync/Root/GIS/Biodiversity%20Data/obs_native.csv?type=csv&maxFields=10000&detectTypes=yes&xField=longitude&yField=latitude&crs=EPSG:4326&spatialIndex=no&subsetIndex=no&watchFile=no
"6336",Nemophila parviflora,Nemophila,parviflora,,,,native,S5 (2019),,48.873120589999999,-123.358564299999998,,NA,NA,"9536495",obs_native,file:///D:/Simon/Sync/Root/GIS/Biodiversity%20Data/obs_native.csv?type=csv&maxFields=10000&detectTypes=yes&xField=longitude&yField=latitude&crs=EPSG:4326&spatialIndex=no&subsetIndex=no&watchFile=no
"6337",Nemophila parviflora,Nemophila,parviflora,,,,native,S5 (2019),,48.862397000000001,-123.373425999999995,,NA,NA,"10081911",obs_native,file:///D:/Simon/Sync/Root/GIS/Biodiversity%20Data/obs_native.csv?type=csv&maxFields=10000&detectTypes=yes&xField=longitude&yField=latitude&crs=EPSG:4326&spatialIndex=no&subsetIndex=no&watchFile=no
"6338",Nemophila parviflora,Nemophila,parviflora,,,,native,S5 (2019),,48.898457999999998,-123.357133000000005,,NA,NA,"10944053",obs_native,file:///D:/Simon/Sync/Root/GIS/Biodiversity%20Data/obs_native.csv?type=csv&maxFields=10000&detectTypes=yes&xField=longitude&yField=latitude&crs=EPSG:4326&spatialIndex=no&subsetIndex=no&watchFile=no
"6339",Nemophila parviflora,Nemophila,parviflora,,,,native,S5 (2019),,48.941505999999997,-123.476962999999998,,NA,NA,"11305197",obs_native,file:///D:/Simon/Sync/Root/GIS/Biodiversity%20Data/obs_native.csv?type=csv&maxFields=10000&detectTypes=yes&xField=longitude&yField=latitude&crs=EPSG:4326&spatialIndex=no&subsetIndex=no&watchFile=no
"6340",Nemophila parviflora,Nemophila,parviflora,,,,native,S5 (2019),,48.867060000000002,-123.341279999999998,,NA,NA,"11974329",obs_native,file:///D:/Simon/Sync/Root/GIS/Biodiversity%20Data/obs_native.csv?type=csv&maxFields=10000&detectTypes=yes&xField=longitude&yField=latitude&crs=EPSG:4326&spatialIndex=no&subsetIndex=no&watchFile=no
"6341",Nemophila parviflora,Nemophila,parviflora,,,,native,S5 (2019),,48.875874000000003,-123.341114000000005,,NA,NA,"12634731",obs_native,file:///D:/Simon/Sync/Root/GIS/Biodiversity%20Data/obs_native.csv?type=csv&maxFields=10000&detectTypes=yes&xField=longitude&yField=latitude&crs=EPSG:4326&spatialIndex=no&subsetIndex=no&watchFile=no
"6342",Nemophila parviflora,Nemophila,parviflora,,,,native,S5 (2019),,48.872694000000003,-123.339697999999999,,NA,NA,"12762880",obs_native,file:///D:/Simon/Sync/Root/GIS/Biodiversity%20Data/obs_native.csv?type=csv&maxFields=10000&detectTypes=yes&xField=longitude&yField=latitude&crs=EPSG:4326&spatialIndex=no&subsetIndex=no&watchFile=no
"6343",Nemophila parviflora,Nemophila,parviflora,,,,native,S5 (2019),,48.874772999999998,-123.336338999999995,,NA,NA,"12763090",obs_native,file:///D:/Simon/Sync/Root/GIS/Biodiversity%20Data/obs_native.csv?type=csv&maxFields=10000&detectTypes=yes&xField=longitude&yField=latitude&crs=EPSG:4326&spatialIndex=no&subsetIndex=no&watchFile=no
"6344",Nemophila parviflora,Nemophila,parviflora,,,,native,S5 (2019),,48.874510000000001,-123.333782999999997,,NA,NA,"12763248",obs_native,file:///D:/Simon/Sync/Root/GIS/Biodiversity%20Data/obs_native.csv?type=csv&maxFields=10000&detectTypes=yes&xField=longitude&yField=latitude&crs=EPSG:4326&spatialIndex=no&subsetIndex=no&watchFile=no
"6345",Nemophila parviflora,Nemophila,parviflora,,,,native,S5 (2019),,48.880411000000002,-123.336709999999997,,NA,NA,"12789350",obs_native,file:///D:/Simon/Sync/Root/GIS/Biodiversity%20Data/obs_native.csv?type=csv&maxFields=10000&detectTypes=yes&xField=longitude&yField=latitude&crs=EPSG:4326&spatialIndex=no&subsetIndex=no&watchFile=no
"6346",Nemophila parviflora,Nemophila,parviflora,,,,native,S5 (2019),,48.871012999999998,-123.333776999999998,,NA,NA,"12792329",obs_native,file:///D:/Simon/Sync/Root/GIS/Biodiversity%20Data/obs_native.csv?type=csv&maxFields=10000&detectTypes=yes&xField=longitude&yField=latitude&crs=EPSG:4326&spatialIndex=no&subsetIndex=no&watchFile=no
"6347",Nemophila parviflora,Nemophila,parviflora,,,,native,S5 (2019),,48.868533999999997,-123.338466999999994,,NA,NA,"12816600",obs_native,file:///D:/Simon/Sync/Root/GIS/Biodiversity%20Data/obs_native.csv?type=csv&maxFields=10000&detectTypes=yes&xField=longitude&yField=latitude&crs=EPSG:4326&spatialIndex=no&subsetIndex=no&watchFile=no
"6348",Nemophila parviflora,Nemophila,parviflora,,,,native,S5 (2019),,48.867058000000000,-123.334428000000003,,NA,NA,"12817031",obs_native,file:///D:/Simon/Sync/Root/GIS/Biodiversity%20Data/obs_native.csv?type=csv&maxFields=10000&detectTypes=yes&xField=longitude&yField=latitude&crs=EPSG:4326&spatialIndex=no&subsetIndex=no&watchFile=no
"6349",Nemophila parviflora,Nemophila,parviflora,,,,native,S5 (2019),,48.866025999999998,-123.333974999999995,,NA,NA,"12817511",obs_native,file:///D:/Simon/Sync/Root/GIS/Biodiversity%20Data/obs_native.csv?type=csv&maxFields=10000&detectTypes=yes&xField=longitude&yField=latitude&crs=EPSG:4326&spatialIndex=no&subsetIndex=no&watchFile=no
"6350",Nemophila parviflora,Nemophila,parviflora,,,,native,S5 (2019),,48.985098000000001,-123.558492000000001,,NA,NA,"13224827",obs_native,file:///D:/Simon/Sync/Root/GIS/Biodiversity%20Data/obs_native.csv?type=csv&maxFields=10000&detectTypes=yes&xField=longitude&yField=latitude&crs=EPSG:4326&spatialIndex=no&subsetIndex=no&watchFile=no
"6351",Nemophila parviflora,Nemophila,parviflora,,,,native,S5 (2019),,48.866956060000000,-123.341274999999996,,NA,NA,"16310353",obs_native,file:///D:/Simon/Sync/Root/GIS/Biodiversity%20Data/obs_native.csv?type=csv&maxFields=10000&detectTypes=yes&xField=longitude&yField=latitude&crs=EPSG:4326&spatialIndex=no&subsetIndex=no&watchFile=no
"6352",Nemophila parviflora,Nemophila,parviflora,,,,native,S5 (2019),,48.868475629999999,-123.378375500000004,,NA,NA,"17693190",obs_native,file:///D:/Simon/Sync/Root/GIS/Biodiversity%20Data/obs_native.csv?type=csv&maxFields=10000&detectTypes=yes&xField=longitude&yField=latitude&crs=EPSG:4326&spatialIndex=no&subsetIndex=no&watchFile=no
"6353",Nemophila parviflora,Nemophila,parviflora,,,,native,S5 (2019),,48.868475629999999,-123.378375500000004,,NA,NA,"17693198",obs_native,file:///D:/Simon/Sync/Root/GIS/Biodiversity%20Data/obs_native.csv?type=csv&maxFields=10000&detectTypes=yes&xField=longitude&yField=latitude&crs=EPSG:4326&spatialIndex=no&subsetIndex=no&watchFile=no
"6354",Nemophila parviflora,Nemophila,parviflora,,,,native,S5 (2019),,48.873604000000000,-123.341832999999994,,NA,NA,"17784888",obs_native,file:///D:/Simon/Sync/Root/GIS/Biodiversity%20Data/obs_native.csv?type=csv&maxFields=10000&detectTypes=yes&xField=longitude&yField=latitude&crs=EPSG:4326&spatialIndex=no&subsetIndex=no&watchFile=no
"6355",Nemophila parviflora,Nemophila,parviflora,,,,native,S5 (2019),,48.962188890000000,-123.517922200000001,,NA,NA,"24663839",obs_native,file:///D:/Simon/Sync/Root/GIS/Biodiversity%20Data/obs_native.csv?type=csv&maxFields=10000&detectTypes=yes&xField=longitude&yField=latitude&crs=EPSG:4326&spatialIndex=no&subsetIndex=no&watchFile=no
"6356",Nemophila parviflora,Nemophila,parviflora,,,,native,S5 (2019),,48.963030560000000,-123.518508299999993,,NA,NA,"24663871",obs_native,file:///D:/Simon/Sync/Root/GIS/Biodiversity%20Data/obs_native.csv?type=csv&maxFields=10000&detectTypes=yes&xField=longitude&yField=latitude&crs=EPSG:4326&spatialIndex=no&subsetIndex=no&watchFile=no
"6357",Nemophila parviflora,Nemophila,parviflora,,,,native,S5 (2019),,48.963058330000003,-123.518027799999999,,NA,NA,"24663879",obs_native,file:///D:/Simon/Sync/Root/GIS/Biodiversity%20Data/obs_native.csv?type=csv&maxFields=10000&detectTypes=yes&xField=longitude&yField=latitude&crs=EPSG:4326&spatialIndex=no&subsetIndex=no&watchFile=no
"6358",Nemophila parviflora,Nemophila,parviflora,,,,native,S5 (2019),,48.962136110000003,-123.518294400000002,,NA,NA,"24663880",obs_native,file:///D:/Simon/Sync/Root/GIS/Biodiversity%20Data/obs_native.csv?type=csv&maxFields=10000&detectTypes=yes&xField=longitude&yField=latitude&crs=EPSG:4326&spatialIndex=no&subsetIndex=no&watchFile=no
"6359",Nemophila parviflora,Nemophila,parviflora,,,,native,S5 (2019),,48.962141670000001,-123.518111099999999,,NA,NA,"24663905",obs_native,file:///D:/Simon/Sync/Root/GIS/Biodiversity%20Data/obs_native.csv?type=csv&maxFields=10000&detectTypes=yes&xField=longitude&yField=latitude&crs=EPSG:4326&spatialIndex=no&subsetIndex=no&watchFile=no
"6360",Nemophila parviflora,Nemophila,parviflora,,,,native,S5 (2019),,48.962219439999998,-123.517799999999994,,NA,NA,"24663931",obs_native,file:///D:/Simon/Sync/Root/GIS/Biodiversity%20Data/obs_native.csv?type=csv&maxFields=10000&detectTypes=yes&xField=longitude&yField=latitude&crs=EPSG:4326&spatialIndex=no&subsetIndex=no&watchFile=no
"6361",Nemophila parviflora,Nemophila,parviflora,,,,native,S5 (2019),,48.962611109999997,-123.517966700000002,,NA,NA,"24663932",obs_native,file:///D:/Simon/Sync/Root/GIS/Biodiversity%20Data/obs_native.csv?type=csv&maxFields=10000&detectTypes=yes&xField=longitude&yField=latitude&crs=EPSG:4326&spatialIndex=no&subsetIndex=no&watchFile=no
"6362",Nemophila parviflora,Nemophila,parviflora,,,,native,S5 (2019),,48.963147220000003,-123.515799999999999,,NA,NA,"24665098",obs_native,file:///D:/Simon/Sync/Root/GIS/Biodiversity%20Data/obs_native.csv?type=csv&maxFields=10000&detectTypes=yes&xField=longitude&yField=latitude&crs=EPSG:4326&spatialIndex=no&subsetIndex=no&watchFile=no
"6363",Nemophila parviflora,Nemophila,parviflora,,,,native,S5 (2019),,48.962963889999997,-123.517538900000005,,NA,NA,"24665167",obs_native,file:///D:/Simon/Sync/Root/GIS/Biodiversity%20Data/obs_native.csv?type=csv&maxFields=10000&detectTypes=yes&xField=longitude&yField=latitude&crs=EPSG:4326&spatialIndex=no&subsetIndex=no&watchFile=no
"6364",Nemophila parviflora,Nemophila,parviflora,,,,native,S5 (2019),,48.962630560000001,-123.516724999999994,,NA,NA,"24665184",obs_native,file:///D:/Simon/Sync/Root/GIS/Biodiversity%20Data/obs_native.csv?type=csv&maxFields=10000&detectTypes=yes&xField=longitude&yField=latitude&crs=EPSG:4326&spatialIndex=no&subsetIndex=no&watchFile=no
"6365",Nemophila parviflora,Nemophila,parviflora,,,,native,S5 (2019),,48.963147220000003,-123.515799999999999,,NA,NA,"24665244",obs_native,file:///D:/Simon/Sync/Root/GIS/Biodiversity%20Data/obs_native.csv?type=csv&maxFields=10000&detectTypes=yes&xField=longitude&yField=latitude&crs=EPSG:4326&spatialIndex=no&subsetIndex=no&watchFile=no
"6366",Nemophila parviflora,Nemophila,parviflora,,,,native,S5 (2019),,48.963894439999997,-123.515769399999996,,NA,NA,"24666648",obs_native,file:///D:/Simon/Sync/Root/GIS/Biodiversity%20Data/obs_native.csv?type=csv&maxFields=10000&detectTypes=yes&xField=longitude&yField=latitude&crs=EPSG:4326&spatialIndex=no&subsetIndex=no&watchFile=no
"6367",Nemophila parviflora,Nemophila,parviflora,,,,native,S5 (2019),,48.963408330000000,-123.519927800000005,,NA,NA,"24674144",obs_native,file:///D:/Simon/Sync/Root/GIS/Biodiversity%20Data/obs_native.csv?type=csv&maxFields=10000&detectTypes=yes&xField=longitude&yField=latitude&crs=EPSG:4326&spatialIndex=no&subsetIndex=no&watchFile=no
"6368",Nemophila parviflora,Nemophila,parviflora,,,,native,S5 (2019),,48.964338890000001,-123.517363900000007,,NA,NA,"24674172",obs_native,file:///D:/Simon/Sync/Root/GIS/Biodiversity%20Data/obs_native.csv?type=csv&maxFields=10000&detectTypes=yes&xField=longitude&yField=latitude&crs=EPSG:4326&spatialIndex=no&subsetIndex=no&watchFile=no
"6369",Nemophila parviflora,Nemophila,parviflora,,,,native,S5 (2019),,48.900902780000003,-123.405844400000007,,NA,NA,"24676928",obs_native,file:///D:/Simon/Sync/Root/GIS/Biodiversity%20Data/obs_native.csv?type=csv&maxFields=10000&detectTypes=yes&xField=longitude&yField=latitude&crs=EPSG:4326&spatialIndex=no&subsetIndex=no&watchFile=no
"6370",Nemophila parviflora,Nemophila,parviflora,,,,native,S5 (2019),,48.901530559999998,-123.406075000000001,,NA,NA,"24683921",obs_native,file:///D:/Simon/Sync/Root/GIS/Biodiversity%20Data/obs_native.csv?type=csv&maxFields=10000&detectTypes=yes&xField=longitude&yField=latitude&crs=EPSG:4326&spatialIndex=no&subsetIndex=no&watchFile=no
"6371",Nemophila parviflora,Nemophila,parviflora,,,,native,S5 (2019),,48.962155559999999,-123.518372200000002,,NA,NA,"24683984",obs_native,file:///D:/Simon/Sync/Root/GIS/Biodiversity%20Data/obs_native.csv?type=csv&maxFields=10000&detectTypes=yes&xField=longitude&yField=latitude&crs=EPSG:4326&spatialIndex=no&subsetIndex=no&watchFile=no
"6372",Nemophila parviflora,Nemophila,parviflora,,,,native,S5 (2019),,48.962397220000000,-123.517852800000000,,NA,NA,"24684027",obs_native,file:///D:/Simon/Sync/Root/GIS/Biodiversity%20Data/obs_native.csv?type=csv&maxFields=10000&detectTypes=yes&xField=longitude&yField=latitude&crs=EPSG:4326&spatialIndex=no&subsetIndex=no&watchFile=no
"6373",Nemophila parviflora,Nemophila,parviflora,,,,native,S5 (2019),,48.962441669999997,-123.517355600000002,,NA,NA,"24684064",obs_native,file:///D:/Simon/Sync/Root/GIS/Biodiversity%20Data/obs_native.csv?type=csv&maxFields=10000&detectTypes=yes&xField=longitude&yField=latitude&crs=EPSG:4326&spatialIndex=no&subsetIndex=no&watchFile=no
"6374",Nemophila parviflora,Nemophila,parviflora,,,,native,S5 (2019),,48.962486110000000,-123.517349999999993,,NA,NA,"24684071",obs_native,file:///D:/Simon/Sync/Root/GIS/Biodiversity%20Data/obs_native.csv?type=csv&maxFields=10000&detectTypes=yes&xField=longitude&yField=latitude&crs=EPSG:4326&spatialIndex=no&subsetIndex=no&watchFile=no
"6375",Nemophila parviflora,Nemophila,parviflora,,,,native,S5 (2019),,48.868102780000001,-123.376372200000006,,NA,NA,"24688035",obs_native,file:///D:/Simon/Sync/Root/GIS/Biodiversity%20Data/obs_native.csv?type=csv&maxFields=10000&detectTypes=yes&xField=longitude&yField=latitude&crs=EPSG:4326&spatialIndex=no&subsetIndex=no&watchFile=no
"6376",Nemophila parviflora,Nemophila,parviflora,,,,native,S5 (2019),,48.963138890000003,-123.515938899999995,,NA,NA,"24690263",obs_native,file:///D:/Simon/Sync/Root/GIS/Biodiversity%20Data/obs_native.csv?type=csv&maxFields=10000&detectTypes=yes&xField=longitude&yField=latitude&crs=EPSG:4326&spatialIndex=no&subsetIndex=no&watchFile=no
"6377",Nemophila parviflora,Nemophila,parviflora,,,,native,S5 (2019),,48.964408329999998,-123.517158300000006,,NA,NA,"24694113",obs_native,file:///D:/Simon/Sync/Root/GIS/Biodiversity%20Data/obs_native.csv?type=csv&maxFields=10000&detectTypes=yes&xField=longitude&yField=latitude&crs=EPSG:4326&spatialIndex=no&subsetIndex=no&watchFile=no
"6378",Nemophila parviflora,Nemophila,parviflora,,,,native,S5 (2019),,48.963480560000001,-123.519730600000003,,NA,NA,"24694130",obs_native,file:///D:/Simon/Sync/Root/GIS/Biodiversity%20Data/obs_native.csv?type=csv&maxFields=10000&detectTypes=yes&xField=longitude&yField=latitude&crs=EPSG:4326&spatialIndex=no&subsetIndex=no&watchFile=no
"6379",Nemophila parviflora,Nemophila,parviflora,,,,native,S5 (2019),,48.962803330000000,-123.519761700000004,,NA,NA,"24697782",obs_native,file:///D:/Simon/Sync/Root/GIS/Biodiversity%20Data/obs_native.csv?type=csv&maxFields=10000&detectTypes=yes&xField=longitude&yField=latitude&crs=EPSG:4326&spatialIndex=no&subsetIndex=no&watchFile=no
"6380",Nemophila parviflora,Nemophila,parviflora,,,,native,S5 (2019),,48.962411670000002,-123.517319999999998,,NA,NA,"24698523",obs_native,file:///D:/Simon/Sync/Root/GIS/Biodiversity%20Data/obs_native.csv?type=csv&maxFields=10000&detectTypes=yes&xField=longitude&yField=latitude&crs=EPSG:4326&spatialIndex=no&subsetIndex=no&watchFile=no
"6381",Nemophila parviflora,Nemophila,parviflora,,,,native,S5 (2019),,48.901089110000001,-123.406156199999998,,NA,NA,"24708685",obs_native,file:///D:/Simon/Sync/Root/GIS/Biodiversity%20Data/obs_native.csv?type=csv&maxFields=10000&detectTypes=yes&xField=longitude&yField=latitude&crs=EPSG:4326&spatialIndex=no&subsetIndex=no&watchFile=no
"6382",Nemophila parviflora,Nemophila,parviflora,,,,native,S5 (2019),,48.901819680000003,-123.405666299999993,,NA,NA,"24708875",obs_native,file:///D:/Simon/Sync/Root/GIS/Biodiversity%20Data/obs_native.csv?type=csv&maxFields=10000&detectTypes=yes&xField=longitude&yField=latitude&crs=EPSG:4326&spatialIndex=no&subsetIndex=no&watchFile=no
"6383",Nemophila parviflora,Nemophila,parviflora,,,,native,S5 (2019),,48.901795290000003,-123.405059899999998,,NA,NA,"24709060",obs_native,file:///D:/Simon/Sync/Root/GIS/Biodiversity%20Data/obs_native.csv?type=csv&maxFields=10000&detectTypes=yes&xField=longitude&yField=latitude&crs=EPSG:4326&spatialIndex=no&subsetIndex=no&watchFile=no
"6384",Nemophila parviflora,Nemophila,parviflora,,,,native,S5 (2019),,48.962330000000001,-123.517966700000002,,NA,NA,"24709579",obs_native,file:///D:/Simon/Sync/Root/GIS/Biodiversity%20Data/obs_native.csv?type=csv&maxFields=10000&detectTypes=yes&xField=longitude&yField=latitude&crs=EPSG:4326&spatialIndex=no&subsetIndex=no&watchFile=no
"6385",Nemophila parviflora,Nemophila,parviflora,,,,native,S5 (2019),,48.901092339999998,-123.406215700000004,,NA,NA,"24715029",obs_native,file:///D:/Simon/Sync/Root/GIS/Biodiversity%20Data/obs_native.csv?type=csv&maxFields=10000&detectTypes=yes&xField=longitude&yField=latitude&crs=EPSG:4326&spatialIndex=no&subsetIndex=no&watchFile=no
"6386",Nemophila parviflora,Nemophila,parviflora,,,,native,S5 (2019),,48.900651619999998,-123.405912599999994,,NA,NA,"24715289",obs_native,file:///D:/Simon/Sync/Root/GIS/Biodiversity%20Data/obs_native.csv?type=csv&maxFields=10000&detectTypes=yes&xField=longitude&yField=latitude&crs=EPSG:4326&spatialIndex=no&subsetIndex=no&watchFile=no
"6387",Nemophila parviflora,Nemophila,parviflora,,,,native,S5 (2019),,48.901133539999996,-123.405996500000001,,NA,NA,"24715299",obs_native,file:///D:/Simon/Sync/Root/GIS/Biodiversity%20Data/obs_native.csv?type=csv&maxFields=10000&detectTypes=yes&xField=longitude&yField=latitude&crs=EPSG:4326&spatialIndex=no&subsetIndex=no&watchFile=no
"6388",Nemophila parviflora,Nemophila,parviflora,,,,native,S5 (2019),,48.901261820000002,-123.406559000000001,,NA,NA,"24715462",obs_native,file:///D:/Simon/Sync/Root/GIS/Biodiversity%20Data/obs_native.csv?type=csv&maxFields=10000&detectTypes=yes&xField=longitude&yField=latitude&crs=EPSG:4326&spatialIndex=no&subsetIndex=no&watchFile=no
"6389",Nemophila parviflora,Nemophila,parviflora,,,,native,S5 (2019),,48.900986480000000,-123.406021899999999,,NA,NA,"24715511",obs_native,file:///D:/Simon/Sync/Root/GIS/Biodiversity%20Data/obs_native.csv?type=csv&maxFields=10000&detectTypes=yes&xField=longitude&yField=latitude&crs=EPSG:4326&spatialIndex=no&subsetIndex=no&watchFile=no
"6390",Nemophila parviflora,Nemophila,parviflora,,,,native,S5 (2019),,48.859535000000001,-123.353229999999996,,NA,NA,"24768169",obs_native,file:///D:/Simon/Sync/Root/GIS/Biodiversity%20Data/obs_native.csv?type=csv&maxFields=10000&detectTypes=yes&xField=longitude&yField=latitude&crs=EPSG:4326&spatialIndex=no&subsetIndex=no&watchFile=no
"6391",Nemophila parviflora,Nemophila,parviflora,,,,native,S5 (2019),,48.962329269999998,-123.517556200000001,,NA,NA,"24919842",obs_native,file:///D:/Simon/Sync/Root/GIS/Biodiversity%20Data/obs_native.csv?type=csv&maxFields=10000&detectTypes=yes&xField=longitude&yField=latitude&crs=EPSG:4326&spatialIndex=no&subsetIndex=no&watchFile=no
"6392",Nemophila parviflora,Nemophila,parviflora,,,,native,S5 (2019),,48.900928980000003,-123.405187600000005,,NA,NA,"24939801",obs_native,file:///D:/Simon/Sync/Root/GIS/Biodiversity%20Data/obs_native.csv?type=csv&maxFields=10000&detectTypes=yes&xField=longitude&yField=latitude&crs=EPSG:4326&spatialIndex=no&subsetIndex=no&watchFile=no
"6393",Nemophila parviflora,Nemophila,parviflora,,,,native,S5 (2019),,48.963216830000000,-123.518250499999994,,NA,NA,"24940562",obs_native,file:///D:/Simon/Sync/Root/GIS/Biodiversity%20Data/obs_native.csv?type=csv&maxFields=10000&detectTypes=yes&xField=longitude&yField=latitude&crs=EPSG:4326&spatialIndex=no&subsetIndex=no&watchFile=no
"6394",Nemophila parviflora,Nemophila,parviflora,,,,native,S5 (2019),,48.964459150000003,-123.517740799999999,,NA,NA,"24941863",obs_native,file:///D:/Simon/Sync/Root/GIS/Biodiversity%20Data/obs_native.csv?type=csv&maxFields=10000&detectTypes=yes&xField=longitude&yField=latitude&crs=EPSG:4326&spatialIndex=no&subsetIndex=no&watchFile=no
"6395",Nemophila parviflora,Nemophila,parviflora,,,,native,S5 (2019),,48.895870000000002,-123.345833299999995,,NA,NA,"25085357",obs_native,file:///D:/Simon/Sync/Root/GIS/Biodiversity%20Data/obs_native.csv?type=csv&maxFields=10000&detectTypes=yes&xField=longitude&yField=latitude&crs=EPSG:4326&spatialIndex=no&subsetIndex=no&watchFile=no
"6396",Nemophila parviflora,Nemophila,parviflora,,,,native,S5 (2019),,48.899339980000001,-123.403493699999999,,NA,NA,"25478197",obs_native,file:///D:/Simon/Sync/Root/GIS/Biodiversity%20Data/obs_native.csv?type=csv&maxFields=10000&detectTypes=yes&xField=longitude&yField=latitude&crs=EPSG:4326&spatialIndex=no&subsetIndex=no&watchFile=no
"6397",Nemophila parviflora,Nemophila,parviflora,,,,native,S5 (2019),,48.962143110000000,-123.518371099999996,,NA,NA,"25479119",obs_native,file:///D:/Simon/Sync/Root/GIS/Biodiversity%20Data/obs_native.csv?type=csv&maxFields=10000&detectTypes=yes&xField=longitude&yField=latitude&crs=EPSG:4326&spatialIndex=no&subsetIndex=no&watchFile=no
"6398",Nemophila parviflora,Nemophila,parviflora,,,,native,S5 (2019),,48.979604029999997,-123.557832899999994,,NA,NA,"25479177",obs_native,file:///D:/Simon/Sync/Root/GIS/Biodiversity%20Data/obs_native.csv?type=csv&maxFields=10000&detectTypes=yes&xField=longitude&yField=latitude&crs=EPSG:4326&spatialIndex=no&subsetIndex=no&watchFile=no
"6399",Nemophila parviflora,Nemophila,parviflora,,,,native,S5 (2019),,48.979138040000002,-123.556722199999996,,NA,NA,"25479869",obs_native,file:///D:/Simon/Sync/Root/GIS/Biodiversity%20Data/obs_native.csv?type=csv&maxFields=10000&detectTypes=yes&xField=longitude&yField=latitude&crs=EPSG:4326&spatialIndex=no&subsetIndex=no&watchFile=no
"6400",Nemophila parviflora,Nemophila,parviflora,,,,native,S5 (2019),,48.979097009999997,-123.557033799999999,,NA,NA,"25479898",obs_native,file:///D:/Simon/Sync/Root/GIS/Biodiversity%20Data/obs_native.csv?type=csv&maxFields=10000&detectTypes=yes&xField=longitude&yField=latitude&crs=EPSG:4326&spatialIndex=no&subsetIndex=no&watchFile=no
"6401",Nemophila parviflora,Nemophila,parviflora,,,,native,S5 (2019),,48.863471720000000,-123.328295499999996,,NA,NA,"25482962",obs_native,file:///D:/Simon/Sync/Root/GIS/Biodiversity%20Data/obs_native.csv?type=csv&maxFields=10000&detectTypes=yes&xField=longitude&yField=latitude&crs=EPSG:4326&spatialIndex=no&subsetIndex=no&watchFile=no
"6402",Nemophila parviflora,Nemophila,parviflora,,,,native,S5 (2019),,48.901252780000000,-123.406447200000002,,NA,NA,"25541288",obs_native,file:///D:/Simon/Sync/Root/GIS/Biodiversity%20Data/obs_native.csv?type=csv&maxFields=10000&detectTypes=yes&xField=longitude&yField=latitude&crs=EPSG:4326&spatialIndex=no&subsetIndex=no&watchFile=no
"6403",Nemophila parviflora,Nemophila,parviflora,,,,native,S5 (2019),,48.962411109999998,-123.517927799999995,,NA,NA,"25597358",obs_native,file:///D:/Simon/Sync/Root/GIS/Biodiversity%20Data/obs_native.csv?type=csv&maxFields=10000&detectTypes=yes&xField=longitude&yField=latitude&crs=EPSG:4326&spatialIndex=no&subsetIndex=no&watchFile=no
"6404",Nemophila parviflora,Nemophila,parviflora,,,,native,S5 (2019),,48.962086110000001,-123.518325000000004,,NA,NA,"25597360",obs_native,file:///D:/Simon/Sync/Root/GIS/Biodiversity%20Data/obs_native.csv?type=csv&maxFields=10000&detectTypes=yes&xField=longitude&yField=latitude&crs=EPSG:4326&spatialIndex=no&subsetIndex=no&watchFile=no
"6405",Nemophila parviflora,Nemophila,parviflora,,,,native,S5 (2019),,48.866622220000004,-123.331352800000005,,NA,NA,"25658114",obs_native,file:///D:/Simon/Sync/Root/GIS/Biodiversity%20Data/obs_native.csv?type=csv&maxFields=10000&detectTypes=yes&xField=longitude&yField=latitude&crs=EPSG:4326&spatialIndex=no&subsetIndex=no&watchFile=no
"6406",Nemophila parviflora,Nemophila,parviflora,,,,native,S5 (2019),,48.951015730000002,-123.516074000000003,,NA,NA,"26374161",obs_native,file:///D:/Simon/Sync/Root/GIS/Biodiversity%20Data/obs_native.csv?type=csv&maxFields=10000&detectTypes=yes&xField=longitude&yField=latitude&crs=EPSG:4326&spatialIndex=no&subsetIndex=no&watchFile=no
"6407",Nemophila parviflora,Nemophila,parviflora,,,,native,S5 (2019),,48.901221669999998,-123.405686700000004,,NA,NA,"32125296",obs_native,file:///D:/Simon/Sync/Root/GIS/Biodiversity%20Data/obs_native.csv?type=csv&maxFields=10000&detectTypes=yes&xField=longitude&yField=latitude&crs=EPSG:4326&spatialIndex=no&subsetIndex=no&watchFile=no
"6408",Nemophila parviflora,Nemophila,parviflora,,,,native,S5 (2019),,48.870960900000000,-123.348809000000003,,NA,NA,"42363888",obs_native,file:///D:/Simon/Sync/Root/GIS/Biodiversity%20Data/obs_native.csv?type=csv&maxFields=10000&detectTypes=yes&xField=longitude&yField=latitude&crs=EPSG:4326&spatialIndex=no&subsetIndex=no&watchFile=no
"6409",Nemophila parviflora,Nemophila,parviflora,,,,native,S5 (2019),,48.867263889999997,-123.376255599999993,,NA,NA,"42365199",obs_native,file:///D:/Simon/Sync/Root/GIS/Biodiversity%20Data/obs_native.csv?type=csv&maxFields=10000&detectTypes=yes&xField=longitude&yField=latitude&crs=EPSG:4326&spatialIndex=no&subsetIndex=no&watchFile=no
"6410",Nemophila parviflora,Nemophila,parviflora,,,,native,S5 (2019),,48.867379999999997,-123.376238299999997,,NA,NA,"42365207",obs_native,file:///D:/Simon/Sync/Root/GIS/Biodiversity%20Data/obs_native.csv?type=csv&maxFields=10000&detectTypes=yes&xField=longitude&yField=latitude&crs=EPSG:4326&spatialIndex=no&subsetIndex=no&watchFile=no
"6411",Nemophila parviflora,Nemophila,parviflora,,,,native,S5 (2019),,48.867371669999997,-123.376279999999994,,NA,NA,"42365211",obs_native,file:///D:/Simon/Sync/Root/GIS/Biodiversity%20Data/obs_native.csv?type=csv&maxFields=10000&detectTypes=yes&xField=longitude&yField=latitude&crs=EPSG:4326&spatialIndex=no&subsetIndex=no&watchFile=no
"6412",Nemophila parviflora,Nemophila,parviflora,,,,native,S5 (2019),,48.867488889999997,-123.376144400000001,,NA,NA,"42365230",obs_native,file:///D:/Simon/Sync/Root/GIS/Biodiversity%20Data/obs_native.csv?type=csv&maxFields=10000&detectTypes=yes&xField=longitude&yField=latitude&crs=EPSG:4326&spatialIndex=no&subsetIndex=no&watchFile=no
"6413",Nemophila parviflora,Nemophila,parviflora,,,,native,S5 (2019),,48.963704880000002,-123.550323500000005,,NA,NA,"42813468",obs_native,file:///D:/Simon/Sync/Root/GIS/Biodiversity%20Data/obs_native.csv?type=csv&maxFields=10000&detectTypes=yes&xField=longitude&yField=latitude&crs=EPSG:4326&spatialIndex=no&subsetIndex=no&watchFile=no
"6414",Nemophila parviflora,Nemophila,parviflora,,,,native,S5 (2019),,48.948996670000000,-123.502021700000000,,NA,NA,"46370368",obs_native,file:///D:/Simon/Sync/Root/GIS/Biodiversity%20Data/obs_native.csv?type=csv&maxFields=10000&detectTypes=yes&xField=longitude&yField=latitude&crs=EPSG:4326&spatialIndex=no&subsetIndex=no&watchFile=no
"6415",Nemophila parviflora,Nemophila,parviflora,,,,native,S5 (2019),,48.929916370000001,-123.467376700000003,,NA,NA,"52906387",obs_native,file:///D:/Simon/Sync/Root/GIS/Biodiversity%20Data/obs_native.csv?type=csv&maxFields=10000&detectTypes=yes&xField=longitude&yField=latitude&crs=EPSG:4326&spatialIndex=no&subsetIndex=no&watchFile=no
"6416",Nemophila parviflora,Nemophila,parviflora,,,,native,S5 (2019),,48.928393479999997,-123.469090499999993,,NA,NA,"54690310",obs_native,file:///D:/Simon/Sync/Root/GIS/Biodiversity%20Data/obs_native.csv?type=csv&maxFields=10000&detectTypes=yes&xField=longitude&yField=latitude&crs=EPSG:4326&spatialIndex=no&subsetIndex=no&watchFile=no
"6417",Nemophila parviflora,Nemophila,parviflora,,,,native,S5 (2019),,48.945228329999999,-123.499785000000003,,NA,NA,"70065828",obs_native,file:///D:/Simon/Sync/Root/GIS/Biodiversity%20Data/obs_native.csv?type=csv&maxFields=10000&detectTypes=yes&xField=longitude&yField=latitude&crs=EPSG:4326&spatialIndex=no&subsetIndex=no&watchFile=no
"6418",Nemophila parviflora,Nemophila,parviflora,,,,native,S5 (2019),,48.863721669999997,-123.376436699999999,,NA,NA,"79112154",obs_native,file:///D:/Simon/Sync/Root/GIS/Biodiversity%20Data/obs_native.csv?type=csv&maxFields=10000&detectTypes=yes&xField=longitude&yField=latitude&crs=EPSG:4326&spatialIndex=no&subsetIndex=no&watchFile=no
"6419",Nemophila parviflora,Nemophila,parviflora,,,,native,S5 (2019),,48.887288890000001,-123.361675000000005,,NA,NA,"83098010",obs_native,file:///D:/Simon/Sync/Root/GIS/Biodiversity%20Data/obs_native.csv?type=csv&maxFields=10000&detectTypes=yes&xField=longitude&yField=latitude&crs=EPSG:4326&spatialIndex=no&subsetIndex=no&watchFile=no
"6420",Nemophila parviflora,Nemophila,parviflora,,,,native,S5 (2019),,48.886200000000002,-123.357986699999998,,NA,NA,"83169221",obs_native,file:///D:/Simon/Sync/Root/GIS/Biodiversity%20Data/obs_native.csv?type=csv&maxFields=10000&detectTypes=yes&xField=longitude&yField=latitude&crs=EPSG:4326&spatialIndex=no&subsetIndex=no&watchFile=no
"6421",Nemophila parviflora,Nemophila,parviflora,,,,native,S5 (2019),,48.906320000000001,-123.361638299999996,,NA,NA,"111052879",obs_native,file:///D:/Simon/Sync/Root/GIS/Biodiversity%20Data/obs_native.csv?type=csv&maxFields=10000&detectTypes=yes&xField=longitude&yField=latitude&crs=EPSG:4326&spatialIndex=no&subsetIndex=no&watchFile=no
"6422",Nemophila parviflora,Nemophila,parviflora,,,,native,S5 (2019),,48.952595000000002,-123.533491699999999,,NA,NA,"111108432",obs_native,file:///D:/Simon/Sync/Root/GIS/Biodiversity%20Data/obs_native.csv?type=csv&maxFields=10000&detectTypes=yes&xField=longitude&yField=latitude&crs=EPSG:4326&spatialIndex=no&subsetIndex=no&watchFile=no
"6423",Nemophila parviflora,Nemophila,parviflora,,,,native,S5 (2019),,48.864894440000000,-123.353013899999993,,NA,NA,"115275728",obs_native,file:///D:/Simon/Sync/Root/GIS/Biodiversity%20Data/obs_native.csv?type=csv&maxFields=10000&detectTypes=yes&xField=longitude&yField=latitude&crs=EPSG:4326&spatialIndex=no&subsetIndex=no&watchFile=no
"6424",Nemophila parviflora,Nemophila,parviflora,,,,native,S5 (2019),,48.957397489999998,-123.528921900000000,,NA,NA,"116029605",obs_native,file:///D:/Simon/Sync/Root/GIS/Biodiversity%20Data/obs_native.csv?type=csv&maxFields=10000&detectTypes=yes&xField=longitude&yField=latitude&crs=EPSG:4326&spatialIndex=no&subsetIndex=no&watchFile=no
"6425",Nemophila parviflora,Nemophila,parviflora,,,,native,S5 (2019),,48.876688330000000,-123.371295000000003,,NA,NA,"118608424",obs_native,file:///D:/Simon/Sync/Root/GIS/Biodiversity%20Data/obs_native.csv?type=csv&maxFields=10000&detectTypes=yes&xField=longitude&yField=latitude&crs=EPSG:4326&spatialIndex=no&subsetIndex=no&watchFile=no
"6426",Nemophila parviflora,Nemophila,parviflora,,,,native,S5 (2019),,48.868811669999999,-123.312086699999995,,NA,NA,"121538468",obs_native,file:///D:/Simon/Sync/Root/GIS/Biodiversity%20Data/obs_native.csv?type=csv&maxFields=10000&detectTypes=yes&xField=longitude&yField=latitude&crs=EPSG:4326&spatialIndex=no&subsetIndex=no&watchFile=no
"6427",Nemophila parviflora,Nemophila,parviflora,,,,native,S5 (2019),,48.862843779999999,-123.351224599999995,,NA,NA,"122258261",obs_native,file:///D:/Simon/Sync/Root/GIS/Biodiversity%20Data/obs_native.csv?type=csv&maxFields=10000&detectTypes=yes&xField=longitude&yField=latitude&crs=EPSG:4326&spatialIndex=no&subsetIndex=no&watchFile=no
"6428",Nemophila parviflora,Nemophila,parviflora,,,,native,S5 (2019),,49.011735000000002,-123.574854999999999,,NA,NA,"123934544",obs_native,file:///D:/Simon/Sync/Root/GIS/Biodiversity%20Data/obs_native.csv?type=csv&maxFields=10000&detectTypes=yes&xField=longitude&yField=latitude&crs=EPSG:4326&spatialIndex=no&subsetIndex=no&watchFile=no
"6429",Nemophila pedunculata,Nemophila,pedunculata,,,,native,S4?,,48.867838999999996,-123.339488000000003,,NA,NA,"10887673",obs_native,file:///D:/Simon/Sync/Root/GIS/Biodiversity%20Data/obs_native.csv?type=csv&maxFields=10000&detectTypes=yes&xField=longitude&yField=latitude&crs=EPSG:4326&spatialIndex=no&subsetIndex=no&watchFile=no
"6430",Nemophila pedunculata,Nemophila,pedunculata,,,,native,S4?,,48.862749450000003,-123.373654500000001,,NA,NA,"20199472",obs_native,file:///D:/Simon/Sync/Root/GIS/Biodiversity%20Data/obs_native.csv?type=csv&maxFields=10000&detectTypes=yes&xField=longitude&yField=latitude&crs=EPSG:4326&spatialIndex=no&subsetIndex=no&watchFile=no
"6431",Nemophila pedunculata,Nemophila,pedunculata,,,,native,S4?,,48.866394999999997,-123.368795000000006,,NA,NA,"41788594",obs_native,file:///D:/Simon/Sync/Root/GIS/Biodiversity%20Data/obs_native.csv?type=csv&maxFields=10000&detectTypes=yes&xField=longitude&yField=latitude&crs=EPSG:4326&spatialIndex=no&subsetIndex=no&watchFile=no
"6432",Nemophila pedunculata,Nemophila,pedunculata,,,,native,S4?,,48.866363890000002,-123.368799999999993,,NA,NA,"41788595",obs_native,file:///D:/Simon/Sync/Root/GIS/Biodiversity%20Data/obs_native.csv?type=csv&maxFields=10000&detectTypes=yes&xField=longitude&yField=latitude&crs=EPSG:4326&spatialIndex=no&subsetIndex=no&watchFile=no
"6433",Nemophila pedunculata,Nemophila,pedunculata,,,,native,S4?,,48.865475000000004,-123.367994400000001,,NA,NA,"41788611",obs_native,file:///D:/Simon/Sync/Root/GIS/Biodiversity%20Data/obs_native.csv?type=csv&maxFields=10000&detectTypes=yes&xField=longitude&yField=latitude&crs=EPSG:4326&spatialIndex=no&subsetIndex=no&watchFile=no
"6434",Nemophila pedunculata,Nemophila,pedunculata,,,,native,S4?,,48.866124999999997,-123.368571700000004,,NA,NA,"41788654",obs_native,file:///D:/Simon/Sync/Root/GIS/Biodiversity%20Data/obs_native.csv?type=csv&maxFields=10000&detectTypes=yes&xField=longitude&yField=latitude&crs=EPSG:4326&spatialIndex=no&subsetIndex=no&watchFile=no
"6435",Nemophila pedunculata,Nemophila,pedunculata,,,,native,S4?,,48.864187410000000,-123.360083900000006,,NA,NA,"42637642",obs_native,file:///D:/Simon/Sync/Root/GIS/Biodiversity%20Data/obs_native.csv?type=csv&maxFields=10000&detectTypes=yes&xField=longitude&yField=latitude&crs=EPSG:4326&spatialIndex=no&subsetIndex=no&watchFile=no
"6436",Nemophila pedunculata,Nemophila,pedunculata,,,,native,S4?,,48.863589589999997,-123.363041600000003,,NA,NA,"111610060",obs_native,file:///D:/Simon/Sync/Root/GIS/Biodiversity%20Data/obs_native.csv?type=csv&maxFields=10000&detectTypes=yes&xField=longitude&yField=latitude&crs=EPSG:4326&spatialIndex=no&subsetIndex=no&watchFile=no
"6437",Neottia cordata,Neottia,cordata,,,,native,S5,,48.932001350000000,-123.482251199999993,,NA,NA,"6409668",obs_native,file:///D:/Simon/Sync/Root/GIS/Biodiversity%20Data/obs_native.csv?type=csv&maxFields=10000&detectTypes=yes&xField=longitude&yField=latitude&crs=EPSG:4326&spatialIndex=no&subsetIndex=no&watchFile=no
"6438",Neottia cordata,Neottia,cordata,,,,native,S5,,48.879686110000002,-123.335616700000003,,NA,NA,"11432155",obs_native,file:///D:/Simon/Sync/Root/GIS/Biodiversity%20Data/obs_native.csv?type=csv&maxFields=10000&detectTypes=yes&xField=longitude&yField=latitude&crs=EPSG:4326&spatialIndex=no&subsetIndex=no&watchFile=no
"6439",Neottia cordata,Neottia,cordata,,,,native,S5,,48.926970179999998,-123.465532899999999,,NA,NA,"16307954",obs_native,file:///D:/Simon/Sync/Root/GIS/Biodiversity%20Data/obs_native.csv?type=csv&maxFields=10000&detectTypes=yes&xField=longitude&yField=latitude&crs=EPSG:4326&spatialIndex=no&subsetIndex=no&watchFile=no
"6440",Neottia cordata,Neottia,cordata,,,,native,S5,,48.879449809999997,-123.331647700000005,,NA,NA,"77490653",obs_native,file:///D:/Simon/Sync/Root/GIS/Biodiversity%20Data/obs_native.csv?type=csv&maxFields=10000&detectTypes=yes&xField=longitude&yField=latitude&crs=EPSG:4326&spatialIndex=no&subsetIndex=no&watchFile=no
"6441",Neottia cordata,Neottia,cordata,,,,native,S5,,49.012180399999998,-123.574602100000007,,NA,NA,"123652140",obs_native,file:///D:/Simon/Sync/Root/GIS/Biodiversity%20Data/obs_native.csv?type=csv&maxFields=10000&detectTypes=yes&xField=longitude&yField=latitude&crs=EPSG:4326&spatialIndex=no&subsetIndex=no&watchFile=no
"6442",Nuphar polysepala,Nuphar,polysepala,,,,native,S5,,48.983659000000003,-123.556323000000006,,NA,NA,"3296086",obs_native,file:///D:/Simon/Sync/Root/GIS/Biodiversity%20Data/obs_native.csv?type=csv&maxFields=10000&detectTypes=yes&xField=longitude&yField=latitude&crs=EPSG:4326&spatialIndex=no&subsetIndex=no&watchFile=no
"6443",Nuphar polysepala,Nuphar,polysepala,,,,native,S5,,48.983659000000003,-123.556323000000006,,NA,NA,"3296452",obs_native,file:///D:/Simon/Sync/Root/GIS/Biodiversity%20Data/obs_native.csv?type=csv&maxFields=10000&detectTypes=yes&xField=longitude&yField=latitude&crs=EPSG:4326&spatialIndex=no&subsetIndex=no&watchFile=no
"6444",Nuphar polysepala,Nuphar,polysepala,,,,native,S5,,48.948452000000003,-123.502377999999993,,NA,NA,"3414551",obs_native,file:///D:/Simon/Sync/Root/GIS/Biodiversity%20Data/obs_native.csv?type=csv&maxFields=10000&detectTypes=yes&xField=longitude&yField=latitude&crs=EPSG:4326&spatialIndex=no&subsetIndex=no&watchFile=no
"6445",Nuphar polysepala,Nuphar,polysepala,,,,native,S5,,48.982664999999997,-123.555304000000007,,NA,NA,"5640933",obs_native,file:///D:/Simon/Sync/Root/GIS/Biodiversity%20Data/obs_native.csv?type=csv&maxFields=10000&detectTypes=yes&xField=longitude&yField=latitude&crs=EPSG:4326&spatialIndex=no&subsetIndex=no&watchFile=no
"6446",Nuphar polysepala,Nuphar,polysepala,,,,native,S5,,48.982489999999999,-123.554852999999994,,NA,NA,"6453196",obs_native,file:///D:/Simon/Sync/Root/GIS/Biodiversity%20Data/obs_native.csv?type=csv&maxFields=10000&detectTypes=yes&xField=longitude&yField=latitude&crs=EPSG:4326&spatialIndex=no&subsetIndex=no&watchFile=no
"6447",Nuphar polysepala,Nuphar,polysepala,,,,native,S5,,48.982066889999999,-123.555822300000003,,NA,NA,"13198304",obs_native,file:///D:/Simon/Sync/Root/GIS/Biodiversity%20Data/obs_native.csv?type=csv&maxFields=10000&detectTypes=yes&xField=longitude&yField=latitude&crs=EPSG:4326&spatialIndex=no&subsetIndex=no&watchFile=no
"6448",Nuphar polysepala,Nuphar,polysepala,,,,native,S5,,48.948460300000001,-123.501826800000003,,NA,NA,"13198900",obs_native,file:///D:/Simon/Sync/Root/GIS/Biodiversity%20Data/obs_native.csv?type=csv&maxFields=10000&detectTypes=yes&xField=longitude&yField=latitude&crs=EPSG:4326&spatialIndex=no&subsetIndex=no&watchFile=no
"6449",Nuphar polysepala,Nuphar,polysepala,,,,native,S5,,48.948574999999998,-123.502425000000002,,NA,NA,"13207483",obs_native,file:///D:/Simon/Sync/Root/GIS/Biodiversity%20Data/obs_native.csv?type=csv&maxFields=10000&detectTypes=yes&xField=longitude&yField=latitude&crs=EPSG:4326&spatialIndex=no&subsetIndex=no&watchFile=no
"6450",Nuphar polysepala,Nuphar,polysepala,,,,native,S5,,48.981681320000000,-123.557248000000001,,NA,NA,"25482749",obs_native,file:///D:/Simon/Sync/Root/GIS/Biodiversity%20Data/obs_native.csv?type=csv&maxFields=10000&detectTypes=yes&xField=longitude&yField=latitude&crs=EPSG:4326&spatialIndex=no&subsetIndex=no&watchFile=no
"6451",Nuphar polysepala,Nuphar,polysepala,,,,native,S5,,48.948711670000002,-123.502883299999993,,NA,NA,"46370392",obs_native,file:///D:/Simon/Sync/Root/GIS/Biodiversity%20Data/obs_native.csv?type=csv&maxFields=10000&detectTypes=yes&xField=longitude&yField=latitude&crs=EPSG:4326&spatialIndex=no&subsetIndex=no&watchFile=no
"6452",Nuphar polysepala,Nuphar,polysepala,,,,native,S5,,48.983435829999998,-123.555922100000004,,NA,NA,"89513153",obs_native,file:///D:/Simon/Sync/Root/GIS/Biodiversity%20Data/obs_native.csv?type=csv&maxFields=10000&detectTypes=yes&xField=longitude&yField=latitude&crs=EPSG:4326&spatialIndex=no&subsetIndex=no&watchFile=no
"6453",Nuphar polysepala,Nuphar,polysepala,,,,native,S5,,48.949067579999998,-123.503524200000001,,NA,NA,"97172676",obs_native,file:///D:/Simon/Sync/Root/GIS/Biodiversity%20Data/obs_native.csv?type=csv&maxFields=10000&detectTypes=yes&xField=longitude&yField=latitude&crs=EPSG:4326&spatialIndex=no&subsetIndex=no&watchFile=no
"6454",Nuphar polysepala,Nuphar,polysepala,,,,native,S5,,48.876017959999999,-123.371617200000003,,NA,NA,"118608391",obs_native,file:///D:/Simon/Sync/Root/GIS/Biodiversity%20Data/obs_native.csv?type=csv&maxFields=10000&detectTypes=yes&xField=longitude&yField=latitude&crs=EPSG:4326&spatialIndex=no&subsetIndex=no&watchFile=no
"6455",Nuphar polysepala,Nuphar,polysepala,,,,native,S5,,48.876109159999999,-123.371087399999993,,NA,NA,"118608397",obs_native,file:///D:/Simon/Sync/Root/GIS/Biodiversity%20Data/obs_native.csv?type=csv&maxFields=10000&detectTypes=yes&xField=longitude&yField=latitude&crs=EPSG:4326&spatialIndex=no&subsetIndex=no&watchFile=no
"6456",Nuphar polysepala,Nuphar,polysepala,,,,native,S5,,48.877461670000002,-123.367613300000002,,NA,NA,"129710745",obs_native,file:///D:/Simon/Sync/Root/GIS/Biodiversity%20Data/obs_native.csv?type=csv&maxFields=10000&detectTypes=yes&xField=longitude&yField=latitude&crs=EPSG:4326&spatialIndex=no&subsetIndex=no&watchFile=no
"6457",Nuphar polysepala,Nuphar,polysepala,,,,native,S5,,48.877019099999998,-123.367228299999994,,NA,NA,"129778431",obs_native,file:///D:/Simon/Sync/Root/GIS/Biodiversity%20Data/obs_native.csv?type=csv&maxFields=10000&detectTypes=yes&xField=longitude&yField=latitude&crs=EPSG:4326&spatialIndex=no&subsetIndex=no&watchFile=no
"6458",Nuphar polysepala,Nuphar,polysepala,,,,native,S5,,48.877117920000003,-123.366890499999997,,NA,NA,"129778438",obs_native,file:///D:/Simon/Sync/Root/GIS/Biodiversity%20Data/obs_native.csv?type=csv&maxFields=10000&detectTypes=yes&xField=longitude&yField=latitude&crs=EPSG:4326&spatialIndex=no&subsetIndex=no&watchFile=no
"6460",Oemleria cerasiformis,Oemleria,cerasiformis,,,,native,S5,,48.941631000000001,-123.501005000000006,,NA,NA,"2692194",obs_native,file:///D:/Simon/Sync/Root/GIS/Biodiversity%20Data/obs_native.csv?type=csv&maxFields=10000&detectTypes=yes&xField=longitude&yField=latitude&crs=EPSG:4326&spatialIndex=no&subsetIndex=no&watchFile=no
"6461",Oemleria cerasiformis,Oemleria,cerasiformis,,,,native,S5,,48.951748000000002,-123.519381999999993,,NA,NA,"3680964",obs_native,file:///D:/Simon/Sync/Root/GIS/Biodiversity%20Data/obs_native.csv?type=csv&maxFields=10000&detectTypes=yes&xField=longitude&yField=latitude&crs=EPSG:4326&spatialIndex=no&subsetIndex=no&watchFile=no
"6462",Oemleria cerasiformis,Oemleria,cerasiformis,,,,native,S5,,48.941561999999998,-123.501187999999999,,NA,NA,"5122851",obs_native,file:///D:/Simon/Sync/Root/GIS/Biodiversity%20Data/obs_native.csv?type=csv&maxFields=10000&detectTypes=yes&xField=longitude&yField=latitude&crs=EPSG:4326&spatialIndex=no&subsetIndex=no&watchFile=no
"6463",Oemleria cerasiformis,Oemleria,cerasiformis,,,,native,S5,,48.952182000000001,-123.519610999999998,,NA,NA,"10306038",obs_native,file:///D:/Simon/Sync/Root/GIS/Biodiversity%20Data/obs_native.csv?type=csv&maxFields=10000&detectTypes=yes&xField=longitude&yField=latitude&crs=EPSG:4326&spatialIndex=no&subsetIndex=no&watchFile=no
"6464",Oemleria cerasiformis,Oemleria,cerasiformis,,,,native,S5,,48.999333190000002,-123.586143100000001,,NA,NA,"17905698",obs_native,file:///D:/Simon/Sync/Root/GIS/Biodiversity%20Data/obs_native.csv?type=csv&maxFields=10000&detectTypes=yes&xField=longitude&yField=latitude&crs=EPSG:4326&spatialIndex=no&subsetIndex=no&watchFile=no
"6465",Oemleria cerasiformis,Oemleria,cerasiformis,,,,native,S5,,48.941486670000003,-123.500825000000006,,NA,NA,"17905941",obs_native,file:///D:/Simon/Sync/Root/GIS/Biodiversity%20Data/obs_native.csv?type=csv&maxFields=10000&detectTypes=yes&xField=longitude&yField=latitude&crs=EPSG:4326&spatialIndex=no&subsetIndex=no&watchFile=no
"6466",Oemleria cerasiformis,Oemleria,cerasiformis,,,,native,S5,,48.941727239999999,-123.501092200000002,,NA,NA,"20738993",obs_native,file:///D:/Simon/Sync/Root/GIS/Biodiversity%20Data/obs_native.csv?type=csv&maxFields=10000&detectTypes=yes&xField=longitude&yField=latitude&crs=EPSG:4326&spatialIndex=no&subsetIndex=no&watchFile=no
"6467",Oemleria cerasiformis,Oemleria,cerasiformis,,,,native,S5,,48.884695000000001,-123.372969999999995,,NA,NA,"21589647",obs_native,file:///D:/Simon/Sync/Root/GIS/Biodiversity%20Data/obs_native.csv?type=csv&maxFields=10000&detectTypes=yes&xField=longitude&yField=latitude&crs=EPSG:4326&spatialIndex=no&subsetIndex=no&watchFile=no
"6468",Oemleria cerasiformis,Oemleria,cerasiformis,,,,native,S5,,48.930241549999998,-123.467002199999996,,NA,NA,"53210774",obs_native,file:///D:/Simon/Sync/Root/GIS/Biodiversity%20Data/obs_native.csv?type=csv&maxFields=10000&detectTypes=yes&xField=longitude&yField=latitude&crs=EPSG:4326&spatialIndex=no&subsetIndex=no&watchFile=no
"6469",Oemleria cerasiformis,Oemleria,cerasiformis,,,,native,S5,,48.941778589999998,-123.501104499999997,,NA,NA,"70635950",obs_native,file:///D:/Simon/Sync/Root/GIS/Biodiversity%20Data/obs_native.csv?type=csv&maxFields=10000&detectTypes=yes&xField=longitude&yField=latitude&crs=EPSG:4326&spatialIndex=no&subsetIndex=no&watchFile=no
"6470",Oemleria cerasiformis,Oemleria,cerasiformis,,,,native,S5,,48.941783330000000,-123.500884999999997,,NA,NA,"72321470",obs_native,file:///D:/Simon/Sync/Root/GIS/Biodiversity%20Data/obs_native.csv?type=csv&maxFields=10000&detectTypes=yes&xField=longitude&yField=latitude&crs=EPSG:4326&spatialIndex=no&subsetIndex=no&watchFile=no
"6471",Oemleria cerasiformis,Oemleria,cerasiformis,,,,native,S5,,48.949538330000003,-123.488503300000005,,NA,NA,"109547739",obs_native,file:///D:/Simon/Sync/Root/GIS/Biodiversity%20Data/obs_native.csv?type=csv&maxFields=10000&detectTypes=yes&xField=longitude&yField=latitude&crs=EPSG:4326&spatialIndex=no&subsetIndex=no&watchFile=no
"6472",Oemleria cerasiformis,Oemleria,cerasiformis,,,,native,S5,,48.897897000000000,-123.401163999999994,,NA,NA,"109866901",obs_native,file:///D:/Simon/Sync/Root/GIS/Biodiversity%20Data/obs_native.csv?type=csv&maxFields=10000&detectTypes=yes&xField=longitude&yField=latitude&crs=EPSG:4326&spatialIndex=no&subsetIndex=no&watchFile=no
"6473",Oemleria cerasiformis,Oemleria,cerasiformis,,,,native,S5,,48.952030819999997,-123.518760700000001,,NA,NA,"127456276",obs_native,file:///D:/Simon/Sync/Root/GIS/Biodiversity%20Data/obs_native.csv?type=csv&maxFields=10000&detectTypes=yes&xField=longitude&yField=latitude&crs=EPSG:4326&spatialIndex=no&subsetIndex=no&watchFile=no
"6474",Oemleria cerasiformis,Oemleria,cerasiformis,,,,native,S5,,48.990324999999999,-123.573288300000002,,NA,NA,"136290297",obs_native,file:///D:/Simon/Sync/Root/GIS/Biodiversity%20Data/obs_native.csv?type=csv&maxFields=10000&detectTypes=yes&xField=longitude&yField=latitude&crs=EPSG:4326&spatialIndex=no&subsetIndex=no&watchFile=no
"6475",Oenanthe sarmentosa,Oenanthe,sarmentosa,,,,native,S5,,48.933467000000000,-123.482037000000005,,NA,NA,"2561792",obs_native,file:///D:/Simon/Sync/Root/GIS/Biodiversity%20Data/obs_native.csv?type=csv&maxFields=10000&detectTypes=yes&xField=longitude&yField=latitude&crs=EPSG:4326&spatialIndex=no&subsetIndex=no&watchFile=no
"6476",Oenanthe sarmentosa,Oenanthe,sarmentosa,,,,native,S5,,48.933242000000000,-123.481263999999996,,NA,NA,"2566272",obs_native,file:///D:/Simon/Sync/Root/GIS/Biodiversity%20Data/obs_native.csv?type=csv&maxFields=10000&detectTypes=yes&xField=longitude&yField=latitude&crs=EPSG:4326&spatialIndex=no&subsetIndex=no&watchFile=no
"6477",Oenanthe sarmentosa,Oenanthe,sarmentosa,,,,native,S5,,48.934341000000003,-123.484010999999995,,NA,NA,"2589117",obs_native,file:///D:/Simon/Sync/Root/GIS/Biodiversity%20Data/obs_native.csv?type=csv&maxFields=10000&detectTypes=yes&xField=longitude&yField=latitude&crs=EPSG:4326&spatialIndex=no&subsetIndex=no&watchFile=no
"6478",Oenanthe sarmentosa,Oenanthe,sarmentosa,,,,native,S5,,48.929830000000003,-123.471050000000005,,NA,NA,"2589234",obs_native,file:///D:/Simon/Sync/Root/GIS/Biodiversity%20Data/obs_native.csv?type=csv&maxFields=10000&detectTypes=yes&xField=longitude&yField=latitude&crs=EPSG:4326&spatialIndex=no&subsetIndex=no&watchFile=no
"6479",Oenanthe sarmentosa,Oenanthe,sarmentosa,,,,native,S5,,48.930844999999998,-123.478088000000000,,NA,NA,"2625791",obs_native,file:///D:/Simon/Sync/Root/GIS/Biodiversity%20Data/obs_native.csv?type=csv&maxFields=10000&detectTypes=yes&xField=longitude&yField=latitude&crs=EPSG:4326&spatialIndex=no&subsetIndex=no&watchFile=no
"6480",Oenanthe sarmentosa,Oenanthe,sarmentosa,,,,native,S5,,48.895691999999997,-123.360220999999996,,NA,NA,"2763340",obs_native,file:///D:/Simon/Sync/Root/GIS/Biodiversity%20Data/obs_native.csv?type=csv&maxFields=10000&detectTypes=yes&xField=longitude&yField=latitude&crs=EPSG:4326&spatialIndex=no&subsetIndex=no&watchFile=no
"6481",Oenanthe sarmentosa,Oenanthe,sarmentosa,,,,native,S5,,48.899771999999999,-123.405732999999998,,NA,NA,"2763358",obs_native,file:///D:/Simon/Sync/Root/GIS/Biodiversity%20Data/obs_native.csv?type=csv&maxFields=10000&detectTypes=yes&xField=longitude&yField=latitude&crs=EPSG:4326&spatialIndex=no&subsetIndex=no&watchFile=no
"6482",Oenanthe sarmentosa,Oenanthe,sarmentosa,,,,native,S5,,48.932492000000003,-123.483323999999996,,NA,NA,"3319966",obs_native,file:///D:/Simon/Sync/Root/GIS/Biodiversity%20Data/obs_native.csv?type=csv&maxFields=10000&detectTypes=yes&xField=longitude&yField=latitude&crs=EPSG:4326&spatialIndex=no&subsetIndex=no&watchFile=no
"6483",Oenanthe sarmentosa,Oenanthe,sarmentosa,,,,native,S5,,48.874442000000002,-123.317477999999994,,NA,NA,"3404678",obs_native,file:///D:/Simon/Sync/Root/GIS/Biodiversity%20Data/obs_native.csv?type=csv&maxFields=10000&detectTypes=yes&xField=longitude&yField=latitude&crs=EPSG:4326&spatialIndex=no&subsetIndex=no&watchFile=no
"6484",Oenanthe sarmentosa,Oenanthe,sarmentosa,,,,native,S5,,48.948452000000003,-123.502377999999993,,NA,NA,"3414655",obs_native,file:///D:/Simon/Sync/Root/GIS/Biodiversity%20Data/obs_native.csv?type=csv&maxFields=10000&detectTypes=yes&xField=longitude&yField=latitude&crs=EPSG:4326&spatialIndex=no&subsetIndex=no&watchFile=no
"6485",Oenanthe sarmentosa,Oenanthe,sarmentosa,,,,native,S5,,48.899858999999999,-123.406570000000002,,NA,NA,"3656966",obs_native,file:///D:/Simon/Sync/Root/GIS/Biodiversity%20Data/obs_native.csv?type=csv&maxFields=10000&detectTypes=yes&xField=longitude&yField=latitude&crs=EPSG:4326&spatialIndex=no&subsetIndex=no&watchFile=no
"6486",Oenanthe sarmentosa,Oenanthe,sarmentosa,,,,native,S5,,48.993602000000003,-123.575801999999996,,NA,NA,"3881726",obs_native,file:///D:/Simon/Sync/Root/GIS/Biodiversity%20Data/obs_native.csv?type=csv&maxFields=10000&detectTypes=yes&xField=longitude&yField=latitude&crs=EPSG:4326&spatialIndex=no&subsetIndex=no&watchFile=no
"6487",Oenanthe sarmentosa,Oenanthe,sarmentosa,,,,native,S5,,48.992897999999997,-123.574943000000005,,NA,NA,"3881935",obs_native,file:///D:/Simon/Sync/Root/GIS/Biodiversity%20Data/obs_native.csv?type=csv&maxFields=10000&detectTypes=yes&xField=longitude&yField=latitude&crs=EPSG:4326&spatialIndex=no&subsetIndex=no&watchFile=no
"6488",Oenanthe sarmentosa,Oenanthe,sarmentosa,,,,native,S5,,48.992897999999997,-123.574943000000005,,NA,NA,"3882035",obs_native,file:///D:/Simon/Sync/Root/GIS/Biodiversity%20Data/obs_native.csv?type=csv&maxFields=10000&detectTypes=yes&xField=longitude&yField=latitude&crs=EPSG:4326&spatialIndex=no&subsetIndex=no&watchFile=no
"6489",Oenanthe sarmentosa,Oenanthe,sarmentosa,,,,native,S5,,48.992897999999997,-123.574943000000005,,NA,NA,"3882041",obs_native,file:///D:/Simon/Sync/Root/GIS/Biodiversity%20Data/obs_native.csv?type=csv&maxFields=10000&detectTypes=yes&xField=longitude&yField=latitude&crs=EPSG:4326&spatialIndex=no&subsetIndex=no&watchFile=no
"6490",Oenanthe sarmentosa,Oenanthe,sarmentosa,,,,native,S5,,48.948460300000001,-123.501826800000003,,NA,NA,"13198891",obs_native,file:///D:/Simon/Sync/Root/GIS/Biodiversity%20Data/obs_native.csv?type=csv&maxFields=10000&detectTypes=yes&xField=longitude&yField=latitude&crs=EPSG:4326&spatialIndex=no&subsetIndex=no&watchFile=no
"6491",Oenanthe sarmentosa,Oenanthe,sarmentosa,,,,native,S5,,48.895919669999998,-123.344496000000007,,NA,NA,"13974441",obs_native,file:///D:/Simon/Sync/Root/GIS/Biodiversity%20Data/obs_native.csv?type=csv&maxFields=10000&detectTypes=yes&xField=longitude&yField=latitude&crs=EPSG:4326&spatialIndex=no&subsetIndex=no&watchFile=no
"6492",Oenanthe sarmentosa,Oenanthe,sarmentosa,,,,native,S5,,48.994881419999999,-123.577289100000002,,NA,NA,"18050361",obs_native,file:///D:/Simon/Sync/Root/GIS/Biodiversity%20Data/obs_native.csv?type=csv&maxFields=10000&detectTypes=yes&xField=longitude&yField=latitude&crs=EPSG:4326&spatialIndex=no&subsetIndex=no&watchFile=no
"6493",Oenanthe sarmentosa,Oenanthe,sarmentosa,,,,native,S5,,49.002936669999997,-123.574373300000005,,NA,NA,"24259199",obs_native,file:///D:/Simon/Sync/Root/GIS/Biodiversity%20Data/obs_native.csv?type=csv&maxFields=10000&detectTypes=yes&xField=longitude&yField=latitude&crs=EPSG:4326&spatialIndex=no&subsetIndex=no&watchFile=no
"6494",Oenanthe sarmentosa,Oenanthe,sarmentosa,,,,native,S5,,49.002826519999999,-123.574567099999996,,NA,NA,"24497662",obs_native,file:///D:/Simon/Sync/Root/GIS/Biodiversity%20Data/obs_native.csv?type=csv&maxFields=10000&detectTypes=yes&xField=longitude&yField=latitude&crs=EPSG:4326&spatialIndex=no&subsetIndex=no&watchFile=no
"6495",Oenanthe sarmentosa,Oenanthe,sarmentosa,,,,native,S5,,48.899758329999997,-123.406441700000002,,NA,NA,"24683971",obs_native,file:///D:/Simon/Sync/Root/GIS/Biodiversity%20Data/obs_native.csv?type=csv&maxFields=10000&detectTypes=yes&xField=longitude&yField=latitude&crs=EPSG:4326&spatialIndex=no&subsetIndex=no&watchFile=no
"6496",Oenanthe sarmentosa,Oenanthe,sarmentosa,,,,native,S5,,48.900038230000000,-123.406571900000003,,NA,NA,"24919518",obs_native,file:///D:/Simon/Sync/Root/GIS/Biodiversity%20Data/obs_native.csv?type=csv&maxFields=10000&detectTypes=yes&xField=longitude&yField=latitude&crs=EPSG:4326&spatialIndex=no&subsetIndex=no&watchFile=no
"6497",Oenanthe sarmentosa,Oenanthe,sarmentosa,,,,native,S5,,48.899691769999997,-123.406426999999994,,NA,NA,"25199606",obs_native,file:///D:/Simon/Sync/Root/GIS/Biodiversity%20Data/obs_native.csv?type=csv&maxFields=10000&detectTypes=yes&xField=longitude&yField=latitude&crs=EPSG:4326&spatialIndex=no&subsetIndex=no&watchFile=no
"6498",Oenanthe sarmentosa,Oenanthe,sarmentosa,,,,native,S5,,48.899764560000001,-123.405681799999996,,NA,NA,"25478662",obs_native,file:///D:/Simon/Sync/Root/GIS/Biodiversity%20Data/obs_native.csv?type=csv&maxFields=10000&detectTypes=yes&xField=longitude&yField=latitude&crs=EPSG:4326&spatialIndex=no&subsetIndex=no&watchFile=no
"6499",Oenanthe sarmentosa,Oenanthe,sarmentosa,,,,native,S5,,48.899877549999999,-123.406404199999997,,NA,NA,"25478771",obs_native,file:///D:/Simon/Sync/Root/GIS/Biodiversity%20Data/obs_native.csv?type=csv&maxFields=10000&detectTypes=yes&xField=longitude&yField=latitude&crs=EPSG:4326&spatialIndex=no&subsetIndex=no&watchFile=no
"6500",Oenanthe sarmentosa,Oenanthe,sarmentosa,,,,native,S5,,48.979277390000000,-123.557563799999997,,NA,NA,"25480038",obs_native,file:///D:/Simon/Sync/Root/GIS/Biodiversity%20Data/obs_native.csv?type=csv&maxFields=10000&detectTypes=yes&xField=longitude&yField=latitude&crs=EPSG:4326&spatialIndex=no&subsetIndex=no&watchFile=no
"6501",Oenanthe sarmentosa,Oenanthe,sarmentosa,,,,native,S5,,48.979345909999999,-123.557479799999996,,NA,NA,"25480067",obs_native,file:///D:/Simon/Sync/Root/GIS/Biodiversity%20Data/obs_native.csv?type=csv&maxFields=10000&detectTypes=yes&xField=longitude&yField=latitude&crs=EPSG:4326&spatialIndex=no&subsetIndex=no&watchFile=no
"6502",Oenanthe sarmentosa,Oenanthe,sarmentosa,,,,native,S5,,48.979308820000000,-123.557654999999997,,NA,NA,"25480249",obs_native,file:///D:/Simon/Sync/Root/GIS/Biodiversity%20Data/obs_native.csv?type=csv&maxFields=10000&detectTypes=yes&xField=longitude&yField=latitude&crs=EPSG:4326&spatialIndex=no&subsetIndex=no&watchFile=no
"6503",Oenanthe sarmentosa,Oenanthe,sarmentosa,,,,native,S5,,48.899822219999997,-123.406416699999994,,NA,NA,"25540433",obs_native,file:///D:/Simon/Sync/Root/GIS/Biodiversity%20Data/obs_native.csv?type=csv&maxFields=10000&detectTypes=yes&xField=longitude&yField=latitude&crs=EPSG:4326&spatialIndex=no&subsetIndex=no&watchFile=no
"6504",Oenanthe sarmentosa,Oenanthe,sarmentosa,,,,native,S5,,48.899021670000003,-123.403988799999993,,NA,NA,"27756474",obs_native,file:///D:/Simon/Sync/Root/GIS/Biodiversity%20Data/obs_native.csv?type=csv&maxFields=10000&detectTypes=yes&xField=longitude&yField=latitude&crs=EPSG:4326&spatialIndex=no&subsetIndex=no&watchFile=no
"6505",Oenanthe sarmentosa,Oenanthe,sarmentosa,,,,native,S5,,49.000752100000000,-123.581633299999993,,NA,NA,"51828189",obs_native,file:///D:/Simon/Sync/Root/GIS/Biodiversity%20Data/obs_native.csv?type=csv&maxFields=10000&detectTypes=yes&xField=longitude&yField=latitude&crs=EPSG:4326&spatialIndex=no&subsetIndex=no&watchFile=no
"6506",Oenanthe sarmentosa,Oenanthe,sarmentosa,,,,native,S5,,48.884427490000000,-123.371256200000005,,NA,NA,"53020589",obs_native,file:///D:/Simon/Sync/Root/GIS/Biodiversity%20Data/obs_native.csv?type=csv&maxFields=10000&detectTypes=yes&xField=longitude&yField=latitude&crs=EPSG:4326&spatialIndex=no&subsetIndex=no&watchFile=no
"6507",Oenanthe sarmentosa,Oenanthe,sarmentosa,,,,native,S5,,48.982738519999998,-123.555355599999999,,NA,NA,"61504062",obs_native,file:///D:/Simon/Sync/Root/GIS/Biodiversity%20Data/obs_native.csv?type=csv&maxFields=10000&detectTypes=yes&xField=longitude&yField=latitude&crs=EPSG:4326&spatialIndex=no&subsetIndex=no&watchFile=no
"6508",Oenanthe sarmentosa,Oenanthe,sarmentosa,,,,native,S5,,48.929261670000002,-123.450096700000003,,NA,NA,"81656810",obs_native,file:///D:/Simon/Sync/Root/GIS/Biodiversity%20Data/obs_native.csv?type=csv&maxFields=10000&detectTypes=yes&xField=longitude&yField=latitude&crs=EPSG:4326&spatialIndex=no&subsetIndex=no&watchFile=no
"6509",Oenanthe sarmentosa,Oenanthe,sarmentosa,,,,native,S5,,48.984413330000002,-123.557001700000001,,NA,NA,"89513135",obs_native,file:///D:/Simon/Sync/Root/GIS/Biodiversity%20Data/obs_native.csv?type=csv&maxFields=10000&detectTypes=yes&xField=longitude&yField=latitude&crs=EPSG:4326&spatialIndex=no&subsetIndex=no&watchFile=no
"6510",Oenanthe sarmentosa,Oenanthe,sarmentosa,,,,native,S5,,48.979206830000003,-123.557561300000003,,NA,NA,"89513392",obs_native,file:///D:/Simon/Sync/Root/GIS/Biodiversity%20Data/obs_native.csv?type=csv&maxFields=10000&detectTypes=yes&xField=longitude&yField=latitude&crs=EPSG:4326&spatialIndex=no&subsetIndex=no&watchFile=no
"6511",Oenanthe sarmentosa,Oenanthe,sarmentosa,,,,native,S5,,48.884738919999997,-123.371912399999999,,NA,NA,"93550070",obs_native,file:///D:/Simon/Sync/Root/GIS/Biodiversity%20Data/obs_native.csv?type=csv&maxFields=10000&detectTypes=yes&xField=longitude&yField=latitude&crs=EPSG:4326&spatialIndex=no&subsetIndex=no&watchFile=no
"6512",Oenanthe sarmentosa,Oenanthe,sarmentosa,,,,native,S5,,48.929286670000003,-123.450103299999995,,NA,NA,"93816974",obs_native,file:///D:/Simon/Sync/Root/GIS/Biodiversity%20Data/obs_native.csv?type=csv&maxFields=10000&detectTypes=yes&xField=longitude&yField=latitude&crs=EPSG:4326&spatialIndex=no&subsetIndex=no&watchFile=no
"6513",Oenanthe sarmentosa,Oenanthe,sarmentosa,,,,native,S5,,48.874219439999997,-123.317130599999999,,NA,NA,"94301111",obs_native,file:///D:/Simon/Sync/Root/GIS/Biodiversity%20Data/obs_native.csv?type=csv&maxFields=10000&detectTypes=yes&xField=longitude&yField=latitude&crs=EPSG:4326&spatialIndex=no&subsetIndex=no&watchFile=no
"6514",Oenanthe sarmentosa,Oenanthe,sarmentosa,,,,native,S5,,48.977496670000001,-123.566038300000002,,NA,NA,"110845243",obs_native,file:///D:/Simon/Sync/Root/GIS/Biodiversity%20Data/obs_native.csv?type=csv&maxFields=10000&detectTypes=yes&xField=longitude&yField=latitude&crs=EPSG:4326&spatialIndex=no&subsetIndex=no&watchFile=no
"6515",Oenanthe sarmentosa,Oenanthe,sarmentosa,,,,native,S5,,48.880011670000002,-123.380994999999999,,NA,NA,"118718718",obs_native,file:///D:/Simon/Sync/Root/GIS/Biodiversity%20Data/obs_native.csv?type=csv&maxFields=10000&detectTypes=yes&xField=longitude&yField=latitude&crs=EPSG:4326&spatialIndex=no&subsetIndex=no&watchFile=no
"6516",Oenanthe sarmentosa,Oenanthe,sarmentosa,,,,native,S5,,48.930995930000002,-123.475865999999996,,NA,NA,"122335781",obs_native,file:///D:/Simon/Sync/Root/GIS/Biodiversity%20Data/obs_native.csv?type=csv&maxFields=10000&detectTypes=yes&xField=longitude&yField=latitude&crs=EPSG:4326&spatialIndex=no&subsetIndex=no&watchFile=no
"6517",Oenanthe sarmentosa,Oenanthe,sarmentosa,,,,native,S5,,48.876649999999998,-123.365818300000001,,NA,NA,"129778452",obs_native,file:///D:/Simon/Sync/Root/GIS/Biodiversity%20Data/obs_native.csv?type=csv&maxFields=10000&detectTypes=yes&xField=longitude&yField=latitude&crs=EPSG:4326&spatialIndex=no&subsetIndex=no&watchFile=no
"6519",Opuntia fragilis,Opuntia,fragilis,,,,native,S5,,48.866703999999999,-123.342276999999996,,NA,NA,"2583398",obs_native,file:///D:/Simon/Sync/Root/GIS/Biodiversity%20Data/obs_native.csv?type=csv&maxFields=10000&detectTypes=yes&xField=longitude&yField=latitude&crs=EPSG:4326&spatialIndex=no&subsetIndex=no&watchFile=no
"6520",Opuntia fragilis,Opuntia,fragilis,,,,native,S5,,48.903992000000002,-123.412588999999997,,NA,NA,"2670593",obs_native,file:///D:/Simon/Sync/Root/GIS/Biodiversity%20Data/obs_native.csv?type=csv&maxFields=10000&detectTypes=yes&xField=longitude&yField=latitude&crs=EPSG:4326&spatialIndex=no&subsetIndex=no&watchFile=no
"6521",Opuntia fragilis,Opuntia,fragilis,,,,native,S5,,48.866596670000000,-123.342658299999997,,NA,NA,"3942993",obs_native,file:///D:/Simon/Sync/Root/GIS/Biodiversity%20Data/obs_native.csv?type=csv&maxFields=10000&detectTypes=yes&xField=longitude&yField=latitude&crs=EPSG:4326&spatialIndex=no&subsetIndex=no&watchFile=no
"6522",Opuntia fragilis,Opuntia,fragilis,,,,native,S5,,48.904251320000000,-123.413500799999994,,NA,NA,"6047562",obs_native,file:///D:/Simon/Sync/Root/GIS/Biodiversity%20Data/obs_native.csv?type=csv&maxFields=10000&detectTypes=yes&xField=longitude&yField=latitude&crs=EPSG:4326&spatialIndex=no&subsetIndex=no&watchFile=no
"6523",Opuntia fragilis,Opuntia,fragilis,,,,native,S5,,48.866956060000000,-123.341274999999996,,NA,NA,"16310384",obs_native,file:///D:/Simon/Sync/Root/GIS/Biodiversity%20Data/obs_native.csv?type=csv&maxFields=10000&detectTypes=yes&xField=longitude&yField=latitude&crs=EPSG:4326&spatialIndex=no&subsetIndex=no&watchFile=no
"6524",Opuntia fragilis,Opuntia,fragilis,,,,native,S5,,48.866855000000001,-123.340458299999995,,NA,NA,"43252977",obs_native,file:///D:/Simon/Sync/Root/GIS/Biodiversity%20Data/obs_native.csv?type=csv&maxFields=10000&detectTypes=yes&xField=longitude&yField=latitude&crs=EPSG:4326&spatialIndex=no&subsetIndex=no&watchFile=no
"6525",Opuntia fragilis,Opuntia,fragilis,,,,native,S5,,48.866668830000002,-123.341832900000000,,NA,NA,"43253010",obs_native,file:///D:/Simon/Sync/Root/GIS/Biodiversity%20Data/obs_native.csv?type=csv&maxFields=10000&detectTypes=yes&xField=longitude&yField=latitude&crs=EPSG:4326&spatialIndex=no&subsetIndex=no&watchFile=no
"6530",Osmorhiza berteroi,Osmorhiza,berteroi,,,,native,S5,,48.916814000000002,-123.424100999999993,,NA,NA,"3093492",obs_native,file:///D:/Simon/Sync/Root/GIS/Biodiversity%20Data/obs_native.csv?type=csv&maxFields=10000&detectTypes=yes&xField=longitude&yField=latitude&crs=EPSG:4326&spatialIndex=no&subsetIndex=no&watchFile=no
"6531",Osmorhiza berteroi,Osmorhiza,berteroi,,,,native,S5,,48.896949999999997,-123.406677000000002,,NA,NA,"3311149",obs_native,file:///D:/Simon/Sync/Root/GIS/Biodiversity%20Data/obs_native.csv?type=csv&maxFields=10000&detectTypes=yes&xField=longitude&yField=latitude&crs=EPSG:4326&spatialIndex=no&subsetIndex=no&watchFile=no
"6532",Osmorhiza berteroi,Osmorhiza,berteroi,,,,native,S5,,48.932485999999997,-123.483839000000003,,NA,NA,"3318688",obs_native,file:///D:/Simon/Sync/Root/GIS/Biodiversity%20Data/obs_native.csv?type=csv&maxFields=10000&detectTypes=yes&xField=longitude&yField=latitude&crs=EPSG:4326&spatialIndex=no&subsetIndex=no&watchFile=no
"6533",Osmorhiza berteroi,Osmorhiza,berteroi,,,,native,S5,,48.871028330000001,-123.382696699999997,,NA,NA,"3318721",obs_native,file:///D:/Simon/Sync/Root/GIS/Biodiversity%20Data/obs_native.csv?type=csv&maxFields=10000&detectTypes=yes&xField=longitude&yField=latitude&crs=EPSG:4326&spatialIndex=no&subsetIndex=no&watchFile=no
"6534",Osmorhiza berteroi,Osmorhiza,berteroi,,,,native,S5,,48.915923999999997,-123.425291999999999,,NA,NA,"3340661",obs_native,file:///D:/Simon/Sync/Root/GIS/Biodiversity%20Data/obs_native.csv?type=csv&maxFields=10000&detectTypes=yes&xField=longitude&yField=latitude&crs=EPSG:4326&spatialIndex=no&subsetIndex=no&watchFile=no
"6535",Osmorhiza berteroi,Osmorhiza,berteroi,,,,native,S5,,48.871721000000001,-123.310760999999999,,NA,NA,"3404633",obs_native,file:///D:/Simon/Sync/Root/GIS/Biodiversity%20Data/obs_native.csv?type=csv&maxFields=10000&detectTypes=yes&xField=longitude&yField=latitude&crs=EPSG:4326&spatialIndex=no&subsetIndex=no&watchFile=no
"6536",Osmorhiza berteroi,Osmorhiza,berteroi,,,,native,S5,,48.951200000000000,-123.516368999999997,,NA,NA,"3555473",obs_native,file:///D:/Simon/Sync/Root/GIS/Biodiversity%20Data/obs_native.csv?type=csv&maxFields=10000&detectTypes=yes&xField=longitude&yField=latitude&crs=EPSG:4326&spatialIndex=no&subsetIndex=no&watchFile=no
"6537",Osmorhiza berteroi,Osmorhiza,berteroi,,,,native,S5,,48.906141290000001,-123.359899499999997,,NA,NA,"5646944",obs_native,file:///D:/Simon/Sync/Root/GIS/Biodiversity%20Data/obs_native.csv?type=csv&maxFields=10000&detectTypes=yes&xField=longitude&yField=latitude&crs=EPSG:4326&spatialIndex=no&subsetIndex=no&watchFile=no
"6538",Osmorhiza berteroi,Osmorhiza,berteroi,,,,native,S5,,48.906225919999997,-123.360671999999994,,NA,NA,"5885590",obs_native,file:///D:/Simon/Sync/Root/GIS/Biodiversity%20Data/obs_native.csv?type=csv&maxFields=10000&detectTypes=yes&xField=longitude&yField=latitude&crs=EPSG:4326&spatialIndex=no&subsetIndex=no&watchFile=no
"6539",Osmorhiza berteroi,Osmorhiza,berteroi,,,,native,S5,,48.906282330000003,-123.358955399999999,,NA,NA,"5885686",obs_native,file:///D:/Simon/Sync/Root/GIS/Biodiversity%20Data/obs_native.csv?type=csv&maxFields=10000&detectTypes=yes&xField=longitude&yField=latitude&crs=EPSG:4326&spatialIndex=no&subsetIndex=no&watchFile=no
"6540",Osmorhiza berteroi,Osmorhiza,berteroi,,,,native,S5,,48.901345700000000,-123.364856200000006,,NA,NA,"5953028",obs_native,file:///D:/Simon/Sync/Root/GIS/Biodiversity%20Data/obs_native.csv?type=csv&maxFields=10000&detectTypes=yes&xField=longitude&yField=latitude&crs=EPSG:4326&spatialIndex=no&subsetIndex=no&watchFile=no
"6541",Osmorhiza berteroi,Osmorhiza,berteroi,,,,native,S5,,49.011795350000000,-123.574218799999997,,NA,NA,"6309410",obs_native,file:///D:/Simon/Sync/Root/GIS/Biodiversity%20Data/obs_native.csv?type=csv&maxFields=10000&detectTypes=yes&xField=longitude&yField=latitude&crs=EPSG:4326&spatialIndex=no&subsetIndex=no&watchFile=no
"6542",Osmorhiza berteroi,Osmorhiza,berteroi,,,,native,S5,,48.946406109999998,-123.490190499999997,,NA,NA,"6411218",obs_native,file:///D:/Simon/Sync/Root/GIS/Biodiversity%20Data/obs_native.csv?type=csv&maxFields=10000&detectTypes=yes&xField=longitude&yField=latitude&crs=EPSG:4326&spatialIndex=no&subsetIndex=no&watchFile=no
"6543",Osmorhiza berteroi,Osmorhiza,berteroi,,,,native,S5,,48.946518849999997,-123.490533799999994,,NA,NA,"6411224",obs_native,file:///D:/Simon/Sync/Root/GIS/Biodiversity%20Data/obs_native.csv?type=csv&maxFields=10000&detectTypes=yes&xField=longitude&yField=latitude&crs=EPSG:4326&spatialIndex=no&subsetIndex=no&watchFile=no
"6544",Osmorhiza berteroi,Osmorhiza,berteroi,,,,native,S5,,48.900723999999997,-123.362584999999996,,NA,NA,"6413744",obs_native,file:///D:/Simon/Sync/Root/GIS/Biodiversity%20Data/obs_native.csv?type=csv&maxFields=10000&detectTypes=yes&xField=longitude&yField=latitude&crs=EPSG:4326&spatialIndex=no&subsetIndex=no&watchFile=no
"6545",Osmorhiza berteroi,Osmorhiza,berteroi,,,,native,S5,,48.869626779999997,-123.343935000000002,,NA,NA,"6434803",obs_native,file:///D:/Simon/Sync/Root/GIS/Biodiversity%20Data/obs_native.csv?type=csv&maxFields=10000&detectTypes=yes&xField=longitude&yField=latitude&crs=EPSG:4326&spatialIndex=no&subsetIndex=no&watchFile=no
"6546",Osmorhiza berteroi,Osmorhiza,berteroi,,,,native,S5,,48.997266930000002,-123.567644999999999,,NA,NA,"6570705",obs_native,file:///D:/Simon/Sync/Root/GIS/Biodiversity%20Data/obs_native.csv?type=csv&maxFields=10000&detectTypes=yes&xField=longitude&yField=latitude&crs=EPSG:4326&spatialIndex=no&subsetIndex=no&watchFile=no
"6547",Osmorhiza berteroi,Osmorhiza,berteroi,,,,native,S5,,48.868907000000000,-123.346333999999999,,NA,NA,"7958046",obs_native,file:///D:/Simon/Sync/Root/GIS/Biodiversity%20Data/obs_native.csv?type=csv&maxFields=10000&detectTypes=yes&xField=longitude&yField=latitude&crs=EPSG:4326&spatialIndex=no&subsetIndex=no&watchFile=no
"6548",Osmorhiza berteroi,Osmorhiza,berteroi,,,,native,S5,,48.869269000000003,-123.378422999999998,,NA,NA,"12287550",obs_native,file:///D:/Simon/Sync/Root/GIS/Biodiversity%20Data/obs_native.csv?type=csv&maxFields=10000&detectTypes=yes&xField=longitude&yField=latitude&crs=EPSG:4326&spatialIndex=no&subsetIndex=no&watchFile=no
"6549",Osmorhiza berteroi,Osmorhiza,berteroi,,,,native,S5,,48.875571000000001,-123.342444000000000,,NA,NA,"12631185",obs_native,file:///D:/Simon/Sync/Root/GIS/Biodiversity%20Data/obs_native.csv?type=csv&maxFields=10000&detectTypes=yes&xField=longitude&yField=latitude&crs=EPSG:4326&spatialIndex=no&subsetIndex=no&watchFile=no
"6550",Osmorhiza berteroi,Osmorhiza,berteroi,,,,native,S5,,48.874772999999998,-123.336338999999995,,NA,NA,"12763141",obs_native,file:///D:/Simon/Sync/Root/GIS/Biodiversity%20Data/obs_native.csv?type=csv&maxFields=10000&detectTypes=yes&xField=longitude&yField=latitude&crs=EPSG:4326&spatialIndex=no&subsetIndex=no&watchFile=no
"6551",Osmorhiza berteroi,Osmorhiza,berteroi,,,,native,S5,,48.867058000000000,-123.334428000000003,,NA,NA,"12817027",obs_native,file:///D:/Simon/Sync/Root/GIS/Biodiversity%20Data/obs_native.csv?type=csv&maxFields=10000&detectTypes=yes&xField=longitude&yField=latitude&crs=EPSG:4326&spatialIndex=no&subsetIndex=no&watchFile=no
"6552",Osmorhiza berteroi,Osmorhiza,berteroi,,,,native,S5,,48.866025999999998,-123.333974999999995,,NA,NA,"12817498",obs_native,file:///D:/Simon/Sync/Root/GIS/Biodiversity%20Data/obs_native.csv?type=csv&maxFields=10000&detectTypes=yes&xField=longitude&yField=latitude&crs=EPSG:4326&spatialIndex=no&subsetIndex=no&watchFile=no
"6553",Osmorhiza berteroi,Osmorhiza,berteroi,,,,native,S5,,48.963624000000003,-123.549929000000006,,NA,NA,"12840505",obs_native,file:///D:/Simon/Sync/Root/GIS/Biodiversity%20Data/obs_native.csv?type=csv&maxFields=10000&detectTypes=yes&xField=longitude&yField=latitude&crs=EPSG:4326&spatialIndex=no&subsetIndex=no&watchFile=no
"6554",Osmorhiza berteroi,Osmorhiza,berteroi,,,,native,S5,,48.912648330000003,-123.386388299999993,,NA,NA,"13973820",obs_native,file:///D:/Simon/Sync/Root/GIS/Biodiversity%20Data/obs_native.csv?type=csv&maxFields=10000&detectTypes=yes&xField=longitude&yField=latitude&crs=EPSG:4326&spatialIndex=no&subsetIndex=no&watchFile=no
"6555",Osmorhiza berteroi,Osmorhiza,berteroi,,,,native,S5,,48.866956060000000,-123.341274999999996,,NA,NA,"16310386",obs_native,file:///D:/Simon/Sync/Root/GIS/Biodiversity%20Data/obs_native.csv?type=csv&maxFields=10000&detectTypes=yes&xField=longitude&yField=latitude&crs=EPSG:4326&spatialIndex=no&subsetIndex=no&watchFile=no
"6556",Osmorhiza berteroi,Osmorhiza,berteroi,,,,native,S5,,49.007592539999997,-123.576028399999998,,NA,NA,"24497710",obs_native,file:///D:/Simon/Sync/Root/GIS/Biodiversity%20Data/obs_native.csv?type=csv&maxFields=10000&detectTypes=yes&xField=longitude&yField=latitude&crs=EPSG:4326&spatialIndex=no&subsetIndex=no&watchFile=no
"6557",Osmorhiza berteroi,Osmorhiza,berteroi,,,,native,S5,,48.900231310000002,-123.406944100000004,,NA,NA,"24531906",obs_native,file:///D:/Simon/Sync/Root/GIS/Biodiversity%20Data/obs_native.csv?type=csv&maxFields=10000&detectTypes=yes&xField=longitude&yField=latitude&crs=EPSG:4326&spatialIndex=no&subsetIndex=no&watchFile=no
"6558",Osmorhiza berteroi,Osmorhiza,berteroi,,,,native,S5,,48.899958329999997,-123.406791699999999,,NA,NA,"24672682",obs_native,file:///D:/Simon/Sync/Root/GIS/Biodiversity%20Data/obs_native.csv?type=csv&maxFields=10000&detectTypes=yes&xField=longitude&yField=latitude&crs=EPSG:4326&spatialIndex=no&subsetIndex=no&watchFile=no
"6559",Osmorhiza berteroi,Osmorhiza,berteroi,,,,native,S5,,48.900538890000000,-123.406891700000003,,NA,NA,"24676869",obs_native,file:///D:/Simon/Sync/Root/GIS/Biodiversity%20Data/obs_native.csv?type=csv&maxFields=10000&detectTypes=yes&xField=longitude&yField=latitude&crs=EPSG:4326&spatialIndex=no&subsetIndex=no&watchFile=no
"6560",Osmorhiza berteroi,Osmorhiza,berteroi,,,,native,S5,,48.901272220000003,-123.405677800000007,,NA,NA,"24676922",obs_native,file:///D:/Simon/Sync/Root/GIS/Biodiversity%20Data/obs_native.csv?type=csv&maxFields=10000&detectTypes=yes&xField=longitude&yField=latitude&crs=EPSG:4326&spatialIndex=no&subsetIndex=no&watchFile=no
"6561",Osmorhiza berteroi,Osmorhiza,berteroi,,,,native,S5,,48.897688889999998,-123.399574999999999,,NA,NA,"24677396",obs_native,file:///D:/Simon/Sync/Root/GIS/Biodiversity%20Data/obs_native.csv?type=csv&maxFields=10000&detectTypes=yes&xField=longitude&yField=latitude&crs=EPSG:4326&spatialIndex=no&subsetIndex=no&watchFile=no
"6562",Osmorhiza berteroi,Osmorhiza,berteroi,,,,native,S5,,48.897758330000002,-123.408127800000003,,NA,NA,"24677458",obs_native,file:///D:/Simon/Sync/Root/GIS/Biodiversity%20Data/obs_native.csv?type=csv&maxFields=10000&detectTypes=yes&xField=longitude&yField=latitude&crs=EPSG:4326&spatialIndex=no&subsetIndex=no&watchFile=no
"6563",Osmorhiza berteroi,Osmorhiza,berteroi,,,,native,S5,,48.897758330000002,-123.408127800000003,,NA,NA,"24677463",obs_native,file:///D:/Simon/Sync/Root/GIS/Biodiversity%20Data/obs_native.csv?type=csv&maxFields=10000&detectTypes=yes&xField=longitude&yField=latitude&crs=EPSG:4326&spatialIndex=no&subsetIndex=no&watchFile=no
"6564",Osmorhiza berteroi,Osmorhiza,berteroi,,,,native,S5,,48.898094440000001,-123.408372200000002,,NA,NA,"24677533",obs_native,file:///D:/Simon/Sync/Root/GIS/Biodiversity%20Data/obs_native.csv?type=csv&maxFields=10000&detectTypes=yes&xField=longitude&yField=latitude&crs=EPSG:4326&spatialIndex=no&subsetIndex=no&watchFile=no
"6565",Osmorhiza berteroi,Osmorhiza,berteroi,,,,native,S5,,48.957621670000002,-123.541671699999995,,NA,NA,"24699050",obs_native,file:///D:/Simon/Sync/Root/GIS/Biodiversity%20Data/obs_native.csv?type=csv&maxFields=10000&detectTypes=yes&xField=longitude&yField=latitude&crs=EPSG:4326&spatialIndex=no&subsetIndex=no&watchFile=no
"6566",Osmorhiza berteroi,Osmorhiza,berteroi,,,,native,S5,,48.871952780000001,-123.313002800000007,,NA,NA,"24701410",obs_native,file:///D:/Simon/Sync/Root/GIS/Biodiversity%20Data/obs_native.csv?type=csv&maxFields=10000&detectTypes=yes&xField=longitude&yField=latitude&crs=EPSG:4326&spatialIndex=no&subsetIndex=no&watchFile=no
"6567",Osmorhiza berteroi,Osmorhiza,berteroi,,,,native,S5,,48.900455270000002,-123.406826499999994,,NA,NA,"24708614",obs_native,file:///D:/Simon/Sync/Root/GIS/Biodiversity%20Data/obs_native.csv?type=csv&maxFields=10000&detectTypes=yes&xField=longitude&yField=latitude&crs=EPSG:4326&spatialIndex=no&subsetIndex=no&watchFile=no
"6568",Osmorhiza berteroi,Osmorhiza,berteroi,,,,native,S5,,48.872141669999998,-123.311920000000001,,NA,NA,"24710952",obs_native,file:///D:/Simon/Sync/Root/GIS/Biodiversity%20Data/obs_native.csv?type=csv&maxFields=10000&detectTypes=yes&xField=longitude&yField=latitude&crs=EPSG:4326&spatialIndex=no&subsetIndex=no&watchFile=no
"6569",Osmorhiza berteroi,Osmorhiza,berteroi,,,,native,S5,,48.900675090000000,-123.407132099999998,,NA,NA,"24714911",obs_native,file:///D:/Simon/Sync/Root/GIS/Biodiversity%20Data/obs_native.csv?type=csv&maxFields=10000&detectTypes=yes&xField=longitude&yField=latitude&crs=EPSG:4326&spatialIndex=no&subsetIndex=no&watchFile=no
"6570",Osmorhiza berteroi,Osmorhiza,berteroi,,,,native,S5,,48.900820520000003,-123.407175600000002,,NA,NA,"24715321",obs_native,file:///D:/Simon/Sync/Root/GIS/Biodiversity%20Data/obs_native.csv?type=csv&maxFields=10000&detectTypes=yes&xField=longitude&yField=latitude&crs=EPSG:4326&spatialIndex=no&subsetIndex=no&watchFile=no
"6571",Osmorhiza berteroi,Osmorhiza,berteroi,,,,native,S5,,48.859490000000001,-123.353211700000003,,NA,NA,"24768161",obs_native,file:///D:/Simon/Sync/Root/GIS/Biodiversity%20Data/obs_native.csv?type=csv&maxFields=10000&detectTypes=yes&xField=longitude&yField=latitude&crs=EPSG:4326&spatialIndex=no&subsetIndex=no&watchFile=no
"6572",Osmorhiza berteroi,Osmorhiza,berteroi,,,,native,S5,,48.871952780000001,-123.312905599999993,,NA,NA,"24806460",obs_native,file:///D:/Simon/Sync/Root/GIS/Biodiversity%20Data/obs_native.csv?type=csv&maxFields=10000&detectTypes=yes&xField=longitude&yField=latitude&crs=EPSG:4326&spatialIndex=no&subsetIndex=no&watchFile=no
"6573",Osmorhiza berteroi,Osmorhiza,berteroi,,,,native,S5,,48.872075000000002,-123.312722199999996,,NA,NA,"24824094",obs_native,file:///D:/Simon/Sync/Root/GIS/Biodiversity%20Data/obs_native.csv?type=csv&maxFields=10000&detectTypes=yes&xField=longitude&yField=latitude&crs=EPSG:4326&spatialIndex=no&subsetIndex=no&watchFile=no
"6574",Osmorhiza berteroi,Osmorhiza,berteroi,,,,native,S5,,48.872077779999998,-123.312936100000002,,NA,NA,"24824145",obs_native,file:///D:/Simon/Sync/Root/GIS/Biodiversity%20Data/obs_native.csv?type=csv&maxFields=10000&detectTypes=yes&xField=longitude&yField=latitude&crs=EPSG:4326&spatialIndex=no&subsetIndex=no&watchFile=no
"6575",Osmorhiza berteroi,Osmorhiza,berteroi,,,,native,S5,,48.871952780000001,-123.312408300000001,,NA,NA,"24824159",obs_native,file:///D:/Simon/Sync/Root/GIS/Biodiversity%20Data/obs_native.csv?type=csv&maxFields=10000&detectTypes=yes&xField=longitude&yField=latitude&crs=EPSG:4326&spatialIndex=no&subsetIndex=no&watchFile=no
"6576",Osmorhiza berteroi,Osmorhiza,berteroi,,,,native,S5,,48.871977780000002,-123.312636100000006,,NA,NA,"25048299",obs_native,file:///D:/Simon/Sync/Root/GIS/Biodiversity%20Data/obs_native.csv?type=csv&maxFields=10000&detectTypes=yes&xField=longitude&yField=latitude&crs=EPSG:4326&spatialIndex=no&subsetIndex=no&watchFile=no
"6577",Osmorhiza berteroi,Osmorhiza,berteroi,,,,native,S5,,48.899096780000001,-123.407495999999995,,NA,NA,"25200283",obs_native,file:///D:/Simon/Sync/Root/GIS/Biodiversity%20Data/obs_native.csv?type=csv&maxFields=10000&detectTypes=yes&xField=longitude&yField=latitude&crs=EPSG:4326&spatialIndex=no&subsetIndex=no&watchFile=no
"6578",Osmorhiza berteroi,Osmorhiza,berteroi,,,,native,S5,,48.900121720000001,-123.407071799999997,,NA,NA,"25477944",obs_native,file:///D:/Simon/Sync/Root/GIS/Biodiversity%20Data/obs_native.csv?type=csv&maxFields=10000&detectTypes=yes&xField=longitude&yField=latitude&crs=EPSG:4326&spatialIndex=no&subsetIndex=no&watchFile=no
"6579",Osmorhiza berteroi,Osmorhiza,berteroi,,,,native,S5,,48.900749310000002,-123.406843699999996,,NA,NA,"25477977",obs_native,file:///D:/Simon/Sync/Root/GIS/Biodiversity%20Data/obs_native.csv?type=csv&maxFields=10000&detectTypes=yes&xField=longitude&yField=latitude&crs=EPSG:4326&spatialIndex=no&subsetIndex=no&watchFile=no
"6580",Osmorhiza berteroi,Osmorhiza,berteroi,,,,native,S5,,48.900636110000001,-123.407280600000007,,NA,NA,"25540450",obs_native,file:///D:/Simon/Sync/Root/GIS/Biodiversity%20Data/obs_native.csv?type=csv&maxFields=10000&detectTypes=yes&xField=longitude&yField=latitude&crs=EPSG:4326&spatialIndex=no&subsetIndex=no&watchFile=no
"6581",Osmorhiza berteroi,Osmorhiza,berteroi,,,,native,S5,,48.899933330000003,-123.406661099999994,,NA,NA,"25559826",obs_native,file:///D:/Simon/Sync/Root/GIS/Biodiversity%20Data/obs_native.csv?type=csv&maxFields=10000&detectTypes=yes&xField=longitude&yField=latitude&crs=EPSG:4326&spatialIndex=no&subsetIndex=no&watchFile=no
"6582",Osmorhiza berteroi,Osmorhiza,berteroi,,,,native,S5,,48.866683330000001,-123.329308299999994,,NA,NA,"25658100",obs_native,file:///D:/Simon/Sync/Root/GIS/Biodiversity%20Data/obs_native.csv?type=csv&maxFields=10000&detectTypes=yes&xField=longitude&yField=latitude&crs=EPSG:4326&spatialIndex=no&subsetIndex=no&watchFile=no
"6583",Osmorhiza berteroi,Osmorhiza,berteroi,,,,native,S5,,48.894547220000000,-123.404738899999998,,NA,NA,"25658162",obs_native,file:///D:/Simon/Sync/Root/GIS/Biodiversity%20Data/obs_native.csv?type=csv&maxFields=10000&detectTypes=yes&xField=longitude&yField=latitude&crs=EPSG:4326&spatialIndex=no&subsetIndex=no&watchFile=no
"6584",Osmorhiza berteroi,Osmorhiza,berteroi,,,,native,S5,,48.950298330000003,-123.513660000000002,,NA,NA,"28440195",obs_native,file:///D:/Simon/Sync/Root/GIS/Biodiversity%20Data/obs_native.csv?type=csv&maxFields=10000&detectTypes=yes&xField=longitude&yField=latitude&crs=EPSG:4326&spatialIndex=no&subsetIndex=no&watchFile=no
"6585",Osmorhiza berteroi,Osmorhiza,berteroi,,,,native,S5,,48.868262440000002,-123.347821400000001,,NA,NA,"43555438",obs_native,file:///D:/Simon/Sync/Root/GIS/Biodiversity%20Data/obs_native.csv?type=csv&maxFields=10000&detectTypes=yes&xField=longitude&yField=latitude&crs=EPSG:4326&spatialIndex=no&subsetIndex=no&watchFile=no
"6586",Osmorhiza berteroi,Osmorhiza,berteroi,,,,native,S5,,48.898116670000000,-123.347870000000000,,NA,NA,"44371188",obs_native,file:///D:/Simon/Sync/Root/GIS/Biodiversity%20Data/obs_native.csv?type=csv&maxFields=10000&detectTypes=yes&xField=longitude&yField=latitude&crs=EPSG:4326&spatialIndex=no&subsetIndex=no&watchFile=no
"6587",Osmorhiza berteroi,Osmorhiza,berteroi,,,,native,S5,,48.927204639999999,-123.468396799999994,,NA,NA,"53333396",obs_native,file:///D:/Simon/Sync/Root/GIS/Biodiversity%20Data/obs_native.csv?type=csv&maxFields=10000&detectTypes=yes&xField=longitude&yField=latitude&crs=EPSG:4326&spatialIndex=no&subsetIndex=no&watchFile=no
"6588",Osmorhiza berteroi,Osmorhiza,berteroi,,,,native,S5,,48.927127300000002,-123.468418700000001,,NA,NA,"53379747",obs_native,file:///D:/Simon/Sync/Root/GIS/Biodiversity%20Data/obs_native.csv?type=csv&maxFields=10000&detectTypes=yes&xField=longitude&yField=latitude&crs=EPSG:4326&spatialIndex=no&subsetIndex=no&watchFile=no
"6589",Osmorhiza berteroi,Osmorhiza,berteroi,,,,native,S5,,48.932337439999998,-123.478994099999994,,NA,NA,"53388382",obs_native,file:///D:/Simon/Sync/Root/GIS/Biodiversity%20Data/obs_native.csv?type=csv&maxFields=10000&detectTypes=yes&xField=longitude&yField=latitude&crs=EPSG:4326&spatialIndex=no&subsetIndex=no&watchFile=no
"6590",Osmorhiza berteroi,Osmorhiza,berteroi,,,,native,S5,,48.928460190000003,-123.468982999999994,,NA,NA,"54675441",obs_native,file:///D:/Simon/Sync/Root/GIS/Biodiversity%20Data/obs_native.csv?type=csv&maxFields=10000&detectTypes=yes&xField=longitude&yField=latitude&crs=EPSG:4326&spatialIndex=no&subsetIndex=no&watchFile=no
"6591",Osmorhiza berteroi,Osmorhiza,berteroi,,,,native,S5,,48.879818430000000,-123.328584399999997,,NA,NA,"76675700",obs_native,file:///D:/Simon/Sync/Root/GIS/Biodiversity%20Data/obs_native.csv?type=csv&maxFields=10000&detectTypes=yes&xField=longitude&yField=latitude&crs=EPSG:4326&spatialIndex=no&subsetIndex=no&watchFile=no
"6592",Osmorhiza berteroi,Osmorhiza,berteroi,,,,native,S5,,48.875815000000003,-123.385653300000001,,NA,NA,"77854396",obs_native,file:///D:/Simon/Sync/Root/GIS/Biodiversity%20Data/obs_native.csv?type=csv&maxFields=10000&detectTypes=yes&xField=longitude&yField=latitude&crs=EPSG:4326&spatialIndex=no&subsetIndex=no&watchFile=no
"6593",Osmorhiza berteroi,Osmorhiza,berteroi,,,,native,S5,,48.929536669999997,-123.450591700000004,,NA,NA,"81765544",obs_native,file:///D:/Simon/Sync/Root/GIS/Biodiversity%20Data/obs_native.csv?type=csv&maxFields=10000&detectTypes=yes&xField=longitude&yField=latitude&crs=EPSG:4326&spatialIndex=no&subsetIndex=no&watchFile=no
"6594",Osmorhiza berteroi,Osmorhiza,berteroi,,,,native,S5,,48.865198010000000,-123.352695199999999,,NA,NA,"83596919",obs_native,file:///D:/Simon/Sync/Root/GIS/Biodiversity%20Data/obs_native.csv?type=csv&maxFields=10000&detectTypes=yes&xField=longitude&yField=latitude&crs=EPSG:4326&spatialIndex=no&subsetIndex=no&watchFile=no
"6595",Osmorhiza berteroi,Osmorhiza,berteroi,,,,native,S5,,48.867899430000001,-123.342420500000003,,NA,NA,"86633418",obs_native,file:///D:/Simon/Sync/Root/GIS/Biodiversity%20Data/obs_native.csv?type=csv&maxFields=10000&detectTypes=yes&xField=longitude&yField=latitude&crs=EPSG:4326&spatialIndex=no&subsetIndex=no&watchFile=no
"6596",Osmorhiza berteroi,Osmorhiza,berteroi,,,,native,S5,,49.010472219999997,-123.577446699999996,,NA,NA,"101388328",obs_native,file:///D:/Simon/Sync/Root/GIS/Biodiversity%20Data/obs_native.csv?type=csv&maxFields=10000&detectTypes=yes&xField=longitude&yField=latitude&crs=EPSG:4326&spatialIndex=no&subsetIndex=no&watchFile=no
"6597",Osmorhiza berteroi,Osmorhiza,berteroi,,,,native,S5,,49.011230550000001,-123.585350000000005,,NA,NA,"105352396",obs_native,file:///D:/Simon/Sync/Root/GIS/Biodiversity%20Data/obs_native.csv?type=csv&maxFields=10000&detectTypes=yes&xField=longitude&yField=latitude&crs=EPSG:4326&spatialIndex=no&subsetIndex=no&watchFile=no
"6598",Osmorhiza berteroi,Osmorhiza,berteroi,,,,native,S5,,48.872116669999997,-123.312745000000007,,NA,NA,"111120403",obs_native,file:///D:/Simon/Sync/Root/GIS/Biodiversity%20Data/obs_native.csv?type=csv&maxFields=10000&detectTypes=yes&xField=longitude&yField=latitude&crs=EPSG:4326&spatialIndex=no&subsetIndex=no&watchFile=no
"6599",Osmorhiza berteroi,Osmorhiza,berteroi,,,,native,S5,,48.868850000000002,-123.311880000000002,,NA,NA,"121538467",obs_native,file:///D:/Simon/Sync/Root/GIS/Biodiversity%20Data/obs_native.csv?type=csv&maxFields=10000&detectTypes=yes&xField=longitude&yField=latitude&crs=EPSG:4326&spatialIndex=no&subsetIndex=no&watchFile=no
"6600",Osmorhiza berteroi,Osmorhiza,berteroi,,,,native,S5,,49.011680679999998,-123.574486500000006,,NA,NA,"123934466",obs_native,file:///D:/Simon/Sync/Root/GIS/Biodiversity%20Data/obs_native.csv?type=csv&maxFields=10000&detectTypes=yes&xField=longitude&yField=latitude&crs=EPSG:4326&spatialIndex=no&subsetIndex=no&watchFile=no
"6601",Osmorhiza berteroi,Osmorhiza,berteroi,,,,native,S5,,48.952663330000000,-123.533378299999995,,NA,NA,"130173605",obs_native,file:///D:/Simon/Sync/Root/GIS/Biodiversity%20Data/obs_native.csv?type=csv&maxFields=10000&detectTypes=yes&xField=longitude&yField=latitude&crs=EPSG:4326&spatialIndex=no&subsetIndex=no&watchFile=no
"6604",Panicum capillare,Panicum,capillare,,,,native,S5,,48.872423329999997,-123.312365000000000,,NA,NA,"30789993",obs_native,file:///D:/Simon/Sync/Root/GIS/Biodiversity%20Data/obs_native.csv?type=csv&maxFields=10000&detectTypes=yes&xField=longitude&yField=latitude&crs=EPSG:4326&spatialIndex=no&subsetIndex=no&watchFile=no
"6605",Panicum capillare,Panicum,capillare,,,,native,S5,,48.971624249999998,-123.557543199999998,,NA,NA,"133242137",obs_native,file:///D:/Simon/Sync/Root/GIS/Biodiversity%20Data/obs_native.csv?type=csv&maxFields=10000&detectTypes=yes&xField=longitude&yField=latitude&crs=EPSG:4326&spatialIndex=no&subsetIndex=no&watchFile=no
"6606",Paxistima myrsinites,Paxistima,myrsinites,,,,native,S5,,48.931077999999999,-123.481386999999998,,NA,NA,"2561669",obs_native,file:///D:/Simon/Sync/Root/GIS/Biodiversity%20Data/obs_native.csv?type=csv&maxFields=10000&detectTypes=yes&xField=longitude&yField=latitude&crs=EPSG:4326&spatialIndex=no&subsetIndex=no&watchFile=no
"6607",Paxistima myrsinites,Paxistima,myrsinites,,,,native,S5,,48.923647000000003,-123.441472000000005,,NA,NA,"2565198",obs_native,file:///D:/Simon/Sync/Root/GIS/Biodiversity%20Data/obs_native.csv?type=csv&maxFields=10000&detectTypes=yes&xField=longitude&yField=latitude&crs=EPSG:4326&spatialIndex=no&subsetIndex=no&watchFile=no
"6608",Paxistima myrsinites,Paxistima,myrsinites,,,,native,S5,,48.929125999999997,-123.472723999999999,,NA,NA,"3069587",obs_native,file:///D:/Simon/Sync/Root/GIS/Biodiversity%20Data/obs_native.csv?type=csv&maxFields=10000&detectTypes=yes&xField=longitude&yField=latitude&crs=EPSG:4326&spatialIndex=no&subsetIndex=no&watchFile=no
"6609",Paxistima myrsinites,Paxistima,myrsinites,,,,native,S5,,48.952142000000002,-123.532667000000004,,NA,NA,"3463776",obs_native,file:///D:/Simon/Sync/Root/GIS/Biodiversity%20Data/obs_native.csv?type=csv&maxFields=10000&detectTypes=yes&xField=longitude&yField=latitude&crs=EPSG:4326&spatialIndex=no&subsetIndex=no&watchFile=no
"6610",Paxistima myrsinites,Paxistima,myrsinites,,,,native,S5,,48.896498999999999,-123.409938999999994,,NA,NA,"3498740",obs_native,file:///D:/Simon/Sync/Root/GIS/Biodiversity%20Data/obs_native.csv?type=csv&maxFields=10000&detectTypes=yes&xField=longitude&yField=latitude&crs=EPSG:4326&spatialIndex=no&subsetIndex=no&watchFile=no
"6611",Paxistima myrsinites,Paxistima,myrsinites,,,,native,S5,,48.939607000000002,-123.501418000000001,,NA,NA,"3636705",obs_native,file:///D:/Simon/Sync/Root/GIS/Biodiversity%20Data/obs_native.csv?type=csv&maxFields=10000&detectTypes=yes&xField=longitude&yField=latitude&crs=EPSG:4326&spatialIndex=no&subsetIndex=no&watchFile=no
"6612",Paxistima myrsinites,Paxistima,myrsinites,,,,native,S5,,48.963664000000001,-123.549627999999998,,NA,NA,"4030142",obs_native,file:///D:/Simon/Sync/Root/GIS/Biodiversity%20Data/obs_native.csv?type=csv&maxFields=10000&detectTypes=yes&xField=longitude&yField=latitude&crs=EPSG:4326&spatialIndex=no&subsetIndex=no&watchFile=no
"6613",Paxistima myrsinites,Paxistima,myrsinites,,,,native,S5,,48.862361000000000,-123.325081999999995,,NA,NA,"4816267",obs_native,file:///D:/Simon/Sync/Root/GIS/Biodiversity%20Data/obs_native.csv?type=csv&maxFields=10000&detectTypes=yes&xField=longitude&yField=latitude&crs=EPSG:4326&spatialIndex=no&subsetIndex=no&watchFile=no
"6614",Paxistima myrsinites,Paxistima,myrsinites,,,,native,S5,,48.895781999999997,-123.410467999999995,,NA,NA,"5393854",obs_native,file:///D:/Simon/Sync/Root/GIS/Biodiversity%20Data/obs_native.csv?type=csv&maxFields=10000&detectTypes=yes&xField=longitude&yField=latitude&crs=EPSG:4326&spatialIndex=no&subsetIndex=no&watchFile=no
"6615",Paxistima myrsinites,Paxistima,myrsinites,,,,native,S5,,48.868457999999997,-123.341667999999999,,NA,NA,"5450771",obs_native,file:///D:/Simon/Sync/Root/GIS/Biodiversity%20Data/obs_native.csv?type=csv&maxFields=10000&detectTypes=yes&xField=longitude&yField=latitude&crs=EPSG:4326&spatialIndex=no&subsetIndex=no&watchFile=no
"6616",Paxistima myrsinites,Paxistima,myrsinites,,,,native,S5,,48.906620830000001,-123.358011200000007,,NA,NA,"5646945",obs_native,file:///D:/Simon/Sync/Root/GIS/Biodiversity%20Data/obs_native.csv?type=csv&maxFields=10000&detectTypes=yes&xField=longitude&yField=latitude&crs=EPSG:4326&spatialIndex=no&subsetIndex=no&watchFile=no
"6617",Paxistima myrsinites,Paxistima,myrsinites,,,,native,S5,,48.940352949999998,-123.503301100000002,,NA,NA,"6299013",obs_native,file:///D:/Simon/Sync/Root/GIS/Biodiversity%20Data/obs_native.csv?type=csv&maxFields=10000&detectTypes=yes&xField=longitude&yField=latitude&crs=EPSG:4326&spatialIndex=no&subsetIndex=no&watchFile=no
"6618",Paxistima myrsinites,Paxistima,myrsinites,,,,native,S5,,48.900309419999999,-123.441189199999997,,NA,NA,"6329763",obs_native,file:///D:/Simon/Sync/Root/GIS/Biodiversity%20Data/obs_native.csv?type=csv&maxFields=10000&detectTypes=yes&xField=longitude&yField=latitude&crs=EPSG:4326&spatialIndex=no&subsetIndex=no&watchFile=no
"6619",Paxistima myrsinites,Paxistima,myrsinites,,,,native,S5,,48.899864999999998,-123.407364999999999,,NA,NA,"13973828",obs_native,file:///D:/Simon/Sync/Root/GIS/Biodiversity%20Data/obs_native.csv?type=csv&maxFields=10000&detectTypes=yes&xField=longitude&yField=latitude&crs=EPSG:4326&spatialIndex=no&subsetIndex=no&watchFile=no
"6620",Paxistima myrsinites,Paxistima,myrsinites,,,,native,S5,,48.897323329999999,-123.409270000000006,,NA,NA,"13974238",obs_native,file:///D:/Simon/Sync/Root/GIS/Biodiversity%20Data/obs_native.csv?type=csv&maxFields=10000&detectTypes=yes&xField=longitude&yField=latitude&crs=EPSG:4326&spatialIndex=no&subsetIndex=no&watchFile=no
"6621",Paxistima myrsinites,Paxistima,myrsinites,,,,native,S5,,48.923563889999997,-123.453102799999996,,NA,NA,"16152479",obs_native,file:///D:/Simon/Sync/Root/GIS/Biodiversity%20Data/obs_native.csv?type=csv&maxFields=10000&detectTypes=yes&xField=longitude&yField=latitude&crs=EPSG:4326&spatialIndex=no&subsetIndex=no&watchFile=no
"6622",Paxistima myrsinites,Paxistima,myrsinites,,,,native,S5,,48.928502909999999,-123.471774400000001,,NA,NA,"21860319",obs_native,file:///D:/Simon/Sync/Root/GIS/Biodiversity%20Data/obs_native.csv?type=csv&maxFields=10000&detectTypes=yes&xField=longitude&yField=latitude&crs=EPSG:4326&spatialIndex=no&subsetIndex=no&watchFile=no
"6623",Paxistima myrsinites,Paxistima,myrsinites,,,,native,S5,,48.901395000000001,-123.406769999999995,,NA,NA,"24639816",obs_native,file:///D:/Simon/Sync/Root/GIS/Biodiversity%20Data/obs_native.csv?type=csv&maxFields=10000&detectTypes=yes&xField=longitude&yField=latitude&crs=EPSG:4326&spatialIndex=no&subsetIndex=no&watchFile=no
"6624",Paxistima myrsinites,Paxistima,myrsinites,,,,native,S5,,48.901077780000001,-123.406127799999993,,NA,NA,"24676918",obs_native,file:///D:/Simon/Sync/Root/GIS/Biodiversity%20Data/obs_native.csv?type=csv&maxFields=10000&detectTypes=yes&xField=longitude&yField=latitude&crs=EPSG:4326&spatialIndex=no&subsetIndex=no&watchFile=no
"6625",Paxistima myrsinites,Paxistima,myrsinites,,,,native,S5,,48.901161580000000,-123.406404100000003,,NA,NA,"24689812",obs_native,file:///D:/Simon/Sync/Root/GIS/Biodiversity%20Data/obs_native.csv?type=csv&maxFields=10000&detectTypes=yes&xField=longitude&yField=latitude&crs=EPSG:4326&spatialIndex=no&subsetIndex=no&watchFile=no
"6626",Paxistima myrsinites,Paxistima,myrsinites,,,,native,S5,,48.901208560000001,-123.406200900000002,,NA,NA,"24715006",obs_native,file:///D:/Simon/Sync/Root/GIS/Biodiversity%20Data/obs_native.csv?type=csv&maxFields=10000&detectTypes=yes&xField=longitude&yField=latitude&crs=EPSG:4326&spatialIndex=no&subsetIndex=no&watchFile=no
"6627",Paxistima myrsinites,Paxistima,myrsinites,,,,native,S5,,48.901238480000004,-123.405549699999995,,NA,NA,"24715080",obs_native,file:///D:/Simon/Sync/Root/GIS/Biodiversity%20Data/obs_native.csv?type=csv&maxFields=10000&detectTypes=yes&xField=longitude&yField=latitude&crs=EPSG:4326&spatialIndex=no&subsetIndex=no&watchFile=no
"6628",Paxistima myrsinites,Paxistima,myrsinites,,,,native,S5,,48.895724999999999,-123.410351700000007,,NA,NA,"24873221",obs_native,file:///D:/Simon/Sync/Root/GIS/Biodiversity%20Data/obs_native.csv?type=csv&maxFields=10000&detectTypes=yes&xField=longitude&yField=latitude&crs=EPSG:4326&spatialIndex=no&subsetIndex=no&watchFile=no
"6629",Paxistima myrsinites,Paxistima,myrsinites,,,,native,S5,,48.900833329999998,-123.405786100000000,,NA,NA,"25559834",obs_native,file:///D:/Simon/Sync/Root/GIS/Biodiversity%20Data/obs_native.csv?type=csv&maxFields=10000&detectTypes=yes&xField=longitude&yField=latitude&crs=EPSG:4326&spatialIndex=no&subsetIndex=no&watchFile=no
"6630",Paxistima myrsinites,Paxistima,myrsinites,,,,native,S5,,48.964249100000004,-123.551589500000006,,NA,NA,"40826722",obs_native,file:///D:/Simon/Sync/Root/GIS/Biodiversity%20Data/obs_native.csv?type=csv&maxFields=10000&detectTypes=yes&xField=longitude&yField=latitude&crs=EPSG:4326&spatialIndex=no&subsetIndex=no&watchFile=no
"6631",Paxistima myrsinites,Paxistima,myrsinites,,,,native,S5,,48.939636669999999,-123.504075000000000,,NA,NA,"47625438",obs_native,file:///D:/Simon/Sync/Root/GIS/Biodiversity%20Data/obs_native.csv?type=csv&maxFields=10000&detectTypes=yes&xField=longitude&yField=latitude&crs=EPSG:4326&spatialIndex=no&subsetIndex=no&watchFile=no
"6632",Paxistima myrsinites,Paxistima,myrsinites,,,,native,S5,,48.876348380000003,-123.386245799999998,,NA,NA,"77854385",obs_native,file:///D:/Simon/Sync/Root/GIS/Biodiversity%20Data/obs_native.csv?type=csv&maxFields=10000&detectTypes=yes&xField=longitude&yField=latitude&crs=EPSG:4326&spatialIndex=no&subsetIndex=no&watchFile=no
"6633",Paxistima myrsinites,Paxistima,myrsinites,,,,native,S5,,48.868478330000002,-123.379234999999994,,NA,NA,"81147006",obs_native,file:///D:/Simon/Sync/Root/GIS/Biodiversity%20Data/obs_native.csv?type=csv&maxFields=10000&detectTypes=yes&xField=longitude&yField=latitude&crs=EPSG:4326&spatialIndex=no&subsetIndex=no&watchFile=no
"6634",Paxistima myrsinites,Paxistima,myrsinites,,,,native,S5,,48.943604469999997,-123.514758999999998,,NA,NA,"106825403",obs_native,file:///D:/Simon/Sync/Root/GIS/Biodiversity%20Data/obs_native.csv?type=csv&maxFields=10000&detectTypes=yes&xField=longitude&yField=latitude&crs=EPSG:4326&spatialIndex=no&subsetIndex=no&watchFile=no
"6635",Paxistima myrsinites,Paxistima,myrsinites,,,,native,S5,,48.863608759999998,-123.364125200000004,,NA,NA,"111610099",obs_native,file:///D:/Simon/Sync/Root/GIS/Biodiversity%20Data/obs_native.csv?type=csv&maxFields=10000&detectTypes=yes&xField=longitude&yField=latitude&crs=EPSG:4326&spatialIndex=no&subsetIndex=no&watchFile=no
"6636",Paxistima myrsinites,Paxistima,myrsinites,,,,native,S5,,48.894863330000000,-123.408828299999996,,NA,NA,"132886578",obs_native,file:///D:/Simon/Sync/Root/GIS/Biodiversity%20Data/obs_native.csv?type=csv&maxFields=10000&detectTypes=yes&xField=longitude&yField=latitude&crs=EPSG:4326&spatialIndex=no&subsetIndex=no&watchFile=no
"6637",Penstemon ovatus,Penstemon,ovatus,,,,native,S3S4 (2019),,48.937302289999998,-123.495939500000006,,NA,NA,"17699197",obs_native,file:///D:/Simon/Sync/Root/GIS/Biodiversity%20Data/obs_native.csv?type=csv&maxFields=10000&detectTypes=yes&xField=longitude&yField=latitude&crs=EPSG:4326&spatialIndex=no&subsetIndex=no&watchFile=no
"6638",Persicaria amphibia,Persicaria,amphibia,,,,native,S5,,48.884483330000002,-123.343911100000000,,NA,NA,"14186141",obs_native,file:///D:/Simon/Sync/Root/GIS/Biodiversity%20Data/obs_native.csv?type=csv&maxFields=10000&detectTypes=yes&xField=longitude&yField=latitude&crs=EPSG:4326&spatialIndex=no&subsetIndex=no&watchFile=no
"6656",Phacelia linearis,Phacelia,linearis,,,,native,S5,,48.868751690000003,-123.379125599999995,,NA,NA,"6217942",obs_native,file:///D:/Simon/Sync/Root/GIS/Biodiversity%20Data/obs_native.csv?type=csv&maxFields=10000&detectTypes=yes&xField=longitude&yField=latitude&crs=EPSG:4326&spatialIndex=no&subsetIndex=no&watchFile=no
"6657",Phacelia linearis,Phacelia,linearis,,,,native,S5,,48.868440999999997,-123.377881000000002,,NA,NA,"6571545",obs_native,file:///D:/Simon/Sync/Root/GIS/Biodiversity%20Data/obs_native.csv?type=csv&maxFields=10000&detectTypes=yes&xField=longitude&yField=latitude&crs=EPSG:4326&spatialIndex=no&subsetIndex=no&watchFile=no
"6658",Phacelia linearis,Phacelia,linearis,,,,native,S5,,48.868695000000002,-123.378095999999999,,NA,NA,"6571566",obs_native,file:///D:/Simon/Sync/Root/GIS/Biodiversity%20Data/obs_native.csv?type=csv&maxFields=10000&detectTypes=yes&xField=longitude&yField=latitude&crs=EPSG:4326&spatialIndex=no&subsetIndex=no&watchFile=no
"6659",Phacelia linearis,Phacelia,linearis,,,,native,S5,,48.868470000000002,-123.377013300000002,,NA,NA,"120921894",obs_native,file:///D:/Simon/Sync/Root/GIS/Biodiversity%20Data/obs_native.csv?type=csv&maxFields=10000&detectTypes=yes&xField=longitude&yField=latitude&crs=EPSG:4326&spatialIndex=no&subsetIndex=no&watchFile=no
"6677",Philadelphus lewisii,Philadelphus,lewisii,,,,native,S5,,48.929385189999998,-123.477198200000004,,NA,NA,"3684435",obs_native,file:///D:/Simon/Sync/Root/GIS/Biodiversity%20Data/obs_native.csv?type=csv&maxFields=10000&detectTypes=yes&xField=longitude&yField=latitude&crs=EPSG:4326&spatialIndex=no&subsetIndex=no&watchFile=no
"6678",Philadelphus lewisii,Philadelphus,lewisii,,,,native,S5,,48.957100939999997,-123.541861999999995,,NA,NA,"123934432",obs_native,file:///D:/Simon/Sync/Root/GIS/Biodiversity%20Data/obs_native.csv?type=csv&maxFields=10000&detectTypes=yes&xField=longitude&yField=latitude&crs=EPSG:4326&spatialIndex=no&subsetIndex=no&watchFile=no
"6681",Physocarpus capitatus,Physocarpus,capitatus,,,,native,S5,,48.929633000000003,-123.475513000000007,,NA,NA,"2563997",obs_native,file:///D:/Simon/Sync/Root/GIS/Biodiversity%20Data/obs_native.csv?type=csv&maxFields=10000&detectTypes=yes&xField=longitude&yField=latitude&crs=EPSG:4326&spatialIndex=no&subsetIndex=no&watchFile=no
"6682",Physocarpus capitatus,Physocarpus,capitatus,,,,native,S5,,48.929740000000002,-123.475857000000005,,NA,NA,"2567242",obs_native,file:///D:/Simon/Sync/Root/GIS/Biodiversity%20Data/obs_native.csv?type=csv&maxFields=10000&detectTypes=yes&xField=longitude&yField=latitude&crs=EPSG:4326&spatialIndex=no&subsetIndex=no&watchFile=no
"6683",Physocarpus capitatus,Physocarpus,capitatus,,,,native,S5,,48.929515000000002,-123.475684999999999,,NA,NA,"2567604",obs_native,file:///D:/Simon/Sync/Root/GIS/Biodiversity%20Data/obs_native.csv?type=csv&maxFields=10000&detectTypes=yes&xField=longitude&yField=latitude&crs=EPSG:4326&spatialIndex=no&subsetIndex=no&watchFile=no
"6684",Physocarpus capitatus,Physocarpus,capitatus,,,,native,S5,,48.929695000000002,-123.475470999999999,,NA,NA,"2568041",obs_native,file:///D:/Simon/Sync/Root/GIS/Biodiversity%20Data/obs_native.csv?type=csv&maxFields=10000&detectTypes=yes&xField=longitude&yField=latitude&crs=EPSG:4326&spatialIndex=no&subsetIndex=no&watchFile=no
"6685",Physocarpus capitatus,Physocarpus,capitatus,,,,native,S5,,48.929519999999997,-123.475341999999998,,NA,NA,"2585030",obs_native,file:///D:/Simon/Sync/Root/GIS/Biodiversity%20Data/obs_native.csv?type=csv&maxFields=10000&detectTypes=yes&xField=longitude&yField=latitude&crs=EPSG:4326&spatialIndex=no&subsetIndex=no&watchFile=no
"6686",Physocarpus capitatus,Physocarpus,capitatus,,,,native,S5,,48.929616000000003,-123.475341999999998,,NA,NA,"2590780",obs_native,file:///D:/Simon/Sync/Root/GIS/Biodiversity%20Data/obs_native.csv?type=csv&maxFields=10000&detectTypes=yes&xField=longitude&yField=latitude&crs=EPSG:4326&spatialIndex=no&subsetIndex=no&watchFile=no
"6687",Physocarpus capitatus,Physocarpus,capitatus,,,,native,S5,,48.929209999999998,-123.475427999999994,,NA,NA,"2621502",obs_native,file:///D:/Simon/Sync/Root/GIS/Biodiversity%20Data/obs_native.csv?type=csv&maxFields=10000&detectTypes=yes&xField=longitude&yField=latitude&crs=EPSG:4326&spatialIndex=no&subsetIndex=no&watchFile=no
"6688",Physocarpus capitatus,Physocarpus,capitatus,,,,native,S5,,48.929438330000004,-123.475494999999995,,NA,NA,"3563949",obs_native,file:///D:/Simon/Sync/Root/GIS/Biodiversity%20Data/obs_native.csv?type=csv&maxFields=10000&detectTypes=yes&xField=longitude&yField=latitude&crs=EPSG:4326&spatialIndex=no&subsetIndex=no&watchFile=no
"6689",Physocarpus capitatus,Physocarpus,capitatus,,,,native,S5,,48.872498020000002,-123.320202800000004,,NA,NA,"3649977",obs_native,file:///D:/Simon/Sync/Root/GIS/Biodiversity%20Data/obs_native.csv?type=csv&maxFields=10000&detectTypes=yes&xField=longitude&yField=latitude&crs=EPSG:4326&spatialIndex=no&subsetIndex=no&watchFile=no
"6690",Physocarpus capitatus,Physocarpus,capitatus,,,,native,S5,,48.980649479999997,-123.568479499999995,,NA,NA,"17905563",obs_native,file:///D:/Simon/Sync/Root/GIS/Biodiversity%20Data/obs_native.csv?type=csv&maxFields=10000&detectTypes=yes&xField=longitude&yField=latitude&crs=EPSG:4326&spatialIndex=no&subsetIndex=no&watchFile=no
"6691",Physocarpus capitatus,Physocarpus,capitatus,,,,native,S5,,48.897980560000001,-123.399222199999997,,NA,NA,"24677501",obs_native,file:///D:/Simon/Sync/Root/GIS/Biodiversity%20Data/obs_native.csv?type=csv&maxFields=10000&detectTypes=yes&xField=longitude&yField=latitude&crs=EPSG:4326&spatialIndex=no&subsetIndex=no&watchFile=no
"6692",Physocarpus capitatus,Physocarpus,capitatus,,,,native,S5,,48.871786110000002,-123.319927800000002,,NA,NA,"48489317",obs_native,file:///D:/Simon/Sync/Root/GIS/Biodiversity%20Data/obs_native.csv?type=csv&maxFields=10000&detectTypes=yes&xField=longitude&yField=latitude&crs=EPSG:4326&spatialIndex=no&subsetIndex=no&watchFile=no
"6693",Physocarpus capitatus,Physocarpus,capitatus,,,,native,S5,,48.872073329999999,-123.320075000000003,,NA,NA,"48489319",obs_native,file:///D:/Simon/Sync/Root/GIS/Biodiversity%20Data/obs_native.csv?type=csv&maxFields=10000&detectTypes=yes&xField=longitude&yField=latitude&crs=EPSG:4326&spatialIndex=no&subsetIndex=no&watchFile=no
"6694",Physocarpus capitatus,Physocarpus,capitatus,,,,native,S5,,48.929845720000003,-123.467330599999997,,NA,NA,"53214393",obs_native,file:///D:/Simon/Sync/Root/GIS/Biodiversity%20Data/obs_native.csv?type=csv&maxFields=10000&detectTypes=yes&xField=longitude&yField=latitude&crs=EPSG:4326&spatialIndex=no&subsetIndex=no&watchFile=no
"6695",Physocarpus capitatus,Physocarpus,capitatus,,,,native,S5,,48.929792460000002,-123.467103100000003,,NA,NA,"53259888",obs_native,file:///D:/Simon/Sync/Root/GIS/Biodiversity%20Data/obs_native.csv?type=csv&maxFields=10000&detectTypes=yes&xField=longitude&yField=latitude&crs=EPSG:4326&spatialIndex=no&subsetIndex=no&watchFile=no
"6696",Physocarpus capitatus,Physocarpus,capitatus,,,,native,S5,,48.929546809999998,-123.475772399999997,,NA,NA,"68349520",obs_native,file:///D:/Simon/Sync/Root/GIS/Biodiversity%20Data/obs_native.csv?type=csv&maxFields=10000&detectTypes=yes&xField=longitude&yField=latitude&crs=EPSG:4326&spatialIndex=no&subsetIndex=no&watchFile=no
"6697",Physocarpus capitatus,Physocarpus,capitatus,,,,native,S5,,48.892656000000002,-123.389144000000002,,NA,NA,"89033548",obs_native,file:///D:/Simon/Sync/Root/GIS/Biodiversity%20Data/obs_native.csv?type=csv&maxFields=10000&detectTypes=yes&xField=longitude&yField=latitude&crs=EPSG:4326&spatialIndex=no&subsetIndex=no&watchFile=no
"6698",Picea sitchensis,Picea,sitchensis,,,,native,S5 (2019),,48.971301670000003,-123.543491700000004,,NA,NA,"53064730",obs_native,file:///D:/Simon/Sync/Root/GIS/Biodiversity%20Data/obs_native.csv?type=csv&maxFields=10000&detectTypes=yes&xField=longitude&yField=latitude&crs=EPSG:4326&spatialIndex=no&subsetIndex=no&watchFile=no
"6701",Pinus monticola,Pinus,monticola,,,,native,S4,,48.983272999999997,-123.556451999999993,,NA,NA,"2615114",obs_native,file:///D:/Simon/Sync/Root/GIS/Biodiversity%20Data/obs_native.csv?type=csv&maxFields=10000&detectTypes=yes&xField=longitude&yField=latitude&crs=EPSG:4326&spatialIndex=no&subsetIndex=no&watchFile=no
"6702",Pinus monticola,Pinus,monticola,,,,native,S4,,48.983659000000003,-123.556323000000006,,NA,NA,"3296303",obs_native,file:///D:/Simon/Sync/Root/GIS/Biodiversity%20Data/obs_native.csv?type=csv&maxFields=10000&detectTypes=yes&xField=longitude&yField=latitude&crs=EPSG:4326&spatialIndex=no&subsetIndex=no&watchFile=no
"6703",Pinus monticola,Pinus,monticola,,,,native,S4,,48.983544440000003,-123.555794399999996,,NA,NA,"3889082",obs_native,file:///D:/Simon/Sync/Root/GIS/Biodiversity%20Data/obs_native.csv?type=csv&maxFields=10000&detectTypes=yes&xField=longitude&yField=latitude&crs=EPSG:4326&spatialIndex=no&subsetIndex=no&watchFile=no
"6704",Pinus monticola,Pinus,monticola,,,,native,S4,,48.983356669999999,-123.556218299999998,,NA,NA,"14247646",obs_native,file:///D:/Simon/Sync/Root/GIS/Biodiversity%20Data/obs_native.csv?type=csv&maxFields=10000&detectTypes=yes&xField=longitude&yField=latitude&crs=EPSG:4326&spatialIndex=no&subsetIndex=no&watchFile=no
"6705",Plantago elongata,Plantago,elongata,,,,native,S5,,48.864323329999998,-123.365920000000003,,NA,NA,"116636221",obs_native,file:///D:/Simon/Sync/Root/GIS/Biodiversity%20Data/obs_native.csv?type=csv&maxFields=10000&detectTypes=yes&xField=longitude&yField=latitude&crs=EPSG:4326&spatialIndex=no&subsetIndex=no&watchFile=no
"6772",Plantago maritima,Plantago,maritima,,,,native,S5,,49.012788999999998,-123.572556000000006,,NA,NA,"3543093",obs_native,file:///D:/Simon/Sync/Root/GIS/Biodiversity%20Data/obs_native.csv?type=csv&maxFields=10000&detectTypes=yes&xField=longitude&yField=latitude&crs=EPSG:4326&spatialIndex=no&subsetIndex=no&watchFile=no
"6773",Plantago maritima,Plantago,maritima,,,,native,S5,,48.897091000000003,-123.404617000000002,,NA,NA,"3652899",obs_native,file:///D:/Simon/Sync/Root/GIS/Biodiversity%20Data/obs_native.csv?type=csv&maxFields=10000&detectTypes=yes&xField=longitude&yField=latitude&crs=EPSG:4326&spatialIndex=no&subsetIndex=no&watchFile=no
"6774",Plantago maritima,Plantago,maritima,,,,native,S5,,49.012460060000002,-123.573402799999997,,NA,NA,"3751686",obs_native,file:///D:/Simon/Sync/Root/GIS/Biodiversity%20Data/obs_native.csv?type=csv&maxFields=10000&detectTypes=yes&xField=longitude&yField=latitude&crs=EPSG:4326&spatialIndex=no&subsetIndex=no&watchFile=no
"6775",Plantago maritima,Plantago,maritima,,,,native,S5,,49.012744439999999,-123.572752800000004,,NA,NA,"3889069",obs_native,file:///D:/Simon/Sync/Root/GIS/Biodiversity%20Data/obs_native.csv?type=csv&maxFields=10000&detectTypes=yes&xField=longitude&yField=latitude&crs=EPSG:4326&spatialIndex=no&subsetIndex=no&watchFile=no
"6776",Plantago maritima,Plantago,maritima,,,,native,S5,,49.013266469999998,-123.573352999999997,,NA,NA,"24711780",obs_native,file:///D:/Simon/Sync/Root/GIS/Biodiversity%20Data/obs_native.csv?type=csv&maxFields=10000&detectTypes=yes&xField=longitude&yField=latitude&crs=EPSG:4326&spatialIndex=no&subsetIndex=no&watchFile=no
"6777",Plantago maritima,Plantago,maritima,,,,native,S5,,48.898534640000001,-123.407582500000004,,NA,NA,"25477715",obs_native,file:///D:/Simon/Sync/Root/GIS/Biodiversity%20Data/obs_native.csv?type=csv&maxFields=10000&detectTypes=yes&xField=longitude&yField=latitude&crs=EPSG:4326&spatialIndex=no&subsetIndex=no&watchFile=no
"6778",Plantago maritima,Plantago,maritima,,,,native,S5,,48.897644999999997,-123.401878300000007,,NA,NA,"28068230",obs_native,file:///D:/Simon/Sync/Root/GIS/Biodiversity%20Data/obs_native.csv?type=csv&maxFields=10000&detectTypes=yes&xField=longitude&yField=latitude&crs=EPSG:4326&spatialIndex=no&subsetIndex=no&watchFile=no
"6779",Plantago maritima,Plantago,maritima,,,,native,S5,,48.898676670000000,-123.407281699999999,,NA,NA,"48092271",obs_native,file:///D:/Simon/Sync/Root/GIS/Biodiversity%20Data/obs_native.csv?type=csv&maxFields=10000&detectTypes=yes&xField=longitude&yField=latitude&crs=EPSG:4326&spatialIndex=no&subsetIndex=no&watchFile=no
"6780",Plantago maritima,Plantago,maritima,,,,native,S5,,49.013091639999999,-123.572275800000000,,NA,NA,"57099281",obs_native,file:///D:/Simon/Sync/Root/GIS/Biodiversity%20Data/obs_native.csv?type=csv&maxFields=10000&detectTypes=yes&xField=longitude&yField=latitude&crs=EPSG:4326&spatialIndex=no&subsetIndex=no&watchFile=no
"6781",Plantago maritima,Plantago,maritima,,,,native,S5,,48.900669999999998,-123.445703300000005,,NA,NA,"79739438",obs_native,file:///D:/Simon/Sync/Root/GIS/Biodiversity%20Data/obs_native.csv?type=csv&maxFields=10000&detectTypes=yes&xField=longitude&yField=latitude&crs=EPSG:4326&spatialIndex=no&subsetIndex=no&watchFile=no
"6782",Plantago maritima,Plantago,maritima,,,,native,S5,,48.900680000000001,-123.445695000000001,,NA,NA,"117627039",obs_native,file:///D:/Simon/Sync/Root/GIS/Biodiversity%20Data/obs_native.csv?type=csv&maxFields=10000&detectTypes=yes&xField=longitude&yField=latitude&crs=EPSG:4326&spatialIndex=no&subsetIndex=no&watchFile=no
"6783",Plantago maritima,Plantago,maritima,,,,native,S5,,49.012722220000001,-123.572777799999997,,NA,NA,"123796013",obs_native,file:///D:/Simon/Sync/Root/GIS/Biodiversity%20Data/obs_native.csv?type=csv&maxFields=10000&detectTypes=yes&xField=longitude&yField=latitude&crs=EPSG:4326&spatialIndex=no&subsetIndex=no&watchFile=no
"6784",Plantago maritima,Plantago,maritima,,,,native,S5,,49.012691670000002,-123.572749999999999,,NA,NA,"123934577",obs_native,file:///D:/Simon/Sync/Root/GIS/Biodiversity%20Data/obs_native.csv?type=csv&maxFields=10000&detectTypes=yes&xField=longitude&yField=latitude&crs=EPSG:4326&spatialIndex=no&subsetIndex=no&watchFile=no
"6785",Plantago maritima,Plantago,maritima,,,,native,S5,,49.013613370000002,-123.573017699999994,,NA,NA,"126742209",obs_native,file:///D:/Simon/Sync/Root/GIS/Biodiversity%20Data/obs_native.csv?type=csv&maxFields=10000&detectTypes=yes&xField=longitude&yField=latitude&crs=EPSG:4326&spatialIndex=no&subsetIndex=no&watchFile=no
"6786",Plantago maritima,Plantago,maritima,,,,native,S5,,48.881124999999997,-123.323816699999995,,NA,NA,"127184015",obs_native,file:///D:/Simon/Sync/Root/GIS/Biodiversity%20Data/obs_native.csv?type=csv&maxFields=10000&detectTypes=yes&xField=longitude&yField=latitude&crs=EPSG:4326&spatialIndex=no&subsetIndex=no&watchFile=no
"6787",Plantago maritima,Plantago,maritima,,,,native,S5,,48.881141669999998,-123.323841700000003,,NA,NA,"127184024",obs_native,file:///D:/Simon/Sync/Root/GIS/Biodiversity%20Data/obs_native.csv?type=csv&maxFields=10000&detectTypes=yes&xField=longitude&yField=latitude&crs=EPSG:4326&spatialIndex=no&subsetIndex=no&watchFile=no
"6788",Platanthera elegans,Platanthera,elegans,,,,native,S4,,49.013630890000002,-123.573415800000006,,NA,NA,"126694632",obs_native,file:///D:/Simon/Sync/Root/GIS/Biodiversity%20Data/obs_native.csv?type=csv&maxFields=10000&detectTypes=yes&xField=longitude&yField=latitude&crs=EPSG:4326&spatialIndex=no&subsetIndex=no&watchFile=no
"6789",Platanthera elongata,Platanthera,elongata,,,,native,S3S4,,48.929251999999998,-123.471693999999999,,NA,NA,"2563293",obs_native,file:///D:/Simon/Sync/Root/GIS/Biodiversity%20Data/obs_native.csv?type=csv&maxFields=10000&detectTypes=yes&xField=longitude&yField=latitude&crs=EPSG:4326&spatialIndex=no&subsetIndex=no&watchFile=no
"6790",Platanthera elongata,Platanthera,elongata,,,,native,S3S4,,48.939607000000002,-123.501418000000001,,NA,NA,"3637891",obs_native,file:///D:/Simon/Sync/Root/GIS/Biodiversity%20Data/obs_native.csv?type=csv&maxFields=10000&detectTypes=yes&xField=longitude&yField=latitude&crs=EPSG:4326&spatialIndex=no&subsetIndex=no&watchFile=no
"6791",Platanthera elongata,Platanthera,elongata,,,,native,S3S4,,48.897091000000003,-123.404617000000002,,NA,NA,"3652901",obs_native,file:///D:/Simon/Sync/Root/GIS/Biodiversity%20Data/obs_native.csv?type=csv&maxFields=10000&detectTypes=yes&xField=longitude&yField=latitude&crs=EPSG:4326&spatialIndex=no&subsetIndex=no&watchFile=no
"6792",Platanthera elongata,Platanthera,elongata,,,,native,S3S4,,48.871769999999998,-123.311988299999996,,NA,NA,"3654289",obs_native,file:///D:/Simon/Sync/Root/GIS/Biodiversity%20Data/obs_native.csv?type=csv&maxFields=10000&detectTypes=yes&xField=longitude&yField=latitude&crs=EPSG:4326&spatialIndex=no&subsetIndex=no&watchFile=no
"6793",Platanthera elongata,Platanthera,elongata,,,,native,S3S4,,48.939790260000002,-123.503538000000006,,NA,NA,"14300196",obs_native,file:///D:/Simon/Sync/Root/GIS/Biodiversity%20Data/obs_native.csv?type=csv&maxFields=10000&detectTypes=yes&xField=longitude&yField=latitude&crs=EPSG:4326&spatialIndex=no&subsetIndex=no&watchFile=no
"6794",Platanthera elongata,Platanthera,elongata,,,,native,S3S4,,48.894195000000003,-123.406753300000005,,NA,NA,"55308445",obs_native,file:///D:/Simon/Sync/Root/GIS/Biodiversity%20Data/obs_native.csv?type=csv&maxFields=10000&detectTypes=yes&xField=longitude&yField=latitude&crs=EPSG:4326&spatialIndex=no&subsetIndex=no&watchFile=no
"6795",Platanthera elongata,Platanthera,elongata,,,,native,S3S4,,48.875988329999998,-123.330155000000005,,NA,NA,"88213216",obs_native,file:///D:/Simon/Sync/Root/GIS/Biodiversity%20Data/obs_native.csv?type=csv&maxFields=10000&detectTypes=yes&xField=longitude&yField=latitude&crs=EPSG:4326&spatialIndex=no&subsetIndex=no&watchFile=no
"6796",Platanthera elongata,Platanthera,elongata,,,,native,S3S4,,48.896313329999998,-123.410071700000003,,NA,NA,"128014101",obs_native,file:///D:/Simon/Sync/Root/GIS/Biodiversity%20Data/obs_native.csv?type=csv&maxFields=10000&detectTypes=yes&xField=longitude&yField=latitude&crs=EPSG:4326&spatialIndex=no&subsetIndex=no&watchFile=no
"6797",Platanthera elongata,Platanthera,elongata,,,,native,S3S4,,48.871753820000002,-123.312254600000003,,NA,NA,"129970207",obs_native,file:///D:/Simon/Sync/Root/GIS/Biodiversity%20Data/obs_native.csv?type=csv&maxFields=10000&detectTypes=yes&xField=longitude&yField=latitude&crs=EPSG:4326&spatialIndex=no&subsetIndex=no&watchFile=no
"6798",Platanthera elongata,Platanthera,elongata,,,,native,S3S4,,48.871891669999997,-123.312905000000001,,NA,NA,"135833134",obs_native,file:///D:/Simon/Sync/Root/GIS/Biodiversity%20Data/obs_native.csv?type=csv&maxFields=10000&detectTypes=yes&xField=longitude&yField=latitude&crs=EPSG:4326&spatialIndex=no&subsetIndex=no&watchFile=no
"6799",Platanthera elongata,Platanthera,elongata,,,,native,S3S4,,48.871899999999997,-123.312813300000002,,NA,NA,"137487102",obs_native,file:///D:/Simon/Sync/Root/GIS/Biodiversity%20Data/obs_native.csv?type=csv&maxFields=10000&detectTypes=yes&xField=longitude&yField=latitude&crs=EPSG:4326&spatialIndex=no&subsetIndex=no&watchFile=no
"6800",Platanthera ephemerantha,Platanthera,ephemerantha,,,,native,S3 (2019),,48.974517720000001,-123.563928399999995,,NA,NA,"84513004",obs_native,file:///D:/Simon/Sync/Root/GIS/Biodiversity%20Data/obs_native.csv?type=csv&maxFields=10000&detectTypes=yes&xField=longitude&yField=latitude&crs=EPSG:4326&spatialIndex=no&subsetIndex=no&watchFile=no
"6801",Platanthera ephemerantha,Platanthera,ephemerantha,,,,native,S3 (2019),,48.974486669999997,-123.563896700000001,,NA,NA,"87508542",obs_native,file:///D:/Simon/Sync/Root/GIS/Biodiversity%20Data/obs_native.csv?type=csv&maxFields=10000&detectTypes=yes&xField=longitude&yField=latitude&crs=EPSG:4326&spatialIndex=no&subsetIndex=no&watchFile=no
"6802",Platanthera ephemerantha,Platanthera,ephemerantha,,,,native,S3 (2019),,48.897120430000001,-123.407346399999994,,NA,NA,"126309922",obs_native,file:///D:/Simon/Sync/Root/GIS/Biodiversity%20Data/obs_native.csv?type=csv&maxFields=10000&detectTypes=yes&xField=longitude&yField=latitude&crs=EPSG:4326&spatialIndex=no&subsetIndex=no&watchFile=no
"6803",Platanthera ephemerantha,Platanthera,ephemerantha,,,,native,S3 (2019),,48.895150000000001,-123.409378300000000,,NA,NA,"126928678",obs_native,file:///D:/Simon/Sync/Root/GIS/Biodiversity%20Data/obs_native.csv?type=csv&maxFields=10000&detectTypes=yes&xField=longitude&yField=latitude&crs=EPSG:4326&spatialIndex=no&subsetIndex=no&watchFile=no
"6804",Platanthera transversa,Platanthera,transversa,,,,native,S3S4,,48.931212000000002,-123.481134999999995,,NA,NA,"2561626",obs_native,file:///D:/Simon/Sync/Root/GIS/Biodiversity%20Data/obs_native.csv?type=csv&maxFields=10000&detectTypes=yes&xField=longitude&yField=latitude&crs=EPSG:4326&spatialIndex=no&subsetIndex=no&watchFile=no
"6805",Platanthera transversa,Platanthera,transversa,,,,native,S3S4,,48.930957999999997,-123.479977000000005,,NA,NA,"2561761",obs_native,file:///D:/Simon/Sync/Root/GIS/Biodiversity%20Data/obs_native.csv?type=csv&maxFields=10000&detectTypes=yes&xField=longitude&yField=latitude&crs=EPSG:4326&spatialIndex=no&subsetIndex=no&watchFile=no
"6806",Platanthera transversa,Platanthera,transversa,,,,native,S3S4,,48.868088000000000,-123.341049999999996,,NA,NA,"3461507",obs_native,file:///D:/Simon/Sync/Root/GIS/Biodiversity%20Data/obs_native.csv?type=csv&maxFields=10000&detectTypes=yes&xField=longitude&yField=latitude&crs=EPSG:4326&spatialIndex=no&subsetIndex=no&watchFile=no
"6807",Platanthera transversa,Platanthera,transversa,,,,native,S3S4,,48.939627999999999,-123.501295999999996,,NA,NA,"3463717",obs_native,file:///D:/Simon/Sync/Root/GIS/Biodiversity%20Data/obs_native.csv?type=csv&maxFields=10000&detectTypes=yes&xField=longitude&yField=latitude&crs=EPSG:4326&spatialIndex=no&subsetIndex=no&watchFile=no
"6808",Platanthera transversa,Platanthera,transversa,,,,native,S3S4,,48.930672999999999,-123.475982000000002,,NA,NA,"3563965",obs_native,file:///D:/Simon/Sync/Root/GIS/Biodiversity%20Data/obs_native.csv?type=csv&maxFields=10000&detectTypes=yes&xField=longitude&yField=latitude&crs=EPSG:4326&spatialIndex=no&subsetIndex=no&watchFile=no
"6809",Platanthera transversa,Platanthera,transversa,,,,native,S3S4,,48.927630000000001,-123.469575000000006,,NA,NA,"3637726",obs_native,file:///D:/Simon/Sync/Root/GIS/Biodiversity%20Data/obs_native.csv?type=csv&maxFields=10000&detectTypes=yes&xField=longitude&yField=latitude&crs=EPSG:4326&spatialIndex=no&subsetIndex=no&watchFile=no
"6810",Platanthera transversa,Platanthera,transversa,,,,native,S3S4,,48.939607000000002,-123.501418000000001,,NA,NA,"3637957",obs_native,file:///D:/Simon/Sync/Root/GIS/Biodiversity%20Data/obs_native.csv?type=csv&maxFields=10000&detectTypes=yes&xField=longitude&yField=latitude&crs=EPSG:4326&spatialIndex=no&subsetIndex=no&watchFile=no
"6811",Platanthera transversa,Platanthera,transversa,,,,native,S3S4,,48.927416999999998,-123.465686000000005,,NA,NA,"3641732",obs_native,file:///D:/Simon/Sync/Root/GIS/Biodiversity%20Data/obs_native.csv?type=csv&maxFields=10000&detectTypes=yes&xField=longitude&yField=latitude&crs=EPSG:4326&spatialIndex=no&subsetIndex=no&watchFile=no
"6812",Platanthera transversa,Platanthera,transversa,,,,native,S3S4,,48.955637000000003,-123.527364000000006,,NA,NA,"3681055",obs_native,file:///D:/Simon/Sync/Root/GIS/Biodiversity%20Data/obs_native.csv?type=csv&maxFields=10000&detectTypes=yes&xField=longitude&yField=latitude&crs=EPSG:4326&spatialIndex=no&subsetIndex=no&watchFile=no
"6813",Platanthera transversa,Platanthera,transversa,,,,native,S3S4,,48.962681000000003,-123.540238000000002,,NA,NA,"3682086",obs_native,file:///D:/Simon/Sync/Root/GIS/Biodiversity%20Data/obs_native.csv?type=csv&maxFields=10000&detectTypes=yes&xField=longitude&yField=latitude&crs=EPSG:4326&spatialIndex=no&subsetIndex=no&watchFile=no
"6814",Platanthera transversa,Platanthera,transversa,,,,native,S3S4,,48.875413000000002,-123.384748000000002,,NA,NA,"7280811",obs_native,file:///D:/Simon/Sync/Root/GIS/Biodiversity%20Data/obs_native.csv?type=csv&maxFields=10000&detectTypes=yes&xField=longitude&yField=latitude&crs=EPSG:4326&spatialIndex=no&subsetIndex=no&watchFile=no
"6815",Platanthera transversa,Platanthera,transversa,,,,native,S3S4,,48.922853330000002,-123.452483299999997,,NA,NA,"13952007",obs_native,file:///D:/Simon/Sync/Root/GIS/Biodiversity%20Data/obs_native.csv?type=csv&maxFields=10000&detectTypes=yes&xField=longitude&yField=latitude&crs=EPSG:4326&spatialIndex=no&subsetIndex=no&watchFile=no
"6816",Platanthera transversa,Platanthera,transversa,,,,native,S3S4,,48.862530560000003,-123.372761100000005,,NA,NA,"14033376",obs_native,file:///D:/Simon/Sync/Root/GIS/Biodiversity%20Data/obs_native.csv?type=csv&maxFields=10000&detectTypes=yes&xField=longitude&yField=latitude&crs=EPSG:4326&spatialIndex=no&subsetIndex=no&watchFile=no
"6817",Platanthera transversa,Platanthera,transversa,,,,native,S3S4,,48.939630360000002,-123.501063099999996,,NA,NA,"14300195",obs_native,file:///D:/Simon/Sync/Root/GIS/Biodiversity%20Data/obs_native.csv?type=csv&maxFields=10000&detectTypes=yes&xField=longitude&yField=latitude&crs=EPSG:4326&spatialIndex=no&subsetIndex=no&watchFile=no
"6818",Platanthera transversa,Platanthera,transversa,,,,native,S3S4,,48.952500000000001,-123.532996699999998,,NA,NA,"28440127",obs_native,file:///D:/Simon/Sync/Root/GIS/Biodiversity%20Data/obs_native.csv?type=csv&maxFields=10000&detectTypes=yes&xField=longitude&yField=latitude&crs=EPSG:4326&spatialIndex=no&subsetIndex=no&watchFile=no
"6819",Platanthera transversa,Platanthera,transversa,,,,native,S3S4,,48.955986670000001,-123.527346699999995,,NA,NA,"28440236",obs_native,file:///D:/Simon/Sync/Root/GIS/Biodiversity%20Data/obs_native.csv?type=csv&maxFields=10000&detectTypes=yes&xField=longitude&yField=latitude&crs=EPSG:4326&spatialIndex=no&subsetIndex=no&watchFile=no
"6820",Platanthera transversa,Platanthera,transversa,,,,native,S3S4,,48.868048000000002,-123.340630000000004,,NA,NA,"28877793",obs_native,file:///D:/Simon/Sync/Root/GIS/Biodiversity%20Data/obs_native.csv?type=csv&maxFields=10000&detectTypes=yes&xField=longitude&yField=latitude&crs=EPSG:4326&spatialIndex=no&subsetIndex=no&watchFile=no
"6821",Platanthera transversa,Platanthera,transversa,,,,native,S3S4,,48.927134340000002,-123.468832100000000,,NA,NA,"52176613",obs_native,file:///D:/Simon/Sync/Root/GIS/Biodiversity%20Data/obs_native.csv?type=csv&maxFields=10000&detectTypes=yes&xField=longitude&yField=latitude&crs=EPSG:4326&spatialIndex=no&subsetIndex=no&watchFile=no
"6822",Platanthera transversa,Platanthera,transversa,,,,native,S3S4,,48.887369999999997,-123.374946699999995,,NA,NA,"53022041",obs_native,file:///D:/Simon/Sync/Root/GIS/Biodiversity%20Data/obs_native.csv?type=csv&maxFields=10000&detectTypes=yes&xField=longitude&yField=latitude&crs=EPSG:4326&spatialIndex=no&subsetIndex=no&watchFile=no
"6823",Platanthera transversa,Platanthera,transversa,,,,native,S3S4,,48.887051669999998,-123.373885000000001,,NA,NA,"53022051",obs_native,file:///D:/Simon/Sync/Root/GIS/Biodiversity%20Data/obs_native.csv?type=csv&maxFields=10000&detectTypes=yes&xField=longitude&yField=latitude&crs=EPSG:4326&spatialIndex=no&subsetIndex=no&watchFile=no
"6824",Platanthera transversa,Platanthera,transversa,,,,native,S3S4,,48.886591670000001,-123.372831700000006,,NA,NA,"53022064",obs_native,file:///D:/Simon/Sync/Root/GIS/Biodiversity%20Data/obs_native.csv?type=csv&maxFields=10000&detectTypes=yes&xField=longitude&yField=latitude&crs=EPSG:4326&spatialIndex=no&subsetIndex=no&watchFile=no
"6825",Platanthera transversa,Platanthera,transversa,,,,native,S3S4,,48.886761110000002,-123.373177799999993,,NA,NA,"53022071",obs_native,file:///D:/Simon/Sync/Root/GIS/Biodiversity%20Data/obs_native.csv?type=csv&maxFields=10000&detectTypes=yes&xField=longitude&yField=latitude&crs=EPSG:4326&spatialIndex=no&subsetIndex=no&watchFile=no
"6826",Platanthera transversa,Platanthera,transversa,,,,native,S3S4,,48.927254679999997,-123.468442899999999,,NA,NA,"53331886",obs_native,file:///D:/Simon/Sync/Root/GIS/Biodiversity%20Data/obs_native.csv?type=csv&maxFields=10000&detectTypes=yes&xField=longitude&yField=latitude&crs=EPSG:4326&spatialIndex=no&subsetIndex=no&watchFile=no
"6827",Platanthera transversa,Platanthera,transversa,,,,native,S3S4,,48.927087700000001,-123.468446499999999,,NA,NA,"53378288",obs_native,file:///D:/Simon/Sync/Root/GIS/Biodiversity%20Data/obs_native.csv?type=csv&maxFields=10000&detectTypes=yes&xField=longitude&yField=latitude&crs=EPSG:4326&spatialIndex=no&subsetIndex=no&watchFile=no
"6828",Platanthera transversa,Platanthera,transversa,,,,native,S3S4,,48.868856950000001,-123.341615099999999,,NA,NA,"54665615",obs_native,file:///D:/Simon/Sync/Root/GIS/Biodiversity%20Data/obs_native.csv?type=csv&maxFields=10000&detectTypes=yes&xField=longitude&yField=latitude&crs=EPSG:4326&spatialIndex=no&subsetIndex=no&watchFile=no
"6829",Platanthera transversa,Platanthera,transversa,,,,native,S3S4,,49.007974460000000,-123.572752199999996,,NA,NA,"75863351",obs_native,file:///D:/Simon/Sync/Root/GIS/Biodiversity%20Data/obs_native.csv?type=csv&maxFields=10000&detectTypes=yes&xField=longitude&yField=latitude&crs=EPSG:4326&spatialIndex=no&subsetIndex=no&watchFile=no
"6830",Platanthera transversa,Platanthera,transversa,,,,native,S3S4,,48.959951920000002,-123.535071500000001,,NA,NA,"126563299",obs_native,file:///D:/Simon/Sync/Root/GIS/Biodiversity%20Data/obs_native.csv?type=csv&maxFields=10000&detectTypes=yes&xField=longitude&yField=latitude&crs=EPSG:4326&spatialIndex=no&subsetIndex=no&watchFile=no
"6831",Platanthera transversa,Platanthera,transversa,,,,native,S3S4,,48.934807180000000,-123.474855300000002,,NA,NA,"128048165",obs_native,file:///D:/Simon/Sync/Root/GIS/Biodiversity%20Data/obs_native.csv?type=csv&maxFields=10000&detectTypes=yes&xField=longitude&yField=latitude&crs=EPSG:4326&spatialIndex=no&subsetIndex=no&watchFile=no
"6832",Platanthera transversa,Platanthera,transversa,,,,native,S3S4,,48.934763889999999,-123.475022199999998,,NA,NA,"128113443",obs_native,file:///D:/Simon/Sync/Root/GIS/Biodiversity%20Data/obs_native.csv?type=csv&maxFields=10000&detectTypes=yes&xField=longitude&yField=latitude&crs=EPSG:4326&spatialIndex=no&subsetIndex=no&watchFile=no
"6833",Platanthera transversa,Platanthera,transversa,,,,native,S3S4,,48.869032969999999,-123.341618400000002,,NA,NA,"129970298",obs_native,file:///D:/Simon/Sync/Root/GIS/Biodiversity%20Data/obs_native.csv?type=csv&maxFields=10000&detectTypes=yes&xField=longitude&yField=latitude&crs=EPSG:4326&spatialIndex=no&subsetIndex=no&watchFile=no
"6834",Platanthera transversa,Platanthera,transversa,,,,native,S3S4,,48.955927660000000,-123.527197400000006,,NA,NA,"129970374",obs_native,file:///D:/Simon/Sync/Root/GIS/Biodiversity%20Data/obs_native.csv?type=csv&maxFields=10000&detectTypes=yes&xField=longitude&yField=latitude&crs=EPSG:4326&spatialIndex=no&subsetIndex=no&watchFile=no
"6835",Platanthera transversa,Platanthera,transversa,,,,native,S3S4,,48.952591669999997,-123.533303300000000,,NA,NA,"130409357",obs_native,file:///D:/Simon/Sync/Root/GIS/Biodiversity%20Data/obs_native.csv?type=csv&maxFields=10000&detectTypes=yes&xField=longitude&yField=latitude&crs=EPSG:4326&spatialIndex=no&subsetIndex=no&watchFile=no
"6836",Platanthera transversa,Platanthera,transversa,,,,native,S3S4,,48.952561670000001,-123.533263300000002,,NA,NA,"130420496",obs_native,file:///D:/Simon/Sync/Root/GIS/Biodiversity%20Data/obs_native.csv?type=csv&maxFields=10000&detectTypes=yes&xField=longitude&yField=latitude&crs=EPSG:4326&spatialIndex=no&subsetIndex=no&watchFile=no
"6837",Platanthera transversa,Platanthera,transversa,,,,native,S3S4,,48.952750000000002,-123.533220000000000,,NA,NA,"130422512",obs_native,file:///D:/Simon/Sync/Root/GIS/Biodiversity%20Data/obs_native.csv?type=csv&maxFields=10000&detectTypes=yes&xField=longitude&yField=latitude&crs=EPSG:4326&spatialIndex=no&subsetIndex=no&watchFile=no
"6838",Platanthera transversa,Platanthera,transversa,,,,native,S3S4,,48.926500470000001,-123.468315700000005,,NA,NA,"132071038",obs_native,file:///D:/Simon/Sync/Root/GIS/Biodiversity%20Data/obs_native.csv?type=csv&maxFields=10000&detectTypes=yes&xField=longitude&yField=latitude&crs=EPSG:4326&spatialIndex=no&subsetIndex=no&watchFile=no
"6839",Platanthera unalascensis,Platanthera,unalascensis,,,,native,S5,,48.895311159999999,-123.409525900000006,,NA,NA,"85091348",obs_native,file:///D:/Simon/Sync/Root/GIS/Biodiversity%20Data/obs_native.csv?type=csv&maxFields=10000&detectTypes=yes&xField=longitude&yField=latitude&crs=EPSG:4326&spatialIndex=no&subsetIndex=no&watchFile=no
"6840",Platanthera unalascensis,Platanthera,unalascensis,,,,native,S5,,48.895253330000003,-123.409530000000004,,NA,NA,"85288008",obs_native,file:///D:/Simon/Sync/Root/GIS/Biodiversity%20Data/obs_native.csv?type=csv&maxFields=10000&detectTypes=yes&xField=longitude&yField=latitude&crs=EPSG:4326&spatialIndex=no&subsetIndex=no&watchFile=no
"6841",Platanthera unalascensis,Platanthera,unalascensis,,,,native,S5,,48.895153329999999,-123.409478300000004,,NA,NA,"85288117",obs_native,file:///D:/Simon/Sync/Root/GIS/Biodiversity%20Data/obs_native.csv?type=csv&maxFields=10000&detectTypes=yes&xField=longitude&yField=latitude&crs=EPSG:4326&spatialIndex=no&subsetIndex=no&watchFile=no
"6842",Platanthera unalascensis,Platanthera,unalascensis,,,,native,S5,,48.899194999999999,-123.407281699999999,,NA,NA,"85701685",obs_native,file:///D:/Simon/Sync/Root/GIS/Biodiversity%20Data/obs_native.csv?type=csv&maxFields=10000&detectTypes=yes&xField=longitude&yField=latitude&crs=EPSG:4326&spatialIndex=no&subsetIndex=no&watchFile=no
"6843",Platanthera unalascensis,Platanthera,unalascensis,,,,native,S5,,48.895147219999998,-123.409544400000001,,NA,NA,"85701695",obs_native,file:///D:/Simon/Sync/Root/GIS/Biodiversity%20Data/obs_native.csv?type=csv&maxFields=10000&detectTypes=yes&xField=longitude&yField=latitude&crs=EPSG:4326&spatialIndex=no&subsetIndex=no&watchFile=no
"6873",Poa palustris,Poa,palustris,,,,native,S5 (2019),,48.870313889999998,-123.319000000000003,,NA,NA,"121538409",obs_native,file:///D:/Simon/Sync/Root/GIS/Biodiversity%20Data/obs_native.csv?type=csv&maxFields=10000&detectTypes=yes&xField=longitude&yField=latitude&crs=EPSG:4326&spatialIndex=no&subsetIndex=no&watchFile=no
"6884",Poa secunda,Poa,secunda,,,,native,S5,,48.956833330000002,-123.529397200000005,,NA,NA,"116033725",obs_native,file:///D:/Simon/Sync/Root/GIS/Biodiversity%20Data/obs_native.csv?type=csv&maxFields=10000&detectTypes=yes&xField=longitude&yField=latitude&crs=EPSG:4326&spatialIndex=no&subsetIndex=no&watchFile=no
"6885",Poa secunda,Poa,secunda,,,,native,S5,,48.868361659999998,-123.377747700000000,,NA,NA,"116636151",obs_native,file:///D:/Simon/Sync/Root/GIS/Biodiversity%20Data/obs_native.csv?type=csv&maxFields=10000&detectTypes=yes&xField=longitude&yField=latitude&crs=EPSG:4326&spatialIndex=no&subsetIndex=no&watchFile=no
"6886",Poa secunda,Poa,secunda,,,,native,S5,,48.909786670000003,-123.372826700000005,,NA,NA,"121538540",obs_native,file:///D:/Simon/Sync/Root/GIS/Biodiversity%20Data/obs_native.csv?type=csv&maxFields=10000&detectTypes=yes&xField=longitude&yField=latitude&crs=EPSG:4326&spatialIndex=no&subsetIndex=no&watchFile=no
"6887",Poa secunda,Poa,secunda,,,,native,S5,,48.934720220000003,-123.475098700000004,,NA,NA,"128048070",obs_native,file:///D:/Simon/Sync/Root/GIS/Biodiversity%20Data/obs_native.csv?type=csv&maxFields=10000&detectTypes=yes&xField=longitude&yField=latitude&crs=EPSG:4326&spatialIndex=no&subsetIndex=no&watchFile=no
"6894",Polygonum douglasii,Polygonum,douglasii,,,,native,S5,,48.867994789999997,-123.387268800000001,,NA,NA,"9043871",obs_native,file:///D:/Simon/Sync/Root/GIS/Biodiversity%20Data/obs_native.csv?type=csv&maxFields=10000&detectTypes=yes&xField=longitude&yField=latitude&crs=EPSG:4326&spatialIndex=no&subsetIndex=no&watchFile=no
"6895",Polygonum douglasii,Polygonum,douglasii,,,,native,S5,,48.868785000000003,-123.379986700000003,,NA,NA,"81147023",obs_native,file:///D:/Simon/Sync/Root/GIS/Biodiversity%20Data/obs_native.csv?type=csv&maxFields=10000&detectTypes=yes&xField=longitude&yField=latitude&crs=EPSG:4326&spatialIndex=no&subsetIndex=no&watchFile=no
"6896",Polygonum douglasii,Polygonum,douglasii,,,,native,S5,,48.952838329999999,-123.520691700000000,,NA,NA,"96497063",obs_native,file:///D:/Simon/Sync/Root/GIS/Biodiversity%20Data/obs_native.csv?type=csv&maxFields=10000&detectTypes=yes&xField=longitude&yField=latitude&crs=EPSG:4326&spatialIndex=no&subsetIndex=no&watchFile=no
"6897",Polygonum fowleri,Polygonum,fowleri,,,,native,S4,,48.897346669999997,-123.405571699999996,,NA,NA,"56194855",obs_native,file:///D:/Simon/Sync/Root/GIS/Biodiversity%20Data/obs_native.csv?type=csv&maxFields=10000&detectTypes=yes&xField=longitude&yField=latitude&crs=EPSG:4326&spatialIndex=no&subsetIndex=no&watchFile=no
"6898",Polygonum fowleri,Polygonum,fowleri,,,,native,S4,,48.909821669999999,-123.373106699999994,,NA,NA,"121538533",obs_native,file:///D:/Simon/Sync/Root/GIS/Biodiversity%20Data/obs_native.csv?type=csv&maxFields=10000&detectTypes=yes&xField=longitude&yField=latitude&crs=EPSG:4326&spatialIndex=no&subsetIndex=no&watchFile=no
"6899",Polygonum spergulariiforme,Polygonum,spergulariiforme,,,,native,S5,,48.955941670000001,-123.527474999999995,,NA,NA,"14245811",obs_native,file:///D:/Simon/Sync/Root/GIS/Biodiversity%20Data/obs_native.csv?type=csv&maxFields=10000&detectTypes=yes&xField=longitude&yField=latitude&crs=EPSG:4326&spatialIndex=no&subsetIndex=no&watchFile=no
"6900",Polypodium glycyrrhiza,Polypodium,glycyrrhiza,,,,native,S5,,48.930902000000003,-123.470106000000001,,NA,NA,"2589280",obs_native,file:///D:/Simon/Sync/Root/GIS/Biodiversity%20Data/obs_native.csv?type=csv&maxFields=10000&detectTypes=yes&xField=longitude&yField=latitude&crs=EPSG:4326&spatialIndex=no&subsetIndex=no&watchFile=no
"6901",Polypodium glycyrrhiza,Polypodium,glycyrrhiza,,,,native,S5,,49.006593000000002,-123.580174000000000,,NA,NA,"2679533",obs_native,file:///D:/Simon/Sync/Root/GIS/Biodiversity%20Data/obs_native.csv?type=csv&maxFields=10000&detectTypes=yes&xField=longitude&yField=latitude&crs=EPSG:4326&spatialIndex=no&subsetIndex=no&watchFile=no
"6902",Polypodium glycyrrhiza,Polypodium,glycyrrhiza,,,,native,S5,,48.905937999999999,-123.352776000000006,,NA,NA,"2732441",obs_native,file:///D:/Simon/Sync/Root/GIS/Biodiversity%20Data/obs_native.csv?type=csv&maxFields=10000&detectTypes=yes&xField=longitude&yField=latitude&crs=EPSG:4326&spatialIndex=no&subsetIndex=no&watchFile=no
"6903",Polypodium glycyrrhiza,Polypodium,glycyrrhiza,,,,native,S5,,48.871738000000001,-123.311233999999999,,NA,NA,"2744670",obs_native,file:///D:/Simon/Sync/Root/GIS/Biodiversity%20Data/obs_native.csv?type=csv&maxFields=10000&detectTypes=yes&xField=longitude&yField=latitude&crs=EPSG:4326&spatialIndex=no&subsetIndex=no&watchFile=no
"6904",Polypodium glycyrrhiza,Polypodium,glycyrrhiza,,,,native,S5,,48.906683000000001,-123.356465999999998,,NA,NA,"2763193",obs_native,file:///D:/Simon/Sync/Root/GIS/Biodiversity%20Data/obs_native.csv?type=csv&maxFields=10000&detectTypes=yes&xField=longitude&yField=latitude&crs=EPSG:4326&spatialIndex=no&subsetIndex=no&watchFile=no
"6905",Polypodium glycyrrhiza,Polypodium,glycyrrhiza,,,,native,S5,,48.897711999999999,-123.409037999999995,,NA,NA,"2763351",obs_native,file:///D:/Simon/Sync/Root/GIS/Biodiversity%20Data/obs_native.csv?type=csv&maxFields=10000&detectTypes=yes&xField=longitude&yField=latitude&crs=EPSG:4326&spatialIndex=no&subsetIndex=no&watchFile=no
"6906",Polypodium glycyrrhiza,Polypodium,glycyrrhiza,,,,native,S5,,48.866413999999999,-123.335059000000001,,NA,NA,"3031205",obs_native,file:///D:/Simon/Sync/Root/GIS/Biodiversity%20Data/obs_native.csv?type=csv&maxFields=10000&detectTypes=yes&xField=longitude&yField=latitude&crs=EPSG:4326&spatialIndex=no&subsetIndex=no&watchFile=no
"6907",Polypodium glycyrrhiza,Polypodium,glycyrrhiza,,,,native,S5,,48.915973999999999,-123.424808999999996,,NA,NA,"3296730",obs_native,file:///D:/Simon/Sync/Root/GIS/Biodiversity%20Data/obs_native.csv?type=csv&maxFields=10000&detectTypes=yes&xField=longitude&yField=latitude&crs=EPSG:4326&spatialIndex=no&subsetIndex=no&watchFile=no
"6908",Polypodium glycyrrhiza,Polypodium,glycyrrhiza,,,,native,S5,,48.872275000000002,-123.312569999999994,,NA,NA,"3654291",obs_native,file:///D:/Simon/Sync/Root/GIS/Biodiversity%20Data/obs_native.csv?type=csv&maxFields=10000&detectTypes=yes&xField=longitude&yField=latitude&crs=EPSG:4326&spatialIndex=no&subsetIndex=no&watchFile=no
"6909",Polypodium glycyrrhiza,Polypodium,glycyrrhiza,,,,native,S5,,48.867016999999997,-123.337788000000003,,NA,NA,"4411036",obs_native,file:///D:/Simon/Sync/Root/GIS/Biodiversity%20Data/obs_native.csv?type=csv&maxFields=10000&detectTypes=yes&xField=longitude&yField=latitude&crs=EPSG:4326&spatialIndex=no&subsetIndex=no&watchFile=no
"6910",Polypodium glycyrrhiza,Polypodium,glycyrrhiza,,,,native,S5,,48.868079999999999,-123.377373000000006,,NA,NA,"4716749",obs_native,file:///D:/Simon/Sync/Root/GIS/Biodiversity%20Data/obs_native.csv?type=csv&maxFields=10000&detectTypes=yes&xField=longitude&yField=latitude&crs=EPSG:4326&spatialIndex=no&subsetIndex=no&watchFile=no
"6911",Polypodium glycyrrhiza,Polypodium,glycyrrhiza,,,,native,S5,,48.896270000000001,-123.348984999999999,,NA,NA,"5309664",obs_native,file:///D:/Simon/Sync/Root/GIS/Biodiversity%20Data/obs_native.csv?type=csv&maxFields=10000&detectTypes=yes&xField=longitude&yField=latitude&crs=EPSG:4326&spatialIndex=no&subsetIndex=no&watchFile=no
"6912",Polypodium glycyrrhiza,Polypodium,glycyrrhiza,,,,native,S5,,48.871729999999999,-123.382795000000002,,NA,NA,"5551360",obs_native,file:///D:/Simon/Sync/Root/GIS/Biodiversity%20Data/obs_native.csv?type=csv&maxFields=10000&detectTypes=yes&xField=longitude&yField=latitude&crs=EPSG:4326&spatialIndex=no&subsetIndex=no&watchFile=no
"6913",Polypodium glycyrrhiza,Polypodium,glycyrrhiza,,,,native,S5,,48.906719549999998,-123.358397499999995,,NA,NA,"5885838",obs_native,file:///D:/Simon/Sync/Root/GIS/Biodiversity%20Data/obs_native.csv?type=csv&maxFields=10000&detectTypes=yes&xField=longitude&yField=latitude&crs=EPSG:4326&spatialIndex=no&subsetIndex=no&watchFile=no
"6914",Polypodium glycyrrhiza,Polypodium,glycyrrhiza,,,,native,S5,,48.938858709999998,-123.500470399999998,,NA,NA,"6601068",obs_native,file:///D:/Simon/Sync/Root/GIS/Biodiversity%20Data/obs_native.csv?type=csv&maxFields=10000&detectTypes=yes&xField=longitude&yField=latitude&crs=EPSG:4326&spatialIndex=no&subsetIndex=no&watchFile=no
"6915",Polypodium glycyrrhiza,Polypodium,glycyrrhiza,,,,native,S5,,48.880699999999997,-123.334048999999993,,NA,NA,"12789116",obs_native,file:///D:/Simon/Sync/Root/GIS/Biodiversity%20Data/obs_native.csv?type=csv&maxFields=10000&detectTypes=yes&xField=longitude&yField=latitude&crs=EPSG:4326&spatialIndex=no&subsetIndex=no&watchFile=no
"6916",Polypodium glycyrrhiza,Polypodium,glycyrrhiza,,,,native,S5,,48.880411000000002,-123.336709999999997,,NA,NA,"12789724",obs_native,file:///D:/Simon/Sync/Root/GIS/Biodiversity%20Data/obs_native.csv?type=csv&maxFields=10000&detectTypes=yes&xField=longitude&yField=latitude&crs=EPSG:4326&spatialIndex=no&subsetIndex=no&watchFile=no
"6917",Polypodium glycyrrhiza,Polypodium,glycyrrhiza,,,,native,S5,,48.867697159999999,-123.340805000000003,,NA,NA,"13879372",obs_native,file:///D:/Simon/Sync/Root/GIS/Biodiversity%20Data/obs_native.csv?type=csv&maxFields=10000&detectTypes=yes&xField=longitude&yField=latitude&crs=EPSG:4326&spatialIndex=no&subsetIndex=no&watchFile=no
"6918",Polypodium glycyrrhiza,Polypodium,glycyrrhiza,,,,native,S5,,48.897078329999999,-123.409723299999996,,NA,NA,"13974239",obs_native,file:///D:/Simon/Sync/Root/GIS/Biodiversity%20Data/obs_native.csv?type=csv&maxFields=10000&detectTypes=yes&xField=longitude&yField=latitude&crs=EPSG:4326&spatialIndex=no&subsetIndex=no&watchFile=no
"6919",Polypodium glycyrrhiza,Polypodium,glycyrrhiza,,,,native,S5,,48.928179999999998,-123.467803300000000,,NA,NA,"17216003",obs_native,file:///D:/Simon/Sync/Root/GIS/Biodiversity%20Data/obs_native.csv?type=csv&maxFields=10000&detectTypes=yes&xField=longitude&yField=latitude&crs=EPSG:4326&spatialIndex=no&subsetIndex=no&watchFile=no
"6920",Polypodium glycyrrhiza,Polypodium,glycyrrhiza,,,,native,S5,,48.868475629999999,-123.378375500000004,,NA,NA,"17693194",obs_native,file:///D:/Simon/Sync/Root/GIS/Biodiversity%20Data/obs_native.csv?type=csv&maxFields=10000&detectTypes=yes&xField=longitude&yField=latitude&crs=EPSG:4326&spatialIndex=no&subsetIndex=no&watchFile=no
"6921",Polypodium glycyrrhiza,Polypodium,glycyrrhiza,,,,native,S5,,48.879498349999999,-123.319934599999996,,NA,NA,"21306257",obs_native,file:///D:/Simon/Sync/Root/GIS/Biodiversity%20Data/obs_native.csv?type=csv&maxFields=10000&detectTypes=yes&xField=longitude&yField=latitude&crs=EPSG:4326&spatialIndex=no&subsetIndex=no&watchFile=no
"6922",Polypodium glycyrrhiza,Polypodium,glycyrrhiza,,,,native,S5,,48.862361669999999,-123.373461699999993,,NA,NA,"21350301",obs_native,file:///D:/Simon/Sync/Root/GIS/Biodiversity%20Data/obs_native.csv?type=csv&maxFields=10000&detectTypes=yes&xField=longitude&yField=latitude&crs=EPSG:4326&spatialIndex=no&subsetIndex=no&watchFile=no
"6923",Polypodium glycyrrhiza,Polypodium,glycyrrhiza,,,,native,S5,,48.872768030000003,-123.311257400000002,,NA,NA,"22799500",obs_native,file:///D:/Simon/Sync/Root/GIS/Biodiversity%20Data/obs_native.csv?type=csv&maxFields=10000&detectTypes=yes&xField=longitude&yField=latitude&crs=EPSG:4326&spatialIndex=no&subsetIndex=no&watchFile=no
"6924",Polypodium glycyrrhiza,Polypodium,glycyrrhiza,,,,native,S5,,49.002826519999999,-123.574567099999996,,NA,NA,"24497661",obs_native,file:///D:/Simon/Sync/Root/GIS/Biodiversity%20Data/obs_native.csv?type=csv&maxFields=10000&detectTypes=yes&xField=longitude&yField=latitude&crs=EPSG:4326&spatialIndex=no&subsetIndex=no&watchFile=no
"6925",Polypodium glycyrrhiza,Polypodium,glycyrrhiza,,,,native,S5,,48.895411109999998,-123.406988900000002,,NA,NA,"24677331",obs_native,file:///D:/Simon/Sync/Root/GIS/Biodiversity%20Data/obs_native.csv?type=csv&maxFields=10000&detectTypes=yes&xField=longitude&yField=latitude&crs=EPSG:4326&spatialIndex=no&subsetIndex=no&watchFile=no
"6926",Polypodium glycyrrhiza,Polypodium,glycyrrhiza,,,,native,S5,,48.901154280000000,-123.406706799999995,,NA,NA,"24689808",obs_native,file:///D:/Simon/Sync/Root/GIS/Biodiversity%20Data/obs_native.csv?type=csv&maxFields=10000&detectTypes=yes&xField=longitude&yField=latitude&crs=EPSG:4326&spatialIndex=no&subsetIndex=no&watchFile=no
"6927",Polypodium glycyrrhiza,Polypodium,glycyrrhiza,,,,native,S5,,48.957388330000001,-123.541571700000006,,NA,NA,"24698855",obs_native,file:///D:/Simon/Sync/Root/GIS/Biodiversity%20Data/obs_native.csv?type=csv&maxFields=10000&detectTypes=yes&xField=longitude&yField=latitude&crs=EPSG:4326&spatialIndex=no&subsetIndex=no&watchFile=no
"6928",Polypodium glycyrrhiza,Polypodium,glycyrrhiza,,,,native,S5,,48.957303330000002,-123.541655000000006,,NA,NA,"24698917",obs_native,file:///D:/Simon/Sync/Root/GIS/Biodiversity%20Data/obs_native.csv?type=csv&maxFields=10000&detectTypes=yes&xField=longitude&yField=latitude&crs=EPSG:4326&spatialIndex=no&subsetIndex=no&watchFile=no
"6929",Polypodium glycyrrhiza,Polypodium,glycyrrhiza,,,,native,S5,,48.901284240000003,-123.406423599999997,,NA,NA,"24708656",obs_native,file:///D:/Simon/Sync/Root/GIS/Biodiversity%20Data/obs_native.csv?type=csv&maxFields=10000&detectTypes=yes&xField=longitude&yField=latitude&crs=EPSG:4326&spatialIndex=no&subsetIndex=no&watchFile=no
"6930",Polypodium glycyrrhiza,Polypodium,glycyrrhiza,,,,native,S5,,48.871978050000003,-123.311678900000004,,NA,NA,"24710770",obs_native,file:///D:/Simon/Sync/Root/GIS/Biodiversity%20Data/obs_native.csv?type=csv&maxFields=10000&detectTypes=yes&xField=longitude&yField=latitude&crs=EPSG:4326&spatialIndex=no&subsetIndex=no&watchFile=no
"6931",Polypodium glycyrrhiza,Polypodium,glycyrrhiza,,,,native,S5,,48.872159179999997,-123.311785400000005,,NA,NA,"24712257",obs_native,file:///D:/Simon/Sync/Root/GIS/Biodiversity%20Data/obs_native.csv?type=csv&maxFields=10000&detectTypes=yes&xField=longitude&yField=latitude&crs=EPSG:4326&spatialIndex=no&subsetIndex=no&watchFile=no
"6932",Polypodium glycyrrhiza,Polypodium,glycyrrhiza,,,,native,S5,,48.901101230000002,-123.405575600000006,,NA,NA,"24715225",obs_native,file:///D:/Simon/Sync/Root/GIS/Biodiversity%20Data/obs_native.csv?type=csv&maxFields=10000&detectTypes=yes&xField=longitude&yField=latitude&crs=EPSG:4326&spatialIndex=no&subsetIndex=no&watchFile=no
"6933",Polypodium glycyrrhiza,Polypodium,glycyrrhiza,,,,native,S5,,48.901115349999998,-123.406424500000000,,NA,NA,"24715445",obs_native,file:///D:/Simon/Sync/Root/GIS/Biodiversity%20Data/obs_native.csv?type=csv&maxFields=10000&detectTypes=yes&xField=longitude&yField=latitude&crs=EPSG:4326&spatialIndex=no&subsetIndex=no&watchFile=no
"6934",Polypodium glycyrrhiza,Polypodium,glycyrrhiza,,,,native,S5,,48.861791699999998,-123.370230599999999,,NA,NA,"24768095",obs_native,file:///D:/Simon/Sync/Root/GIS/Biodiversity%20Data/obs_native.csv?type=csv&maxFields=10000&detectTypes=yes&xField=longitude&yField=latitude&crs=EPSG:4326&spatialIndex=no&subsetIndex=no&watchFile=no
"6935",Polypodium glycyrrhiza,Polypodium,glycyrrhiza,,,,native,S5,,48.872291670000003,-123.312491699999995,,NA,NA,"24806471",obs_native,file:///D:/Simon/Sync/Root/GIS/Biodiversity%20Data/obs_native.csv?type=csv&maxFields=10000&detectTypes=yes&xField=longitude&yField=latitude&crs=EPSG:4326&spatialIndex=no&subsetIndex=no&watchFile=no
"6936",Polypodium glycyrrhiza,Polypodium,glycyrrhiza,,,,native,S5,,48.872291670000003,-123.312491699999995,,NA,NA,"24806732",obs_native,file:///D:/Simon/Sync/Root/GIS/Biodiversity%20Data/obs_native.csv?type=csv&maxFields=10000&detectTypes=yes&xField=longitude&yField=latitude&crs=EPSG:4326&spatialIndex=no&subsetIndex=no&watchFile=no
"6937",Polypodium glycyrrhiza,Polypodium,glycyrrhiza,,,,native,S5,,48.963180199999996,-123.519982700000000,,NA,NA,"24941992",obs_native,file:///D:/Simon/Sync/Root/GIS/Biodiversity%20Data/obs_native.csv?type=csv&maxFields=10000&detectTypes=yes&xField=longitude&yField=latitude&crs=EPSG:4326&spatialIndex=no&subsetIndex=no&watchFile=no
"6938",Polypodium glycyrrhiza,Polypodium,glycyrrhiza,,,,native,S5,,48.872516670000003,-123.311027800000005,,NA,NA,"25048291",obs_native,file:///D:/Simon/Sync/Root/GIS/Biodiversity%20Data/obs_native.csv?type=csv&maxFields=10000&detectTypes=yes&xField=longitude&yField=latitude&crs=EPSG:4326&spatialIndex=no&subsetIndex=no&watchFile=no
"6939",Polypodium glycyrrhiza,Polypodium,glycyrrhiza,,,,native,S5,,48.872258330000001,-123.312369399999994,,NA,NA,"25048292",obs_native,file:///D:/Simon/Sync/Root/GIS/Biodiversity%20Data/obs_native.csv?type=csv&maxFields=10000&detectTypes=yes&xField=longitude&yField=latitude&crs=EPSG:4326&spatialIndex=no&subsetIndex=no&watchFile=no
"6940",Polypodium glycyrrhiza,Polypodium,glycyrrhiza,,,,native,S5,,48.872189740000003,-123.312365799999995,,NA,NA,"25199583",obs_native,file:///D:/Simon/Sync/Root/GIS/Biodiversity%20Data/obs_native.csv?type=csv&maxFields=10000&detectTypes=yes&xField=longitude&yField=latitude&crs=EPSG:4326&spatialIndex=no&subsetIndex=no&watchFile=no
"6941",Polypodium glycyrrhiza,Polypodium,glycyrrhiza,,,,native,S5,,48.895613330000003,-123.405625000000001,,NA,NA,"32119771",obs_native,file:///D:/Simon/Sync/Root/GIS/Biodiversity%20Data/obs_native.csv?type=csv&maxFields=10000&detectTypes=yes&xField=longitude&yField=latitude&crs=EPSG:4326&spatialIndex=no&subsetIndex=no&watchFile=no
"6942",Polypodium glycyrrhiza,Polypodium,glycyrrhiza,,,,native,S5,,48.871045000000002,-123.348916700000004,,NA,NA,"42363909",obs_native,file:///D:/Simon/Sync/Root/GIS/Biodiversity%20Data/obs_native.csv?type=csv&maxFields=10000&detectTypes=yes&xField=longitude&yField=latitude&crs=EPSG:4326&spatialIndex=no&subsetIndex=no&watchFile=no
"6943",Polypodium glycyrrhiza,Polypodium,glycyrrhiza,,,,native,S5,,48.865563889999997,-123.365013899999994,,NA,NA,"42637636",obs_native,file:///D:/Simon/Sync/Root/GIS/Biodiversity%20Data/obs_native.csv?type=csv&maxFields=10000&detectTypes=yes&xField=longitude&yField=latitude&crs=EPSG:4326&spatialIndex=no&subsetIndex=no&watchFile=no
"6944",Polypodium glycyrrhiza,Polypodium,glycyrrhiza,,,,native,S5,,48.978768879999997,-123.535079899999999,,NA,NA,"44459105",obs_native,file:///D:/Simon/Sync/Root/GIS/Biodiversity%20Data/obs_native.csv?type=csv&maxFields=10000&detectTypes=yes&xField=longitude&yField=latitude&crs=EPSG:4326&spatialIndex=no&subsetIndex=no&watchFile=no
"6945",Polypodium glycyrrhiza,Polypodium,glycyrrhiza,,,,native,S5,,48.908925000000004,-123.367220000000003,,NA,NA,"44950123",obs_native,file:///D:/Simon/Sync/Root/GIS/Biodiversity%20Data/obs_native.csv?type=csv&maxFields=10000&detectTypes=yes&xField=longitude&yField=latitude&crs=EPSG:4326&spatialIndex=no&subsetIndex=no&watchFile=no
"6946",Polypodium glycyrrhiza,Polypodium,glycyrrhiza,,,,native,S5,,48.971635759999998,-123.543200499999998,,NA,NA,"53064684",obs_native,file:///D:/Simon/Sync/Root/GIS/Biodiversity%20Data/obs_native.csv?type=csv&maxFields=10000&detectTypes=yes&xField=longitude&yField=latitude&crs=EPSG:4326&spatialIndex=no&subsetIndex=no&watchFile=no
"6947",Polypodium glycyrrhiza,Polypodium,glycyrrhiza,,,,native,S5,,48.872481069999999,-123.311776300000005,,NA,NA,"60492380",obs_native,file:///D:/Simon/Sync/Root/GIS/Biodiversity%20Data/obs_native.csv?type=csv&maxFields=10000&detectTypes=yes&xField=longitude&yField=latitude&crs=EPSG:4326&spatialIndex=no&subsetIndex=no&watchFile=no
"6948",Polypodium glycyrrhiza,Polypodium,glycyrrhiza,,,,native,S5,,49.014054999999999,-123.573843299999993,,NA,NA,"68992602",obs_native,file:///D:/Simon/Sync/Root/GIS/Biodiversity%20Data/obs_native.csv?type=csv&maxFields=10000&detectTypes=yes&xField=longitude&yField=latitude&crs=EPSG:4326&spatialIndex=no&subsetIndex=no&watchFile=no
"6949",Polypodium glycyrrhiza,Polypodium,glycyrrhiza,,,,native,S5,,48.947468330000000,-123.501121699999999,,NA,NA,"70065811",obs_native,file:///D:/Simon/Sync/Root/GIS/Biodiversity%20Data/obs_native.csv?type=csv&maxFields=10000&detectTypes=yes&xField=longitude&yField=latitude&crs=EPSG:4326&spatialIndex=no&subsetIndex=no&watchFile=no
"6950",Polypodium glycyrrhiza,Polypodium,glycyrrhiza,,,,native,S5,,48.867777779999997,-123.340277799999996,,NA,NA,"72117878",obs_native,file:///D:/Simon/Sync/Root/GIS/Biodiversity%20Data/obs_native.csv?type=csv&maxFields=10000&detectTypes=yes&xField=longitude&yField=latitude&crs=EPSG:4326&spatialIndex=no&subsetIndex=no&watchFile=no
"6951",Polypodium glycyrrhiza,Polypodium,glycyrrhiza,,,,native,S5,,48.871650000000002,-123.311303300000006,,NA,NA,"82952860",obs_native,file:///D:/Simon/Sync/Root/GIS/Biodiversity%20Data/obs_native.csv?type=csv&maxFields=10000&detectTypes=yes&xField=longitude&yField=latitude&crs=EPSG:4326&spatialIndex=no&subsetIndex=no&watchFile=no
"6952",Polypodium glycyrrhiza,Polypodium,glycyrrhiza,,,,native,S5,,48.871560000000002,-123.311381699999998,,NA,NA,"82960312",obs_native,file:///D:/Simon/Sync/Root/GIS/Biodiversity%20Data/obs_native.csv?type=csv&maxFields=10000&detectTypes=yes&xField=longitude&yField=latitude&crs=EPSG:4326&spatialIndex=no&subsetIndex=no&watchFile=no
"6953",Polypodium glycyrrhiza,Polypodium,glycyrrhiza,,,,native,S5,,48.871821670000003,-123.310958299999996,,NA,NA,"84001444",obs_native,file:///D:/Simon/Sync/Root/GIS/Biodiversity%20Data/obs_native.csv?type=csv&maxFields=10000&detectTypes=yes&xField=longitude&yField=latitude&crs=EPSG:4326&spatialIndex=no&subsetIndex=no&watchFile=no
"6954",Polypodium glycyrrhiza,Polypodium,glycyrrhiza,,,,native,S5,,48.990116669999999,-123.551496700000001,,NA,NA,"100641811",obs_native,file:///D:/Simon/Sync/Root/GIS/Biodiversity%20Data/obs_native.csv?type=csv&maxFields=10000&detectTypes=yes&xField=longitude&yField=latitude&crs=EPSG:4326&spatialIndex=no&subsetIndex=no&watchFile=no
"6955",Polypodium glycyrrhiza,Polypodium,glycyrrhiza,,,,native,S5,,48.872329999999998,-123.312491699999995,,NA,NA,"105893620",obs_native,file:///D:/Simon/Sync/Root/GIS/Biodiversity%20Data/obs_native.csv?type=csv&maxFields=10000&detectTypes=yes&xField=longitude&yField=latitude&crs=EPSG:4326&spatialIndex=no&subsetIndex=no&watchFile=no
"6956",Polypodium glycyrrhiza,Polypodium,glycyrrhiza,,,,native,S5,,48.944216670000003,-123.517089999999996,,NA,NA,"107193927",obs_native,file:///D:/Simon/Sync/Root/GIS/Biodiversity%20Data/obs_native.csv?type=csv&maxFields=10000&detectTypes=yes&xField=longitude&yField=latitude&crs=EPSG:4326&spatialIndex=no&subsetIndex=no&watchFile=no
"6957",Polypodium glycyrrhiza,Polypodium,glycyrrhiza,,,,native,S5,,48.871510000000001,-123.311376699999997,,NA,NA,"109707343",obs_native,file:///D:/Simon/Sync/Root/GIS/Biodiversity%20Data/obs_native.csv?type=csv&maxFields=10000&detectTypes=yes&xField=longitude&yField=latitude&crs=EPSG:4326&spatialIndex=no&subsetIndex=no&watchFile=no
"6958",Polypodium glycyrrhiza,Polypodium,glycyrrhiza,,,,native,S5,,48.906450000000000,-123.361706699999999,,NA,NA,"111052872",obs_native,file:///D:/Simon/Sync/Root/GIS/Biodiversity%20Data/obs_native.csv?type=csv&maxFields=10000&detectTypes=yes&xField=longitude&yField=latitude&crs=EPSG:4326&spatialIndex=no&subsetIndex=no&watchFile=no
"6959",Polypodium glycyrrhiza,Polypodium,glycyrrhiza,,,,native,S5,,48.952503329999999,-123.533233300000006,,NA,NA,"111107265",obs_native,file:///D:/Simon/Sync/Root/GIS/Biodiversity%20Data/obs_native.csv?type=csv&maxFields=10000&detectTypes=yes&xField=longitude&yField=latitude&crs=EPSG:4326&spatialIndex=no&subsetIndex=no&watchFile=no
"6960",Polypodium glycyrrhiza,Polypodium,glycyrrhiza,,,,native,S5,,48.909385000000000,-123.370850000000004,,NA,NA,"114482187",obs_native,file:///D:/Simon/Sync/Root/GIS/Biodiversity%20Data/obs_native.csv?type=csv&maxFields=10000&detectTypes=yes&xField=longitude&yField=latitude&crs=EPSG:4326&spatialIndex=no&subsetIndex=no&watchFile=no
"6961",Polypodium glycyrrhiza,Polypodium,glycyrrhiza,,,,native,S5,,48.874119999999998,-123.339011700000000,,NA,NA,"119934739",obs_native,file:///D:/Simon/Sync/Root/GIS/Biodiversity%20Data/obs_native.csv?type=csv&maxFields=10000&detectTypes=yes&xField=longitude&yField=latitude&crs=EPSG:4326&spatialIndex=no&subsetIndex=no&watchFile=no
"6962",Polypodium glycyrrhiza,Polypodium,glycyrrhiza,,,,native,S5,,49.013991670000003,-123.573671700000006,,NA,NA,"123934593",obs_native,file:///D:/Simon/Sync/Root/GIS/Biodiversity%20Data/obs_native.csv?type=csv&maxFields=10000&detectTypes=yes&xField=longitude&yField=latitude&crs=EPSG:4326&spatialIndex=no&subsetIndex=no&watchFile=no
"6963",Polypodium glycyrrhiza,Polypodium,glycyrrhiza,,,,native,S5,,48.896180000000001,-123.406324999999995,,NA,NA,"127944797",obs_native,file:///D:/Simon/Sync/Root/GIS/Biodiversity%20Data/obs_native.csv?type=csv&maxFields=10000&detectTypes=yes&xField=longitude&yField=latitude&crs=EPSG:4326&spatialIndex=no&subsetIndex=no&watchFile=no
"6964",Polystichum munitum,Polystichum,munitum,,,,native,S5,,48.930912999999997,-123.469076000000001,,NA,NA,"2567690",obs_native,file:///D:/Simon/Sync/Root/GIS/Biodiversity%20Data/obs_native.csv?type=csv&maxFields=10000&detectTypes=yes&xField=longitude&yField=latitude&crs=EPSG:4326&spatialIndex=no&subsetIndex=no&watchFile=no
"6965",Polystichum munitum,Polystichum,munitum,,,,native,S5,,48.936574000000000,-123.460235999999995,,NA,NA,"2583429",obs_native,file:///D:/Simon/Sync/Root/GIS/Biodiversity%20Data/obs_native.csv?type=csv&maxFields=10000&detectTypes=yes&xField=longitude&yField=latitude&crs=EPSG:4326&spatialIndex=no&subsetIndex=no&watchFile=no
"6966",Polystichum munitum,Polystichum,munitum,,,,native,S5,,48.983272999999997,-123.556451999999993,,NA,NA,"2615148",obs_native,file:///D:/Simon/Sync/Root/GIS/Biodiversity%20Data/obs_native.csv?type=csv&maxFields=10000&detectTypes=yes&xField=longitude&yField=latitude&crs=EPSG:4326&spatialIndex=no&subsetIndex=no&watchFile=no
"6967",Polystichum munitum,Polystichum,munitum,,,,native,S5,,48.933219999999999,-123.479898000000006,,NA,NA,"2632618",obs_native,file:///D:/Simon/Sync/Root/GIS/Biodiversity%20Data/obs_native.csv?type=csv&maxFields=10000&detectTypes=yes&xField=longitude&yField=latitude&crs=EPSG:4326&spatialIndex=no&subsetIndex=no&watchFile=no
"6968",Polystichum munitum,Polystichum,munitum,,,,native,S5,,48.920386000000001,-123.450622999999993,,NA,NA,"2635221",obs_native,file:///D:/Simon/Sync/Root/GIS/Biodiversity%20Data/obs_native.csv?type=csv&maxFields=10000&detectTypes=yes&xField=longitude&yField=latitude&crs=EPSG:4326&spatialIndex=no&subsetIndex=no&watchFile=no
"6969",Polystichum munitum,Polystichum,munitum,,,,native,S5,,48.868792740000004,-123.344147000000007,,NA,NA,"2647796",obs_native,file:///D:/Simon/Sync/Root/GIS/Biodiversity%20Data/obs_native.csv?type=csv&maxFields=10000&detectTypes=yes&xField=longitude&yField=latitude&crs=EPSG:4326&spatialIndex=no&subsetIndex=no&watchFile=no
"6970",Polystichum munitum,Polystichum,munitum,,,,native,S5,,48.878850999999997,-123.319674000000006,,NA,NA,"2660446",obs_native,file:///D:/Simon/Sync/Root/GIS/Biodiversity%20Data/obs_native.csv?type=csv&maxFields=10000&detectTypes=yes&xField=longitude&yField=latitude&crs=EPSG:4326&spatialIndex=no&subsetIndex=no&watchFile=no
"6971",Polystichum munitum,Polystichum,munitum,,,,native,S5,,49.007494000000001,-123.580174000000000,,NA,NA,"2679486",obs_native,file:///D:/Simon/Sync/Root/GIS/Biodiversity%20Data/obs_native.csv?type=csv&maxFields=10000&detectTypes=yes&xField=longitude&yField=latitude&crs=EPSG:4326&spatialIndex=no&subsetIndex=no&watchFile=no
"6972",Polystichum munitum,Polystichum,munitum,,,,native,S5,,48.868282999999998,-123.342605000000006,,NA,NA,"2889753",obs_native,file:///D:/Simon/Sync/Root/GIS/Biodiversity%20Data/obs_native.csv?type=csv&maxFields=10000&detectTypes=yes&xField=longitude&yField=latitude&crs=EPSG:4326&spatialIndex=no&subsetIndex=no&watchFile=no
"6973",Polystichum munitum,Polystichum,munitum,,,,native,S5,,48.867718000000004,-123.340086999999997,,NA,NA,"3041397",obs_native,file:///D:/Simon/Sync/Root/GIS/Biodiversity%20Data/obs_native.csv?type=csv&maxFields=10000&detectTypes=yes&xField=longitude&yField=latitude&crs=EPSG:4326&spatialIndex=no&subsetIndex=no&watchFile=no
"6974",Polystichum munitum,Polystichum,munitum,,,,native,S5,,48.934009000000003,-123.471886999999995,,NA,NA,"3104358",obs_native,file:///D:/Simon/Sync/Root/GIS/Biodiversity%20Data/obs_native.csv?type=csv&maxFields=10000&detectTypes=yes&xField=longitude&yField=latitude&crs=EPSG:4326&spatialIndex=no&subsetIndex=no&watchFile=no
"6975",Polystichum munitum,Polystichum,munitum,,,,native,S5,,48.932492000000003,-123.483323999999996,,NA,NA,"3319540",obs_native,file:///D:/Simon/Sync/Root/GIS/Biodiversity%20Data/obs_native.csv?type=csv&maxFields=10000&detectTypes=yes&xField=longitude&yField=latitude&crs=EPSG:4326&spatialIndex=no&subsetIndex=no&watchFile=no
"6976",Polystichum munitum,Polystichum,munitum,,,,native,S5,,48.894743949999999,-123.405110800000003,,NA,NA,"3701045",obs_native,file:///D:/Simon/Sync/Root/GIS/Biodiversity%20Data/obs_native.csv?type=csv&maxFields=10000&detectTypes=yes&xField=longitude&yField=latitude&crs=EPSG:4326&spatialIndex=no&subsetIndex=no&watchFile=no
"6977",Polystichum munitum,Polystichum,munitum,,,,native,S5,,48.868839000000001,-123.345634000000004,,NA,NA,"4766274",obs_native,file:///D:/Simon/Sync/Root/GIS/Biodiversity%20Data/obs_native.csv?type=csv&maxFields=10000&detectTypes=yes&xField=longitude&yField=latitude&crs=EPSG:4326&spatialIndex=no&subsetIndex=no&watchFile=no
"6978",Polystichum munitum,Polystichum,munitum,,,,native,S5,,48.868839000000001,-123.345634000000004,,NA,NA,"4766282",obs_native,file:///D:/Simon/Sync/Root/GIS/Biodiversity%20Data/obs_native.csv?type=csv&maxFields=10000&detectTypes=yes&xField=longitude&yField=latitude&crs=EPSG:4326&spatialIndex=no&subsetIndex=no&watchFile=no
"6979",Polystichum munitum,Polystichum,munitum,,,,native,S5,,48.945729999999998,-123.482380000000006,,NA,NA,"5121326",obs_native,file:///D:/Simon/Sync/Root/GIS/Biodiversity%20Data/obs_native.csv?type=csv&maxFields=10000&detectTypes=yes&xField=longitude&yField=latitude&crs=EPSG:4326&spatialIndex=no&subsetIndex=no&watchFile=no
"6980",Polystichum munitum,Polystichum,munitum,,,,native,S5,,48.905323250000002,-123.356401899999994,,NA,NA,"5646978",obs_native,file:///D:/Simon/Sync/Root/GIS/Biodiversity%20Data/obs_native.csv?type=csv&maxFields=10000&detectTypes=yes&xField=longitude&yField=latitude&crs=EPSG:4326&spatialIndex=no&subsetIndex=no&watchFile=no
"6981",Polystichum munitum,Polystichum,munitum,,,,native,S5,,48.906324640000001,-123.359824399999994,,NA,NA,"5885648",obs_native,file:///D:/Simon/Sync/Root/GIS/Biodiversity%20Data/obs_native.csv?type=csv&maxFields=10000&detectTypes=yes&xField=longitude&yField=latitude&crs=EPSG:4326&spatialIndex=no&subsetIndex=no&watchFile=no
"6982",Polystichum munitum,Polystichum,munitum,,,,native,S5,,48.906042560000003,-123.358268699999996,,NA,NA,"5886271",obs_native,file:///D:/Simon/Sync/Root/GIS/Biodiversity%20Data/obs_native.csv?type=csv&maxFields=10000&detectTypes=yes&xField=longitude&yField=latitude&crs=EPSG:4326&spatialIndex=no&subsetIndex=no&watchFile=no
"6983",Polystichum munitum,Polystichum,munitum,,,,native,S5,,48.906042560000003,-123.358268699999996,,NA,NA,"5886278",obs_native,file:///D:/Simon/Sync/Root/GIS/Biodiversity%20Data/obs_native.csv?type=csv&maxFields=10000&detectTypes=yes&xField=longitude&yField=latitude&crs=EPSG:4326&spatialIndex=no&subsetIndex=no&watchFile=no
"6984",Polystichum munitum,Polystichum,munitum,,,,native,S5,,48.905563020000002,-123.356026400000005,,NA,NA,"5899723",obs_native,file:///D:/Simon/Sync/Root/GIS/Biodiversity%20Data/obs_native.csv?type=csv&maxFields=10000&detectTypes=yes&xField=longitude&yField=latitude&crs=EPSG:4326&spatialIndex=no&subsetIndex=no&watchFile=no
"6985",Polystichum munitum,Polystichum,munitum,,,,native,S5,,48.904688559999997,-123.357871799999998,,NA,NA,"5900173",obs_native,file:///D:/Simon/Sync/Root/GIS/Biodiversity%20Data/obs_native.csv?type=csv&maxFields=10000&detectTypes=yes&xField=longitude&yField=latitude&crs=EPSG:4326&spatialIndex=no&subsetIndex=no&watchFile=no
"6986",Polystichum munitum,Polystichum,munitum,,,,native,S5,,48.901345700000000,-123.364856200000006,,NA,NA,"5953023",obs_native,file:///D:/Simon/Sync/Root/GIS/Biodiversity%20Data/obs_native.csv?type=csv&maxFields=10000&detectTypes=yes&xField=longitude&yField=latitude&crs=EPSG:4326&spatialIndex=no&subsetIndex=no&watchFile=no
"6987",Polystichum munitum,Polystichum,munitum,,,,native,S5,,48.902869050000000,-123.357946900000002,,NA,NA,"5953032",obs_native,file:///D:/Simon/Sync/Root/GIS/Biodiversity%20Data/obs_native.csv?type=csv&maxFields=10000&detectTypes=yes&xField=longitude&yField=latitude&crs=EPSG:4326&spatialIndex=no&subsetIndex=no&watchFile=no
"6988",Polystichum munitum,Polystichum,munitum,,,,native,S5,,48.897903870000000,-123.362978699999999,,NA,NA,"5993179",obs_native,file:///D:/Simon/Sync/Root/GIS/Biodiversity%20Data/obs_native.csv?type=csv&maxFields=10000&detectTypes=yes&xField=longitude&yField=latitude&crs=EPSG:4326&spatialIndex=no&subsetIndex=no&watchFile=no
"6989",Polystichum munitum,Polystichum,munitum,,,,native,S5,,48.900562999999998,-123.441018000000000,,NA,NA,"6329011",obs_native,file:///D:/Simon/Sync/Root/GIS/Biodiversity%20Data/obs_native.csv?type=csv&maxFields=10000&detectTypes=yes&xField=longitude&yField=latitude&crs=EPSG:4326&spatialIndex=no&subsetIndex=no&watchFile=no
"6990",Polystichum munitum,Polystichum,munitum,,,,native,S5,,48.943192879999998,-123.484139400000004,,NA,NA,"6411202",obs_native,file:///D:/Simon/Sync/Root/GIS/Biodiversity%20Data/obs_native.csv?type=csv&maxFields=10000&detectTypes=yes&xField=longitude&yField=latitude&crs=EPSG:4326&spatialIndex=no&subsetIndex=no&watchFile=no
"6991",Polystichum munitum,Polystichum,munitum,,,,native,S5,,48.870909849999997,-123.380648399999998,,NA,NA,"6468780",obs_native,file:///D:/Simon/Sync/Root/GIS/Biodiversity%20Data/obs_native.csv?type=csv&maxFields=10000&detectTypes=yes&xField=longitude&yField=latitude&crs=EPSG:4326&spatialIndex=no&subsetIndex=no&watchFile=no
"6992",Polystichum munitum,Polystichum,munitum,,,,native,S5,,48.972466599999997,-123.554241700000006,,NA,NA,"6611361",obs_native,file:///D:/Simon/Sync/Root/GIS/Biodiversity%20Data/obs_native.csv?type=csv&maxFields=10000&detectTypes=yes&xField=longitude&yField=latitude&crs=EPSG:4326&spatialIndex=no&subsetIndex=no&watchFile=no
"6993",Polystichum munitum,Polystichum,munitum,,,,native,S5,,48.876598770000001,-123.383266899999995,,NA,NA,"6714901",obs_native,file:///D:/Simon/Sync/Root/GIS/Biodiversity%20Data/obs_native.csv?type=csv&maxFields=10000&detectTypes=yes&xField=longitude&yField=latitude&crs=EPSG:4326&spatialIndex=no&subsetIndex=no&watchFile=no
"6994",Polystichum munitum,Polystichum,munitum,,,,native,S5,,48.898341000000002,-123.343038000000007,,NA,NA,"8097253",obs_native,file:///D:/Simon/Sync/Root/GIS/Biodiversity%20Data/obs_native.csv?type=csv&maxFields=10000&detectTypes=yes&xField=longitude&yField=latitude&crs=EPSG:4326&spatialIndex=no&subsetIndex=no&watchFile=no
"6995",Polystichum munitum,Polystichum,munitum,,,,native,S5,,48.917113329999999,-123.396521699999994,,NA,NA,"11577253",obs_native,file:///D:/Simon/Sync/Root/GIS/Biodiversity%20Data/obs_native.csv?type=csv&maxFields=10000&detectTypes=yes&xField=longitude&yField=latitude&crs=EPSG:4326&spatialIndex=no&subsetIndex=no&watchFile=no
"6996",Polystichum munitum,Polystichum,munitum,,,,native,S5,,48.862511670000004,-123.354203299999995,,NA,NA,"11578215",obs_native,file:///D:/Simon/Sync/Root/GIS/Biodiversity%20Data/obs_native.csv?type=csv&maxFields=10000&detectTypes=yes&xField=longitude&yField=latitude&crs=EPSG:4326&spatialIndex=no&subsetIndex=no&watchFile=no
"6997",Polystichum munitum,Polystichum,munitum,,,,native,S5,,48.870607000000000,-123.343086000000000,,NA,NA,"12761926",obs_native,file:///D:/Simon/Sync/Root/GIS/Biodiversity%20Data/obs_native.csv?type=csv&maxFields=10000&detectTypes=yes&xField=longitude&yField=latitude&crs=EPSG:4326&spatialIndex=no&subsetIndex=no&watchFile=no
"6998",Polystichum munitum,Polystichum,munitum,,,,native,S5,,48.872402999999998,-123.342645000000005,,NA,NA,"12762400",obs_native,file:///D:/Simon/Sync/Root/GIS/Biodiversity%20Data/obs_native.csv?type=csv&maxFields=10000&detectTypes=yes&xField=longitude&yField=latitude&crs=EPSG:4326&spatialIndex=no&subsetIndex=no&watchFile=no
"6999",Polystichum munitum,Polystichum,munitum,,,,native,S5,,48.874772999999998,-123.336338999999995,,NA,NA,"12762964",obs_native,file:///D:/Simon/Sync/Root/GIS/Biodiversity%20Data/obs_native.csv?type=csv&maxFields=10000&detectTypes=yes&xField=longitude&yField=latitude&crs=EPSG:4326&spatialIndex=no&subsetIndex=no&watchFile=no
"7000",Polystichum munitum,Polystichum,munitum,,,,native,S5,,48.874510000000001,-123.333782999999997,,NA,NA,"12763283",obs_native,file:///D:/Simon/Sync/Root/GIS/Biodiversity%20Data/obs_native.csv?type=csv&maxFields=10000&detectTypes=yes&xField=longitude&yField=latitude&crs=EPSG:4326&spatialIndex=no&subsetIndex=no&watchFile=no
"7001",Polystichum munitum,Polystichum,munitum,,,,native,S5,,48.880899999999997,-123.333145000000002,,NA,NA,"12774766",obs_native,file:///D:/Simon/Sync/Root/GIS/Biodiversity%20Data/obs_native.csv?type=csv&maxFields=10000&detectTypes=yes&xField=longitude&yField=latitude&crs=EPSG:4326&spatialIndex=no&subsetIndex=no&watchFile=no
"7002",Polystichum munitum,Polystichum,munitum,,,,native,S5,,48.878962000000001,-123.341682000000006,,NA,NA,"12790771",obs_native,file:///D:/Simon/Sync/Root/GIS/Biodiversity%20Data/obs_native.csv?type=csv&maxFields=10000&detectTypes=yes&xField=longitude&yField=latitude&crs=EPSG:4326&spatialIndex=no&subsetIndex=no&watchFile=no
"7003",Polystichum munitum,Polystichum,munitum,,,,native,S5,,48.874077000000000,-123.342488000000003,,NA,NA,"12791814",obs_native,file:///D:/Simon/Sync/Root/GIS/Biodiversity%20Data/obs_native.csv?type=csv&maxFields=10000&detectTypes=yes&xField=longitude&yField=latitude&crs=EPSG:4326&spatialIndex=no&subsetIndex=no&watchFile=no
"7004",Polystichum munitum,Polystichum,munitum,,,,native,S5,,48.871484000000002,-123.337271999999999,,NA,NA,"12792068",obs_native,file:///D:/Simon/Sync/Root/GIS/Biodiversity%20Data/obs_native.csv?type=csv&maxFields=10000&detectTypes=yes&xField=longitude&yField=latitude&crs=EPSG:4326&spatialIndex=no&subsetIndex=no&watchFile=no
"7005",Polystichum munitum,Polystichum,munitum,,,,native,S5,,48.871012999999998,-123.333776999999998,,NA,NA,"12792365",obs_native,file:///D:/Simon/Sync/Root/GIS/Biodiversity%20Data/obs_native.csv?type=csv&maxFields=10000&detectTypes=yes&xField=longitude&yField=latitude&crs=EPSG:4326&spatialIndex=no&subsetIndex=no&watchFile=no
"7006",Polystichum munitum,Polystichum,munitum,,,,native,S5,,48.868533999999997,-123.338466999999994,,NA,NA,"12816595",obs_native,file:///D:/Simon/Sync/Root/GIS/Biodiversity%20Data/obs_native.csv?type=csv&maxFields=10000&detectTypes=yes&xField=longitude&yField=latitude&crs=EPSG:4326&spatialIndex=no&subsetIndex=no&watchFile=no
"7007",Polystichum munitum,Polystichum,munitum,,,,native,S5,,48.903911669999999,-123.345076700000007,,NA,NA,"13972281",obs_native,file:///D:/Simon/Sync/Root/GIS/Biodiversity%20Data/obs_native.csv?type=csv&maxFields=10000&detectTypes=yes&xField=longitude&yField=latitude&crs=EPSG:4326&spatialIndex=no&subsetIndex=no&watchFile=no
"7008",Polystichum munitum,Polystichum,munitum,,,,native,S5,,48.994884319999997,-123.577255500000007,,NA,NA,"15335889",obs_native,file:///D:/Simon/Sync/Root/GIS/Biodiversity%20Data/obs_native.csv?type=csv&maxFields=10000&detectTypes=yes&xField=longitude&yField=latitude&crs=EPSG:4326&spatialIndex=no&subsetIndex=no&watchFile=no
"7009",Polystichum munitum,Polystichum,munitum,,,,native,S5,,48.865231670000000,-123.332870000000000,,NA,NA,"22799461",obs_native,file:///D:/Simon/Sync/Root/GIS/Biodiversity%20Data/obs_native.csv?type=csv&maxFields=10000&detectTypes=yes&xField=longitude&yField=latitude&crs=EPSG:4326&spatialIndex=no&subsetIndex=no&watchFile=no
"7010",Polystichum munitum,Polystichum,munitum,,,,native,S5,,48.879275000000000,-123.321893299999999,,NA,NA,"23787939",obs_native,file:///D:/Simon/Sync/Root/GIS/Biodiversity%20Data/obs_native.csv?type=csv&maxFields=10000&detectTypes=yes&xField=longitude&yField=latitude&crs=EPSG:4326&spatialIndex=no&subsetIndex=no&watchFile=no
"7011",Polystichum munitum,Polystichum,munitum,,,,native,S5,,48.872971669999998,-123.331940000000003,,NA,NA,"23832951",obs_native,file:///D:/Simon/Sync/Root/GIS/Biodiversity%20Data/obs_native.csv?type=csv&maxFields=10000&detectTypes=yes&xField=longitude&yField=latitude&crs=EPSG:4326&spatialIndex=no&subsetIndex=no&watchFile=no
"7012",Polystichum munitum,Polystichum,munitum,,,,native,S5,,49.002826519999999,-123.574567099999996,,NA,NA,"24497654",obs_native,file:///D:/Simon/Sync/Root/GIS/Biodiversity%20Data/obs_native.csv?type=csv&maxFields=10000&detectTypes=yes&xField=longitude&yField=latitude&crs=EPSG:4326&spatialIndex=no&subsetIndex=no&watchFile=no
"7013",Polystichum munitum,Polystichum,munitum,,,,native,S5,,48.962130559999999,-123.518258299999999,,NA,NA,"24663888",obs_native,file:///D:/Simon/Sync/Root/GIS/Biodiversity%20Data/obs_native.csv?type=csv&maxFields=10000&detectTypes=yes&xField=longitude&yField=latitude&crs=EPSG:4326&spatialIndex=no&subsetIndex=no&watchFile=no
"7014",Polystichum munitum,Polystichum,munitum,,,,native,S5,,48.962241669999997,-123.518150000000006,,NA,NA,"24663894",obs_native,file:///D:/Simon/Sync/Root/GIS/Biodiversity%20Data/obs_native.csv?type=csv&maxFields=10000&detectTypes=yes&xField=longitude&yField=latitude&crs=EPSG:4326&spatialIndex=no&subsetIndex=no&watchFile=no
"7015",Polystichum munitum,Polystichum,munitum,,,,native,S5,,48.962341670000001,-123.518074999999996,,NA,NA,"24663917",obs_native,file:///D:/Simon/Sync/Root/GIS/Biodiversity%20Data/obs_native.csv?type=csv&maxFields=10000&detectTypes=yes&xField=longitude&yField=latitude&crs=EPSG:4326&spatialIndex=no&subsetIndex=no&watchFile=no
"7016",Polystichum munitum,Polystichum,munitum,,,,native,S5,,48.962452780000000,-123.517866699999999,,NA,NA,"24663937",obs_native,file:///D:/Simon/Sync/Root/GIS/Biodiversity%20Data/obs_native.csv?type=csv&maxFields=10000&detectTypes=yes&xField=longitude&yField=latitude&crs=EPSG:4326&spatialIndex=no&subsetIndex=no&watchFile=no
"7017",Polystichum munitum,Polystichum,munitum,,,,native,S5,,48.963030560000000,-123.516936099999995,,NA,NA,"24665085",obs_native,file:///D:/Simon/Sync/Root/GIS/Biodiversity%20Data/obs_native.csv?type=csv&maxFields=10000&detectTypes=yes&xField=longitude&yField=latitude&crs=EPSG:4326&spatialIndex=no&subsetIndex=no&watchFile=no
"7018",Polystichum munitum,Polystichum,munitum,,,,native,S5,,48.963130560000003,-123.516175000000004,,NA,NA,"24665226",obs_native,file:///D:/Simon/Sync/Root/GIS/Biodiversity%20Data/obs_native.csv?type=csv&maxFields=10000&detectTypes=yes&xField=longitude&yField=latitude&crs=EPSG:4326&spatialIndex=no&subsetIndex=no&watchFile=no
"7019",Polystichum munitum,Polystichum,munitum,,,,native,S5,,48.963813889999997,-123.515847199999996,,NA,NA,"24665240",obs_native,file:///D:/Simon/Sync/Root/GIS/Biodiversity%20Data/obs_native.csv?type=csv&maxFields=10000&detectTypes=yes&xField=longitude&yField=latitude&crs=EPSG:4326&spatialIndex=no&subsetIndex=no&watchFile=no
"7020",Polystichum munitum,Polystichum,munitum,,,,native,S5,,48.964522219999999,-123.516288900000006,,NA,NA,"24666720",obs_native,file:///D:/Simon/Sync/Root/GIS/Biodiversity%20Data/obs_native.csv?type=csv&maxFields=10000&detectTypes=yes&xField=longitude&yField=latitude&crs=EPSG:4326&spatialIndex=no&subsetIndex=no&watchFile=no
"7021",Polystichum munitum,Polystichum,munitum,,,,native,S5,,48.964222220000003,-123.515930600000004,,NA,NA,"24666727",obs_native,file:///D:/Simon/Sync/Root/GIS/Biodiversity%20Data/obs_native.csv?type=csv&maxFields=10000&detectTypes=yes&xField=longitude&yField=latitude&crs=EPSG:4326&spatialIndex=no&subsetIndex=no&watchFile=no
"7022",Polystichum munitum,Polystichum,munitum,,,,native,S5,,48.963241670000002,-123.519980599999997,,NA,NA,"24673976",obs_native,file:///D:/Simon/Sync/Root/GIS/Biodiversity%20Data/obs_native.csv?type=csv&maxFields=10000&detectTypes=yes&xField=longitude&yField=latitude&crs=EPSG:4326&spatialIndex=no&subsetIndex=no&watchFile=no
"7023",Polystichum munitum,Polystichum,munitum,,,,native,S5,,48.964986109999998,-123.516249999999999,,NA,NA,"24674102",obs_native,file:///D:/Simon/Sync/Root/GIS/Biodiversity%20Data/obs_native.csv?type=csv&maxFields=10000&detectTypes=yes&xField=longitude&yField=latitude&crs=EPSG:4326&spatialIndex=no&subsetIndex=no&watchFile=no
"7024",Polystichum munitum,Polystichum,munitum,,,,native,S5,,48.961072219999998,-123.519119399999994,,NA,NA,"24674121",obs_native,file:///D:/Simon/Sync/Root/GIS/Biodiversity%20Data/obs_native.csv?type=csv&maxFields=10000&detectTypes=yes&xField=longitude&yField=latitude&crs=EPSG:4326&spatialIndex=no&subsetIndex=no&watchFile=no
"7025",Polystichum munitum,Polystichum,munitum,,,,native,S5,,48.964383329999997,-123.517119399999999,,NA,NA,"24674128",obs_native,file:///D:/Simon/Sync/Root/GIS/Biodiversity%20Data/obs_native.csv?type=csv&maxFields=10000&detectTypes=yes&xField=longitude&yField=latitude&crs=EPSG:4326&spatialIndex=no&subsetIndex=no&watchFile=no
"7026",Polystichum munitum,Polystichum,munitum,,,,native,S5,,48.961838890000003,-123.520102800000004,,NA,NA,"24674136",obs_native,file:///D:/Simon/Sync/Root/GIS/Biodiversity%20Data/obs_native.csv?type=csv&maxFields=10000&detectTypes=yes&xField=longitude&yField=latitude&crs=EPSG:4326&spatialIndex=no&subsetIndex=no&watchFile=no
"7027",Polystichum munitum,Polystichum,munitum,,,,native,S5,,48.964761109999998,-123.516677799999997,,NA,NA,"24674142",obs_native,file:///D:/Simon/Sync/Root/GIS/Biodiversity%20Data/obs_native.csv?type=csv&maxFields=10000&detectTypes=yes&xField=longitude&yField=latitude&crs=EPSG:4326&spatialIndex=no&subsetIndex=no&watchFile=no
"7028",Polystichum munitum,Polystichum,munitum,,,,native,S5,,48.964986109999998,-123.516249999999999,,NA,NA,"24674166",obs_native,file:///D:/Simon/Sync/Root/GIS/Biodiversity%20Data/obs_native.csv?type=csv&maxFields=10000&detectTypes=yes&xField=longitude&yField=latitude&crs=EPSG:4326&spatialIndex=no&subsetIndex=no&watchFile=no
"7029",Polystichum munitum,Polystichum,munitum,,,,native,S5,,48.961358330000003,-123.519394399999996,,NA,NA,"24674176",obs_native,file:///D:/Simon/Sync/Root/GIS/Biodiversity%20Data/obs_native.csv?type=csv&maxFields=10000&detectTypes=yes&xField=longitude&yField=latitude&crs=EPSG:4326&spatialIndex=no&subsetIndex=no&watchFile=no
"7030",Polystichum munitum,Polystichum,munitum,,,,native,S5,,48.964383329999997,-123.517119399999999,,NA,NA,"24674182",obs_native,file:///D:/Simon/Sync/Root/GIS/Biodiversity%20Data/obs_native.csv?type=csv&maxFields=10000&detectTypes=yes&xField=longitude&yField=latitude&crs=EPSG:4326&spatialIndex=no&subsetIndex=no&watchFile=no
"7031",Polystichum munitum,Polystichum,munitum,,,,native,S5,,48.961313890000000,-123.517502800000003,,NA,NA,"24674185",obs_native,file:///D:/Simon/Sync/Root/GIS/Biodiversity%20Data/obs_native.csv?type=csv&maxFields=10000&detectTypes=yes&xField=longitude&yField=latitude&crs=EPSG:4326&spatialIndex=no&subsetIndex=no&watchFile=no
"7032",Polystichum munitum,Polystichum,munitum,,,,native,S5,,48.901291669999999,-123.406294399999993,,NA,NA,"24676912",obs_native,file:///D:/Simon/Sync/Root/GIS/Biodiversity%20Data/obs_native.csv?type=csv&maxFields=10000&detectTypes=yes&xField=longitude&yField=latitude&crs=EPSG:4326&spatialIndex=no&subsetIndex=no&watchFile=no
"7033",Polystichum munitum,Polystichum,munitum,,,,native,S5,,48.896152780000001,-123.407477799999995,,NA,NA,"24677329",obs_native,file:///D:/Simon/Sync/Root/GIS/Biodiversity%20Data/obs_native.csv?type=csv&maxFields=10000&detectTypes=yes&xField=longitude&yField=latitude&crs=EPSG:4326&spatialIndex=no&subsetIndex=no&watchFile=no
"7034",Polystichum munitum,Polystichum,munitum,,,,native,S5,,48.896911109999998,-123.407661099999999,,NA,NA,"24677386",obs_native,file:///D:/Simon/Sync/Root/GIS/Biodiversity%20Data/obs_native.csv?type=csv&maxFields=10000&detectTypes=yes&xField=longitude&yField=latitude&crs=EPSG:4326&spatialIndex=no&subsetIndex=no&watchFile=no
"7035",Polystichum munitum,Polystichum,munitum,,,,native,S5,,48.896144440000000,-123.406441700000002,,NA,NA,"24677559",obs_native,file:///D:/Simon/Sync/Root/GIS/Biodiversity%20Data/obs_native.csv?type=csv&maxFields=10000&detectTypes=yes&xField=longitude&yField=latitude&crs=EPSG:4326&spatialIndex=no&subsetIndex=no&watchFile=no
"7036",Polystichum munitum,Polystichum,munitum,,,,native,S5,,48.962180560000000,-123.518180599999994,,NA,NA,"24683992",obs_native,file:///D:/Simon/Sync/Root/GIS/Biodiversity%20Data/obs_native.csv?type=csv&maxFields=10000&detectTypes=yes&xField=longitude&yField=latitude&crs=EPSG:4326&spatialIndex=no&subsetIndex=no&watchFile=no
"7037",Polystichum munitum,Polystichum,munitum,,,,native,S5,,48.962158330000001,-123.518119400000003,,NA,NA,"24684005",obs_native,file:///D:/Simon/Sync/Root/GIS/Biodiversity%20Data/obs_native.csv?type=csv&maxFields=10000&detectTypes=yes&xField=longitude&yField=latitude&crs=EPSG:4326&spatialIndex=no&subsetIndex=no&watchFile=no
"7038",Polystichum munitum,Polystichum,munitum,,,,native,S5,,48.962447220000001,-123.517386099999996,,NA,NA,"24684063",obs_native,file:///D:/Simon/Sync/Root/GIS/Biodiversity%20Data/obs_native.csv?type=csv&maxFields=10000&detectTypes=yes&xField=longitude&yField=latitude&crs=EPSG:4326&spatialIndex=no&subsetIndex=no&watchFile=no
"7039",Polystichum munitum,Polystichum,munitum,,,,native,S5,,48.962688890000003,-123.517027799999994,,NA,NA,"24685767",obs_native,file:///D:/Simon/Sync/Root/GIS/Biodiversity%20Data/obs_native.csv?type=csv&maxFields=10000&detectTypes=yes&xField=longitude&yField=latitude&crs=EPSG:4326&spatialIndex=no&subsetIndex=no&watchFile=no
"7040",Polystichum munitum,Polystichum,munitum,,,,native,S5,,48.900760990000002,-123.406777500000004,,NA,NA,"24689787",obs_native,file:///D:/Simon/Sync/Root/GIS/Biodiversity%20Data/obs_native.csv?type=csv&maxFields=10000&detectTypes=yes&xField=longitude&yField=latitude&crs=EPSG:4326&spatialIndex=no&subsetIndex=no&watchFile=no
"7041",Polystichum munitum,Polystichum,munitum,,,,native,S5,,48.962004999999998,-123.518263300000001,,NA,NA,"24698639",obs_native,file:///D:/Simon/Sync/Root/GIS/Biodiversity%20Data/obs_native.csv?type=csv&maxFields=10000&detectTypes=yes&xField=longitude&yField=latitude&crs=EPSG:4326&spatialIndex=no&subsetIndex=no&watchFile=no
"7042",Polystichum munitum,Polystichum,munitum,,,,native,S5,,48.961978330000001,-123.518921700000007,,NA,NA,"24698715",obs_native,file:///D:/Simon/Sync/Root/GIS/Biodiversity%20Data/obs_native.csv?type=csv&maxFields=10000&detectTypes=yes&xField=longitude&yField=latitude&crs=EPSG:4326&spatialIndex=no&subsetIndex=no&watchFile=no
"7043",Polystichum munitum,Polystichum,munitum,,,,native,S5,,48.957504999999998,-123.541441699999993,,NA,NA,"24698767",obs_native,file:///D:/Simon/Sync/Root/GIS/Biodiversity%20Data/obs_native.csv?type=csv&maxFields=10000&detectTypes=yes&xField=longitude&yField=latitude&crs=EPSG:4326&spatialIndex=no&subsetIndex=no&watchFile=no
"7044",Polystichum munitum,Polystichum,munitum,,,,native,S5,,48.894158330000003,-123.406970000000001,,NA,NA,"24699775",obs_native,file:///D:/Simon/Sync/Root/GIS/Biodiversity%20Data/obs_native.csv?type=csv&maxFields=10000&detectTypes=yes&xField=longitude&yField=latitude&crs=EPSG:4326&spatialIndex=no&subsetIndex=no&watchFile=no
"7045",Polystichum munitum,Polystichum,munitum,,,,native,S5,,48.866797220000002,-123.329194400000006,,NA,NA,"24701435",obs_native,file:///D:/Simon/Sync/Root/GIS/Biodiversity%20Data/obs_native.csv?type=csv&maxFields=10000&detectTypes=yes&xField=longitude&yField=latitude&crs=EPSG:4326&spatialIndex=no&subsetIndex=no&watchFile=no
"7046",Polystichum munitum,Polystichum,munitum,,,,native,S5,,48.901045000000003,-123.406621700000002,,NA,NA,"24702044",obs_native,file:///D:/Simon/Sync/Root/GIS/Biodiversity%20Data/obs_native.csv?type=csv&maxFields=10000&detectTypes=yes&xField=longitude&yField=latitude&crs=EPSG:4326&spatialIndex=no&subsetIndex=no&watchFile=no
"7047",Polystichum munitum,Polystichum,munitum,,,,native,S5,,48.962026670000000,-123.518686700000003,,NA,NA,"24702228",obs_native,file:///D:/Simon/Sync/Root/GIS/Biodiversity%20Data/obs_native.csv?type=csv&maxFields=10000&detectTypes=yes&xField=longitude&yField=latitude&crs=EPSG:4326&spatialIndex=no&subsetIndex=no&watchFile=no
"7048",Polystichum munitum,Polystichum,munitum,,,,native,S5,,48.963169999999998,-123.514753299999995,,NA,NA,"24703204",obs_native,file:///D:/Simon/Sync/Root/GIS/Biodiversity%20Data/obs_native.csv?type=csv&maxFields=10000&detectTypes=yes&xField=longitude&yField=latitude&crs=EPSG:4326&spatialIndex=no&subsetIndex=no&watchFile=no
"7049",Polystichum munitum,Polystichum,munitum,,,,native,S5,,48.901011199999999,-123.406351299999997,,NA,NA,"24708692",obs_native,file:///D:/Simon/Sync/Root/GIS/Biodiversity%20Data/obs_native.csv?type=csv&maxFields=10000&detectTypes=yes&xField=longitude&yField=latitude&crs=EPSG:4326&spatialIndex=no&subsetIndex=no&watchFile=no
"7050",Polystichum munitum,Polystichum,munitum,,,,native,S5,,48.901753329999998,-123.404913300000004,,NA,NA,"24709036",obs_native,file:///D:/Simon/Sync/Root/GIS/Biodiversity%20Data/obs_native.csv?type=csv&maxFields=10000&detectTypes=yes&xField=longitude&yField=latitude&crs=EPSG:4326&spatialIndex=no&subsetIndex=no&watchFile=no
"7051",Polystichum munitum,Polystichum,munitum,,,,native,S5,,48.962152699999997,-123.517948099999998,,NA,NA,"24709499",obs_native,file:///D:/Simon/Sync/Root/GIS/Biodiversity%20Data/obs_native.csv?type=csv&maxFields=10000&detectTypes=yes&xField=longitude&yField=latitude&crs=EPSG:4326&spatialIndex=no&subsetIndex=no&watchFile=no
"7052",Polystichum munitum,Polystichum,munitum,,,,native,S5,,48.962900959999999,-123.516126600000007,,NA,NA,"24709876",obs_native,file:///D:/Simon/Sync/Root/GIS/Biodiversity%20Data/obs_native.csv?type=csv&maxFields=10000&detectTypes=yes&xField=longitude&yField=latitude&crs=EPSG:4326&spatialIndex=no&subsetIndex=no&watchFile=no
"7053",Polystichum munitum,Polystichum,munitum,,,,native,S5,,48.963686000000003,-123.515811799999994,,NA,NA,"24709939",obs_native,file:///D:/Simon/Sync/Root/GIS/Biodiversity%20Data/obs_native.csv?type=csv&maxFields=10000&detectTypes=yes&xField=longitude&yField=latitude&crs=EPSG:4326&spatialIndex=no&subsetIndex=no&watchFile=no
"7054",Polystichum munitum,Polystichum,munitum,,,,native,S5,,48.901426280000003,-123.406684400000003,,NA,NA,"24715048",obs_native,file:///D:/Simon/Sync/Root/GIS/Biodiversity%20Data/obs_native.csv?type=csv&maxFields=10000&detectTypes=yes&xField=longitude&yField=latitude&crs=EPSG:4326&spatialIndex=no&subsetIndex=no&watchFile=no
"7055",Polystichum munitum,Polystichum,munitum,,,,native,S5,,48.901031990000000,-123.406380100000007,,NA,NA,"24715474",obs_native,file:///D:/Simon/Sync/Root/GIS/Biodiversity%20Data/obs_native.csv?type=csv&maxFields=10000&detectTypes=yes&xField=longitude&yField=latitude&crs=EPSG:4326&spatialIndex=no&subsetIndex=no&watchFile=no
"7056",Polystichum munitum,Polystichum,munitum,,,,native,S5,,48.952944969999997,-123.522347499999995,,NA,NA,"24819465",obs_native,file:///D:/Simon/Sync/Root/GIS/Biodiversity%20Data/obs_native.csv?type=csv&maxFields=10000&detectTypes=yes&xField=longitude&yField=latitude&crs=EPSG:4326&spatialIndex=no&subsetIndex=no&watchFile=no
"7057",Polystichum munitum,Polystichum,munitum,,,,native,S5,,48.962189539999997,-123.518240899999995,,NA,NA,"24919622",obs_native,file:///D:/Simon/Sync/Root/GIS/Biodiversity%20Data/obs_native.csv?type=csv&maxFields=10000&detectTypes=yes&xField=longitude&yField=latitude&crs=EPSG:4326&spatialIndex=no&subsetIndex=no&watchFile=no
"7058",Polystichum munitum,Polystichum,munitum,,,,native,S5,,48.962651680000000,-123.517137599999998,,NA,NA,"24919884",obs_native,file:///D:/Simon/Sync/Root/GIS/Biodiversity%20Data/obs_native.csv?type=csv&maxFields=10000&detectTypes=yes&xField=longitude&yField=latitude&crs=EPSG:4326&spatialIndex=no&subsetIndex=no&watchFile=no
"7059",Polystichum munitum,Polystichum,munitum,,,,native,S5,,48.963634999999996,-123.515955300000002,,NA,NA,"24920101",obs_native,file:///D:/Simon/Sync/Root/GIS/Biodiversity%20Data/obs_native.csv?type=csv&maxFields=10000&detectTypes=yes&xField=longitude&yField=latitude&crs=EPSG:4326&spatialIndex=no&subsetIndex=no&watchFile=no
"7060",Polystichum munitum,Polystichum,munitum,,,,native,S5,,48.963357010000003,-123.519982400000004,,NA,NA,"24920331",obs_native,file:///D:/Simon/Sync/Root/GIS/Biodiversity%20Data/obs_native.csv?type=csv&maxFields=10000&detectTypes=yes&xField=longitude&yField=latitude&crs=EPSG:4326&spatialIndex=no&subsetIndex=no&watchFile=no
"7061",Polystichum munitum,Polystichum,munitum,,,,native,S5,,48.962215149999999,-123.518170699999999,,NA,NA,"24940104",obs_native,file:///D:/Simon/Sync/Root/GIS/Biodiversity%20Data/obs_native.csv?type=csv&maxFields=10000&detectTypes=yes&xField=longitude&yField=latitude&crs=EPSG:4326&spatialIndex=no&subsetIndex=no&watchFile=no
"7062",Polystichum munitum,Polystichum,munitum,,,,native,S5,,48.962994670000000,-123.516157100000001,,NA,NA,"24941109",obs_native,file:///D:/Simon/Sync/Root/GIS/Biodiversity%20Data/obs_native.csv?type=csv&maxFields=10000&detectTypes=yes&xField=longitude&yField=latitude&crs=EPSG:4326&spatialIndex=no&subsetIndex=no&watchFile=no
"7063",Polystichum munitum,Polystichum,munitum,,,,native,S5,,48.963675569999999,-123.515310799999995,,NA,NA,"24941302",obs_native,file:///D:/Simon/Sync/Root/GIS/Biodiversity%20Data/obs_native.csv?type=csv&maxFields=10000&detectTypes=yes&xField=longitude&yField=latitude&crs=EPSG:4326&spatialIndex=no&subsetIndex=no&watchFile=no
"7064",Polystichum munitum,Polystichum,munitum,,,,native,S5,,48.964935160000003,-123.516813099999993,,NA,NA,"24941784",obs_native,file:///D:/Simon/Sync/Root/GIS/Biodiversity%20Data/obs_native.csv?type=csv&maxFields=10000&detectTypes=yes&xField=longitude&yField=latitude&crs=EPSG:4326&spatialIndex=no&subsetIndex=no&watchFile=no
"7065",Polystichum munitum,Polystichum,munitum,,,,native,S5,,48.899273549999997,-123.404107199999999,,NA,NA,"25478319",obs_native,file:///D:/Simon/Sync/Root/GIS/Biodiversity%20Data/obs_native.csv?type=csv&maxFields=10000&detectTypes=yes&xField=longitude&yField=latitude&crs=EPSG:4326&spatialIndex=no&subsetIndex=no&watchFile=no
"7066",Polystichum munitum,Polystichum,munitum,,,,native,S5,,48.978948610000003,-123.556493500000002,,NA,NA,"25479240",obs_native,file:///D:/Simon/Sync/Root/GIS/Biodiversity%20Data/obs_native.csv?type=csv&maxFields=10000&detectTypes=yes&xField=longitude&yField=latitude&crs=EPSG:4326&spatialIndex=no&subsetIndex=no&watchFile=no
"7067",Polystichum munitum,Polystichum,munitum,,,,native,S5,,48.979276220000003,-123.557095399999994,,NA,NA,"25479945",obs_native,file:///D:/Simon/Sync/Root/GIS/Biodiversity%20Data/obs_native.csv?type=csv&maxFields=10000&detectTypes=yes&xField=longitude&yField=latitude&crs=EPSG:4326&spatialIndex=no&subsetIndex=no&watchFile=no
"7068",Polystichum munitum,Polystichum,munitum,,,,native,S5,,48.979546659999997,-123.557308500000005,,NA,NA,"25480103",obs_native,file:///D:/Simon/Sync/Root/GIS/Biodiversity%20Data/obs_native.csv?type=csv&maxFields=10000&detectTypes=yes&xField=longitude&yField=latitude&crs=EPSG:4326&spatialIndex=no&subsetIndex=no&watchFile=no
"7069",Polystichum munitum,Polystichum,munitum,,,,native,S5,,48.900794439999999,-123.405716699999999,,NA,NA,"25560961",obs_native,file:///D:/Simon/Sync/Root/GIS/Biodiversity%20Data/obs_native.csv?type=csv&maxFields=10000&detectTypes=yes&xField=longitude&yField=latitude&crs=EPSG:4326&spatialIndex=no&subsetIndex=no&watchFile=no
"7070",Polystichum munitum,Polystichum,munitum,,,,native,S5,,48.962422220000001,-123.517927799999995,,NA,NA,"25596126",obs_native,file:///D:/Simon/Sync/Root/GIS/Biodiversity%20Data/obs_native.csv?type=csv&maxFields=10000&detectTypes=yes&xField=longitude&yField=latitude&crs=EPSG:4326&spatialIndex=no&subsetIndex=no&watchFile=no
"7071",Polystichum munitum,Polystichum,munitum,,,,native,S5,,48.962180560000000,-123.518036100000003,,NA,NA,"25596129",obs_native,file:///D:/Simon/Sync/Root/GIS/Biodiversity%20Data/obs_native.csv?type=csv&maxFields=10000&detectTypes=yes&xField=longitude&yField=latitude&crs=EPSG:4326&spatialIndex=no&subsetIndex=no&watchFile=no
"7072",Polystichum munitum,Polystichum,munitum,,,,native,S5,,48.866680559999999,-123.330427799999995,,NA,NA,"25658081",obs_native,file:///D:/Simon/Sync/Root/GIS/Biodiversity%20Data/obs_native.csv?type=csv&maxFields=10000&detectTypes=yes&xField=longitude&yField=latitude&crs=EPSG:4326&spatialIndex=no&subsetIndex=no&watchFile=no
"7073",Polystichum munitum,Polystichum,munitum,,,,native,S5,,48.866633329999999,-123.331208300000000,,NA,NA,"25658082",obs_native,file:///D:/Simon/Sync/Root/GIS/Biodiversity%20Data/obs_native.csv?type=csv&maxFields=10000&detectTypes=yes&xField=longitude&yField=latitude&crs=EPSG:4326&spatialIndex=no&subsetIndex=no&watchFile=no
"7074",Polystichum munitum,Polystichum,munitum,,,,native,S5,,48.873101079999998,-123.322892600000003,,NA,NA,"29817770",obs_native,file:///D:/Simon/Sync/Root/GIS/Biodiversity%20Data/obs_native.csv?type=csv&maxFields=10000&detectTypes=yes&xField=longitude&yField=latitude&crs=EPSG:4326&spatialIndex=no&subsetIndex=no&watchFile=no
"7075",Polystichum munitum,Polystichum,munitum,,,,native,S5,,49.010249999999999,-123.577941699999997,,NA,NA,"31006142",obs_native,file:///D:/Simon/Sync/Root/GIS/Biodiversity%20Data/obs_native.csv?type=csv&maxFields=10000&detectTypes=yes&xField=longitude&yField=latitude&crs=EPSG:4326&spatialIndex=no&subsetIndex=no&watchFile=no
"7076",Polystichum munitum,Polystichum,munitum,,,,native,S5,,48.895591670000002,-123.405563299999997,,NA,NA,"32119774",obs_native,file:///D:/Simon/Sync/Root/GIS/Biodiversity%20Data/obs_native.csv?type=csv&maxFields=10000&detectTypes=yes&xField=longitude&yField=latitude&crs=EPSG:4326&spatialIndex=no&subsetIndex=no&watchFile=no
"7077",Polystichum munitum,Polystichum,munitum,,,,native,S5,,48.897213330000000,-123.408844999999999,,NA,NA,"32120963",obs_native,file:///D:/Simon/Sync/Root/GIS/Biodiversity%20Data/obs_native.csv?type=csv&maxFields=10000&detectTypes=yes&xField=longitude&yField=latitude&crs=EPSG:4326&spatialIndex=no&subsetIndex=no&watchFile=no
"7078",Polystichum munitum,Polystichum,munitum,,,,native,S5,,48.946136699999997,-123.479526800000002,,NA,NA,"38433956",obs_native,file:///D:/Simon/Sync/Root/GIS/Biodiversity%20Data/obs_native.csv?type=csv&maxFields=10000&detectTypes=yes&xField=longitude&yField=latitude&crs=EPSG:4326&spatialIndex=no&subsetIndex=no&watchFile=no
"7079",Polystichum munitum,Polystichum,munitum,,,,native,S5,,48.946728450000002,-123.480159400000005,,NA,NA,"38434046",obs_native,file:///D:/Simon/Sync/Root/GIS/Biodiversity%20Data/obs_native.csv?type=csv&maxFields=10000&detectTypes=yes&xField=longitude&yField=latitude&crs=EPSG:4326&spatialIndex=no&subsetIndex=no&watchFile=no
"7080",Polystichum munitum,Polystichum,munitum,,,,native,S5,,48.929931660000001,-123.467593600000001,,NA,NA,"52906870",obs_native,file:///D:/Simon/Sync/Root/GIS/Biodiversity%20Data/obs_native.csv?type=csv&maxFields=10000&detectTypes=yes&xField=longitude&yField=latitude&crs=EPSG:4326&spatialIndex=no&subsetIndex=no&watchFile=no
"7081",Polystichum munitum,Polystichum,munitum,,,,native,S5,,48.927211000000000,-123.468439700000005,,NA,NA,"53331951",obs_native,file:///D:/Simon/Sync/Root/GIS/Biodiversity%20Data/obs_native.csv?type=csv&maxFields=10000&detectTypes=yes&xField=longitude&yField=latitude&crs=EPSG:4326&spatialIndex=no&subsetIndex=no&watchFile=no
"7082",Polystichum munitum,Polystichum,munitum,,,,native,S5,,48.932244320000002,-123.479006100000007,,NA,NA,"53384407",obs_native,file:///D:/Simon/Sync/Root/GIS/Biodiversity%20Data/obs_native.csv?type=csv&maxFields=10000&detectTypes=yes&xField=longitude&yField=latitude&crs=EPSG:4326&spatialIndex=no&subsetIndex=no&watchFile=no
"7083",Polystichum munitum,Polystichum,munitum,,,,native,S5,,48.932550370000001,-123.479570899999999,,NA,NA,"54411323",obs_native,file:///D:/Simon/Sync/Root/GIS/Biodiversity%20Data/obs_native.csv?type=csv&maxFields=10000&detectTypes=yes&xField=longitude&yField=latitude&crs=EPSG:4326&spatialIndex=no&subsetIndex=no&watchFile=no
"7084",Polystichum munitum,Polystichum,munitum,,,,native,S5,,48.928285500000001,-123.469070799999997,,NA,NA,"54577138",obs_native,file:///D:/Simon/Sync/Root/GIS/Biodiversity%20Data/obs_native.csv?type=csv&maxFields=10000&detectTypes=yes&xField=longitude&yField=latitude&crs=EPSG:4326&spatialIndex=no&subsetIndex=no&watchFile=no
"7085",Polystichum munitum,Polystichum,munitum,,,,native,S5,,48.957067639999998,-123.505127799999997,,NA,NA,"54691158",obs_native,file:///D:/Simon/Sync/Root/GIS/Biodiversity%20Data/obs_native.csv?type=csv&maxFields=10000&detectTypes=yes&xField=longitude&yField=latitude&crs=EPSG:4326&spatialIndex=no&subsetIndex=no&watchFile=no
"7086",Polystichum munitum,Polystichum,munitum,,,,native,S5,,48.960087170000001,-123.509684800000002,,NA,NA,"55493295",obs_native,file:///D:/Simon/Sync/Root/GIS/Biodiversity%20Data/obs_native.csv?type=csv&maxFields=10000&detectTypes=yes&xField=longitude&yField=latitude&crs=EPSG:4326&spatialIndex=no&subsetIndex=no&watchFile=no
"7087",Polystichum munitum,Polystichum,munitum,,,,native,S5,,48.916203330000002,-123.426163299999999,,NA,NA,"57789615",obs_native,file:///D:/Simon/Sync/Root/GIS/Biodiversity%20Data/obs_native.csv?type=csv&maxFields=10000&detectTypes=yes&xField=longitude&yField=latitude&crs=EPSG:4326&spatialIndex=no&subsetIndex=no&watchFile=no
"7088",Polystichum munitum,Polystichum,munitum,,,,native,S5,,48.928858329999997,-123.468405000000004,,NA,NA,"61783707",obs_native,file:///D:/Simon/Sync/Root/GIS/Biodiversity%20Data/obs_native.csv?type=csv&maxFields=10000&detectTypes=yes&xField=longitude&yField=latitude&crs=EPSG:4326&spatialIndex=no&subsetIndex=no&watchFile=no
"7089",Polystichum munitum,Polystichum,munitum,,,,native,S5,,48.933420020000000,-123.485852899999998,,NA,NA,"62596471",obs_native,file:///D:/Simon/Sync/Root/GIS/Biodiversity%20Data/obs_native.csv?type=csv&maxFields=10000&detectTypes=yes&xField=longitude&yField=latitude&crs=EPSG:4326&spatialIndex=no&subsetIndex=no&watchFile=no
"7090",Polystichum munitum,Polystichum,munitum,,,,native,S5,,48.978641160000002,-123.541582399999996,,NA,NA,"67147411",obs_native,file:///D:/Simon/Sync/Root/GIS/Biodiversity%20Data/obs_native.csv?type=csv&maxFields=10000&detectTypes=yes&xField=longitude&yField=latitude&crs=EPSG:4326&spatialIndex=no&subsetIndex=no&watchFile=no
"7091",Polystichum munitum,Polystichum,munitum,,,,native,S5,,48.942277580000003,-123.499643899999995,,NA,NA,"70065791",obs_native,file:///D:/Simon/Sync/Root/GIS/Biodiversity%20Data/obs_native.csv?type=csv&maxFields=10000&detectTypes=yes&xField=longitude&yField=latitude&crs=EPSG:4326&spatialIndex=no&subsetIndex=no&watchFile=no
"7092",Polystichum munitum,Polystichum,munitum,,,,native,S5,,48.947956670000003,-123.501790000000000,,NA,NA,"70065807",obs_native,file:///D:/Simon/Sync/Root/GIS/Biodiversity%20Data/obs_native.csv?type=csv&maxFields=10000&detectTypes=yes&xField=longitude&yField=latitude&crs=EPSG:4326&spatialIndex=no&subsetIndex=no&watchFile=no
"7093",Polystichum munitum,Polystichum,munitum,,,,native,S5,,48.947648330000000,-123.501255000000000,,NA,NA,"70065820",obs_native,file:///D:/Simon/Sync/Root/GIS/Biodiversity%20Data/obs_native.csv?type=csv&maxFields=10000&detectTypes=yes&xField=longitude&yField=latitude&crs=EPSG:4326&spatialIndex=no&subsetIndex=no&watchFile=no
"7094",Polystichum munitum,Polystichum,munitum,,,,native,S5,,48.943298329999998,-123.501238299999997,,NA,NA,"70065833",obs_native,file:///D:/Simon/Sync/Root/GIS/Biodiversity%20Data/obs_native.csv?type=csv&maxFields=10000&detectTypes=yes&xField=longitude&yField=latitude&crs=EPSG:4326&spatialIndex=no&subsetIndex=no&watchFile=no
"7095",Polystichum munitum,Polystichum,munitum,,,,native,S5,,48.943894999999998,-123.502875000000003,,NA,NA,"70065838",obs_native,file:///D:/Simon/Sync/Root/GIS/Biodiversity%20Data/obs_native.csv?type=csv&maxFields=10000&detectTypes=yes&xField=longitude&yField=latitude&crs=EPSG:4326&spatialIndex=no&subsetIndex=no&watchFile=no
"7096",Polystichum munitum,Polystichum,munitum,,,,native,S5,,48.941730000000000,-123.500915000000006,,NA,NA,"72321472",obs_native,file:///D:/Simon/Sync/Root/GIS/Biodiversity%20Data/obs_native.csv?type=csv&maxFields=10000&detectTypes=yes&xField=longitude&yField=latitude&crs=EPSG:4326&spatialIndex=no&subsetIndex=no&watchFile=no
"7097",Polystichum munitum,Polystichum,munitum,,,,native,S5,,48.877502780000000,-123.340211100000005,,NA,NA,"77958686",obs_native,file:///D:/Simon/Sync/Root/GIS/Biodiversity%20Data/obs_native.csv?type=csv&maxFields=10000&detectTypes=yes&xField=longitude&yField=latitude&crs=EPSG:4326&spatialIndex=no&subsetIndex=no&watchFile=no
"7098",Polystichum munitum,Polystichum,munitum,,,,native,S5,,48.887258330000002,-123.362748300000007,,NA,NA,"83097999",obs_native,file:///D:/Simon/Sync/Root/GIS/Biodiversity%20Data/obs_native.csv?type=csv&maxFields=10000&detectTypes=yes&xField=longitude&yField=latitude&crs=EPSG:4326&spatialIndex=no&subsetIndex=no&watchFile=no
"7099",Polystichum munitum,Polystichum,munitum,,,,native,S5,,48.875900000000001,-123.384420000000006,,NA,NA,"83738301",obs_native,file:///D:/Simon/Sync/Root/GIS/Biodiversity%20Data/obs_native.csv?type=csv&maxFields=10000&detectTypes=yes&xField=longitude&yField=latitude&crs=EPSG:4326&spatialIndex=no&subsetIndex=no&watchFile=no
"7100",Polystichum munitum,Polystichum,munitum,,,,native,S5,,48.928925000000000,-123.468483300000003,,NA,NA,"83971044",obs_native,file:///D:/Simon/Sync/Root/GIS/Biodiversity%20Data/obs_native.csv?type=csv&maxFields=10000&detectTypes=yes&xField=longitude&yField=latitude&crs=EPSG:4326&spatialIndex=no&subsetIndex=no&watchFile=no
"7101",Polystichum munitum,Polystichum,munitum,,,,native,S5,,48.930646289999999,-123.469913300000002,,NA,NA,"84010684",obs_native,file:///D:/Simon/Sync/Root/GIS/Biodiversity%20Data/obs_native.csv?type=csv&maxFields=10000&detectTypes=yes&xField=longitude&yField=latitude&crs=EPSG:4326&spatialIndex=no&subsetIndex=no&watchFile=no
"7102",Polystichum munitum,Polystichum,munitum,,,,native,S5,,48.927693040000001,-123.467218599999995,,NA,NA,"84147247",obs_native,file:///D:/Simon/Sync/Root/GIS/Biodiversity%20Data/obs_native.csv?type=csv&maxFields=10000&detectTypes=yes&xField=longitude&yField=latitude&crs=EPSG:4326&spatialIndex=no&subsetIndex=no&watchFile=no
"7103",Polystichum munitum,Polystichum,munitum,,,,native,S5,,48.928271670000001,-123.467933299999999,,NA,NA,"84576518",obs_native,file:///D:/Simon/Sync/Root/GIS/Biodiversity%20Data/obs_native.csv?type=csv&maxFields=10000&detectTypes=yes&xField=longitude&yField=latitude&crs=EPSG:4326&spatialIndex=no&subsetIndex=no&watchFile=no
"7104",Polystichum munitum,Polystichum,munitum,,,,native,S5,,48.932352960000003,-123.479360299999996,,NA,NA,"84596229",obs_native,file:///D:/Simon/Sync/Root/GIS/Biodiversity%20Data/obs_native.csv?type=csv&maxFields=10000&detectTypes=yes&xField=longitude&yField=latitude&crs=EPSG:4326&spatialIndex=no&subsetIndex=no&watchFile=no
"7105",Polystichum munitum,Polystichum,munitum,,,,native,S5,,48.927692389999997,-123.467842899999994,,NA,NA,"84629169",obs_native,file:///D:/Simon/Sync/Root/GIS/Biodiversity%20Data/obs_native.csv?type=csv&maxFields=10000&detectTypes=yes&xField=longitude&yField=latitude&crs=EPSG:4326&spatialIndex=no&subsetIndex=no&watchFile=no
"7106",Polystichum munitum,Polystichum,munitum,,,,native,S5,,48.928883460000002,-123.467388700000001,,NA,NA,"84635990",obs_native,file:///D:/Simon/Sync/Root/GIS/Biodiversity%20Data/obs_native.csv?type=csv&maxFields=10000&detectTypes=yes&xField=longitude&yField=latitude&crs=EPSG:4326&spatialIndex=no&subsetIndex=no&watchFile=no
"7107",Polystichum munitum,Polystichum,munitum,,,,native,S5,,48.874583330000000,-123.319673300000005,,NA,NA,"86360388",obs_native,file:///D:/Simon/Sync/Root/GIS/Biodiversity%20Data/obs_native.csv?type=csv&maxFields=10000&detectTypes=yes&xField=longitude&yField=latitude&crs=EPSG:4326&spatialIndex=no&subsetIndex=no&watchFile=no
"7108",Polystichum munitum,Polystichum,munitum,,,,native,S5,,48.874794999999999,-123.320091700000006,,NA,NA,"86360396",obs_native,file:///D:/Simon/Sync/Root/GIS/Biodiversity%20Data/obs_native.csv?type=csv&maxFields=10000&detectTypes=yes&xField=longitude&yField=latitude&crs=EPSG:4326&spatialIndex=no&subsetIndex=no&watchFile=no
"7109",Polystichum munitum,Polystichum,munitum,,,,native,S5,,48.868400800000003,-123.339248299999994,,NA,NA,"86633410",obs_native,file:///D:/Simon/Sync/Root/GIS/Biodiversity%20Data/obs_native.csv?type=csv&maxFields=10000&detectTypes=yes&xField=longitude&yField=latitude&crs=EPSG:4326&spatialIndex=no&subsetIndex=no&watchFile=no
"7110",Polystichum munitum,Polystichum,munitum,,,,native,S5,,48.872745049999999,-123.342777799999993,,NA,NA,"87960700",obs_native,file:///D:/Simon/Sync/Root/GIS/Biodiversity%20Data/obs_native.csv?type=csv&maxFields=10000&detectTypes=yes&xField=longitude&yField=latitude&crs=EPSG:4326&spatialIndex=no&subsetIndex=no&watchFile=no
"7111",Polystichum munitum,Polystichum,munitum,,,,native,S5,,48.976928330000000,-123.553998300000003,,NA,NA,"89513189",obs_native,file:///D:/Simon/Sync/Root/GIS/Biodiversity%20Data/obs_native.csv?type=csv&maxFields=10000&detectTypes=yes&xField=longitude&yField=latitude&crs=EPSG:4326&spatialIndex=no&subsetIndex=no&watchFile=no
"7112",Polystichum munitum,Polystichum,munitum,,,,native,S5,,48.979206830000003,-123.557561300000003,,NA,NA,"89513294",obs_native,file:///D:/Simon/Sync/Root/GIS/Biodiversity%20Data/obs_native.csv?type=csv&maxFields=10000&detectTypes=yes&xField=longitude&yField=latitude&crs=EPSG:4326&spatialIndex=no&subsetIndex=no&watchFile=no
"7113",Polystichum munitum,Polystichum,munitum,,,,native,S5,,48.884338329999999,-123.370040000000003,,NA,NA,"93550061",obs_native,file:///D:/Simon/Sync/Root/GIS/Biodiversity%20Data/obs_native.csv?type=csv&maxFields=10000&detectTypes=yes&xField=longitude&yField=latitude&crs=EPSG:4326&spatialIndex=no&subsetIndex=no&watchFile=no
"7114",Polystichum munitum,Polystichum,munitum,,,,native,S5,,48.884323330000001,-123.370121699999999,,NA,NA,"93550062",obs_native,file:///D:/Simon/Sync/Root/GIS/Biodiversity%20Data/obs_native.csv?type=csv&maxFields=10000&detectTypes=yes&xField=longitude&yField=latitude&crs=EPSG:4326&spatialIndex=no&subsetIndex=no&watchFile=no
"7115",Polystichum munitum,Polystichum,munitum,,,,native,S5,,48.984286670000003,-123.544595000000001,,NA,NA,"93749981",obs_native,file:///D:/Simon/Sync/Root/GIS/Biodiversity%20Data/obs_native.csv?type=csv&maxFields=10000&detectTypes=yes&xField=longitude&yField=latitude&crs=EPSG:4326&spatialIndex=no&subsetIndex=no&watchFile=no
"7116",Polystichum munitum,Polystichum,munitum,,,,native,S5,,48.994463330000002,-123.560766700000002,,NA,NA,"94679755",obs_native,file:///D:/Simon/Sync/Root/GIS/Biodiversity%20Data/obs_native.csv?type=csv&maxFields=10000&detectTypes=yes&xField=longitude&yField=latitude&crs=EPSG:4326&spatialIndex=no&subsetIndex=no&watchFile=no
"7117",Polystichum munitum,Polystichum,munitum,,,,native,S5,,48.994606670000003,-123.556523299999995,,NA,NA,"94679793",obs_native,file:///D:/Simon/Sync/Root/GIS/Biodiversity%20Data/obs_native.csv?type=csv&maxFields=10000&detectTypes=yes&xField=longitude&yField=latitude&crs=EPSG:4326&spatialIndex=no&subsetIndex=no&watchFile=no
"7118",Polystichum munitum,Polystichum,munitum,,,,native,S5,,48.986199280000001,-123.549517499999993,,NA,NA,"94679845",obs_native,file:///D:/Simon/Sync/Root/GIS/Biodiversity%20Data/obs_native.csv?type=csv&maxFields=10000&detectTypes=yes&xField=longitude&yField=latitude&crs=EPSG:4326&spatialIndex=no&subsetIndex=no&watchFile=no
"7119",Polystichum munitum,Polystichum,munitum,,,,native,S5,,48.868423329999999,-123.336624999999998,,NA,NA,"94748729",obs_native,file:///D:/Simon/Sync/Root/GIS/Biodiversity%20Data/obs_native.csv?type=csv&maxFields=10000&detectTypes=yes&xField=longitude&yField=latitude&crs=EPSG:4326&spatialIndex=no&subsetIndex=no&watchFile=no
"7120",Polystichum munitum,Polystichum,munitum,,,,native,S5,,48.868034999999999,-123.336121700000007,,NA,NA,"94748736",obs_native,file:///D:/Simon/Sync/Root/GIS/Biodiversity%20Data/obs_native.csv?type=csv&maxFields=10000&detectTypes=yes&xField=longitude&yField=latitude&crs=EPSG:4326&spatialIndex=no&subsetIndex=no&watchFile=no
"7121",Polystichum munitum,Polystichum,munitum,,,,native,S5,,48.990115000000003,-123.551501700000003,,NA,NA,"100641808",obs_native,file:///D:/Simon/Sync/Root/GIS/Biodiversity%20Data/obs_native.csv?type=csv&maxFields=10000&detectTypes=yes&xField=longitude&yField=latitude&crs=EPSG:4326&spatialIndex=no&subsetIndex=no&watchFile=no
"7122",Polystichum munitum,Polystichum,munitum,,,,native,S5,,48.990144440000002,-123.551458900000000,,NA,NA,"100641815",obs_native,file:///D:/Simon/Sync/Root/GIS/Biodiversity%20Data/obs_native.csv?type=csv&maxFields=10000&detectTypes=yes&xField=longitude&yField=latitude&crs=EPSG:4326&spatialIndex=no&subsetIndex=no&watchFile=no
"7123",Polystichum munitum,Polystichum,munitum,,,,native,S5,,48.990774999999999,-123.551543300000006,,NA,NA,"100641890",obs_native,file:///D:/Simon/Sync/Root/GIS/Biodiversity%20Data/obs_native.csv?type=csv&maxFields=10000&detectTypes=yes&xField=longitude&yField=latitude&crs=EPSG:4326&spatialIndex=no&subsetIndex=no&watchFile=no
"7124",Polystichum munitum,Polystichum,munitum,,,,native,S5,,48.891520810000003,-123.372355600000006,,NA,NA,"102152614",obs_native,file:///D:/Simon/Sync/Root/GIS/Biodiversity%20Data/obs_native.csv?type=csv&maxFields=10000&detectTypes=yes&xField=longitude&yField=latitude&crs=EPSG:4326&spatialIndex=no&subsetIndex=no&watchFile=no
"7125",Polystichum munitum,Polystichum,munitum,,,,native,S5,,48.969134429999997,-123.523278199999993,,NA,NA,"107021660",obs_native,file:///D:/Simon/Sync/Root/GIS/Biodiversity%20Data/obs_native.csv?type=csv&maxFields=10000&detectTypes=yes&xField=longitude&yField=latitude&crs=EPSG:4326&spatialIndex=no&subsetIndex=no&watchFile=no
"7126",Polystichum munitum,Polystichum,munitum,,,,native,S5,,48.964754579999997,-123.516253399999997,,NA,NA,"107021664",obs_native,file:///D:/Simon/Sync/Root/GIS/Biodiversity%20Data/obs_native.csv?type=csv&maxFields=10000&detectTypes=yes&xField=longitude&yField=latitude&crs=EPSG:4326&spatialIndex=no&subsetIndex=no&watchFile=no
"7127",Polystichum munitum,Polystichum,munitum,,,,native,S5,,48.948648329999997,-123.502790000000005,,NA,NA,"107022550",obs_native,file:///D:/Simon/Sync/Root/GIS/Biodiversity%20Data/obs_native.csv?type=csv&maxFields=10000&detectTypes=yes&xField=longitude&yField=latitude&crs=EPSG:4326&spatialIndex=no&subsetIndex=no&watchFile=no
"7128",Polystichum munitum,Polystichum,munitum,,,,native,S5,,48.947510000000001,-123.502353299999996,,NA,NA,"107022565",obs_native,file:///D:/Simon/Sync/Root/GIS/Biodiversity%20Data/obs_native.csv?type=csv&maxFields=10000&detectTypes=yes&xField=longitude&yField=latitude&crs=EPSG:4326&spatialIndex=no&subsetIndex=no&watchFile=no
"7129",Polystichum munitum,Polystichum,munitum,,,,native,S5,,48.947568330000003,-123.500574999999998,,NA,NA,"107022585",obs_native,file:///D:/Simon/Sync/Root/GIS/Biodiversity%20Data/obs_native.csv?type=csv&maxFields=10000&detectTypes=yes&xField=longitude&yField=latitude&crs=EPSG:4326&spatialIndex=no&subsetIndex=no&watchFile=no
"7130",Polystichum munitum,Polystichum,munitum,,,,native,S5,,48.865120200000000,-123.352032399999999,,NA,NA,"107673449",obs_native,file:///D:/Simon/Sync/Root/GIS/Biodiversity%20Data/obs_native.csv?type=csv&maxFields=10000&detectTypes=yes&xField=longitude&yField=latitude&crs=EPSG:4326&spatialIndex=no&subsetIndex=no&watchFile=no
"7131",Polystichum munitum,Polystichum,munitum,,,,native,S5,,48.868859530000002,-123.343290900000000,,NA,NA,"107674806",obs_native,file:///D:/Simon/Sync/Root/GIS/Biodiversity%20Data/obs_native.csv?type=csv&maxFields=10000&detectTypes=yes&xField=longitude&yField=latitude&crs=EPSG:4326&spatialIndex=no&subsetIndex=no&watchFile=no
"7132",Polystichum munitum,Polystichum,munitum,,,,native,S5,,48.985008329999999,-123.557153299999996,,NA,NA,"109623787",obs_native,file:///D:/Simon/Sync/Root/GIS/Biodiversity%20Data/obs_native.csv?type=csv&maxFields=10000&detectTypes=yes&xField=longitude&yField=latitude&crs=EPSG:4326&spatialIndex=no&subsetIndex=no&watchFile=no
"7133",Polystichum munitum,Polystichum,munitum,,,,native,S5,,49.009692999999999,-123.572402999999994,,NA,NA,"110923229",obs_native,file:///D:/Simon/Sync/Root/GIS/Biodiversity%20Data/obs_native.csv?type=csv&maxFields=10000&detectTypes=yes&xField=longitude&yField=latitude&crs=EPSG:4326&spatialIndex=no&subsetIndex=no&watchFile=no
"7134",Polystichum munitum,Polystichum,munitum,,,,native,S5,,48.906062669999997,-123.361282500000002,,NA,NA,"111052780",obs_native,file:///D:/Simon/Sync/Root/GIS/Biodiversity%20Data/obs_native.csv?type=csv&maxFields=10000&detectTypes=yes&xField=longitude&yField=latitude&crs=EPSG:4326&spatialIndex=no&subsetIndex=no&watchFile=no
"7135",Polystichum munitum,Polystichum,munitum,,,,native,S5,,48.998072680000000,-123.562826500000000,,NA,NA,"114578152",obs_native,file:///D:/Simon/Sync/Root/GIS/Biodiversity%20Data/obs_native.csv?type=csv&maxFields=10000&detectTypes=yes&xField=longitude&yField=latitude&crs=EPSG:4326&spatialIndex=no&subsetIndex=no&watchFile=no
"7136",Polystichum munitum,Polystichum,munitum,,,,native,S5,,48.957397489999998,-123.528921900000000,,NA,NA,"116029603",obs_native,file:///D:/Simon/Sync/Root/GIS/Biodiversity%20Data/obs_native.csv?type=csv&maxFields=10000&detectTypes=yes&xField=longitude&yField=latitude&crs=EPSG:4326&spatialIndex=no&subsetIndex=no&watchFile=no
"7137",Polystichum munitum,Polystichum,munitum,,,,native,S5,,48.880256670000001,-123.381010000000003,,NA,NA,"118718736",obs_native,file:///D:/Simon/Sync/Root/GIS/Biodiversity%20Data/obs_native.csv?type=csv&maxFields=10000&detectTypes=yes&xField=longitude&yField=latitude&crs=EPSG:4326&spatialIndex=no&subsetIndex=no&watchFile=no
"7138",Polystichum munitum,Polystichum,munitum,,,,native,S5,,48.909466670000000,-123.388313299999993,,NA,NA,"119801300",obs_native,file:///D:/Simon/Sync/Root/GIS/Biodiversity%20Data/obs_native.csv?type=csv&maxFields=10000&detectTypes=yes&xField=longitude&yField=latitude&crs=EPSG:4326&spatialIndex=no&subsetIndex=no&watchFile=no
"7139",Polystichum munitum,Polystichum,munitum,,,,native,S5,,48.868171670000002,-123.355744999999999,,NA,NA,"120589979",obs_native,file:///D:/Simon/Sync/Root/GIS/Biodiversity%20Data/obs_native.csv?type=csv&maxFields=10000&detectTypes=yes&xField=longitude&yField=latitude&crs=EPSG:4326&spatialIndex=no&subsetIndex=no&watchFile=no
"7140",Polystichum munitum,Polystichum,munitum,,,,native,S5,,48.956045000000003,-123.499436700000004,,NA,NA,"121737970",obs_native,file:///D:/Simon/Sync/Root/GIS/Biodiversity%20Data/obs_native.csv?type=csv&maxFields=10000&detectTypes=yes&xField=longitude&yField=latitude&crs=EPSG:4326&spatialIndex=no&subsetIndex=no&watchFile=no
"7141",Polystichum munitum,Polystichum,munitum,,,,native,S5,,48.931188329999998,-123.475044999999994,,NA,NA,"121748028",obs_native,file:///D:/Simon/Sync/Root/GIS/Biodiversity%20Data/obs_native.csv?type=csv&maxFields=10000&detectTypes=yes&xField=longitude&yField=latitude&crs=EPSG:4326&spatialIndex=no&subsetIndex=no&watchFile=no
"7142",Polystichum munitum,Polystichum,munitum,,,,native,S5,,48.927058330000001,-123.468288900000005,,NA,NA,"122225523",obs_native,file:///D:/Simon/Sync/Root/GIS/Biodiversity%20Data/obs_native.csv?type=csv&maxFields=10000&detectTypes=yes&xField=longitude&yField=latitude&crs=EPSG:4326&spatialIndex=no&subsetIndex=no&watchFile=no
"7143",Polystichum munitum,Polystichum,munitum,,,,native,S5,,48.862843779999999,-123.351224599999995,,NA,NA,"122258265",obs_native,file:///D:/Simon/Sync/Root/GIS/Biodiversity%20Data/obs_native.csv?type=csv&maxFields=10000&detectTypes=yes&xField=longitude&yField=latitude&crs=EPSG:4326&spatialIndex=no&subsetIndex=no&watchFile=no
"7144",Polystichum munitum,Polystichum,munitum,,,,native,S5,,48.928408330000003,-123.472503300000000,,NA,NA,"122333524",obs_native,file:///D:/Simon/Sync/Root/GIS/Biodiversity%20Data/obs_native.csv?type=csv&maxFields=10000&detectTypes=yes&xField=longitude&yField=latitude&crs=EPSG:4326&spatialIndex=no&subsetIndex=no&watchFile=no
"7145",Polystichum munitum,Polystichum,munitum,,,,native,S5,,49.012050000000002,-123.574541699999997,,NA,NA,"123934493",obs_native,file:///D:/Simon/Sync/Root/GIS/Biodiversity%20Data/obs_native.csv?type=csv&maxFields=10000&detectTypes=yes&xField=longitude&yField=latitude&crs=EPSG:4326&spatialIndex=no&subsetIndex=no&watchFile=no
"7146",Polystichum munitum,Polystichum,munitum,,,,native,S5,,48.982947869999997,-123.543138799999994,,NA,NA,"125678844",obs_native,file:///D:/Simon/Sync/Root/GIS/Biodiversity%20Data/obs_native.csv?type=csv&maxFields=10000&detectTypes=yes&xField=longitude&yField=latitude&crs=EPSG:4326&spatialIndex=no&subsetIndex=no&watchFile=no
"7147",Polystichum munitum,Polystichum,munitum,,,,native,S5,,48.994771999999998,-123.563962099999998,,NA,NA,"126741764",obs_native,file:///D:/Simon/Sync/Root/GIS/Biodiversity%20Data/obs_native.csv?type=csv&maxFields=10000&detectTypes=yes&xField=longitude&yField=latitude&crs=EPSG:4326&spatialIndex=no&subsetIndex=no&watchFile=no
"7148",Polystichum munitum,Polystichum,munitum,,,,native,S5,,48.942421670000002,-123.501113300000000,,NA,NA,"127404407",obs_native,file:///D:/Simon/Sync/Root/GIS/Biodiversity%20Data/obs_native.csv?type=csv&maxFields=10000&detectTypes=yes&xField=longitude&yField=latitude&crs=EPSG:4326&spatialIndex=no&subsetIndex=no&watchFile=no
"7149",Polystichum munitum,Polystichum,munitum,,,,native,S5,,48.992758330000001,-123.581519999999998,,NA,NA,"129716819",obs_native,file:///D:/Simon/Sync/Root/GIS/Biodiversity%20Data/obs_native.csv?type=csv&maxFields=10000&detectTypes=yes&xField=longitude&yField=latitude&crs=EPSG:4326&spatialIndex=no&subsetIndex=no&watchFile=no
"7150",Polystichum munitum,Polystichum,munitum,,,,native,S5,,48.876890000000003,-123.365700000000004,,NA,NA,"129778450",obs_native,file:///D:/Simon/Sync/Root/GIS/Biodiversity%20Data/obs_native.csv?type=csv&maxFields=10000&detectTypes=yes&xField=longitude&yField=latitude&crs=EPSG:4326&spatialIndex=no&subsetIndex=no&watchFile=no
"7151",Polystichum munitum,Polystichum,munitum,,,,native,S5,,48.964380200000001,-123.515690300000003,,NA,NA,"135679408",obs_native,file:///D:/Simon/Sync/Root/GIS/Biodiversity%20Data/obs_native.csv?type=csv&maxFields=10000&detectTypes=yes&xField=longitude&yField=latitude&crs=EPSG:4326&spatialIndex=no&subsetIndex=no&watchFile=no
"7152",Polystichum munitum,Polystichum,munitum,,,,native,S5,,48.891341670000003,-123.386361699999995,,NA,NA,"135747831",obs_native,file:///D:/Simon/Sync/Root/GIS/Biodiversity%20Data/obs_native.csv?type=csv&maxFields=10000&detectTypes=yes&xField=longitude&yField=latitude&crs=EPSG:4326&spatialIndex=no&subsetIndex=no&watchFile=no
"7154",Populus tremuloides,Populus,tremuloides,,,,native,S5,,48.930456000000000,-123.477359000000007,,NA,NA,"2564997",obs_native,file:///D:/Simon/Sync/Root/GIS/Biodiversity%20Data/obs_native.csv?type=csv&maxFields=10000&detectTypes=yes&xField=longitude&yField=latitude&crs=EPSG:4326&spatialIndex=no&subsetIndex=no&watchFile=no
"7155",Populus tremuloides,Populus,tremuloides,,,,native,S5,,48.930732999999996,-123.477401999999998,,NA,NA,"2566345",obs_native,file:///D:/Simon/Sync/Root/GIS/Biodiversity%20Data/obs_native.csv?type=csv&maxFields=10000&detectTypes=yes&xField=longitude&yField=latitude&crs=EPSG:4326&spatialIndex=no&subsetIndex=no&watchFile=no
"7156",Populus tremuloides,Populus,tremuloides,,,,native,S5,,48.930732999999996,-123.477401999999998,,NA,NA,"2566376",obs_native,file:///D:/Simon/Sync/Root/GIS/Biodiversity%20Data/obs_native.csv?type=csv&maxFields=10000&detectTypes=yes&xField=longitude&yField=latitude&crs=EPSG:4326&spatialIndex=no&subsetIndex=no&watchFile=no
"7157",Populus tremuloides,Populus,tremuloides,,,,native,S5,,48.930624999999999,-123.477187000000001,,NA,NA,"2567957",obs_native,file:///D:/Simon/Sync/Root/GIS/Biodiversity%20Data/obs_native.csv?type=csv&maxFields=10000&detectTypes=yes&xField=longitude&yField=latitude&crs=EPSG:4326&spatialIndex=no&subsetIndex=no&watchFile=no
"7158",Populus tremuloides,Populus,tremuloides,,,,native,S5,,48.865518999999999,-123.326318000000001,,NA,NA,"3573829",obs_native,file:///D:/Simon/Sync/Root/GIS/Biodiversity%20Data/obs_native.csv?type=csv&maxFields=10000&detectTypes=yes&xField=longitude&yField=latitude&crs=EPSG:4326&spatialIndex=no&subsetIndex=no&watchFile=no
"7159",Populus tremuloides,Populus,tremuloides,,,,native,S5,,48.930765999999998,-123.478475000000003,,NA,NA,"3734774",obs_native,file:///D:/Simon/Sync/Root/GIS/Biodiversity%20Data/obs_native.csv?type=csv&maxFields=10000&detectTypes=yes&xField=longitude&yField=latitude&crs=EPSG:4326&spatialIndex=no&subsetIndex=no&watchFile=no
"7160",Populus tremuloides,Populus,tremuloides,,,,native,S5,,48.928519340000001,-123.472069500000003,,NA,NA,"6411209",obs_native,file:///D:/Simon/Sync/Root/GIS/Biodiversity%20Data/obs_native.csv?type=csv&maxFields=10000&detectTypes=yes&xField=longitude&yField=latitude&crs=EPSG:4326&spatialIndex=no&subsetIndex=no&watchFile=no
"7161",Populus tremuloides,Populus,tremuloides,,,,native,S5,,48.928519340000001,-123.472069500000003,,NA,NA,"6411210",obs_native,file:///D:/Simon/Sync/Root/GIS/Biodiversity%20Data/obs_native.csv?type=csv&maxFields=10000&detectTypes=yes&xField=longitude&yField=latitude&crs=EPSG:4326&spatialIndex=no&subsetIndex=no&watchFile=no
"7162",Populus tremuloides,Populus,tremuloides,,,,native,S5,,48.900643129999999,-123.441641700000005,,NA,NA,"14633040",obs_native,file:///D:/Simon/Sync/Root/GIS/Biodiversity%20Data/obs_native.csv?type=csv&maxFields=10000&detectTypes=yes&xField=longitude&yField=latitude&crs=EPSG:4326&spatialIndex=no&subsetIndex=no&watchFile=no
"7163",Populus tremuloides,Populus,tremuloides,,,,native,S5,,48.991146669999999,-123.579583299999996,,NA,NA,"17905605",obs_native,file:///D:/Simon/Sync/Root/GIS/Biodiversity%20Data/obs_native.csv?type=csv&maxFields=10000&detectTypes=yes&xField=longitude&yField=latitude&crs=EPSG:4326&spatialIndex=no&subsetIndex=no&watchFile=no
"7164",Populus tremuloides,Populus,tremuloides,,,,native,S5,,48.991433330000000,-123.580160000000006,,NA,NA,"28440173",obs_native,file:///D:/Simon/Sync/Root/GIS/Biodiversity%20Data/obs_native.csv?type=csv&maxFields=10000&detectTypes=yes&xField=longitude&yField=latitude&crs=EPSG:4326&spatialIndex=no&subsetIndex=no&watchFile=no
"7165",Populus tremuloides,Populus,tremuloides,,,,native,S5,,48.958084960000001,-123.542742300000000,,NA,NA,"48205021",obs_native,file:///D:/Simon/Sync/Root/GIS/Biodiversity%20Data/obs_native.csv?type=csv&maxFields=10000&detectTypes=yes&xField=longitude&yField=latitude&crs=EPSG:4326&spatialIndex=no&subsetIndex=no&watchFile=no
"7166",Populus tremuloides,Populus,tremuloides,,,,native,S5,,48.958730000000003,-123.542244999999994,,NA,NA,"97202748",obs_native,file:///D:/Simon/Sync/Root/GIS/Biodiversity%20Data/obs_native.csv?type=csv&maxFields=10000&detectTypes=yes&xField=longitude&yField=latitude&crs=EPSG:4326&spatialIndex=no&subsetIndex=no&watchFile=no
"7167",Populus tremuloides,Populus,tremuloides,,,,native,S5,,48.972716669999997,-123.561011100000002,,NA,NA,"97202750",obs_native,file:///D:/Simon/Sync/Root/GIS/Biodiversity%20Data/obs_native.csv?type=csv&maxFields=10000&detectTypes=yes&xField=longitude&yField=latitude&crs=EPSG:4326&spatialIndex=no&subsetIndex=no&watchFile=no
"7168",Populus trichocarpa,Populus,trichocarpa,,,,native,S5,,48.899743000000001,-123.362088000000000,,NA,NA,"2763298",obs_native,file:///D:/Simon/Sync/Root/GIS/Biodiversity%20Data/obs_native.csv?type=csv&maxFields=10000&detectTypes=yes&xField=longitude&yField=latitude&crs=EPSG:4326&spatialIndex=no&subsetIndex=no&watchFile=no
"7169",Populus trichocarpa,Populus,trichocarpa,,,,native,S5,,48.892518000000003,-123.355072000000007,,NA,NA,"2773010",obs_native,file:///D:/Simon/Sync/Root/GIS/Biodiversity%20Data/obs_native.csv?type=csv&maxFields=10000&detectTypes=yes&xField=longitude&yField=latitude&crs=EPSG:4326&spatialIndex=no&subsetIndex=no&watchFile=no
"7170",Populus trichocarpa,Populus,trichocarpa,,,,native,S5,,48.899740000000001,-123.362131000000005,,NA,NA,"5646994",obs_native,file:///D:/Simon/Sync/Root/GIS/Biodiversity%20Data/obs_native.csv?type=csv&maxFields=10000&detectTypes=yes&xField=longitude&yField=latitude&crs=EPSG:4326&spatialIndex=no&subsetIndex=no&watchFile=no
"7171",Populus trichocarpa,Populus,trichocarpa,,,,native,S5,,48.899963350000000,-123.362098900000007,,NA,NA,"5935174",obs_native,file:///D:/Simon/Sync/Root/GIS/Biodiversity%20Data/obs_native.csv?type=csv&maxFields=10000&detectTypes=yes&xField=longitude&yField=latitude&crs=EPSG:4326&spatialIndex=no&subsetIndex=no&watchFile=no
"7172",Populus trichocarpa,Populus,trichocarpa,,,,native,S5,,48.897903870000000,-123.362978699999999,,NA,NA,"5993181",obs_native,file:///D:/Simon/Sync/Root/GIS/Biodiversity%20Data/obs_native.csv?type=csv&maxFields=10000&detectTypes=yes&xField=longitude&yField=latitude&crs=EPSG:4326&spatialIndex=no&subsetIndex=no&watchFile=no
"7173",Populus trichocarpa,Populus,trichocarpa,,,,native,S5,,48.897903870000000,-123.362978699999999,,NA,NA,"5993185",obs_native,file:///D:/Simon/Sync/Root/GIS/Biodiversity%20Data/obs_native.csv?type=csv&maxFields=10000&detectTypes=yes&xField=longitude&yField=latitude&crs=EPSG:4326&spatialIndex=no&subsetIndex=no&watchFile=no
"7174",Populus trichocarpa,Populus,trichocarpa,,,,native,S5,,48.897198549999999,-123.360725599999995,,NA,NA,"5993203",obs_native,file:///D:/Simon/Sync/Root/GIS/Biodiversity%20Data/obs_native.csv?type=csv&maxFields=10000&detectTypes=yes&xField=longitude&yField=latitude&crs=EPSG:4326&spatialIndex=no&subsetIndex=no&watchFile=no
"7175",Populus trichocarpa,Populus,trichocarpa,,,,native,S5,,48.874336669999998,-123.319665000000001,,NA,NA,"86360322",obs_native,file:///D:/Simon/Sync/Root/GIS/Biodiversity%20Data/obs_native.csv?type=csv&maxFields=10000&detectTypes=yes&xField=longitude&yField=latitude&crs=EPSG:4326&spatialIndex=no&subsetIndex=no&watchFile=no
"7176",Populus trichocarpa,Populus,trichocarpa,,,,native,S5,,48.874286669999996,-123.319509999999994,,NA,NA,"86360326",obs_native,file:///D:/Simon/Sync/Root/GIS/Biodiversity%20Data/obs_native.csv?type=csv&maxFields=10000&detectTypes=yes&xField=longitude&yField=latitude&crs=EPSG:4326&spatialIndex=no&subsetIndex=no&watchFile=no
"7177",Populus trichocarpa,Populus,trichocarpa,,,,native,S5,,48.874301670000001,-123.319530000000000,,NA,NA,"86360357",obs_native,file:///D:/Simon/Sync/Root/GIS/Biodiversity%20Data/obs_native.csv?type=csv&maxFields=10000&detectTypes=yes&xField=longitude&yField=latitude&crs=EPSG:4326&spatialIndex=no&subsetIndex=no&watchFile=no
"7178",Populus trichocarpa,Populus,trichocarpa,,,,native,S5,,48.921388329999999,-123.440145000000001,,NA,NA,"100206034",obs_native,file:///D:/Simon/Sync/Root/GIS/Biodiversity%20Data/obs_native.csv?type=csv&maxFields=10000&detectTypes=yes&xField=longitude&yField=latitude&crs=EPSG:4326&spatialIndex=no&subsetIndex=no&watchFile=no
"7179",Populus trichocarpa,Populus,trichocarpa,,,,native,S5,,48.987881799999997,-123.550748100000007,,NA,NA,"100641796",obs_native,file:///D:/Simon/Sync/Root/GIS/Biodiversity%20Data/obs_native.csv?type=csv&maxFields=10000&detectTypes=yes&xField=longitude&yField=latitude&crs=EPSG:4326&spatialIndex=no&subsetIndex=no&watchFile=no
"7180",Populus trichocarpa,Populus,trichocarpa,,,,native,S5,,48.908817300000003,-123.414255400000002,,NA,NA,"114714319",obs_native,file:///D:/Simon/Sync/Root/GIS/Biodiversity%20Data/obs_native.csv?type=csv&maxFields=10000&detectTypes=yes&xField=longitude&yField=latitude&crs=EPSG:4326&spatialIndex=no&subsetIndex=no&watchFile=no
"7181",Populus trichocarpa,Populus,trichocarpa,,,,native,S5,,48.930773860000002,-123.476047199999996,,NA,NA,"125381645",obs_native,file:///D:/Simon/Sync/Root/GIS/Biodiversity%20Data/obs_native.csv?type=csv&maxFields=10000&detectTypes=yes&xField=longitude&yField=latitude&crs=EPSG:4326&spatialIndex=no&subsetIndex=no&watchFile=no
"7182",Populus trichocarpa,Populus,trichocarpa,,,,native,S5,,48.938788889999998,-123.478011100000003,,NA,NA,"126017358",obs_native,file:///D:/Simon/Sync/Root/GIS/Biodiversity%20Data/obs_native.csv?type=csv&maxFields=10000&detectTypes=yes&xField=longitude&yField=latitude&crs=EPSG:4326&spatialIndex=no&subsetIndex=no&watchFile=no
"7183",Populus trichocarpa,Populus,trichocarpa,,,,native,S5,,48.937366670000003,-123.477905600000000,,NA,NA,"126017376",obs_native,file:///D:/Simon/Sync/Root/GIS/Biodiversity%20Data/obs_native.csv?type=csv&maxFields=10000&detectTypes=yes&xField=longitude&yField=latitude&crs=EPSG:4326&spatialIndex=no&subsetIndex=no&watchFile=no
"7184",Potamogeton amplifolius,Potamogeton,amplifolius,,,,native,S5,,48.948452000000003,-123.502377999999993,,NA,NA,"3414442",obs_native,file:///D:/Simon/Sync/Root/GIS/Biodiversity%20Data/obs_native.csv?type=csv&maxFields=10000&detectTypes=yes&xField=longitude&yField=latitude&crs=EPSG:4326&spatialIndex=no&subsetIndex=no&watchFile=no
"7185",Potamogeton amplifolius,Potamogeton,amplifolius,,,,native,S5,,48.948452000000003,-123.502377999999993,,NA,NA,"3414475",obs_native,file:///D:/Simon/Sync/Root/GIS/Biodiversity%20Data/obs_native.csv?type=csv&maxFields=10000&detectTypes=yes&xField=longitude&yField=latitude&crs=EPSG:4326&spatialIndex=no&subsetIndex=no&watchFile=no
"7186",Potamogeton berchtoldii,Potamogeton,berchtoldii,,,,native,S5 (2020),,48.876703509999999,-123.366600800000001,,NA,NA,"129778462",obs_native,file:///D:/Simon/Sync/Root/GIS/Biodiversity%20Data/obs_native.csv?type=csv&maxFields=10000&detectTypes=yes&xField=longitude&yField=latitude&crs=EPSG:4326&spatialIndex=no&subsetIndex=no&watchFile=no
"7187",Potamogeton natans,Potamogeton,natans,,,,native,S5,,48.977151669999998,-123.552575000000004,,NA,NA,"89513222",obs_native,file:///D:/Simon/Sync/Root/GIS/Biodiversity%20Data/obs_native.csv?type=csv&maxFields=10000&detectTypes=yes&xField=longitude&yField=latitude&crs=EPSG:4326&spatialIndex=no&subsetIndex=no&watchFile=no
"7188",Potamogeton natans,Potamogeton,natans,,,,native,S5,,48.877193329999997,-123.367093299999993,,NA,NA,"129778434",obs_native,file:///D:/Simon/Sync/Root/GIS/Biodiversity%20Data/obs_native.csv?type=csv&maxFields=10000&detectTypes=yes&xField=longitude&yField=latitude&crs=EPSG:4326&spatialIndex=no&subsetIndex=no&watchFile=no
"7190",Primula hendersonii,Primula,hendersonii,,,,native,S4,,49.014219330000003,-123.573943900000003,,NA,NA,"5735876",obs_native,file:///D:/Simon/Sync/Root/GIS/Biodiversity%20Data/obs_native.csv?type=csv&maxFields=10000&detectTypes=yes&xField=longitude&yField=latitude&crs=EPSG:4326&spatialIndex=no&subsetIndex=no&watchFile=no
"7191",Primula hendersonii,Primula,hendersonii,,,,native,S4,,48.870371669999997,-123.388611699999998,,NA,NA,"5982898",obs_native,file:///D:/Simon/Sync/Root/GIS/Biodiversity%20Data/obs_native.csv?type=csv&maxFields=10000&detectTypes=yes&xField=longitude&yField=latitude&crs=EPSG:4326&spatialIndex=no&subsetIndex=no&watchFile=no
"7192",Primula hendersonii,Primula,hendersonii,,,,native,S4,,49.013186120000000,-123.573128299999993,,NA,NA,"22659505",obs_native,file:///D:/Simon/Sync/Root/GIS/Biodiversity%20Data/obs_native.csv?type=csv&maxFields=10000&detectTypes=yes&xField=longitude&yField=latitude&crs=EPSG:4326&spatialIndex=no&subsetIndex=no&watchFile=no
"7193",Primula hendersonii,Primula,hendersonii,,,,native,S4,,49.013559999999998,-123.573441700000004,,NA,NA,"24259246",obs_native,file:///D:/Simon/Sync/Root/GIS/Biodiversity%20Data/obs_native.csv?type=csv&maxFields=10000&detectTypes=yes&xField=longitude&yField=latitude&crs=EPSG:4326&spatialIndex=no&subsetIndex=no&watchFile=no
"7194",Primula hendersonii,Primula,hendersonii,,,,native,S4,,49.013315249999998,-123.572630399999994,,NA,NA,"24497682",obs_native,file:///D:/Simon/Sync/Root/GIS/Biodiversity%20Data/obs_native.csv?type=csv&maxFields=10000&detectTypes=yes&xField=longitude&yField=latitude&crs=EPSG:4326&spatialIndex=no&subsetIndex=no&watchFile=no
"7195",Primula hendersonii,Primula,hendersonii,,,,native,S4,,49.013491549999998,-123.573181300000002,,NA,NA,"24748315",obs_native,file:///D:/Simon/Sync/Root/GIS/Biodiversity%20Data/obs_native.csv?type=csv&maxFields=10000&detectTypes=yes&xField=longitude&yField=latitude&crs=EPSG:4326&spatialIndex=no&subsetIndex=no&watchFile=no
"7196",Primula hendersonii,Primula,hendersonii,,,,native,S4,,49.013244450000002,-123.573083299999993,,NA,NA,"40445777",obs_native,file:///D:/Simon/Sync/Root/GIS/Biodiversity%20Data/obs_native.csv?type=csv&maxFields=10000&detectTypes=yes&xField=longitude&yField=latitude&crs=EPSG:4326&spatialIndex=no&subsetIndex=no&watchFile=no
"7197",Primula hendersonii,Primula,hendersonii,,,,native,S4,,49.013286970000003,-123.572844099999998,,NA,NA,"67054009",obs_native,file:///D:/Simon/Sync/Root/GIS/Biodiversity%20Data/obs_native.csv?type=csv&maxFields=10000&detectTypes=yes&xField=longitude&yField=latitude&crs=EPSG:4326&spatialIndex=no&subsetIndex=no&watchFile=no
"7198",Primula hendersonii,Primula,hendersonii,,,,native,S4,,49.013729130000002,-123.573655500000001,,NA,NA,"72229941",obs_native,file:///D:/Simon/Sync/Root/GIS/Biodiversity%20Data/obs_native.csv?type=csv&maxFields=10000&detectTypes=yes&xField=longitude&yField=latitude&crs=EPSG:4326&spatialIndex=no&subsetIndex=no&watchFile=no
"7199",Primula hendersonii,Primula,hendersonii,,,,native,S4,,49.013268750000002,-123.572841299999993,,NA,NA,"74063828",obs_native,file:///D:/Simon/Sync/Root/GIS/Biodiversity%20Data/obs_native.csv?type=csv&maxFields=10000&detectTypes=yes&xField=longitude&yField=latitude&crs=EPSG:4326&spatialIndex=no&subsetIndex=no&watchFile=no
"7200",Primula hendersonii,Primula,hendersonii,,,,native,S4,,49.013633329999998,-123.573525000000004,,NA,NA,"107677435",obs_native,file:///D:/Simon/Sync/Root/GIS/Biodiversity%20Data/obs_native.csv?type=csv&maxFields=10000&detectTypes=yes&xField=longitude&yField=latitude&crs=EPSG:4326&spatialIndex=no&subsetIndex=no&watchFile=no
"7201",Primula hendersonii,Primula,hendersonii,,,,native,S4,,49.013683329999999,-123.573554999999999,,NA,NA,"110035183",obs_native,file:///D:/Simon/Sync/Root/GIS/Biodiversity%20Data/obs_native.csv?type=csv&maxFields=10000&detectTypes=yes&xField=longitude&yField=latitude&crs=EPSG:4326&spatialIndex=no&subsetIndex=no&watchFile=no
"7202",Primula hendersonii,Primula,hendersonii,,,,native,S4,,49.013633329999998,-123.573538299999996,,NA,NA,"117151488",obs_native,file:///D:/Simon/Sync/Root/GIS/Biodiversity%20Data/obs_native.csv?type=csv&maxFields=10000&detectTypes=yes&xField=longitude&yField=latitude&crs=EPSG:4326&spatialIndex=no&subsetIndex=no&watchFile=no
"7203",Primula hendersonii,Primula,hendersonii,,,,native,S4,,49.013669440000001,-123.573563899999996,,NA,NA,"122904470",obs_native,file:///D:/Simon/Sync/Root/GIS/Biodiversity%20Data/obs_native.csv?type=csv&maxFields=10000&detectTypes=yes&xField=longitude&yField=latitude&crs=EPSG:4326&spatialIndex=no&subsetIndex=no&watchFile=no
"7212",Prunus virginiana,Prunus,virginiana,,,,native,S5,,48.868105000000000,-123.387450000000001,,NA,NA,"5677803",obs_native,file:///D:/Simon/Sync/Root/GIS/Biodiversity%20Data/obs_native.csv?type=csv&maxFields=10000&detectTypes=yes&xField=longitude&yField=latitude&crs=EPSG:4326&spatialIndex=no&subsetIndex=no&watchFile=no
"7213",Prunus virginiana,Prunus,virginiana,,,,native,S5,,48.868074190000002,-123.386721600000001,,NA,NA,"6425111",obs_native,file:///D:/Simon/Sync/Root/GIS/Biodiversity%20Data/obs_native.csv?type=csv&maxFields=10000&detectTypes=yes&xField=longitude&yField=latitude&crs=EPSG:4326&spatialIndex=no&subsetIndex=no&watchFile=no
"7214",Prunus virginiana,Prunus,virginiana,,,,native,S5,,48.868153329999998,-123.387241700000004,,NA,NA,"24768187",obs_native,file:///D:/Simon/Sync/Root/GIS/Biodiversity%20Data/obs_native.csv?type=csv&maxFields=10000&detectTypes=yes&xField=longitude&yField=latitude&crs=EPSG:4326&spatialIndex=no&subsetIndex=no&watchFile=no
"7215",Pseudognaphalium stramineum,Pseudognaphalium,stramineum,,,,native,SU,,48.900121669999997,-123.406666700000002,,NA,NA,"85701684",obs_native,file:///D:/Simon/Sync/Root/GIS/Biodiversity%20Data/obs_native.csv?type=csv&maxFields=10000&detectTypes=yes&xField=longitude&yField=latitude&crs=EPSG:4326&spatialIndex=no&subsetIndex=no&watchFile=no
"7216",Pseudognaphalium stramineum,Pseudognaphalium,stramineum,,,,native,SU,,48.928169570000001,-123.467745800000003,,NA,NA,"121633762",obs_native,file:///D:/Simon/Sync/Root/GIS/Biodiversity%20Data/obs_native.csv?type=csv&maxFields=10000&detectTypes=yes&xField=longitude&yField=latitude&crs=EPSG:4326&spatialIndex=no&subsetIndex=no&watchFile=no
"7217",Pseudognaphalium stramineum,Pseudognaphalium,stramineum,,,,native,SU,,48.870575000000002,-123.318908300000004,,NA,NA,"129504502",obs_native,file:///D:/Simon/Sync/Root/GIS/Biodiversity%20Data/obs_native.csv?type=csv&maxFields=10000&detectTypes=yes&xField=longitude&yField=latitude&crs=EPSG:4326&spatialIndex=no&subsetIndex=no&watchFile=no
"7218",Pseudognaphalium stramineum,Pseudognaphalium,stramineum,,,,native,SU,,48.870588329999997,-123.318986699999996,,NA,NA,"130428228",obs_native,file:///D:/Simon/Sync/Root/GIS/Biodiversity%20Data/obs_native.csv?type=csv&maxFields=10000&detectTypes=yes&xField=longitude&yField=latitude&crs=EPSG:4326&spatialIndex=no&subsetIndex=no&watchFile=no
"7219",Pseudognaphalium thermale,Pseudognaphalium,thermale,,,,native,S4S5,,48.976058999999999,-123.539800999999997,,NA,NA,"3552315",obs_native,file:///D:/Simon/Sync/Root/GIS/Biodiversity%20Data/obs_native.csv?type=csv&maxFields=10000&detectTypes=yes&xField=longitude&yField=latitude&crs=EPSG:4326&spatialIndex=no&subsetIndex=no&watchFile=no
"7220",Pseudognaphalium thermale,Pseudognaphalium,thermale,,,,native,S4S5,,48.898693330000000,-123.359369999999998,,NA,NA,"14220766",obs_native,file:///D:/Simon/Sync/Root/GIS/Biodiversity%20Data/obs_native.csv?type=csv&maxFields=10000&detectTypes=yes&xField=longitude&yField=latitude&crs=EPSG:4326&spatialIndex=no&subsetIndex=no&watchFile=no
"7221",Psilocarphus tenellus,Psilocarphus,tenellus,,,,native,S4 (2019),,48.866340000000001,-123.350875000000002,,NA,NA,"121538572",obs_native,file:///D:/Simon/Sync/Root/GIS/Biodiversity%20Data/obs_native.csv?type=csv&maxFields=10000&detectTypes=yes&xField=longitude&yField=latitude&crs=EPSG:4326&spatialIndex=no&subsetIndex=no&watchFile=no
"7222",Pterospora andromedea,Pterospora,andromedea,,,,native,S5 (2019),,48.880191140000001,-123.326049400000002,,NA,NA,"83306196",obs_native,file:///D:/Simon/Sync/Root/GIS/Biodiversity%20Data/obs_native.csv?type=csv&maxFields=10000&detectTypes=yes&xField=longitude&yField=latitude&crs=EPSG:4326&spatialIndex=no&subsetIndex=no&watchFile=no
"7223",Pterospora andromedea,Pterospora,andromedea,,,,native,S5 (2019),,49.007386120000000,-123.567596699999996,,NA,NA,"99924655",obs_native,file:///D:/Simon/Sync/Root/GIS/Biodiversity%20Data/obs_native.csv?type=csv&maxFields=10000&detectTypes=yes&xField=longitude&yField=latitude&crs=EPSG:4326&spatialIndex=no&subsetIndex=no&watchFile=no
"7224",Pyrola aphylla,Pyrola,aphylla,,,,native,S3 (2019),,48.915987999999999,-123.424981000000002,,NA,NA,"3213200",obs_native,file:///D:/Simon/Sync/Root/GIS/Biodiversity%20Data/obs_native.csv?type=csv&maxFields=10000&detectTypes=yes&xField=longitude&yField=latitude&crs=EPSG:4326&spatialIndex=no&subsetIndex=no&watchFile=no
"7225",Pyrola aphylla,Pyrola,aphylla,,,,native,S3 (2019),,48.915923999999997,-123.425291999999999,,NA,NA,"3340486",obs_native,file:///D:/Simon/Sync/Root/GIS/Biodiversity%20Data/obs_native.csv?type=csv&maxFields=10000&detectTypes=yes&xField=longitude&yField=latitude&crs=EPSG:4326&spatialIndex=no&subsetIndex=no&watchFile=no
"7226",Pyrola aphylla,Pyrola,aphylla,,,,native,S3 (2019),,48.871482999999998,-123.346734999999995,,NA,NA,"13430277",obs_native,file:///D:/Simon/Sync/Root/GIS/Biodiversity%20Data/obs_native.csv?type=csv&maxFields=10000&detectTypes=yes&xField=longitude&yField=latitude&crs=EPSG:4326&spatialIndex=no&subsetIndex=no&watchFile=no
"7227",Pyrola aphylla,Pyrola,aphylla,,,,native,S3 (2019),,48.869152000000000,-123.346483000000006,,NA,NA,"13795349",obs_native,file:///D:/Simon/Sync/Root/GIS/Biodiversity%20Data/obs_native.csv?type=csv&maxFields=10000&detectTypes=yes&xField=longitude&yField=latitude&crs=EPSG:4326&spatialIndex=no&subsetIndex=no&watchFile=no
"7228",Pyrola aphylla,Pyrola,aphylla,,,,native,S3 (2019),,48.875368000000002,-123.341707999999997,,NA,NA,"13964383",obs_native,file:///D:/Simon/Sync/Root/GIS/Biodiversity%20Data/obs_native.csv?type=csv&maxFields=10000&detectTypes=yes&xField=longitude&yField=latitude&crs=EPSG:4326&spatialIndex=no&subsetIndex=no&watchFile=no
"7229",Pyrola aphylla,Pyrola,aphylla,,,,native,S3 (2019),,48.871398329999998,-123.346228300000007,,NA,NA,"13973301",obs_native,file:///D:/Simon/Sync/Root/GIS/Biodiversity%20Data/obs_native.csv?type=csv&maxFields=10000&detectTypes=yes&xField=longitude&yField=latitude&crs=EPSG:4326&spatialIndex=no&subsetIndex=no&watchFile=no
"7230",Pyrola aphylla,Pyrola,aphylla,,,,native,S3 (2019),,48.872950000000003,-123.341365999999994,,NA,NA,"14370713",obs_native,file:///D:/Simon/Sync/Root/GIS/Biodiversity%20Data/obs_native.csv?type=csv&maxFields=10000&detectTypes=yes&xField=longitude&yField=latitude&crs=EPSG:4326&spatialIndex=no&subsetIndex=no&watchFile=no
"7231",Pyrola aphylla,Pyrola,aphylla,,,,native,S3 (2019),,48.932491669999997,-123.479271699999998,,NA,NA,"84362796",obs_native,file:///D:/Simon/Sync/Root/GIS/Biodiversity%20Data/obs_native.csv?type=csv&maxFields=10000&detectTypes=yes&xField=longitude&yField=latitude&crs=EPSG:4326&spatialIndex=no&subsetIndex=no&watchFile=no
"7232",Pyrola aphylla,Pyrola,aphylla,,,,native,S3 (2019),,48.932470000000002,-123.479171699999995,,NA,NA,"84375998",obs_native,file:///D:/Simon/Sync/Root/GIS/Biodiversity%20Data/obs_native.csv?type=csv&maxFields=10000&detectTypes=yes&xField=longitude&yField=latitude&crs=EPSG:4326&spatialIndex=no&subsetIndex=no&watchFile=no
"7233",Pyrola aphylla,Pyrola,aphylla,,,,native,S3 (2019),,48.931388990000002,-123.473267399999997,,NA,NA,"84388553",obs_native,file:///D:/Simon/Sync/Root/GIS/Biodiversity%20Data/obs_native.csv?type=csv&maxFields=10000&detectTypes=yes&xField=longitude&yField=latitude&crs=EPSG:4326&spatialIndex=no&subsetIndex=no&watchFile=no
"7234",Pyrola asarifolia,Pyrola,asarifolia,,,,native,S4,,48.896290999999998,-123.408140000000003,,NA,NA,"24677380",obs_native,file:///D:/Simon/Sync/Root/GIS/Biodiversity%20Data/obs_native.csv?type=csv&maxFields=10000&detectTypes=yes&xField=longitude&yField=latitude&crs=EPSG:4326&spatialIndex=no&subsetIndex=no&watchFile=no
"7235",Pyrola asarifolia,Pyrola,asarifolia,,,,native,S4,,48.895727780000001,-123.407355600000002,,NA,NA,"24677397",obs_native,file:///D:/Simon/Sync/Root/GIS/Biodiversity%20Data/obs_native.csv?type=csv&maxFields=10000&detectTypes=yes&xField=longitude&yField=latitude&crs=EPSG:4326&spatialIndex=no&subsetIndex=no&watchFile=no
"7236",Pyrola asarifolia,Pyrola,asarifolia,,,,native,S4,,48.895741670000000,-123.407341700000003,,NA,NA,"24677502",obs_native,file:///D:/Simon/Sync/Root/GIS/Biodiversity%20Data/obs_native.csv?type=csv&maxFields=10000&detectTypes=yes&xField=longitude&yField=latitude&crs=EPSG:4326&spatialIndex=no&subsetIndex=no&watchFile=no
"7237",Pyrola asarifolia,Pyrola,asarifolia,,,,native,S4,,48.895755559999998,-123.407280600000007,,NA,NA,"24677575",obs_native,file:///D:/Simon/Sync/Root/GIS/Biodiversity%20Data/obs_native.csv?type=csv&maxFields=10000&detectTypes=yes&xField=longitude&yField=latitude&crs=EPSG:4326&spatialIndex=no&subsetIndex=no&watchFile=no
"7238",Pyrola asarifolia,Pyrola,asarifolia,,,,native,S4,,48.932810310000001,-123.479157099999995,,NA,NA,"84705484",obs_native,file:///D:/Simon/Sync/Root/GIS/Biodiversity%20Data/obs_native.csv?type=csv&maxFields=10000&detectTypes=yes&xField=longitude&yField=latitude&crs=EPSG:4326&spatialIndex=no&subsetIndex=no&watchFile=no
"7239",Pyrola asarifolia,Pyrola,asarifolia,,,,native,S4,,48.904633330000003,-123.406371699999994,,NA,NA,"105629953",obs_native,file:///D:/Simon/Sync/Root/GIS/Biodiversity%20Data/obs_native.csv?type=csv&maxFields=10000&detectTypes=yes&xField=longitude&yField=latitude&crs=EPSG:4326&spatialIndex=no&subsetIndex=no&watchFile=no
"7240",Pyrola picta,Pyrola,picta,,,,native,S5,,48.880411000000002,-123.336709999999997,,NA,NA,"12789649",obs_native,file:///D:/Simon/Sync/Root/GIS/Biodiversity%20Data/obs_native.csv?type=csv&maxFields=10000&detectTypes=yes&xField=longitude&yField=latitude&crs=EPSG:4326&spatialIndex=no&subsetIndex=no&watchFile=no
"7281",Ranunculus uncinatus,Ranunculus,uncinatus,,,,native,S5,,48.932492000000003,-123.483323999999996,,NA,NA,"3319522",obs_native,file:///D:/Simon/Sync/Root/GIS/Biodiversity%20Data/obs_native.csv?type=csv&maxFields=10000&detectTypes=yes&xField=longitude&yField=latitude&crs=EPSG:4326&spatialIndex=no&subsetIndex=no&watchFile=no
"7282",Ranunculus uncinatus,Ranunculus,uncinatus,,,,native,S5,,48.932811000000001,-123.481447000000003,,NA,NA,"3329584",obs_native,file:///D:/Simon/Sync/Root/GIS/Biodiversity%20Data/obs_native.csv?type=csv&maxFields=10000&detectTypes=yes&xField=longitude&yField=latitude&crs=EPSG:4326&spatialIndex=no&subsetIndex=no&watchFile=no
"7283",Ranunculus uncinatus,Ranunculus,uncinatus,,,,native,S5,,48.906282330000003,-123.358955399999999,,NA,NA,"5885678",obs_native,file:///D:/Simon/Sync/Root/GIS/Biodiversity%20Data/obs_native.csv?type=csv&maxFields=10000&detectTypes=yes&xField=longitude&yField=latitude&crs=EPSG:4326&spatialIndex=no&subsetIndex=no&watchFile=no
"7284",Ranunculus uncinatus,Ranunculus,uncinatus,,,,native,S5,,48.901345700000000,-123.364856200000006,,NA,NA,"5953025",obs_native,file:///D:/Simon/Sync/Root/GIS/Biodiversity%20Data/obs_native.csv?type=csv&maxFields=10000&detectTypes=yes&xField=longitude&yField=latitude&crs=EPSG:4326&spatialIndex=no&subsetIndex=no&watchFile=no
"7285",Ranunculus uncinatus,Ranunculus,uncinatus,,,,native,S5,,49.011795350000000,-123.574218799999997,,NA,NA,"6309408",obs_native,file:///D:/Simon/Sync/Root/GIS/Biodiversity%20Data/obs_native.csv?type=csv&maxFields=10000&detectTypes=yes&xField=longitude&yField=latitude&crs=EPSG:4326&spatialIndex=no&subsetIndex=no&watchFile=no
"7286",Ranunculus uncinatus,Ranunculus,uncinatus,,,,native,S5,,48.946518849999997,-123.490533799999994,,NA,NA,"6411226",obs_native,file:///D:/Simon/Sync/Root/GIS/Biodiversity%20Data/obs_native.csv?type=csv&maxFields=10000&detectTypes=yes&xField=longitude&yField=latitude&crs=EPSG:4326&spatialIndex=no&subsetIndex=no&watchFile=no
"7287",Ranunculus uncinatus,Ranunculus,uncinatus,,,,native,S5,,48.943160700000000,-123.484954799999997,,NA,NA,"6411240",obs_native,file:///D:/Simon/Sync/Root/GIS/Biodiversity%20Data/obs_native.csv?type=csv&maxFields=10000&detectTypes=yes&xField=longitude&yField=latitude&crs=EPSG:4326&spatialIndex=no&subsetIndex=no&watchFile=no
"7288",Ranunculus uncinatus,Ranunculus,uncinatus,,,,native,S5,,48.971846419999999,-123.552589400000002,,NA,NA,"6611376",obs_native,file:///D:/Simon/Sync/Root/GIS/Biodiversity%20Data/obs_native.csv?type=csv&maxFields=10000&detectTypes=yes&xField=longitude&yField=latitude&crs=EPSG:4326&spatialIndex=no&subsetIndex=no&watchFile=no
"7289",Ranunculus uncinatus,Ranunculus,uncinatus,,,,native,S5,,48.916038329999999,-123.396796699999996,,NA,NA,"11578156",obs_native,file:///D:/Simon/Sync/Root/GIS/Biodiversity%20Data/obs_native.csv?type=csv&maxFields=10000&detectTypes=yes&xField=longitude&yField=latitude&crs=EPSG:4326&spatialIndex=no&subsetIndex=no&watchFile=no
"7290",Ranunculus uncinatus,Ranunculus,uncinatus,,,,native,S5,,48.874077000000000,-123.342488000000003,,NA,NA,"12790869",obs_native,file:///D:/Simon/Sync/Root/GIS/Biodiversity%20Data/obs_native.csv?type=csv&maxFields=10000&detectTypes=yes&xField=longitude&yField=latitude&crs=EPSG:4326&spatialIndex=no&subsetIndex=no&watchFile=no
"7291",Ranunculus uncinatus,Ranunculus,uncinatus,,,,native,S5,,49.007592539999997,-123.576028399999998,,NA,NA,"24497709",obs_native,file:///D:/Simon/Sync/Root/GIS/Biodiversity%20Data/obs_native.csv?type=csv&maxFields=10000&detectTypes=yes&xField=longitude&yField=latitude&crs=EPSG:4326&spatialIndex=no&subsetIndex=no&watchFile=no
"7292",Ranunculus uncinatus,Ranunculus,uncinatus,,,,native,S5,,48.962969999999999,-123.516966699999998,,NA,NA,"24639910",obs_native,file:///D:/Simon/Sync/Root/GIS/Biodiversity%20Data/obs_native.csv?type=csv&maxFields=10000&detectTypes=yes&xField=longitude&yField=latitude&crs=EPSG:4326&spatialIndex=no&subsetIndex=no&watchFile=no
"7293",Ranunculus uncinatus,Ranunculus,uncinatus,,,,native,S5,,48.962291669999999,-123.518280599999997,,NA,NA,"24663845",obs_native,file:///D:/Simon/Sync/Root/GIS/Biodiversity%20Data/obs_native.csv?type=csv&maxFields=10000&detectTypes=yes&xField=longitude&yField=latitude&crs=EPSG:4326&spatialIndex=no&subsetIndex=no&watchFile=no
"7294",Ranunculus uncinatus,Ranunculus,uncinatus,,,,native,S5,,48.961922219999998,-123.517761100000001,,NA,NA,"24663847",obs_native,file:///D:/Simon/Sync/Root/GIS/Biodiversity%20Data/obs_native.csv?type=csv&maxFields=10000&detectTypes=yes&xField=longitude&yField=latitude&crs=EPSG:4326&spatialIndex=no&subsetIndex=no&watchFile=no
"7295",Ranunculus uncinatus,Ranunculus,uncinatus,,,,native,S5,,48.963453000000001,-123.517713999999998,,NA,NA,"24663873",obs_native,file:///D:/Simon/Sync/Root/GIS/Biodiversity%20Data/obs_native.csv?type=csv&maxFields=10000&detectTypes=yes&xField=longitude&yField=latitude&crs=EPSG:4326&spatialIndex=no&subsetIndex=no&watchFile=no
"7296",Ranunculus uncinatus,Ranunculus,uncinatus,,,,native,S5,,48.963322220000002,-123.515869400000000,,NA,NA,"24665096",obs_native,file:///D:/Simon/Sync/Root/GIS/Biodiversity%20Data/obs_native.csv?type=csv&maxFields=10000&detectTypes=yes&xField=longitude&yField=latitude&crs=EPSG:4326&spatialIndex=no&subsetIndex=no&watchFile=no
"7297",Ranunculus uncinatus,Ranunculus,uncinatus,,,,native,S5,,48.963233330000001,-123.515791699999994,,NA,NA,"24665171",obs_native,file:///D:/Simon/Sync/Root/GIS/Biodiversity%20Data/obs_native.csv?type=csv&maxFields=10000&detectTypes=yes&xField=longitude&yField=latitude&crs=EPSG:4326&spatialIndex=no&subsetIndex=no&watchFile=no
"7298",Ranunculus uncinatus,Ranunculus,uncinatus,,,,native,S5,,48.963322220000002,-123.515869400000000,,NA,NA,"24665243",obs_native,file:///D:/Simon/Sync/Root/GIS/Biodiversity%20Data/obs_native.csv?type=csv&maxFields=10000&detectTypes=yes&xField=longitude&yField=latitude&crs=EPSG:4326&spatialIndex=no&subsetIndex=no&watchFile=no
"7299",Ranunculus uncinatus,Ranunculus,uncinatus,,,,native,S5,,48.961986109999998,-123.516258300000004,,NA,NA,"24673941",obs_native,file:///D:/Simon/Sync/Root/GIS/Biodiversity%20Data/obs_native.csv?type=csv&maxFields=10000&detectTypes=yes&xField=longitude&yField=latitude&crs=EPSG:4326&spatialIndex=no&subsetIndex=no&watchFile=no
"7300",Ranunculus uncinatus,Ranunculus,uncinatus,,,,native,S5,,48.963194440000002,-123.520425000000003,,NA,NA,"24673988",obs_native,file:///D:/Simon/Sync/Root/GIS/Biodiversity%20Data/obs_native.csv?type=csv&maxFields=10000&detectTypes=yes&xField=longitude&yField=latitude&crs=EPSG:4326&spatialIndex=no&subsetIndex=no&watchFile=no
"7301",Ranunculus uncinatus,Ranunculus,uncinatus,,,,native,S5,,48.962977780000003,-123.519866699999994,,NA,NA,"24674089",obs_native,file:///D:/Simon/Sync/Root/GIS/Biodiversity%20Data/obs_native.csv?type=csv&maxFields=10000&detectTypes=yes&xField=longitude&yField=latitude&crs=EPSG:4326&spatialIndex=no&subsetIndex=no&watchFile=no
"7302",Ranunculus uncinatus,Ranunculus,uncinatus,,,,native,S5,,48.963955560000002,-123.519394399999996,,NA,NA,"24674133",obs_native,file:///D:/Simon/Sync/Root/GIS/Biodiversity%20Data/obs_native.csv?type=csv&maxFields=10000&detectTypes=yes&xField=longitude&yField=latitude&crs=EPSG:4326&spatialIndex=no&subsetIndex=no&watchFile=no
"7303",Ranunculus uncinatus,Ranunculus,uncinatus,,,,native,S5,,48.962536110000002,-123.517188899999994,,NA,NA,"24685260",obs_native,file:///D:/Simon/Sync/Root/GIS/Biodiversity%20Data/obs_native.csv?type=csv&maxFields=10000&detectTypes=yes&xField=longitude&yField=latitude&crs=EPSG:4326&spatialIndex=no&subsetIndex=no&watchFile=no
"7304",Ranunculus uncinatus,Ranunculus,uncinatus,,,,native,S5,,48.963080560000002,-123.516891700000002,,NA,NA,"24690178",obs_native,file:///D:/Simon/Sync/Root/GIS/Biodiversity%20Data/obs_native.csv?type=csv&maxFields=10000&detectTypes=yes&xField=longitude&yField=latitude&crs=EPSG:4326&spatialIndex=no&subsetIndex=no&watchFile=no
"7305",Ranunculus uncinatus,Ranunculus,uncinatus,,,,native,S5,,48.962803330000000,-123.519761700000004,,NA,NA,"24697751",obs_native,file:///D:/Simon/Sync/Root/GIS/Biodiversity%20Data/obs_native.csv?type=csv&maxFields=10000&detectTypes=yes&xField=longitude&yField=latitude&crs=EPSG:4326&spatialIndex=no&subsetIndex=no&watchFile=no
"7306",Ranunculus uncinatus,Ranunculus,uncinatus,,,,native,S5,,48.962611670000001,-123.517813300000000,,NA,NA,"24709625",obs_native,file:///D:/Simon/Sync/Root/GIS/Biodiversity%20Data/obs_native.csv?type=csv&maxFields=10000&detectTypes=yes&xField=longitude&yField=latitude&crs=EPSG:4326&spatialIndex=no&subsetIndex=no&watchFile=no
"7307",Ranunculus uncinatus,Ranunculus,uncinatus,,,,native,S5,,48.963383039999997,-123.515807699999996,,NA,NA,"24709909",obs_native,file:///D:/Simon/Sync/Root/GIS/Biodiversity%20Data/obs_native.csv?type=csv&maxFields=10000&detectTypes=yes&xField=longitude&yField=latitude&crs=EPSG:4326&spatialIndex=no&subsetIndex=no&watchFile=no
"7308",Ranunculus uncinatus,Ranunculus,uncinatus,,,,native,S5,,48.962485129999997,-123.517797799999997,,NA,NA,"24940314",obs_native,file:///D:/Simon/Sync/Root/GIS/Biodiversity%20Data/obs_native.csv?type=csv&maxFields=10000&detectTypes=yes&xField=longitude&yField=latitude&crs=EPSG:4326&spatialIndex=no&subsetIndex=no&watchFile=no
"7309",Ranunculus uncinatus,Ranunculus,uncinatus,,,,native,S5,,48.897571669999998,-123.340225000000004,,NA,NA,"25085605",obs_native,file:///D:/Simon/Sync/Root/GIS/Biodiversity%20Data/obs_native.csv?type=csv&maxFields=10000&detectTypes=yes&xField=longitude&yField=latitude&crs=EPSG:4326&spatialIndex=no&subsetIndex=no&watchFile=no
"7310",Ranunculus uncinatus,Ranunculus,uncinatus,,,,native,S5,,48.962189960000003,-123.518262199999995,,NA,NA,"25479156",obs_native,file:///D:/Simon/Sync/Root/GIS/Biodiversity%20Data/obs_native.csv?type=csv&maxFields=10000&detectTypes=yes&xField=longitude&yField=latitude&crs=EPSG:4326&spatialIndex=no&subsetIndex=no&watchFile=no
"7311",Ranunculus uncinatus,Ranunculus,uncinatus,,,,native,S5,,48.979269969999997,-123.557146799999998,,NA,NA,"25479197",obs_native,file:///D:/Simon/Sync/Root/GIS/Biodiversity%20Data/obs_native.csv?type=csv&maxFields=10000&detectTypes=yes&xField=longitude&yField=latitude&crs=EPSG:4326&spatialIndex=no&subsetIndex=no&watchFile=no
"7312",Ranunculus uncinatus,Ranunculus,uncinatus,,,,native,S5,,48.962380560000000,-123.517219400000002,,NA,NA,"25597330",obs_native,file:///D:/Simon/Sync/Root/GIS/Biodiversity%20Data/obs_native.csv?type=csv&maxFields=10000&detectTypes=yes&xField=longitude&yField=latitude&crs=EPSG:4326&spatialIndex=no&subsetIndex=no&watchFile=no
"7313",Ranunculus uncinatus,Ranunculus,uncinatus,,,,native,S5,,48.962955559999997,-123.516883300000003,,NA,NA,"25597331",obs_native,file:///D:/Simon/Sync/Root/GIS/Biodiversity%20Data/obs_native.csv?type=csv&maxFields=10000&detectTypes=yes&xField=longitude&yField=latitude&crs=EPSG:4326&spatialIndex=no&subsetIndex=no&watchFile=no
"7314",Ranunculus uncinatus,Ranunculus,uncinatus,,,,native,S5,,48.963027779999997,-123.519577799999993,,NA,NA,"25655008",obs_native,file:///D:/Simon/Sync/Root/GIS/Biodiversity%20Data/obs_native.csv?type=csv&maxFields=10000&detectTypes=yes&xField=longitude&yField=latitude&crs=EPSG:4326&spatialIndex=no&subsetIndex=no&watchFile=no
"7315",Ranunculus uncinatus,Ranunculus,uncinatus,,,,native,S5,,48.979198250000003,-123.537453299999996,,NA,NA,"44569645",obs_native,file:///D:/Simon/Sync/Root/GIS/Biodiversity%20Data/obs_native.csv?type=csv&maxFields=10000&detectTypes=yes&xField=longitude&yField=latitude&crs=EPSG:4326&spatialIndex=no&subsetIndex=no&watchFile=no
"7316",Ranunculus uncinatus,Ranunculus,uncinatus,,,,native,S5,,48.927871260000003,-123.467994000000004,,NA,NA,"84601278",obs_native,file:///D:/Simon/Sync/Root/GIS/Biodiversity%20Data/obs_native.csv?type=csv&maxFields=10000&detectTypes=yes&xField=longitude&yField=latitude&crs=EPSG:4326&spatialIndex=no&subsetIndex=no&watchFile=no
"7317",Ranunculus uncinatus,Ranunculus,uncinatus,,,,native,S5,,48.928110230000001,-123.467926800000001,,NA,NA,"84757372",obs_native,file:///D:/Simon/Sync/Root/GIS/Biodiversity%20Data/obs_native.csv?type=csv&maxFields=10000&detectTypes=yes&xField=longitude&yField=latitude&crs=EPSG:4326&spatialIndex=no&subsetIndex=no&watchFile=no
"7318",Ranunculus uncinatus,Ranunculus,uncinatus,,,,native,S5,,48.865267420000002,-123.352936299999996,,NA,NA,"111867248",obs_native,file:///D:/Simon/Sync/Root/GIS/Biodiversity%20Data/obs_native.csv?type=csv&maxFields=10000&detectTypes=yes&xField=longitude&yField=latitude&crs=EPSG:4326&spatialIndex=no&subsetIndex=no&watchFile=no
"7319",Ranunculus uncinatus,Ranunculus,uncinatus,,,,native,S5,,48.876678329999997,-123.371295000000003,,NA,NA,"118608422",obs_native,file:///D:/Simon/Sync/Root/GIS/Biodiversity%20Data/obs_native.csv?type=csv&maxFields=10000&detectTypes=yes&xField=longitude&yField=latitude&crs=EPSG:4326&spatialIndex=no&subsetIndex=no&watchFile=no
"7320",Ranunculus uncinatus,Ranunculus,uncinatus,,,,native,S5,,48.880316669999999,-123.381010000000003,,NA,NA,"118718738",obs_native,file:///D:/Simon/Sync/Root/GIS/Biodiversity%20Data/obs_native.csv?type=csv&maxFields=10000&detectTypes=yes&xField=longitude&yField=latitude&crs=EPSG:4326&spatialIndex=no&subsetIndex=no&watchFile=no
"7321",Ranunculus uncinatus,Ranunculus,uncinatus,,,,native,S5,,48.931788890000000,-123.477936099999994,,NA,NA,"120618099",obs_native,file:///D:/Simon/Sync/Root/GIS/Biodiversity%20Data/obs_native.csv?type=csv&maxFields=10000&detectTypes=yes&xField=longitude&yField=latitude&crs=EPSG:4326&spatialIndex=no&subsetIndex=no&watchFile=no
"7324",Rhododendron groenlandicum,Rhododendron,groenlandicum,,,,native,S5,,48.983272999999997,-123.556451999999993,,NA,NA,"2615109",obs_native,file:///D:/Simon/Sync/Root/GIS/Biodiversity%20Data/obs_native.csv?type=csv&maxFields=10000&detectTypes=yes&xField=longitude&yField=latitude&crs=EPSG:4326&spatialIndex=no&subsetIndex=no&watchFile=no
"7325",Rhododendron groenlandicum,Rhododendron,groenlandicum,,,,native,S5,,48.983659000000003,-123.556323000000006,,NA,NA,"3296126",obs_native,file:///D:/Simon/Sync/Root/GIS/Biodiversity%20Data/obs_native.csv?type=csv&maxFields=10000&detectTypes=yes&xField=longitude&yField=latitude&crs=EPSG:4326&spatialIndex=no&subsetIndex=no&watchFile=no
"7326",Rhododendron groenlandicum,Rhododendron,groenlandicum,,,,native,S5,,48.983364000000002,-123.556359000000000,,NA,NA,"13224851",obs_native,file:///D:/Simon/Sync/Root/GIS/Biodiversity%20Data/obs_native.csv?type=csv&maxFields=10000&detectTypes=yes&xField=longitude&yField=latitude&crs=EPSG:4326&spatialIndex=no&subsetIndex=no&watchFile=no
"7327",Rhododendron groenlandicum,Rhododendron,groenlandicum,,,,native,S5,,48.983399450000000,-123.556281799999994,,NA,NA,"26203665",obs_native,file:///D:/Simon/Sync/Root/GIS/Biodiversity%20Data/obs_native.csv?type=csv&maxFields=10000&detectTypes=yes&xField=longitude&yField=latitude&crs=EPSG:4326&spatialIndex=no&subsetIndex=no&watchFile=no
"7328",Rhododendron groenlandicum,Rhododendron,groenlandicum,,,,native,S5,,48.983357630000000,-123.556067700000000,,NA,NA,"31255493",obs_native,file:///D:/Simon/Sync/Root/GIS/Biodiversity%20Data/obs_native.csv?type=csv&maxFields=10000&detectTypes=yes&xField=longitude&yField=latitude&crs=EPSG:4326&spatialIndex=no&subsetIndex=no&watchFile=no
"7329",Rhododendron groenlandicum,Rhododendron,groenlandicum,,,,native,S5,,48.982801170000002,-123.555138900000003,,NA,NA,"61509675",obs_native,file:///D:/Simon/Sync/Root/GIS/Biodiversity%20Data/obs_native.csv?type=csv&maxFields=10000&detectTypes=yes&xField=longitude&yField=latitude&crs=EPSG:4326&spatialIndex=no&subsetIndex=no&watchFile=no
"7330",Rhododendron groenlandicum,Rhododendron,groenlandicum,,,,native,S5,,48.983311669999999,-123.556001699999996,,NA,NA,"121838568",obs_native,file:///D:/Simon/Sync/Root/GIS/Biodiversity%20Data/obs_native.csv?type=csv&maxFields=10000&detectTypes=yes&xField=longitude&yField=latitude&crs=EPSG:4326&spatialIndex=no&subsetIndex=no&watchFile=no
"7331",Rhynchospora alba,Rhynchospora,alba,,,,native,S5,,48.983160970000000,-123.555442299999996,,NA,NA,"55633559",obs_native,file:///D:/Simon/Sync/Root/GIS/Biodiversity%20Data/obs_native.csv?type=csv&maxFields=10000&detectTypes=yes&xField=longitude&yField=latitude&crs=EPSG:4326&spatialIndex=no&subsetIndex=no&watchFile=no
"7332",Ribes bracteosum,Ribes,bracteosum,,,,native,S5,,48.979709000000000,-123.557901999999999,,NA,NA,"2628134",obs_native,file:///D:/Simon/Sync/Root/GIS/Biodiversity%20Data/obs_native.csv?type=csv&maxFields=10000&detectTypes=yes&xField=longitude&yField=latitude&crs=EPSG:4326&spatialIndex=no&subsetIndex=no&watchFile=no
"7333",Ribes bracteosum,Ribes,bracteosum,,,,native,S5,,48.943536109999997,-123.499563899999998,,NA,NA,"3930428",obs_native,file:///D:/Simon/Sync/Root/GIS/Biodiversity%20Data/obs_native.csv?type=csv&maxFields=10000&detectTypes=yes&xField=longitude&yField=latitude&crs=EPSG:4326&spatialIndex=no&subsetIndex=no&watchFile=no
"7334",Ribes lacustre,Ribes,lacustre,,,,native,S5,,48.900672159999999,-123.351237699999999,,NA,NA,"24652645",obs_native,file:///D:/Simon/Sync/Root/GIS/Biodiversity%20Data/obs_native.csv?type=csv&maxFields=10000&detectTypes=yes&xField=longitude&yField=latitude&crs=EPSG:4326&spatialIndex=no&subsetIndex=no&watchFile=no
"7335",Ribes lobbii,Ribes,lobbii,,,,native,S5,,48.916213329999998,-123.421303300000005,,NA,NA,"88781542",obs_native,file:///D:/Simon/Sync/Root/GIS/Biodiversity%20Data/obs_native.csv?type=csv&maxFields=10000&detectTypes=yes&xField=longitude&yField=latitude&crs=EPSG:4326&spatialIndex=no&subsetIndex=no&watchFile=no
"7336",Ribes sanguineum,Ribes,sanguineum,,,,native,S5,,48.932988000000002,-123.485125999999994,,NA,NA,"2605374",obs_native,file:///D:/Simon/Sync/Root/GIS/Biodiversity%20Data/obs_native.csv?type=csv&maxFields=10000&detectTypes=yes&xField=longitude&yField=latitude&crs=EPSG:4326&spatialIndex=no&subsetIndex=no&watchFile=no
"7337",Ribes sanguineum,Ribes,sanguineum,,,,native,S5,,48.897711999999999,-123.409037999999995,,NA,NA,"2763354",obs_native,file:///D:/Simon/Sync/Root/GIS/Biodiversity%20Data/obs_native.csv?type=csv&maxFields=10000&detectTypes=yes&xField=longitude&yField=latitude&crs=EPSG:4326&spatialIndex=no&subsetIndex=no&watchFile=no
"7338",Ribes sanguineum,Ribes,sanguineum,,,,native,S5,,48.881109000000002,-123.327713000000003,,NA,NA,"2805276",obs_native,file:///D:/Simon/Sync/Root/GIS/Biodiversity%20Data/obs_native.csv?type=csv&maxFields=10000&detectTypes=yes&xField=longitude&yField=latitude&crs=EPSG:4326&spatialIndex=no&subsetIndex=no&watchFile=no
"7339",Ribes sanguineum,Ribes,sanguineum,,,,native,S5,,48.900344439999998,-123.373602800000000,,NA,NA,"2954170",obs_native,file:///D:/Simon/Sync/Root/GIS/Biodiversity%20Data/obs_native.csv?type=csv&maxFields=10000&detectTypes=yes&xField=longitude&yField=latitude&crs=EPSG:4326&spatialIndex=no&subsetIndex=no&watchFile=no
"7340",Ribes sanguineum,Ribes,sanguineum,,,,native,S5,,48.896498999999999,-123.409938999999994,,NA,NA,"3498850",obs_native,file:///D:/Simon/Sync/Root/GIS/Biodiversity%20Data/obs_native.csv?type=csv&maxFields=10000&detectTypes=yes&xField=longitude&yField=latitude&crs=EPSG:4326&spatialIndex=no&subsetIndex=no&watchFile=no
"7341",Ribes sanguineum,Ribes,sanguineum,,,,native,S5,,48.897119000000004,-123.410338999999993,,NA,NA,"5393838",obs_native,file:///D:/Simon/Sync/Root/GIS/Biodiversity%20Data/obs_native.csv?type=csv&maxFields=10000&detectTypes=yes&xField=longitude&yField=latitude&crs=EPSG:4326&spatialIndex=no&subsetIndex=no&watchFile=no
"7342",Ribes sanguineum,Ribes,sanguineum,,,,native,S5,,48.861834999999999,-123.351059000000006,,NA,NA,"5635303",obs_native,file:///D:/Simon/Sync/Root/GIS/Biodiversity%20Data/obs_native.csv?type=csv&maxFields=10000&detectTypes=yes&xField=longitude&yField=latitude&crs=EPSG:4326&spatialIndex=no&subsetIndex=no&watchFile=no
"7343",Ribes sanguineum,Ribes,sanguineum,,,,native,S5,,48.861834999999999,-123.351059000000006,,NA,NA,"5635312",obs_native,file:///D:/Simon/Sync/Root/GIS/Biodiversity%20Data/obs_native.csv?type=csv&maxFields=10000&detectTypes=yes&xField=longitude&yField=latitude&crs=EPSG:4326&spatialIndex=no&subsetIndex=no&watchFile=no
"7344",Ribes sanguineum,Ribes,sanguineum,,,,native,S5,,48.904618040000003,-123.358869600000006,,NA,NA,"5646983",obs_native,file:///D:/Simon/Sync/Root/GIS/Biodiversity%20Data/obs_native.csv?type=csv&maxFields=10000&detectTypes=yes&xField=longitude&yField=latitude&crs=EPSG:4326&spatialIndex=no&subsetIndex=no&watchFile=no
"7345",Ribes sanguineum,Ribes,sanguineum,,,,native,S5,,48.906042560000003,-123.358268699999996,,NA,NA,"5886280",obs_native,file:///D:/Simon/Sync/Root/GIS/Biodiversity%20Data/obs_native.csv?type=csv&maxFields=10000&detectTypes=yes&xField=longitude&yField=latitude&crs=EPSG:4326&spatialIndex=no&subsetIndex=no&watchFile=no
"7346",Ribes sanguineum,Ribes,sanguineum,,,,native,S5,,48.897288340000003,-123.409120599999994,,NA,NA,"8334120",obs_native,file:///D:/Simon/Sync/Root/GIS/Biodiversity%20Data/obs_native.csv?type=csv&maxFields=10000&detectTypes=yes&xField=longitude&yField=latitude&crs=EPSG:4326&spatialIndex=no&subsetIndex=no&watchFile=no
"7347",Ribes sanguineum,Ribes,sanguineum,,,,native,S5,,48.884678999999998,-123.340920999999994,,NA,NA,"10269648",obs_native,file:///D:/Simon/Sync/Root/GIS/Biodiversity%20Data/obs_native.csv?type=csv&maxFields=10000&detectTypes=yes&xField=longitude&yField=latitude&crs=EPSG:4326&spatialIndex=no&subsetIndex=no&watchFile=no
"7348",Ribes sanguineum,Ribes,sanguineum,,,,native,S5,,48.872793999999999,-123.347003000000001,,NA,NA,"10558826",obs_native,file:///D:/Simon/Sync/Root/GIS/Biodiversity%20Data/obs_native.csv?type=csv&maxFields=10000&detectTypes=yes&xField=longitude&yField=latitude&crs=EPSG:4326&spatialIndex=no&subsetIndex=no&watchFile=no
"7349",Ribes sanguineum,Ribes,sanguineum,,,,native,S5,,48.895788330000002,-123.410393299999996,,NA,NA,"13974241",obs_native,file:///D:/Simon/Sync/Root/GIS/Biodiversity%20Data/obs_native.csv?type=csv&maxFields=10000&detectTypes=yes&xField=longitude&yField=latitude&crs=EPSG:4326&spatialIndex=no&subsetIndex=no&watchFile=no
"7350",Ribes sanguineum,Ribes,sanguineum,,,,native,S5,,48.872888889999999,-123.346694400000004,,NA,NA,"13983873",obs_native,file:///D:/Simon/Sync/Root/GIS/Biodiversity%20Data/obs_native.csv?type=csv&maxFields=10000&detectTypes=yes&xField=longitude&yField=latitude&crs=EPSG:4326&spatialIndex=no&subsetIndex=no&watchFile=no
"7351",Ribes sanguineum,Ribes,sanguineum,,,,native,S5,,48.930496669999997,-123.472650000000002,,NA,NA,"21700075",obs_native,file:///D:/Simon/Sync/Root/GIS/Biodiversity%20Data/obs_native.csv?type=csv&maxFields=10000&detectTypes=yes&xField=longitude&yField=latitude&crs=EPSG:4326&spatialIndex=no&subsetIndex=no&watchFile=no
"7352",Ribes sanguineum,Ribes,sanguineum,,,,native,S5,,48.872922000000003,-123.346476999999993,,NA,NA,"21997242",obs_native,file:///D:/Simon/Sync/Root/GIS/Biodiversity%20Data/obs_native.csv?type=csv&maxFields=10000&detectTypes=yes&xField=longitude&yField=latitude&crs=EPSG:4326&spatialIndex=no&subsetIndex=no&watchFile=no
"7353",Ribes sanguineum,Ribes,sanguineum,,,,native,S5,,48.944878650000000,-123.494123599999995,,NA,NA,"22302277",obs_native,file:///D:/Simon/Sync/Root/GIS/Biodiversity%20Data/obs_native.csv?type=csv&maxFields=10000&detectTypes=yes&xField=longitude&yField=latitude&crs=EPSG:4326&spatialIndex=no&subsetIndex=no&watchFile=no
"7354",Ribes sanguineum,Ribes,sanguineum,,,,native,S5,,48.907898950000003,-123.389724799999996,,NA,NA,"22787736",obs_native,file:///D:/Simon/Sync/Root/GIS/Biodiversity%20Data/obs_native.csv?type=csv&maxFields=10000&detectTypes=yes&xField=longitude&yField=latitude&crs=EPSG:4326&spatialIndex=no&subsetIndex=no&watchFile=no
"7355",Ribes sanguineum,Ribes,sanguineum,,,,native,S5,,48.900559420000000,-123.407009099999996,,NA,NA,"25477961",obs_native,file:///D:/Simon/Sync/Root/GIS/Biodiversity%20Data/obs_native.csv?type=csv&maxFields=10000&detectTypes=yes&xField=longitude&yField=latitude&crs=EPSG:4326&spatialIndex=no&subsetIndex=no&watchFile=no
"7356",Ribes sanguineum,Ribes,sanguineum,,,,native,S5,,48.863592779999998,-123.362221500000004,,NA,NA,"42637638",obs_native,file:///D:/Simon/Sync/Root/GIS/Biodiversity%20Data/obs_native.csv?type=csv&maxFields=10000&detectTypes=yes&xField=longitude&yField=latitude&crs=EPSG:4326&spatialIndex=no&subsetIndex=no&watchFile=no
"7357",Ribes sanguineum,Ribes,sanguineum,,,,native,S5,,48.871719790000000,-123.314750799999999,,NA,NA,"46780542",obs_native,file:///D:/Simon/Sync/Root/GIS/Biodiversity%20Data/obs_native.csv?type=csv&maxFields=10000&detectTypes=yes&xField=longitude&yField=latitude&crs=EPSG:4326&spatialIndex=no&subsetIndex=no&watchFile=no
"7358",Ribes sanguineum,Ribes,sanguineum,,,,native,S5,,48.929980239999999,-123.467329399999997,,NA,NA,"53258269",obs_native,file:///D:/Simon/Sync/Root/GIS/Biodiversity%20Data/obs_native.csv?type=csv&maxFields=10000&detectTypes=yes&xField=longitude&yField=latitude&crs=EPSG:4326&spatialIndex=no&subsetIndex=no&watchFile=no
"7359",Ribes sanguineum,Ribes,sanguineum,,,,native,S5,,48.872869999999999,-123.346605999999994,,NA,NA,"71573509",obs_native,file:///D:/Simon/Sync/Root/GIS/Biodiversity%20Data/obs_native.csv?type=csv&maxFields=10000&detectTypes=yes&xField=longitude&yField=latitude&crs=EPSG:4326&spatialIndex=no&subsetIndex=no&watchFile=no
"7360",Ribes sanguineum,Ribes,sanguineum,,,,native,S5,,48.872736000000003,-123.346495000000004,,NA,NA,"72823657",obs_native,file:///D:/Simon/Sync/Root/GIS/Biodiversity%20Data/obs_native.csv?type=csv&maxFields=10000&detectTypes=yes&xField=longitude&yField=latitude&crs=EPSG:4326&spatialIndex=no&subsetIndex=no&watchFile=no
"7361",Ribes sanguineum,Ribes,sanguineum,,,,native,S5,,48.920776910000001,-123.410529199999999,,NA,NA,"73026696",obs_native,file:///D:/Simon/Sync/Root/GIS/Biodiversity%20Data/obs_native.csv?type=csv&maxFields=10000&detectTypes=yes&xField=longitude&yField=latitude&crs=EPSG:4326&spatialIndex=no&subsetIndex=no&watchFile=no
"7362",Ribes sanguineum,Ribes,sanguineum,,,,native,S5,,48.941918360000003,-123.501885099999996,,NA,NA,"74871263",obs_native,file:///D:/Simon/Sync/Root/GIS/Biodiversity%20Data/obs_native.csv?type=csv&maxFields=10000&detectTypes=yes&xField=longitude&yField=latitude&crs=EPSG:4326&spatialIndex=no&subsetIndex=no&watchFile=no
"7363",Ribes sanguineum,Ribes,sanguineum,,,,native,S5,,49.000025239999999,-123.560117099999999,,NA,NA,"75114721",obs_native,file:///D:/Simon/Sync/Root/GIS/Biodiversity%20Data/obs_native.csv?type=csv&maxFields=10000&detectTypes=yes&xField=longitude&yField=latitude&crs=EPSG:4326&spatialIndex=no&subsetIndex=no&watchFile=no
"7364",Ribes sanguineum,Ribes,sanguineum,,,,native,S5,,48.876348380000003,-123.386245799999998,,NA,NA,"77854388",obs_native,file:///D:/Simon/Sync/Root/GIS/Biodiversity%20Data/obs_native.csv?type=csv&maxFields=10000&detectTypes=yes&xField=longitude&yField=latitude&crs=EPSG:4326&spatialIndex=no&subsetIndex=no&watchFile=no
"7365",Ribes sanguineum,Ribes,sanguineum,,,,native,S5,,48.900033329999999,-123.444069999999996,,NA,NA,"102063246",obs_native,file:///D:/Simon/Sync/Root/GIS/Biodiversity%20Data/obs_native.csv?type=csv&maxFields=10000&detectTypes=yes&xField=longitude&yField=latitude&crs=EPSG:4326&spatialIndex=no&subsetIndex=no&watchFile=no
"7366",Ribes sanguineum,Ribes,sanguineum,,,,native,S5,,48.897848000000003,-123.400895000000006,,NA,NA,"109867348",obs_native,file:///D:/Simon/Sync/Root/GIS/Biodiversity%20Data/obs_native.csv?type=csv&maxFields=10000&detectTypes=yes&xField=longitude&yField=latitude&crs=EPSG:4326&spatialIndex=no&subsetIndex=no&watchFile=no
"7367",Ribes sanguineum,Ribes,sanguineum,,,,native,S5,,48.949528500000000,-123.489568800000001,,NA,NA,"112017747",obs_native,file:///D:/Simon/Sync/Root/GIS/Biodiversity%20Data/obs_native.csv?type=csv&maxFields=10000&detectTypes=yes&xField=longitude&yField=latitude&crs=EPSG:4326&spatialIndex=no&subsetIndex=no&watchFile=no
"7368",Ribes sanguineum,Ribes,sanguineum,,,,native,S5,,48.871357600000003,-123.312887000000003,,NA,NA,"135444617",obs_native,file:///D:/Simon/Sync/Root/GIS/Biodiversity%20Data/obs_native.csv?type=csv&maxFields=10000&detectTypes=yes&xField=longitude&yField=latitude&crs=EPSG:4326&spatialIndex=no&subsetIndex=no&watchFile=no
"7373",Rosa gymnocarpa,Rosa,gymnocarpa,,,,native,S5,,48.931184000000002,-123.480576999999997,,NA,NA,"2563507",obs_native,file:///D:/Simon/Sync/Root/GIS/Biodiversity%20Data/obs_native.csv?type=csv&maxFields=10000&detectTypes=yes&xField=longitude&yField=latitude&crs=EPSG:4326&spatialIndex=no&subsetIndex=no&watchFile=no
"7374",Rosa gymnocarpa,Rosa,gymnocarpa,,,,native,S5,,48.885291000000002,-123.332434000000006,,NA,NA,"2572133",obs_native,file:///D:/Simon/Sync/Root/GIS/Biodiversity%20Data/obs_native.csv?type=csv&maxFields=10000&detectTypes=yes&xField=longitude&yField=latitude&crs=EPSG:4326&spatialIndex=no&subsetIndex=no&watchFile=no
"7375",Rosa gymnocarpa,Rosa,gymnocarpa,,,,native,S5,,48.885263000000002,-123.332347999999996,,NA,NA,"2572197",obs_native,file:///D:/Simon/Sync/Root/GIS/Biodiversity%20Data/obs_native.csv?type=csv&maxFields=10000&detectTypes=yes&xField=longitude&yField=latitude&crs=EPSG:4326&spatialIndex=no&subsetIndex=no&watchFile=no
"7376",Rosa gymnocarpa,Rosa,gymnocarpa,,,,native,S5,,48.860694000000002,-123.361401999999998,,NA,NA,"2604235",obs_native,file:///D:/Simon/Sync/Root/GIS/Biodiversity%20Data/obs_native.csv?type=csv&maxFields=10000&detectTypes=yes&xField=longitude&yField=latitude&crs=EPSG:4326&spatialIndex=no&subsetIndex=no&watchFile=no
"7377",Rosa gymnocarpa,Rosa,gymnocarpa,,,,native,S5,,48.923647000000003,-123.441472000000005,,NA,NA,"2609149",obs_native,file:///D:/Simon/Sync/Root/GIS/Biodiversity%20Data/obs_native.csv?type=csv&maxFields=10000&detectTypes=yes&xField=longitude&yField=latitude&crs=EPSG:4326&spatialIndex=no&subsetIndex=no&watchFile=no
"7378",Rosa gymnocarpa,Rosa,gymnocarpa,,,,native,S5,,48.926051999999999,-123.464785000000006,,NA,NA,"2625702",obs_native,file:///D:/Simon/Sync/Root/GIS/Biodiversity%20Data/obs_native.csv?type=csv&maxFields=10000&detectTypes=yes&xField=longitude&yField=latitude&crs=EPSG:4326&spatialIndex=no&subsetIndex=no&watchFile=no
"7379",Rosa gymnocarpa,Rosa,gymnocarpa,,,,native,S5,,48.866764000000003,-123.336060000000003,,NA,NA,"3028647",obs_native,file:///D:/Simon/Sync/Root/GIS/Biodiversity%20Data/obs_native.csv?type=csv&maxFields=10000&detectTypes=yes&xField=longitude&yField=latitude&crs=EPSG:4326&spatialIndex=no&subsetIndex=no&watchFile=no
"7380",Rosa gymnocarpa,Rosa,gymnocarpa,,,,native,S5,,48.915906000000000,-123.422921000000002,,NA,NA,"3123062",obs_native,file:///D:/Simon/Sync/Root/GIS/Biodiversity%20Data/obs_native.csv?type=csv&maxFields=10000&detectTypes=yes&xField=longitude&yField=latitude&crs=EPSG:4326&spatialIndex=no&subsetIndex=no&watchFile=no
"7381",Rosa gymnocarpa,Rosa,gymnocarpa,,,,native,S5,,48.896949999999997,-123.406677000000002,,NA,NA,"3311080",obs_native,file:///D:/Simon/Sync/Root/GIS/Biodiversity%20Data/obs_native.csv?type=csv&maxFields=10000&detectTypes=yes&xField=longitude&yField=latitude&crs=EPSG:4326&spatialIndex=no&subsetIndex=no&watchFile=no
"7382",Rosa gymnocarpa,Rosa,gymnocarpa,,,,native,S5,,48.932485999999997,-123.483839000000003,,NA,NA,"3318339",obs_native,file:///D:/Simon/Sync/Root/GIS/Biodiversity%20Data/obs_native.csv?type=csv&maxFields=10000&detectTypes=yes&xField=longitude&yField=latitude&crs=EPSG:4326&spatialIndex=no&subsetIndex=no&watchFile=no
"7383",Rosa gymnocarpa,Rosa,gymnocarpa,,,,native,S5,,48.906719549999998,-123.358397499999995,,NA,NA,"5885842",obs_native,file:///D:/Simon/Sync/Root/GIS/Biodiversity%20Data/obs_native.csv?type=csv&maxFields=10000&detectTypes=yes&xField=longitude&yField=latitude&crs=EPSG:4326&spatialIndex=no&subsetIndex=no&watchFile=no
"7384",Rosa gymnocarpa,Rosa,gymnocarpa,,,,native,S5,,48.927969529999999,-123.470706899999996,,NA,NA,"6298752",obs_native,file:///D:/Simon/Sync/Root/GIS/Biodiversity%20Data/obs_native.csv?type=csv&maxFields=10000&detectTypes=yes&xField=longitude&yField=latitude&crs=EPSG:4326&spatialIndex=no&subsetIndex=no&watchFile=no
"7385",Rosa gymnocarpa,Rosa,gymnocarpa,,,,native,S5,,48.876598770000001,-123.383266899999995,,NA,NA,"6714898",obs_native,file:///D:/Simon/Sync/Root/GIS/Biodiversity%20Data/obs_native.csv?type=csv&maxFields=10000&detectTypes=yes&xField=longitude&yField=latitude&crs=EPSG:4326&spatialIndex=no&subsetIndex=no&watchFile=no
"7386",Rosa gymnocarpa,Rosa,gymnocarpa,,,,native,S5,,48.917605000000002,-123.396858300000005,,NA,NA,"11577548",obs_native,file:///D:/Simon/Sync/Root/GIS/Biodiversity%20Data/obs_native.csv?type=csv&maxFields=10000&detectTypes=yes&xField=longitude&yField=latitude&crs=EPSG:4326&spatialIndex=no&subsetIndex=no&watchFile=no
"7387",Rosa gymnocarpa,Rosa,gymnocarpa,,,,native,S5,,48.870607000000000,-123.343086000000000,,NA,NA,"12761970",obs_native,file:///D:/Simon/Sync/Root/GIS/Biodiversity%20Data/obs_native.csv?type=csv&maxFields=10000&detectTypes=yes&xField=longitude&yField=latitude&crs=EPSG:4326&spatialIndex=no&subsetIndex=no&watchFile=no
"7388",Rosa gymnocarpa,Rosa,gymnocarpa,,,,native,S5,,48.870607000000000,-123.343086000000000,,NA,NA,"12762195",obs_native,file:///D:/Simon/Sync/Root/GIS/Biodiversity%20Data/obs_native.csv?type=csv&maxFields=10000&detectTypes=yes&xField=longitude&yField=latitude&crs=EPSG:4326&spatialIndex=no&subsetIndex=no&watchFile=no
"7389",Rosa gymnocarpa,Rosa,gymnocarpa,,,,native,S5,,48.880172999999999,-123.338239000000002,,NA,NA,"12790094",obs_native,file:///D:/Simon/Sync/Root/GIS/Biodiversity%20Data/obs_native.csv?type=csv&maxFields=10000&detectTypes=yes&xField=longitude&yField=latitude&crs=EPSG:4326&spatialIndex=no&subsetIndex=no&watchFile=no
"7390",Rosa gymnocarpa,Rosa,gymnocarpa,,,,native,S5,,48.867058000000000,-123.334428000000003,,NA,NA,"12817028",obs_native,file:///D:/Simon/Sync/Root/GIS/Biodiversity%20Data/obs_native.csv?type=csv&maxFields=10000&detectTypes=yes&xField=longitude&yField=latitude&crs=EPSG:4326&spatialIndex=no&subsetIndex=no&watchFile=no
"7391",Rosa gymnocarpa,Rosa,gymnocarpa,,,,native,S5,,48.866025999999998,-123.333974999999995,,NA,NA,"12817517",obs_native,file:///D:/Simon/Sync/Root/GIS/Biodiversity%20Data/obs_native.csv?type=csv&maxFields=10000&detectTypes=yes&xField=longitude&yField=latitude&crs=EPSG:4326&spatialIndex=no&subsetIndex=no&watchFile=no
"7392",Rosa gymnocarpa,Rosa,gymnocarpa,,,,native,S5,,48.869005119999997,-123.345825800000000,,NA,NA,"13972528",obs_native,file:///D:/Simon/Sync/Root/GIS/Biodiversity%20Data/obs_native.csv?type=csv&maxFields=10000&detectTypes=yes&xField=longitude&yField=latitude&crs=EPSG:4326&spatialIndex=no&subsetIndex=no&watchFile=no
"7393",Rosa gymnocarpa,Rosa,gymnocarpa,,,,native,S5,,48.870705000000001,-123.342810000000000,,NA,NA,"13973303",obs_native,file:///D:/Simon/Sync/Root/GIS/Biodiversity%20Data/obs_native.csv?type=csv&maxFields=10000&detectTypes=yes&xField=longitude&yField=latitude&crs=EPSG:4326&spatialIndex=no&subsetIndex=no&watchFile=no
"7394",Rosa gymnocarpa,Rosa,gymnocarpa,,,,native,S5,,48.870591670000003,-123.342641700000001,,NA,NA,"13973336",obs_native,file:///D:/Simon/Sync/Root/GIS/Biodiversity%20Data/obs_native.csv?type=csv&maxFields=10000&detectTypes=yes&xField=longitude&yField=latitude&crs=EPSG:4326&spatialIndex=no&subsetIndex=no&watchFile=no
"7395",Rosa gymnocarpa,Rosa,gymnocarpa,,,,native,S5,,48.901088889999997,-123.406616700000001,,NA,NA,"24676901",obs_native,file:///D:/Simon/Sync/Root/GIS/Biodiversity%20Data/obs_native.csv?type=csv&maxFields=10000&detectTypes=yes&xField=longitude&yField=latitude&crs=EPSG:4326&spatialIndex=no&subsetIndex=no&watchFile=no
"7396",Rosa gymnocarpa,Rosa,gymnocarpa,,,,native,S5,,48.895266669999998,-123.406394399999996,,NA,NA,"24677514",obs_native,file:///D:/Simon/Sync/Root/GIS/Biodiversity%20Data/obs_native.csv?type=csv&maxFields=10000&detectTypes=yes&xField=longitude&yField=latitude&crs=EPSG:4326&spatialIndex=no&subsetIndex=no&watchFile=no
"7397",Rosa gymnocarpa,Rosa,gymnocarpa,,,,native,S5,,48.895252780000000,-123.406380600000006,,NA,NA,"24677588",obs_native,file:///D:/Simon/Sync/Root/GIS/Biodiversity%20Data/obs_native.csv?type=csv&maxFields=10000&detectTypes=yes&xField=longitude&yField=latitude&crs=EPSG:4326&spatialIndex=no&subsetIndex=no&watchFile=no
"7398",Rosa gymnocarpa,Rosa,gymnocarpa,,,,native,S5,,48.963647219999999,-123.511208300000007,,NA,NA,"24690271",obs_native,file:///D:/Simon/Sync/Root/GIS/Biodiversity%20Data/obs_native.csv?type=csv&maxFields=10000&detectTypes=yes&xField=longitude&yField=latitude&crs=EPSG:4326&spatialIndex=no&subsetIndex=no&watchFile=no
"7399",Rosa gymnocarpa,Rosa,gymnocarpa,,,,native,S5,,48.872191669999999,-123.312753299999997,,NA,NA,"24708223",obs_native,file:///D:/Simon/Sync/Root/GIS/Biodiversity%20Data/obs_native.csv?type=csv&maxFields=10000&detectTypes=yes&xField=longitude&yField=latitude&crs=EPSG:4326&spatialIndex=no&subsetIndex=no&watchFile=no
"7400",Rosa gymnocarpa,Rosa,gymnocarpa,,,,native,S5,,48.872039620000002,-123.312166300000001,,NA,NA,"24713556",obs_native,file:///D:/Simon/Sync/Root/GIS/Biodiversity%20Data/obs_native.csv?type=csv&maxFields=10000&detectTypes=yes&xField=longitude&yField=latitude&crs=EPSG:4326&spatialIndex=no&subsetIndex=no&watchFile=no
"7401",Rosa gymnocarpa,Rosa,gymnocarpa,,,,native,S5,,48.901586620000003,-123.405516399999996,,NA,NA,"24714780",obs_native,file:///D:/Simon/Sync/Root/GIS/Biodiversity%20Data/obs_native.csv?type=csv&maxFields=10000&detectTypes=yes&xField=longitude&yField=latitude&crs=EPSG:4326&spatialIndex=no&subsetIndex=no&watchFile=no
"7402",Rosa gymnocarpa,Rosa,gymnocarpa,,,,native,S5,,48.859523330000002,-123.353223299999996,,NA,NA,"24768167",obs_native,file:///D:/Simon/Sync/Root/GIS/Biodiversity%20Data/obs_native.csv?type=csv&maxFields=10000&detectTypes=yes&xField=longitude&yField=latitude&crs=EPSG:4326&spatialIndex=no&subsetIndex=no&watchFile=no
"7403",Rosa gymnocarpa,Rosa,gymnocarpa,,,,native,S5,,48.962624179999999,-123.517139099999994,,NA,NA,"24919874",obs_native,file:///D:/Simon/Sync/Root/GIS/Biodiversity%20Data/obs_native.csv?type=csv&maxFields=10000&detectTypes=yes&xField=longitude&yField=latitude&crs=EPSG:4326&spatialIndex=no&subsetIndex=no&watchFile=no
"7404",Rosa gymnocarpa,Rosa,gymnocarpa,,,,native,S5,,48.896810950000003,-123.409521699999999,,NA,NA,"24937434",obs_native,file:///D:/Simon/Sync/Root/GIS/Biodiversity%20Data/obs_native.csv?type=csv&maxFields=10000&detectTypes=yes&xField=longitude&yField=latitude&crs=EPSG:4326&spatialIndex=no&subsetIndex=no&watchFile=no
"7405",Rosa gymnocarpa,Rosa,gymnocarpa,,,,native,S5,,48.901281390000001,-123.405520400000000,,NA,NA,"24939315",obs_native,file:///D:/Simon/Sync/Root/GIS/Biodiversity%20Data/obs_native.csv?type=csv&maxFields=10000&detectTypes=yes&xField=longitude&yField=latitude&crs=EPSG:4326&spatialIndex=no&subsetIndex=no&watchFile=no
"7406",Rosa gymnocarpa,Rosa,gymnocarpa,,,,native,S5,,48.872127780000000,-123.312705600000001,,NA,NA,"25048252",obs_native,file:///D:/Simon/Sync/Root/GIS/Biodiversity%20Data/obs_native.csv?type=csv&maxFields=10000&detectTypes=yes&xField=longitude&yField=latitude&crs=EPSG:4326&spatialIndex=no&subsetIndex=no&watchFile=no
"7407",Rosa gymnocarpa,Rosa,gymnocarpa,,,,native,S5,,48.863022360000002,-123.327862999999994,,NA,NA,"25482894",obs_native,file:///D:/Simon/Sync/Root/GIS/Biodiversity%20Data/obs_native.csv?type=csv&maxFields=10000&detectTypes=yes&xField=longitude&yField=latitude&crs=EPSG:4326&spatialIndex=no&subsetIndex=no&watchFile=no
"7408",Rosa gymnocarpa,Rosa,gymnocarpa,,,,native,S5,,48.863467020000002,-123.328310099999996,,NA,NA,"25482970",obs_native,file:///D:/Simon/Sync/Root/GIS/Biodiversity%20Data/obs_native.csv?type=csv&maxFields=10000&detectTypes=yes&xField=longitude&yField=latitude&crs=EPSG:4326&spatialIndex=no&subsetIndex=no&watchFile=no
"7409",Rosa gymnocarpa,Rosa,gymnocarpa,,,,native,S5,,48.895038890000002,-123.404861100000005,,NA,NA,"25655430",obs_native,file:///D:/Simon/Sync/Root/GIS/Biodiversity%20Data/obs_native.csv?type=csv&maxFields=10000&detectTypes=yes&xField=longitude&yField=latitude&crs=EPSG:4326&spatialIndex=no&subsetIndex=no&watchFile=no
"7410",Rosa gymnocarpa,Rosa,gymnocarpa,,,,native,S5,,48.952786109999998,-123.533444399999993,,NA,NA,"28440150",obs_native,file:///D:/Simon/Sync/Root/GIS/Biodiversity%20Data/obs_native.csv?type=csv&maxFields=10000&detectTypes=yes&xField=longitude&yField=latitude&crs=EPSG:4326&spatialIndex=no&subsetIndex=no&watchFile=no
"7411",Rosa gymnocarpa,Rosa,gymnocarpa,,,,native,S5,,48.912086209999998,-123.398993599999997,,NA,NA,"47182200",obs_native,file:///D:/Simon/Sync/Root/GIS/Biodiversity%20Data/obs_native.csv?type=csv&maxFields=10000&detectTypes=yes&xField=longitude&yField=latitude&crs=EPSG:4326&spatialIndex=no&subsetIndex=no&watchFile=no
"7412",Rosa gymnocarpa,Rosa,gymnocarpa,,,,native,S5,,48.868671900000002,-123.345979600000007,,NA,NA,"47695978",obs_native,file:///D:/Simon/Sync/Root/GIS/Biodiversity%20Data/obs_native.csv?type=csv&maxFields=10000&detectTypes=yes&xField=longitude&yField=latitude&crs=EPSG:4326&spatialIndex=no&subsetIndex=no&watchFile=no
"7413",Rosa gymnocarpa,Rosa,gymnocarpa,,,,native,S5,,48.919056689999998,-123.402342399999995,,NA,NA,"47891023",obs_native,file:///D:/Simon/Sync/Root/GIS/Biodiversity%20Data/obs_native.csv?type=csv&maxFields=10000&detectTypes=yes&xField=longitude&yField=latitude&crs=EPSG:4326&spatialIndex=no&subsetIndex=no&watchFile=no
"7414",Rosa gymnocarpa,Rosa,gymnocarpa,,,,native,S5,,48.945772710000000,-123.490761800000001,,NA,NA,"51434591",obs_native,file:///D:/Simon/Sync/Root/GIS/Biodiversity%20Data/obs_native.csv?type=csv&maxFields=10000&detectTypes=yes&xField=longitude&yField=latitude&crs=EPSG:4326&spatialIndex=no&subsetIndex=no&watchFile=no
"7415",Rosa gymnocarpa,Rosa,gymnocarpa,,,,native,S5,,48.878124329999999,-123.320725100000004,,NA,NA,"52032548",obs_native,file:///D:/Simon/Sync/Root/GIS/Biodiversity%20Data/obs_native.csv?type=csv&maxFields=10000&detectTypes=yes&xField=longitude&yField=latitude&crs=EPSG:4326&spatialIndex=no&subsetIndex=no&watchFile=no
"7416",Rosa gymnocarpa,Rosa,gymnocarpa,,,,native,S5,,48.930247710000003,-123.467246200000005,,NA,NA,"52925686",obs_native,file:///D:/Simon/Sync/Root/GIS/Biodiversity%20Data/obs_native.csv?type=csv&maxFields=10000&detectTypes=yes&xField=longitude&yField=latitude&crs=EPSG:4326&spatialIndex=no&subsetIndex=no&watchFile=no
"7417",Rosa gymnocarpa,Rosa,gymnocarpa,,,,native,S5,,48.929975620000000,-123.467076700000007,,NA,NA,"53212780",obs_native,file:///D:/Simon/Sync/Root/GIS/Biodiversity%20Data/obs_native.csv?type=csv&maxFields=10000&detectTypes=yes&xField=longitude&yField=latitude&crs=EPSG:4326&spatialIndex=no&subsetIndex=no&watchFile=no
"7418",Rosa gymnocarpa,Rosa,gymnocarpa,,,,native,S5,,48.927164900000001,-123.468605499999995,,NA,NA,"53274503",obs_native,file:///D:/Simon/Sync/Root/GIS/Biodiversity%20Data/obs_native.csv?type=csv&maxFields=10000&detectTypes=yes&xField=longitude&yField=latitude&crs=EPSG:4326&spatialIndex=no&subsetIndex=no&watchFile=no
"7419",Rosa gymnocarpa,Rosa,gymnocarpa,,,,native,S5,,48.927173840000002,-123.468527600000002,,NA,NA,"53378447",obs_native,file:///D:/Simon/Sync/Root/GIS/Biodiversity%20Data/obs_native.csv?type=csv&maxFields=10000&detectTypes=yes&xField=longitude&yField=latitude&crs=EPSG:4326&spatialIndex=no&subsetIndex=no&watchFile=no
"7420",Rosa gymnocarpa,Rosa,gymnocarpa,,,,native,S5,,48.871702249999998,-123.382610000000000,,NA,NA,"81147052",obs_native,file:///D:/Simon/Sync/Root/GIS/Biodiversity%20Data/obs_native.csv?type=csv&maxFields=10000&detectTypes=yes&xField=longitude&yField=latitude&crs=EPSG:4326&spatialIndex=no&subsetIndex=no&watchFile=no
"7421",Rosa gymnocarpa,Rosa,gymnocarpa,,,,native,S5,,49.002972919999998,-123.565486500000006,,NA,NA,"83605949",obs_native,file:///D:/Simon/Sync/Root/GIS/Biodiversity%20Data/obs_native.csv?type=csv&maxFields=10000&detectTypes=yes&xField=longitude&yField=latitude&crs=EPSG:4326&spatialIndex=no&subsetIndex=no&watchFile=no
"7422",Rosa gymnocarpa,Rosa,gymnocarpa,,,,native,S5,,49.005175649999998,-123.567634600000005,,NA,NA,"83606419",obs_native,file:///D:/Simon/Sync/Root/GIS/Biodiversity%20Data/obs_native.csv?type=csv&maxFields=10000&detectTypes=yes&xField=longitude&yField=latitude&crs=EPSG:4326&spatialIndex=no&subsetIndex=no&watchFile=no
"7423",Rosa gymnocarpa,Rosa,gymnocarpa,,,,native,S5,,48.875597999999997,-123.384581999999995,,NA,NA,"83738279",obs_native,file:///D:/Simon/Sync/Root/GIS/Biodiversity%20Data/obs_native.csv?type=csv&maxFields=10000&detectTypes=yes&xField=longitude&yField=latitude&crs=EPSG:4326&spatialIndex=no&subsetIndex=no&watchFile=no
"7424",Rosa gymnocarpa,Rosa,gymnocarpa,,,,native,S5,,48.875821670000001,-123.384258299999999,,NA,NA,"83738322",obs_native,file:///D:/Simon/Sync/Root/GIS/Biodiversity%20Data/obs_native.csv?type=csv&maxFields=10000&detectTypes=yes&xField=longitude&yField=latitude&crs=EPSG:4326&spatialIndex=no&subsetIndex=no&watchFile=no
"7425",Rosa gymnocarpa,Rosa,gymnocarpa,,,,native,S5,,48.927417589999997,-123.469332800000004,,NA,NA,"84388542",obs_native,file:///D:/Simon/Sync/Root/GIS/Biodiversity%20Data/obs_native.csv?type=csv&maxFields=10000&detectTypes=yes&xField=longitude&yField=latitude&crs=EPSG:4326&spatialIndex=no&subsetIndex=no&watchFile=no
"7426",Rosa gymnocarpa,Rosa,gymnocarpa,,,,native,S5,,48.927843449999997,-123.468699900000004,,NA,NA,"84392773",obs_native,file:///D:/Simon/Sync/Root/GIS/Biodiversity%20Data/obs_native.csv?type=csv&maxFields=10000&detectTypes=yes&xField=longitude&yField=latitude&crs=EPSG:4326&spatialIndex=no&subsetIndex=no&watchFile=no
"7427",Rosa gymnocarpa,Rosa,gymnocarpa,,,,native,S5,,48.927711670000001,-123.469444999999993,,NA,NA,"84749335",obs_native,file:///D:/Simon/Sync/Root/GIS/Biodiversity%20Data/obs_native.csv?type=csv&maxFields=10000&detectTypes=yes&xField=longitude&yField=latitude&crs=EPSG:4326&spatialIndex=no&subsetIndex=no&watchFile=no
"7428",Rosa gymnocarpa,Rosa,gymnocarpa,,,,native,S5,,48.927813329999999,-123.469575000000006,,NA,NA,"84754428",obs_native,file:///D:/Simon/Sync/Root/GIS/Biodiversity%20Data/obs_native.csv?type=csv&maxFields=10000&detectTypes=yes&xField=longitude&yField=latitude&crs=EPSG:4326&spatialIndex=no&subsetIndex=no&watchFile=no
"7429",Rosa gymnocarpa,Rosa,gymnocarpa,,,,native,S5,,48.928217179999997,-123.467858699999994,,NA,NA,"84755366",obs_native,file:///D:/Simon/Sync/Root/GIS/Biodiversity%20Data/obs_native.csv?type=csv&maxFields=10000&detectTypes=yes&xField=longitude&yField=latitude&crs=EPSG:4326&spatialIndex=no&subsetIndex=no&watchFile=no
"7430",Rosa gymnocarpa,Rosa,gymnocarpa,,,,native,S5,,48.977113330000002,-123.554166699999996,,NA,NA,"89513177",obs_native,file:///D:/Simon/Sync/Root/GIS/Biodiversity%20Data/obs_native.csv?type=csv&maxFields=10000&detectTypes=yes&xField=longitude&yField=latitude&crs=EPSG:4326&spatialIndex=no&subsetIndex=no&watchFile=no
"7431",Rosa gymnocarpa,Rosa,gymnocarpa,,,,native,S5,,48.899790000000003,-123.342321999999996,,NA,NA,"100435401",obs_native,file:///D:/Simon/Sync/Root/GIS/Biodiversity%20Data/obs_native.csv?type=csv&maxFields=10000&detectTypes=yes&xField=longitude&yField=latitude&crs=EPSG:4326&spatialIndex=no&subsetIndex=no&watchFile=no
"7432",Rosa gymnocarpa,Rosa,gymnocarpa,,,,native,S5,,48.993331670000003,-123.554254999999998,,NA,NA,"100641912",obs_native,file:///D:/Simon/Sync/Root/GIS/Biodiversity%20Data/obs_native.csv?type=csv&maxFields=10000&detectTypes=yes&xField=longitude&yField=latitude&crs=EPSG:4326&spatialIndex=no&subsetIndex=no&watchFile=no
"7433",Rosa gymnocarpa,Rosa,gymnocarpa,,,,native,S5,,48.927005579999999,-123.468317700000000,,NA,NA,"101447024",obs_native,file:///D:/Simon/Sync/Root/GIS/Biodiversity%20Data/obs_native.csv?type=csv&maxFields=10000&detectTypes=yes&xField=longitude&yField=latitude&crs=EPSG:4326&spatialIndex=no&subsetIndex=no&watchFile=no
"7434",Rosa gymnocarpa,Rosa,gymnocarpa,,,,native,S5,,48.909469999999999,-123.371016699999998,,NA,NA,"114482036",obs_native,file:///D:/Simon/Sync/Root/GIS/Biodiversity%20Data/obs_native.csv?type=csv&maxFields=10000&detectTypes=yes&xField=longitude&yField=latitude&crs=EPSG:4326&spatialIndex=no&subsetIndex=no&watchFile=no
"7435",Rosa gymnocarpa,Rosa,gymnocarpa,,,,native,S5,,48.957133310000003,-123.529361800000004,,NA,NA,"116029610",obs_native,file:///D:/Simon/Sync/Root/GIS/Biodiversity%20Data/obs_native.csv?type=csv&maxFields=10000&detectTypes=yes&xField=longitude&yField=latitude&crs=EPSG:4326&spatialIndex=no&subsetIndex=no&watchFile=no
"7436",Rosa gymnocarpa,Rosa,gymnocarpa,,,,native,S5,,48.954388330000000,-123.494688300000007,,NA,NA,"117511624",obs_native,file:///D:/Simon/Sync/Root/GIS/Biodiversity%20Data/obs_native.csv?type=csv&maxFields=10000&detectTypes=yes&xField=longitude&yField=latitude&crs=EPSG:4326&spatialIndex=no&subsetIndex=no&watchFile=no
"7437",Rosa gymnocarpa,Rosa,gymnocarpa,,,,native,S5,,48.910195000000002,-123.375193300000007,,NA,NA,"121538514",obs_native,file:///D:/Simon/Sync/Root/GIS/Biodiversity%20Data/obs_native.csv?type=csv&maxFields=10000&detectTypes=yes&xField=longitude&yField=latitude&crs=EPSG:4326&spatialIndex=no&subsetIndex=no&watchFile=no
"7438",Rosa gymnocarpa,Rosa,gymnocarpa,,,,native,S5,,48.910203330000002,-123.375180000000000,,NA,NA,"121538516",obs_native,file:///D:/Simon/Sync/Root/GIS/Biodiversity%20Data/obs_native.csv?type=csv&maxFields=10000&detectTypes=yes&xField=longitude&yField=latitude&crs=EPSG:4326&spatialIndex=no&subsetIndex=no&watchFile=no
"7439",Rosa gymnocarpa,Rosa,gymnocarpa,,,,native,S5,,48.927050000000001,-123.468588900000000,,NA,NA,"122225380",obs_native,file:///D:/Simon/Sync/Root/GIS/Biodiversity%20Data/obs_native.csv?type=csv&maxFields=10000&detectTypes=yes&xField=longitude&yField=latitude&crs=EPSG:4326&spatialIndex=no&subsetIndex=no&watchFile=no
"7440",Rosa gymnocarpa,Rosa,gymnocarpa,,,,native,S5,,48.862581669999997,-123.351470000000006,,NA,NA,"122258279",obs_native,file:///D:/Simon/Sync/Root/GIS/Biodiversity%20Data/obs_native.csv?type=csv&maxFields=10000&detectTypes=yes&xField=longitude&yField=latitude&crs=EPSG:4326&spatialIndex=no&subsetIndex=no&watchFile=no
"7441",Rosa gymnocarpa,Rosa,gymnocarpa,,,,native,S5,,48.960688480000002,-123.536060899999995,,NA,NA,"122375623",obs_native,file:///D:/Simon/Sync/Root/GIS/Biodiversity%20Data/obs_native.csv?type=csv&maxFields=10000&detectTypes=yes&xField=longitude&yField=latitude&crs=EPSG:4326&spatialIndex=no&subsetIndex=no&watchFile=no
"7442",Rosa gymnocarpa,Rosa,gymnocarpa,,,,native,S5,,49.012079999999997,-123.575653299999999,,NA,NA,"123934528",obs_native,file:///D:/Simon/Sync/Root/GIS/Biodiversity%20Data/obs_native.csv?type=csv&maxFields=10000&detectTypes=yes&xField=longitude&yField=latitude&crs=EPSG:4326&spatialIndex=no&subsetIndex=no&watchFile=no
"7443",Rosa gymnocarpa,Rosa,gymnocarpa,,,,native,S5,,48.970800699999998,-123.548439000000002,,NA,NA,"124667769",obs_native,file:///D:/Simon/Sync/Root/GIS/Biodiversity%20Data/obs_native.csv?type=csv&maxFields=10000&detectTypes=yes&xField=longitude&yField=latitude&crs=EPSG:4326&spatialIndex=no&subsetIndex=no&watchFile=no
"7444",Rosa gymnocarpa,Rosa,gymnocarpa,,,,native,S5,,48.983426889999997,-123.543482299999994,,NA,NA,"125677832",obs_native,file:///D:/Simon/Sync/Root/GIS/Biodiversity%20Data/obs_native.csv?type=csv&maxFields=10000&detectTypes=yes&xField=longitude&yField=latitude&crs=EPSG:4326&spatialIndex=no&subsetIndex=no&watchFile=no
"7512",Rubus leucodermis,Rubus,leucodermis,,,,native,S5,,48.928646000000001,-123.469441000000003,,NA,NA,"2563330",obs_native,file:///D:/Simon/Sync/Root/GIS/Biodiversity%20Data/obs_native.csv?type=csv&maxFields=10000&detectTypes=yes&xField=longitude&yField=latitude&crs=EPSG:4326&spatialIndex=no&subsetIndex=no&watchFile=no
"7513",Rubus leucodermis,Rubus,leucodermis,,,,native,S5,,48.931995999999998,-123.474987999999996,,NA,NA,"2565538",obs_native,file:///D:/Simon/Sync/Root/GIS/Biodiversity%20Data/obs_native.csv?type=csv&maxFields=10000&detectTypes=yes&xField=longitude&yField=latitude&crs=EPSG:4326&spatialIndex=no&subsetIndex=no&watchFile=no
"7514",Rubus leucodermis,Rubus,leucodermis,,,,native,S5,,48.930912999999997,-123.469076000000001,,NA,NA,"2567696",obs_native,file:///D:/Simon/Sync/Root/GIS/Biodiversity%20Data/obs_native.csv?type=csv&maxFields=10000&detectTypes=yes&xField=longitude&yField=latitude&crs=EPSG:4326&spatialIndex=no&subsetIndex=no&watchFile=no
"7515",Rubus leucodermis,Rubus,leucodermis,,,,native,S5,,48.930619999999998,-123.466071999999997,,NA,NA,"2573838",obs_native,file:///D:/Simon/Sync/Root/GIS/Biodiversity%20Data/obs_native.csv?type=csv&maxFields=10000&detectTypes=yes&xField=longitude&yField=latitude&crs=EPSG:4326&spatialIndex=no&subsetIndex=no&watchFile=no
"7516",Rubus leucodermis,Rubus,leucodermis,,,,native,S5,,48.928871999999998,-123.466071999999997,,NA,NA,"2589226",obs_native,file:///D:/Simon/Sync/Root/GIS/Biodiversity%20Data/obs_native.csv?type=csv&maxFields=10000&detectTypes=yes&xField=longitude&yField=latitude&crs=EPSG:4326&spatialIndex=no&subsetIndex=no&watchFile=no
"7517",Rubus leucodermis,Rubus,leucodermis,,,,native,S5,,48.929209999999998,-123.468131999999997,,NA,NA,"2632649",obs_native,file:///D:/Simon/Sync/Root/GIS/Biodiversity%20Data/obs_native.csv?type=csv&maxFields=10000&detectTypes=yes&xField=longitude&yField=latitude&crs=EPSG:4326&spatialIndex=no&subsetIndex=no&watchFile=no
"7518",Rubus leucodermis,Rubus,leucodermis,,,,native,S5,,48.943466669999999,-123.503349999999998,,NA,NA,"3386997",obs_native,file:///D:/Simon/Sync/Root/GIS/Biodiversity%20Data/obs_native.csv?type=csv&maxFields=10000&detectTypes=yes&xField=longitude&yField=latitude&crs=EPSG:4326&spatialIndex=no&subsetIndex=no&watchFile=no
"7519",Rubus leucodermis,Rubus,leucodermis,,,,native,S5,,48.929277999999996,-123.468089000000006,,NA,NA,"3641678",obs_native,file:///D:/Simon/Sync/Root/GIS/Biodiversity%20Data/obs_native.csv?type=csv&maxFields=10000&detectTypes=yes&xField=longitude&yField=latitude&crs=EPSG:4326&spatialIndex=no&subsetIndex=no&watchFile=no
"7520",Rubus leucodermis,Rubus,leucodermis,,,,native,S5,,48.900019780000001,-123.361401599999994,,NA,NA,"5647006",obs_native,file:///D:/Simon/Sync/Root/GIS/Biodiversity%20Data/obs_native.csv?type=csv&maxFields=10000&detectTypes=yes&xField=longitude&yField=latitude&crs=EPSG:4326&spatialIndex=no&subsetIndex=no&watchFile=no
"7521",Rubus leucodermis,Rubus,leucodermis,,,,native,S5,,48.906225919999997,-123.360671999999994,,NA,NA,"5885597",obs_native,file:///D:/Simon/Sync/Root/GIS/Biodiversity%20Data/obs_native.csv?type=csv&maxFields=10000&detectTypes=yes&xField=longitude&yField=latitude&crs=EPSG:4326&spatialIndex=no&subsetIndex=no&watchFile=no
"7522",Rubus leucodermis,Rubus,leucodermis,,,,native,S5,,48.900723999999997,-123.362584999999996,,NA,NA,"5935180",obs_native,file:///D:/Simon/Sync/Root/GIS/Biodiversity%20Data/obs_native.csv?type=csv&maxFields=10000&detectTypes=yes&xField=longitude&yField=latitude&crs=EPSG:4326&spatialIndex=no&subsetIndex=no&watchFile=no
"7523",Rubus leucodermis,Rubus,leucodermis,,,,native,S5,,48.876690500000002,-123.382558799999998,,NA,NA,"6714919",obs_native,file:///D:/Simon/Sync/Root/GIS/Biodiversity%20Data/obs_native.csv?type=csv&maxFields=10000&detectTypes=yes&xField=longitude&yField=latitude&crs=EPSG:4326&spatialIndex=no&subsetIndex=no&watchFile=no
"7524",Rubus leucodermis,Rubus,leucodermis,,,,native,S5,,48.930235560000000,-123.470913300000007,,NA,NA,"10827204",obs_native,file:///D:/Simon/Sync/Root/GIS/Biodiversity%20Data/obs_native.csv?type=csv&maxFields=10000&detectTypes=yes&xField=longitude&yField=latitude&crs=EPSG:4326&spatialIndex=no&subsetIndex=no&watchFile=no
"7525",Rubus leucodermis,Rubus,leucodermis,,,,native,S5,,48.997141319999997,-123.566961300000003,,NA,NA,"12041514",obs_native,file:///D:/Simon/Sync/Root/GIS/Biodiversity%20Data/obs_native.csv?type=csv&maxFields=10000&detectTypes=yes&xField=longitude&yField=latitude&crs=EPSG:4326&spatialIndex=no&subsetIndex=no&watchFile=no
"7526",Rubus leucodermis,Rubus,leucodermis,,,,native,S5,,48.911310000000000,-123.396345999999994,,NA,NA,"12314720",obs_native,file:///D:/Simon/Sync/Root/GIS/Biodiversity%20Data/obs_native.csv?type=csv&maxFields=10000&detectTypes=yes&xField=longitude&yField=latitude&crs=EPSG:4326&spatialIndex=no&subsetIndex=no&watchFile=no
"7527",Rubus leucodermis,Rubus,leucodermis,,,,native,S5,,48.906533080000003,-123.389940999999993,,NA,NA,"13931018",obs_native,file:///D:/Simon/Sync/Root/GIS/Biodiversity%20Data/obs_native.csv?type=csv&maxFields=10000&detectTypes=yes&xField=longitude&yField=latitude&crs=EPSG:4326&spatialIndex=no&subsetIndex=no&watchFile=no
"7528",Rubus leucodermis,Rubus,leucodermis,,,,native,S5,,48.913065000000003,-123.386030000000005,,NA,NA,"13973825",obs_native,file:///D:/Simon/Sync/Root/GIS/Biodiversity%20Data/obs_native.csv?type=csv&maxFields=10000&detectTypes=yes&xField=longitude&yField=latitude&crs=EPSG:4326&spatialIndex=no&subsetIndex=no&watchFile=no
"7529",Rubus leucodermis,Rubus,leucodermis,,,,native,S5,,48.867771670000003,-123.357916700000004,,NA,NA,"13991730",obs_native,file:///D:/Simon/Sync/Root/GIS/Biodiversity%20Data/obs_native.csv?type=csv&maxFields=10000&detectTypes=yes&xField=longitude&yField=latitude&crs=EPSG:4326&spatialIndex=no&subsetIndex=no&watchFile=no
"7530",Rubus leucodermis,Rubus,leucodermis,,,,native,S5,,48.910426670000000,-123.395865000000001,,NA,NA,"14220751",obs_native,file:///D:/Simon/Sync/Root/GIS/Biodiversity%20Data/obs_native.csv?type=csv&maxFields=10000&detectTypes=yes&xField=longitude&yField=latitude&crs=EPSG:4326&spatialIndex=no&subsetIndex=no&watchFile=no
"7531",Rubus leucodermis,Rubus,leucodermis,,,,native,S5,,48.900566290000000,-123.405255600000004,,NA,NA,"24690079",obs_native,file:///D:/Simon/Sync/Root/GIS/Biodiversity%20Data/obs_native.csv?type=csv&maxFields=10000&detectTypes=yes&xField=longitude&yField=latitude&crs=EPSG:4326&spatialIndex=no&subsetIndex=no&watchFile=no
"7532",Rubus leucodermis,Rubus,leucodermis,,,,native,S5,,48.866711109999997,-123.331313899999998,,NA,NA,"25658069",obs_native,file:///D:/Simon/Sync/Root/GIS/Biodiversity%20Data/obs_native.csv?type=csv&maxFields=10000&detectTypes=yes&xField=longitude&yField=latitude&crs=EPSG:4326&spatialIndex=no&subsetIndex=no&watchFile=no
"7533",Rubus leucodermis,Rubus,leucodermis,,,,native,S5,,48.928534679999999,-123.469085600000000,,NA,NA,"54689998",obs_native,file:///D:/Simon/Sync/Root/GIS/Biodiversity%20Data/obs_native.csv?type=csv&maxFields=10000&detectTypes=yes&xField=longitude&yField=latitude&crs=EPSG:4326&spatialIndex=no&subsetIndex=no&watchFile=no
"7534",Rubus leucodermis,Rubus,leucodermis,,,,native,S5,,48.928848909999999,-123.469101899999998,,NA,NA,"54691243",obs_native,file:///D:/Simon/Sync/Root/GIS/Biodiversity%20Data/obs_native.csv?type=csv&maxFields=10000&detectTypes=yes&xField=longitude&yField=latitude&crs=EPSG:4326&spatialIndex=no&subsetIndex=no&watchFile=no
"7535",Rubus leucodermis,Rubus,leucodermis,,,,native,S5,,48.887250000000002,-123.361670000000004,,NA,NA,"83098007",obs_native,file:///D:/Simon/Sync/Root/GIS/Biodiversity%20Data/obs_native.csv?type=csv&maxFields=10000&detectTypes=yes&xField=longitude&yField=latitude&crs=EPSG:4326&spatialIndex=no&subsetIndex=no&watchFile=no
"7536",Rubus leucodermis,Rubus,leucodermis,,,,native,S5,,48.875971000000000,-123.384446999999994,,NA,NA,"83738309",obs_native,file:///D:/Simon/Sync/Root/GIS/Biodiversity%20Data/obs_native.csv?type=csv&maxFields=10000&detectTypes=yes&xField=longitude&yField=latitude&crs=EPSG:4326&spatialIndex=no&subsetIndex=no&watchFile=no
"7537",Rubus leucodermis,Rubus,leucodermis,,,,native,S5,,48.927876689999998,-123.467982500000005,,NA,NA,"83974316",obs_native,file:///D:/Simon/Sync/Root/GIS/Biodiversity%20Data/obs_native.csv?type=csv&maxFields=10000&detectTypes=yes&xField=longitude&yField=latitude&crs=EPSG:4326&spatialIndex=no&subsetIndex=no&watchFile=no
"7538",Rubus leucodermis,Rubus,leucodermis,,,,native,S5,,48.928111670000000,-123.467658299999997,,NA,NA,"84224583",obs_native,file:///D:/Simon/Sync/Root/GIS/Biodiversity%20Data/obs_native.csv?type=csv&maxFields=10000&detectTypes=yes&xField=longitude&yField=latitude&crs=EPSG:4326&spatialIndex=no&subsetIndex=no&watchFile=no
"7539",Rubus leucodermis,Rubus,leucodermis,,,,native,S5,,48.928508330000000,-123.468466699999993,,NA,NA,"84251741",obs_native,file:///D:/Simon/Sync/Root/GIS/Biodiversity%20Data/obs_native.csv?type=csv&maxFields=10000&detectTypes=yes&xField=longitude&yField=latitude&crs=EPSG:4326&spatialIndex=no&subsetIndex=no&watchFile=no
"7540",Rubus leucodermis,Rubus,leucodermis,,,,native,S5,,48.927920299999997,-123.467514300000005,,NA,NA,"84269491",obs_native,file:///D:/Simon/Sync/Root/GIS/Biodiversity%20Data/obs_native.csv?type=csv&maxFields=10000&detectTypes=yes&xField=longitude&yField=latitude&crs=EPSG:4326&spatialIndex=no&subsetIndex=no&watchFile=no
"7541",Rubus leucodermis,Rubus,leucodermis,,,,native,S5,,48.929886580000002,-123.468399599999998,,NA,NA,"84370847",obs_native,file:///D:/Simon/Sync/Root/GIS/Biodiversity%20Data/obs_native.csv?type=csv&maxFields=10000&detectTypes=yes&xField=longitude&yField=latitude&crs=EPSG:4326&spatialIndex=no&subsetIndex=no&watchFile=no
"7542",Rubus leucodermis,Rubus,leucodermis,,,,native,S5,,48.928105000000002,-123.467720000000000,,NA,NA,"84749680",obs_native,file:///D:/Simon/Sync/Root/GIS/Biodiversity%20Data/obs_native.csv?type=csv&maxFields=10000&detectTypes=yes&xField=longitude&yField=latitude&crs=EPSG:4326&spatialIndex=no&subsetIndex=no&watchFile=no
"7543",Rubus leucodermis,Rubus,leucodermis,,,,native,S5,,48.929191670000002,-123.450905000000006,,NA,NA,"90750354",obs_native,file:///D:/Simon/Sync/Root/GIS/Biodiversity%20Data/obs_native.csv?type=csv&maxFields=10000&detectTypes=yes&xField=longitude&yField=latitude&crs=EPSG:4326&spatialIndex=no&subsetIndex=no&watchFile=no
"7544",Rubus leucodermis,Rubus,leucodermis,,,,native,S5,,48.946028310000003,-123.516276800000000,,NA,NA,"91881453",obs_native,file:///D:/Simon/Sync/Root/GIS/Biodiversity%20Data/obs_native.csv?type=csv&maxFields=10000&detectTypes=yes&xField=longitude&yField=latitude&crs=EPSG:4326&spatialIndex=no&subsetIndex=no&watchFile=no
"7545",Rubus leucodermis,Rubus,leucodermis,,,,native,S5,,48.995953219999997,-123.564145199999999,,NA,NA,"94679713",obs_native,file:///D:/Simon/Sync/Root/GIS/Biodiversity%20Data/obs_native.csv?type=csv&maxFields=10000&detectTypes=yes&xField=longitude&yField=latitude&crs=EPSG:4326&spatialIndex=no&subsetIndex=no&watchFile=no
"7546",Rubus leucodermis,Rubus,leucodermis,,,,native,S5,,48.921951669999999,-123.440346700000006,,NA,NA,"100206031",obs_native,file:///D:/Simon/Sync/Root/GIS/Biodiversity%20Data/obs_native.csv?type=csv&maxFields=10000&detectTypes=yes&xField=longitude&yField=latitude&crs=EPSG:4326&spatialIndex=no&subsetIndex=no&watchFile=no
"7547",Rubus leucodermis,Rubus,leucodermis,,,,native,S5,,48.928712599999997,-123.468417200000005,,NA,NA,"101446542",obs_native,file:///D:/Simon/Sync/Root/GIS/Biodiversity%20Data/obs_native.csv?type=csv&maxFields=10000&detectTypes=yes&xField=longitude&yField=latitude&crs=EPSG:4326&spatialIndex=no&subsetIndex=no&watchFile=no
"7548",Rubus leucodermis,Rubus,leucodermis,,,,native,S5,,48.957386669999998,-123.528903299999996,,NA,NA,"116029607",obs_native,file:///D:/Simon/Sync/Root/GIS/Biodiversity%20Data/obs_native.csv?type=csv&maxFields=10000&detectTypes=yes&xField=longitude&yField=latitude&crs=EPSG:4326&spatialIndex=no&subsetIndex=no&watchFile=no
"7549",Rubus leucodermis,Rubus,leucodermis,,,,native,S5,,48.990079280000003,-123.566537900000000,,NA,NA,"119680223",obs_native,file:///D:/Simon/Sync/Root/GIS/Biodiversity%20Data/obs_native.csv?type=csv&maxFields=10000&detectTypes=yes&xField=longitude&yField=latitude&crs=EPSG:4326&spatialIndex=no&subsetIndex=no&watchFile=no
"7550",Rubus leucodermis,Rubus,leucodermis,,,,native,S5,,48.928019999999997,-123.468055000000007,,NA,NA,"122094485",obs_native,file:///D:/Simon/Sync/Root/GIS/Biodiversity%20Data/obs_native.csv?type=csv&maxFields=10000&detectTypes=yes&xField=longitude&yField=latitude&crs=EPSG:4326&spatialIndex=no&subsetIndex=no&watchFile=no
"7551",Rubus leucodermis,Rubus,leucodermis,,,,native,S5,,48.862620000000000,-123.351339999999993,,NA,NA,"122258278",obs_native,file:///D:/Simon/Sync/Root/GIS/Biodiversity%20Data/obs_native.csv?type=csv&maxFields=10000&detectTypes=yes&xField=longitude&yField=latitude&crs=EPSG:4326&spatialIndex=no&subsetIndex=no&watchFile=no
"7552",Rubus leucodermis,Rubus,leucodermis,,,,native,S5,,48.954110360000001,-123.523713299999997,,NA,NA,"126555693",obs_native,file:///D:/Simon/Sync/Root/GIS/Biodiversity%20Data/obs_native.csv?type=csv&maxFields=10000&detectTypes=yes&xField=longitude&yField=latitude&crs=EPSG:4326&spatialIndex=no&subsetIndex=no&watchFile=no
"7553",Rubus leucodermis,Rubus,leucodermis,,,,native,S5,,48.876383330000003,-123.367501700000005,,NA,NA,"129778457",obs_native,file:///D:/Simon/Sync/Root/GIS/Biodiversity%20Data/obs_native.csv?type=csv&maxFields=10000&detectTypes=yes&xField=longitude&yField=latitude&crs=EPSG:4326&spatialIndex=no&subsetIndex=no&watchFile=no
"7554",Rubus parviflorus,Rubus,parviflorus,,,,native,S5,,48.870522090000001,-123.317842499999998,,NA,NA,"3649975",obs_native,file:///D:/Simon/Sync/Root/GIS/Biodiversity%20Data/obs_native.csv?type=csv&maxFields=10000&detectTypes=yes&xField=longitude&yField=latitude&crs=EPSG:4326&spatialIndex=no&subsetIndex=no&watchFile=no
"7555",Rubus parviflorus,Rubus,parviflorus,,,,native,S5,,48.958918799999999,-123.545036300000007,,NA,NA,"6309349",obs_native,file:///D:/Simon/Sync/Root/GIS/Biodiversity%20Data/obs_native.csv?type=csv&maxFields=10000&detectTypes=yes&xField=longitude&yField=latitude&crs=EPSG:4326&spatialIndex=no&subsetIndex=no&watchFile=no
"7556",Rubus parviflorus,Rubus,parviflorus,,,,native,S5,,48.963201710000000,-123.548898699999995,,NA,NA,"6391061",obs_native,file:///D:/Simon/Sync/Root/GIS/Biodiversity%20Data/obs_native.csv?type=csv&maxFields=10000&detectTypes=yes&xField=longitude&yField=latitude&crs=EPSG:4326&spatialIndex=no&subsetIndex=no&watchFile=no
"7557",Rubus parviflorus,Rubus,parviflorus,,,,native,S5,,48.900478999999997,-123.441231999999999,,NA,NA,"6488790",obs_native,file:///D:/Simon/Sync/Root/GIS/Biodiversity%20Data/obs_native.csv?type=csv&maxFields=10000&detectTypes=yes&xField=longitude&yField=latitude&crs=EPSG:4326&spatialIndex=no&subsetIndex=no&watchFile=no
"7558",Rubus parviflorus,Rubus,parviflorus,,,,native,S5,,48.991734999999998,-123.570681699999994,,NA,NA,"14335455",obs_native,file:///D:/Simon/Sync/Root/GIS/Biodiversity%20Data/obs_native.csv?type=csv&maxFields=10000&detectTypes=yes&xField=longitude&yField=latitude&crs=EPSG:4326&spatialIndex=no&subsetIndex=no&watchFile=no
"7559",Rubus parviflorus,Rubus,parviflorus,,,,native,S5,,48.939632109999998,-123.500025399999998,,NA,NA,"16307026",obs_native,file:///D:/Simon/Sync/Root/GIS/Biodiversity%20Data/obs_native.csv?type=csv&maxFields=10000&detectTypes=yes&xField=longitude&yField=latitude&crs=EPSG:4326&spatialIndex=no&subsetIndex=no&watchFile=no
"7560",Rubus parviflorus,Rubus,parviflorus,,,,native,S5,,48.964947219999999,-123.516852799999995,,NA,NA,"24666624",obs_native,file:///D:/Simon/Sync/Root/GIS/Biodiversity%20Data/obs_native.csv?type=csv&maxFields=10000&detectTypes=yes&xField=longitude&yField=latitude&crs=EPSG:4326&spatialIndex=no&subsetIndex=no&watchFile=no
"7561",Rubus parviflorus,Rubus,parviflorus,,,,native,S5,,48.962816670000002,-123.514263299999996,,NA,NA,"24703206",obs_native,file:///D:/Simon/Sync/Root/GIS/Biodiversity%20Data/obs_native.csv?type=csv&maxFields=10000&detectTypes=yes&xField=longitude&yField=latitude&crs=EPSG:4326&spatialIndex=no&subsetIndex=no&watchFile=no
"7562",Rubus parviflorus,Rubus,parviflorus,,,,native,S5,,48.973393330000000,-123.509145000000004,,NA,NA,"24870159",obs_native,file:///D:/Simon/Sync/Root/GIS/Biodiversity%20Data/obs_native.csv?type=csv&maxFields=10000&detectTypes=yes&xField=longitude&yField=latitude&crs=EPSG:4326&spatialIndex=no&subsetIndex=no&watchFile=no
"7563",Rubus parviflorus,Rubus,parviflorus,,,,native,S5,,48.899700690000003,-123.404470900000007,,NA,NA,"25478448",obs_native,file:///D:/Simon/Sync/Root/GIS/Biodiversity%20Data/obs_native.csv?type=csv&maxFields=10000&detectTypes=yes&xField=longitude&yField=latitude&crs=EPSG:4326&spatialIndex=no&subsetIndex=no&watchFile=no
"7564",Rubus parviflorus,Rubus,parviflorus,,,,native,S5,,48.899784259999997,-123.404805199999998,,NA,NA,"25478827",obs_native,file:///D:/Simon/Sync/Root/GIS/Biodiversity%20Data/obs_native.csv?type=csv&maxFields=10000&detectTypes=yes&xField=longitude&yField=latitude&crs=EPSG:4326&spatialIndex=no&subsetIndex=no&watchFile=no
"7565",Rubus parviflorus,Rubus,parviflorus,,,,native,S5,,48.897944440000003,-123.399413899999999,,NA,NA,"25656969",obs_native,file:///D:/Simon/Sync/Root/GIS/Biodiversity%20Data/obs_native.csv?type=csv&maxFields=10000&detectTypes=yes&xField=longitude&yField=latitude&crs=EPSG:4326&spatialIndex=no&subsetIndex=no&watchFile=no
"7566",Rubus parviflorus,Rubus,parviflorus,,,,native,S5,,48.894580560000001,-123.404899999999998,,NA,NA,"25656970",obs_native,file:///D:/Simon/Sync/Root/GIS/Biodiversity%20Data/obs_native.csv?type=csv&maxFields=10000&detectTypes=yes&xField=longitude&yField=latitude&crs=EPSG:4326&spatialIndex=no&subsetIndex=no&watchFile=no
"7567",Rubus parviflorus,Rubus,parviflorus,,,,native,S5,,48.930026290000001,-123.467157700000001,,NA,NA,"52906761",obs_native,file:///D:/Simon/Sync/Root/GIS/Biodiversity%20Data/obs_native.csv?type=csv&maxFields=10000&detectTypes=yes&xField=longitude&yField=latitude&crs=EPSG:4326&spatialIndex=no&subsetIndex=no&watchFile=no
"7568",Rubus parviflorus,Rubus,parviflorus,,,,native,S5,,48.901587929999998,-123.444837500000006,,NA,NA,"79786202",obs_native,file:///D:/Simon/Sync/Root/GIS/Biodiversity%20Data/obs_native.csv?type=csv&maxFields=10000&detectTypes=yes&xField=longitude&yField=latitude&crs=EPSG:4326&spatialIndex=no&subsetIndex=no&watchFile=no
"7569",Rubus parviflorus,Rubus,parviflorus,,,,native,S5,,48.928730190000003,-123.468710700000003,,NA,NA,"84147249",obs_native,file:///D:/Simon/Sync/Root/GIS/Biodiversity%20Data/obs_native.csv?type=csv&maxFields=10000&detectTypes=yes&xField=longitude&yField=latitude&crs=EPSG:4326&spatialIndex=no&subsetIndex=no&watchFile=no
"7570",Rubus parviflorus,Rubus,parviflorus,,,,native,S5,,48.931841669999997,-123.474455000000006,,NA,NA,"84580030",obs_native,file:///D:/Simon/Sync/Root/GIS/Biodiversity%20Data/obs_native.csv?type=csv&maxFields=10000&detectTypes=yes&xField=longitude&yField=latitude&crs=EPSG:4326&spatialIndex=no&subsetIndex=no&watchFile=no
"7571",Rubus parviflorus,Rubus,parviflorus,,,,native,S5,,48.874306670000003,-123.319531699999999,,NA,NA,"86360346",obs_native,file:///D:/Simon/Sync/Root/GIS/Biodiversity%20Data/obs_native.csv?type=csv&maxFields=10000&detectTypes=yes&xField=longitude&yField=latitude&crs=EPSG:4326&spatialIndex=no&subsetIndex=no&watchFile=no
"7572",Rubus parviflorus,Rubus,parviflorus,,,,native,S5,,48.988005129999998,-123.550893000000002,,NA,NA,"100641802",obs_native,file:///D:/Simon/Sync/Root/GIS/Biodiversity%20Data/obs_native.csv?type=csv&maxFields=10000&detectTypes=yes&xField=longitude&yField=latitude&crs=EPSG:4326&spatialIndex=no&subsetIndex=no&watchFile=no
"7573",Rubus parviflorus,Rubus,parviflorus,,,,native,S5,,48.879425779999998,-123.326056300000005,,NA,NA,"119340516",obs_native,file:///D:/Simon/Sync/Root/GIS/Biodiversity%20Data/obs_native.csv?type=csv&maxFields=10000&detectTypes=yes&xField=longitude&yField=latitude&crs=EPSG:4326&spatialIndex=no&subsetIndex=no&watchFile=no
"7574",Rubus parviflorus,Rubus,parviflorus,,,,native,S5,,48.877560000000003,-123.351036699999995,,NA,NA,"119369610",obs_native,file:///D:/Simon/Sync/Root/GIS/Biodiversity%20Data/obs_native.csv?type=csv&maxFields=10000&detectTypes=yes&xField=longitude&yField=latitude&crs=EPSG:4326&spatialIndex=no&subsetIndex=no&watchFile=no
"7575",Rubus parviflorus,Rubus,parviflorus,,,,native,S5,,48.888428330000004,-123.336146700000000,,NA,NA,"121538475",obs_native,file:///D:/Simon/Sync/Root/GIS/Biodiversity%20Data/obs_native.csv?type=csv&maxFields=10000&detectTypes=yes&xField=longitude&yField=latitude&crs=EPSG:4326&spatialIndex=no&subsetIndex=no&watchFile=no
"7576",Rubus parviflorus,Rubus,parviflorus,,,,native,S5,,48.892810519999998,-123.390125400000002,,NA,NA,"121712838",obs_native,file:///D:/Simon/Sync/Root/GIS/Biodiversity%20Data/obs_native.csv?type=csv&maxFields=10000&detectTypes=yes&xField=longitude&yField=latitude&crs=EPSG:4326&spatialIndex=no&subsetIndex=no&watchFile=no
"7577",Rubus parviflorus,Rubus,parviflorus,,,,native,S5,,49.012241449999998,-123.573845199999994,,NA,NA,"123934550",obs_native,file:///D:/Simon/Sync/Root/GIS/Biodiversity%20Data/obs_native.csv?type=csv&maxFields=10000&detectTypes=yes&xField=longitude&yField=latitude&crs=EPSG:4326&spatialIndex=no&subsetIndex=no&watchFile=no
"7578",Rubus spectabilis,Rubus,spectabilis,,,,native,S5,,48.870190999999998,-123.347797000000000,,NA,NA,"2561560",obs_native,file:///D:/Simon/Sync/Root/GIS/Biodiversity%20Data/obs_native.csv?type=csv&maxFields=10000&detectTypes=yes&xField=longitude&yField=latitude&crs=EPSG:4326&spatialIndex=no&subsetIndex=no&watchFile=no
"7579",Rubus spectabilis,Rubus,spectabilis,,,,native,S5,,48.931126999999996,-123.468131999999997,,NA,NA,"2566314",obs_native,file:///D:/Simon/Sync/Root/GIS/Biodiversity%20Data/obs_native.csv?type=csv&maxFields=10000&detectTypes=yes&xField=longitude&yField=latitude&crs=EPSG:4326&spatialIndex=no&subsetIndex=no&watchFile=no
"7580",Rubus spectabilis,Rubus,spectabilis,,,,native,S5,,48.929158999999999,-123.462338000000003,,NA,NA,"2692264",obs_native,file:///D:/Simon/Sync/Root/GIS/Biodiversity%20Data/obs_native.csv?type=csv&maxFields=10000&detectTypes=yes&xField=longitude&yField=latitude&crs=EPSG:4326&spatialIndex=no&subsetIndex=no&watchFile=no
"7581",Rubus spectabilis,Rubus,spectabilis,,,,native,S5,,48.914850999999999,-123.396034000000000,,NA,NA,"2732377",obs_native,file:///D:/Simon/Sync/Root/GIS/Biodiversity%20Data/obs_native.csv?type=csv&maxFields=10000&detectTypes=yes&xField=longitude&yField=latitude&crs=EPSG:4326&spatialIndex=no&subsetIndex=no&watchFile=no
"7582",Rubus spectabilis,Rubus,spectabilis,,,,native,S5,,48.930822999999997,-123.474805000000003,,NA,NA,"2738429",obs_native,file:///D:/Simon/Sync/Root/GIS/Biodiversity%20Data/obs_native.csv?type=csv&maxFields=10000&detectTypes=yes&xField=longitude&yField=latitude&crs=EPSG:4326&spatialIndex=no&subsetIndex=no&watchFile=no
"7583",Rubus spectabilis,Rubus,spectabilis,,,,native,S5,,48.888154999999998,-123.380746000000002,,NA,NA,"2742956",obs_native,file:///D:/Simon/Sync/Root/GIS/Biodiversity%20Data/obs_native.csv?type=csv&maxFields=10000&detectTypes=yes&xField=longitude&yField=latitude&crs=EPSG:4326&spatialIndex=no&subsetIndex=no&watchFile=no
"7584",Rubus spectabilis,Rubus,spectabilis,,,,native,S5,,48.918461000000001,-123.402041999999994,,NA,NA,"2744820",obs_native,file:///D:/Simon/Sync/Root/GIS/Biodiversity%20Data/obs_native.csv?type=csv&maxFields=10000&detectTypes=yes&xField=longitude&yField=latitude&crs=EPSG:4326&spatialIndex=no&subsetIndex=no&watchFile=no
"7585",Rubus spectabilis,Rubus,spectabilis,,,,native,S5,,48.898316670000000,-123.342063899999999,,NA,NA,"2810337",obs_native,file:///D:/Simon/Sync/Root/GIS/Biodiversity%20Data/obs_native.csv?type=csv&maxFields=10000&detectTypes=yes&xField=longitude&yField=latitude&crs=EPSG:4326&spatialIndex=no&subsetIndex=no&watchFile=no
"7586",Rubus spectabilis,Rubus,spectabilis,,,,native,S5,,48.964288000000003,-123.550657999999999,,NA,NA,"2823125",obs_native,file:///D:/Simon/Sync/Root/GIS/Biodiversity%20Data/obs_native.csv?type=csv&maxFields=10000&detectTypes=yes&xField=longitude&yField=latitude&crs=EPSG:4326&spatialIndex=no&subsetIndex=no&watchFile=no
"7587",Rubus spectabilis,Rubus,spectabilis,,,,native,S5,,48.904308000000000,-123.370242000000005,,NA,NA,"2953907",obs_native,file:///D:/Simon/Sync/Root/GIS/Biodiversity%20Data/obs_native.csv?type=csv&maxFields=10000&detectTypes=yes&xField=longitude&yField=latitude&crs=EPSG:4326&spatialIndex=no&subsetIndex=no&watchFile=no
"7588",Rubus spectabilis,Rubus,spectabilis,,,,native,S5,,48.919024999999998,-123.430623999999995,,NA,NA,"3114491",obs_native,file:///D:/Simon/Sync/Root/GIS/Biodiversity%20Data/obs_native.csv?type=csv&maxFields=10000&detectTypes=yes&xField=longitude&yField=latitude&crs=EPSG:4326&spatialIndex=no&subsetIndex=no&watchFile=no
"7589",Rubus spectabilis,Rubus,spectabilis,,,,native,S5,,48.899144999999997,-123.344020999999998,,NA,NA,"3126285",obs_native,file:///D:/Simon/Sync/Root/GIS/Biodiversity%20Data/obs_native.csv?type=csv&maxFields=10000&detectTypes=yes&xField=longitude&yField=latitude&crs=EPSG:4326&spatialIndex=no&subsetIndex=no&watchFile=no
"7590",Rubus spectabilis,Rubus,spectabilis,,,,native,S5,,48.915652000000001,-123.426826000000005,,NA,NA,"3335517",obs_native,file:///D:/Simon/Sync/Root/GIS/Biodiversity%20Data/obs_native.csv?type=csv&maxFields=10000&detectTypes=yes&xField=longitude&yField=latitude&crs=EPSG:4326&spatialIndex=no&subsetIndex=no&watchFile=no
"7591",Rubus spectabilis,Rubus,spectabilis,,,,native,S5,,48.904618040000003,-123.358869600000006,,NA,NA,"5646984",obs_native,file:///D:/Simon/Sync/Root/GIS/Biodiversity%20Data/obs_native.csv?type=csv&maxFields=10000&detectTypes=yes&xField=longitude&yField=latitude&crs=EPSG:4326&spatialIndex=no&subsetIndex=no&watchFile=no
"7592",Rubus spectabilis,Rubus,spectabilis,,,,native,S5,,48.895195379999997,-123.384017900000003,,NA,NA,"5756985",obs_native,file:///D:/Simon/Sync/Root/GIS/Biodiversity%20Data/obs_native.csv?type=csv&maxFields=10000&detectTypes=yes&xField=longitude&yField=latitude&crs=EPSG:4326&spatialIndex=no&subsetIndex=no&watchFile=no
"7593",Rubus spectabilis,Rubus,spectabilis,,,,native,S5,,48.904462889999998,-123.355318299999993,,NA,NA,"5935136",obs_native,file:///D:/Simon/Sync/Root/GIS/Biodiversity%20Data/obs_native.csv?type=csv&maxFields=10000&detectTypes=yes&xField=longitude&yField=latitude&crs=EPSG:4326&spatialIndex=no&subsetIndex=no&watchFile=no
"7594",Rubus spectabilis,Rubus,spectabilis,,,,native,S5,,48.902869050000000,-123.357946900000002,,NA,NA,"5953033",obs_native,file:///D:/Simon/Sync/Root/GIS/Biodiversity%20Data/obs_native.csv?type=csv&maxFields=10000&detectTypes=yes&xField=longitude&yField=latitude&crs=EPSG:4326&spatialIndex=no&subsetIndex=no&watchFile=no
"7595",Rubus spectabilis,Rubus,spectabilis,,,,native,S5,,48.902869050000000,-123.357946900000002,,NA,NA,"5953035",obs_native,file:///D:/Simon/Sync/Root/GIS/Biodiversity%20Data/obs_native.csv?type=csv&maxFields=10000&detectTypes=yes&xField=longitude&yField=latitude&crs=EPSG:4326&spatialIndex=no&subsetIndex=no&watchFile=no
"7596",Rubus spectabilis,Rubus,spectabilis,,,,native,S5,,48.870766670000002,-123.388405000000006,,NA,NA,"5969907",obs_native,file:///D:/Simon/Sync/Root/GIS/Biodiversity%20Data/obs_native.csv?type=csv&maxFields=10000&detectTypes=yes&xField=longitude&yField=latitude&crs=EPSG:4326&spatialIndex=no&subsetIndex=no&watchFile=no
"7597",Rubus spectabilis,Rubus,spectabilis,,,,native,S5,,48.897903870000000,-123.362978699999999,,NA,NA,"5993183",obs_native,file:///D:/Simon/Sync/Root/GIS/Biodiversity%20Data/obs_native.csv?type=csv&maxFields=10000&detectTypes=yes&xField=longitude&yField=latitude&crs=EPSG:4326&spatialIndex=no&subsetIndex=no&watchFile=no
"7598",Rubus spectabilis,Rubus,spectabilis,,,,native,S5,,48.897734589999999,-123.361905800000002,,NA,NA,"5993191",obs_native,file:///D:/Simon/Sync/Root/GIS/Biodiversity%20Data/obs_native.csv?type=csv&maxFields=10000&detectTypes=yes&xField=longitude&yField=latitude&crs=EPSG:4326&spatialIndex=no&subsetIndex=no&watchFile=no
"7599",Rubus spectabilis,Rubus,spectabilis,,,,native,S5,,48.942770070000002,-123.482079499999998,,NA,NA,"6411204",obs_native,file:///D:/Simon/Sync/Root/GIS/Biodiversity%20Data/obs_native.csv?type=csv&maxFields=10000&detectTypes=yes&xField=longitude&yField=latitude&crs=EPSG:4326&spatialIndex=no&subsetIndex=no&watchFile=no
"7600",Rubus spectabilis,Rubus,spectabilis,,,,native,S5,,48.972538860000000,-123.553361899999999,,NA,NA,"6611344",obs_native,file:///D:/Simon/Sync/Root/GIS/Biodiversity%20Data/obs_native.csv?type=csv&maxFields=10000&detectTypes=yes&xField=longitude&yField=latitude&crs=EPSG:4326&spatialIndex=no&subsetIndex=no&watchFile=no
"7601",Rubus spectabilis,Rubus,spectabilis,,,,native,S5,,48.972369829999998,-123.555335999999997,,NA,NA,"6611346",obs_native,file:///D:/Simon/Sync/Root/GIS/Biodiversity%20Data/obs_native.csv?type=csv&maxFields=10000&detectTypes=yes&xField=longitude&yField=latitude&crs=EPSG:4326&spatialIndex=no&subsetIndex=no&watchFile=no
"7602",Rubus spectabilis,Rubus,spectabilis,,,,native,S5,,48.898341000000002,-123.343038000000007,,NA,NA,"8097270",obs_native,file:///D:/Simon/Sync/Root/GIS/Biodiversity%20Data/obs_native.csv?type=csv&maxFields=10000&detectTypes=yes&xField=longitude&yField=latitude&crs=EPSG:4326&spatialIndex=no&subsetIndex=no&watchFile=no
"7603",Rubus spectabilis,Rubus,spectabilis,,,,native,S5,,48.994897999999999,-123.577449000000001,,NA,NA,"11578170",obs_native,file:///D:/Simon/Sync/Root/GIS/Biodiversity%20Data/obs_native.csv?type=csv&maxFields=10000&detectTypes=yes&xField=longitude&yField=latitude&crs=EPSG:4326&spatialIndex=no&subsetIndex=no&watchFile=no
"7604",Rubus spectabilis,Rubus,spectabilis,,,,native,S5,,48.874077000000000,-123.342488000000003,,NA,NA,"12791052",obs_native,file:///D:/Simon/Sync/Root/GIS/Biodiversity%20Data/obs_native.csv?type=csv&maxFields=10000&detectTypes=yes&xField=longitude&yField=latitude&crs=EPSG:4326&spatialIndex=no&subsetIndex=no&watchFile=no
"7605",Rubus spectabilis,Rubus,spectabilis,,,,native,S5,,48.995741000000002,-123.577927000000003,,NA,NA,"13224661",obs_native,file:///D:/Simon/Sync/Root/GIS/Biodiversity%20Data/obs_native.csv?type=csv&maxFields=10000&detectTypes=yes&xField=longitude&yField=latitude&crs=EPSG:4326&spatialIndex=no&subsetIndex=no&watchFile=no
"7606",Rubus spectabilis,Rubus,spectabilis,,,,native,S5,,48.898071670000000,-123.344925000000003,,NA,NA,"13972290",obs_native,file:///D:/Simon/Sync/Root/GIS/Biodiversity%20Data/obs_native.csv?type=csv&maxFields=10000&detectTypes=yes&xField=longitude&yField=latitude&crs=EPSG:4326&spatialIndex=no&subsetIndex=no&watchFile=no
"7607",Rubus spectabilis,Rubus,spectabilis,,,,native,S5,,48.870331000000000,-123.320402000000001,,NA,NA,"21998009",obs_native,file:///D:/Simon/Sync/Root/GIS/Biodiversity%20Data/obs_native.csv?type=csv&maxFields=10000&detectTypes=yes&xField=longitude&yField=latitude&crs=EPSG:4326&spatialIndex=no&subsetIndex=no&watchFile=no
"7608",Rubus spectabilis,Rubus,spectabilis,,,,native,S5,,48.866626670000002,-123.350538299999997,,NA,NA,"23852826",obs_native,file:///D:/Simon/Sync/Root/GIS/Biodiversity%20Data/obs_native.csv?type=csv&maxFields=10000&detectTypes=yes&xField=longitude&yField=latitude&crs=EPSG:4326&spatialIndex=no&subsetIndex=no&watchFile=no
"7609",Rubus spectabilis,Rubus,spectabilis,,,,native,S5,,49.002826519999999,-123.574567099999996,,NA,NA,"24497659",obs_native,file:///D:/Simon/Sync/Root/GIS/Biodiversity%20Data/obs_native.csv?type=csv&maxFields=10000&detectTypes=yes&xField=longitude&yField=latitude&crs=EPSG:4326&spatialIndex=no&subsetIndex=no&watchFile=no
"7610",Rubus spectabilis,Rubus,spectabilis,,,,native,S5,,48.961838890000003,-123.518036100000003,,NA,NA,"24663908",obs_native,file:///D:/Simon/Sync/Root/GIS/Biodiversity%20Data/obs_native.csv?type=csv&maxFields=10000&detectTypes=yes&xField=longitude&yField=latitude&crs=EPSG:4326&spatialIndex=no&subsetIndex=no&watchFile=no
"7611",Rubus spectabilis,Rubus,spectabilis,,,,native,S5,,48.899719439999998,-123.406380600000006,,NA,NA,"24683967",obs_native,file:///D:/Simon/Sync/Root/GIS/Biodiversity%20Data/obs_native.csv?type=csv&maxFields=10000&detectTypes=yes&xField=longitude&yField=latitude&crs=EPSG:4326&spatialIndex=no&subsetIndex=no&watchFile=no
"7612",Rubus spectabilis,Rubus,spectabilis,,,,native,S5,,48.962230560000002,-123.518813899999998,,NA,NA,"24694153",obs_native,file:///D:/Simon/Sync/Root/GIS/Biodiversity%20Data/obs_native.csv?type=csv&maxFields=10000&detectTypes=yes&xField=longitude&yField=latitude&crs=EPSG:4326&spatialIndex=no&subsetIndex=no&watchFile=no
"7613",Rubus spectabilis,Rubus,spectabilis,,,,native,S5,,48.962419830000002,-123.518820199999993,,NA,NA,"24710464",obs_native,file:///D:/Simon/Sync/Root/GIS/Biodiversity%20Data/obs_native.csv?type=csv&maxFields=10000&detectTypes=yes&xField=longitude&yField=latitude&crs=EPSG:4326&spatialIndex=no&subsetIndex=no&watchFile=no
"7614",Rubus spectabilis,Rubus,spectabilis,,,,native,S5,,48.962311620000001,-123.518977100000001,,NA,NA,"24916162",obs_native,file:///D:/Simon/Sync/Root/GIS/Biodiversity%20Data/obs_native.csv?type=csv&maxFields=10000&detectTypes=yes&xField=longitude&yField=latitude&crs=EPSG:4326&spatialIndex=no&subsetIndex=no&watchFile=no
"7615",Rubus spectabilis,Rubus,spectabilis,,,,native,S5,,48.899991880000002,-123.406825900000001,,NA,NA,"24919512",obs_native,file:///D:/Simon/Sync/Root/GIS/Biodiversity%20Data/obs_native.csv?type=csv&maxFields=10000&detectTypes=yes&xField=longitude&yField=latitude&crs=EPSG:4326&spatialIndex=no&subsetIndex=no&watchFile=no
"7616",Rubus spectabilis,Rubus,spectabilis,,,,native,S5,,48.962231199999998,-123.518108600000005,,NA,NA,"24919659",obs_native,file:///D:/Simon/Sync/Root/GIS/Biodiversity%20Data/obs_native.csv?type=csv&maxFields=10000&detectTypes=yes&xField=longitude&yField=latitude&crs=EPSG:4326&spatialIndex=no&subsetIndex=no&watchFile=no
"7617",Rubus spectabilis,Rubus,spectabilis,,,,native,S5,,48.899811079999999,-123.406782899999996,,NA,NA,"24939936",obs_native,file:///D:/Simon/Sync/Root/GIS/Biodiversity%20Data/obs_native.csv?type=csv&maxFields=10000&detectTypes=yes&xField=longitude&yField=latitude&crs=EPSG:4326&spatialIndex=no&subsetIndex=no&watchFile=no
"7618",Rubus spectabilis,Rubus,spectabilis,,,,native,S5,,48.899825419999999,-123.406436200000002,,NA,NA,"25199612",obs_native,file:///D:/Simon/Sync/Root/GIS/Biodiversity%20Data/obs_native.csv?type=csv&maxFields=10000&detectTypes=yes&xField=longitude&yField=latitude&crs=EPSG:4326&spatialIndex=no&subsetIndex=no&watchFile=no
"7619",Rubus spectabilis,Rubus,spectabilis,,,,native,S5,,48.899723240000000,-123.405763899999997,,NA,NA,"25478557",obs_native,file:///D:/Simon/Sync/Root/GIS/Biodiversity%20Data/obs_native.csv?type=csv&maxFields=10000&detectTypes=yes&xField=longitude&yField=latitude&crs=EPSG:4326&spatialIndex=no&subsetIndex=no&watchFile=no
"7620",Rubus spectabilis,Rubus,spectabilis,,,,native,S5,,48.900073980000002,-123.406279400000003,,NA,NA,"25478785",obs_native,file:///D:/Simon/Sync/Root/GIS/Biodiversity%20Data/obs_native.csv?type=csv&maxFields=10000&detectTypes=yes&xField=longitude&yField=latitude&crs=EPSG:4326&spatialIndex=no&subsetIndex=no&watchFile=no
"7621",Rubus spectabilis,Rubus,spectabilis,,,,native,S5,,48.899752780000000,-123.406686100000002,,NA,NA,"25541281",obs_native,file:///D:/Simon/Sync/Root/GIS/Biodiversity%20Data/obs_native.csv?type=csv&maxFields=10000&detectTypes=yes&xField=longitude&yField=latitude&crs=EPSG:4326&spatialIndex=no&subsetIndex=no&watchFile=no
"7622",Rubus spectabilis,Rubus,spectabilis,,,,native,S5,,48.895747419999999,-123.341480000000004,,NA,NA,"27812726",obs_native,file:///D:/Simon/Sync/Root/GIS/Biodiversity%20Data/obs_native.csv?type=csv&maxFields=10000&detectTypes=yes&xField=longitude&yField=latitude&crs=EPSG:4326&spatialIndex=no&subsetIndex=no&watchFile=no
"7623",Rubus spectabilis,Rubus,spectabilis,,,,native,S5,,48.869156920000002,-123.348486600000001,,NA,NA,"40460164",obs_native,file:///D:/Simon/Sync/Root/GIS/Biodiversity%20Data/obs_native.csv?type=csv&maxFields=10000&detectTypes=yes&xField=longitude&yField=latitude&crs=EPSG:4326&spatialIndex=no&subsetIndex=no&watchFile=no
"7624",Rubus spectabilis,Rubus,spectabilis,,,,native,S5,,48.911585490000000,-123.386696700000002,,NA,NA,"41879855",obs_native,file:///D:/Simon/Sync/Root/GIS/Biodiversity%20Data/obs_native.csv?type=csv&maxFields=10000&detectTypes=yes&xField=longitude&yField=latitude&crs=EPSG:4326&spatialIndex=no&subsetIndex=no&watchFile=no
"7625",Rubus spectabilis,Rubus,spectabilis,,,,native,S5,,48.912227569999999,-123.386242699999997,,NA,NA,"42681976",obs_native,file:///D:/Simon/Sync/Root/GIS/Biodiversity%20Data/obs_native.csv?type=csv&maxFields=10000&detectTypes=yes&xField=longitude&yField=latitude&crs=EPSG:4326&spatialIndex=no&subsetIndex=no&watchFile=no
"7626",Rubus spectabilis,Rubus,spectabilis,,,,native,S5,,48.948202330000001,-123.502239900000006,,NA,NA,"51434578",obs_native,file:///D:/Simon/Sync/Root/GIS/Biodiversity%20Data/obs_native.csv?type=csv&maxFields=10000&detectTypes=yes&xField=longitude&yField=latitude&crs=EPSG:4326&spatialIndex=no&subsetIndex=no&watchFile=no
"7627",Rubus spectabilis,Rubus,spectabilis,,,,native,S5,,48.930525359999997,-123.467765799999995,,NA,NA,"52514552",obs_native,file:///D:/Simon/Sync/Root/GIS/Biodiversity%20Data/obs_native.csv?type=csv&maxFields=10000&detectTypes=yes&xField=longitude&yField=latitude&crs=EPSG:4326&spatialIndex=no&subsetIndex=no&watchFile=no
"7628",Rubus spectabilis,Rubus,spectabilis,,,,native,S5,,48.930187770000003,-123.467745699999995,,NA,NA,"52518398",obs_native,file:///D:/Simon/Sync/Root/GIS/Biodiversity%20Data/obs_native.csv?type=csv&maxFields=10000&detectTypes=yes&xField=longitude&yField=latitude&crs=EPSG:4326&spatialIndex=no&subsetIndex=no&watchFile=no
"7629",Rubus spectabilis,Rubus,spectabilis,,,,native,S5,,48.929896749999997,-123.467416099999994,,NA,NA,"52907586",obs_native,file:///D:/Simon/Sync/Root/GIS/Biodiversity%20Data/obs_native.csv?type=csv&maxFields=10000&detectTypes=yes&xField=longitude&yField=latitude&crs=EPSG:4326&spatialIndex=no&subsetIndex=no&watchFile=no
"7630",Rubus spectabilis,Rubus,spectabilis,,,,native,S5,,48.884427490000000,-123.371256200000005,,NA,NA,"53020593",obs_native,file:///D:/Simon/Sync/Root/GIS/Biodiversity%20Data/obs_native.csv?type=csv&maxFields=10000&detectTypes=yes&xField=longitude&yField=latitude&crs=EPSG:4326&spatialIndex=no&subsetIndex=no&watchFile=no
"7631",Rubus spectabilis,Rubus,spectabilis,,,,native,S5,,48.929972720000002,-123.466729500000000,,NA,NA,"53211209",obs_native,file:///D:/Simon/Sync/Root/GIS/Biodiversity%20Data/obs_native.csv?type=csv&maxFields=10000&detectTypes=yes&xField=longitude&yField=latitude&crs=EPSG:4326&spatialIndex=no&subsetIndex=no&watchFile=no
"7632",Rubus spectabilis,Rubus,spectabilis,,,,native,S5,,48.929781890000001,-123.467203400000002,,NA,NA,"53258855",obs_native,file:///D:/Simon/Sync/Root/GIS/Biodiversity%20Data/obs_native.csv?type=csv&maxFields=10000&detectTypes=yes&xField=longitude&yField=latitude&crs=EPSG:4326&spatialIndex=no&subsetIndex=no&watchFile=no
"7633",Rubus spectabilis,Rubus,spectabilis,,,,native,S5,,48.928886140000003,-123.469069200000007,,NA,NA,"54691346",obs_native,file:///D:/Simon/Sync/Root/GIS/Biodiversity%20Data/obs_native.csv?type=csv&maxFields=10000&detectTypes=yes&xField=longitude&yField=latitude&crs=EPSG:4326&spatialIndex=no&subsetIndex=no&watchFile=no
"7634",Rubus spectabilis,Rubus,spectabilis,,,,native,S5,,48.942277580000003,-123.499643899999995,,NA,NA,"70065792",obs_native,file:///D:/Simon/Sync/Root/GIS/Biodiversity%20Data/obs_native.csv?type=csv&maxFields=10000&detectTypes=yes&xField=longitude&yField=latitude&crs=EPSG:4326&spatialIndex=no&subsetIndex=no&watchFile=no
"7635",Rubus spectabilis,Rubus,spectabilis,,,,native,S5,,48.948073999999998,-123.501706999999996,,NA,NA,"70903582",obs_native,file:///D:/Simon/Sync/Root/GIS/Biodiversity%20Data/obs_native.csv?type=csv&maxFields=10000&detectTypes=yes&xField=longitude&yField=latitude&crs=EPSG:4326&spatialIndex=no&subsetIndex=no&watchFile=no
"7636",Rubus spectabilis,Rubus,spectabilis,,,,native,S5,,48.942659999999997,-123.500788299999996,,NA,NA,"72321495",obs_native,file:///D:/Simon/Sync/Root/GIS/Biodiversity%20Data/obs_native.csv?type=csv&maxFields=10000&detectTypes=yes&xField=longitude&yField=latitude&crs=EPSG:4326&spatialIndex=no&subsetIndex=no&watchFile=no
"7637",Rubus spectabilis,Rubus,spectabilis,,,,native,S5,,48.929333329999999,-123.468170000000001,,NA,NA,"75549429",obs_native,file:///D:/Simon/Sync/Root/GIS/Biodiversity%20Data/obs_native.csv?type=csv&maxFields=10000&detectTypes=yes&xField=longitude&yField=latitude&crs=EPSG:4326&spatialIndex=no&subsetIndex=no&watchFile=no
"7638",Rubus spectabilis,Rubus,spectabilis,,,,native,S5,,48.868415100000000,-123.343911100000000,,NA,NA,"83597097",obs_native,file:///D:/Simon/Sync/Root/GIS/Biodiversity%20Data/obs_native.csv?type=csv&maxFields=10000&detectTypes=yes&xField=longitude&yField=latitude&crs=EPSG:4326&spatialIndex=no&subsetIndex=no&watchFile=no
"7639",Rubus spectabilis,Rubus,spectabilis,,,,native,S5,,48.927735329999997,-123.467449200000004,,NA,NA,"84147246",obs_native,file:///D:/Simon/Sync/Root/GIS/Biodiversity%20Data/obs_native.csv?type=csv&maxFields=10000&detectTypes=yes&xField=longitude&yField=latitude&crs=EPSG:4326&spatialIndex=no&subsetIndex=no&watchFile=no
"7640",Rubus spectabilis,Rubus,spectabilis,,,,native,S5,,48.932346670000001,-123.478996699999996,,NA,NA,"84459456",obs_native,file:///D:/Simon/Sync/Root/GIS/Biodiversity%20Data/obs_native.csv?type=csv&maxFields=10000&detectTypes=yes&xField=longitude&yField=latitude&crs=EPSG:4326&spatialIndex=no&subsetIndex=no&watchFile=no
"7641",Rubus spectabilis,Rubus,spectabilis,,,,native,S5,,48.931408329999996,-123.474279999999993,,NA,NA,"84580330",obs_native,file:///D:/Simon/Sync/Root/GIS/Biodiversity%20Data/obs_native.csv?type=csv&maxFields=10000&detectTypes=yes&xField=longitude&yField=latitude&crs=EPSG:4326&spatialIndex=no&subsetIndex=no&watchFile=no
"7642",Rubus spectabilis,Rubus,spectabilis,,,,native,S5,,48.927965340000000,-123.465121199999999,,NA,NA,"84582262",obs_native,file:///D:/Simon/Sync/Root/GIS/Biodiversity%20Data/obs_native.csv?type=csv&maxFields=10000&detectTypes=yes&xField=longitude&yField=latitude&crs=EPSG:4326&spatialIndex=no&subsetIndex=no&watchFile=no
"7643",Rubus spectabilis,Rubus,spectabilis,,,,native,S5,,48.874801669999997,-123.320651699999999,,NA,NA,"86360411",obs_native,file:///D:/Simon/Sync/Root/GIS/Biodiversity%20Data/obs_native.csv?type=csv&maxFields=10000&detectTypes=yes&xField=longitude&yField=latitude&crs=EPSG:4326&spatialIndex=no&subsetIndex=no&watchFile=no
"7644",Rubus spectabilis,Rubus,spectabilis,,,,native,S5,,48.884640189999999,-123.371316399999998,,NA,NA,"93550053",obs_native,file:///D:/Simon/Sync/Root/GIS/Biodiversity%20Data/obs_native.csv?type=csv&maxFields=10000&detectTypes=yes&xField=longitude&yField=latitude&crs=EPSG:4326&spatialIndex=no&subsetIndex=no&watchFile=no
"7645",Rubus spectabilis,Rubus,spectabilis,,,,native,S5,,48.884640189999999,-123.371316399999998,,NA,NA,"93550055",obs_native,file:///D:/Simon/Sync/Root/GIS/Biodiversity%20Data/obs_native.csv?type=csv&maxFields=10000&detectTypes=yes&xField=longitude&yField=latitude&crs=EPSG:4326&spatialIndex=no&subsetIndex=no&watchFile=no
"7646",Rubus spectabilis,Rubus,spectabilis,,,,native,S5,,48.989719999999998,-123.551588300000006,,NA,NA,"100641823",obs_native,file:///D:/Simon/Sync/Root/GIS/Biodiversity%20Data/obs_native.csv?type=csv&maxFields=10000&detectTypes=yes&xField=longitude&yField=latitude&crs=EPSG:4326&spatialIndex=no&subsetIndex=no&watchFile=no
"7647",Rubus spectabilis,Rubus,spectabilis,,,,native,S5,,48.968386109999997,-123.522391700000000,,NA,NA,"107021661",obs_native,file:///D:/Simon/Sync/Root/GIS/Biodiversity%20Data/obs_native.csv?type=csv&maxFields=10000&detectTypes=yes&xField=longitude&yField=latitude&crs=EPSG:4326&spatialIndex=no&subsetIndex=no&watchFile=no
"7648",Rubus spectabilis,Rubus,spectabilis,,,,native,S5,,48.870280999999999,-123.320550999999995,,NA,NA,"109398916",obs_native,file:///D:/Simon/Sync/Root/GIS/Biodiversity%20Data/obs_native.csv?type=csv&maxFields=10000&detectTypes=yes&xField=longitude&yField=latitude&crs=EPSG:4326&spatialIndex=no&subsetIndex=no&watchFile=no
"7649",Rubus spectabilis,Rubus,spectabilis,,,,native,S5,,48.870271000000002,-123.320245999999997,,NA,NA,"109399010",obs_native,file:///D:/Simon/Sync/Root/GIS/Biodiversity%20Data/obs_native.csv?type=csv&maxFields=10000&detectTypes=yes&xField=longitude&yField=latitude&crs=EPSG:4326&spatialIndex=no&subsetIndex=no&watchFile=no
"7650",Rubus spectabilis,Rubus,spectabilis,,,,native,S5,,48.870389000000003,-123.320804999999993,,NA,NA,"115220820",obs_native,file:///D:/Simon/Sync/Root/GIS/Biodiversity%20Data/obs_native.csv?type=csv&maxFields=10000&detectTypes=yes&xField=longitude&yField=latitude&crs=EPSG:4326&spatialIndex=no&subsetIndex=no&watchFile=no
"7651",Rubus spectabilis,Rubus,spectabilis,,,,native,S5,,48.870373999999998,-123.320331999999993,,NA,NA,"115221514",obs_native,file:///D:/Simon/Sync/Root/GIS/Biodiversity%20Data/obs_native.csv?type=csv&maxFields=10000&detectTypes=yes&xField=longitude&yField=latitude&crs=EPSG:4326&spatialIndex=no&subsetIndex=no&watchFile=no
"7652",Rubus spectabilis,Rubus,spectabilis,,,,native,S5,,48.988547550000000,-123.562966799999998,,NA,NA,"117239066",obs_native,file:///D:/Simon/Sync/Root/GIS/Biodiversity%20Data/obs_native.csv?type=csv&maxFields=10000&detectTypes=yes&xField=longitude&yField=latitude&crs=EPSG:4326&spatialIndex=no&subsetIndex=no&watchFile=no
"7653",Rubus spectabilis,Rubus,spectabilis,,,,native,S5,,48.988547550000000,-123.562966799999998,,NA,NA,"117239069",obs_native,file:///D:/Simon/Sync/Root/GIS/Biodiversity%20Data/obs_native.csv?type=csv&maxFields=10000&detectTypes=yes&xField=longitude&yField=latitude&crs=EPSG:4326&spatialIndex=no&subsetIndex=no&watchFile=no
"7654",Rubus spectabilis,Rubus,spectabilis,,,,native,S5,,48.988547550000000,-123.562966799999998,,NA,NA,"117239070",obs_native,file:///D:/Simon/Sync/Root/GIS/Biodiversity%20Data/obs_native.csv?type=csv&maxFields=10000&detectTypes=yes&xField=longitude&yField=latitude&crs=EPSG:4326&spatialIndex=no&subsetIndex=no&watchFile=no
"7655",Rubus ursinus,Rubus,ursinus,,,,native,S5,,48.929547999999997,-123.475770999999995,,NA,NA,"2564019",obs_native,file:///D:/Simon/Sync/Root/GIS/Biodiversity%20Data/obs_native.csv?type=csv&maxFields=10000&detectTypes=yes&xField=longitude&yField=latitude&crs=EPSG:4326&spatialIndex=no&subsetIndex=no&watchFile=no
"7656",Rubus ursinus,Rubus,ursinus,,,,native,S5,,48.929082999999999,-123.469763000000000,,NA,NA,"2564118",obs_native,file:///D:/Simon/Sync/Root/GIS/Biodiversity%20Data/obs_native.csv?type=csv&maxFields=10000&detectTypes=yes&xField=longitude&yField=latitude&crs=EPSG:4326&spatialIndex=no&subsetIndex=no&watchFile=no
"7657",Rubus ursinus,Rubus,ursinus,,,,native,S5,,48.928632000000000,-123.468925999999996,,NA,NA,"2564165",obs_native,file:///D:/Simon/Sync/Root/GIS/Biodiversity%20Data/obs_native.csv?type=csv&maxFields=10000&detectTypes=yes&xField=longitude&yField=latitude&crs=EPSG:4326&spatialIndex=no&subsetIndex=no&watchFile=no
"7658",Rubus ursinus,Rubus,ursinus,,,,native,S5,,48.929740000000002,-123.475857000000005,,NA,NA,"2567243",obs_native,file:///D:/Simon/Sync/Root/GIS/Biodiversity%20Data/obs_native.csv?type=csv&maxFields=10000&detectTypes=yes&xField=longitude&yField=latitude&crs=EPSG:4326&spatialIndex=no&subsetIndex=no&watchFile=no
"7659",Rubus ursinus,Rubus,ursinus,,,,native,S5,,48.929515000000002,-123.475684999999999,,NA,NA,"2567614",obs_native,file:///D:/Simon/Sync/Root/GIS/Biodiversity%20Data/obs_native.csv?type=csv&maxFields=10000&detectTypes=yes&xField=longitude&yField=latitude&crs=EPSG:4326&spatialIndex=no&subsetIndex=no&watchFile=no
"7660",Rubus ursinus,Rubus,ursinus,,,,native,S5,,48.929943000000002,-123.475513000000007,,NA,NA,"2569203",obs_native,file:///D:/Simon/Sync/Root/GIS/Biodiversity%20Data/obs_native.csv?type=csv&maxFields=10000&detectTypes=yes&xField=longitude&yField=latitude&crs=EPSG:4326&spatialIndex=no&subsetIndex=no&watchFile=no
"7661",Rubus ursinus,Rubus,ursinus,,,,native,S5,,48.929830000000003,-123.475857000000005,,NA,NA,"2569214",obs_native,file:///D:/Simon/Sync/Root/GIS/Biodiversity%20Data/obs_native.csv?type=csv&maxFields=10000&detectTypes=yes&xField=longitude&yField=latitude&crs=EPSG:4326&spatialIndex=no&subsetIndex=no&watchFile=no
"7662",Rubus ursinus,Rubus,ursinus,,,,native,S5,,48.929519999999997,-123.475341999999998,,NA,NA,"2585039",obs_native,file:///D:/Simon/Sync/Root/GIS/Biodiversity%20Data/obs_native.csv?type=csv&maxFields=10000&detectTypes=yes&xField=longitude&yField=latitude&crs=EPSG:4326&spatialIndex=no&subsetIndex=no&watchFile=no
"7663",Rubus ursinus,Rubus,ursinus,,,,native,S5,,48.929554000000003,-123.475599000000003,,NA,NA,"2591036",obs_native,file:///D:/Simon/Sync/Root/GIS/Biodiversity%20Data/obs_native.csv?type=csv&maxFields=10000&detectTypes=yes&xField=longitude&yField=latitude&crs=EPSG:4326&spatialIndex=no&subsetIndex=no&watchFile=no
"7664",Rubus ursinus,Rubus,ursinus,,,,native,S5,,48.929209999999998,-123.475427999999994,,NA,NA,"2621503",obs_native,file:///D:/Simon/Sync/Root/GIS/Biodiversity%20Data/obs_native.csv?type=csv&maxFields=10000&detectTypes=yes&xField=longitude&yField=latitude&crs=EPSG:4326&spatialIndex=no&subsetIndex=no&watchFile=no
"7665",Rubus ursinus,Rubus,ursinus,,,,native,S5,,49.011096999999999,-123.573650999999998,,NA,NA,"2886969",obs_native,file:///D:/Simon/Sync/Root/GIS/Biodiversity%20Data/obs_native.csv?type=csv&maxFields=10000&detectTypes=yes&xField=longitude&yField=latitude&crs=EPSG:4326&spatialIndex=no&subsetIndex=no&watchFile=no
"7666",Rubus ursinus,Rubus,ursinus,,,,native,S5,,48.896949999999997,-123.406677000000002,,NA,NA,"3310799",obs_native,file:///D:/Simon/Sync/Root/GIS/Biodiversity%20Data/obs_native.csv?type=csv&maxFields=10000&detectTypes=yes&xField=longitude&yField=latitude&crs=EPSG:4326&spatialIndex=no&subsetIndex=no&watchFile=no
"7667",Rubus ursinus,Rubus,ursinus,,,,native,S5,,48.932485999999997,-123.483839000000003,,NA,NA,"3317843",obs_native,file:///D:/Simon/Sync/Root/GIS/Biodiversity%20Data/obs_native.csv?type=csv&maxFields=10000&detectTypes=yes&xField=longitude&yField=latitude&crs=EPSG:4326&spatialIndex=no&subsetIndex=no&watchFile=no
"7668",Rubus ursinus,Rubus,ursinus,,,,native,S5,,48.932485999999997,-123.483839000000003,,NA,NA,"3317912",obs_native,file:///D:/Simon/Sync/Root/GIS/Biodiversity%20Data/obs_native.csv?type=csv&maxFields=10000&detectTypes=yes&xField=longitude&yField=latitude&crs=EPSG:4326&spatialIndex=no&subsetIndex=no&watchFile=no
"7669",Rubus ursinus,Rubus,ursinus,,,,native,S5,,48.915652000000001,-123.426826000000005,,NA,NA,"3335673",obs_native,file:///D:/Simon/Sync/Root/GIS/Biodiversity%20Data/obs_native.csv?type=csv&maxFields=10000&detectTypes=yes&xField=longitude&yField=latitude&crs=EPSG:4326&spatialIndex=no&subsetIndex=no&watchFile=no
"7670",Rubus ursinus,Rubus,ursinus,,,,native,S5,,48.963765219999999,-123.551137400000002,,NA,NA,"3504403",obs_native,file:///D:/Simon/Sync/Root/GIS/Biodiversity%20Data/obs_native.csv?type=csv&maxFields=10000&detectTypes=yes&xField=longitude&yField=latitude&crs=EPSG:4326&spatialIndex=no&subsetIndex=no&watchFile=no
"7671",Rubus ursinus,Rubus,ursinus,,,,native,S5,,48.906282330000003,-123.358955399999999,,NA,NA,"5885679",obs_native,file:///D:/Simon/Sync/Root/GIS/Biodiversity%20Data/obs_native.csv?type=csv&maxFields=10000&detectTypes=yes&xField=longitude&yField=latitude&crs=EPSG:4326&spatialIndex=no&subsetIndex=no&watchFile=no
"7672",Rubus ursinus,Rubus,ursinus,,,,native,S5,,48.929407490000003,-123.470749900000001,,NA,NA,"6217449",obs_native,file:///D:/Simon/Sync/Root/GIS/Biodiversity%20Data/obs_native.csv?type=csv&maxFields=10000&detectTypes=yes&xField=longitude&yField=latitude&crs=EPSG:4326&spatialIndex=no&subsetIndex=no&watchFile=no
"7673",Rubus ursinus,Rubus,ursinus,,,,native,S5,,48.930055969999998,-123.475320300000007,,NA,NA,"6298740",obs_native,file:///D:/Simon/Sync/Root/GIS/Biodiversity%20Data/obs_native.csv?type=csv&maxFields=10000&detectTypes=yes&xField=longitude&yField=latitude&crs=EPSG:4326&spatialIndex=no&subsetIndex=no&watchFile=no
"7674",Rubus ursinus,Rubus,ursinus,,,,native,S5,,48.964328729999998,-123.548898699999995,,NA,NA,"6391056",obs_native,file:///D:/Simon/Sync/Root/GIS/Biodiversity%20Data/obs_native.csv?type=csv&maxFields=10000&detectTypes=yes&xField=longitude&yField=latitude&crs=EPSG:4326&spatialIndex=no&subsetIndex=no&watchFile=no
"7675",Rubus ursinus,Rubus,ursinus,,,,native,S5,,48.932424249999997,-123.484654399999997,,NA,NA,"6409669",obs_native,file:///D:/Simon/Sync/Root/GIS/Biodiversity%20Data/obs_native.csv?type=csv&maxFields=10000&detectTypes=yes&xField=longitude&yField=latitude&crs=EPSG:4326&spatialIndex=no&subsetIndex=no&watchFile=no
"7676",Rubus ursinus,Rubus,ursinus,,,,native,S5,,48.901550999999998,-123.445179999999993,,NA,NA,"6505008",obs_native,file:///D:/Simon/Sync/Root/GIS/Biodiversity%20Data/obs_native.csv?type=csv&maxFields=10000&detectTypes=yes&xField=longitude&yField=latitude&crs=EPSG:4326&spatialIndex=no&subsetIndex=no&watchFile=no
"7677",Rubus ursinus,Rubus,ursinus,,,,native,S5,,48.956777209999998,-123.531646699999996,,NA,NA,"6611335",obs_native,file:///D:/Simon/Sync/Root/GIS/Biodiversity%20Data/obs_native.csv?type=csv&maxFields=10000&detectTypes=yes&xField=longitude&yField=latitude&crs=EPSG:4326&spatialIndex=no&subsetIndex=no&watchFile=no
"7678",Rubus ursinus,Rubus,ursinus,,,,native,S5,,48.898341000000002,-123.343038000000007,,NA,NA,"8097380",obs_native,file:///D:/Simon/Sync/Root/GIS/Biodiversity%20Data/obs_native.csv?type=csv&maxFields=10000&detectTypes=yes&xField=longitude&yField=latitude&crs=EPSG:4326&spatialIndex=no&subsetIndex=no&watchFile=no
"7679",Rubus ursinus,Rubus,ursinus,,,,native,S5,,48.869900000000001,-123.320899999999995,,NA,NA,"12184562",obs_native,file:///D:/Simon/Sync/Root/GIS/Biodiversity%20Data/obs_native.csv?type=csv&maxFields=10000&detectTypes=yes&xField=longitude&yField=latitude&crs=EPSG:4326&spatialIndex=no&subsetIndex=no&watchFile=no
"7680",Rubus ursinus,Rubus,ursinus,,,,native,S5,,48.872669000000002,-123.370613000000006,,NA,NA,"12315447",obs_native,file:///D:/Simon/Sync/Root/GIS/Biodiversity%20Data/obs_native.csv?type=csv&maxFields=10000&detectTypes=yes&xField=longitude&yField=latitude&crs=EPSG:4326&spatialIndex=no&subsetIndex=no&watchFile=no
"7681",Rubus ursinus,Rubus,ursinus,,,,native,S5,,48.870607000000000,-123.343086000000000,,NA,NA,"12762108",obs_native,file:///D:/Simon/Sync/Root/GIS/Biodiversity%20Data/obs_native.csv?type=csv&maxFields=10000&detectTypes=yes&xField=longitude&yField=latitude&crs=EPSG:4326&spatialIndex=no&subsetIndex=no&watchFile=no
"7682",Rubus ursinus,Rubus,ursinus,,,,native,S5,,48.872402999999998,-123.342645000000005,,NA,NA,"12762480",obs_native,file:///D:/Simon/Sync/Root/GIS/Biodiversity%20Data/obs_native.csv?type=csv&maxFields=10000&detectTypes=yes&xField=longitude&yField=latitude&crs=EPSG:4326&spatialIndex=no&subsetIndex=no&watchFile=no
"7683",Rubus ursinus,Rubus,ursinus,,,,native,S5,,48.874077000000000,-123.342488000000003,,NA,NA,"12791205",obs_native,file:///D:/Simon/Sync/Root/GIS/Biodiversity%20Data/obs_native.csv?type=csv&maxFields=10000&detectTypes=yes&xField=longitude&yField=latitude&crs=EPSG:4326&spatialIndex=no&subsetIndex=no&watchFile=no
"7684",Rubus ursinus,Rubus,ursinus,,,,native,S5,,48.874077000000000,-123.342488000000003,,NA,NA,"12791792",obs_native,file:///D:/Simon/Sync/Root/GIS/Biodiversity%20Data/obs_native.csv?type=csv&maxFields=10000&detectTypes=yes&xField=longitude&yField=latitude&crs=EPSG:4326&spatialIndex=no&subsetIndex=no&watchFile=no
"7685",Rubus ursinus,Rubus,ursinus,,,,native,S5,,48.867058000000000,-123.334428000000003,,NA,NA,"12817035",obs_native,file:///D:/Simon/Sync/Root/GIS/Biodiversity%20Data/obs_native.csv?type=csv&maxFields=10000&detectTypes=yes&xField=longitude&yField=latitude&crs=EPSG:4326&spatialIndex=no&subsetIndex=no&watchFile=no
"7686",Rubus ursinus,Rubus,ursinus,,,,native,S5,,48.872722000000003,-123.370444000000006,,NA,NA,"13031705",obs_native,file:///D:/Simon/Sync/Root/GIS/Biodiversity%20Data/obs_native.csv?type=csv&maxFields=10000&detectTypes=yes&xField=longitude&yField=latitude&crs=EPSG:4326&spatialIndex=no&subsetIndex=no&watchFile=no
"7687",Rubus ursinus,Rubus,ursinus,,,,native,S5,,48.869005119999997,-123.345825800000000,,NA,NA,"13972533",obs_native,file:///D:/Simon/Sync/Root/GIS/Biodiversity%20Data/obs_native.csv?type=csv&maxFields=10000&detectTypes=yes&xField=longitude&yField=latitude&crs=EPSG:4326&spatialIndex=no&subsetIndex=no&watchFile=no
"7688",Rubus ursinus,Rubus,ursinus,,,,native,S5,,49.012736670000002,-123.572696699999995,,NA,NA,"24259259",obs_native,file:///D:/Simon/Sync/Root/GIS/Biodiversity%20Data/obs_native.csv?type=csv&maxFields=10000&detectTypes=yes&xField=longitude&yField=latitude&crs=EPSG:4326&spatialIndex=no&subsetIndex=no&watchFile=no
"7689",Rubus ursinus,Rubus,ursinus,,,,native,S5,,49.007592539999997,-123.576028399999998,,NA,NA,"24497690",obs_native,file:///D:/Simon/Sync/Root/GIS/Biodiversity%20Data/obs_native.csv?type=csv&maxFields=10000&detectTypes=yes&xField=longitude&yField=latitude&crs=EPSG:4326&spatialIndex=no&subsetIndex=no&watchFile=no
"7690",Rubus ursinus,Rubus,ursinus,,,,native,S5,,48.897275530000002,-123.405169999999998,,NA,NA,"24537147",obs_native,file:///D:/Simon/Sync/Root/GIS/Biodiversity%20Data/obs_native.csv?type=csv&maxFields=10000&detectTypes=yes&xField=longitude&yField=latitude&crs=EPSG:4326&spatialIndex=no&subsetIndex=no&watchFile=no
"7691",Rubus ursinus,Rubus,ursinus,,,,native,S5,,48.899318229999999,-123.404667900000007,,NA,NA,"24608228",obs_native,file:///D:/Simon/Sync/Root/GIS/Biodiversity%20Data/obs_native.csv?type=csv&maxFields=10000&detectTypes=yes&xField=longitude&yField=latitude&crs=EPSG:4326&spatialIndex=no&subsetIndex=no&watchFile=no
"7692",Rubus ursinus,Rubus,ursinus,,,,native,S5,,48.964991670000003,-123.516852799999995,,NA,NA,"24666587",obs_native,file:///D:/Simon/Sync/Root/GIS/Biodiversity%20Data/obs_native.csv?type=csv&maxFields=10000&detectTypes=yes&xField=longitude&yField=latitude&crs=EPSG:4326&spatialIndex=no&subsetIndex=no&watchFile=no
"7693",Rubus ursinus,Rubus,ursinus,,,,native,S5,,48.964430559999997,-123.516152800000000,,NA,NA,"24666592",obs_native,file:///D:/Simon/Sync/Root/GIS/Biodiversity%20Data/obs_native.csv?type=csv&maxFields=10000&detectTypes=yes&xField=longitude&yField=latitude&crs=EPSG:4326&spatialIndex=no&subsetIndex=no&watchFile=no
"7694",Rubus ursinus,Rubus,ursinus,,,,native,S5,,48.963719439999998,-123.515458300000006,,NA,NA,"24666642",obs_native,file:///D:/Simon/Sync/Root/GIS/Biodiversity%20Data/obs_native.csv?type=csv&maxFields=10000&detectTypes=yes&xField=longitude&yField=latitude&crs=EPSG:4326&spatialIndex=no&subsetIndex=no&watchFile=no
"7695",Rubus ursinus,Rubus,ursinus,,,,native,S5,,48.965038890000002,-123.516783300000000,,NA,NA,"24666693",obs_native,file:///D:/Simon/Sync/Root/GIS/Biodiversity%20Data/obs_native.csv?type=csv&maxFields=10000&detectTypes=yes&xField=longitude&yField=latitude&crs=EPSG:4326&spatialIndex=no&subsetIndex=no&watchFile=no
"7696",Rubus ursinus,Rubus,ursinus,,,,native,S5,,48.963719439999998,-123.515458300000006,,NA,NA,"24666739",obs_native,file:///D:/Simon/Sync/Root/GIS/Biodiversity%20Data/obs_native.csv?type=csv&maxFields=10000&detectTypes=yes&xField=longitude&yField=latitude&crs=EPSG:4326&spatialIndex=no&subsetIndex=no&watchFile=no
"7697",Rubus ursinus,Rubus,ursinus,,,,native,S5,,48.900213890000003,-123.407049999999998,,NA,NA,"24672691",obs_native,file:///D:/Simon/Sync/Root/GIS/Biodiversity%20Data/obs_native.csv?type=csv&maxFields=10000&detectTypes=yes&xField=longitude&yField=latitude&crs=EPSG:4326&spatialIndex=no&subsetIndex=no&watchFile=no
"7698",Rubus ursinus,Rubus,ursinus,,,,native,S5,,48.965233329999997,-123.516808299999994,,NA,NA,"24674033",obs_native,file:///D:/Simon/Sync/Root/GIS/Biodiversity%20Data/obs_native.csv?type=csv&maxFields=10000&detectTypes=yes&xField=longitude&yField=latitude&crs=EPSG:4326&spatialIndex=no&subsetIndex=no&watchFile=no
"7699",Rubus ursinus,Rubus,ursinus,,,,native,S5,,48.901191670000003,-123.406625000000005,,NA,NA,"24676897",obs_native,file:///D:/Simon/Sync/Root/GIS/Biodiversity%20Data/obs_native.csv?type=csv&maxFields=10000&detectTypes=yes&xField=longitude&yField=latitude&crs=EPSG:4326&spatialIndex=no&subsetIndex=no&watchFile=no
"7700",Rubus ursinus,Rubus,ursinus,,,,native,S5,,48.895794440000003,-123.406188900000004,,NA,NA,"24677376",obs_native,file:///D:/Simon/Sync/Root/GIS/Biodiversity%20Data/obs_native.csv?type=csv&maxFields=10000&detectTypes=yes&xField=longitude&yField=latitude&crs=EPSG:4326&spatialIndex=no&subsetIndex=no&watchFile=no
"7701",Rubus ursinus,Rubus,ursinus,,,,native,S5,,48.962180560000000,-123.518349999999998,,NA,NA,"24683976",obs_native,file:///D:/Simon/Sync/Root/GIS/Biodiversity%20Data/obs_native.csv?type=csv&maxFields=10000&detectTypes=yes&xField=longitude&yField=latitude&crs=EPSG:4326&spatialIndex=no&subsetIndex=no&watchFile=no
"7702",Rubus ursinus,Rubus,ursinus,,,,native,S5,,48.897250000000000,-123.404953300000003,,NA,NA,"24689402",obs_native,file:///D:/Simon/Sync/Root/GIS/Biodiversity%20Data/obs_native.csv?type=csv&maxFields=10000&detectTypes=yes&xField=longitude&yField=latitude&crs=EPSG:4326&spatialIndex=no&subsetIndex=no&watchFile=no
"7703",Rubus ursinus,Rubus,ursinus,,,,native,S5,,48.894455000000001,-123.407979999999995,,NA,NA,"24697578",obs_native,file:///D:/Simon/Sync/Root/GIS/Biodiversity%20Data/obs_native.csv?type=csv&maxFields=10000&detectTypes=yes&xField=longitude&yField=latitude&crs=EPSG:4326&spatialIndex=no&subsetIndex=no&watchFile=no
"7704",Rubus ursinus,Rubus,ursinus,,,,native,S5,,48.962850000000003,-123.514471700000001,,NA,NA,"24698083",obs_native,file:///D:/Simon/Sync/Root/GIS/Biodiversity%20Data/obs_native.csv?type=csv&maxFields=10000&detectTypes=yes&xField=longitude&yField=latitude&crs=EPSG:4326&spatialIndex=no&subsetIndex=no&watchFile=no
"7705",Rubus ursinus,Rubus,ursinus,,,,native,S5,,48.871722220000002,-123.312394400000002,,NA,NA,"24701402",obs_native,file:///D:/Simon/Sync/Root/GIS/Biodiversity%20Data/obs_native.csv?type=csv&maxFields=10000&detectTypes=yes&xField=longitude&yField=latitude&crs=EPSG:4326&spatialIndex=no&subsetIndex=no&watchFile=no
"7706",Rubus ursinus,Rubus,ursinus,,,,native,S5,,48.962896669999999,-123.514428300000006,,NA,NA,"24703207",obs_native,file:///D:/Simon/Sync/Root/GIS/Biodiversity%20Data/obs_native.csv?type=csv&maxFields=10000&detectTypes=yes&xField=longitude&yField=latitude&crs=EPSG:4326&spatialIndex=no&subsetIndex=no&watchFile=no
"7707",Rubus ursinus,Rubus,ursinus,,,,native,S5,,48.964885119999998,-123.516704700000005,,NA,NA,"24710308",obs_native,file:///D:/Simon/Sync/Root/GIS/Biodiversity%20Data/obs_native.csv?type=csv&maxFields=10000&detectTypes=yes&xField=longitude&yField=latitude&crs=EPSG:4326&spatialIndex=no&subsetIndex=no&watchFile=no
"7708",Rubus ursinus,Rubus,ursinus,,,,native,S5,,48.871805129999998,-123.312254199999998,,NA,NA,"24714975",obs_native,file:///D:/Simon/Sync/Root/GIS/Biodiversity%20Data/obs_native.csv?type=csv&maxFields=10000&detectTypes=yes&xField=longitude&yField=latitude&crs=EPSG:4326&spatialIndex=no&subsetIndex=no&watchFile=no
"7709",Rubus ursinus,Rubus,ursinus,,,,native,S5,,48.900496009999998,-123.406534399999998,,NA,NA,"24715236",obs_native,file:///D:/Simon/Sync/Root/GIS/Biodiversity%20Data/obs_native.csv?type=csv&maxFields=10000&detectTypes=yes&xField=longitude&yField=latitude&crs=EPSG:4326&spatialIndex=no&subsetIndex=no&watchFile=no
"7710",Rubus ursinus,Rubus,ursinus,,,,native,S5,,49.013491549999998,-123.573181300000002,,NA,NA,"24748332",obs_native,file:///D:/Simon/Sync/Root/GIS/Biodiversity%20Data/obs_native.csv?type=csv&maxFields=10000&detectTypes=yes&xField=longitude&yField=latitude&crs=EPSG:4326&spatialIndex=no&subsetIndex=no&watchFile=no
"7711",Rubus ursinus,Rubus,ursinus,,,,native,S5,,48.863819739999997,-123.377325700000000,,NA,NA,"24768100",obs_native,file:///D:/Simon/Sync/Root/GIS/Biodiversity%20Data/obs_native.csv?type=csv&maxFields=10000&detectTypes=yes&xField=longitude&yField=latitude&crs=EPSG:4326&spatialIndex=no&subsetIndex=no&watchFile=no
"7712",Rubus ursinus,Rubus,ursinus,,,,native,S5,,48.872033330000001,-123.312888900000004,,NA,NA,"24824075",obs_native,file:///D:/Simon/Sync/Root/GIS/Biodiversity%20Data/obs_native.csv?type=csv&maxFields=10000&detectTypes=yes&xField=longitude&yField=latitude&crs=EPSG:4326&spatialIndex=no&subsetIndex=no&watchFile=no
"7713",Rubus ursinus,Rubus,ursinus,,,,native,S5,,48.872088890000001,-123.312255600000000,,NA,NA,"24824076",obs_native,file:///D:/Simon/Sync/Root/GIS/Biodiversity%20Data/obs_native.csv?type=csv&maxFields=10000&detectTypes=yes&xField=longitude&yField=latitude&crs=EPSG:4326&spatialIndex=no&subsetIndex=no&watchFile=no
"7714",Rubus ursinus,Rubus,ursinus,,,,native,S5,,48.871758329999999,-123.312163900000002,,NA,NA,"24824081",obs_native,file:///D:/Simon/Sync/Root/GIS/Biodiversity%20Data/obs_native.csv?type=csv&maxFields=10000&detectTypes=yes&xField=longitude&yField=latitude&crs=EPSG:4326&spatialIndex=no&subsetIndex=no&watchFile=no
"7715",Rubus ursinus,Rubus,ursinus,,,,native,S5,,48.871749999999999,-123.312058300000004,,NA,NA,"24824093",obs_native,file:///D:/Simon/Sync/Root/GIS/Biodiversity%20Data/obs_native.csv?type=csv&maxFields=10000&detectTypes=yes&xField=longitude&yField=latitude&crs=EPSG:4326&spatialIndex=no&subsetIndex=no&watchFile=no
"7716",Rubus ursinus,Rubus,ursinus,,,,native,S5,,48.871749999999999,-123.312058300000004,,NA,NA,"24824165",obs_native,file:///D:/Simon/Sync/Root/GIS/Biodiversity%20Data/obs_native.csv?type=csv&maxFields=10000&detectTypes=yes&xField=longitude&yField=latitude&crs=EPSG:4326&spatialIndex=no&subsetIndex=no&watchFile=no
"7717",Rubus ursinus,Rubus,ursinus,,,,native,S5,,48.964910099999997,-123.516704599999997,,NA,NA,"24920296",obs_native,file:///D:/Simon/Sync/Root/GIS/Biodiversity%20Data/obs_native.csv?type=csv&maxFields=10000&detectTypes=yes&xField=longitude&yField=latitude&crs=EPSG:4326&spatialIndex=no&subsetIndex=no&watchFile=no
"7718",Rubus ursinus,Rubus,ursinus,,,,native,S5,,48.963226419999998,-123.515088899999995,,NA,NA,"24941322",obs_native,file:///D:/Simon/Sync/Root/GIS/Biodiversity%20Data/obs_native.csv?type=csv&maxFields=10000&detectTypes=yes&xField=longitude&yField=latitude&crs=EPSG:4326&spatialIndex=no&subsetIndex=no&watchFile=no
"7719",Rubus ursinus,Rubus,ursinus,,,,native,S5,,48.963641449999997,-123.519061800000003,,NA,NA,"24941901",obs_native,file:///D:/Simon/Sync/Root/GIS/Biodiversity%20Data/obs_native.csv?type=csv&maxFields=10000&detectTypes=yes&xField=longitude&yField=latitude&crs=EPSG:4326&spatialIndex=no&subsetIndex=no&watchFile=no
"7720",Rubus ursinus,Rubus,ursinus,,,,native,S5,,48.872149999999998,-123.312522200000004,,NA,NA,"25048322",obs_native,file:///D:/Simon/Sync/Root/GIS/Biodiversity%20Data/obs_native.csv?type=csv&maxFields=10000&detectTypes=yes&xField=longitude&yField=latitude&crs=EPSG:4326&spatialIndex=no&subsetIndex=no&watchFile=no
"7721",Rubus ursinus,Rubus,ursinus,,,,native,S5,,48.872709120000003,-123.311857300000000,,NA,NA,"25199185",obs_native,file:///D:/Simon/Sync/Root/GIS/Biodiversity%20Data/obs_native.csv?type=csv&maxFields=10000&detectTypes=yes&xField=longitude&yField=latitude&crs=EPSG:4326&spatialIndex=no&subsetIndex=no&watchFile=no
"7722",Rubus ursinus,Rubus,ursinus,,,,native,S5,,48.898727389999998,-123.407037799999998,,NA,NA,"25476489",obs_native,file:///D:/Simon/Sync/Root/GIS/Biodiversity%20Data/obs_native.csv?type=csv&maxFields=10000&detectTypes=yes&xField=longitude&yField=latitude&crs=EPSG:4326&spatialIndex=no&subsetIndex=no&watchFile=no
"7723",Rubus ursinus,Rubus,ursinus,,,,native,S5,,48.899340100000003,-123.403902299999999,,NA,NA,"25478255",obs_native,file:///D:/Simon/Sync/Root/GIS/Biodiversity%20Data/obs_native.csv?type=csv&maxFields=10000&detectTypes=yes&xField=longitude&yField=latitude&crs=EPSG:4326&spatialIndex=no&subsetIndex=no&watchFile=no
"7724",Rubus ursinus,Rubus,ursinus,,,,native,S5,,48.978597489999999,-123.555964599999996,,NA,NA,"25479660",obs_native,file:///D:/Simon/Sync/Root/GIS/Biodiversity%20Data/obs_native.csv?type=csv&maxFields=10000&detectTypes=yes&xField=longitude&yField=latitude&crs=EPSG:4326&spatialIndex=no&subsetIndex=no&watchFile=no
"7725",Rubus ursinus,Rubus,ursinus,,,,native,S5,,48.979103260000002,-123.557416000000003,,NA,NA,"25480366",obs_native,file:///D:/Simon/Sync/Root/GIS/Biodiversity%20Data/obs_native.csv?type=csv&maxFields=10000&detectTypes=yes&xField=longitude&yField=latitude&crs=EPSG:4326&spatialIndex=no&subsetIndex=no&watchFile=no
"7726",Rubus ursinus,Rubus,ursinus,,,,native,S5,,48.901249999999997,-123.406447200000002,,NA,NA,"25559602",obs_native,file:///D:/Simon/Sync/Root/GIS/Biodiversity%20Data/obs_native.csv?type=csv&maxFields=10000&detectTypes=yes&xField=longitude&yField=latitude&crs=EPSG:4326&spatialIndex=no&subsetIndex=no&watchFile=no
"7727",Rubus ursinus,Rubus,ursinus,,,,native,S5,,48.964894440000002,-123.516752800000006,,NA,NA,"25599951",obs_native,file:///D:/Simon/Sync/Root/GIS/Biodiversity%20Data/obs_native.csv?type=csv&maxFields=10000&detectTypes=yes&xField=longitude&yField=latitude&crs=EPSG:4326&spatialIndex=no&subsetIndex=no&watchFile=no
"7728",Rubus ursinus,Rubus,ursinus,,,,native,S5,,48.893571010000002,-123.406334599999994,,NA,NA,"25656971",obs_native,file:///D:/Simon/Sync/Root/GIS/Biodiversity%20Data/obs_native.csv?type=csv&maxFields=10000&detectTypes=yes&xField=longitude&yField=latitude&crs=EPSG:4326&spatialIndex=no&subsetIndex=no&watchFile=no
"7729",Rubus ursinus,Rubus,ursinus,,,,native,S5,,48.871758329999999,-123.312394400000002,,NA,NA,"25657936",obs_native,file:///D:/Simon/Sync/Root/GIS/Biodiversity%20Data/obs_native.csv?type=csv&maxFields=10000&detectTypes=yes&xField=longitude&yField=latitude&crs=EPSG:4326&spatialIndex=no&subsetIndex=no&watchFile=no
"7730",Rubus ursinus,Rubus,ursinus,,,,native,S5,,48.897561670000002,-123.404603300000005,,NA,NA,"32119763",obs_native,file:///D:/Simon/Sync/Root/GIS/Biodiversity%20Data/obs_native.csv?type=csv&maxFields=10000&detectTypes=yes&xField=longitude&yField=latitude&crs=EPSG:4326&spatialIndex=no&subsetIndex=no&watchFile=no
"7731",Rubus ursinus,Rubus,ursinus,,,,native,S5,,48.893558329999998,-123.406324999999995,,NA,NA,"32120950",obs_native,file:///D:/Simon/Sync/Root/GIS/Biodiversity%20Data/obs_native.csv?type=csv&maxFields=10000&detectTypes=yes&xField=longitude&yField=latitude&crs=EPSG:4326&spatialIndex=no&subsetIndex=no&watchFile=no
"7732",Rubus ursinus,Rubus,ursinus,,,,native,S5,,48.866748960000002,-123.343465399999999,,NA,NA,"43253130",obs_native,file:///D:/Simon/Sync/Root/GIS/Biodiversity%20Data/obs_native.csv?type=csv&maxFields=10000&detectTypes=yes&xField=longitude&yField=latitude&crs=EPSG:4326&spatialIndex=no&subsetIndex=no&watchFile=no
"7733",Rubus ursinus,Rubus,ursinus,,,,native,S5,,48.866033330000000,-123.350558300000003,,NA,NA,"48304576",obs_native,file:///D:/Simon/Sync/Root/GIS/Biodiversity%20Data/obs_native.csv?type=csv&maxFields=10000&detectTypes=yes&xField=longitude&yField=latitude&crs=EPSG:4326&spatialIndex=no&subsetIndex=no&watchFile=no
"7734",Rubus ursinus,Rubus,ursinus,,,,native,S5,,48.865966110000002,-123.350587800000000,,NA,NA,"48304596",obs_native,file:///D:/Simon/Sync/Root/GIS/Biodiversity%20Data/obs_native.csv?type=csv&maxFields=10000&detectTypes=yes&xField=longitude&yField=latitude&crs=EPSG:4326&spatialIndex=no&subsetIndex=no&watchFile=no
"7735",Rubus ursinus,Rubus,ursinus,,,,native,S5,,48.896495000000002,-123.406271700000005,,NA,NA,"49173103",obs_native,file:///D:/Simon/Sync/Root/GIS/Biodiversity%20Data/obs_native.csv?type=csv&maxFields=10000&detectTypes=yes&xField=longitude&yField=latitude&crs=EPSG:4326&spatialIndex=no&subsetIndex=no&watchFile=no
"7736",Rubus ursinus,Rubus,ursinus,,,,native,S5,,48.930202330000000,-123.467224900000005,,NA,NA,"52925551",obs_native,file:///D:/Simon/Sync/Root/GIS/Biodiversity%20Data/obs_native.csv?type=csv&maxFields=10000&detectTypes=yes&xField=longitude&yField=latitude&crs=EPSG:4326&spatialIndex=no&subsetIndex=no&watchFile=no
"7737",Rubus ursinus,Rubus,ursinus,,,,native,S5,,48.884427490000000,-123.371256200000005,,NA,NA,"53020591",obs_native,file:///D:/Simon/Sync/Root/GIS/Biodiversity%20Data/obs_native.csv?type=csv&maxFields=10000&detectTypes=yes&xField=longitude&yField=latitude&crs=EPSG:4326&spatialIndex=no&subsetIndex=no&watchFile=no
"7738",Rubus ursinus,Rubus,ursinus,,,,native,S5,,48.927200599999999,-123.468514400000004,,NA,NA,"53332083",obs_native,file:///D:/Simon/Sync/Root/GIS/Biodiversity%20Data/obs_native.csv?type=csv&maxFields=10000&detectTypes=yes&xField=longitude&yField=latitude&crs=EPSG:4326&spatialIndex=no&subsetIndex=no&watchFile=no
"7739",Rubus ursinus,Rubus,ursinus,,,,native,S5,,48.927171080000001,-123.468425800000006,,NA,NA,"53382513",obs_native,file:///D:/Simon/Sync/Root/GIS/Biodiversity%20Data/obs_native.csv?type=csv&maxFields=10000&detectTypes=yes&xField=longitude&yField=latitude&crs=EPSG:4326&spatialIndex=no&subsetIndex=no&watchFile=no
"7740",Rubus ursinus,Rubus,ursinus,,,,native,S5,,48.932448319999999,-123.479091699999998,,NA,NA,"53383145",obs_native,file:///D:/Simon/Sync/Root/GIS/Biodiversity%20Data/obs_native.csv?type=csv&maxFields=10000&detectTypes=yes&xField=longitude&yField=latitude&crs=EPSG:4326&spatialIndex=no&subsetIndex=no&watchFile=no
"7741",Rubus ursinus,Rubus,ursinus,,,,native,S5,,48.928105029999998,-123.469531300000000,,NA,NA,"54674105",obs_native,file:///D:/Simon/Sync/Root/GIS/Biodiversity%20Data/obs_native.csv?type=csv&maxFields=10000&detectTypes=yes&xField=longitude&yField=latitude&crs=EPSG:4326&spatialIndex=no&subsetIndex=no&watchFile=no
"7742",Rubus ursinus,Rubus,ursinus,,,,native,S5,,48.928831520000003,-123.469124100000002,,NA,NA,"54691402",obs_native,file:///D:/Simon/Sync/Root/GIS/Biodiversity%20Data/obs_native.csv?type=csv&maxFields=10000&detectTypes=yes&xField=longitude&yField=latitude&crs=EPSG:4326&spatialIndex=no&subsetIndex=no&watchFile=no
"7743",Rubus ursinus,Rubus,ursinus,,,,native,S5,,48.932301170000002,-123.479325500000002,,NA,NA,"54692407",obs_native,file:///D:/Simon/Sync/Root/GIS/Biodiversity%20Data/obs_native.csv?type=csv&maxFields=10000&detectTypes=yes&xField=longitude&yField=latitude&crs=EPSG:4326&spatialIndex=no&subsetIndex=no&watchFile=no
"7744",Rubus ursinus,Rubus,ursinus,,,,native,S5,,49.012793330000001,-123.572961699999993,,NA,NA,"57127946",obs_native,file:///D:/Simon/Sync/Root/GIS/Biodiversity%20Data/obs_native.csv?type=csv&maxFields=10000&detectTypes=yes&xField=longitude&yField=latitude&crs=EPSG:4326&spatialIndex=no&subsetIndex=no&watchFile=no
"7745",Rubus ursinus,Rubus,ursinus,,,,native,S5,,49.013179999999998,-123.572633300000007,,NA,NA,"57128033",obs_native,file:///D:/Simon/Sync/Root/GIS/Biodiversity%20Data/obs_native.csv?type=csv&maxFields=10000&detectTypes=yes&xField=longitude&yField=latitude&crs=EPSG:4326&spatialIndex=no&subsetIndex=no&watchFile=no
"7746",Rubus ursinus,Rubus,ursinus,,,,native,S5,,48.865243589999999,-123.352306200000001,,NA,NA,"66860036",obs_native,file:///D:/Simon/Sync/Root/GIS/Biodiversity%20Data/obs_native.csv?type=csv&maxFields=10000&detectTypes=yes&xField=longitude&yField=latitude&crs=EPSG:4326&spatialIndex=no&subsetIndex=no&watchFile=no
"7747",Rubus ursinus,Rubus,ursinus,,,,native,S5,,48.938646669999997,-123.499975000000006,,NA,NA,"72321434",obs_native,file:///D:/Simon/Sync/Root/GIS/Biodiversity%20Data/obs_native.csv?type=csv&maxFields=10000&detectTypes=yes&xField=longitude&yField=latitude&crs=EPSG:4326&spatialIndex=no&subsetIndex=no&watchFile=no
"7748",Rubus ursinus,Rubus,ursinus,,,,native,S5,,48.942374999999998,-123.501203300000000,,NA,NA,"72321444",obs_native,file:///D:/Simon/Sync/Root/GIS/Biodiversity%20Data/obs_native.csv?type=csv&maxFields=10000&detectTypes=yes&xField=longitude&yField=latitude&crs=EPSG:4326&spatialIndex=no&subsetIndex=no&watchFile=no
"7749",Rubus ursinus,Rubus,ursinus,,,,native,S5,,48.941781669999997,-123.500716699999998,,NA,NA,"72321466",obs_native,file:///D:/Simon/Sync/Root/GIS/Biodiversity%20Data/obs_native.csv?type=csv&maxFields=10000&detectTypes=yes&xField=longitude&yField=latitude&crs=EPSG:4326&spatialIndex=no&subsetIndex=no&watchFile=no
"7750",Rubus ursinus,Rubus,ursinus,,,,native,S5,,48.941789999999997,-123.500836699999994,,NA,NA,"72321468",obs_native,file:///D:/Simon/Sync/Root/GIS/Biodiversity%20Data/obs_native.csv?type=csv&maxFields=10000&detectTypes=yes&xField=longitude&yField=latitude&crs=EPSG:4326&spatialIndex=no&subsetIndex=no&watchFile=no
"7751",Rubus ursinus,Rubus,ursinus,,,,native,S5,,48.875959999999999,-123.384043300000002,,NA,NA,"83738319",obs_native,file:///D:/Simon/Sync/Root/GIS/Biodiversity%20Data/obs_native.csv?type=csv&maxFields=10000&detectTypes=yes&xField=longitude&yField=latitude&crs=EPSG:4326&spatialIndex=no&subsetIndex=no&watchFile=no
"7752",Rubus ursinus,Rubus,ursinus,,,,native,S5,,48.928180779999998,-123.467885199999998,,NA,NA,"84062946",obs_native,file:///D:/Simon/Sync/Root/GIS/Biodiversity%20Data/obs_native.csv?type=csv&maxFields=10000&detectTypes=yes&xField=longitude&yField=latitude&crs=EPSG:4326&spatialIndex=no&subsetIndex=no&watchFile=no
"7753",Rubus ursinus,Rubus,ursinus,,,,native,S5,,48.927913330000003,-123.467299999999994,,NA,NA,"84096648",obs_native,file:///D:/Simon/Sync/Root/GIS/Biodiversity%20Data/obs_native.csv?type=csv&maxFields=10000&detectTypes=yes&xField=longitude&yField=latitude&crs=EPSG:4326&spatialIndex=no&subsetIndex=no&watchFile=no
"7754",Rubus ursinus,Rubus,ursinus,,,,native,S5,,48.928120000000000,-123.467650000000006,,NA,NA,"84144820",obs_native,file:///D:/Simon/Sync/Root/GIS/Biodiversity%20Data/obs_native.csv?type=csv&maxFields=10000&detectTypes=yes&xField=longitude&yField=latitude&crs=EPSG:4326&spatialIndex=no&subsetIndex=no&watchFile=no
"7755",Rubus ursinus,Rubus,ursinus,,,,native,S5,,48.927774980000002,-123.467674500000001,,NA,NA,"84147245",obs_native,file:///D:/Simon/Sync/Root/GIS/Biodiversity%20Data/obs_native.csv?type=csv&maxFields=10000&detectTypes=yes&xField=longitude&yField=latitude&crs=EPSG:4326&spatialIndex=no&subsetIndex=no&watchFile=no
"7756",Rubus ursinus,Rubus,ursinus,,,,native,S5,,48.928196669999998,-123.467766699999999,,NA,NA,"84310665",obs_native,file:///D:/Simon/Sync/Root/GIS/Biodiversity%20Data/obs_native.csv?type=csv&maxFields=10000&detectTypes=yes&xField=longitude&yField=latitude&crs=EPSG:4326&spatialIndex=no&subsetIndex=no&watchFile=no
"7757",Rubus ursinus,Rubus,ursinus,,,,native,S5,,48.928259689999997,-123.467503399999998,,NA,NA,"84466275",obs_native,file:///D:/Simon/Sync/Root/GIS/Biodiversity%20Data/obs_native.csv?type=csv&maxFields=10000&detectTypes=yes&xField=longitude&yField=latitude&crs=EPSG:4326&spatialIndex=no&subsetIndex=no&watchFile=no
"7758",Rubus ursinus,Rubus,ursinus,,,,native,S5,,48.928041929999999,-123.467887300000001,,NA,NA,"84478861",obs_native,file:///D:/Simon/Sync/Root/GIS/Biodiversity%20Data/obs_native.csv?type=csv&maxFields=10000&detectTypes=yes&xField=longitude&yField=latitude&crs=EPSG:4326&spatialIndex=no&subsetIndex=no&watchFile=no
"7759",Rubus ursinus,Rubus,ursinus,,,,native,S5,,48.929381499999998,-123.470430300000004,,NA,NA,"84491447",obs_native,file:///D:/Simon/Sync/Root/GIS/Biodiversity%20Data/obs_native.csv?type=csv&maxFields=10000&detectTypes=yes&xField=longitude&yField=latitude&crs=EPSG:4326&spatialIndex=no&subsetIndex=no&watchFile=no
"7760",Rubus ursinus,Rubus,ursinus,,,,native,S5,,48.927371489999999,-123.468778900000004,,NA,NA,"84494693",obs_native,file:///D:/Simon/Sync/Root/GIS/Biodiversity%20Data/obs_native.csv?type=csv&maxFields=10000&detectTypes=yes&xField=longitude&yField=latitude&crs=EPSG:4326&spatialIndex=no&subsetIndex=no&watchFile=no
"7761",Rubus ursinus,Rubus,ursinus,,,,native,S5,,48.874303329999996,-123.319423299999997,,NA,NA,"86360292",obs_native,file:///D:/Simon/Sync/Root/GIS/Biodiversity%20Data/obs_native.csv?type=csv&maxFields=10000&detectTypes=yes&xField=longitude&yField=latitude&crs=EPSG:4326&spatialIndex=no&subsetIndex=no&watchFile=no
"7762",Rubus ursinus,Rubus,ursinus,,,,native,S5,,48.884738919999997,-123.371912399999999,,NA,NA,"93550067",obs_native,file:///D:/Simon/Sync/Root/GIS/Biodiversity%20Data/obs_native.csv?type=csv&maxFields=10000&detectTypes=yes&xField=longitude&yField=latitude&crs=EPSG:4326&spatialIndex=no&subsetIndex=no&watchFile=no
"7763",Rubus ursinus,Rubus,ursinus,,,,native,S5,,48.984628330000000,-123.544813300000001,,NA,NA,"93750932",obs_native,file:///D:/Simon/Sync/Root/GIS/Biodiversity%20Data/obs_native.csv?type=csv&maxFields=10000&detectTypes=yes&xField=longitude&yField=latitude&crs=EPSG:4326&spatialIndex=no&subsetIndex=no&watchFile=no
"7764",Rubus ursinus,Rubus,ursinus,,,,native,S5,,48.999552780000002,-123.561138900000003,,NA,NA,"94679674",obs_native,file:///D:/Simon/Sync/Root/GIS/Biodiversity%20Data/obs_native.csv?type=csv&maxFields=10000&detectTypes=yes&xField=longitude&yField=latitude&crs=EPSG:4326&spatialIndex=no&subsetIndex=no&watchFile=no
"7765",Rubus ursinus,Rubus,ursinus,,,,native,S5,,48.994946669999997,-123.557343299999999,,NA,NA,"94679777",obs_native,file:///D:/Simon/Sync/Root/GIS/Biodiversity%20Data/obs_native.csv?type=csv&maxFields=10000&detectTypes=yes&xField=longitude&yField=latitude&crs=EPSG:4326&spatialIndex=no&subsetIndex=no&watchFile=no
"7766",Rubus ursinus,Rubus,ursinus,,,,native,S5,,48.988023329999997,-123.550520000000006,,NA,NA,"100641805",obs_native,file:///D:/Simon/Sync/Root/GIS/Biodiversity%20Data/obs_native.csv?type=csv&maxFields=10000&detectTypes=yes&xField=longitude&yField=latitude&crs=EPSG:4326&spatialIndex=no&subsetIndex=no&watchFile=no
"7767",Rubus ursinus,Rubus,ursinus,,,,native,S5,,48.993401870000000,-123.554230799999999,,NA,NA,"100641905",obs_native,file:///D:/Simon/Sync/Root/GIS/Biodiversity%20Data/obs_native.csv?type=csv&maxFields=10000&detectTypes=yes&xField=longitude&yField=latitude&crs=EPSG:4326&spatialIndex=no&subsetIndex=no&watchFile=no
"7768",Rubus ursinus,Rubus,ursinus,,,,native,S5,,48.879019999999997,-123.318261699999994,,NA,NA,"102694399",obs_native,file:///D:/Simon/Sync/Root/GIS/Biodiversity%20Data/obs_native.csv?type=csv&maxFields=10000&detectTypes=yes&xField=longitude&yField=latitude&crs=EPSG:4326&spatialIndex=no&subsetIndex=no&watchFile=no
"7769",Rubus ursinus,Rubus,ursinus,,,,native,S5,,48.948594999999997,-123.502849999999995,,NA,NA,"107022547",obs_native,file:///D:/Simon/Sync/Root/GIS/Biodiversity%20Data/obs_native.csv?type=csv&maxFields=10000&detectTypes=yes&xField=longitude&yField=latitude&crs=EPSG:4326&spatialIndex=no&subsetIndex=no&watchFile=no
"7770",Rubus ursinus,Rubus,ursinus,,,,native,S5,,48.929837249999999,-123.475952699999993,,NA,NA,"115448381",obs_native,file:///D:/Simon/Sync/Root/GIS/Biodiversity%20Data/obs_native.csv?type=csv&maxFields=10000&detectTypes=yes&xField=longitude&yField=latitude&crs=EPSG:4326&spatialIndex=no&subsetIndex=no&watchFile=no
"7771",Rubus ursinus,Rubus,ursinus,,,,native,S5,,48.880148329999997,-123.380994999999999,,NA,NA,"118718706",obs_native,file:///D:/Simon/Sync/Root/GIS/Biodiversity%20Data/obs_native.csv?type=csv&maxFields=10000&detectTypes=yes&xField=longitude&yField=latitude&crs=EPSG:4326&spatialIndex=no&subsetIndex=no&watchFile=no
"7772",Rubus ursinus,Rubus,ursinus,,,,native,S5,,48.888386670000003,-123.336286700000002,,NA,NA,"121538484",obs_native,file:///D:/Simon/Sync/Root/GIS/Biodiversity%20Data/obs_native.csv?type=csv&maxFields=10000&detectTypes=yes&xField=longitude&yField=latitude&crs=EPSG:4326&spatialIndex=no&subsetIndex=no&watchFile=no
"7773",Rubus ursinus,Rubus,ursinus,,,,native,S5,,48.862843779999999,-123.351224599999995,,NA,NA,"122258263",obs_native,file:///D:/Simon/Sync/Root/GIS/Biodiversity%20Data/obs_native.csv?type=csv&maxFields=10000&detectTypes=yes&xField=longitude&yField=latitude&crs=EPSG:4326&spatialIndex=no&subsetIndex=no&watchFile=no
"7774",Rubus ursinus,Rubus,ursinus,,,,native,S5,,49.012243329999997,-123.574691700000002,,NA,NA,"123934479",obs_native,file:///D:/Simon/Sync/Root/GIS/Biodiversity%20Data/obs_native.csv?type=csv&maxFields=10000&detectTypes=yes&xField=longitude&yField=latitude&crs=EPSG:4326&spatialIndex=no&subsetIndex=no&watchFile=no
"7775",Rubus ursinus,Rubus,ursinus,,,,native,S5,,49.012776670000001,-123.572959999999995,,NA,NA,"123934571",obs_native,file:///D:/Simon/Sync/Root/GIS/Biodiversity%20Data/obs_native.csv?type=csv&maxFields=10000&detectTypes=yes&xField=longitude&yField=latitude&crs=EPSG:4326&spatialIndex=no&subsetIndex=no&watchFile=no
"7776",Rubus ursinus,Rubus,ursinus,,,,native,S5,,48.893619999999999,-123.406028300000003,,NA,NA,"124688034",obs_native,file:///D:/Simon/Sync/Root/GIS/Biodiversity%20Data/obs_native.csv?type=csv&maxFields=10000&detectTypes=yes&xField=longitude&yField=latitude&crs=EPSG:4326&spatialIndex=no&subsetIndex=no&watchFile=no
"7777",Rubus ursinus,Rubus,ursinus,,,,native,S5,,48.895475460000000,-123.409901399999995,,NA,NA,"126310546",obs_native,file:///D:/Simon/Sync/Root/GIS/Biodiversity%20Data/obs_native.csv?type=csv&maxFields=10000&detectTypes=yes&xField=longitude&yField=latitude&crs=EPSG:4326&spatialIndex=no&subsetIndex=no&watchFile=no
"7778",Rubus ursinus,Rubus,ursinus,,,,native,S5,,49.013633159999998,-123.573063200000007,,NA,NA,"126742127",obs_native,file:///D:/Simon/Sync/Root/GIS/Biodiversity%20Data/obs_native.csv?type=csv&maxFields=10000&detectTypes=yes&xField=longitude&yField=latitude&crs=EPSG:4326&spatialIndex=no&subsetIndex=no&watchFile=no
"7779",Rubus ursinus,Rubus,ursinus,,,,native,S5,,48.865529060000000,-123.321760400000002,,NA,NA,"127157355",obs_native,file:///D:/Simon/Sync/Root/GIS/Biodiversity%20Data/obs_native.csv?type=csv&maxFields=10000&detectTypes=yes&xField=longitude&yField=latitude&crs=EPSG:4326&spatialIndex=no&subsetIndex=no&watchFile=no
"7780",Rubus ursinus,Rubus,ursinus,,,,native,S5,,48.862265909999998,-123.321278199999995,,NA,NA,"127157383",obs_native,file:///D:/Simon/Sync/Root/GIS/Biodiversity%20Data/obs_native.csv?type=csv&maxFields=10000&detectTypes=yes&xField=longitude&yField=latitude&crs=EPSG:4326&spatialIndex=no&subsetIndex=no&watchFile=no
"7781",Rubus ursinus,Rubus,ursinus,,,,native,S5,,48.881341669999998,-123.323734999999999,,NA,NA,"127184030",obs_native,file:///D:/Simon/Sync/Root/GIS/Biodiversity%20Data/obs_native.csv?type=csv&maxFields=10000&detectTypes=yes&xField=longitude&yField=latitude&crs=EPSG:4326&spatialIndex=no&subsetIndex=no&watchFile=no
"7782",Rubus ursinus,Rubus,ursinus,,,,native,S5,,48.982904830000003,-123.541775500000000,,NA,NA,"128341126",obs_native,file:///D:/Simon/Sync/Root/GIS/Biodiversity%20Data/obs_native.csv?type=csv&maxFields=10000&detectTypes=yes&xField=longitude&yField=latitude&crs=EPSG:4326&spatialIndex=no&subsetIndex=no&watchFile=no
"7783",Rubus ursinus,Rubus,ursinus,,,,native,S5,,48.871758329999999,-123.312486699999994,,NA,NA,"129444389",obs_native,file:///D:/Simon/Sync/Root/GIS/Biodiversity%20Data/obs_native.csv?type=csv&maxFields=10000&detectTypes=yes&xField=longitude&yField=latitude&crs=EPSG:4326&spatialIndex=no&subsetIndex=no&watchFile=no
"7784",Rubus ursinus,Rubus,ursinus,,,,native,S5,,48.870347000000002,-123.319886999999994,,NA,NA,"133368984",obs_native,file:///D:/Simon/Sync/Root/GIS/Biodiversity%20Data/obs_native.csv?type=csv&maxFields=10000&detectTypes=yes&xField=longitude&yField=latitude&crs=EPSG:4326&spatialIndex=no&subsetIndex=no&watchFile=no
"7855",Rumex occidentalis,Rumex,occidentalis,,,,native,S5,,48.944128999999997,-123.463068000000007,,NA,NA,"2825553",obs_native,file:///D:/Simon/Sync/Root/GIS/Biodiversity%20Data/obs_native.csv?type=csv&maxFields=10000&detectTypes=yes&xField=longitude&yField=latitude&crs=EPSG:4326&spatialIndex=no&subsetIndex=no&watchFile=no
"7856",Rumex occidentalis,Rumex,occidentalis,,,,native,S5,,48.951090000000001,-123.516668999999993,,NA,NA,"3557541",obs_native,file:///D:/Simon/Sync/Root/GIS/Biodiversity%20Data/obs_native.csv?type=csv&maxFields=10000&detectTypes=yes&xField=longitude&yField=latitude&crs=EPSG:4326&spatialIndex=no&subsetIndex=no&watchFile=no
"7857",Rumex occidentalis,Rumex,occidentalis,,,,native,S5,,48.885945000000000,-123.321296700000005,,NA,NA,"130144442",obs_native,file:///D:/Simon/Sync/Root/GIS/Biodiversity%20Data/obs_native.csv?type=csv&maxFields=10000&detectTypes=yes&xField=longitude&yField=latitude&crs=EPSG:4326&spatialIndex=no&subsetIndex=no&watchFile=no
"7858",Rumex transitorius,Rumex,transitorius,,,,native,S5 (2019),,48.929830000000003,-123.475684999999999,,NA,NA,"2566459",obs_native,file:///D:/Simon/Sync/Root/GIS/Biodiversity%20Data/obs_native.csv?type=csv&maxFields=10000&detectTypes=yes&xField=longitude&yField=latitude&crs=EPSG:4326&spatialIndex=no&subsetIndex=no&watchFile=no
"7859",Rumex transitorius,Rumex,transitorius,,,,native,S5 (2019),,48.929412999999997,-123.475513000000007,,NA,NA,"3735151",obs_native,file:///D:/Simon/Sync/Root/GIS/Biodiversity%20Data/obs_native.csv?type=csv&maxFields=10000&detectTypes=yes&xField=longitude&yField=latitude&crs=EPSG:4326&spatialIndex=no&subsetIndex=no&watchFile=no
"7860",Rumex transitorius,Rumex,transitorius,,,,native,S5 (2019),,49.012675000000002,-123.572616699999998,,NA,NA,"57127935",obs_native,file:///D:/Simon/Sync/Root/GIS/Biodiversity%20Data/obs_native.csv?type=csv&maxFields=10000&detectTypes=yes&xField=longitude&yField=latitude&crs=EPSG:4326&spatialIndex=no&subsetIndex=no&watchFile=no
"7864",Salix hookeriana,Salix,hookeriana,,,,native,S5,,48.946161210000000,-123.510076400000003,,NA,NA,"15814447",obs_native,file:///D:/Simon/Sync/Root/GIS/Biodiversity%20Data/obs_native.csv?type=csv&maxFields=10000&detectTypes=yes&xField=longitude&yField=latitude&crs=EPSG:4326&spatialIndex=no&subsetIndex=no&watchFile=no
"7865",Salix hookeriana,Salix,hookeriana,,,,native,S5,,48.894333500000002,-123.407093000000003,,NA,NA,"87009261",obs_native,file:///D:/Simon/Sync/Root/GIS/Biodiversity%20Data/obs_native.csv?type=csv&maxFields=10000&detectTypes=yes&xField=longitude&yField=latitude&crs=EPSG:4326&spatialIndex=no&subsetIndex=no&watchFile=no
"7866",Salix hookeriana,Salix,hookeriana,,,,native,S5,,48.918920000000000,-123.406180000000006,,NA,NA,"89747338",obs_native,file:///D:/Simon/Sync/Root/GIS/Biodiversity%20Data/obs_native.csv?type=csv&maxFields=10000&detectTypes=yes&xField=longitude&yField=latitude&crs=EPSG:4326&spatialIndex=no&subsetIndex=no&watchFile=no
"7867",Salix hookeriana,Salix,hookeriana,,,,native,S5,,48.884470000000000,-123.370774999999995,,NA,NA,"93550072",obs_native,file:///D:/Simon/Sync/Root/GIS/Biodiversity%20Data/obs_native.csv?type=csv&maxFields=10000&detectTypes=yes&xField=longitude&yField=latitude&crs=EPSG:4326&spatialIndex=no&subsetIndex=no&watchFile=no
"7868",Salix hookeriana,Salix,hookeriana,,,,native,S5,,49.012266670000002,-123.574686700000001,,NA,NA,"123934470",obs_native,file:///D:/Simon/Sync/Root/GIS/Biodiversity%20Data/obs_native.csv?type=csv&maxFields=10000&detectTypes=yes&xField=longitude&yField=latitude&crs=EPSG:4326&spatialIndex=no&subsetIndex=no&watchFile=no
"7869",Salix scouleriana,Salix,scouleriana,,,,native,S5,,48.930782000000001,-123.476275000000001,,NA,NA,"2563511",obs_native,file:///D:/Simon/Sync/Root/GIS/Biodiversity%20Data/obs_native.csv?type=csv&maxFields=10000&detectTypes=yes&xField=longitude&yField=latitude&crs=EPSG:4326&spatialIndex=no&subsetIndex=no&watchFile=no
"7870",Salix scouleriana,Salix,scouleriana,,,,native,S5,,48.930506999999999,-123.475899999999996,,NA,NA,"2565085",obs_native,file:///D:/Simon/Sync/Root/GIS/Biodiversity%20Data/obs_native.csv?type=csv&maxFields=10000&detectTypes=yes&xField=longitude&yField=latitude&crs=EPSG:4326&spatialIndex=no&subsetIndex=no&watchFile=no
"7871",Salix scouleriana,Salix,scouleriana,,,,native,S5,,48.930337999999999,-123.476371999999998,,NA,NA,"2566421",obs_native,file:///D:/Simon/Sync/Root/GIS/Biodiversity%20Data/obs_native.csv?type=csv&maxFields=10000&detectTypes=yes&xField=longitude&yField=latitude&crs=EPSG:4326&spatialIndex=no&subsetIndex=no&watchFile=no
"7872",Salix scouleriana,Salix,scouleriana,,,,native,S5,,48.929515000000002,-123.475684999999999,,NA,NA,"2567620",obs_native,file:///D:/Simon/Sync/Root/GIS/Biodiversity%20Data/obs_native.csv?type=csv&maxFields=10000&detectTypes=yes&xField=longitude&yField=latitude&crs=EPSG:4326&spatialIndex=no&subsetIndex=no&watchFile=no
"7873",Salix scouleriana,Salix,scouleriana,,,,native,S5,,48.929802000000002,-123.475299000000007,,NA,NA,"2569303",obs_native,file:///D:/Simon/Sync/Root/GIS/Biodiversity%20Data/obs_native.csv?type=csv&maxFields=10000&detectTypes=yes&xField=longitude&yField=latitude&crs=EPSG:4326&spatialIndex=no&subsetIndex=no&watchFile=no
"7874",Salix scouleriana,Salix,scouleriana,,,,native,S5,,48.931126999999996,-123.478517999999994,,NA,NA,"2580268",obs_native,file:///D:/Simon/Sync/Root/GIS/Biodiversity%20Data/obs_native.csv?type=csv&maxFields=10000&detectTypes=yes&xField=longitude&yField=latitude&crs=EPSG:4326&spatialIndex=no&subsetIndex=no&watchFile=no
"7875",Salix scouleriana,Salix,scouleriana,,,,native,S5,,48.929519999999997,-123.475341999999998,,NA,NA,"2585047",obs_native,file:///D:/Simon/Sync/Root/GIS/Biodiversity%20Data/obs_native.csv?type=csv&maxFields=10000&detectTypes=yes&xField=longitude&yField=latitude&crs=EPSG:4326&spatialIndex=no&subsetIndex=no&watchFile=no
"7876",Salix scouleriana,Salix,scouleriana,,,,native,S5,,48.929554000000003,-123.475599000000003,,NA,NA,"2591042",obs_native,file:///D:/Simon/Sync/Root/GIS/Biodiversity%20Data/obs_native.csv?type=csv&maxFields=10000&detectTypes=yes&xField=longitude&yField=latitude&crs=EPSG:4326&spatialIndex=no&subsetIndex=no&watchFile=no
"7877",Salix scouleriana,Salix,scouleriana,,,,native,S5,,48.929957999999999,-123.475116999999997,,NA,NA,"2617678",obs_native,file:///D:/Simon/Sync/Root/GIS/Biodiversity%20Data/obs_native.csv?type=csv&maxFields=10000&detectTypes=yes&xField=longitude&yField=latitude&crs=EPSG:4326&spatialIndex=no&subsetIndex=no&watchFile=no
"7878",Salix scouleriana,Salix,scouleriana,,,,native,S5,,48.930968999999997,-123.476800999999995,,NA,NA,"2692258",obs_native,file:///D:/Simon/Sync/Root/GIS/Biodiversity%20Data/obs_native.csv?type=csv&maxFields=10000&detectTypes=yes&xField=longitude&yField=latitude&crs=EPSG:4326&spatialIndex=no&subsetIndex=no&watchFile=no
"7879",Salix scouleriana,Salix,scouleriana,,,,native,S5,,48.929974000000001,-123.474976999999996,,NA,NA,"2692262",obs_native,file:///D:/Simon/Sync/Root/GIS/Biodiversity%20Data/obs_native.csv?type=csv&maxFields=10000&detectTypes=yes&xField=longitude&yField=latitude&crs=EPSG:4326&spatialIndex=no&subsetIndex=no&watchFile=no
"7880",Salix scouleriana,Salix,scouleriana,,,,native,S5,,48.963225649999998,-123.550121300000001,,NA,NA,"3504401",obs_native,file:///D:/Simon/Sync/Root/GIS/Biodiversity%20Data/obs_native.csv?type=csv&maxFields=10000&detectTypes=yes&xField=longitude&yField=latitude&crs=EPSG:4326&spatialIndex=no&subsetIndex=no&watchFile=no
"7881",Salix scouleriana,Salix,scouleriana,,,,native,S5,,48.954031000000001,-123.523458000000005,,NA,NA,"3681053",obs_native,file:///D:/Simon/Sync/Root/GIS/Biodiversity%20Data/obs_native.csv?type=csv&maxFields=10000&detectTypes=yes&xField=longitude&yField=latitude&crs=EPSG:4326&spatialIndex=no&subsetIndex=no&watchFile=no
"7882",Salix scouleriana,Salix,scouleriana,,,,native,S5,,48.894306999999998,-123.408328999999995,,NA,NA,"3702286",obs_native,file:///D:/Simon/Sync/Root/GIS/Biodiversity%20Data/obs_native.csv?type=csv&maxFields=10000&detectTypes=yes&xField=longitude&yField=latitude&crs=EPSG:4326&spatialIndex=no&subsetIndex=no&watchFile=no
"7883",Salix scouleriana,Salix,scouleriana,,,,native,S5,,48.898665610000002,-123.363965699999994,,NA,NA,"5993169",obs_native,file:///D:/Simon/Sync/Root/GIS/Biodiversity%20Data/obs_native.csv?type=csv&maxFields=10000&detectTypes=yes&xField=longitude&yField=latitude&crs=EPSG:4326&spatialIndex=no&subsetIndex=no&watchFile=no
"7884",Salix scouleriana,Salix,scouleriana,,,,native,S5,,48.930267420000000,-123.475706599999995,,NA,NA,"6411216",obs_native,file:///D:/Simon/Sync/Root/GIS/Biodiversity%20Data/obs_native.csv?type=csv&maxFields=10000&detectTypes=yes&xField=longitude&yField=latitude&crs=EPSG:4326&spatialIndex=no&subsetIndex=no&watchFile=no
"7885",Salix scouleriana,Salix,scouleriana,,,,native,S5,,48.949985509999998,-123.487658499999995,,NA,NA,"6411219",obs_native,file:///D:/Simon/Sync/Root/GIS/Biodiversity%20Data/obs_native.csv?type=csv&maxFields=10000&detectTypes=yes&xField=longitude&yField=latitude&crs=EPSG:4326&spatialIndex=no&subsetIndex=no&watchFile=no
"7886",Salix scouleriana,Salix,scouleriana,,,,native,S5,,48.909370000000003,-123.375063299999994,,NA,NA,"13973815",obs_native,file:///D:/Simon/Sync/Root/GIS/Biodiversity%20Data/obs_native.csv?type=csv&maxFields=10000&detectTypes=yes&xField=longitude&yField=latitude&crs=EPSG:4326&spatialIndex=no&subsetIndex=no&watchFile=no
"7887",Salix scouleriana,Salix,scouleriana,,,,native,S5,,48.875926509999999,-123.380168699999999,,NA,NA,"15377584",obs_native,file:///D:/Simon/Sync/Root/GIS/Biodiversity%20Data/obs_native.csv?type=csv&maxFields=10000&detectTypes=yes&xField=longitude&yField=latitude&crs=EPSG:4326&spatialIndex=no&subsetIndex=no&watchFile=no
"7888",Salix scouleriana,Salix,scouleriana,,,,native,S5,,48.896222219999999,-123.405922200000006,,NA,NA,"25658140",obs_native,file:///D:/Simon/Sync/Root/GIS/Biodiversity%20Data/obs_native.csv?type=csv&maxFields=10000&detectTypes=yes&xField=longitude&yField=latitude&crs=EPSG:4326&spatialIndex=no&subsetIndex=no&watchFile=no
"7889",Salix scouleriana,Salix,scouleriana,,,,native,S5,,48.894250000000000,-123.407150000000001,,NA,NA,"25658142",obs_native,file:///D:/Simon/Sync/Root/GIS/Biodiversity%20Data/obs_native.csv?type=csv&maxFields=10000&detectTypes=yes&xField=longitude&yField=latitude&crs=EPSG:4326&spatialIndex=no&subsetIndex=no&watchFile=no
"7890",Salix scouleriana,Salix,scouleriana,,,,native,S5,,48.908740450000003,-123.375797100000000,,NA,NA,"26279923",obs_native,file:///D:/Simon/Sync/Root/GIS/Biodiversity%20Data/obs_native.csv?type=csv&maxFields=10000&detectTypes=yes&xField=longitude&yField=latitude&crs=EPSG:4326&spatialIndex=no&subsetIndex=no&watchFile=no
"7891",Salix scouleriana,Salix,scouleriana,,,,native,S5,,48.965396669999997,-123.552819999999997,,NA,NA,"33551122",obs_native,file:///D:/Simon/Sync/Root/GIS/Biodiversity%20Data/obs_native.csv?type=csv&maxFields=10000&detectTypes=yes&xField=longitude&yField=latitude&crs=EPSG:4326&spatialIndex=no&subsetIndex=no&watchFile=no
"7892",Salix scouleriana,Salix,scouleriana,,,,native,S5,,48.884358329999998,-123.370760000000004,,NA,NA,"53020582",obs_native,file:///D:/Simon/Sync/Root/GIS/Biodiversity%20Data/obs_native.csv?type=csv&maxFields=10000&detectTypes=yes&xField=longitude&yField=latitude&crs=EPSG:4326&spatialIndex=no&subsetIndex=no&watchFile=no
"7893",Salix scouleriana,Salix,scouleriana,,,,native,S5,,49.012171940000002,-123.574816999999996,,NA,NA,"83603316",obs_native,file:///D:/Simon/Sync/Root/GIS/Biodiversity%20Data/obs_native.csv?type=csv&maxFields=10000&detectTypes=yes&xField=longitude&yField=latitude&crs=EPSG:4326&spatialIndex=no&subsetIndex=no&watchFile=no
"7894",Salix scouleriana,Salix,scouleriana,,,,native,S5,,48.989676670000001,-123.550641700000000,,NA,NA,"100641832",obs_native,file:///D:/Simon/Sync/Root/GIS/Biodiversity%20Data/obs_native.csv?type=csv&maxFields=10000&detectTypes=yes&xField=longitude&yField=latitude&crs=EPSG:4326&spatialIndex=no&subsetIndex=no&watchFile=no
"7895",Salix scouleriana,Salix,scouleriana,,,,native,S5,,48.990606669999998,-123.551256699999996,,NA,NA,"100641882",obs_native,file:///D:/Simon/Sync/Root/GIS/Biodiversity%20Data/obs_native.csv?type=csv&maxFields=10000&detectTypes=yes&xField=longitude&yField=latitude&crs=EPSG:4326&spatialIndex=no&subsetIndex=no&watchFile=no
"7896",Salix scouleriana,Salix,scouleriana,,,,native,S5,,48.993452840000003,-123.554223800000003,,NA,NA,"100641921",obs_native,file:///D:/Simon/Sync/Root/GIS/Biodiversity%20Data/obs_native.csv?type=csv&maxFields=10000&detectTypes=yes&xField=longitude&yField=latitude&crs=EPSG:4326&spatialIndex=no&subsetIndex=no&watchFile=no
"7897",Salix scouleriana,Salix,scouleriana,,,,native,S5,,48.900271670000002,-123.443961700000003,,NA,NA,"102061819",obs_native,file:///D:/Simon/Sync/Root/GIS/Biodiversity%20Data/obs_native.csv?type=csv&maxFields=10000&detectTypes=yes&xField=longitude&yField=latitude&crs=EPSG:4326&spatialIndex=no&subsetIndex=no&watchFile=no
"7898",Salix scouleriana,Salix,scouleriana,,,,native,S5,,48.928272219999997,-123.467886100000001,,NA,NA,"122226483",obs_native,file:///D:/Simon/Sync/Root/GIS/Biodiversity%20Data/obs_native.csv?type=csv&maxFields=10000&detectTypes=yes&xField=longitude&yField=latitude&crs=EPSG:4326&spatialIndex=no&subsetIndex=no&watchFile=no
"7899",Salix sitchensis,Salix,sitchensis,,,,native,S5,,48.948452000000003,-123.502377999999993,,NA,NA,"3414591",obs_native,file:///D:/Simon/Sync/Root/GIS/Biodiversity%20Data/obs_native.csv?type=csv&maxFields=10000&detectTypes=yes&xField=longitude&yField=latitude&crs=EPSG:4326&spatialIndex=no&subsetIndex=no&watchFile=no
"7900",Salix sitchensis,Salix,sitchensis,,,,native,S5,,48.983393000000000,-123.556253999999996,,NA,NA,"3890791",obs_native,file:///D:/Simon/Sync/Root/GIS/Biodiversity%20Data/obs_native.csv?type=csv&maxFields=10000&detectTypes=yes&xField=longitude&yField=latitude&crs=EPSG:4326&spatialIndex=no&subsetIndex=no&watchFile=no
"7901",Salix sitchensis,Salix,sitchensis,,,,native,S5,,48.963664000000001,-123.549627999999998,,NA,NA,"4030164",obs_native,file:///D:/Simon/Sync/Root/GIS/Biodiversity%20Data/obs_native.csv?type=csv&maxFields=10000&detectTypes=yes&xField=longitude&yField=latitude&crs=EPSG:4326&spatialIndex=no&subsetIndex=no&watchFile=no
"7902",Salix sitchensis,Salix,sitchensis,,,,native,S5,,48.869607039999998,-123.321209899999999,,NA,NA,"44822063",obs_native,file:///D:/Simon/Sync/Root/GIS/Biodiversity%20Data/obs_native.csv?type=csv&maxFields=10000&detectTypes=yes&xField=longitude&yField=latitude&crs=EPSG:4326&spatialIndex=no&subsetIndex=no&watchFile=no
"7903",Salix sitchensis,Salix,sitchensis,,,,native,S5,,48.984868329999998,-123.557241700000006,,NA,NA,"89513119",obs_native,file:///D:/Simon/Sync/Root/GIS/Biodiversity%20Data/obs_native.csv?type=csv&maxFields=10000&detectTypes=yes&xField=longitude&yField=latitude&crs=EPSG:4326&spatialIndex=no&subsetIndex=no&watchFile=no
"7904",Sambucus cerulea,Sambucus,cerulea,,,,native,S5 (2019),,48.870961670000000,-123.373878300000001,,NA,NA,"130079604",obs_native,file:///D:/Simon/Sync/Root/GIS/Biodiversity%20Data/obs_native.csv?type=csv&maxFields=10000&detectTypes=yes&xField=longitude&yField=latitude&crs=EPSG:4326&spatialIndex=no&subsetIndex=no&watchFile=no
"7905",Sambucus cerulea,Sambucus,cerulea,,,,native,S5 (2019),,48.870961999999999,-123.373878000000005,,NA,NA,"132069982",obs_native,file:///D:/Simon/Sync/Root/GIS/Biodiversity%20Data/obs_native.csv?type=csv&maxFields=10000&detectTypes=yes&xField=longitude&yField=latitude&crs=EPSG:4326&spatialIndex=no&subsetIndex=no&watchFile=no
"7906",Schoenoplectus acutus,Schoenoplectus,acutus,,,,native,S5,,48.983311110000002,-123.555952800000000,,NA,NA,"3889083",obs_native,file:///D:/Simon/Sync/Root/GIS/Biodiversity%20Data/obs_native.csv?type=csv&maxFields=10000&detectTypes=yes&xField=longitude&yField=latitude&crs=EPSG:4326&spatialIndex=no&subsetIndex=no&watchFile=no
"7907",Schoenoplectus acutus,Schoenoplectus,acutus,,,,native,S5,,48.983393000000000,-123.556253999999996,,NA,NA,"3890734",obs_native,file:///D:/Simon/Sync/Root/GIS/Biodiversity%20Data/obs_native.csv?type=csv&maxFields=10000&detectTypes=yes&xField=longitude&yField=latitude&crs=EPSG:4326&spatialIndex=no&subsetIndex=no&watchFile=no
"7910",Scirpus cyperinus,Scirpus,cyperinus,,,,native,SU,,48.941473330000001,-123.475848299999996,,NA,NA,"14596576",obs_native,file:///D:/Simon/Sync/Root/GIS/Biodiversity%20Data/obs_native.csv?type=csv&maxFields=10000&detectTypes=yes&xField=longitude&yField=latitude&crs=EPSG:4326&spatialIndex=no&subsetIndex=no&watchFile=no
"7911",Scirpus microcarpus,Scirpus,microcarpus,,,,native,S5,,48.929082999999999,-123.469763000000000,,NA,NA,"2564121",obs_native,file:///D:/Simon/Sync/Root/GIS/Biodiversity%20Data/obs_native.csv?type=csv&maxFields=10000&detectTypes=yes&xField=longitude&yField=latitude&crs=EPSG:4326&spatialIndex=no&subsetIndex=no&watchFile=no
"7912",Scirpus microcarpus,Scirpus,microcarpus,,,,native,S5,,48.930844999999998,-123.478088000000000,,NA,NA,"2625800",obs_native,file:///D:/Simon/Sync/Root/GIS/Biodiversity%20Data/obs_native.csv?type=csv&maxFields=10000&detectTypes=yes&xField=longitude&yField=latitude&crs=EPSG:4326&spatialIndex=no&subsetIndex=no&watchFile=no
"7913",Scirpus microcarpus,Scirpus,microcarpus,,,,native,S5,,48.983659000000003,-123.556323000000006,,NA,NA,"3296534",obs_native,file:///D:/Simon/Sync/Root/GIS/Biodiversity%20Data/obs_native.csv?type=csv&maxFields=10000&detectTypes=yes&xField=longitude&yField=latitude&crs=EPSG:4326&spatialIndex=no&subsetIndex=no&watchFile=no
"7914",Scirpus microcarpus,Scirpus,microcarpus,,,,native,S5,,48.983659000000003,-123.556323000000006,,NA,NA,"3296539",obs_native,file:///D:/Simon/Sync/Root/GIS/Biodiversity%20Data/obs_native.csv?type=csv&maxFields=10000&detectTypes=yes&xField=longitude&yField=latitude&crs=EPSG:4326&spatialIndex=no&subsetIndex=no&watchFile=no
"7915",Scirpus microcarpus,Scirpus,microcarpus,,,,native,S5,,48.948452000000003,-123.502377999999993,,NA,NA,"3414582",obs_native,file:///D:/Simon/Sync/Root/GIS/Biodiversity%20Data/obs_native.csv?type=csv&maxFields=10000&detectTypes=yes&xField=longitude&yField=latitude&crs=EPSG:4326&spatialIndex=no&subsetIndex=no&watchFile=no
"7916",Scirpus microcarpus,Scirpus,microcarpus,,,,native,S5,,48.877409280000002,-123.350973100000004,,NA,NA,"3649999",obs_native,file:///D:/Simon/Sync/Root/GIS/Biodiversity%20Data/obs_native.csv?type=csv&maxFields=10000&detectTypes=yes&xField=longitude&yField=latitude&crs=EPSG:4326&spatialIndex=no&subsetIndex=no&watchFile=no
"7917",Scirpus microcarpus,Scirpus,microcarpus,,,,native,S5,,48.997801019999997,-123.567504799999995,,NA,NA,"6570856",obs_native,file:///D:/Simon/Sync/Root/GIS/Biodiversity%20Data/obs_native.csv?type=csv&maxFields=10000&detectTypes=yes&xField=longitude&yField=latitude&crs=EPSG:4326&spatialIndex=no&subsetIndex=no&watchFile=no
"7918",Scirpus microcarpus,Scirpus,microcarpus,,,,native,S5,,48.942504999999997,-123.481631699999994,,NA,NA,"14222183",obs_native,file:///D:/Simon/Sync/Root/GIS/Biodiversity%20Data/obs_native.csv?type=csv&maxFields=10000&detectTypes=yes&xField=longitude&yField=latitude&crs=EPSG:4326&spatialIndex=no&subsetIndex=no&watchFile=no
"7919",Scirpus microcarpus,Scirpus,microcarpus,,,,native,S5,,48.894138329999997,-123.356200000000001,,NA,NA,"16820654",obs_native,file:///D:/Simon/Sync/Root/GIS/Biodiversity%20Data/obs_native.csv?type=csv&maxFields=10000&detectTypes=yes&xField=longitude&yField=latitude&crs=EPSG:4326&spatialIndex=no&subsetIndex=no&watchFile=no
"7920",Scirpus microcarpus,Scirpus,microcarpus,,,,native,S5,,48.972358329999999,-123.544251700000004,,NA,NA,"53064595",obs_native,file:///D:/Simon/Sync/Root/GIS/Biodiversity%20Data/obs_native.csv?type=csv&maxFields=10000&detectTypes=yes&xField=longitude&yField=latitude&crs=EPSG:4326&spatialIndex=no&subsetIndex=no&watchFile=no
"7921",Scirpus microcarpus,Scirpus,microcarpus,,,,native,S5,,48.979206830000003,-123.557561300000003,,NA,NA,"89513362",obs_native,file:///D:/Simon/Sync/Root/GIS/Biodiversity%20Data/obs_native.csv?type=csv&maxFields=10000&detectTypes=yes&xField=longitude&yField=latitude&crs=EPSG:4326&spatialIndex=no&subsetIndex=no&watchFile=no
"7922",Scirpus microcarpus,Scirpus,microcarpus,,,,native,S5,,48.929314540000000,-123.470260100000004,,NA,NA,"100274941",obs_native,file:///D:/Simon/Sync/Root/GIS/Biodiversity%20Data/obs_native.csv?type=csv&maxFields=10000&detectTypes=yes&xField=longitude&yField=latitude&crs=EPSG:4326&spatialIndex=no&subsetIndex=no&watchFile=no
"7923",Scirpus microcarpus,Scirpus,microcarpus,,,,native,S5,,48.987273330000001,-123.553491699999995,,NA,NA,"100641797",obs_native,file:///D:/Simon/Sync/Root/GIS/Biodiversity%20Data/obs_native.csv?type=csv&maxFields=10000&detectTypes=yes&xField=longitude&yField=latitude&crs=EPSG:4326&spatialIndex=no&subsetIndex=no&watchFile=no
"7924",Scirpus microcarpus,Scirpus,microcarpus,,,,native,S5,,48.989685000000001,-123.550648300000006,,NA,NA,"100641845",obs_native,file:///D:/Simon/Sync/Root/GIS/Biodiversity%20Data/obs_native.csv?type=csv&maxFields=10000&detectTypes=yes&xField=longitude&yField=latitude&crs=EPSG:4326&spatialIndex=no&subsetIndex=no&watchFile=no
"7925",Scirpus microcarpus,Scirpus,microcarpus,,,,native,S5,,48.983480000000000,-123.555644999999998,,NA,NA,"121838602",obs_native,file:///D:/Simon/Sync/Root/GIS/Biodiversity%20Data/obs_native.csv?type=csv&maxFields=10000&detectTypes=yes&xField=longitude&yField=latitude&crs=EPSG:4326&spatialIndex=no&subsetIndex=no&watchFile=no
"7926",Scirpus microcarpus,Scirpus,microcarpus,,,,native,S5,,48.898679999999999,-123.403053299999996,,NA,NA,"126383319",obs_native,file:///D:/Simon/Sync/Root/GIS/Biodiversity%20Data/obs_native.csv?type=csv&maxFields=10000&detectTypes=yes&xField=longitude&yField=latitude&crs=EPSG:4326&spatialIndex=no&subsetIndex=no&watchFile=no
"7935",Sedum spathulifolium,Sedum,spathulifolium,,,,native,S5,,48.928500000000000,-123.472594999999998,,NA,NA,"2565289",obs_native,file:///D:/Simon/Sync/Root/GIS/Biodiversity%20Data/obs_native.csv?type=csv&maxFields=10000&detectTypes=yes&xField=longitude&yField=latitude&crs=EPSG:4326&spatialIndex=no&subsetIndex=no&watchFile=no
"7936",Sedum spathulifolium,Sedum,spathulifolium,,,,native,S5,,48.932310999999999,-123.483968000000004,,NA,NA,"2566330",obs_native,file:///D:/Simon/Sync/Root/GIS/Biodiversity%20Data/obs_native.csv?type=csv&maxFields=10000&detectTypes=yes&xField=longitude&yField=latitude&crs=EPSG:4326&spatialIndex=no&subsetIndex=no&watchFile=no
"7937",Sedum spathulifolium,Sedum,spathulifolium,,,,native,S5,,48.866681999999997,-123.341847999999999,,NA,NA,"2583375",obs_native,file:///D:/Simon/Sync/Root/GIS/Biodiversity%20Data/obs_native.csv?type=csv&maxFields=10000&detectTypes=yes&xField=longitude&yField=latitude&crs=EPSG:4326&spatialIndex=no&subsetIndex=no&watchFile=no
"7938",Sedum spathulifolium,Sedum,spathulifolium,,,,native,S5,,48.871890999999998,-123.310948999999994,,NA,NA,"2604229",obs_native,file:///D:/Simon/Sync/Root/GIS/Biodiversity%20Data/obs_native.csv?type=csv&maxFields=10000&detectTypes=yes&xField=longitude&yField=latitude&crs=EPSG:4326&spatialIndex=no&subsetIndex=no&watchFile=no
"7939",Sedum spathulifolium,Sedum,spathulifolium,,,,native,S5,,48.930368000000001,-123.476265999999995,,NA,NA,"2617641",obs_native,file:///D:/Simon/Sync/Root/GIS/Biodiversity%20Data/obs_native.csv?type=csv&maxFields=10000&detectTypes=yes&xField=longitude&yField=latitude&crs=EPSG:4326&spatialIndex=no&subsetIndex=no&watchFile=no
"7940",Sedum spathulifolium,Sedum,spathulifolium,,,,native,S5,,48.928168999999997,-123.471115999999995,,NA,NA,"2617744",obs_native,file:///D:/Simon/Sync/Root/GIS/Biodiversity%20Data/obs_native.csv?type=csv&maxFields=10000&detectTypes=yes&xField=longitude&yField=latitude&crs=EPSG:4326&spatialIndex=no&subsetIndex=no&watchFile=no
"7941",Sedum spathulifolium,Sedum,spathulifolium,,,,native,S5,,48.929718000000001,-123.476714999999999,,NA,NA,"2663667",obs_native,file:///D:/Simon/Sync/Root/GIS/Biodiversity%20Data/obs_native.csv?type=csv&maxFields=10000&detectTypes=yes&xField=longitude&yField=latitude&crs=EPSG:4326&spatialIndex=no&subsetIndex=no&watchFile=no
"7942",Sedum spathulifolium,Sedum,spathulifolium,,,,native,S5,,48.934699000000002,-123.486790999999997,,NA,NA,"2679814",obs_native,file:///D:/Simon/Sync/Root/GIS/Biodiversity%20Data/obs_native.csv?type=csv&maxFields=10000&detectTypes=yes&xField=longitude&yField=latitude&crs=EPSG:4326&spatialIndex=no&subsetIndex=no&watchFile=no
"7943",Sedum spathulifolium,Sedum,spathulifolium,,,,native,S5,,48.905937999999999,-123.352776000000006,,NA,NA,"2732445",obs_native,file:///D:/Simon/Sync/Root/GIS/Biodiversity%20Data/obs_native.csv?type=csv&maxFields=10000&detectTypes=yes&xField=longitude&yField=latitude&crs=EPSG:4326&spatialIndex=no&subsetIndex=no&watchFile=no
"7944",Sedum spathulifolium,Sedum,spathulifolium,,,,native,S5,,48.928196999999997,-123.446166000000005,,NA,NA,"2954268",obs_native,file:///D:/Simon/Sync/Root/GIS/Biodiversity%20Data/obs_native.csv?type=csv&maxFields=10000&detectTypes=yes&xField=longitude&yField=latitude&crs=EPSG:4326&spatialIndex=no&subsetIndex=no&watchFile=no
"7945",Sedum spathulifolium,Sedum,spathulifolium,,,,native,S5,,48.928196999999997,-123.446166000000005,,NA,NA,"2954451",obs_native,file:///D:/Simon/Sync/Root/GIS/Biodiversity%20Data/obs_native.csv?type=csv&maxFields=10000&detectTypes=yes&xField=longitude&yField=latitude&crs=EPSG:4326&spatialIndex=no&subsetIndex=no&watchFile=no
"7946",Sedum spathulifolium,Sedum,spathulifolium,,,,native,S5,,48.917558999999997,-123.403158000000005,,NA,NA,"2979414",obs_native,file:///D:/Simon/Sync/Root/GIS/Biodiversity%20Data/obs_native.csv?type=csv&maxFields=10000&detectTypes=yes&xField=longitude&yField=latitude&crs=EPSG:4326&spatialIndex=no&subsetIndex=no&watchFile=no
"7947",Sedum spathulifolium,Sedum,spathulifolium,,,,native,S5,,48.867718000000004,-123.340086999999997,,NA,NA,"3041500",obs_native,file:///D:/Simon/Sync/Root/GIS/Biodiversity%20Data/obs_native.csv?type=csv&maxFields=10000&detectTypes=yes&xField=longitude&yField=latitude&crs=EPSG:4326&spatialIndex=no&subsetIndex=no&watchFile=no
"7948",Sedum spathulifolium,Sedum,spathulifolium,,,,native,S5,,48.897286670000000,-123.338936700000005,,NA,NA,"3093012",obs_native,file:///D:/Simon/Sync/Root/GIS/Biodiversity%20Data/obs_native.csv?type=csv&maxFields=10000&detectTypes=yes&xField=longitude&yField=latitude&crs=EPSG:4326&spatialIndex=no&subsetIndex=no&watchFile=no
"7949",Sedum spathulifolium,Sedum,spathulifolium,,,,native,S5,,48.916645000000003,-123.424272999999999,,NA,NA,"3094019",obs_native,file:///D:/Simon/Sync/Root/GIS/Biodiversity%20Data/obs_native.csv?type=csv&maxFields=10000&detectTypes=yes&xField=longitude&yField=latitude&crs=EPSG:4326&spatialIndex=no&subsetIndex=no&watchFile=no
"7950",Sedum spathulifolium,Sedum,spathulifolium,,,,native,S5,,48.934009000000003,-123.471886999999995,,NA,NA,"3104519",obs_native,file:///D:/Simon/Sync/Root/GIS/Biodiversity%20Data/obs_native.csv?type=csv&maxFields=10000&detectTypes=yes&xField=longitude&yField=latitude&crs=EPSG:4326&spatialIndex=no&subsetIndex=no&watchFile=no
"7951",Sedum spathulifolium,Sedum,spathulifolium,,,,native,S5,,48.896725000000004,-123.410110000000003,,NA,NA,"3149339",obs_native,file:///D:/Simon/Sync/Root/GIS/Biodiversity%20Data/obs_native.csv?type=csv&maxFields=10000&detectTypes=yes&xField=longitude&yField=latitude&crs=EPSG:4326&spatialIndex=no&subsetIndex=no&watchFile=no
"7952",Sedum spathulifolium,Sedum,spathulifolium,,,,native,S5,,48.932774000000002,-123.485298000000000,,NA,NA,"3317253",obs_native,file:///D:/Simon/Sync/Root/GIS/Biodiversity%20Data/obs_native.csv?type=csv&maxFields=10000&detectTypes=yes&xField=longitude&yField=latitude&crs=EPSG:4326&spatialIndex=no&subsetIndex=no&watchFile=no
"7953",Sedum spathulifolium,Sedum,spathulifolium,,,,native,S5,,48.932485999999997,-123.483839000000003,,NA,NA,"3317453",obs_native,file:///D:/Simon/Sync/Root/GIS/Biodiversity%20Data/obs_native.csv?type=csv&maxFields=10000&detectTypes=yes&xField=longitude&yField=latitude&crs=EPSG:4326&spatialIndex=no&subsetIndex=no&watchFile=no
"7954",Sedum spathulifolium,Sedum,spathulifolium,,,,native,S5,,48.915652000000001,-123.426826000000005,,NA,NA,"3336119",obs_native,file:///D:/Simon/Sync/Root/GIS/Biodiversity%20Data/obs_native.csv?type=csv&maxFields=10000&detectTypes=yes&xField=longitude&yField=latitude&crs=EPSG:4326&spatialIndex=no&subsetIndex=no&watchFile=no
"7955",Sedum spathulifolium,Sedum,spathulifolium,,,,native,S5,,48.867548999999997,-123.338527999999997,,NA,NA,"3351338",obs_native,file:///D:/Simon/Sync/Root/GIS/Biodiversity%20Data/obs_native.csv?type=csv&maxFields=10000&detectTypes=yes&xField=longitude&yField=latitude&crs=EPSG:4326&spatialIndex=no&subsetIndex=no&watchFile=no
"7956",Sedum spathulifolium,Sedum,spathulifolium,,,,native,S5,,48.964018799999998,-123.551366299999998,,NA,NA,"4030115",obs_native,file:///D:/Simon/Sync/Root/GIS/Biodiversity%20Data/obs_native.csv?type=csv&maxFields=10000&detectTypes=yes&xField=longitude&yField=latitude&crs=EPSG:4326&spatialIndex=no&subsetIndex=no&watchFile=no
"7957",Sedum spathulifolium,Sedum,spathulifolium,,,,native,S5,,48.923647000000003,-123.441472000000005,,NA,NA,"4171786",obs_native,file:///D:/Simon/Sync/Root/GIS/Biodiversity%20Data/obs_native.csv?type=csv&maxFields=10000&detectTypes=yes&xField=longitude&yField=latitude&crs=EPSG:4326&spatialIndex=no&subsetIndex=no&watchFile=no
"7958",Sedum spathulifolium,Sedum,spathulifolium,,,,native,S5,,48.868678000000003,-123.378968000000000,,NA,NA,"4715853",obs_native,file:///D:/Simon/Sync/Root/GIS/Biodiversity%20Data/obs_native.csv?type=csv&maxFields=10000&detectTypes=yes&xField=longitude&yField=latitude&crs=EPSG:4326&spatialIndex=no&subsetIndex=no&watchFile=no
"7959",Sedum spathulifolium,Sedum,spathulifolium,,,,native,S5,,48.868783649999997,-123.385206999999994,,NA,NA,"4945229",obs_native,file:///D:/Simon/Sync/Root/GIS/Biodiversity%20Data/obs_native.csv?type=csv&maxFields=10000&detectTypes=yes&xField=longitude&yField=latitude&crs=EPSG:4326&spatialIndex=no&subsetIndex=no&watchFile=no
"7960",Sedum spathulifolium,Sedum,spathulifolium,,,,native,S5,,48.868926000000002,-123.378797000000006,,NA,NA,"5473513",obs_native,file:///D:/Simon/Sync/Root/GIS/Biodiversity%20Data/obs_native.csv?type=csv&maxFields=10000&detectTypes=yes&xField=longitude&yField=latitude&crs=EPSG:4326&spatialIndex=no&subsetIndex=no&watchFile=no
"7961",Sedum spathulifolium,Sedum,spathulifolium,,,,native,S5,,48.863881999999997,-123.366164999999995,,NA,NA,"5516556",obs_native,file:///D:/Simon/Sync/Root/GIS/Biodiversity%20Data/obs_native.csv?type=csv&maxFields=10000&detectTypes=yes&xField=longitude&yField=latitude&crs=EPSG:4326&spatialIndex=no&subsetIndex=no&watchFile=no
"7962",Sedum spathulifolium,Sedum,spathulifolium,,,,native,S5,,48.906620830000001,-123.358011200000007,,NA,NA,"5646948",obs_native,file:///D:/Simon/Sync/Root/GIS/Biodiversity%20Data/obs_native.csv?type=csv&maxFields=10000&detectTypes=yes&xField=longitude&yField=latitude&crs=EPSG:4326&spatialIndex=no&subsetIndex=no&watchFile=no
"7963",Sedum spathulifolium,Sedum,spathulifolium,,,,native,S5,,48.906719549999998,-123.358397499999995,,NA,NA,"5885840",obs_native,file:///D:/Simon/Sync/Root/GIS/Biodiversity%20Data/obs_native.csv?type=csv&maxFields=10000&detectTypes=yes&xField=longitude&yField=latitude&crs=EPSG:4326&spatialIndex=no&subsetIndex=no&watchFile=no
"7964",Sedum spathulifolium,Sedum,spathulifolium,,,,native,S5,,48.906832379999997,-123.356745200000006,,NA,NA,"5886427",obs_native,file:///D:/Simon/Sync/Root/GIS/Biodiversity%20Data/obs_native.csv?type=csv&maxFields=10000&detectTypes=yes&xField=longitude&yField=latitude&crs=EPSG:4326&spatialIndex=no&subsetIndex=no&watchFile=no
"7965",Sedum spathulifolium,Sedum,spathulifolium,,,,native,S5,,48.904561620000003,-123.413457899999997,,NA,NA,"6047521",obs_native,file:///D:/Simon/Sync/Root/GIS/Biodiversity%20Data/obs_native.csv?type=csv&maxFields=10000&detectTypes=yes&xField=longitude&yField=latitude&crs=EPSG:4326&spatialIndex=no&subsetIndex=no&watchFile=no
"7966",Sedum spathulifolium,Sedum,spathulifolium,,,,native,S5,,48.899737660000000,-123.407535600000003,,NA,NA,"6217245",obs_native,file:///D:/Simon/Sync/Root/GIS/Biodiversity%20Data/obs_native.csv?type=csv&maxFields=10000&detectTypes=yes&xField=longitude&yField=latitude&crs=EPSG:4326&spatialIndex=no&subsetIndex=no&watchFile=no
"7967",Sedum spathulifolium,Sedum,spathulifolium,,,,native,S5,,48.940176770000001,-123.502721800000003,,NA,NA,"6299014",obs_native,file:///D:/Simon/Sync/Root/GIS/Biodiversity%20Data/obs_native.csv?type=csv&maxFields=10000&detectTypes=yes&xField=longitude&yField=latitude&crs=EPSG:4326&spatialIndex=no&subsetIndex=no&watchFile=no
"7968",Sedum spathulifolium,Sedum,spathulifolium,,,,native,S5,,49.012850899999997,-123.573103000000003,,NA,NA,"6309394",obs_native,file:///D:/Simon/Sync/Root/GIS/Biodiversity%20Data/obs_native.csv?type=csv&maxFields=10000&detectTypes=yes&xField=longitude&yField=latitude&crs=EPSG:4326&spatialIndex=no&subsetIndex=no&watchFile=no
"7969",Sedum spathulifolium,Sedum,spathulifolium,,,,native,S5,,48.900789000000003,-123.441275000000005,,NA,NA,"6313752",obs_native,file:///D:/Simon/Sync/Root/GIS/Biodiversity%20Data/obs_native.csv?type=csv&maxFields=10000&detectTypes=yes&xField=longitude&yField=latitude&crs=EPSG:4326&spatialIndex=no&subsetIndex=no&watchFile=no
"7970",Sedum spathulifolium,Sedum,spathulifolium,,,,native,S5,,48.962074659999999,-123.547868699999995,,NA,NA,"6391058",obs_native,file:///D:/Simon/Sync/Root/GIS/Biodiversity%20Data/obs_native.csv?type=csv&maxFields=10000&detectTypes=yes&xField=longitude&yField=latitude&crs=EPSG:4326&spatialIndex=no&subsetIndex=no&watchFile=no
"7971",Sedum spathulifolium,Sedum,spathulifolium,,,,native,S5,,48.868800149999998,-123.378610600000002,,NA,NA,"6410333",obs_native,file:///D:/Simon/Sync/Root/GIS/Biodiversity%20Data/obs_native.csv?type=csv&maxFields=10000&detectTypes=yes&xField=longitude&yField=latitude&crs=EPSG:4326&spatialIndex=no&subsetIndex=no&watchFile=no
"7972",Sedum spathulifolium,Sedum,spathulifolium,,,,native,S5,,48.900696850000003,-123.336124400000003,,NA,NA,"6425156",obs_native,file:///D:/Simon/Sync/Root/GIS/Biodiversity%20Data/obs_native.csv?type=csv&maxFields=10000&detectTypes=yes&xField=longitude&yField=latitude&crs=EPSG:4326&spatialIndex=no&subsetIndex=no&watchFile=no
"7973",Sedum spathulifolium,Sedum,spathulifolium,,,,native,S5,,48.872026159999997,-123.311426600000004,,NA,NA,"6434845",obs_native,file:///D:/Simon/Sync/Root/GIS/Biodiversity%20Data/obs_native.csv?type=csv&maxFields=10000&detectTypes=yes&xField=longitude&yField=latitude&crs=EPSG:4326&spatialIndex=no&subsetIndex=no&watchFile=no
"7974",Sedum spathulifolium,Sedum,spathulifolium,,,,native,S5,,48.927300099999997,-123.420591500000000,,NA,NA,"6486235",obs_native,file:///D:/Simon/Sync/Root/GIS/Biodiversity%20Data/obs_native.csv?type=csv&maxFields=10000&detectTypes=yes&xField=longitude&yField=latitude&crs=EPSG:4326&spatialIndex=no&subsetIndex=no&watchFile=no
"7975",Sedum spathulifolium,Sedum,spathulifolium,,,,native,S5,,48.938906279999998,-123.500494500000002,,NA,NA,"6570991",obs_native,file:///D:/Simon/Sync/Root/GIS/Biodiversity%20Data/obs_native.csv?type=csv&maxFields=10000&detectTypes=yes&xField=longitude&yField=latitude&crs=EPSG:4326&spatialIndex=no&subsetIndex=no&watchFile=no
"7976",Sedum spathulifolium,Sedum,spathulifolium,,,,native,S5,,48.875250999999999,-123.385756000000001,,NA,NA,"6818016",obs_native,file:///D:/Simon/Sync/Root/GIS/Biodiversity%20Data/obs_native.csv?type=csv&maxFields=10000&detectTypes=yes&xField=longitude&yField=latitude&crs=EPSG:4326&spatialIndex=no&subsetIndex=no&watchFile=no
"7977",Sedum spathulifolium,Sedum,spathulifolium,,,,native,S5,,48.915725000000002,-123.424652800000004,,NA,NA,"8551505",obs_native,file:///D:/Simon/Sync/Root/GIS/Biodiversity%20Data/obs_native.csv?type=csv&maxFields=10000&detectTypes=yes&xField=longitude&yField=latitude&crs=EPSG:4326&spatialIndex=no&subsetIndex=no&watchFile=no
"7978",Sedum spathulifolium,Sedum,spathulifolium,,,,native,S5,,48.916176999999998,-123.393235000000004,,NA,NA,"10270066",obs_native,file:///D:/Simon/Sync/Root/GIS/Biodiversity%20Data/obs_native.csv?type=csv&maxFields=10000&detectTypes=yes&xField=longitude&yField=latitude&crs=EPSG:4326&spatialIndex=no&subsetIndex=no&watchFile=no
"7979",Sedum spathulifolium,Sedum,spathulifolium,,,,native,S5,,48.938941100000001,-123.500972000000004,,NA,NA,"10686600",obs_native,file:///D:/Simon/Sync/Root/GIS/Biodiversity%20Data/obs_native.csv?type=csv&maxFields=10000&detectTypes=yes&xField=longitude&yField=latitude&crs=EPSG:4326&spatialIndex=no&subsetIndex=no&watchFile=no
"7980",Sedum spathulifolium,Sedum,spathulifolium,,,,native,S5,,48.972970359999998,-123.561651900000001,,NA,NA,"10826229",obs_native,file:///D:/Simon/Sync/Root/GIS/Biodiversity%20Data/obs_native.csv?type=csv&maxFields=10000&detectTypes=yes&xField=longitude&yField=latitude&crs=EPSG:4326&spatialIndex=no&subsetIndex=no&watchFile=no
"7981",Sedum spathulifolium,Sedum,spathulifolium,,,,native,S5,,48.862428330000000,-123.372938300000001,,NA,NA,"11578911",obs_native,file:///D:/Simon/Sync/Root/GIS/Biodiversity%20Data/obs_native.csv?type=csv&maxFields=10000&detectTypes=yes&xField=longitude&yField=latitude&crs=EPSG:4326&spatialIndex=no&subsetIndex=no&watchFile=no
"7982",Sedum spathulifolium,Sedum,spathulifolium,,,,native,S5,,48.895848790000002,-123.410230600000006,,NA,NA,"12626316",obs_native,file:///D:/Simon/Sync/Root/GIS/Biodiversity%20Data/obs_native.csv?type=csv&maxFields=10000&detectTypes=yes&xField=longitude&yField=latitude&crs=EPSG:4326&spatialIndex=no&subsetIndex=no&watchFile=no
"7983",Sedum spathulifolium,Sedum,spathulifolium,,,,native,S5,,48.890529999999998,-123.375449000000003,,NA,NA,"12944959",obs_native,file:///D:/Simon/Sync/Root/GIS/Biodiversity%20Data/obs_native.csv?type=csv&maxFields=10000&detectTypes=yes&xField=longitude&yField=latitude&crs=EPSG:4326&spatialIndex=no&subsetIndex=no&watchFile=no
"7984",Sedum spathulifolium,Sedum,spathulifolium,,,,native,S5,,48.914786800000002,-123.389681600000003,,NA,NA,"13102192",obs_native,file:///D:/Simon/Sync/Root/GIS/Biodiversity%20Data/obs_native.csv?type=csv&maxFields=10000&detectTypes=yes&xField=longitude&yField=latitude&crs=EPSG:4326&spatialIndex=no&subsetIndex=no&watchFile=no
"7985",Sedum spathulifolium,Sedum,spathulifolium,,,,native,S5,,48.939482079999998,-123.501427600000000,,NA,NA,"13198257",obs_native,file:///D:/Simon/Sync/Root/GIS/Biodiversity%20Data/obs_native.csv?type=csv&maxFields=10000&detectTypes=yes&xField=longitude&yField=latitude&crs=EPSG:4326&spatialIndex=no&subsetIndex=no&watchFile=no
"7986",Sedum spathulifolium,Sedum,spathulifolium,,,,native,S5,,48.939923069999999,-123.503365500000001,,NA,NA,"13198918",obs_native,file:///D:/Simon/Sync/Root/GIS/Biodiversity%20Data/obs_native.csv?type=csv&maxFields=10000&detectTypes=yes&xField=longitude&yField=latitude&crs=EPSG:4326&spatialIndex=no&subsetIndex=no&watchFile=no
"7987",Sedum spathulifolium,Sedum,spathulifolium,,,,native,S5,,48.995130000000003,-123.576809999999995,,NA,NA,"13223461",obs_native,file:///D:/Simon/Sync/Root/GIS/Biodiversity%20Data/obs_native.csv?type=csv&maxFields=10000&detectTypes=yes&xField=longitude&yField=latitude&crs=EPSG:4326&spatialIndex=no&subsetIndex=no&watchFile=no
"7988",Sedum spathulifolium,Sedum,spathulifolium,,,,native,S5,,48.904018330000000,-123.344311700000006,,NA,NA,"13971909",obs_native,file:///D:/Simon/Sync/Root/GIS/Biodiversity%20Data/obs_native.csv?type=csv&maxFields=10000&detectTypes=yes&xField=longitude&yField=latitude&crs=EPSG:4326&spatialIndex=no&subsetIndex=no&watchFile=no
"7989",Sedum spathulifolium,Sedum,spathulifolium,,,,native,S5,,48.866278000000001,-123.334025999999994,,NA,NA,"13979809",obs_native,file:///D:/Simon/Sync/Root/GIS/Biodiversity%20Data/obs_native.csv?type=csv&maxFields=10000&detectTypes=yes&xField=longitude&yField=latitude&crs=EPSG:4326&spatialIndex=no&subsetIndex=no&watchFile=no
"7990",Sedum spathulifolium,Sedum,spathulifolium,,,,native,S5,,48.866956060000000,-123.341274999999996,,NA,NA,"16310366",obs_native,file:///D:/Simon/Sync/Root/GIS/Biodiversity%20Data/obs_native.csv?type=csv&maxFields=10000&detectTypes=yes&xField=longitude&yField=latitude&crs=EPSG:4326&spatialIndex=no&subsetIndex=no&watchFile=no
"7991",Sedum spathulifolium,Sedum,spathulifolium,,,,native,S5,,48.865112689999997,-123.329029500000004,,NA,NA,"16788087",obs_native,file:///D:/Simon/Sync/Root/GIS/Biodiversity%20Data/obs_native.csv?type=csv&maxFields=10000&detectTypes=yes&xField=longitude&yField=latitude&crs=EPSG:4326&spatialIndex=no&subsetIndex=no&watchFile=no
"7992",Sedum spathulifolium,Sedum,spathulifolium,,,,native,S5,,48.951428999999997,-123.491313000000005,,NA,NA,"17046450",obs_native,file:///D:/Simon/Sync/Root/GIS/Biodiversity%20Data/obs_native.csv?type=csv&maxFields=10000&detectTypes=yes&xField=longitude&yField=latitude&crs=EPSG:4326&spatialIndex=no&subsetIndex=no&watchFile=no
"7993",Sedum spathulifolium,Sedum,spathulifolium,,,,native,S5,,48.939433330000000,-123.501320000000007,,NA,NA,"20738997",obs_native,file:///D:/Simon/Sync/Root/GIS/Biodiversity%20Data/obs_native.csv?type=csv&maxFields=10000&detectTypes=yes&xField=longitude&yField=latitude&crs=EPSG:4326&spatialIndex=no&subsetIndex=no&watchFile=no
"7994",Sedum spathulifolium,Sedum,spathulifolium,,,,native,S5,,48.893501219999997,-123.404484199999999,,NA,NA,"21275377",obs_native,file:///D:/Simon/Sync/Root/GIS/Biodiversity%20Data/obs_native.csv?type=csv&maxFields=10000&detectTypes=yes&xField=longitude&yField=latitude&crs=EPSG:4326&spatialIndex=no&subsetIndex=no&watchFile=no
"7995",Sedum spathulifolium,Sedum,spathulifolium,,,,native,S5,,48.927666670000001,-123.470663900000005,,NA,NA,"22396983",obs_native,file:///D:/Simon/Sync/Root/GIS/Biodiversity%20Data/obs_native.csv?type=csv&maxFields=10000&detectTypes=yes&xField=longitude&yField=latitude&crs=EPSG:4326&spatialIndex=no&subsetIndex=no&watchFile=no
"7996",Sedum spathulifolium,Sedum,spathulifolium,,,,native,S5,,49.013315249999998,-123.572630399999994,,NA,NA,"24497671",obs_native,file:///D:/Simon/Sync/Root/GIS/Biodiversity%20Data/obs_native.csv?type=csv&maxFields=10000&detectTypes=yes&xField=longitude&yField=latitude&crs=EPSG:4326&spatialIndex=no&subsetIndex=no&watchFile=no
"7997",Sedum spathulifolium,Sedum,spathulifolium,,,,native,S5,,48.866107260000000,-123.333895999999996,,NA,NA,"24519606",obs_native,file:///D:/Simon/Sync/Root/GIS/Biodiversity%20Data/obs_native.csv?type=csv&maxFields=10000&detectTypes=yes&xField=longitude&yField=latitude&crs=EPSG:4326&spatialIndex=no&subsetIndex=no&watchFile=no
"7998",Sedum spathulifolium,Sedum,spathulifolium,,,,native,S5,,48.878028280000002,-123.387011799999996,,NA,NA,"24653173",obs_native,file:///D:/Simon/Sync/Root/GIS/Biodiversity%20Data/obs_native.csv?type=csv&maxFields=10000&detectTypes=yes&xField=longitude&yField=latitude&crs=EPSG:4326&spatialIndex=no&subsetIndex=no&watchFile=no
"7999",Sedum spathulifolium,Sedum,spathulifolium,,,,native,S5,,48.899752780000000,-123.407355600000002,,NA,NA,"24672720",obs_native,file:///D:/Simon/Sync/Root/GIS/Biodiversity%20Data/obs_native.csv?type=csv&maxFields=10000&detectTypes=yes&xField=longitude&yField=latitude&crs=EPSG:4326&spatialIndex=no&subsetIndex=no&watchFile=no
"8000",Sedum spathulifolium,Sedum,spathulifolium,,,,native,S5,,48.899658330000001,-123.407477799999995,,NA,NA,"24672738",obs_native,file:///D:/Simon/Sync/Root/GIS/Biodiversity%20Data/obs_native.csv?type=csv&maxFields=10000&detectTypes=yes&xField=longitude&yField=latitude&crs=EPSG:4326&spatialIndex=no&subsetIndex=no&watchFile=no
"8001",Sedum spathulifolium,Sedum,spathulifolium,,,,native,S5,,48.899691670000003,-123.407408300000000,,NA,NA,"24672760",obs_native,file:///D:/Simon/Sync/Root/GIS/Biodiversity%20Data/obs_native.csv?type=csv&maxFields=10000&detectTypes=yes&xField=longitude&yField=latitude&crs=EPSG:4326&spatialIndex=no&subsetIndex=no&watchFile=no
"8002",Sedum spathulifolium,Sedum,spathulifolium,,,,native,S5,,48.899411110000003,-123.407438900000002,,NA,NA,"24677378",obs_native,file:///D:/Simon/Sync/Root/GIS/Biodiversity%20Data/obs_native.csv?type=csv&maxFields=10000&detectTypes=yes&xField=longitude&yField=latitude&crs=EPSG:4326&spatialIndex=no&subsetIndex=no&watchFile=no
"8003",Sedum spathulifolium,Sedum,spathulifolium,,,,native,S5,,48.886402779999997,-123.378088899999995,,NA,NA,"24677409",obs_native,file:///D:/Simon/Sync/Root/GIS/Biodiversity%20Data/obs_native.csv?type=csv&maxFields=10000&detectTypes=yes&xField=longitude&yField=latitude&crs=EPSG:4326&spatialIndex=no&subsetIndex=no&watchFile=no
"8004",Sedum spathulifolium,Sedum,spathulifolium,,,,native,S5,,48.872265870000000,-123.311001099999999,,NA,NA,"24689058",obs_native,file:///D:/Simon/Sync/Root/GIS/Biodiversity%20Data/obs_native.csv?type=csv&maxFields=10000&detectTypes=yes&xField=longitude&yField=latitude&crs=EPSG:4326&spatialIndex=no&subsetIndex=no&watchFile=no
"8005",Sedum spathulifolium,Sedum,spathulifolium,,,,native,S5,,48.913738330000001,-123.387178300000002,,NA,NA,"24689167",obs_native,file:///D:/Simon/Sync/Root/GIS/Biodiversity%20Data/obs_native.csv?type=csv&maxFields=10000&detectTypes=yes&xField=longitude&yField=latitude&crs=EPSG:4326&spatialIndex=no&subsetIndex=no&watchFile=no
"8006",Sedum spathulifolium,Sedum,spathulifolium,,,,native,S5,,48.871647220000000,-123.310699999999997,,NA,NA,"24697701",obs_native,file:///D:/Simon/Sync/Root/GIS/Biodiversity%20Data/obs_native.csv?type=csv&maxFields=10000&detectTypes=yes&xField=longitude&yField=latitude&crs=EPSG:4326&spatialIndex=no&subsetIndex=no&watchFile=no
"8007",Sedum spathulifolium,Sedum,spathulifolium,,,,native,S5,,48.871558329999999,-123.310775000000007,,NA,NA,"24697717",obs_native,file:///D:/Simon/Sync/Root/GIS/Biodiversity%20Data/obs_native.csv?type=csv&maxFields=10000&detectTypes=yes&xField=longitude&yField=latitude&crs=EPSG:4326&spatialIndex=no&subsetIndex=no&watchFile=no
"8008",Sedum spathulifolium,Sedum,spathulifolium,,,,native,S5,,48.957695000000001,-123.541861699999998,,NA,NA,"24699288",obs_native,file:///D:/Simon/Sync/Root/GIS/Biodiversity%20Data/obs_native.csv?type=csv&maxFields=10000&detectTypes=yes&xField=longitude&yField=latitude&crs=EPSG:4326&spatialIndex=no&subsetIndex=no&watchFile=no
"8009",Sedum spathulifolium,Sedum,spathulifolium,,,,native,S5,,48.893453330000000,-123.403768299999996,,NA,NA,"24699768",obs_native,file:///D:/Simon/Sync/Root/GIS/Biodiversity%20Data/obs_native.csv?type=csv&maxFields=10000&detectTypes=yes&xField=longitude&yField=latitude&crs=EPSG:4326&spatialIndex=no&subsetIndex=no&watchFile=no
"8010",Sedum spathulifolium,Sedum,spathulifolium,,,,native,S5,,48.893969439999999,-123.403655599999993,,NA,NA,"24701295",obs_native,file:///D:/Simon/Sync/Root/GIS/Biodiversity%20Data/obs_native.csv?type=csv&maxFields=10000&detectTypes=yes&xField=longitude&yField=latitude&crs=EPSG:4326&spatialIndex=no&subsetIndex=no&watchFile=no
"8011",Sedum spathulifolium,Sedum,spathulifolium,,,,native,S5,,48.871434999999998,-123.310526699999997,,NA,NA,"24701558",obs_native,file:///D:/Simon/Sync/Root/GIS/Biodiversity%20Data/obs_native.csv?type=csv&maxFields=10000&detectTypes=yes&xField=longitude&yField=latitude&crs=EPSG:4326&spatialIndex=no&subsetIndex=no&watchFile=no
"8012",Sedum spathulifolium,Sedum,spathulifolium,,,,native,S5,,48.899604799999999,-123.407493400000007,,NA,NA,"24710911",obs_native,file:///D:/Simon/Sync/Root/GIS/Biodiversity%20Data/obs_native.csv?type=csv&maxFields=10000&detectTypes=yes&xField=longitude&yField=latitude&crs=EPSG:4326&spatialIndex=no&subsetIndex=no&watchFile=no
"8013",Sedum spathulifolium,Sedum,spathulifolium,,,,native,S5,,48.900891670000000,-123.405256699999995,,NA,NA,"24712589",obs_native,file:///D:/Simon/Sync/Root/GIS/Biodiversity%20Data/obs_native.csv?type=csv&maxFields=10000&detectTypes=yes&xField=longitude&yField=latitude&crs=EPSG:4326&spatialIndex=no&subsetIndex=no&watchFile=no
"8014",Sedum spathulifolium,Sedum,spathulifolium,,,,native,S5,,48.871566880000003,-123.311562300000006,,NA,NA,"24713333",obs_native,file:///D:/Simon/Sync/Root/GIS/Biodiversity%20Data/obs_native.csv?type=csv&maxFields=10000&detectTypes=yes&xField=longitude&yField=latitude&crs=EPSG:4326&spatialIndex=no&subsetIndex=no&watchFile=no
"8015",Sedum spathulifolium,Sedum,spathulifolium,,,,native,S5,,48.871462309999998,-123.311251900000002,,NA,NA,"24713837",obs_native,file:///D:/Simon/Sync/Root/GIS/Biodiversity%20Data/obs_native.csv?type=csv&maxFields=10000&detectTypes=yes&xField=longitude&yField=latitude&crs=EPSG:4326&spatialIndex=no&subsetIndex=no&watchFile=no
"8016",Sedum spathulifolium,Sedum,spathulifolium,,,,native,S5,,49.013559229999998,-123.573290099999994,,NA,NA,"24714326",obs_native,file:///D:/Simon/Sync/Root/GIS/Biodiversity%20Data/obs_native.csv?type=csv&maxFields=10000&detectTypes=yes&xField=longitude&yField=latitude&crs=EPSG:4326&spatialIndex=no&subsetIndex=no&watchFile=no
"8017",Sedum spathulifolium,Sedum,spathulifolium,,,,native,S5,,48.861321150000002,-123.367755900000006,,NA,NA,"24768068",obs_native,file:///D:/Simon/Sync/Root/GIS/Biodiversity%20Data/obs_native.csv?type=csv&maxFields=10000&detectTypes=yes&xField=longitude&yField=latitude&crs=EPSG:4326&spatialIndex=no&subsetIndex=no&watchFile=no
"8018",Sedum spathulifolium,Sedum,spathulifolium,,,,native,S5,,48.871508329999997,-123.311791700000001,,NA,NA,"24824146",obs_native,file:///D:/Simon/Sync/Root/GIS/Biodiversity%20Data/obs_native.csv?type=csv&maxFields=10000&detectTypes=yes&xField=longitude&yField=latitude&crs=EPSG:4326&spatialIndex=no&subsetIndex=no&watchFile=no
"8019",Sedum spathulifolium,Sedum,spathulifolium,,,,native,S5,,48.893636669999999,-123.403419999999997,,NA,NA,"24873228",obs_native,file:///D:/Simon/Sync/Root/GIS/Biodiversity%20Data/obs_native.csv?type=csv&maxFields=10000&detectTypes=yes&xField=longitude&yField=latitude&crs=EPSG:4326&spatialIndex=no&subsetIndex=no&watchFile=no
"8020",Sedum spathulifolium,Sedum,spathulifolium,,,,native,S5,,48.872178329999997,-123.311149999999998,,NA,NA,"24874177",obs_native,file:///D:/Simon/Sync/Root/GIS/Biodiversity%20Data/obs_native.csv?type=csv&maxFields=10000&detectTypes=yes&xField=longitude&yField=latitude&crs=EPSG:4326&spatialIndex=no&subsetIndex=no&watchFile=no
"8021",Sedum spathulifolium,Sedum,spathulifolium,,,,native,S5,,48.900825750000003,-123.404431599999995,,NA,NA,"24919383",obs_native,file:///D:/Simon/Sync/Root/GIS/Biodiversity%20Data/obs_native.csv?type=csv&maxFields=10000&detectTypes=yes&xField=longitude&yField=latitude&crs=EPSG:4326&spatialIndex=no&subsetIndex=no&watchFile=no
"8022",Sedum spathulifolium,Sedum,spathulifolium,,,,native,S5,,48.900727480000000,-123.404898900000006,,NA,NA,"24919445",obs_native,file:///D:/Simon/Sync/Root/GIS/Biodiversity%20Data/obs_native.csv?type=csv&maxFields=10000&detectTypes=yes&xField=longitude&yField=latitude&crs=EPSG:4326&spatialIndex=no&subsetIndex=no&watchFile=no
"8023",Sedum spathulifolium,Sedum,spathulifolium,,,,native,S5,,48.896026020000001,-123.410303600000006,,NA,NA,"24937347",obs_native,file:///D:/Simon/Sync/Root/GIS/Biodiversity%20Data/obs_native.csv?type=csv&maxFields=10000&detectTypes=yes&xField=longitude&yField=latitude&crs=EPSG:4326&spatialIndex=no&subsetIndex=no&watchFile=no
"8024",Sedum spathulifolium,Sedum,spathulifolium,,,,native,S5,,48.900702789999997,-123.405145399999995,,NA,NA,"24939767",obs_native,file:///D:/Simon/Sync/Root/GIS/Biodiversity%20Data/obs_native.csv?type=csv&maxFields=10000&detectTypes=yes&xField=longitude&yField=latitude&crs=EPSG:4326&spatialIndex=no&subsetIndex=no&watchFile=no
"8025",Sedum spathulifolium,Sedum,spathulifolium,,,,native,S5,,48.896775030000001,-123.410031099999998,,NA,NA,"24942444",obs_native,file:///D:/Simon/Sync/Root/GIS/Biodiversity%20Data/obs_native.csv?type=csv&maxFields=10000&detectTypes=yes&xField=longitude&yField=latitude&crs=EPSG:4326&spatialIndex=no&subsetIndex=no&watchFile=no
"8026",Sedum spathulifolium,Sedum,spathulifolium,,,,native,S5,,48.899568799999997,-123.406826600000002,,NA,NA,"25199690",obs_native,file:///D:/Simon/Sync/Root/GIS/Biodiversity%20Data/obs_native.csv?type=csv&maxFields=10000&detectTypes=yes&xField=longitude&yField=latitude&crs=EPSG:4326&spatialIndex=no&subsetIndex=no&watchFile=no
"8027",Sedum spathulifolium,Sedum,spathulifolium,,,,native,S5,,48.899358499999998,-123.407359999999997,,NA,NA,"25200239",obs_native,file:///D:/Simon/Sync/Root/GIS/Biodiversity%20Data/obs_native.csv?type=csv&maxFields=10000&detectTypes=yes&xField=longitude&yField=latitude&crs=EPSG:4326&spatialIndex=no&subsetIndex=no&watchFile=no
"8028",Sedum spathulifolium,Sedum,spathulifolium,,,,native,S5,,48.867154220000003,-123.375810599999994,,NA,NA,"25478981",obs_native,file:///D:/Simon/Sync/Root/GIS/Biodiversity%20Data/obs_native.csv?type=csv&maxFields=10000&detectTypes=yes&xField=longitude&yField=latitude&crs=EPSG:4326&spatialIndex=no&subsetIndex=no&watchFile=no
"8029",Sedum spathulifolium,Sedum,spathulifolium,,,,native,S5,,48.900597220000002,-123.405091700000000,,NA,NA,"25559055",obs_native,file:///D:/Simon/Sync/Root/GIS/Biodiversity%20Data/obs_native.csv?type=csv&maxFields=10000&detectTypes=yes&xField=longitude&yField=latitude&crs=EPSG:4326&spatialIndex=no&subsetIndex=no&watchFile=no
"8030",Sedum spathulifolium,Sedum,spathulifolium,,,,native,S5,,48.871955560000004,-123.310738900000004,,NA,NA,"25657928",obs_native,file:///D:/Simon/Sync/Root/GIS/Biodiversity%20Data/obs_native.csv?type=csv&maxFields=10000&detectTypes=yes&xField=longitude&yField=latitude&crs=EPSG:4326&spatialIndex=no&subsetIndex=no&watchFile=no
"8031",Sedum spathulifolium,Sedum,spathulifolium,,,,native,S5,,48.897719440000003,-123.399038899999994,,NA,NA,"25658155",obs_native,file:///D:/Simon/Sync/Root/GIS/Biodiversity%20Data/obs_native.csv?type=csv&maxFields=10000&detectTypes=yes&xField=longitude&yField=latitude&crs=EPSG:4326&spatialIndex=no&subsetIndex=no&watchFile=no
"8032",Sedum spathulifolium,Sedum,spathulifolium,,,,native,S5,,48.888528489999999,-123.378568000000001,,NA,NA,"25912180",obs_native,file:///D:/Simon/Sync/Root/GIS/Biodiversity%20Data/obs_native.csv?type=csv&maxFields=10000&detectTypes=yes&xField=longitude&yField=latitude&crs=EPSG:4326&spatialIndex=no&subsetIndex=no&watchFile=no
"8033",Sedum spathulifolium,Sedum,spathulifolium,,,,native,S5,,48.991122210000000,-123.579979300000005,,NA,NA,"26161873",obs_native,file:///D:/Simon/Sync/Root/GIS/Biodiversity%20Data/obs_native.csv?type=csv&maxFields=10000&detectTypes=yes&xField=longitude&yField=latitude&crs=EPSG:4326&spatialIndex=no&subsetIndex=no&watchFile=no
"8034",Sedum spathulifolium,Sedum,spathulifolium,,,,native,S5,,48.916028330000003,-123.393616699999995,,NA,NA,"26644514",obs_native,file:///D:/Simon/Sync/Root/GIS/Biodiversity%20Data/obs_native.csv?type=csv&maxFields=10000&detectTypes=yes&xField=longitude&yField=latitude&crs=EPSG:4326&spatialIndex=no&subsetIndex=no&watchFile=no
"8035",Sedum spathulifolium,Sedum,spathulifolium,,,,native,S5,,49.012054440000000,-123.576003999999998,,NA,NA,"29093568",obs_native,file:///D:/Simon/Sync/Root/GIS/Biodiversity%20Data/obs_native.csv?type=csv&maxFields=10000&detectTypes=yes&xField=longitude&yField=latitude&crs=EPSG:4326&spatialIndex=no&subsetIndex=no&watchFile=no
"8036",Sedum spathulifolium,Sedum,spathulifolium,,,,native,S5,,48.910341529999997,-123.375811999999996,,NA,NA,"31256134",obs_native,file:///D:/Simon/Sync/Root/GIS/Biodiversity%20Data/obs_native.csv?type=csv&maxFields=10000&detectTypes=yes&xField=longitude&yField=latitude&crs=EPSG:4326&spatialIndex=no&subsetIndex=no&watchFile=no
"8037",Sedum spathulifolium,Sedum,spathulifolium,,,,native,S5,,49.009311120000000,-123.585305000000005,,NA,NA,"31535584",obs_native,file:///D:/Simon/Sync/Root/GIS/Biodiversity%20Data/obs_native.csv?type=csv&maxFields=10000&detectTypes=yes&xField=longitude&yField=latitude&crs=EPSG:4326&spatialIndex=no&subsetIndex=no&watchFile=no
"8038",Sedum spathulifolium,Sedum,spathulifolium,,,,native,S5,,48.893749999999997,-123.403671700000004,,NA,NA,"32120938",obs_native,file:///D:/Simon/Sync/Root/GIS/Biodiversity%20Data/obs_native.csv?type=csv&maxFields=10000&detectTypes=yes&xField=longitude&yField=latitude&crs=EPSG:4326&spatialIndex=no&subsetIndex=no&watchFile=no
"8039",Sedum spathulifolium,Sedum,spathulifolium,,,,native,S5,,48.953759280000000,-123.495264100000000,,NA,NA,"39973160",obs_native,file:///D:/Simon/Sync/Root/GIS/Biodiversity%20Data/obs_native.csv?type=csv&maxFields=10000&detectTypes=yes&xField=longitude&yField=latitude&crs=EPSG:4326&spatialIndex=no&subsetIndex=no&watchFile=no
"8040",Sedum spathulifolium,Sedum,spathulifolium,,,,native,S5,,49.010800000000003,-123.578819999999993,,NA,NA,"41387408",obs_native,file:///D:/Simon/Sync/Root/GIS/Biodiversity%20Data/obs_native.csv?type=csv&maxFields=10000&detectTypes=yes&xField=longitude&yField=latitude&crs=EPSG:4326&spatialIndex=no&subsetIndex=no&watchFile=no
"8041",Sedum spathulifolium,Sedum,spathulifolium,,,,native,S5,,48.910326670000003,-123.375663299999999,,NA,NA,"41879785",obs_native,file:///D:/Simon/Sync/Root/GIS/Biodiversity%20Data/obs_native.csv?type=csv&maxFields=10000&detectTypes=yes&xField=longitude&yField=latitude&crs=EPSG:4326&spatialIndex=no&subsetIndex=no&watchFile=no
"8042",Sedum spathulifolium,Sedum,spathulifolium,,,,native,S5,,48.910337409999997,-123.375919600000003,,NA,NA,"41879790",obs_native,file:///D:/Simon/Sync/Root/GIS/Biodiversity%20Data/obs_native.csv?type=csv&maxFields=10000&detectTypes=yes&xField=longitude&yField=latitude&crs=EPSG:4326&spatialIndex=no&subsetIndex=no&watchFile=no
"8043",Sedum spathulifolium,Sedum,spathulifolium,,,,native,S5,,48.865839559999998,-123.337755900000005,,NA,NA,"43253065",obs_native,file:///D:/Simon/Sync/Root/GIS/Biodiversity%20Data/obs_native.csv?type=csv&maxFields=10000&detectTypes=yes&xField=longitude&yField=latitude&crs=EPSG:4326&spatialIndex=no&subsetIndex=no&watchFile=no
"8044",Sedum spathulifolium,Sedum,spathulifolium,,,,native,S5,,48.865793810000000,-123.349925200000001,,NA,NA,"43555541",obs_native,file:///D:/Simon/Sync/Root/GIS/Biodiversity%20Data/obs_native.csv?type=csv&maxFields=10000&detectTypes=yes&xField=longitude&yField=latitude&crs=EPSG:4326&spatialIndex=no&subsetIndex=no&watchFile=no
"8045",Sedum spathulifolium,Sedum,spathulifolium,,,,native,S5,,48.999434190000002,-123.574265600000004,,NA,NA,"44275655",obs_native,file:///D:/Simon/Sync/Root/GIS/Biodiversity%20Data/obs_native.csv?type=csv&maxFields=10000&detectTypes=yes&xField=longitude&yField=latitude&crs=EPSG:4326&spatialIndex=no&subsetIndex=no&watchFile=no
"8046",Sedum spathulifolium,Sedum,spathulifolium,,,,native,S5,,48.978724999999997,-123.535086699999994,,NA,NA,"44459114",obs_native,file:///D:/Simon/Sync/Root/GIS/Biodiversity%20Data/obs_native.csv?type=csv&maxFields=10000&detectTypes=yes&xField=longitude&yField=latitude&crs=EPSG:4326&spatialIndex=no&subsetIndex=no&watchFile=no
"8047",Sedum spathulifolium,Sedum,spathulifolium,,,,native,S5,,48.872582930000000,-123.310848100000001,,NA,NA,"46563605",obs_native,file:///D:/Simon/Sync/Root/GIS/Biodiversity%20Data/obs_native.csv?type=csv&maxFields=10000&detectTypes=yes&xField=longitude&yField=latitude&crs=EPSG:4326&spatialIndex=no&subsetIndex=no&watchFile=no
"8048",Sedum spathulifolium,Sedum,spathulifolium,,,,native,S5,,49.008208619999998,-123.568005999999997,,NA,NA,"47368392",obs_native,file:///D:/Simon/Sync/Root/GIS/Biodiversity%20Data/obs_native.csv?type=csv&maxFields=10000&detectTypes=yes&xField=longitude&yField=latitude&crs=EPSG:4326&spatialIndex=no&subsetIndex=no&watchFile=no
"8049",Sedum spathulifolium,Sedum,spathulifolium,,,,native,S5,,48.938294999999997,-123.499663299999995,,NA,NA,"49133878",obs_native,file:///D:/Simon/Sync/Root/GIS/Biodiversity%20Data/obs_native.csv?type=csv&maxFields=10000&detectTypes=yes&xField=longitude&yField=latitude&crs=EPSG:4326&spatialIndex=no&subsetIndex=no&watchFile=no
"8050",Sedum spathulifolium,Sedum,spathulifolium,,,,native,S5,,48.904133330000001,-123.414545000000004,,NA,NA,"49284183",obs_native,file:///D:/Simon/Sync/Root/GIS/Biodiversity%20Data/obs_native.csv?type=csv&maxFields=10000&detectTypes=yes&xField=longitude&yField=latitude&crs=EPSG:4326&spatialIndex=no&subsetIndex=no&watchFile=no
"8051",Sedum spathulifolium,Sedum,spathulifolium,,,,native,S5,,48.928609999999999,-123.460261000000003,,NA,NA,"52441628",obs_native,file:///D:/Simon/Sync/Root/GIS/Biodiversity%20Data/obs_native.csv?type=csv&maxFields=10000&detectTypes=yes&xField=longitude&yField=latitude&crs=EPSG:4326&spatialIndex=no&subsetIndex=no&watchFile=no
"8052",Sedum spathulifolium,Sedum,spathulifolium,,,,native,S5,,48.959859000000002,-123.508876999999998,,NA,NA,"55386055",obs_native,file:///D:/Simon/Sync/Root/GIS/Biodiversity%20Data/obs_native.csv?type=csv&maxFields=10000&detectTypes=yes&xField=longitude&yField=latitude&crs=EPSG:4326&spatialIndex=no&subsetIndex=no&watchFile=no
"8053",Sedum spathulifolium,Sedum,spathulifolium,,,,native,S5,,49.013316820000000,-123.572680199999994,,NA,NA,"57099160",obs_native,file:///D:/Simon/Sync/Root/GIS/Biodiversity%20Data/obs_native.csv?type=csv&maxFields=10000&detectTypes=yes&xField=longitude&yField=latitude&crs=EPSG:4326&spatialIndex=no&subsetIndex=no&watchFile=no
"8054",Sedum spathulifolium,Sedum,spathulifolium,,,,native,S5,,49.012647219999998,-123.574812100000003,,NA,NA,"59926991",obs_native,file:///D:/Simon/Sync/Root/GIS/Biodiversity%20Data/obs_native.csv?type=csv&maxFields=10000&detectTypes=yes&xField=longitude&yField=latitude&crs=EPSG:4326&spatialIndex=no&subsetIndex=no&watchFile=no
"8055",Sedum spathulifolium,Sedum,spathulifolium,,,,native,S5,,48.871540000000003,-123.311616400000005,,NA,NA,"59943212",obs_native,file:///D:/Simon/Sync/Root/GIS/Biodiversity%20Data/obs_native.csv?type=csv&maxFields=10000&detectTypes=yes&xField=longitude&yField=latitude&crs=EPSG:4326&spatialIndex=no&subsetIndex=no&watchFile=no
"8056",Sedum spathulifolium,Sedum,spathulifolium,,,,native,S5,,48.915541390000001,-123.427509299999997,,NA,NA,"61040140",obs_native,file:///D:/Simon/Sync/Root/GIS/Biodiversity%20Data/obs_native.csv?type=csv&maxFields=10000&detectTypes=yes&xField=longitude&yField=latitude&crs=EPSG:4326&spatialIndex=no&subsetIndex=no&watchFile=no
"8057",Sedum spathulifolium,Sedum,spathulifolium,,,,native,S5,,48.982838829999999,-123.555013500000001,,NA,NA,"61501445",obs_native,file:///D:/Simon/Sync/Root/GIS/Biodiversity%20Data/obs_native.csv?type=csv&maxFields=10000&detectTypes=yes&xField=longitude&yField=latitude&crs=EPSG:4326&spatialIndex=no&subsetIndex=no&watchFile=no
"8058",Sedum spathulifolium,Sedum,spathulifolium,,,,native,S5,,49.013836670000003,-123.573715000000007,,NA,NA,"68992597",obs_native,file:///D:/Simon/Sync/Root/GIS/Biodiversity%20Data/obs_native.csv?type=csv&maxFields=10000&detectTypes=yes&xField=longitude&yField=latitude&crs=EPSG:4326&spatialIndex=no&subsetIndex=no&watchFile=no
"8059",Sedum spathulifolium,Sedum,spathulifolium,,,,native,S5,,48.941668319999998,-123.501194200000000,,NA,NA,"70635948",obs_native,file:///D:/Simon/Sync/Root/GIS/Biodiversity%20Data/obs_native.csv?type=csv&maxFields=10000&detectTypes=yes&xField=longitude&yField=latitude&crs=EPSG:4326&spatialIndex=no&subsetIndex=no&watchFile=no
"8060",Sedum spathulifolium,Sedum,spathulifolium,,,,native,S5,,48.942531670000001,-123.500798300000000,,NA,NA,"72321438",obs_native,file:///D:/Simon/Sync/Root/GIS/Biodiversity%20Data/obs_native.csv?type=csv&maxFields=10000&detectTypes=yes&xField=longitude&yField=latitude&crs=EPSG:4326&spatialIndex=no&subsetIndex=no&watchFile=no
"8061",Sedum spathulifolium,Sedum,spathulifolium,,,,native,S5,,49.011015219999997,-123.577427900000004,,NA,NA,"74339729",obs_native,file:///D:/Simon/Sync/Root/GIS/Biodiversity%20Data/obs_native.csv?type=csv&maxFields=10000&detectTypes=yes&xField=longitude&yField=latitude&crs=EPSG:4326&spatialIndex=no&subsetIndex=no&watchFile=no
"8062",Sedum spathulifolium,Sedum,spathulifolium,,,,native,S5,,48.929611670000000,-123.468108299999997,,NA,NA,"75549084",obs_native,file:///D:/Simon/Sync/Root/GIS/Biodiversity%20Data/obs_native.csv?type=csv&maxFields=10000&detectTypes=yes&xField=longitude&yField=latitude&crs=EPSG:4326&spatialIndex=no&subsetIndex=no&watchFile=no
"8063",Sedum spathulifolium,Sedum,spathulifolium,,,,native,S5,,48.900241670000000,-123.445380000000000,,NA,NA,"79739407",obs_native,file:///D:/Simon/Sync/Root/GIS/Biodiversity%20Data/obs_native.csv?type=csv&maxFields=10000&detectTypes=yes&xField=longitude&yField=latitude&crs=EPSG:4326&spatialIndex=no&subsetIndex=no&watchFile=no
"8064",Sedum spathulifolium,Sedum,spathulifolium,,,,native,S5,,48.952711669999999,-123.533361700000000,,NA,NA,"83196205",obs_native,file:///D:/Simon/Sync/Root/GIS/Biodiversity%20Data/obs_native.csv?type=csv&maxFields=10000&detectTypes=yes&xField=longitude&yField=latitude&crs=EPSG:4326&spatialIndex=no&subsetIndex=no&watchFile=no
"8065",Sedum spathulifolium,Sedum,spathulifolium,,,,native,S5,,49.004307990000001,-123.566995899999995,,NA,NA,"83606789",obs_native,file:///D:/Simon/Sync/Root/GIS/Biodiversity%20Data/obs_native.csv?type=csv&maxFields=10000&detectTypes=yes&xField=longitude&yField=latitude&crs=EPSG:4326&spatialIndex=no&subsetIndex=no&watchFile=no
"8066",Sedum spathulifolium,Sedum,spathulifolium,,,,native,S5,,48.926763299999998,-123.468486700000000,,NA,NA,"84251126",obs_native,file:///D:/Simon/Sync/Root/GIS/Biodiversity%20Data/obs_native.csv?type=csv&maxFields=10000&detectTypes=yes&xField=longitude&yField=latitude&crs=EPSG:4326&spatialIndex=no&subsetIndex=no&watchFile=no
"8067",Sedum spathulifolium,Sedum,spathulifolium,,,,native,S5,,48.890990000000002,-123.380242999999993,,NA,NA,"84268074",obs_native,file:///D:/Simon/Sync/Root/GIS/Biodiversity%20Data/obs_native.csv?type=csv&maxFields=10000&detectTypes=yes&xField=longitude&yField=latitude&crs=EPSG:4326&spatialIndex=no&subsetIndex=no&watchFile=no
"8068",Sedum spathulifolium,Sedum,spathulifolium,,,,native,S5,,48.927050000000001,-123.469215000000005,,NA,NA,"84388544",obs_native,file:///D:/Simon/Sync/Root/GIS/Biodiversity%20Data/obs_native.csv?type=csv&maxFields=10000&detectTypes=yes&xField=longitude&yField=latitude&crs=EPSG:4326&spatialIndex=no&subsetIndex=no&watchFile=no
"8069",Sedum spathulifolium,Sedum,spathulifolium,,,,native,S5,,48.929575340000000,-123.469615300000001,,NA,NA,"84491469",obs_native,file:///D:/Simon/Sync/Root/GIS/Biodiversity%20Data/obs_native.csv?type=csv&maxFields=10000&detectTypes=yes&xField=longitude&yField=latitude&crs=EPSG:4326&spatialIndex=no&subsetIndex=no&watchFile=no
"8070",Sedum spathulifolium,Sedum,spathulifolium,,,,native,S5,,48.928116869999997,-123.467768000000007,,NA,NA,"84756987",obs_native,file:///D:/Simon/Sync/Root/GIS/Biodiversity%20Data/obs_native.csv?type=csv&maxFields=10000&detectTypes=yes&xField=longitude&yField=latitude&crs=EPSG:4326&spatialIndex=no&subsetIndex=no&watchFile=no
"8071",Sedum spathulifolium,Sedum,spathulifolium,,,,native,S5,,48.941854999999997,-123.502196699999999,,NA,NA,"90751719",obs_native,file:///D:/Simon/Sync/Root/GIS/Biodiversity%20Data/obs_native.csv?type=csv&maxFields=10000&detectTypes=yes&xField=longitude&yField=latitude&crs=EPSG:4326&spatialIndex=no&subsetIndex=no&watchFile=no
"8072",Sedum spathulifolium,Sedum,spathulifolium,,,,native,S5,,48.942311830000001,-123.511581199999995,,NA,NA,"101350157",obs_native,file:///D:/Simon/Sync/Root/GIS/Biodiversity%20Data/obs_native.csv?type=csv&maxFields=10000&detectTypes=yes&xField=longitude&yField=latitude&crs=EPSG:4326&spatialIndex=no&subsetIndex=no&watchFile=no
"8073",Sedum spathulifolium,Sedum,spathulifolium,,,,native,S5,,48.878752800000001,-123.314943999999997,,NA,NA,"102671380",obs_native,file:///D:/Simon/Sync/Root/GIS/Biodiversity%20Data/obs_native.csv?type=csv&maxFields=10000&detectTypes=yes&xField=longitude&yField=latitude&crs=EPSG:4326&spatialIndex=no&subsetIndex=no&watchFile=no
"8074",Sedum spathulifolium,Sedum,spathulifolium,,,,native,S5,,49.011741669999999,-123.581170000000000,,NA,NA,"105353850",obs_native,file:///D:/Simon/Sync/Root/GIS/Biodiversity%20Data/obs_native.csv?type=csv&maxFields=10000&detectTypes=yes&xField=longitude&yField=latitude&crs=EPSG:4326&spatialIndex=no&subsetIndex=no&watchFile=no
"8075",Sedum spathulifolium,Sedum,spathulifolium,,,,native,S5,,48.892338330000001,-123.351020000000005,,NA,NA,"105893929",obs_native,file:///D:/Simon/Sync/Root/GIS/Biodiversity%20Data/obs_native.csv?type=csv&maxFields=10000&detectTypes=yes&xField=longitude&yField=latitude&crs=EPSG:4326&spatialIndex=no&subsetIndex=no&watchFile=no
"8076",Sedum spathulifolium,Sedum,spathulifolium,,,,native,S5,,49.010566670000003,-123.570838300000005,,NA,NA,"107164084",obs_native,file:///D:/Simon/Sync/Root/GIS/Biodiversity%20Data/obs_native.csv?type=csv&maxFields=10000&detectTypes=yes&xField=longitude&yField=latitude&crs=EPSG:4326&spatialIndex=no&subsetIndex=no&watchFile=no
"8077",Sedum spathulifolium,Sedum,spathulifolium,,,,native,S5,,48.942562299999999,-123.511491899999996,,NA,NA,"107193930",obs_native,file:///D:/Simon/Sync/Root/GIS/Biodiversity%20Data/obs_native.csv?type=csv&maxFields=10000&detectTypes=yes&xField=longitude&yField=latitude&crs=EPSG:4326&spatialIndex=no&subsetIndex=no&watchFile=no
"8078",Sedum spathulifolium,Sedum,spathulifolium,,,,native,S5,,48.944625000000002,-123.518386699999994,,NA,NA,"107431590",obs_native,file:///D:/Simon/Sync/Root/GIS/Biodiversity%20Data/obs_native.csv?type=csv&maxFields=10000&detectTypes=yes&xField=longitude&yField=latitude&crs=EPSG:4326&spatialIndex=no&subsetIndex=no&watchFile=no
"8079",Sedum spathulifolium,Sedum,spathulifolium,,,,native,S5,,48.939918499999997,-123.501261400000004,,NA,NA,"107676348",obs_native,file:///D:/Simon/Sync/Root/GIS/Biodiversity%20Data/obs_native.csv?type=csv&maxFields=10000&detectTypes=yes&xField=longitude&yField=latitude&crs=EPSG:4326&spatialIndex=no&subsetIndex=no&watchFile=no
"8080",Sedum spathulifolium,Sedum,spathulifolium,,,,native,S5,,48.939187599999997,-123.501149299999994,,NA,NA,"107678635",obs_native,file:///D:/Simon/Sync/Root/GIS/Biodiversity%20Data/obs_native.csv?type=csv&maxFields=10000&detectTypes=yes&xField=longitude&yField=latitude&crs=EPSG:4326&spatialIndex=no&subsetIndex=no&watchFile=no
"8081",Sedum spathulifolium,Sedum,spathulifolium,,,,native,S5,,48.929203330000000,-123.475149999999999,,NA,NA,"108088514",obs_native,file:///D:/Simon/Sync/Root/GIS/Biodiversity%20Data/obs_native.csv?type=csv&maxFields=10000&detectTypes=yes&xField=longitude&yField=latitude&crs=EPSG:4326&spatialIndex=no&subsetIndex=no&watchFile=no
"8082",Sedum spathulifolium,Sedum,spathulifolium,,,,native,S5,,48.952633329999998,-123.533446699999999,,NA,NA,"109624004",obs_native,file:///D:/Simon/Sync/Root/GIS/Biodiversity%20Data/obs_native.csv?type=csv&maxFields=10000&detectTypes=yes&xField=longitude&yField=latitude&crs=EPSG:4326&spatialIndex=no&subsetIndex=no&watchFile=no
"8083",Sedum spathulifolium,Sedum,spathulifolium,,,,native,S5,,48.915858989999997,-123.392761899999996,,NA,NA,"110152168",obs_native,file:///D:/Simon/Sync/Root/GIS/Biodiversity%20Data/obs_native.csv?type=csv&maxFields=10000&detectTypes=yes&xField=longitude&yField=latitude&crs=EPSG:4326&spatialIndex=no&subsetIndex=no&watchFile=no
"8084",Sedum spathulifolium,Sedum,spathulifolium,,,,native,S5,,48.917324999999998,-123.395661700000005,,NA,NA,"110301784",obs_native,file:///D:/Simon/Sync/Root/GIS/Biodiversity%20Data/obs_native.csv?type=csv&maxFields=10000&detectTypes=yes&xField=longitude&yField=latitude&crs=EPSG:4326&spatialIndex=no&subsetIndex=no&watchFile=no
"8085",Sedum spathulifolium,Sedum,spathulifolium,,,,native,S5,,48.906365000000001,-123.361456700000005,,NA,NA,"111052876",obs_native,file:///D:/Simon/Sync/Root/GIS/Biodiversity%20Data/obs_native.csv?type=csv&maxFields=10000&detectTypes=yes&xField=longitude&yField=latitude&crs=EPSG:4326&spatialIndex=no&subsetIndex=no&watchFile=no
"8086",Sedum spathulifolium,Sedum,spathulifolium,,,,native,S5,,48.952533330000001,-123.533416700000004,,NA,NA,"111108598",obs_native,file:///D:/Simon/Sync/Root/GIS/Biodiversity%20Data/obs_native.csv?type=csv&maxFields=10000&detectTypes=yes&xField=longitude&yField=latitude&crs=EPSG:4326&spatialIndex=no&subsetIndex=no&watchFile=no
"8087",Sedum spathulifolium,Sedum,spathulifolium,,,,native,S5,,48.899239399999999,-123.406497999999999,,NA,NA,"111664811",obs_native,file:///D:/Simon/Sync/Root/GIS/Biodiversity%20Data/obs_native.csv?type=csv&maxFields=10000&detectTypes=yes&xField=longitude&yField=latitude&crs=EPSG:4326&spatialIndex=no&subsetIndex=no&watchFile=no
"8088",Sedum spathulifolium,Sedum,spathulifolium,,,,native,S5,,48.915530560000001,-123.423805599999994,,NA,NA,"111975263",obs_native,file:///D:/Simon/Sync/Root/GIS/Biodiversity%20Data/obs_native.csv?type=csv&maxFields=10000&detectTypes=yes&xField=longitude&yField=latitude&crs=EPSG:4326&spatialIndex=no&subsetIndex=no&watchFile=no
"8089",Sedum spathulifolium,Sedum,spathulifolium,,,,native,S5,,48.939256850000000,-123.501213399999997,,NA,NA,"112017901",obs_native,file:///D:/Simon/Sync/Root/GIS/Biodiversity%20Data/obs_native.csv?type=csv&maxFields=10000&detectTypes=yes&xField=longitude&yField=latitude&crs=EPSG:4326&spatialIndex=no&subsetIndex=no&watchFile=no
"8090",Sedum spathulifolium,Sedum,spathulifolium,,,,native,S5,,48.929428330000000,-123.476044999999999,,NA,NA,"113299377",obs_native,file:///D:/Simon/Sync/Root/GIS/Biodiversity%20Data/obs_native.csv?type=csv&maxFields=10000&detectTypes=yes&xField=longitude&yField=latitude&crs=EPSG:4326&spatialIndex=no&subsetIndex=no&watchFile=no
"8091",Sedum spathulifolium,Sedum,spathulifolium,,,,native,S5,,48.909308330000002,-123.370478300000002,,NA,NA,"114482174",obs_native,file:///D:/Simon/Sync/Root/GIS/Biodiversity%20Data/obs_native.csv?type=csv&maxFields=10000&detectTypes=yes&xField=longitude&yField=latitude&crs=EPSG:4326&spatialIndex=no&subsetIndex=no&watchFile=no
"8092",Sedum spathulifolium,Sedum,spathulifolium,,,,native,S5,,48.871546670000001,-123.310713300000003,,NA,NA,"116239384",obs_native,file:///D:/Simon/Sync/Root/GIS/Biodiversity%20Data/obs_native.csv?type=csv&maxFields=10000&detectTypes=yes&xField=longitude&yField=latitude&crs=EPSG:4326&spatialIndex=no&subsetIndex=no&watchFile=no
"8093",Sedum spathulifolium,Sedum,spathulifolium,,,,native,S5,,48.863453329999999,-123.313254999999998,,NA,NA,"116784849",obs_native,file:///D:/Simon/Sync/Root/GIS/Biodiversity%20Data/obs_native.csv?type=csv&maxFields=10000&detectTypes=yes&xField=longitude&yField=latitude&crs=EPSG:4326&spatialIndex=no&subsetIndex=no&watchFile=no
"8094",Sedum spathulifolium,Sedum,spathulifolium,,,,native,S5,,48.863453329999999,-123.313254999999998,,NA,NA,"116791788",obs_native,file:///D:/Simon/Sync/Root/GIS/Biodiversity%20Data/obs_native.csv?type=csv&maxFields=10000&detectTypes=yes&xField=longitude&yField=latitude&crs=EPSG:4326&spatialIndex=no&subsetIndex=no&watchFile=no
"8095",Sedum spathulifolium,Sedum,spathulifolium,,,,native,S5,,48.957326790000003,-123.530194100000003,,NA,NA,"117203494",obs_native,file:///D:/Simon/Sync/Root/GIS/Biodiversity%20Data/obs_native.csv?type=csv&maxFields=10000&detectTypes=yes&xField=longitude&yField=latitude&crs=EPSG:4326&spatialIndex=no&subsetIndex=no&watchFile=no
"8096",Sedum spathulifolium,Sedum,spathulifolium,,,,native,S5,,48.939524100000000,-123.500751800000003,,NA,NA,"117239112",obs_native,file:///D:/Simon/Sync/Root/GIS/Biodiversity%20Data/obs_native.csv?type=csv&maxFields=10000&detectTypes=yes&xField=longitude&yField=latitude&crs=EPSG:4326&spatialIndex=no&subsetIndex=no&watchFile=no
"8097",Sedum spathulifolium,Sedum,spathulifolium,,,,native,S5,,48.939524100000000,-123.500751800000003,,NA,NA,"117239113",obs_native,file:///D:/Simon/Sync/Root/GIS/Biodiversity%20Data/obs_native.csv?type=csv&maxFields=10000&detectTypes=yes&xField=longitude&yField=latitude&crs=EPSG:4326&spatialIndex=no&subsetIndex=no&watchFile=no
"8098",Sedum spathulifolium,Sedum,spathulifolium,,,,native,S5,,48.913640239999999,-123.387079799999995,,NA,NA,"117325516",obs_native,file:///D:/Simon/Sync/Root/GIS/Biodiversity%20Data/obs_native.csv?type=csv&maxFields=10000&detectTypes=yes&xField=longitude&yField=latitude&crs=EPSG:4326&spatialIndex=no&subsetIndex=no&watchFile=no
"8099",Sedum spathulifolium,Sedum,spathulifolium,,,,native,S5,,48.893636669999999,-123.403488300000006,,NA,NA,"118983541",obs_native,file:///D:/Simon/Sync/Root/GIS/Biodiversity%20Data/obs_native.csv?type=csv&maxFields=10000&detectTypes=yes&xField=longitude&yField=latitude&crs=EPSG:4326&spatialIndex=no&subsetIndex=no&watchFile=no
"8100",Sedum spathulifolium,Sedum,spathulifolium,,,,native,S5,,48.949294999999999,-123.483916699999995,,NA,NA,"120353930",obs_native,file:///D:/Simon/Sync/Root/GIS/Biodiversity%20Data/obs_native.csv?type=csv&maxFields=10000&detectTypes=yes&xField=longitude&yField=latitude&crs=EPSG:4326&spatialIndex=no&subsetIndex=no&watchFile=no
"8101",Sedum spathulifolium,Sedum,spathulifolium,,,,native,S5,,48.897404999999999,-123.338463300000001,,NA,NA,"120494811",obs_native,file:///D:/Simon/Sync/Root/GIS/Biodiversity%20Data/obs_native.csv?type=csv&maxFields=10000&detectTypes=yes&xField=longitude&yField=latitude&crs=EPSG:4326&spatialIndex=no&subsetIndex=no&watchFile=no
"8102",Sedum spathulifolium,Sedum,spathulifolium,,,,native,S5,,48.909493959999999,-123.373618399999998,,NA,NA,"120566126",obs_native,file:///D:/Simon/Sync/Root/GIS/Biodiversity%20Data/obs_native.csv?type=csv&maxFields=10000&detectTypes=yes&xField=longitude&yField=latitude&crs=EPSG:4326&spatialIndex=no&subsetIndex=no&watchFile=no
"8103",Sedum spathulifolium,Sedum,spathulifolium,,,,native,S5,,48.867624999999997,-123.338966700000000,,NA,NA,"120820030",obs_native,file:///D:/Simon/Sync/Root/GIS/Biodiversity%20Data/obs_native.csv?type=csv&maxFields=10000&detectTypes=yes&xField=longitude&yField=latitude&crs=EPSG:4326&spatialIndex=no&subsetIndex=no&watchFile=no
"8104",Sedum spathulifolium,Sedum,spathulifolium,,,,native,S5,,48.952620420000002,-123.533264000000003,,NA,NA,"121374083",obs_native,file:///D:/Simon/Sync/Root/GIS/Biodiversity%20Data/obs_native.csv?type=csv&maxFields=10000&detectTypes=yes&xField=longitude&yField=latitude&crs=EPSG:4326&spatialIndex=no&subsetIndex=no&watchFile=no
"8105",Sedum spathulifolium,Sedum,spathulifolium,,,,native,S5,,48.900385460000003,-123.403354899999997,,NA,NA,"121739082",obs_native,file:///D:/Simon/Sync/Root/GIS/Biodiversity%20Data/obs_native.csv?type=csv&maxFields=10000&detectTypes=yes&xField=longitude&yField=latitude&crs=EPSG:4326&spatialIndex=no&subsetIndex=no&watchFile=no
"8106",Sedum spathulifolium,Sedum,spathulifolium,,,,native,S5,,48.954878909999998,-123.538207799999995,,NA,NA,"123934423",obs_native,file:///D:/Simon/Sync/Root/GIS/Biodiversity%20Data/obs_native.csv?type=csv&maxFields=10000&detectTypes=yes&xField=longitude&yField=latitude&crs=EPSG:4326&spatialIndex=no&subsetIndex=no&watchFile=no
"8107",Sedum spathulifolium,Sedum,spathulifolium,,,,native,S5,,49.014028330000002,-123.573763299999996,,NA,NA,"123934606",obs_native,file:///D:/Simon/Sync/Root/GIS/Biodiversity%20Data/obs_native.csv?type=csv&maxFields=10000&detectTypes=yes&xField=longitude&yField=latitude&crs=EPSG:4326&spatialIndex=no&subsetIndex=no&watchFile=no
"8108",Sedum spathulifolium,Sedum,spathulifolium,,,,native,S5,,48.865856719999996,-123.336639399999996,,NA,NA,"124493959",obs_native,file:///D:/Simon/Sync/Root/GIS/Biodiversity%20Data/obs_native.csv?type=csv&maxFields=10000&detectTypes=yes&xField=longitude&yField=latitude&crs=EPSG:4326&spatialIndex=no&subsetIndex=no&watchFile=no
"8109",Sedum spathulifolium,Sedum,spathulifolium,,,,native,S5,,48.984386250000000,-123.543472899999998,,NA,NA,"125655404",obs_native,file:///D:/Simon/Sync/Root/GIS/Biodiversity%20Data/obs_native.csv?type=csv&maxFields=10000&detectTypes=yes&xField=longitude&yField=latitude&crs=EPSG:4326&spatialIndex=no&subsetIndex=no&watchFile=no
"8110",Sedum spathulifolium,Sedum,spathulifolium,,,,native,S5,,48.895475580000003,-123.410466600000007,,NA,NA,"126310693",obs_native,file:///D:/Simon/Sync/Root/GIS/Biodiversity%20Data/obs_native.csv?type=csv&maxFields=10000&detectTypes=yes&xField=longitude&yField=latitude&crs=EPSG:4326&spatialIndex=no&subsetIndex=no&watchFile=no
"8111",Sedum spathulifolium,Sedum,spathulifolium,,,,native,S5,,49.013599470000003,-123.573027600000003,,NA,NA,"126742095",obs_native,file:///D:/Simon/Sync/Root/GIS/Biodiversity%20Data/obs_native.csv?type=csv&maxFields=10000&detectTypes=yes&xField=longitude&yField=latitude&crs=EPSG:4326&spatialIndex=no&subsetIndex=no&watchFile=no
"8112",Sedum spathulifolium,Sedum,spathulifolium,,,,native,S5,,48.862034749999999,-123.320732199999995,,NA,NA,"127157375",obs_native,file:///D:/Simon/Sync/Root/GIS/Biodiversity%20Data/obs_native.csv?type=csv&maxFields=10000&detectTypes=yes&xField=longitude&yField=latitude&crs=EPSG:4326&spatialIndex=no&subsetIndex=no&watchFile=no
"8113",Sedum spathulifolium,Sedum,spathulifolium,,,,native,S5,,48.862049270000000,-123.320754800000003,,NA,NA,"127180973",obs_native,file:///D:/Simon/Sync/Root/GIS/Biodiversity%20Data/obs_native.csv?type=csv&maxFields=10000&detectTypes=yes&xField=longitude&yField=latitude&crs=EPSG:4326&spatialIndex=no&subsetIndex=no&watchFile=no
"8114",Sedum spathulifolium,Sedum,spathulifolium,,,,native,S5,,48.952525000000001,-123.533254999999997,,NA,NA,"130174137",obs_native,file:///D:/Simon/Sync/Root/GIS/Biodiversity%20Data/obs_native.csv?type=csv&maxFields=10000&detectTypes=yes&xField=longitude&yField=latitude&crs=EPSG:4326&spatialIndex=no&subsetIndex=no&watchFile=no
"8115",Sedum spathulifolium,Sedum,spathulifolium,,,,native,S5,,48.939227780000003,-123.501194400000003,,NA,NA,"131933495",obs_native,file:///D:/Simon/Sync/Root/GIS/Biodiversity%20Data/obs_native.csv?type=csv&maxFields=10000&detectTypes=yes&xField=longitude&yField=latitude&crs=EPSG:4326&spatialIndex=no&subsetIndex=no&watchFile=no
"8116",Sedum spathulifolium,Sedum,spathulifolium,,,,native,S5,,48.893711670000002,-123.404174999999995,,NA,NA,"132886539",obs_native,file:///D:/Simon/Sync/Root/GIS/Biodiversity%20Data/obs_native.csv?type=csv&maxFields=10000&detectTypes=yes&xField=longitude&yField=latitude&crs=EPSG:4326&spatialIndex=no&subsetIndex=no&watchFile=no
"8117",Sedum spathulifolium,Sedum,spathulifolium,,,,native,S5,,48.895796670000003,-123.410446699999994,,NA,NA,"135462347",obs_native,file:///D:/Simon/Sync/Root/GIS/Biodiversity%20Data/obs_native.csv?type=csv&maxFields=10000&detectTypes=yes&xField=longitude&yField=latitude&crs=EPSG:4326&spatialIndex=no&subsetIndex=no&watchFile=no
"8118",Sedum spathulifolium,Sedum,spathulifolium,,,,native,S5,,48.956673049999999,-123.500006400000004,,NA,NA,"136068359",obs_native,file:///D:/Simon/Sync/Root/GIS/Biodiversity%20Data/obs_native.csv?type=csv&maxFields=10000&detectTypes=yes&xField=longitude&yField=latitude&crs=EPSG:4326&spatialIndex=no&subsetIndex=no&watchFile=no
"8119",Selaginella wallacei,Selaginella,wallacei,,,,native,S5,,48.930337999999999,-123.476371999999998,,NA,NA,"2566424",obs_native,file:///D:/Simon/Sync/Root/GIS/Biodiversity%20Data/obs_native.csv?type=csv&maxFields=10000&detectTypes=yes&xField=longitude&yField=latitude&crs=EPSG:4326&spatialIndex=no&subsetIndex=no&watchFile=no
"8120",Selaginella wallacei,Selaginella,wallacei,,,,native,S5,,48.925347000000002,-123.461652000000001,,NA,NA,"2585078",obs_native,file:///D:/Simon/Sync/Root/GIS/Biodiversity%20Data/obs_native.csv?type=csv&maxFields=10000&detectTypes=yes&xField=longitude&yField=latitude&crs=EPSG:4326&spatialIndex=no&subsetIndex=no&watchFile=no
"8121",Selaginella wallacei,Selaginella,wallacei,,,,native,S5,,48.983272999999997,-123.556451999999993,,NA,NA,"2615161",obs_native,file:///D:/Simon/Sync/Root/GIS/Biodiversity%20Data/obs_native.csv?type=csv&maxFields=10000&detectTypes=yes&xField=longitude&yField=latitude&crs=EPSG:4326&spatialIndex=no&subsetIndex=no&watchFile=no
"8122",Selaginella wallacei,Selaginella,wallacei,,,,native,S5,,48.863484000000000,-123.364834999999999,,NA,NA,"2626839",obs_native,file:///D:/Simon/Sync/Root/GIS/Biodiversity%20Data/obs_native.csv?type=csv&maxFields=10000&detectTypes=yes&xField=longitude&yField=latitude&crs=EPSG:4326&spatialIndex=no&subsetIndex=no&watchFile=no
"8123",Selaginella wallacei,Selaginella,wallacei,,,,native,S5,,48.866764000000003,-123.336060000000003,,NA,NA,"3028781",obs_native,file:///D:/Simon/Sync/Root/GIS/Biodiversity%20Data/obs_native.csv?type=csv&maxFields=10000&detectTypes=yes&xField=longitude&yField=latitude&crs=EPSG:4326&spatialIndex=no&subsetIndex=no&watchFile=no
"8124",Selaginella wallacei,Selaginella,wallacei,,,,native,S5,,48.915923999999997,-123.425291999999999,,NA,NA,"3340653",obs_native,file:///D:/Simon/Sync/Root/GIS/Biodiversity%20Data/obs_native.csv?type=csv&maxFields=10000&detectTypes=yes&xField=longitude&yField=latitude&crs=EPSG:4326&spatialIndex=no&subsetIndex=no&watchFile=no
"8125",Selaginella wallacei,Selaginella,wallacei,,,,native,S5,,48.867016999999997,-123.337788000000003,,NA,NA,"4410981",obs_native,file:///D:/Simon/Sync/Root/GIS/Biodiversity%20Data/obs_native.csv?type=csv&maxFields=10000&detectTypes=yes&xField=longitude&yField=latitude&crs=EPSG:4326&spatialIndex=no&subsetIndex=no&watchFile=no
"8126",Selaginella wallacei,Selaginella,wallacei,,,,native,S5,,48.868045960000003,-123.376979800000001,,NA,NA,"6216770",obs_native,file:///D:/Simon/Sync/Root/GIS/Biodiversity%20Data/obs_native.csv?type=csv&maxFields=10000&detectTypes=yes&xField=longitude&yField=latitude&crs=EPSG:4326&spatialIndex=no&subsetIndex=no&watchFile=no
"8127",Selaginella wallacei,Selaginella,wallacei,,,,native,S5,,48.875363999999998,-123.384596999999999,,NA,NA,"6818177",obs_native,file:///D:/Simon/Sync/Root/GIS/Biodiversity%20Data/obs_native.csv?type=csv&maxFields=10000&detectTypes=yes&xField=longitude&yField=latitude&crs=EPSG:4326&spatialIndex=no&subsetIndex=no&watchFile=no
"8128",Selaginella wallacei,Selaginella,wallacei,,,,native,S5,,48.868616670000002,-123.341224999999994,,NA,NA,"10337231",obs_native,file:///D:/Simon/Sync/Root/GIS/Biodiversity%20Data/obs_native.csv?type=csv&maxFields=10000&detectTypes=yes&xField=longitude&yField=latitude&crs=EPSG:4326&spatialIndex=no&subsetIndex=no&watchFile=no
"8129",Selaginella wallacei,Selaginella,wallacei,,,,native,S5,,48.913494999999998,-123.386846700000007,,NA,NA,"10556568",obs_native,file:///D:/Simon/Sync/Root/GIS/Biodiversity%20Data/obs_native.csv?type=csv&maxFields=10000&detectTypes=yes&xField=longitude&yField=latitude&crs=EPSG:4326&spatialIndex=no&subsetIndex=no&watchFile=no
"8130",Selaginella wallacei,Selaginella,wallacei,,,,native,S5,,48.909626670000002,-123.375026700000006,,NA,NA,"13973814",obs_native,file:///D:/Simon/Sync/Root/GIS/Biodiversity%20Data/obs_native.csv?type=csv&maxFields=10000&detectTypes=yes&xField=longitude&yField=latitude&crs=EPSG:4326&spatialIndex=no&subsetIndex=no&watchFile=no
"8131",Selaginella wallacei,Selaginella,wallacei,,,,native,S5,,48.916180349999998,-123.393270999999999,,NA,NA,"14547623",obs_native,file:///D:/Simon/Sync/Root/GIS/Biodiversity%20Data/obs_native.csv?type=csv&maxFields=10000&detectTypes=yes&xField=longitude&yField=latitude&crs=EPSG:4326&spatialIndex=no&subsetIndex=no&watchFile=no
"8132",Selaginella wallacei,Selaginella,wallacei,,,,native,S5,,48.928183330000003,-123.467888900000005,,NA,NA,"19130369",obs_native,file:///D:/Simon/Sync/Root/GIS/Biodiversity%20Data/obs_native.csv?type=csv&maxFields=10000&detectTypes=yes&xField=longitude&yField=latitude&crs=EPSG:4326&spatialIndex=no&subsetIndex=no&watchFile=no
"8133",Selaginella wallacei,Selaginella,wallacei,,,,native,S5,,48.868197219999999,-123.377449999999996,,NA,NA,"24687965",obs_native,file:///D:/Simon/Sync/Root/GIS/Biodiversity%20Data/obs_native.csv?type=csv&maxFields=10000&detectTypes=yes&xField=longitude&yField=latitude&crs=EPSG:4326&spatialIndex=no&subsetIndex=no&watchFile=no
"8134",Selaginella wallacei,Selaginella,wallacei,,,,native,S5,,48.868316669999999,-123.376563899999994,,NA,NA,"24688050",obs_native,file:///D:/Simon/Sync/Root/GIS/Biodiversity%20Data/obs_native.csv?type=csv&maxFields=10000&detectTypes=yes&xField=longitude&yField=latitude&crs=EPSG:4326&spatialIndex=no&subsetIndex=no&watchFile=no
"8135",Selaginella wallacei,Selaginella,wallacei,,,,native,S5,,48.901345310000004,-123.405704099999994,,NA,NA,"24715593",obs_native,file:///D:/Simon/Sync/Root/GIS/Biodiversity%20Data/obs_native.csv?type=csv&maxFields=10000&detectTypes=yes&xField=longitude&yField=latitude&crs=EPSG:4326&spatialIndex=no&subsetIndex=no&watchFile=no
"8136",Selaginella wallacei,Selaginella,wallacei,,,,native,S5,,48.900736190000003,-123.404438200000001,,NA,NA,"24919348",obs_native,file:///D:/Simon/Sync/Root/GIS/Biodiversity%20Data/obs_native.csv?type=csv&maxFields=10000&detectTypes=yes&xField=longitude&yField=latitude&crs=EPSG:4326&spatialIndex=no&subsetIndex=no&watchFile=no
"8137",Selaginella wallacei,Selaginella,wallacei,,,,native,S5,,48.900801950000002,-123.404429600000000,,NA,NA,"24939712",obs_native,file:///D:/Simon/Sync/Root/GIS/Biodiversity%20Data/obs_native.csv?type=csv&maxFields=10000&detectTypes=yes&xField=longitude&yField=latitude&crs=EPSG:4326&spatialIndex=no&subsetIndex=no&watchFile=no
"8138",Selaginella wallacei,Selaginella,wallacei,,,,native,S5,,48.872475000000001,-123.311058299999999,,NA,NA,"25048297",obs_native,file:///D:/Simon/Sync/Root/GIS/Biodiversity%20Data/obs_native.csv?type=csv&maxFields=10000&detectTypes=yes&xField=longitude&yField=latitude&crs=EPSG:4326&spatialIndex=no&subsetIndex=no&watchFile=no
"8139",Selaginella wallacei,Selaginella,wallacei,,,,native,S5,,48.900897219999997,-123.404616700000005,,NA,NA,"25559594",obs_native,file:///D:/Simon/Sync/Root/GIS/Biodiversity%20Data/obs_native.csv?type=csv&maxFields=10000&detectTypes=yes&xField=longitude&yField=latitude&crs=EPSG:4326&spatialIndex=no&subsetIndex=no&watchFile=no
"8140",Selaginella wallacei,Selaginella,wallacei,,,,native,S5,,48.867984999999997,-123.340748300000001,,NA,NA,"68992577",obs_native,file:///D:/Simon/Sync/Root/GIS/Biodiversity%20Data/obs_native.csv?type=csv&maxFields=10000&detectTypes=yes&xField=longitude&yField=latitude&crs=EPSG:4326&spatialIndex=no&subsetIndex=no&watchFile=no
"8141",Selaginella wallacei,Selaginella,wallacei,,,,native,S5,,48.859808800000003,-123.355782000000005,,NA,NA,"70526961",obs_native,file:///D:/Simon/Sync/Root/GIS/Biodiversity%20Data/obs_native.csv?type=csv&maxFields=10000&detectTypes=yes&xField=longitude&yField=latitude&crs=EPSG:4326&spatialIndex=no&subsetIndex=no&watchFile=no
"8142",Selaginella wallacei,Selaginella,wallacei,,,,native,S5,,49.011678099999997,-123.575675300000000,,NA,NA,"72276771",obs_native,file:///D:/Simon/Sync/Root/GIS/Biodiversity%20Data/obs_native.csv?type=csv&maxFields=10000&detectTypes=yes&xField=longitude&yField=latitude&crs=EPSG:4326&spatialIndex=no&subsetIndex=no&watchFile=no
"8143",Selaginella wallacei,Selaginella,wallacei,,,,native,S5,,48.943600000000004,-123.506225000000001,,NA,NA,"82359052",obs_native,file:///D:/Simon/Sync/Root/GIS/Biodiversity%20Data/obs_native.csv?type=csv&maxFields=10000&detectTypes=yes&xField=longitude&yField=latitude&crs=EPSG:4326&spatialIndex=no&subsetIndex=no&watchFile=no
"8144",Selaginella wallacei,Selaginella,wallacei,,,,native,S5,,49.012495530000002,-123.575705999999997,,NA,NA,"83603187",obs_native,file:///D:/Simon/Sync/Root/GIS/Biodiversity%20Data/obs_native.csv?type=csv&maxFields=10000&detectTypes=yes&xField=longitude&yField=latitude&crs=EPSG:4326&spatialIndex=no&subsetIndex=no&watchFile=no
"8145",Selaginella wallacei,Selaginella,wallacei,,,,native,S5,,48.867336000000002,-123.338920999999999,,NA,NA,"110937701",obs_native,file:///D:/Simon/Sync/Root/GIS/Biodiversity%20Data/obs_native.csv?type=csv&maxFields=10000&detectTypes=yes&xField=longitude&yField=latitude&crs=EPSG:4326&spatialIndex=no&subsetIndex=no&watchFile=no
"8146",Selaginella wallacei,Selaginella,wallacei,,,,native,S5,,48.952603330000002,-123.533346699999996,,NA,NA,"111107513",obs_native,file:///D:/Simon/Sync/Root/GIS/Biodiversity%20Data/obs_native.csv?type=csv&maxFields=10000&detectTypes=yes&xField=longitude&yField=latitude&crs=EPSG:4326&spatialIndex=no&subsetIndex=no&watchFile=no
"8147",Selaginella wallacei,Selaginella,wallacei,,,,native,S5,,48.865978329999997,-123.369225000000000,,NA,NA,"111609852",obs_native,file:///D:/Simon/Sync/Root/GIS/Biodiversity%20Data/obs_native.csv?type=csv&maxFields=10000&detectTypes=yes&xField=longitude&yField=latitude&crs=EPSG:4326&spatialIndex=no&subsetIndex=no&watchFile=no
"8148",Selaginella wallacei,Selaginella,wallacei,,,,native,S5,,48.862060759999999,-123.320730800000007,,NA,NA,"127157390",obs_native,file:///D:/Simon/Sync/Root/GIS/Biodiversity%20Data/obs_native.csv?type=csv&maxFields=10000&detectTypes=yes&xField=longitude&yField=latitude&crs=EPSG:4326&spatialIndex=no&subsetIndex=no&watchFile=no
"8149",Selaginella wallacei,Selaginella,wallacei,,,,native,S5,,48.862018010000000,-123.320746900000003,,NA,NA,"127180970",obs_native,file:///D:/Simon/Sync/Root/GIS/Biodiversity%20Data/obs_native.csv?type=csv&maxFields=10000&detectTypes=yes&xField=longitude&yField=latitude&crs=EPSG:4326&spatialIndex=no&subsetIndex=no&watchFile=no
"8169",Shepherdia canadensis,Shepherdia,canadensis,,,,native,S5,,48.898238999999997,-123.408056999999999,,NA,NA,"3310896",obs_native,file:///D:/Simon/Sync/Root/GIS/Biodiversity%20Data/obs_native.csv?type=csv&maxFields=10000&detectTypes=yes&xField=longitude&yField=latitude&crs=EPSG:4326&spatialIndex=no&subsetIndex=no&watchFile=no
"8170",Shepherdia canadensis,Shepherdia,canadensis,,,,native,S5,,48.897734589999999,-123.406956199999996,,NA,NA,"6434869",obs_native,file:///D:/Simon/Sync/Root/GIS/Biodiversity%20Data/obs_native.csv?type=csv&maxFields=10000&detectTypes=yes&xField=longitude&yField=latitude&crs=EPSG:4326&spatialIndex=no&subsetIndex=no&watchFile=no
"8171",Shepherdia canadensis,Shepherdia,canadensis,,,,native,S5,,48.896650000000001,-123.410178299999998,,NA,NA,"13974235",obs_native,file:///D:/Simon/Sync/Root/GIS/Biodiversity%20Data/obs_native.csv?type=csv&maxFields=10000&detectTypes=yes&xField=longitude&yField=latitude&crs=EPSG:4326&spatialIndex=no&subsetIndex=no&watchFile=no
"8172",Shepherdia canadensis,Shepherdia,canadensis,,,,native,S5,,48.900994760000003,-123.407065799999998,,NA,NA,"24530888",obs_native,file:///D:/Simon/Sync/Root/GIS/Biodiversity%20Data/obs_native.csv?type=csv&maxFields=10000&detectTypes=yes&xField=longitude&yField=latitude&crs=EPSG:4326&spatialIndex=no&subsetIndex=no&watchFile=no
"8173",Shepherdia canadensis,Shepherdia,canadensis,,,,native,S5,,48.897191059999997,-123.406676200000007,,NA,NA,"24607959",obs_native,file:///D:/Simon/Sync/Root/GIS/Biodiversity%20Data/obs_native.csv?type=csv&maxFields=10000&detectTypes=yes&xField=longitude&yField=latitude&crs=EPSG:4326&spatialIndex=no&subsetIndex=no&watchFile=no
"8174",Shepherdia canadensis,Shepherdia,canadensis,,,,native,S5,,48.898238890000002,-123.407958300000004,,NA,NA,"24701359",obs_native,file:///D:/Simon/Sync/Root/GIS/Biodiversity%20Data/obs_native.csv?type=csv&maxFields=10000&detectTypes=yes&xField=longitude&yField=latitude&crs=EPSG:4326&spatialIndex=no&subsetIndex=no&watchFile=no
"8175",Shepherdia canadensis,Shepherdia,canadensis,,,,native,S5,,48.898254999999999,-123.408096700000002,,NA,NA,"24836265",obs_native,file:///D:/Simon/Sync/Root/GIS/Biodiversity%20Data/obs_native.csv?type=csv&maxFields=10000&detectTypes=yes&xField=longitude&yField=latitude&crs=EPSG:4326&spatialIndex=no&subsetIndex=no&watchFile=no
"8176",Shepherdia canadensis,Shepherdia,canadensis,,,,native,S5,,48.898228830000001,-123.408033099999997,,NA,NA,"25477830",obs_native,file:///D:/Simon/Sync/Root/GIS/Biodiversity%20Data/obs_native.csv?type=csv&maxFields=10000&detectTypes=yes&xField=longitude&yField=latitude&crs=EPSG:4326&spatialIndex=no&subsetIndex=no&watchFile=no
"8177",Shepherdia canadensis,Shepherdia,canadensis,,,,native,S5,,48.901028810000000,-123.406898999999996,,NA,NA,"25477991",obs_native,file:///D:/Simon/Sync/Root/GIS/Biodiversity%20Data/obs_native.csv?type=csv&maxFields=10000&detectTypes=yes&xField=longitude&yField=latitude&crs=EPSG:4326&spatialIndex=no&subsetIndex=no&watchFile=no
"8178",Shepherdia canadensis,Shepherdia,canadensis,,,,native,S5,,48.898311110000002,-123.408066700000006,,NA,NA,"25655435",obs_native,file:///D:/Simon/Sync/Root/GIS/Biodiversity%20Data/obs_native.csv?type=csv&maxFields=10000&detectTypes=yes&xField=longitude&yField=latitude&crs=EPSG:4326&spatialIndex=no&subsetIndex=no&watchFile=no
"8179",Shepherdia canadensis,Shepherdia,canadensis,,,,native,S5,,48.897071210000000,-123.407522299999997,,NA,NA,"37239711",obs_native,file:///D:/Simon/Sync/Root/GIS/Biodiversity%20Data/obs_native.csv?type=csv&maxFields=10000&detectTypes=yes&xField=longitude&yField=latitude&crs=EPSG:4326&spatialIndex=no&subsetIndex=no&watchFile=no
"8180",Shepherdia canadensis,Shepherdia,canadensis,,,,native,S5,,48.897762909999997,-123.408535400000005,,NA,NA,"42174327",obs_native,file:///D:/Simon/Sync/Root/GIS/Biodiversity%20Data/obs_native.csv?type=csv&maxFields=10000&detectTypes=yes&xField=longitude&yField=latitude&crs=EPSG:4326&spatialIndex=no&subsetIndex=no&watchFile=no
"8181",Shepherdia canadensis,Shepherdia,canadensis,,,,native,S5,,48.898063329999999,-123.408150000000006,,NA,NA,"42174575",obs_native,file:///D:/Simon/Sync/Root/GIS/Biodiversity%20Data/obs_native.csv?type=csv&maxFields=10000&detectTypes=yes&xField=longitude&yField=latitude&crs=EPSG:4326&spatialIndex=no&subsetIndex=no&watchFile=no
"8182",Shepherdia canadensis,Shepherdia,canadensis,,,,native,S5,,48.898312130000001,-123.408048500000007,,NA,NA,"85275903",obs_native,file:///D:/Simon/Sync/Root/GIS/Biodiversity%20Data/obs_native.csv?type=csv&maxFields=10000&detectTypes=yes&xField=longitude&yField=latitude&crs=EPSG:4326&spatialIndex=no&subsetIndex=no&watchFile=no
"8183",Shepherdia canadensis,Shepherdia,canadensis,,,,native,S5,,48.898277999999998,-123.408080999999996,,NA,NA,"89033547",obs_native,file:///D:/Simon/Sync/Root/GIS/Biodiversity%20Data/obs_native.csv?type=csv&maxFields=10000&detectTypes=yes&xField=longitude&yField=latitude&crs=EPSG:4326&spatialIndex=no&subsetIndex=no&watchFile=no
"8186",Silene antirrhina,Silene,antirrhina,,,,native,S5,,48.929985000000002,-123.477981000000000,,NA,NA,"2563565",obs_native,file:///D:/Simon/Sync/Root/GIS/Biodiversity%20Data/obs_native.csv?type=csv&maxFields=10000&detectTypes=yes&xField=longitude&yField=latitude&crs=EPSG:4326&spatialIndex=no&subsetIndex=no&watchFile=no
"8187",Silene antirrhina,Silene,antirrhina,,,,native,S5,,48.887101670000000,-123.374743300000006,,NA,NA,"53022045",obs_native,file:///D:/Simon/Sync/Root/GIS/Biodiversity%20Data/obs_native.csv?type=csv&maxFields=10000&detectTypes=yes&xField=longitude&yField=latitude&crs=EPSG:4326&spatialIndex=no&subsetIndex=no&watchFile=no
"8188",Silene antirrhina,Silene,antirrhina,,,,native,S5,,48.958610000000000,-123.532849999999996,,NA,NA,"74104771",obs_native,file:///D:/Simon/Sync/Root/GIS/Biodiversity%20Data/obs_native.csv?type=csv&maxFields=10000&detectTypes=yes&xField=longitude&yField=latitude&crs=EPSG:4326&spatialIndex=no&subsetIndex=no&watchFile=no
"8339",Sparganium angustifolium,Sparganium,angustifolium,,,,native,S5,,48.948227109999998,-123.502731499999996,,NA,NA,"14300204",obs_native,file:///D:/Simon/Sync/Root/GIS/Biodiversity%20Data/obs_native.csv?type=csv&maxFields=10000&detectTypes=yes&xField=longitude&yField=latitude&crs=EPSG:4326&spatialIndex=no&subsetIndex=no&watchFile=no
"8340",Sparganium emersum,Sparganium,emersum,,,,native,S5,,48.993602000000003,-123.575801999999996,,NA,NA,"3881646",obs_native,file:///D:/Simon/Sync/Root/GIS/Biodiversity%20Data/obs_native.csv?type=csv&maxFields=10000&detectTypes=yes&xField=longitude&yField=latitude&crs=EPSG:4326&spatialIndex=no&subsetIndex=no&watchFile=no
"8341",Sparganium emersum,Sparganium,emersum,,,,native,S5,,48.993800000000000,-123.575966699999995,,NA,NA,"3889103",obs_native,file:///D:/Simon/Sync/Root/GIS/Biodiversity%20Data/obs_native.csv?type=csv&maxFields=10000&detectTypes=yes&xField=longitude&yField=latitude&crs=EPSG:4326&spatialIndex=no&subsetIndex=no&watchFile=no
"8342",Sparganium emersum,Sparganium,emersum,,,,native,S5,,48.942610860000002,-123.482399000000001,,NA,NA,"14222180",obs_native,file:///D:/Simon/Sync/Root/GIS/Biodiversity%20Data/obs_native.csv?type=csv&maxFields=10000&detectTypes=yes&xField=longitude&yField=latitude&crs=EPSG:4326&spatialIndex=no&subsetIndex=no&watchFile=no
"8343",Sparganium emersum,Sparganium,emersum,,,,native,S5,,48.983445000000003,-123.555673299999995,,NA,NA,"14335432",obs_native,file:///D:/Simon/Sync/Root/GIS/Biodiversity%20Data/obs_native.csv?type=csv&maxFields=10000&detectTypes=yes&xField=longitude&yField=latitude&crs=EPSG:4326&spatialIndex=no&subsetIndex=no&watchFile=no
"8358",Spiranthes romanzoffiana,Spiranthes,romanzoffiana,,,,native,S5,,48.972535000000001,-123.555963000000006,,NA,NA,"3680252",obs_native,file:///D:/Simon/Sync/Root/GIS/Biodiversity%20Data/obs_native.csv?type=csv&maxFields=10000&detectTypes=yes&xField=longitude&yField=latitude&crs=EPSG:4326&spatialIndex=no&subsetIndex=no&watchFile=no
"8359",Spiranthes romanzoffiana,Spiranthes,romanzoffiana,,,,native,S5,,48.872520129999998,-123.311426600000004,,NA,NA,"6434839",obs_native,file:///D:/Simon/Sync/Root/GIS/Biodiversity%20Data/obs_native.csv?type=csv&maxFields=10000&detectTypes=yes&xField=longitude&yField=latitude&crs=EPSG:4326&spatialIndex=no&subsetIndex=no&watchFile=no
"8360",Spiranthes romanzoffiana,Spiranthes,romanzoffiana,,,,native,S5,,48.871679999999998,-123.320838300000005,,NA,NA,"130444243",obs_native,file:///D:/Simon/Sync/Root/GIS/Biodiversity%20Data/obs_native.csv?type=csv&maxFields=10000&detectTypes=yes&xField=longitude&yField=latitude&crs=EPSG:4326&spatialIndex=no&subsetIndex=no&watchFile=no
"8361",Spiranthes romanzoffiana,Spiranthes,romanzoffiana,,,,native,S5,,48.929428330000000,-123.471480000000000,,NA,NA,"131267509",obs_native,file:///D:/Simon/Sync/Root/GIS/Biodiversity%20Data/obs_native.csv?type=csv&maxFields=10000&detectTypes=yes&xField=longitude&yField=latitude&crs=EPSG:4326&spatialIndex=no&subsetIndex=no&watchFile=no
"8362",Spiranthes romanzoffiana,Spiranthes,romanzoffiana,,,,native,S5,,48.929265970000003,-123.471424799999994,,NA,NA,"131280483",obs_native,file:///D:/Simon/Sync/Root/GIS/Biodiversity%20Data/obs_native.csv?type=csv&maxFields=10000&detectTypes=yes&xField=longitude&yField=latitude&crs=EPSG:4326&spatialIndex=no&subsetIndex=no&watchFile=no
"8363",Spiranthes romanzoffiana,Spiranthes,romanzoffiana,,,,native,S5,,48.930488330000003,-123.473686700000002,,NA,NA,"133278048",obs_native,file:///D:/Simon/Sync/Root/GIS/Biodiversity%20Data/obs_native.csv?type=csv&maxFields=10000&detectTypes=yes&xField=longitude&yField=latitude&crs=EPSG:4326&spatialIndex=no&subsetIndex=no&watchFile=no
"8364",Spirodela polyrhiza,Spirodela,polyrhiza,,,,native,S5,,48.948785000000001,-123.502868000000007,,NA,NA,"3672168",obs_native,file:///D:/Simon/Sync/Root/GIS/Biodiversity%20Data/obs_native.csv?type=csv&maxFields=10000&detectTypes=yes&xField=longitude&yField=latitude&crs=EPSG:4326&spatialIndex=no&subsetIndex=no&watchFile=no
"8365",Spirodela polyrhiza,Spirodela,polyrhiza,,,,native,S5,,48.982548999999999,-123.554992999999996,,NA,NA,"6418157",obs_native,file:///D:/Simon/Sync/Root/GIS/Biodiversity%20Data/obs_native.csv?type=csv&maxFields=10000&detectTypes=yes&xField=longitude&yField=latitude&crs=EPSG:4326&spatialIndex=no&subsetIndex=no&watchFile=no
"8366",Spirodela polyrhiza,Spirodela,polyrhiza,,,,native,S5,,48.939940690000000,-123.474279600000003,,NA,NA,"8900249",obs_native,file:///D:/Simon/Sync/Root/GIS/Biodiversity%20Data/obs_native.csv?type=csv&maxFields=10000&detectTypes=yes&xField=longitude&yField=latitude&crs=EPSG:4326&spatialIndex=no&subsetIndex=no&watchFile=no
"8367",Spirodela polyrhiza,Spirodela,polyrhiza,,,,native,S5,,48.989901650000000,-123.566557099999997,,NA,NA,"27436607",obs_native,file:///D:/Simon/Sync/Root/GIS/Biodiversity%20Data/obs_native.csv?type=csv&maxFields=10000&detectTypes=yes&xField=longitude&yField=latitude&crs=EPSG:4326&spatialIndex=no&subsetIndex=no&watchFile=no
"8368",Spirodela polyrhiza,Spirodela,polyrhiza,,,,native,S5,,48.983289999999997,-123.555575000000005,,NA,NA,"121838597",obs_native,file:///D:/Simon/Sync/Root/GIS/Biodiversity%20Data/obs_native.csv?type=csv&maxFields=10000&detectTypes=yes&xField=longitude&yField=latitude&crs=EPSG:4326&spatialIndex=no&subsetIndex=no&watchFile=no
"8369",Stellaria crispa,Stellaria,crispa,,,,native,S5,,48.937030579999998,-123.469031599999994,,NA,NA,"3654411",obs_native,file:///D:/Simon/Sync/Root/GIS/Biodiversity%20Data/obs_native.csv?type=csv&maxFields=10000&detectTypes=yes&xField=longitude&yField=latitude&crs=EPSG:4326&spatialIndex=no&subsetIndex=no&watchFile=no
"8370",Stellaria crispa,Stellaria,crispa,,,,native,S5,,49.010092000000000,-123.577695000000006,,NA,NA,"3889078",obs_native,file:///D:/Simon/Sync/Root/GIS/Biodiversity%20Data/obs_native.csv?type=csv&maxFields=10000&detectTypes=yes&xField=longitude&yField=latitude&crs=EPSG:4326&spatialIndex=no&subsetIndex=no&watchFile=no
"8371",Stellaria crispa,Stellaria,crispa,,,,native,S5,,48.970639560000002,-123.542718899999997,,NA,NA,"6216785",obs_native,file:///D:/Simon/Sync/Root/GIS/Biodiversity%20Data/obs_native.csv?type=csv&maxFields=10000&detectTypes=yes&xField=longitude&yField=latitude&crs=EPSG:4326&spatialIndex=no&subsetIndex=no&watchFile=no
"8372",Stellaria crispa,Stellaria,crispa,,,,native,S5,,48.941018440000001,-123.474612199999996,,NA,NA,"6411244",obs_native,file:///D:/Simon/Sync/Root/GIS/Biodiversity%20Data/obs_native.csv?type=csv&maxFields=10000&detectTypes=yes&xField=longitude&yField=latitude&crs=EPSG:4326&spatialIndex=no&subsetIndex=no&watchFile=no
"8373",Stellaria crispa,Stellaria,crispa,,,,native,S5,,48.875737909999998,-123.378653499999999,,NA,NA,"7280603",obs_native,file:///D:/Simon/Sync/Root/GIS/Biodiversity%20Data/obs_native.csv?type=csv&maxFields=10000&detectTypes=yes&xField=longitude&yField=latitude&crs=EPSG:4326&spatialIndex=no&subsetIndex=no&watchFile=no
"8374",Stellaria crispa,Stellaria,crispa,,,,native,S5,,48.995433390000002,-123.577727600000003,,NA,NA,"15412680",obs_native,file:///D:/Simon/Sync/Root/GIS/Biodiversity%20Data/obs_native.csv?type=csv&maxFields=10000&detectTypes=yes&xField=longitude&yField=latitude&crs=EPSG:4326&spatialIndex=no&subsetIndex=no&watchFile=no
"8375",Stellaria crispa,Stellaria,crispa,,,,native,S5,,48.865373329999997,-123.332776699999997,,NA,NA,"22799464",obs_native,file:///D:/Simon/Sync/Root/GIS/Biodiversity%20Data/obs_native.csv?type=csv&maxFields=10000&detectTypes=yes&xField=longitude&yField=latitude&crs=EPSG:4326&spatialIndex=no&subsetIndex=no&watchFile=no
"8376",Stellaria crispa,Stellaria,crispa,,,,native,S5,,48.963027779999997,-123.516502799999998,,NA,NA,"24665182",obs_native,file:///D:/Simon/Sync/Root/GIS/Biodiversity%20Data/obs_native.csv?type=csv&maxFields=10000&detectTypes=yes&xField=longitude&yField=latitude&crs=EPSG:4326&spatialIndex=no&subsetIndex=no&watchFile=no
"8377",Stellaria crispa,Stellaria,crispa,,,,native,S5,,48.962963889999997,-123.516480599999994,,NA,NA,"24665277",obs_native,file:///D:/Simon/Sync/Root/GIS/Biodiversity%20Data/obs_native.csv?type=csv&maxFields=10000&detectTypes=yes&xField=longitude&yField=latitude&crs=EPSG:4326&spatialIndex=no&subsetIndex=no&watchFile=no
"8378",Stellaria crispa,Stellaria,crispa,,,,native,S5,,48.962405560000001,-123.517905600000006,,NA,NA,"24684029",obs_native,file:///D:/Simon/Sync/Root/GIS/Biodiversity%20Data/obs_native.csv?type=csv&maxFields=10000&detectTypes=yes&xField=longitude&yField=latitude&crs=EPSG:4326&spatialIndex=no&subsetIndex=no&watchFile=no
"8379",Stellaria crispa,Stellaria,crispa,,,,native,S5,,48.963538890000002,-123.515730599999998,,NA,NA,"24690276",obs_native,file:///D:/Simon/Sync/Root/GIS/Biodiversity%20Data/obs_native.csv?type=csv&maxFields=10000&detectTypes=yes&xField=longitude&yField=latitude&crs=EPSG:4326&spatialIndex=no&subsetIndex=no&watchFile=no
"8380",Stellaria crispa,Stellaria,crispa,,,,native,S5,,48.962805000000003,-123.514441700000006,,NA,NA,"24698015",obs_native,file:///D:/Simon/Sync/Root/GIS/Biodiversity%20Data/obs_native.csv?type=csv&maxFields=10000&detectTypes=yes&xField=longitude&yField=latitude&crs=EPSG:4326&spatialIndex=no&subsetIndex=no&watchFile=no
"8381",Stellaria crispa,Stellaria,crispa,,,,native,S5,,48.963351269999997,-123.516166900000002,,NA,NA,"24941184",obs_native,file:///D:/Simon/Sync/Root/GIS/Biodiversity%20Data/obs_native.csv?type=csv&maxFields=10000&detectTypes=yes&xField=longitude&yField=latitude&crs=EPSG:4326&spatialIndex=no&subsetIndex=no&watchFile=no
"8382",Stellaria crispa,Stellaria,crispa,,,,native,S5,,48.887288329999997,-123.361675000000005,,NA,NA,"83098009",obs_native,file:///D:/Simon/Sync/Root/GIS/Biodiversity%20Data/obs_native.csv?type=csv&maxFields=10000&detectTypes=yes&xField=longitude&yField=latitude&crs=EPSG:4326&spatialIndex=no&subsetIndex=no&watchFile=no
"8451",Stellaria nitens,Stellaria,nitens,,,,native,S5,,48.906649029999997,-123.358311700000002,,NA,NA,"5886028",obs_native,file:///D:/Simon/Sync/Root/GIS/Biodiversity%20Data/obs_native.csv?type=csv&maxFields=10000&detectTypes=yes&xField=longitude&yField=latitude&crs=EPSG:4326&spatialIndex=no&subsetIndex=no&watchFile=no
"8452",Stellaria nitens,Stellaria,nitens,,,,native,S5,,48.910369439999997,-123.375961099999998,,NA,NA,"41879789",obs_native,file:///D:/Simon/Sync/Root/GIS/Biodiversity%20Data/obs_native.csv?type=csv&maxFields=10000&detectTypes=yes&xField=longitude&yField=latitude&crs=EPSG:4326&spatialIndex=no&subsetIndex=no&watchFile=no
"8453",Stellaria nitens,Stellaria,nitens,,,,native,S5,,48.911070000000002,-123.379353300000005,,NA,NA,"41879802",obs_native,file:///D:/Simon/Sync/Root/GIS/Biodiversity%20Data/obs_native.csv?type=csv&maxFields=10000&detectTypes=yes&xField=longitude&yField=latitude&crs=EPSG:4326&spatialIndex=no&subsetIndex=no&watchFile=no
"8454",Struthiopteris spicant,Struthiopteris,spicant,,,,native,S5,,48.983659000000003,-123.556323000000006,,NA,NA,"3296145",obs_native,file:///D:/Simon/Sync/Root/GIS/Biodiversity%20Data/obs_native.csv?type=csv&maxFields=10000&detectTypes=yes&xField=longitude&yField=latitude&crs=EPSG:4326&spatialIndex=no&subsetIndex=no&watchFile=no
"8455",Struthiopteris spicant,Struthiopteris,spicant,,,,native,S5,,48.930203329999998,-123.473611700000006,,NA,NA,"3684430",obs_native,file:///D:/Simon/Sync/Root/GIS/Biodiversity%20Data/obs_native.csv?type=csv&maxFields=10000&detectTypes=yes&xField=longitude&yField=latitude&crs=EPSG:4326&spatialIndex=no&subsetIndex=no&watchFile=no
"8456",Struthiopteris spicant,Struthiopteris,spicant,,,,native,S5,,48.897900999999997,-123.342021000000003,,NA,NA,"8097478",obs_native,file:///D:/Simon/Sync/Root/GIS/Biodiversity%20Data/obs_native.csv?type=csv&maxFields=10000&detectTypes=yes&xField=longitude&yField=latitude&crs=EPSG:4326&spatialIndex=no&subsetIndex=no&watchFile=no
"8457",Struthiopteris spicant,Struthiopteris,spicant,,,,native,S5,,48.941031000000002,-123.475504000000001,,NA,NA,"10405631",obs_native,file:///D:/Simon/Sync/Root/GIS/Biodiversity%20Data/obs_native.csv?type=csv&maxFields=10000&detectTypes=yes&xField=longitude&yField=latitude&crs=EPSG:4326&spatialIndex=no&subsetIndex=no&watchFile=no
"8458",Struthiopteris spicant,Struthiopteris,spicant,,,,native,S5,,48.985778000000003,-123.557021000000006,,NA,NA,"10427250",obs_native,file:///D:/Simon/Sync/Root/GIS/Biodiversity%20Data/obs_native.csv?type=csv&maxFields=10000&detectTypes=yes&xField=longitude&yField=latitude&crs=EPSG:4326&spatialIndex=no&subsetIndex=no&watchFile=no
"8459",Struthiopteris spicant,Struthiopteris,spicant,,,,native,S5,,48.928341670000002,-123.469247199999998,,NA,NA,"16162529",obs_native,file:///D:/Simon/Sync/Root/GIS/Biodiversity%20Data/obs_native.csv?type=csv&maxFields=10000&detectTypes=yes&xField=longitude&yField=latitude&crs=EPSG:4326&spatialIndex=no&subsetIndex=no&watchFile=no
"8460",Struthiopteris spicant,Struthiopteris,spicant,,,,native,S5,,48.865921669999999,-123.351171699999995,,NA,NA,"23857929",obs_native,file:///D:/Simon/Sync/Root/GIS/Biodiversity%20Data/obs_native.csv?type=csv&maxFields=10000&detectTypes=yes&xField=longitude&yField=latitude&crs=EPSG:4326&spatialIndex=no&subsetIndex=no&watchFile=no
"8461",Struthiopteris spicant,Struthiopteris,spicant,,,,native,S5,,48.983357630000000,-123.556067700000000,,NA,NA,"31255488",obs_native,file:///D:/Simon/Sync/Root/GIS/Biodiversity%20Data/obs_native.csv?type=csv&maxFields=10000&detectTypes=yes&xField=longitude&yField=latitude&crs=EPSG:4326&spatialIndex=no&subsetIndex=no&watchFile=no
"8462",Struthiopteris spicant,Struthiopteris,spicant,,,,native,S5,,48.910494999999997,-123.415658300000004,,NA,NA,"38530280",obs_native,file:///D:/Simon/Sync/Root/GIS/Biodiversity%20Data/obs_native.csv?type=csv&maxFields=10000&detectTypes=yes&xField=longitude&yField=latitude&crs=EPSG:4326&spatialIndex=no&subsetIndex=no&watchFile=no
"8463",Struthiopteris spicant,Struthiopteris,spicant,,,,native,S5,,48.929539210000002,-123.464729000000005,,NA,NA,"65109475",obs_native,file:///D:/Simon/Sync/Root/GIS/Biodiversity%20Data/obs_native.csv?type=csv&maxFields=10000&detectTypes=yes&xField=longitude&yField=latitude&crs=EPSG:4326&spatialIndex=no&subsetIndex=no&watchFile=no
"8464",Struthiopteris spicant,Struthiopteris,spicant,,,,native,S5,,48.931763330000003,-123.474166699999998,,NA,NA,"66813255",obs_native,file:///D:/Simon/Sync/Root/GIS/Biodiversity%20Data/obs_native.csv?type=csv&maxFields=10000&detectTypes=yes&xField=longitude&yField=latitude&crs=EPSG:4326&spatialIndex=no&subsetIndex=no&watchFile=no
"8465",Symphoricarpos mollis,Symphoricarpos,mollis,,,,native,S5,,48.869626779999997,-123.343935000000002,,NA,NA,"6434805",obs_native,file:///D:/Simon/Sync/Root/GIS/Biodiversity%20Data/obs_native.csv?type=csv&maxFields=10000&detectTypes=yes&xField=longitude&yField=latitude&crs=EPSG:4326&spatialIndex=no&subsetIndex=no&watchFile=no
"8466",Symphoricarpos mollis,Symphoricarpos,mollis,,,,native,S5,,48.900576999999998,-123.441317999999995,,NA,NA,"6505031",obs_native,file:///D:/Simon/Sync/Root/GIS/Biodiversity%20Data/obs_native.csv?type=csv&maxFields=10000&detectTypes=yes&xField=longitude&yField=latitude&crs=EPSG:4326&spatialIndex=no&subsetIndex=no&watchFile=no
"8467",Symphoricarpos mollis,Symphoricarpos,mollis,,,,native,S5,,48.898794000000002,-123.360850999999997,,NA,NA,"13132762",obs_native,file:///D:/Simon/Sync/Root/GIS/Biodiversity%20Data/obs_native.csv?type=csv&maxFields=10000&detectTypes=yes&xField=longitude&yField=latitude&crs=EPSG:4326&spatialIndex=no&subsetIndex=no&watchFile=no
"8468",Symphoricarpos mollis,Symphoricarpos,mollis,,,,native,S5,,48.948558329999997,-123.502358299999997,,NA,NA,"83177708",obs_native,file:///D:/Simon/Sync/Root/GIS/Biodiversity%20Data/obs_native.csv?type=csv&maxFields=10000&detectTypes=yes&xField=longitude&yField=latitude&crs=EPSG:4326&spatialIndex=no&subsetIndex=no&watchFile=no
"8469",Symphoricarpos mollis,Symphoricarpos,mollis,,,,native,S5,,49.013388329999998,-123.573623299999994,,NA,NA,"123934631",obs_native,file:///D:/Simon/Sync/Root/GIS/Biodiversity%20Data/obs_native.csv?type=csv&maxFields=10000&detectTypes=yes&xField=longitude&yField=latitude&crs=EPSG:4326&spatialIndex=no&subsetIndex=no&watchFile=no
"8470",Symphoricarpos mollis,Symphoricarpos,mollis,,,,native,S5,,49.013230000000000,-123.573431700000000,,NA,NA,"123934635",obs_native,file:///D:/Simon/Sync/Root/GIS/Biodiversity%20Data/obs_native.csv?type=csv&maxFields=10000&detectTypes=yes&xField=longitude&yField=latitude&crs=EPSG:4326&spatialIndex=no&subsetIndex=no&watchFile=no
"8471",Symphoricarpos mollis,Symphoricarpos,mollis,,,,native,S5,,48.898078329999997,-123.404830000000004,,NA,NA,"129506171",obs_native,file:///D:/Simon/Sync/Root/GIS/Biodiversity%20Data/obs_native.csv?type=csv&maxFields=10000&detectTypes=yes&xField=longitude&yField=latitude&crs=EPSG:4326&spatialIndex=no&subsetIndex=no&watchFile=no
"8472",Symphyotrichum chilense,Symphyotrichum,chilense,,,,native,S5,,48.870899999999999,-123.321437000000003,,NA,NA,"4092261",obs_native,file:///D:/Simon/Sync/Root/GIS/Biodiversity%20Data/obs_native.csv?type=csv&maxFields=10000&detectTypes=yes&xField=longitude&yField=latitude&crs=EPSG:4326&spatialIndex=no&subsetIndex=no&watchFile=no
"8473",Symphyotrichum chilense,Symphyotrichum,chilense,,,,native,S5,,48.869644170000001,-123.320017500000006,,NA,NA,"15435749",obs_native,file:///D:/Simon/Sync/Root/GIS/Biodiversity%20Data/obs_native.csv?type=csv&maxFields=10000&detectTypes=yes&xField=longitude&yField=latitude&crs=EPSG:4326&spatialIndex=no&subsetIndex=no&watchFile=no
"8474",Symphyotrichum chilense,Symphyotrichum,chilense,,,,native,S5,,48.870060000000002,-123.320481700000002,,NA,NA,"15435750",obs_native,file:///D:/Simon/Sync/Root/GIS/Biodiversity%20Data/obs_native.csv?type=csv&maxFields=10000&detectTypes=yes&xField=longitude&yField=latitude&crs=EPSG:4326&spatialIndex=no&subsetIndex=no&watchFile=no
"8475",Symphyotrichum chilense,Symphyotrichum,chilense,,,,native,S5,,48.869655889999997,-123.320329799999996,,NA,NA,"15436152",obs_native,file:///D:/Simon/Sync/Root/GIS/Biodiversity%20Data/obs_native.csv?type=csv&maxFields=10000&detectTypes=yes&xField=longitude&yField=latitude&crs=EPSG:4326&spatialIndex=no&subsetIndex=no&watchFile=no
"8476",Symphyotrichum chilense,Symphyotrichum,chilense,,,,native,S5,,48.871041669999997,-123.320228299999997,,NA,NA,"135699796",obs_native,file:///D:/Simon/Sync/Root/GIS/Biodiversity%20Data/obs_native.csv?type=csv&maxFields=10000&detectTypes=yes&xField=longitude&yField=latitude&crs=EPSG:4326&spatialIndex=no&subsetIndex=no&watchFile=no
"8493",Taxus brevifolia,Taxus,brevifolia,,,,native,S5,,48.932029999999997,-123.474740999999995,,NA,NA,"2566303",obs_native,file:///D:/Simon/Sync/Root/GIS/Biodiversity%20Data/obs_native.csv?type=csv&maxFields=10000&detectTypes=yes&xField=longitude&yField=latitude&crs=EPSG:4326&spatialIndex=no&subsetIndex=no&watchFile=no
"8494",Taxus brevifolia,Taxus,brevifolia,,,,native,S5,,48.868695000000002,-123.346231000000003,,NA,NA,"2570655",obs_native,file:///D:/Simon/Sync/Root/GIS/Biodiversity%20Data/obs_native.csv?type=csv&maxFields=10000&detectTypes=yes&xField=longitude&yField=latitude&crs=EPSG:4326&spatialIndex=no&subsetIndex=no&watchFile=no
"8495",Taxus brevifolia,Taxus,brevifolia,,,,native,S5,,48.878366000000000,-123.320824999999999,,NA,NA,"2584220",obs_native,file:///D:/Simon/Sync/Root/GIS/Biodiversity%20Data/obs_native.csv?type=csv&maxFields=10000&detectTypes=yes&xField=longitude&yField=latitude&crs=EPSG:4326&spatialIndex=no&subsetIndex=no&watchFile=no
"8496",Taxus brevifolia,Taxus,brevifolia,,,,native,S5,,48.893841000000002,-123.392773000000005,,NA,NA,"2592100",obs_native,file:///D:/Simon/Sync/Root/GIS/Biodiversity%20Data/obs_native.csv?type=csv&maxFields=10000&detectTypes=yes&xField=longitude&yField=latitude&crs=EPSG:4326&spatialIndex=no&subsetIndex=no&watchFile=no
"8497",Taxus brevifolia,Taxus,brevifolia,,,,native,S5,,48.896774999999998,-123.395863000000006,,NA,NA,"2592108",obs_native,file:///D:/Simon/Sync/Root/GIS/Biodiversity%20Data/obs_native.csv?type=csv&maxFields=10000&detectTypes=yes&xField=longitude&yField=latitude&crs=EPSG:4326&spatialIndex=no&subsetIndex=no&watchFile=no
"8498",Taxus brevifolia,Taxus,brevifolia,,,,native,S5,,48.878667000000000,-123.320155000000000,,NA,NA,"2692229",obs_native,file:///D:/Simon/Sync/Root/GIS/Biodiversity%20Data/obs_native.csv?type=csv&maxFields=10000&detectTypes=yes&xField=longitude&yField=latitude&crs=EPSG:4326&spatialIndex=no&subsetIndex=no&watchFile=no
"8499",Taxus brevifolia,Taxus,brevifolia,,,,native,S5,,48.878667000000000,-123.320155000000000,,NA,NA,"2692236",obs_native,file:///D:/Simon/Sync/Root/GIS/Biodiversity%20Data/obs_native.csv?type=csv&maxFields=10000&detectTypes=yes&xField=longitude&yField=latitude&crs=EPSG:4326&spatialIndex=no&subsetIndex=no&watchFile=no
"8500",Taxus brevifolia,Taxus,brevifolia,,,,native,S5,,48.885221000000001,-123.331782000000004,,NA,NA,"2723846",obs_native,file:///D:/Simon/Sync/Root/GIS/Biodiversity%20Data/obs_native.csv?type=csv&maxFields=10000&detectTypes=yes&xField=longitude&yField=latitude&crs=EPSG:4326&spatialIndex=no&subsetIndex=no&watchFile=no
"8501",Taxus brevifolia,Taxus,brevifolia,,,,native,S5,,48.885221000000001,-123.331782000000004,,NA,NA,"2723858",obs_native,file:///D:/Simon/Sync/Root/GIS/Biodiversity%20Data/obs_native.csv?type=csv&maxFields=10000&detectTypes=yes&xField=longitude&yField=latitude&crs=EPSG:4326&spatialIndex=no&subsetIndex=no&watchFile=no
"8502",Taxus brevifolia,Taxus,brevifolia,,,,native,S5,,48.888478999999997,-123.336911999999998,,NA,NA,"2724019",obs_native,file:///D:/Simon/Sync/Root/GIS/Biodiversity%20Data/obs_native.csv?type=csv&maxFields=10000&detectTypes=yes&xField=longitude&yField=latitude&crs=EPSG:4326&spatialIndex=no&subsetIndex=no&watchFile=no
"8503",Taxus brevifolia,Taxus,brevifolia,,,,native,S5,,48.898499000000001,-123.407974999999993,,NA,NA,"2731822",obs_native,file:///D:/Simon/Sync/Root/GIS/Biodiversity%20Data/obs_native.csv?type=csv&maxFields=10000&detectTypes=yes&xField=longitude&yField=latitude&crs=EPSG:4326&spatialIndex=no&subsetIndex=no&watchFile=no
"8504",Taxus brevifolia,Taxus,brevifolia,,,,native,S5,,48.931164000000003,-123.473125999999993,,NA,NA,"2734281",obs_native,file:///D:/Simon/Sync/Root/GIS/Biodiversity%20Data/obs_native.csv?type=csv&maxFields=10000&detectTypes=yes&xField=longitude&yField=latitude&crs=EPSG:4326&spatialIndex=no&subsetIndex=no&watchFile=no
"8505",Taxus brevifolia,Taxus,brevifolia,,,,native,S5,,48.866861999999998,-123.329246999999995,,NA,NA,"2763346",obs_native,file:///D:/Simon/Sync/Root/GIS/Biodiversity%20Data/obs_native.csv?type=csv&maxFields=10000&detectTypes=yes&xField=longitude&yField=latitude&crs=EPSG:4326&spatialIndex=no&subsetIndex=no&watchFile=no
"8506",Taxus brevifolia,Taxus,brevifolia,,,,native,S5,,48.950470000000003,-123.514566000000002,,NA,NA,"2819414",obs_native,file:///D:/Simon/Sync/Root/GIS/Biodiversity%20Data/obs_native.csv?type=csv&maxFields=10000&detectTypes=yes&xField=longitude&yField=latitude&crs=EPSG:4326&spatialIndex=no&subsetIndex=no&watchFile=no
"8507",Taxus brevifolia,Taxus,brevifolia,,,,native,S5,,48.867718000000004,-123.340086999999997,,NA,NA,"3041540",obs_native,file:///D:/Simon/Sync/Root/GIS/Biodiversity%20Data/obs_native.csv?type=csv&maxFields=10000&detectTypes=yes&xField=longitude&yField=latitude&crs=EPSG:4326&spatialIndex=no&subsetIndex=no&watchFile=no
"8508",Taxus brevifolia,Taxus,brevifolia,,,,native,S5,,48.896498999999999,-123.409938999999994,,NA,NA,"3498962",obs_native,file:///D:/Simon/Sync/Root/GIS/Biodiversity%20Data/obs_native.csv?type=csv&maxFields=10000&detectTypes=yes&xField=longitude&yField=latitude&crs=EPSG:4326&spatialIndex=no&subsetIndex=no&watchFile=no
"8509",Taxus brevifolia,Taxus,brevifolia,,,,native,S5,,48.896498999999999,-123.409938999999994,,NA,NA,"3498965",obs_native,file:///D:/Simon/Sync/Root/GIS/Biodiversity%20Data/obs_native.csv?type=csv&maxFields=10000&detectTypes=yes&xField=longitude&yField=latitude&crs=EPSG:4326&spatialIndex=no&subsetIndex=no&watchFile=no
"8510",Taxus brevifolia,Taxus,brevifolia,,,,native,S5,,48.868839000000001,-123.345634000000004,,NA,NA,"4766320",obs_native,file:///D:/Simon/Sync/Root/GIS/Biodiversity%20Data/obs_native.csv?type=csv&maxFields=10000&detectTypes=yes&xField=longitude&yField=latitude&crs=EPSG:4326&spatialIndex=no&subsetIndex=no&watchFile=no
"8511",Taxus brevifolia,Taxus,brevifolia,,,,native,S5,,48.976160890000003,-123.548855799999998,,NA,NA,"6085929",obs_native,file:///D:/Simon/Sync/Root/GIS/Biodiversity%20Data/obs_native.csv?type=csv&maxFields=10000&detectTypes=yes&xField=longitude&yField=latitude&crs=EPSG:4326&spatialIndex=no&subsetIndex=no&watchFile=no
"8512",Taxus brevifolia,Taxus,brevifolia,,,,native,S5,,48.970639560000002,-123.542718899999997,,NA,NA,"6216778",obs_native,file:///D:/Simon/Sync/Root/GIS/Biodiversity%20Data/obs_native.csv?type=csv&maxFields=10000&detectTypes=yes&xField=longitude&yField=latitude&crs=EPSG:4326&spatialIndex=no&subsetIndex=no&watchFile=no
"8513",Taxus brevifolia,Taxus,brevifolia,,,,native,S5,,48.973553240000001,-123.547568299999995,,NA,NA,"6412026",obs_native,file:///D:/Simon/Sync/Root/GIS/Biodiversity%20Data/obs_native.csv?type=csv&maxFields=10000&detectTypes=yes&xField=longitude&yField=latitude&crs=EPSG:4326&spatialIndex=no&subsetIndex=no&watchFile=no
"8514",Taxus brevifolia,Taxus,brevifolia,,,,native,S5,,48.997631859999998,-123.568709200000001,,NA,NA,"6570571",obs_native,file:///D:/Simon/Sync/Root/GIS/Biodiversity%20Data/obs_native.csv?type=csv&maxFields=10000&detectTypes=yes&xField=longitude&yField=latitude&crs=EPSG:4326&spatialIndex=no&subsetIndex=no&watchFile=no
"8515",Taxus brevifolia,Taxus,brevifolia,,,,native,S5,,48.871560000000002,-123.345926700000007,,NA,NA,"13973302",obs_native,file:///D:/Simon/Sync/Root/GIS/Biodiversity%20Data/obs_native.csv?type=csv&maxFields=10000&detectTypes=yes&xField=longitude&yField=latitude&crs=EPSG:4326&spatialIndex=no&subsetIndex=no&watchFile=no
"8516",Taxus brevifolia,Taxus,brevifolia,,,,native,S5,,48.898228119999999,-123.408219399999993,,NA,NA,"15084778",obs_native,file:///D:/Simon/Sync/Root/GIS/Biodiversity%20Data/obs_native.csv?type=csv&maxFields=10000&detectTypes=yes&xField=longitude&yField=latitude&crs=EPSG:4326&spatialIndex=no&subsetIndex=no&watchFile=no
"8517",Taxus brevifolia,Taxus,brevifolia,,,,native,S5,,48.898200000000003,-123.408097200000000,,NA,NA,"24677343",obs_native,file:///D:/Simon/Sync/Root/GIS/Biodiversity%20Data/obs_native.csv?type=csv&maxFields=10000&detectTypes=yes&xField=longitude&yField=latitude&crs=EPSG:4326&spatialIndex=no&subsetIndex=no&watchFile=no
"8518",Taxus brevifolia,Taxus,brevifolia,,,,native,S5,,48.895652779999999,-123.407402800000000,,NA,NA,"24677569",obs_native,file:///D:/Simon/Sync/Root/GIS/Biodiversity%20Data/obs_native.csv?type=csv&maxFields=10000&detectTypes=yes&xField=longitude&yField=latitude&crs=EPSG:4326&spatialIndex=no&subsetIndex=no&watchFile=no
"8519",Taxus brevifolia,Taxus,brevifolia,,,,native,S5,,48.896130560000003,-123.405761100000007,,NA,NA,"24701263",obs_native,file:///D:/Simon/Sync/Root/GIS/Biodiversity%20Data/obs_native.csv?type=csv&maxFields=10000&detectTypes=yes&xField=longitude&yField=latitude&crs=EPSG:4326&spatialIndex=no&subsetIndex=no&watchFile=no
"8520",Taxus brevifolia,Taxus,brevifolia,,,,native,S5,,48.898096690000003,-123.408067000000003,,NA,NA,"24711738",obs_native,file:///D:/Simon/Sync/Root/GIS/Biodiversity%20Data/obs_native.csv?type=csv&maxFields=10000&detectTypes=yes&xField=longitude&yField=latitude&crs=EPSG:4326&spatialIndex=no&subsetIndex=no&watchFile=no
"8521",Taxus brevifolia,Taxus,brevifolia,,,,native,S5,,48.898164629999997,-123.408161500000006,,NA,NA,"24937085",obs_native,file:///D:/Simon/Sync/Root/GIS/Biodiversity%20Data/obs_native.csv?type=csv&maxFields=10000&detectTypes=yes&xField=longitude&yField=latitude&crs=EPSG:4326&spatialIndex=no&subsetIndex=no&watchFile=no
"8522",Taxus brevifolia,Taxus,brevifolia,,,,native,S5,,48.872080560000001,-123.312636100000006,,NA,NA,"25048303",obs_native,file:///D:/Simon/Sync/Root/GIS/Biodiversity%20Data/obs_native.csv?type=csv&maxFields=10000&detectTypes=yes&xField=longitude&yField=latitude&crs=EPSG:4326&spatialIndex=no&subsetIndex=no&watchFile=no
"8523",Taxus brevifolia,Taxus,brevifolia,,,,native,S5,,48.898109720000001,-123.408158499999999,,NA,NA,"25477889",obs_native,file:///D:/Simon/Sync/Root/GIS/Biodiversity%20Data/obs_native.csv?type=csv&maxFields=10000&detectTypes=yes&xField=longitude&yField=latitude&crs=EPSG:4326&spatialIndex=no&subsetIndex=no&watchFile=no
"8524",Taxus brevifolia,Taxus,brevifolia,,,,native,S5,,48.898208330000003,-123.408202799999998,,NA,NA,"25657040",obs_native,file:///D:/Simon/Sync/Root/GIS/Biodiversity%20Data/obs_native.csv?type=csv&maxFields=10000&detectTypes=yes&xField=longitude&yField=latitude&crs=EPSG:4326&spatialIndex=no&subsetIndex=no&watchFile=no
"8525",Taxus brevifolia,Taxus,brevifolia,,,,native,S5,,49.010770270000002,-123.574792299999999,,NA,NA,"38191923",obs_native,file:///D:/Simon/Sync/Root/GIS/Biodiversity%20Data/obs_native.csv?type=csv&maxFields=10000&detectTypes=yes&xField=longitude&yField=latitude&crs=EPSG:4326&spatialIndex=no&subsetIndex=no&watchFile=no
"8526",Taxus brevifolia,Taxus,brevifolia,,,,native,S5,,49.008069450000001,-123.568603300000007,,NA,NA,"53807123",obs_native,file:///D:/Simon/Sync/Root/GIS/Biodiversity%20Data/obs_native.csv?type=csv&maxFields=10000&detectTypes=yes&xField=longitude&yField=latitude&crs=EPSG:4326&spatialIndex=no&subsetIndex=no&watchFile=no
"8527",Taxus brevifolia,Taxus,brevifolia,,,,native,S5,,48.898258329999997,-123.408223300000003,,NA,NA,"64809979",obs_native,file:///D:/Simon/Sync/Root/GIS/Biodiversity%20Data/obs_native.csv?type=csv&maxFields=10000&detectTypes=yes&xField=longitude&yField=latitude&crs=EPSG:4326&spatialIndex=no&subsetIndex=no&watchFile=no
"8528",Taxus brevifolia,Taxus,brevifolia,,,,native,S5,,48.942030000000003,-123.501374999999996,,NA,NA,"72321451",obs_native,file:///D:/Simon/Sync/Root/GIS/Biodiversity%20Data/obs_native.csv?type=csv&maxFields=10000&detectTypes=yes&xField=longitude&yField=latitude&crs=EPSG:4326&spatialIndex=no&subsetIndex=no&watchFile=no
"8529",Taxus brevifolia,Taxus,brevifolia,,,,native,S5,,49.005346979999999,-123.570955499999997,,NA,NA,"83602737",obs_native,file:///D:/Simon/Sync/Root/GIS/Biodiversity%20Data/obs_native.csv?type=csv&maxFields=10000&detectTypes=yes&xField=longitude&yField=latitude&crs=EPSG:4326&spatialIndex=no&subsetIndex=no&watchFile=no
"8530",Taxus brevifolia,Taxus,brevifolia,,,,native,S5,,49.004869720000002,-123.566329400000001,,NA,NA,"83605649",obs_native,file:///D:/Simon/Sync/Root/GIS/Biodiversity%20Data/obs_native.csv?type=csv&maxFields=10000&detectTypes=yes&xField=longitude&yField=latitude&crs=EPSG:4326&spatialIndex=no&subsetIndex=no&watchFile=no
"8531",Taxus brevifolia,Taxus,brevifolia,,,,native,S5,,48.898216669999996,-123.408225000000002,,NA,NA,"88745545",obs_native,file:///D:/Simon/Sync/Root/GIS/Biodiversity%20Data/obs_native.csv?type=csv&maxFields=10000&detectTypes=yes&xField=longitude&yField=latitude&crs=EPSG:4326&spatialIndex=no&subsetIndex=no&watchFile=no
"8532",Taxus brevifolia,Taxus,brevifolia,,,,native,S5,,48.994603329999997,-123.554876699999994,,NA,NA,"94679803",obs_native,file:///D:/Simon/Sync/Root/GIS/Biodiversity%20Data/obs_native.csv?type=csv&maxFields=10000&detectTypes=yes&xField=longitude&yField=latitude&crs=EPSG:4326&spatialIndex=no&subsetIndex=no&watchFile=no
"8533",Taxus brevifolia,Taxus,brevifolia,,,,native,S5,,48.899430279999997,-123.399285800000001,,NA,NA,"97373487",obs_native,file:///D:/Simon/Sync/Root/GIS/Biodiversity%20Data/obs_native.csv?type=csv&maxFields=10000&detectTypes=yes&xField=longitude&yField=latitude&crs=EPSG:4326&spatialIndex=no&subsetIndex=no&watchFile=no
"8534",Taxus brevifolia,Taxus,brevifolia,,,,native,S5,,48.898278159999997,-123.408147499999998,,NA,NA,"101655595",obs_native,file:///D:/Simon/Sync/Root/GIS/Biodiversity%20Data/obs_native.csv?type=csv&maxFields=10000&detectTypes=yes&xField=longitude&yField=latitude&crs=EPSG:4326&spatialIndex=no&subsetIndex=no&watchFile=no
"8535",Taxus brevifolia,Taxus,brevifolia,,,,native,S5,,48.879922219999997,-123.327963900000000,,NA,NA,"114495279",obs_native,file:///D:/Simon/Sync/Root/GIS/Biodiversity%20Data/obs_native.csv?type=csv&maxFields=10000&detectTypes=yes&xField=longitude&yField=latitude&crs=EPSG:4326&spatialIndex=no&subsetIndex=no&watchFile=no
"8536",Taxus brevifolia,Taxus,brevifolia,,,,native,S5,,48.898244159999997,-123.408247200000005,,NA,NA,"127183246",obs_native,file:///D:/Simon/Sync/Root/GIS/Biodiversity%20Data/obs_native.csv?type=csv&maxFields=10000&detectTypes=yes&xField=longitude&yField=latitude&crs=EPSG:4326&spatialIndex=no&subsetIndex=no&watchFile=no
"8537",Taxus brevifolia,Taxus,brevifolia,,,,native,S5,,48.894824999999997,-123.409278299999997,,NA,NA,"132886752",obs_native,file:///D:/Simon/Sync/Root/GIS/Biodiversity%20Data/obs_native.csv?type=csv&maxFields=10000&detectTypes=yes&xField=longitude&yField=latitude&crs=EPSG:4326&spatialIndex=no&subsetIndex=no&watchFile=no
"8538",Taxus brevifolia,Taxus,brevifolia,,,,native,S5,,48.898316670000000,-123.408158299999997,,NA,NA,"132886880",obs_native,file:///D:/Simon/Sync/Root/GIS/Biodiversity%20Data/obs_native.csv?type=csv&maxFields=10000&detectTypes=yes&xField=longitude&yField=latitude&crs=EPSG:4326&spatialIndex=no&subsetIndex=no&watchFile=no
"8539",Taxus brevifolia,Taxus,brevifolia,,,,native,S5,,48.898086280000001,-123.408186799999996,,NA,NA,"133375976",obs_native,file:///D:/Simon/Sync/Root/GIS/Biodiversity%20Data/obs_native.csv?type=csv&maxFields=10000&detectTypes=yes&xField=longitude&yField=latitude&crs=EPSG:4326&spatialIndex=no&subsetIndex=no&watchFile=no
"8540",Taxus brevifolia,Taxus,brevifolia,,,,native,S5,,49.010803359999997,-123.579197300000004,,NA,NA,"137665568",obs_native,file:///D:/Simon/Sync/Root/GIS/Biodiversity%20Data/obs_native.csv?type=csv&maxFields=10000&detectTypes=yes&xField=longitude&yField=latitude&crs=EPSG:4326&spatialIndex=no&subsetIndex=no&watchFile=no
"8544",Tellima grandiflora,Tellima,grandiflora,,,,native,S5,,48.870021999999999,-123.344879000000006,,NA,NA,"2574221",obs_native,file:///D:/Simon/Sync/Root/GIS/Biodiversity%20Data/obs_native.csv?type=csv&maxFields=10000&detectTypes=yes&xField=longitude&yField=latitude&crs=EPSG:4326&spatialIndex=no&subsetIndex=no&watchFile=no
"8545",Tellima grandiflora,Tellima,grandiflora,,,,native,S5,,48.933101000000001,-123.482980999999995,,NA,NA,"2575142",obs_native,file:///D:/Simon/Sync/Root/GIS/Biodiversity%20Data/obs_native.csv?type=csv&maxFields=10000&detectTypes=yes&xField=longitude&yField=latitude&crs=EPSG:4326&spatialIndex=no&subsetIndex=no&watchFile=no
"8546",Tellima grandiflora,Tellima,grandiflora,,,,native,S5,,48.932492000000003,-123.483323999999996,,NA,NA,"3319891",obs_native,file:///D:/Simon/Sync/Root/GIS/Biodiversity%20Data/obs_native.csv?type=csv&maxFields=10000&detectTypes=yes&xField=longitude&yField=latitude&crs=EPSG:4326&spatialIndex=no&subsetIndex=no&watchFile=no
"8547",Tellima grandiflora,Tellima,grandiflora,,,,native,S5,,48.915652000000001,-123.426826000000005,,NA,NA,"3336226",obs_native,file:///D:/Simon/Sync/Root/GIS/Biodiversity%20Data/obs_native.csv?type=csv&maxFields=10000&detectTypes=yes&xField=longitude&yField=latitude&crs=EPSG:4326&spatialIndex=no&subsetIndex=no&watchFile=no
"8548",Tellima grandiflora,Tellima,grandiflora,,,,native,S5,,48.971231160000002,-123.525874599999995,,NA,NA,"6425137",obs_native,file:///D:/Simon/Sync/Root/GIS/Biodiversity%20Data/obs_native.csv?type=csv&maxFields=10000&detectTypes=yes&xField=longitude&yField=latitude&crs=EPSG:4326&spatialIndex=no&subsetIndex=no&watchFile=no
"8549",Tellima grandiflora,Tellima,grandiflora,,,,native,S5,,48.869626779999997,-123.343935000000002,,NA,NA,"6434801",obs_native,file:///D:/Simon/Sync/Root/GIS/Biodiversity%20Data/obs_native.csv?type=csv&maxFields=10000&detectTypes=yes&xField=longitude&yField=latitude&crs=EPSG:4326&spatialIndex=no&subsetIndex=no&watchFile=no
"8550",Tellima grandiflora,Tellima,grandiflora,,,,native,S5,,48.871867999999999,-123.346080999999998,,NA,NA,"10139662",obs_native,file:///D:/Simon/Sync/Root/GIS/Biodiversity%20Data/obs_native.csv?type=csv&maxFields=10000&detectTypes=yes&xField=longitude&yField=latitude&crs=EPSG:4326&spatialIndex=no&subsetIndex=no&watchFile=no
"8551",Tellima grandiflora,Tellima,grandiflora,,,,native,S5,,48.869399999999999,-123.321399999999997,,NA,NA,"12183529",obs_native,file:///D:/Simon/Sync/Root/GIS/Biodiversity%20Data/obs_native.csv?type=csv&maxFields=10000&detectTypes=yes&xField=longitude&yField=latitude&crs=EPSG:4326&spatialIndex=no&subsetIndex=no&watchFile=no
"8552",Tellima grandiflora,Tellima,grandiflora,,,,native,S5,,49.010631689999997,-123.578005300000001,,NA,NA,"24259198",obs_native,file:///D:/Simon/Sync/Root/GIS/Biodiversity%20Data/obs_native.csv?type=csv&maxFields=10000&detectTypes=yes&xField=longitude&yField=latitude&crs=EPSG:4326&spatialIndex=no&subsetIndex=no&watchFile=no
"8553",Tellima grandiflora,Tellima,grandiflora,,,,native,S5,,48.963591670000000,-123.515580600000007,,NA,NA,"24666617",obs_native,file:///D:/Simon/Sync/Root/GIS/Biodiversity%20Data/obs_native.csv?type=csv&maxFields=10000&detectTypes=yes&xField=longitude&yField=latitude&crs=EPSG:4326&spatialIndex=no&subsetIndex=no&watchFile=no
"8554",Tellima grandiflora,Tellima,grandiflora,,,,native,S5,,48.964083330000001,-123.515847199999996,,NA,NA,"24666637",obs_native,file:///D:/Simon/Sync/Root/GIS/Biodiversity%20Data/obs_native.csv?type=csv&maxFields=10000&detectTypes=yes&xField=longitude&yField=latitude&crs=EPSG:4326&spatialIndex=no&subsetIndex=no&watchFile=no
"8555",Tellima grandiflora,Tellima,grandiflora,,,,native,S5,,48.964322220000000,-123.515852800000005,,NA,NA,"24666681",obs_native,file:///D:/Simon/Sync/Root/GIS/Biodiversity%20Data/obs_native.csv?type=csv&maxFields=10000&detectTypes=yes&xField=longitude&yField=latitude&crs=EPSG:4326&spatialIndex=no&subsetIndex=no&watchFile=no
"8556",Tellima grandiflora,Tellima,grandiflora,,,,native,S5,,48.934730559999998,-123.451683299999999,,NA,NA,"24666691",obs_native,file:///D:/Simon/Sync/Root/GIS/Biodiversity%20Data/obs_native.csv?type=csv&maxFields=10000&detectTypes=yes&xField=longitude&yField=latitude&crs=EPSG:4326&spatialIndex=no&subsetIndex=no&watchFile=no
"8557",Tellima grandiflora,Tellima,grandiflora,,,,native,S5,,48.964916670000001,-123.516800000000003,,NA,NA,"24666694",obs_native,file:///D:/Simon/Sync/Root/GIS/Biodiversity%20Data/obs_native.csv?type=csv&maxFields=10000&detectTypes=yes&xField=longitude&yField=latitude&crs=EPSG:4326&spatialIndex=no&subsetIndex=no&watchFile=no
"8558",Tellima grandiflora,Tellima,grandiflora,,,,native,S5,,48.964824999999998,-123.516852799999995,,NA,NA,"24666695",obs_native,file:///D:/Simon/Sync/Root/GIS/Biodiversity%20Data/obs_native.csv?type=csv&maxFields=10000&detectTypes=yes&xField=longitude&yField=latitude&crs=EPSG:4326&spatialIndex=no&subsetIndex=no&watchFile=no
"8559",Tellima grandiflora,Tellima,grandiflora,,,,native,S5,,48.964100000000002,-123.515791699999994,,NA,NA,"24666706",obs_native,file:///D:/Simon/Sync/Root/GIS/Biodiversity%20Data/obs_native.csv?type=csv&maxFields=10000&detectTypes=yes&xField=longitude&yField=latitude&crs=EPSG:4326&spatialIndex=no&subsetIndex=no&watchFile=no
"8560",Tellima grandiflora,Tellima,grandiflora,,,,native,S5,,48.964416669999999,-123.516152800000000,,NA,NA,"24666757",obs_native,file:///D:/Simon/Sync/Root/GIS/Biodiversity%20Data/obs_native.csv?type=csv&maxFields=10000&detectTypes=yes&xField=longitude&yField=latitude&crs=EPSG:4326&spatialIndex=no&subsetIndex=no&watchFile=no
"8561",Tellima grandiflora,Tellima,grandiflora,,,,native,S5,,48.943138890000000,-123.470550000000003,,NA,NA,"24666770",obs_native,file:///D:/Simon/Sync/Root/GIS/Biodiversity%20Data/obs_native.csv?type=csv&maxFields=10000&detectTypes=yes&xField=longitude&yField=latitude&crs=EPSG:4326&spatialIndex=no&subsetIndex=no&watchFile=no
"8562",Tellima grandiflora,Tellima,grandiflora,,,,native,S5,,48.964761109999998,-123.516677799999997,,NA,NA,"24673921",obs_native,file:///D:/Simon/Sync/Root/GIS/Biodiversity%20Data/obs_native.csv?type=csv&maxFields=10000&detectTypes=yes&xField=longitude&yField=latitude&crs=EPSG:4326&spatialIndex=no&subsetIndex=no&watchFile=no
"8563",Tellima grandiflora,Tellima,grandiflora,,,,native,S5,,48.963191670000000,-123.514663299999995,,NA,NA,"24698175",obs_native,file:///D:/Simon/Sync/Root/GIS/Biodiversity%20Data/obs_native.csv?type=csv&maxFields=10000&detectTypes=yes&xField=longitude&yField=latitude&crs=EPSG:4326&spatialIndex=no&subsetIndex=no&watchFile=no
"8564",Tellima grandiflora,Tellima,grandiflora,,,,native,S5,,48.899668329999997,-123.405590000000004,,NA,NA,"24712572",obs_native,file:///D:/Simon/Sync/Root/GIS/Biodiversity%20Data/obs_native.csv?type=csv&maxFields=10000&detectTypes=yes&xField=longitude&yField=latitude&crs=EPSG:4326&spatialIndex=no&subsetIndex=no&watchFile=no
"8565",Tellima grandiflora,Tellima,grandiflora,,,,native,S5,,48.964936790000003,-123.516641500000006,,NA,NA,"24920294",obs_native,file:///D:/Simon/Sync/Root/GIS/Biodiversity%20Data/obs_native.csv?type=csv&maxFields=10000&detectTypes=yes&xField=longitude&yField=latitude&crs=EPSG:4326&spatialIndex=no&subsetIndex=no&watchFile=no
"8566",Tellima grandiflora,Tellima,grandiflora,,,,native,S5,,48.899715739999998,-123.405584899999994,,NA,NA,"25478566",obs_native,file:///D:/Simon/Sync/Root/GIS/Biodiversity%20Data/obs_native.csv?type=csv&maxFields=10000&detectTypes=yes&xField=longitude&yField=latitude&crs=EPSG:4326&spatialIndex=no&subsetIndex=no&watchFile=no
"8567",Tellima grandiflora,Tellima,grandiflora,,,,native,S5,,48.963794440000001,-123.516486099999995,,NA,NA,"25577912",obs_native,file:///D:/Simon/Sync/Root/GIS/Biodiversity%20Data/obs_native.csv?type=csv&maxFields=10000&detectTypes=yes&xField=longitude&yField=latitude&crs=EPSG:4326&spatialIndex=no&subsetIndex=no&watchFile=no
"8568",Tellima grandiflora,Tellima,grandiflora,,,,native,S5,,48.963813889999997,-123.516402799999994,,NA,NA,"25577913",obs_native,file:///D:/Simon/Sync/Root/GIS/Biodiversity%20Data/obs_native.csv?type=csv&maxFields=10000&detectTypes=yes&xField=longitude&yField=latitude&crs=EPSG:4326&spatialIndex=no&subsetIndex=no&watchFile=no
"8569",Tellima grandiflora,Tellima,grandiflora,,,,native,S5,,48.963797219999996,-123.516424999999998,,NA,NA,"25597367",obs_native,file:///D:/Simon/Sync/Root/GIS/Biodiversity%20Data/obs_native.csv?type=csv&maxFields=10000&detectTypes=yes&xField=longitude&yField=latitude&crs=EPSG:4326&spatialIndex=no&subsetIndex=no&watchFile=no
"8570",Tellima grandiflora,Tellima,grandiflora,,,,native,S5,,48.877256180000003,-123.359016199999999,,NA,NA,"26504495",obs_native,file:///D:/Simon/Sync/Root/GIS/Biodiversity%20Data/obs_native.csv?type=csv&maxFields=10000&detectTypes=yes&xField=longitude&yField=latitude&crs=EPSG:4326&spatialIndex=no&subsetIndex=no&watchFile=no
"8571",Tellima grandiflora,Tellima,grandiflora,,,,native,S5,,48.868262440000002,-123.347821400000001,,NA,NA,"43555467",obs_native,file:///D:/Simon/Sync/Root/GIS/Biodiversity%20Data/obs_native.csv?type=csv&maxFields=10000&detectTypes=yes&xField=longitude&yField=latitude&crs=EPSG:4326&spatialIndex=no&subsetIndex=no&watchFile=no
"8572",Tellima grandiflora,Tellima,grandiflora,,,,native,S5,,48.865686410000002,-123.350038600000005,,NA,NA,"43555561",obs_native,file:///D:/Simon/Sync/Root/GIS/Biodiversity%20Data/obs_native.csv?type=csv&maxFields=10000&detectTypes=yes&xField=longitude&yField=latitude&crs=EPSG:4326&spatialIndex=no&subsetIndex=no&watchFile=no
"8573",Tellima grandiflora,Tellima,grandiflora,,,,native,S5,,48.865686410000002,-123.350038600000005,,NA,NA,"43555563",obs_native,file:///D:/Simon/Sync/Root/GIS/Biodiversity%20Data/obs_native.csv?type=csv&maxFields=10000&detectTypes=yes&xField=longitude&yField=latitude&crs=EPSG:4326&spatialIndex=no&subsetIndex=no&watchFile=no
"8574",Tellima grandiflora,Tellima,grandiflora,,,,native,S5,,48.979632170000002,-123.537323299999997,,NA,NA,"44459083",obs_native,file:///D:/Simon/Sync/Root/GIS/Biodiversity%20Data/obs_native.csv?type=csv&maxFields=10000&detectTypes=yes&xField=longitude&yField=latitude&crs=EPSG:4326&spatialIndex=no&subsetIndex=no&watchFile=no
"8575",Tellima grandiflora,Tellima,grandiflora,,,,native,S5,,48.865544440000001,-123.350302799999994,,NA,NA,"71148589",obs_native,file:///D:/Simon/Sync/Root/GIS/Biodiversity%20Data/obs_native.csv?type=csv&maxFields=10000&detectTypes=yes&xField=longitude&yField=latitude&crs=EPSG:4326&spatialIndex=no&subsetIndex=no&watchFile=no
"8576",Tellima grandiflora,Tellima,grandiflora,,,,native,S5,,48.941728329999997,-123.500630000000001,,NA,NA,"72321463",obs_native,file:///D:/Simon/Sync/Root/GIS/Biodiversity%20Data/obs_native.csv?type=csv&maxFields=10000&detectTypes=yes&xField=longitude&yField=latitude&crs=EPSG:4326&spatialIndex=no&subsetIndex=no&watchFile=no
"8577",Tellima grandiflora,Tellima,grandiflora,,,,native,S5,,48.941728329999997,-123.500896699999998,,NA,NA,"72321471",obs_native,file:///D:/Simon/Sync/Root/GIS/Biodiversity%20Data/obs_native.csv?type=csv&maxFields=10000&detectTypes=yes&xField=longitude&yField=latitude&crs=EPSG:4326&spatialIndex=no&subsetIndex=no&watchFile=no
"8578",Tellima grandiflora,Tellima,grandiflora,,,,native,S5,,49.011244349999998,-123.577468100000004,,NA,NA,"74339686",obs_native,file:///D:/Simon/Sync/Root/GIS/Biodiversity%20Data/obs_native.csv?type=csv&maxFields=10000&detectTypes=yes&xField=longitude&yField=latitude&crs=EPSG:4326&spatialIndex=no&subsetIndex=no&watchFile=no
"8579",Tellima grandiflora,Tellima,grandiflora,,,,native,S5,,48.942394260000000,-123.501075700000001,,NA,NA,"77483515",obs_native,file:///D:/Simon/Sync/Root/GIS/Biodiversity%20Data/obs_native.csv?type=csv&maxFields=10000&detectTypes=yes&xField=longitude&yField=latitude&crs=EPSG:4326&spatialIndex=no&subsetIndex=no&watchFile=no
"8580",Tellima grandiflora,Tellima,grandiflora,,,,native,S5,,48.865267420000002,-123.352936299999996,,NA,NA,"111867245",obs_native,file:///D:/Simon/Sync/Root/GIS/Biodiversity%20Data/obs_native.csv?type=csv&maxFields=10000&detectTypes=yes&xField=longitude&yField=latitude&crs=EPSG:4326&spatialIndex=no&subsetIndex=no&watchFile=no
"8581",Tellima grandiflora,Tellima,grandiflora,,,,native,S5,,48.863019999999999,-123.350996699999996,,NA,NA,"122258283",obs_native,file:///D:/Simon/Sync/Root/GIS/Biodiversity%20Data/obs_native.csv?type=csv&maxFields=10000&detectTypes=yes&xField=longitude&yField=latitude&crs=EPSG:4326&spatialIndex=no&subsetIndex=no&watchFile=no
"8584",Thuja plicata,Thuja,plicata,,,,native,S5,,48.933506999999999,-123.479804999999999,,NA,NA,"2565498",obs_native,file:///D:/Simon/Sync/Root/GIS/Biodiversity%20Data/obs_native.csv?type=csv&maxFields=10000&detectTypes=yes&xField=longitude&yField=latitude&crs=EPSG:4326&spatialIndex=no&subsetIndex=no&watchFile=no
"8585",Thuja plicata,Thuja,plicata,,,,native,S5,,48.933242000000000,-123.481263999999996,,NA,NA,"2566275",obs_native,file:///D:/Simon/Sync/Root/GIS/Biodiversity%20Data/obs_native.csv?type=csv&maxFields=10000&detectTypes=yes&xField=longitude&yField=latitude&crs=EPSG:4326&spatialIndex=no&subsetIndex=no&watchFile=no
"8586",Thuja plicata,Thuja,plicata,,,,native,S5,,48.930912999999997,-123.469076000000001,,NA,NA,"2567701",obs_native,file:///D:/Simon/Sync/Root/GIS/Biodiversity%20Data/obs_native.csv?type=csv&maxFields=10000&detectTypes=yes&xField=longitude&yField=latitude&crs=EPSG:4326&spatialIndex=no&subsetIndex=no&watchFile=no
"8587",Thuja plicata,Thuja,plicata,,,,native,S5,,48.942076000000000,-123.476543000000007,,NA,NA,"2584030",obs_native,file:///D:/Simon/Sync/Root/GIS/Biodiversity%20Data/obs_native.csv?type=csv&maxFields=10000&detectTypes=yes&xField=longitude&yField=latitude&crs=EPSG:4326&spatialIndex=no&subsetIndex=no&watchFile=no
"8588",Thuja plicata,Thuja,plicata,,,,native,S5,,48.898873999999999,-123.358954999999995,,NA,NA,"2586537",obs_native,file:///D:/Simon/Sync/Root/GIS/Biodiversity%20Data/obs_native.csv?type=csv&maxFields=10000&detectTypes=yes&xField=longitude&yField=latitude&crs=EPSG:4326&spatialIndex=no&subsetIndex=no&watchFile=no
"8589",Thuja plicata,Thuja,plicata,,,,native,S5,,48.870265000000003,-123.346231000000003,,NA,NA,"2631336",obs_native,file:///D:/Simon/Sync/Root/GIS/Biodiversity%20Data/obs_native.csv?type=csv&maxFields=10000&detectTypes=yes&xField=longitude&yField=latitude&crs=EPSG:4326&spatialIndex=no&subsetIndex=no&watchFile=no
"8590",Thuja plicata,Thuja,plicata,,,,native,S5,,48.933101000000001,-123.479977000000005,,NA,NA,"2648000",obs_native,file:///D:/Simon/Sync/Root/GIS/Biodiversity%20Data/obs_native.csv?type=csv&maxFields=10000&detectTypes=yes&xField=longitude&yField=latitude&crs=EPSG:4326&spatialIndex=no&subsetIndex=no&watchFile=no
"8591",Thuja plicata,Thuja,plicata,,,,native,S5,,48.874313000000001,-123.316169000000002,,NA,NA,"2710464",obs_native,file:///D:/Simon/Sync/Root/GIS/Biodiversity%20Data/obs_native.csv?type=csv&maxFields=10000&detectTypes=yes&xField=longitude&yField=latitude&crs=EPSG:4326&spatialIndex=no&subsetIndex=no&watchFile=no
"8592",Thuja plicata,Thuja,plicata,,,,native,S5,,48.897599000000000,-123.408287000000001,,NA,NA,"2731721",obs_native,file:///D:/Simon/Sync/Root/GIS/Biodiversity%20Data/obs_native.csv?type=csv&maxFields=10000&detectTypes=yes&xField=longitude&yField=latitude&crs=EPSG:4326&spatialIndex=no&subsetIndex=no&watchFile=no
"8593",Thuja plicata,Thuja,plicata,,,,native,S5,,48.915987999999999,-123.424981000000002,,NA,NA,"3214343",obs_native,file:///D:/Simon/Sync/Root/GIS/Biodiversity%20Data/obs_native.csv?type=csv&maxFields=10000&detectTypes=yes&xField=longitude&yField=latitude&crs=EPSG:4326&spatialIndex=no&subsetIndex=no&watchFile=no
"8594",Thuja plicata,Thuja,plicata,,,,native,S5,,48.915652000000001,-123.426826000000005,,NA,NA,"3335346",obs_native,file:///D:/Simon/Sync/Root/GIS/Biodiversity%20Data/obs_native.csv?type=csv&maxFields=10000&detectTypes=yes&xField=longitude&yField=latitude&crs=EPSG:4326&spatialIndex=no&subsetIndex=no&watchFile=no
"8595",Thuja plicata,Thuja,plicata,,,,native,S5,,48.948469000000003,-123.503151000000003,,NA,NA,"3402939",obs_native,file:///D:/Simon/Sync/Root/GIS/Biodiversity%20Data/obs_native.csv?type=csv&maxFields=10000&detectTypes=yes&xField=longitude&yField=latitude&crs=EPSG:4326&spatialIndex=no&subsetIndex=no&watchFile=no
"8596",Thuja plicata,Thuja,plicata,,,,native,S5,,48.890287999999998,-123.347460999999996,,NA,NA,"3682481",obs_native,file:///D:/Simon/Sync/Root/GIS/Biodiversity%20Data/obs_native.csv?type=csv&maxFields=10000&detectTypes=yes&xField=longitude&yField=latitude&crs=EPSG:4326&spatialIndex=no&subsetIndex=no&watchFile=no
"8597",Thuja plicata,Thuja,plicata,,,,native,S5,,48.872934999999998,-123.334243000000001,,NA,NA,"4772955",obs_native,file:///D:/Simon/Sync/Root/GIS/Biodiversity%20Data/obs_native.csv?type=csv&maxFields=10000&detectTypes=yes&xField=longitude&yField=latitude&crs=EPSG:4326&spatialIndex=no&subsetIndex=no&watchFile=no
"8598",Thuja plicata,Thuja,plicata,,,,native,S5,,48.885499799999998,-123.374156200000002,,NA,NA,"5107776",obs_native,file:///D:/Simon/Sync/Root/GIS/Biodiversity%20Data/obs_native.csv?type=csv&maxFields=10000&detectTypes=yes&xField=longitude&yField=latitude&crs=EPSG:4326&spatialIndex=no&subsetIndex=no&watchFile=no
"8599",Thuja plicata,Thuja,plicata,,,,native,S5,,48.945729999999998,-123.482380000000006,,NA,NA,"5121782",obs_native,file:///D:/Simon/Sync/Root/GIS/Biodiversity%20Data/obs_native.csv?type=csv&maxFields=10000&detectTypes=yes&xField=longitude&yField=latitude&crs=EPSG:4326&spatialIndex=no&subsetIndex=no&watchFile=no
"8600",Thuja plicata,Thuja,plicata,,,,native,S5,,48.978729000000001,-123.551272999999995,,NA,NA,"5279751",obs_native,file:///D:/Simon/Sync/Root/GIS/Biodiversity%20Data/obs_native.csv?type=csv&maxFields=10000&detectTypes=yes&xField=longitude&yField=latitude&crs=EPSG:4326&spatialIndex=no&subsetIndex=no&watchFile=no
"8601",Thuja plicata,Thuja,plicata,,,,native,S5,,48.906649029999997,-123.360865099999998,,NA,NA,"5646940",obs_native,file:///D:/Simon/Sync/Root/GIS/Biodiversity%20Data/obs_native.csv?type=csv&maxFields=10000&detectTypes=yes&xField=longitude&yField=latitude&crs=EPSG:4326&spatialIndex=no&subsetIndex=no&watchFile=no
"8602",Thuja plicata,Thuja,plicata,,,,native,S5,,48.904618040000003,-123.358869600000006,,NA,NA,"5646987",obs_native,file:///D:/Simon/Sync/Root/GIS/Biodiversity%20Data/obs_native.csv?type=csv&maxFields=10000&detectTypes=yes&xField=longitude&yField=latitude&crs=EPSG:4326&spatialIndex=no&subsetIndex=no&watchFile=no
"8603",Thuja plicata,Thuja,plicata,,,,native,S5,,48.906324640000001,-123.359824399999994,,NA,NA,"5885649",obs_native,file:///D:/Simon/Sync/Root/GIS/Biodiversity%20Data/obs_native.csv?type=csv&maxFields=10000&detectTypes=yes&xField=longitude&yField=latitude&crs=EPSG:4326&spatialIndex=no&subsetIndex=no&watchFile=no
"8604",Thuja plicata,Thuja,plicata,,,,native,S5,,48.906042560000003,-123.358268699999996,,NA,NA,"5886279",obs_native,file:///D:/Simon/Sync/Root/GIS/Biodiversity%20Data/obs_native.csv?type=csv&maxFields=10000&detectTypes=yes&xField=longitude&yField=latitude&crs=EPSG:4326&spatialIndex=no&subsetIndex=no&watchFile=no
"8605",Thuja plicata,Thuja,plicata,,,,native,S5,,48.901345700000000,-123.364856200000006,,NA,NA,"5953026",obs_native,file:///D:/Simon/Sync/Root/GIS/Biodiversity%20Data/obs_native.csv?type=csv&maxFields=10000&detectTypes=yes&xField=longitude&yField=latitude&crs=EPSG:4326&spatialIndex=no&subsetIndex=no&watchFile=no
"8606",Thuja plicata,Thuja,plicata,,,,native,S5,,48.898665610000002,-123.363965699999994,,NA,NA,"5993165",obs_native,file:///D:/Simon/Sync/Root/GIS/Biodiversity%20Data/obs_native.csv?type=csv&maxFields=10000&detectTypes=yes&xField=longitude&yField=latitude&crs=EPSG:4326&spatialIndex=no&subsetIndex=no&watchFile=no
"8607",Thuja plicata,Thuja,plicata,,,,native,S5,,48.897734589999999,-123.361905800000002,,NA,NA,"5993199",obs_native,file:///D:/Simon/Sync/Root/GIS/Biodiversity%20Data/obs_native.csv?type=csv&maxFields=10000&detectTypes=yes&xField=longitude&yField=latitude&crs=EPSG:4326&spatialIndex=no&subsetIndex=no&watchFile=no
"8608",Thuja plicata,Thuja,plicata,,,,native,S5,,48.897734589999999,-123.361905800000002,,NA,NA,"5993201",obs_native,file:///D:/Simon/Sync/Root/GIS/Biodiversity%20Data/obs_native.csv?type=csv&maxFields=10000&detectTypes=yes&xField=longitude&yField=latitude&crs=EPSG:4326&spatialIndex=no&subsetIndex=no&watchFile=no
"8609",Thuja plicata,Thuja,plicata,,,,native,S5,,48.901261069999997,-123.364362700000001,,NA,NA,"6020004",obs_native,file:///D:/Simon/Sync/Root/GIS/Biodiversity%20Data/obs_native.csv?type=csv&maxFields=10000&detectTypes=yes&xField=longitude&yField=latitude&crs=EPSG:4326&spatialIndex=no&subsetIndex=no&watchFile=no
"8610",Thuja plicata,Thuja,plicata,,,,native,S5,,48.903842279999999,-123.359684900000005,,NA,NA,"6217026",obs_native,file:///D:/Simon/Sync/Root/GIS/Biodiversity%20Data/obs_native.csv?type=csv&maxFields=10000&detectTypes=yes&xField=longitude&yField=latitude&crs=EPSG:4326&spatialIndex=no&subsetIndex=no&watchFile=no
"8611",Thuja plicata,Thuja,plicata,,,,native,S5,,48.903842279999999,-123.359684900000005,,NA,NA,"6217035",obs_native,file:///D:/Simon/Sync/Root/GIS/Biodiversity%20Data/obs_native.csv?type=csv&maxFields=10000&detectTypes=yes&xField=longitude&yField=latitude&crs=EPSG:4326&spatialIndex=no&subsetIndex=no&watchFile=no
"8612",Thuja plicata,Thuja,plicata,,,,native,S5,,49.011795350000000,-123.574218799999997,,NA,NA,"6309407",obs_native,file:///D:/Simon/Sync/Root/GIS/Biodiversity%20Data/obs_native.csv?type=csv&maxFields=10000&detectTypes=yes&xField=longitude&yField=latitude&crs=EPSG:4326&spatialIndex=no&subsetIndex=no&watchFile=no
"8613",Thuja plicata,Thuja,plicata,,,,native,S5,,48.980005740000003,-123.537805100000000,,NA,NA,"6570022",obs_native,file:///D:/Simon/Sync/Root/GIS/Biodiversity%20Data/obs_native.csv?type=csv&maxFields=10000&detectTypes=yes&xField=longitude&yField=latitude&crs=EPSG:4326&spatialIndex=no&subsetIndex=no&watchFile=no
"8614",Thuja plicata,Thuja,plicata,,,,native,S5,,48.876598770000001,-123.383266899999995,,NA,NA,"6714896",obs_native,file:///D:/Simon/Sync/Root/GIS/Biodiversity%20Data/obs_native.csv?type=csv&maxFields=10000&detectTypes=yes&xField=longitude&yField=latitude&crs=EPSG:4326&spatialIndex=no&subsetIndex=no&watchFile=no
"8615",Thuja plicata,Thuja,plicata,,,,native,S5,,48.874693999999998,-123.380369999999999,,NA,NA,"6818189",obs_native,file:///D:/Simon/Sync/Root/GIS/Biodiversity%20Data/obs_native.csv?type=csv&maxFields=10000&detectTypes=yes&xField=longitude&yField=latitude&crs=EPSG:4326&spatialIndex=no&subsetIndex=no&watchFile=no
"8616",Thuja plicata,Thuja,plicata,,,,native,S5,,48.875116949999999,-123.378760799999995,,NA,NA,"7280619",obs_native,file:///D:/Simon/Sync/Root/GIS/Biodiversity%20Data/obs_native.csv?type=csv&maxFields=10000&detectTypes=yes&xField=longitude&yField=latitude&crs=EPSG:4326&spatialIndex=no&subsetIndex=no&watchFile=no
"8617",Thuja plicata,Thuja,plicata,,,,native,S5,,48.898341000000002,-123.343038000000007,,NA,NA,"8097363",obs_native,file:///D:/Simon/Sync/Root/GIS/Biodiversity%20Data/obs_native.csv?type=csv&maxFields=10000&detectTypes=yes&xField=longitude&yField=latitude&crs=EPSG:4326&spatialIndex=no&subsetIndex=no&watchFile=no
"8618",Thuja plicata,Thuja,plicata,,,,native,S5,,48.875366669999998,-123.380211700000004,,NA,NA,"11579443",obs_native,file:///D:/Simon/Sync/Root/GIS/Biodiversity%20Data/obs_native.csv?type=csv&maxFields=10000&detectTypes=yes&xField=longitude&yField=latitude&crs=EPSG:4326&spatialIndex=no&subsetIndex=no&watchFile=no
"8619",Thuja plicata,Thuja,plicata,,,,native,S5,,48.981081000000003,-123.557699999999997,,NA,NA,"11830146",obs_native,file:///D:/Simon/Sync/Root/GIS/Biodiversity%20Data/obs_native.csv?type=csv&maxFields=10000&detectTypes=yes&xField=longitude&yField=latitude&crs=EPSG:4326&spatialIndex=no&subsetIndex=no&watchFile=no
"8620",Thuja plicata,Thuja,plicata,,,,native,S5,,48.872402999999998,-123.342645000000005,,NA,NA,"12762358",obs_native,file:///D:/Simon/Sync/Root/GIS/Biodiversity%20Data/obs_native.csv?type=csv&maxFields=10000&detectTypes=yes&xField=longitude&yField=latitude&crs=EPSG:4326&spatialIndex=no&subsetIndex=no&watchFile=no
"8621",Thuja plicata,Thuja,plicata,,,,native,S5,,48.874772999999998,-123.336338999999995,,NA,NA,"12762908",obs_native,file:///D:/Simon/Sync/Root/GIS/Biodiversity%20Data/obs_native.csv?type=csv&maxFields=10000&detectTypes=yes&xField=longitude&yField=latitude&crs=EPSG:4326&spatialIndex=no&subsetIndex=no&watchFile=no
"8622",Thuja plicata,Thuja,plicata,,,,native,S5,,48.874772999999998,-123.336338999999995,,NA,NA,"12762936",obs_native,file:///D:/Simon/Sync/Root/GIS/Biodiversity%20Data/obs_native.csv?type=csv&maxFields=10000&detectTypes=yes&xField=longitude&yField=latitude&crs=EPSG:4326&spatialIndex=no&subsetIndex=no&watchFile=no
"8623",Thuja plicata,Thuja,plicata,,,,native,S5,,48.874510000000001,-123.333782999999997,,NA,NA,"12763190",obs_native,file:///D:/Simon/Sync/Root/GIS/Biodiversity%20Data/obs_native.csv?type=csv&maxFields=10000&detectTypes=yes&xField=longitude&yField=latitude&crs=EPSG:4326&spatialIndex=no&subsetIndex=no&watchFile=no
"8624",Thuja plicata,Thuja,plicata,,,,native,S5,,48.877445999999999,-123.337104999999994,,NA,NA,"12773309",obs_native,file:///D:/Simon/Sync/Root/GIS/Biodiversity%20Data/obs_native.csv?type=csv&maxFields=10000&detectTypes=yes&xField=longitude&yField=latitude&crs=EPSG:4326&spatialIndex=no&subsetIndex=no&watchFile=no
"8625",Thuja plicata,Thuja,plicata,,,,native,S5,,48.880899999999997,-123.333145000000002,,NA,NA,"12774801",obs_native,file:///D:/Simon/Sync/Root/GIS/Biodiversity%20Data/obs_native.csv?type=csv&maxFields=10000&detectTypes=yes&xField=longitude&yField=latitude&crs=EPSG:4326&spatialIndex=no&subsetIndex=no&watchFile=no
"8626",Thuja plicata,Thuja,plicata,,,,native,S5,,48.880817999999998,-123.341763999999998,,NA,NA,"12790139",obs_native,file:///D:/Simon/Sync/Root/GIS/Biodiversity%20Data/obs_native.csv?type=csv&maxFields=10000&detectTypes=yes&xField=longitude&yField=latitude&crs=EPSG:4326&spatialIndex=no&subsetIndex=no&watchFile=no
"8627",Thuja plicata,Thuja,plicata,,,,native,S5,,48.878962000000001,-123.341682000000006,,NA,NA,"12790737",obs_native,file:///D:/Simon/Sync/Root/GIS/Biodiversity%20Data/obs_native.csv?type=csv&maxFields=10000&detectTypes=yes&xField=longitude&yField=latitude&crs=EPSG:4326&spatialIndex=no&subsetIndex=no&watchFile=no
"8628",Thuja plicata,Thuja,plicata,,,,native,S5,,48.874077000000000,-123.342488000000003,,NA,NA,"12791226",obs_native,file:///D:/Simon/Sync/Root/GIS/Biodiversity%20Data/obs_native.csv?type=csv&maxFields=10000&detectTypes=yes&xField=longitude&yField=latitude&crs=EPSG:4326&spatialIndex=no&subsetIndex=no&watchFile=no
"8629",Thuja plicata,Thuja,plicata,,,,native,S5,,48.871012999999998,-123.333776999999998,,NA,NA,"12792383",obs_native,file:///D:/Simon/Sync/Root/GIS/Biodiversity%20Data/obs_native.csv?type=csv&maxFields=10000&detectTypes=yes&xField=longitude&yField=latitude&crs=EPSG:4326&spatialIndex=no&subsetIndex=no&watchFile=no
"8630",Thuja plicata,Thuja,plicata,,,,native,S5,,48.868533999999997,-123.338466999999994,,NA,NA,"12816408",obs_native,file:///D:/Simon/Sync/Root/GIS/Biodiversity%20Data/obs_native.csv?type=csv&maxFields=10000&detectTypes=yes&xField=longitude&yField=latitude&crs=EPSG:4326&spatialIndex=no&subsetIndex=no&watchFile=no
"8631",Thuja plicata,Thuja,plicata,,,,native,S5,,48.867058000000000,-123.334428000000003,,NA,NA,"12817026",obs_native,file:///D:/Simon/Sync/Root/GIS/Biodiversity%20Data/obs_native.csv?type=csv&maxFields=10000&detectTypes=yes&xField=longitude&yField=latitude&crs=EPSG:4326&spatialIndex=no&subsetIndex=no&watchFile=no
"8632",Thuja plicata,Thuja,plicata,,,,native,S5,,48.867058000000000,-123.334428000000003,,NA,NA,"12817041",obs_native,file:///D:/Simon/Sync/Root/GIS/Biodiversity%20Data/obs_native.csv?type=csv&maxFields=10000&detectTypes=yes&xField=longitude&yField=latitude&crs=EPSG:4326&spatialIndex=no&subsetIndex=no&watchFile=no
"8633",Thuja plicata,Thuja,plicata,,,,native,S5,,48.867058000000000,-123.334428000000003,,NA,NA,"12817042",obs_native,file:///D:/Simon/Sync/Root/GIS/Biodiversity%20Data/obs_native.csv?type=csv&maxFields=10000&detectTypes=yes&xField=longitude&yField=latitude&crs=EPSG:4326&spatialIndex=no&subsetIndex=no&watchFile=no
"8634",Thuja plicata,Thuja,plicata,,,,native,S5,,48.903950000000002,-123.344993299999999,,NA,NA,"13971919",obs_native,file:///D:/Simon/Sync/Root/GIS/Biodiversity%20Data/obs_native.csv?type=csv&maxFields=10000&detectTypes=yes&xField=longitude&yField=latitude&crs=EPSG:4326&spatialIndex=no&subsetIndex=no&watchFile=no
"8635",Thuja plicata,Thuja,plicata,,,,native,S5,,48.872483330000001,-123.349944399999998,,NA,NA,"13983613",obs_native,file:///D:/Simon/Sync/Root/GIS/Biodiversity%20Data/obs_native.csv?type=csv&maxFields=10000&detectTypes=yes&xField=longitude&yField=latitude&crs=EPSG:4326&spatialIndex=no&subsetIndex=no&watchFile=no
"8636",Thuja plicata,Thuja,plicata,,,,native,S5,,49.005259010000003,-123.566387000000006,,NA,NA,"19744017",obs_native,file:///D:/Simon/Sync/Root/GIS/Biodiversity%20Data/obs_native.csv?type=csv&maxFields=10000&detectTypes=yes&xField=longitude&yField=latitude&crs=EPSG:4326&spatialIndex=no&subsetIndex=no&watchFile=no
"8637",Thuja plicata,Thuja,plicata,,,,native,S5,,48.865221669999997,-123.353638300000000,,NA,NA,"19885886",obs_native,file:///D:/Simon/Sync/Root/GIS/Biodiversity%20Data/obs_native.csv?type=csv&maxFields=10000&detectTypes=yes&xField=longitude&yField=latitude&crs=EPSG:4326&spatialIndex=no&subsetIndex=no&watchFile=no
"8638",Thuja plicata,Thuja,plicata,,,,native,S5,,48.873489169999999,-123.344912800000003,,NA,NA,"20378026",obs_native,file:///D:/Simon/Sync/Root/GIS/Biodiversity%20Data/obs_native.csv?type=csv&maxFields=10000&detectTypes=yes&xField=longitude&yField=latitude&crs=EPSG:4326&spatialIndex=no&subsetIndex=no&watchFile=no
"8639",Thuja plicata,Thuja,plicata,,,,native,S5,,48.901044769999999,-123.406170299999999,,NA,NA,"24639802",obs_native,file:///D:/Simon/Sync/Root/GIS/Biodiversity%20Data/obs_native.csv?type=csv&maxFields=10000&detectTypes=yes&xField=longitude&yField=latitude&crs=EPSG:4326&spatialIndex=no&subsetIndex=no&watchFile=no
"8640",Thuja plicata,Thuja,plicata,,,,native,S5,,48.963616670000000,-123.515944399999995,,NA,NA,"24665094",obs_native,file:///D:/Simon/Sync/Root/GIS/Biodiversity%20Data/obs_native.csv?type=csv&maxFields=10000&detectTypes=yes&xField=longitude&yField=latitude&crs=EPSG:4326&spatialIndex=no&subsetIndex=no&watchFile=no
"8641",Thuja plicata,Thuja,plicata,,,,native,S5,,48.963600000000000,-123.516030599999993,,NA,NA,"24665273",obs_native,file:///D:/Simon/Sync/Root/GIS/Biodiversity%20Data/obs_native.csv?type=csv&maxFields=10000&detectTypes=yes&xField=longitude&yField=latitude&crs=EPSG:4326&spatialIndex=no&subsetIndex=no&watchFile=no
"8642",Thuja plicata,Thuja,plicata,,,,native,S5,,48.900024999999999,-123.406777800000000,,NA,NA,"24672679",obs_native,file:///D:/Simon/Sync/Root/GIS/Biodiversity%20Data/obs_native.csv?type=csv&maxFields=10000&detectTypes=yes&xField=longitude&yField=latitude&crs=EPSG:4326&spatialIndex=no&subsetIndex=no&watchFile=no
"8643",Thuja plicata,Thuja,plicata,,,,native,S5,,48.895427779999999,-123.407005600000005,,NA,NA,"24677336",obs_native,file:///D:/Simon/Sync/Root/GIS/Biodiversity%20Data/obs_native.csv?type=csv&maxFields=10000&detectTypes=yes&xField=longitude&yField=latitude&crs=EPSG:4326&spatialIndex=no&subsetIndex=no&watchFile=no
"8644",Thuja plicata,Thuja,plicata,,,,native,S5,,48.896366669999999,-123.407730599999994,,NA,NA,"24677351",obs_native,file:///D:/Simon/Sync/Root/GIS/Biodiversity%20Data/obs_native.csv?type=csv&maxFields=10000&detectTypes=yes&xField=longitude&yField=latitude&crs=EPSG:4326&spatialIndex=no&subsetIndex=no&watchFile=no
"8645",Thuja plicata,Thuja,plicata,,,,native,S5,,48.895680560000002,-123.406227799999996,,NA,NA,"24677382",obs_native,file:///D:/Simon/Sync/Root/GIS/Biodiversity%20Data/obs_native.csv?type=csv&maxFields=10000&detectTypes=yes&xField=longitude&yField=latitude&crs=EPSG:4326&spatialIndex=no&subsetIndex=no&watchFile=no
"8646",Thuja plicata,Thuja,plicata,,,,native,S5,,48.895783330000000,-123.407394400000001,,NA,NA,"24677410",obs_native,file:///D:/Simon/Sync/Root/GIS/Biodiversity%20Data/obs_native.csv?type=csv&maxFields=10000&detectTypes=yes&xField=longitude&yField=latitude&crs=EPSG:4326&spatialIndex=no&subsetIndex=no&watchFile=no
"8647",Thuja plicata,Thuja,plicata,,,,native,S5,,48.897141670000003,-123.408408300000005,,NA,NA,"24677421",obs_native,file:///D:/Simon/Sync/Root/GIS/Biodiversity%20Data/obs_native.csv?type=csv&maxFields=10000&detectTypes=yes&xField=longitude&yField=latitude&crs=EPSG:4326&spatialIndex=no&subsetIndex=no&watchFile=no
"8648",Thuja plicata,Thuja,plicata,,,,native,S5,,48.897399999999998,-123.408469400000001,,NA,NA,"24677426",obs_native,file:///D:/Simon/Sync/Root/GIS/Biodiversity%20Data/obs_native.csv?type=csv&maxFields=10000&detectTypes=yes&xField=longitude&yField=latitude&crs=EPSG:4326&spatialIndex=no&subsetIndex=no&watchFile=no
"8649",Thuja plicata,Thuja,plicata,,,,native,S5,,48.896369440000001,-123.407744399999999,,NA,NA,"24677462",obs_native,file:///D:/Simon/Sync/Root/GIS/Biodiversity%20Data/obs_native.csv?type=csv&maxFields=10000&detectTypes=yes&xField=longitude&yField=latitude&crs=EPSG:4326&spatialIndex=no&subsetIndex=no&watchFile=no
"8650",Thuja plicata,Thuja,plicata,,,,native,S5,,48.895419439999998,-123.407005600000005,,NA,NA,"24677535",obs_native,file:///D:/Simon/Sync/Root/GIS/Biodiversity%20Data/obs_native.csv?type=csv&maxFields=10000&detectTypes=yes&xField=longitude&yField=latitude&crs=EPSG:4326&spatialIndex=no&subsetIndex=no&watchFile=no
"8651",Thuja plicata,Thuja,plicata,,,,native,S5,,48.896369440000001,-123.407744399999999,,NA,NA,"24677548",obs_native,file:///D:/Simon/Sync/Root/GIS/Biodiversity%20Data/obs_native.csv?type=csv&maxFields=10000&detectTypes=yes&xField=longitude&yField=latitude&crs=EPSG:4326&spatialIndex=no&subsetIndex=no&watchFile=no
"8652",Thuja plicata,Thuja,plicata,,,,native,S5,,48.899935350000000,-123.406767200000004,,NA,NA,"24689536",obs_native,file:///D:/Simon/Sync/Root/GIS/Biodiversity%20Data/obs_native.csv?type=csv&maxFields=10000&detectTypes=yes&xField=longitude&yField=latitude&crs=EPSG:4326&spatialIndex=no&subsetIndex=no&watchFile=no
"8653",Thuja plicata,Thuja,plicata,,,,native,S5,,48.900729159999997,-123.406768999999997,,NA,NA,"24689745",obs_native,file:///D:/Simon/Sync/Root/GIS/Biodiversity%20Data/obs_native.csv?type=csv&maxFields=10000&detectTypes=yes&xField=longitude&yField=latitude&crs=EPSG:4326&spatialIndex=no&subsetIndex=no&watchFile=no
"8654",Thuja plicata,Thuja,plicata,,,,native,S5,,48.893802780000001,-123.405158299999997,,NA,NA,"24701317",obs_native,file:///D:/Simon/Sync/Root/GIS/Biodiversity%20Data/obs_native.csv?type=csv&maxFields=10000&detectTypes=yes&xField=longitude&yField=latitude&crs=EPSG:4326&spatialIndex=no&subsetIndex=no&watchFile=no
"8655",Thuja plicata,Thuja,plicata,,,,native,S5,,48.895488890000003,-123.410452800000002,,NA,NA,"24701344",obs_native,file:///D:/Simon/Sync/Root/GIS/Biodiversity%20Data/obs_native.csv?type=csv&maxFields=10000&detectTypes=yes&xField=longitude&yField=latitude&crs=EPSG:4326&spatialIndex=no&subsetIndex=no&watchFile=no
"8656",Thuja plicata,Thuja,plicata,,,,native,S5,,48.866877780000003,-123.329155600000007,,NA,NA,"24701433",obs_native,file:///D:/Simon/Sync/Root/GIS/Biodiversity%20Data/obs_native.csv?type=csv&maxFields=10000&detectTypes=yes&xField=longitude&yField=latitude&crs=EPSG:4326&spatialIndex=no&subsetIndex=no&watchFile=no
"8657",Thuja plicata,Thuja,plicata,,,,native,S5,,48.961828330000003,-123.518666699999997,,NA,NA,"24702229",obs_native,file:///D:/Simon/Sync/Root/GIS/Biodiversity%20Data/obs_native.csv?type=csv&maxFields=10000&detectTypes=yes&xField=longitude&yField=latitude&crs=EPSG:4326&spatialIndex=no&subsetIndex=no&watchFile=no
"8658",Thuja plicata,Thuja,plicata,,,,native,S5,,48.900387969999997,-123.406477100000004,,NA,NA,"24708558",obs_native,file:///D:/Simon/Sync/Root/GIS/Biodiversity%20Data/obs_native.csv?type=csv&maxFields=10000&detectTypes=yes&xField=longitude&yField=latitude&crs=EPSG:4326&spatialIndex=no&subsetIndex=no&watchFile=no
"8659",Thuja plicata,Thuja,plicata,,,,native,S5,,48.963801340000003,-123.515850700000001,,NA,NA,"24709942",obs_native,file:///D:/Simon/Sync/Root/GIS/Biodiversity%20Data/obs_native.csv?type=csv&maxFields=10000&detectTypes=yes&xField=longitude&yField=latitude&crs=EPSG:4326&spatialIndex=no&subsetIndex=no&watchFile=no
"8660",Thuja plicata,Thuja,plicata,,,,native,S5,,48.897274090000003,-123.409115900000003,,NA,NA,"24711759",obs_native,file:///D:/Simon/Sync/Root/GIS/Biodiversity%20Data/obs_native.csv?type=csv&maxFields=10000&detectTypes=yes&xField=longitude&yField=latitude&crs=EPSG:4326&spatialIndex=no&subsetIndex=no&watchFile=no
"8661",Thuja plicata,Thuja,plicata,,,,native,S5,,48.901290240000002,-123.406794000000005,,NA,NA,"24714982",obs_native,file:///D:/Simon/Sync/Root/GIS/Biodiversity%20Data/obs_native.csv?type=csv&maxFields=10000&detectTypes=yes&xField=longitude&yField=latitude&crs=EPSG:4326&spatialIndex=no&subsetIndex=no&watchFile=no
"8662",Thuja plicata,Thuja,plicata,,,,native,S5,,48.900598019999997,-123.407061499999998,,NA,NA,"24715335",obs_native,file:///D:/Simon/Sync/Root/GIS/Biodiversity%20Data/obs_native.csv?type=csv&maxFields=10000&detectTypes=yes&xField=longitude&yField=latitude&crs=EPSG:4326&spatialIndex=no&subsetIndex=no&watchFile=no
"8663",Thuja plicata,Thuja,plicata,,,,native,S5,,48.963332500000000,-123.515987100000004,,NA,NA,"24920111",obs_native,file:///D:/Simon/Sync/Root/GIS/Biodiversity%20Data/obs_native.csv?type=csv&maxFields=10000&detectTypes=yes&xField=longitude&yField=latitude&crs=EPSG:4326&spatialIndex=no&subsetIndex=no&watchFile=no
"8664",Thuja plicata,Thuja,plicata,,,,native,S5,,48.964774269999999,-123.516765100000001,,NA,NA,"24920307",obs_native,file:///D:/Simon/Sync/Root/GIS/Biodiversity%20Data/obs_native.csv?type=csv&maxFields=10000&detectTypes=yes&xField=longitude&yField=latitude&crs=EPSG:4326&spatialIndex=no&subsetIndex=no&watchFile=no
"8665",Thuja plicata,Thuja,plicata,,,,native,S5,,48.896522019999999,-123.410034100000004,,NA,NA,"24937417",obs_native,file:///D:/Simon/Sync/Root/GIS/Biodiversity%20Data/obs_native.csv?type=csv&maxFields=10000&detectTypes=yes&xField=longitude&yField=latitude&crs=EPSG:4326&spatialIndex=no&subsetIndex=no&watchFile=no
"8666",Thuja plicata,Thuja,plicata,,,,native,S5,,48.896822850000000,-123.409851599999996,,NA,NA,"24942395",obs_native,file:///D:/Simon/Sync/Root/GIS/Biodiversity%20Data/obs_native.csv?type=csv&maxFields=10000&detectTypes=yes&xField=longitude&yField=latitude&crs=EPSG:4326&spatialIndex=no&subsetIndex=no&watchFile=no
"8667",Thuja plicata,Thuja,plicata,,,,native,S5,,48.899816950000002,-123.406428800000000,,NA,NA,"25199618",obs_native,file:///D:/Simon/Sync/Root/GIS/Biodiversity%20Data/obs_native.csv?type=csv&maxFields=10000&detectTypes=yes&xField=longitude&yField=latitude&crs=EPSG:4326&spatialIndex=no&subsetIndex=no&watchFile=no
"8668",Thuja plicata,Thuja,plicata,,,,native,S5,,48.898731910000002,-123.407129499999996,,NA,NA,"25476433",obs_native,file:///D:/Simon/Sync/Root/GIS/Biodiversity%20Data/obs_native.csv?type=csv&maxFields=10000&detectTypes=yes&xField=longitude&yField=latitude&crs=EPSG:4326&spatialIndex=no&subsetIndex=no&watchFile=no
"8669",Thuja plicata,Thuja,plicata,,,,native,S5,,48.899683430000003,-123.404847599999997,,NA,NA,"25478814",obs_native,file:///D:/Simon/Sync/Root/GIS/Biodiversity%20Data/obs_native.csv?type=csv&maxFields=10000&detectTypes=yes&xField=longitude&yField=latitude&crs=EPSG:4326&spatialIndex=no&subsetIndex=no&watchFile=no
"8670",Thuja plicata,Thuja,plicata,,,,native,S5,,48.978600600000000,-123.556157099999993,,NA,NA,"25479341",obs_native,file:///D:/Simon/Sync/Root/GIS/Biodiversity%20Data/obs_native.csv?type=csv&maxFields=10000&detectTypes=yes&xField=longitude&yField=latitude&crs=EPSG:4326&spatialIndex=no&subsetIndex=no&watchFile=no
"8671",Thuja plicata,Thuja,plicata,,,,native,S5,,48.978635760000003,-123.555771399999998,,NA,NA,"25479475",obs_native,file:///D:/Simon/Sync/Root/GIS/Biodiversity%20Data/obs_native.csv?type=csv&maxFields=10000&detectTypes=yes&xField=longitude&yField=latitude&crs=EPSG:4326&spatialIndex=no&subsetIndex=no&watchFile=no
"8672",Thuja plicata,Thuja,plicata,,,,native,S5,,48.979533210000000,-123.557933599999998,,NA,NA,"25480497",obs_native,file:///D:/Simon/Sync/Root/GIS/Biodiversity%20Data/obs_native.csv?type=csv&maxFields=10000&detectTypes=yes&xField=longitude&yField=latitude&crs=EPSG:4326&spatialIndex=no&subsetIndex=no&watchFile=no
"8673",Thuja plicata,Thuja,plicata,,,,native,S5,,48.900636110000001,-123.407272199999994,,NA,NA,"25541294",obs_native,file:///D:/Simon/Sync/Root/GIS/Biodiversity%20Data/obs_native.csv?type=csv&maxFields=10000&detectTypes=yes&xField=longitude&yField=latitude&crs=EPSG:4326&spatialIndex=no&subsetIndex=no&watchFile=no
"8674",Thuja plicata,Thuja,plicata,,,,native,S5,,48.899883330000002,-123.406822199999993,,NA,NA,"25541296",obs_native,file:///D:/Simon/Sync/Root/GIS/Biodiversity%20Data/obs_native.csv?type=csv&maxFields=10000&detectTypes=yes&xField=longitude&yField=latitude&crs=EPSG:4326&spatialIndex=no&subsetIndex=no&watchFile=no
"8675",Thuja plicata,Thuja,plicata,,,,native,S5,,48.962958329999999,-123.516813900000002,,NA,NA,"25596124",obs_native,file:///D:/Simon/Sync/Root/GIS/Biodiversity%20Data/obs_native.csv?type=csv&maxFields=10000&detectTypes=yes&xField=longitude&yField=latitude&crs=EPSG:4326&spatialIndex=no&subsetIndex=no&watchFile=no
"8676",Thuja plicata,Thuja,plicata,,,,native,S5,,48.963702779999998,-123.515288900000002,,NA,NA,"25596125",obs_native,file:///D:/Simon/Sync/Root/GIS/Biodiversity%20Data/obs_native.csv?type=csv&maxFields=10000&detectTypes=yes&xField=longitude&yField=latitude&crs=EPSG:4326&spatialIndex=no&subsetIndex=no&watchFile=no
"8677",Thuja plicata,Thuja,plicata,,,,native,S5,,48.898333330000000,-123.408402800000005,,NA,NA,"25656976",obs_native,file:///D:/Simon/Sync/Root/GIS/Biodiversity%20Data/obs_native.csv?type=csv&maxFields=10000&detectTypes=yes&xField=longitude&yField=latitude&crs=EPSG:4326&spatialIndex=no&subsetIndex=no&watchFile=no
"8678",Thuja plicata,Thuja,plicata,,,,native,S5,,48.866547220000001,-123.330002800000003,,NA,NA,"25658077",obs_native,file:///D:/Simon/Sync/Root/GIS/Biodiversity%20Data/obs_native.csv?type=csv&maxFields=10000&detectTypes=yes&xField=longitude&yField=latitude&crs=EPSG:4326&spatialIndex=no&subsetIndex=no&watchFile=no
"8679",Thuja plicata,Thuja,plicata,,,,native,S5,,48.892876059999999,-123.391229699999997,,NA,NA,"29807846",obs_native,file:///D:/Simon/Sync/Root/GIS/Biodiversity%20Data/obs_native.csv?type=csv&maxFields=10000&detectTypes=yes&xField=longitude&yField=latitude&crs=EPSG:4326&spatialIndex=no&subsetIndex=no&watchFile=no
"8680",Thuja plicata,Thuja,plicata,,,,native,S5,,48.910505139999998,-123.379578100000003,,NA,NA,"35033367",obs_native,file:///D:/Simon/Sync/Root/GIS/Biodiversity%20Data/obs_native.csv?type=csv&maxFields=10000&detectTypes=yes&xField=longitude&yField=latitude&crs=EPSG:4326&spatialIndex=no&subsetIndex=no&watchFile=no
"8681",Thuja plicata,Thuja,plicata,,,,native,S5,,48.947296379999997,-123.479416900000004,,NA,NA,"38438830",obs_native,file:///D:/Simon/Sync/Root/GIS/Biodiversity%20Data/obs_native.csv?type=csv&maxFields=10000&detectTypes=yes&xField=longitude&yField=latitude&crs=EPSG:4326&spatialIndex=no&subsetIndex=no&watchFile=no
"8682",Thuja plicata,Thuja,plicata,,,,native,S5,,48.947365939999997,-123.479251500000004,,NA,NA,"38456922",obs_native,file:///D:/Simon/Sync/Root/GIS/Biodiversity%20Data/obs_native.csv?type=csv&maxFields=10000&detectTypes=yes&xField=longitude&yField=latitude&crs=EPSG:4326&spatialIndex=no&subsetIndex=no&watchFile=no
"8683",Thuja plicata,Thuja,plicata,,,,native,S5,,48.906235819999999,-123.369752300000002,,NA,NA,"44951283",obs_native,file:///D:/Simon/Sync/Root/GIS/Biodiversity%20Data/obs_native.csv?type=csv&maxFields=10000&detectTypes=yes&xField=longitude&yField=latitude&crs=EPSG:4326&spatialIndex=no&subsetIndex=no&watchFile=no
"8684",Thuja plicata,Thuja,plicata,,,,native,S5,,48.867763719999999,-123.342618200000004,,NA,NA,"45751451",obs_native,file:///D:/Simon/Sync/Root/GIS/Biodiversity%20Data/obs_native.csv?type=csv&maxFields=10000&detectTypes=yes&xField=longitude&yField=latitude&crs=EPSG:4326&spatialIndex=no&subsetIndex=no&watchFile=no
"8685",Thuja plicata,Thuja,plicata,,,,native,S5,,48.929860599999998,-123.467531100000002,,NA,NA,"52907002",obs_native,file:///D:/Simon/Sync/Root/GIS/Biodiversity%20Data/obs_native.csv?type=csv&maxFields=10000&detectTypes=yes&xField=longitude&yField=latitude&crs=EPSG:4326&spatialIndex=no&subsetIndex=no&watchFile=no
"8686",Thuja plicata,Thuja,plicata,,,,native,S5,,48.930211989999997,-123.467338100000006,,NA,NA,"52925192",obs_native,file:///D:/Simon/Sync/Root/GIS/Biodiversity%20Data/obs_native.csv?type=csv&maxFields=10000&detectTypes=yes&xField=longitude&yField=latitude&crs=EPSG:4326&spatialIndex=no&subsetIndex=no&watchFile=no
"8687",Thuja plicata,Thuja,plicata,,,,native,S5,,48.930251550000001,-123.467190700000003,,NA,NA,"52925332",obs_native,file:///D:/Simon/Sync/Root/GIS/Biodiversity%20Data/obs_native.csv?type=csv&maxFields=10000&detectTypes=yes&xField=longitude&yField=latitude&crs=EPSG:4326&spatialIndex=no&subsetIndex=no&watchFile=no
"8688",Thuja plicata,Thuja,plicata,,,,native,S5,,48.884427490000000,-123.371256200000005,,NA,NA,"53020592",obs_native,file:///D:/Simon/Sync/Root/GIS/Biodiversity%20Data/obs_native.csv?type=csv&maxFields=10000&detectTypes=yes&xField=longitude&yField=latitude&crs=EPSG:4326&spatialIndex=no&subsetIndex=no&watchFile=no
"8689",Thuja plicata,Thuja,plicata,,,,native,S5,,48.927148369999998,-123.468542700000000,,NA,NA,"53333581",obs_native,file:///D:/Simon/Sync/Root/GIS/Biodiversity%20Data/obs_native.csv?type=csv&maxFields=10000&detectTypes=yes&xField=longitude&yField=latitude&crs=EPSG:4326&spatialIndex=no&subsetIndex=no&watchFile=no
"8690",Thuja plicata,Thuja,plicata,,,,native,S5,,48.928626819999998,-123.468687399999993,,NA,NA,"54688206",obs_native,file:///D:/Simon/Sync/Root/GIS/Biodiversity%20Data/obs_native.csv?type=csv&maxFields=10000&detectTypes=yes&xField=longitude&yField=latitude&crs=EPSG:4326&spatialIndex=no&subsetIndex=no&watchFile=no
"8691",Thuja plicata,Thuja,plicata,,,,native,S5,,48.928899029999997,-123.469178700000001,,NA,NA,"54691621",obs_native,file:///D:/Simon/Sync/Root/GIS/Biodiversity%20Data/obs_native.csv?type=csv&maxFields=10000&detectTypes=yes&xField=longitude&yField=latitude&crs=EPSG:4326&spatialIndex=no&subsetIndex=no&watchFile=no
"8692",Thuja plicata,Thuja,plicata,,,,native,S5,,48.959523730000001,-123.508715300000006,,NA,NA,"55493296",obs_native,file:///D:/Simon/Sync/Root/GIS/Biodiversity%20Data/obs_native.csv?type=csv&maxFields=10000&detectTypes=yes&xField=longitude&yField=latitude&crs=EPSG:4326&spatialIndex=no&subsetIndex=no&watchFile=no
"8693",Thuja plicata,Thuja,plicata,,,,native,S5,,48.898727569999998,-123.403916899999999,,NA,NA,"57789879",obs_native,file:///D:/Simon/Sync/Root/GIS/Biodiversity%20Data/obs_native.csv?type=csv&maxFields=10000&detectTypes=yes&xField=longitude&yField=latitude&crs=EPSG:4326&spatialIndex=no&subsetIndex=no&watchFile=no
"8694",Thuja plicata,Thuja,plicata,,,,native,S5,,48.942277580000003,-123.499643899999995,,NA,NA,"70065787",obs_native,file:///D:/Simon/Sync/Root/GIS/Biodiversity%20Data/obs_native.csv?type=csv&maxFields=10000&detectTypes=yes&xField=longitude&yField=latitude&crs=EPSG:4326&spatialIndex=no&subsetIndex=no&watchFile=no
"8695",Thuja plicata,Thuja,plicata,,,,native,S5,,48.942295000000001,-123.500928299999998,,NA,NA,"70065801",obs_native,file:///D:/Simon/Sync/Root/GIS/Biodiversity%20Data/obs_native.csv?type=csv&maxFields=10000&detectTypes=yes&xField=longitude&yField=latitude&crs=EPSG:4326&spatialIndex=no&subsetIndex=no&watchFile=no
"8696",Thuja plicata,Thuja,plicata,,,,native,S5,,48.947841670000003,-123.501431699999998,,NA,NA,"70065817",obs_native,file:///D:/Simon/Sync/Root/GIS/Biodiversity%20Data/obs_native.csv?type=csv&maxFields=10000&detectTypes=yes&xField=longitude&yField=latitude&crs=EPSG:4326&spatialIndex=no&subsetIndex=no&watchFile=no
"8697",Thuja plicata,Thuja,plicata,,,,native,S5,,48.948377999999998,-123.502153000000007,,NA,NA,"70902723",obs_native,file:///D:/Simon/Sync/Root/GIS/Biodiversity%20Data/obs_native.csv?type=csv&maxFields=10000&detectTypes=yes&xField=longitude&yField=latitude&crs=EPSG:4326&spatialIndex=no&subsetIndex=no&watchFile=no
"8698",Thuja plicata,Thuja,plicata,,,,native,S5,,48.867486069999998,-123.314460299999993,,NA,NA,"71596228",obs_native,file:///D:/Simon/Sync/Root/GIS/Biodiversity%20Data/obs_native.csv?type=csv&maxFields=10000&detectTypes=yes&xField=longitude&yField=latitude&crs=EPSG:4326&spatialIndex=no&subsetIndex=no&watchFile=no
"8699",Thuja plicata,Thuja,plicata,,,,native,S5,,49.011389070000000,-123.574148300000004,,NA,NA,"72229328",obs_native,file:///D:/Simon/Sync/Root/GIS/Biodiversity%20Data/obs_native.csv?type=csv&maxFields=10000&detectTypes=yes&xField=longitude&yField=latitude&crs=EPSG:4326&spatialIndex=no&subsetIndex=no&watchFile=no
"8700",Thuja plicata,Thuja,plicata,,,,native,S5,,49.007743570000002,-123.568133000000003,,NA,NA,"72314059",obs_native,file:///D:/Simon/Sync/Root/GIS/Biodiversity%20Data/obs_native.csv?type=csv&maxFields=10000&detectTypes=yes&xField=longitude&yField=latitude&crs=EPSG:4326&spatialIndex=no&subsetIndex=no&watchFile=no
"8701",Thuja plicata,Thuja,plicata,,,,native,S5,,48.942390000000003,-123.501163300000002,,NA,NA,"72321439",obs_native,file:///D:/Simon/Sync/Root/GIS/Biodiversity%20Data/obs_native.csv?type=csv&maxFields=10000&detectTypes=yes&xField=longitude&yField=latitude&crs=EPSG:4326&spatialIndex=no&subsetIndex=no&watchFile=no
"8702",Thuja plicata,Thuja,plicata,,,,native,S5,,48.941768330000002,-123.500673300000003,,NA,NA,"72321464",obs_native,file:///D:/Simon/Sync/Root/GIS/Biodiversity%20Data/obs_native.csv?type=csv&maxFields=10000&detectTypes=yes&xField=longitude&yField=latitude&crs=EPSG:4326&spatialIndex=no&subsetIndex=no&watchFile=no
"8703",Thuja plicata,Thuja,plicata,,,,native,S5,,48.941778329999998,-123.500713300000001,,NA,NA,"72321467",obs_native,file:///D:/Simon/Sync/Root/GIS/Biodiversity%20Data/obs_native.csv?type=csv&maxFields=10000&detectTypes=yes&xField=longitude&yField=latitude&crs=EPSG:4326&spatialIndex=no&subsetIndex=no&watchFile=no
"8704",Thuja plicata,Thuja,plicata,,,,native,S5,,48.941631670000000,-123.501258300000003,,NA,NA,"72321476",obs_native,file:///D:/Simon/Sync/Root/GIS/Biodiversity%20Data/obs_native.csv?type=csv&maxFields=10000&detectTypes=yes&xField=longitude&yField=latitude&crs=EPSG:4326&spatialIndex=no&subsetIndex=no&watchFile=no
"8705",Thuja plicata,Thuja,plicata,,,,native,S5,,48.928878330000003,-123.468658300000001,,NA,NA,"83974563",obs_native,file:///D:/Simon/Sync/Root/GIS/Biodiversity%20Data/obs_native.csv?type=csv&maxFields=10000&detectTypes=yes&xField=longitude&yField=latitude&crs=EPSG:4326&spatialIndex=no&subsetIndex=no&watchFile=no
"8706",Thuja plicata,Thuja,plicata,,,,native,S5,,48.931335730000001,-123.478562400000001,,NA,NA,"84001200",obs_native,file:///D:/Simon/Sync/Root/GIS/Biodiversity%20Data/obs_native.csv?type=csv&maxFields=10000&detectTypes=yes&xField=longitude&yField=latitude&crs=EPSG:4326&spatialIndex=no&subsetIndex=no&watchFile=no
"8707",Thuja plicata,Thuja,plicata,,,,native,S5,,48.927883330000000,-123.467254999999994,,NA,NA,"84096444",obs_native,file:///D:/Simon/Sync/Root/GIS/Biodiversity%20Data/obs_native.csv?type=csv&maxFields=10000&detectTypes=yes&xField=longitude&yField=latitude&crs=EPSG:4326&spatialIndex=no&subsetIndex=no&watchFile=no
"8708",Thuja plicata,Thuja,plicata,,,,native,S5,,48.927625820000003,-123.467320900000004,,NA,NA,"84145502",obs_native,file:///D:/Simon/Sync/Root/GIS/Biodiversity%20Data/obs_native.csv?type=csv&maxFields=10000&detectTypes=yes&xField=longitude&yField=latitude&crs=EPSG:4326&spatialIndex=no&subsetIndex=no&watchFile=no
"8709",Thuja plicata,Thuja,plicata,,,,native,S5,,48.927761670000002,-123.467491699999997,,NA,NA,"84185874",obs_native,file:///D:/Simon/Sync/Root/GIS/Biodiversity%20Data/obs_native.csv?type=csv&maxFields=10000&detectTypes=yes&xField=longitude&yField=latitude&crs=EPSG:4326&spatialIndex=no&subsetIndex=no&watchFile=no
"8710",Thuja plicata,Thuja,plicata,,,,native,S5,,48.928644599999998,-123.465752699999996,,NA,NA,"84221826",obs_native,file:///D:/Simon/Sync/Root/GIS/Biodiversity%20Data/obs_native.csv?type=csv&maxFields=10000&detectTypes=yes&xField=longitude&yField=latitude&crs=EPSG:4326&spatialIndex=no&subsetIndex=no&watchFile=no
"8711",Thuja plicata,Thuja,plicata,,,,native,S5,,48.927714479999999,-123.467928000000001,,NA,NA,"84500254",obs_native,file:///D:/Simon/Sync/Root/GIS/Biodiversity%20Data/obs_native.csv?type=csv&maxFields=10000&detectTypes=yes&xField=longitude&yField=latitude&crs=EPSG:4326&spatialIndex=no&subsetIndex=no&watchFile=no
"8712",Thuja plicata,Thuja,plicata,,,,native,S5,,48.974528329999998,-123.563914999999994,,NA,NA,"84513005",obs_native,file:///D:/Simon/Sync/Root/GIS/Biodiversity%20Data/obs_native.csv?type=csv&maxFields=10000&detectTypes=yes&xField=longitude&yField=latitude&crs=EPSG:4326&spatialIndex=no&subsetIndex=no&watchFile=no
"8713",Thuja plicata,Thuja,plicata,,,,native,S5,,48.928609430000002,-123.467077900000007,,NA,NA,"84712558",obs_native,file:///D:/Simon/Sync/Root/GIS/Biodiversity%20Data/obs_native.csv?type=csv&maxFields=10000&detectTypes=yes&xField=longitude&yField=latitude&crs=EPSG:4326&spatialIndex=no&subsetIndex=no&watchFile=no
"8714",Thuja plicata,Thuja,plicata,,,,native,S5,,48.928730000000002,-123.468421699999993,,NA,NA,"84753127",obs_native,file:///D:/Simon/Sync/Root/GIS/Biodiversity%20Data/obs_native.csv?type=csv&maxFields=10000&detectTypes=yes&xField=longitude&yField=latitude&crs=EPSG:4326&spatialIndex=no&subsetIndex=no&watchFile=no
"8715",Thuja plicata,Thuja,plicata,,,,native,S5,,49.004453560000002,-123.566639499999994,,NA,NA,"85685887",obs_native,file:///D:/Simon/Sync/Root/GIS/Biodiversity%20Data/obs_native.csv?type=csv&maxFields=10000&detectTypes=yes&xField=longitude&yField=latitude&crs=EPSG:4326&spatialIndex=no&subsetIndex=no&watchFile=no
"8716",Thuja plicata,Thuja,plicata,,,,native,S5,,48.874260000000000,-123.319648299999997,,NA,NA,"86360310",obs_native,file:///D:/Simon/Sync/Root/GIS/Biodiversity%20Data/obs_native.csv?type=csv&maxFields=10000&detectTypes=yes&xField=longitude&yField=latitude&crs=EPSG:4326&spatialIndex=no&subsetIndex=no&watchFile=no
"8717",Thuja plicata,Thuja,plicata,,,,native,S5,,48.874254999999998,-123.319643299999996,,NA,NA,"86360314",obs_native,file:///D:/Simon/Sync/Root/GIS/Biodiversity%20Data/obs_native.csv?type=csv&maxFields=10000&detectTypes=yes&xField=longitude&yField=latitude&crs=EPSG:4326&spatialIndex=no&subsetIndex=no&watchFile=no
"8718",Thuja plicata,Thuja,plicata,,,,native,S5,,48.872745049999999,-123.342777799999993,,NA,NA,"87960704",obs_native,file:///D:/Simon/Sync/Root/GIS/Biodiversity%20Data/obs_native.csv?type=csv&maxFields=10000&detectTypes=yes&xField=longitude&yField=latitude&crs=EPSG:4326&spatialIndex=no&subsetIndex=no&watchFile=no
"8719",Thuja plicata,Thuja,plicata,,,,native,S5,,48.873883329999998,-123.343631700000003,,NA,NA,"87960718",obs_native,file:///D:/Simon/Sync/Root/GIS/Biodiversity%20Data/obs_native.csv?type=csv&maxFields=10000&detectTypes=yes&xField=longitude&yField=latitude&crs=EPSG:4326&spatialIndex=no&subsetIndex=no&watchFile=no
"8720",Thuja plicata,Thuja,plicata,,,,native,S5,,48.884640189999999,-123.371316399999998,,NA,NA,"93550056",obs_native,file:///D:/Simon/Sync/Root/GIS/Biodiversity%20Data/obs_native.csv?type=csv&maxFields=10000&detectTypes=yes&xField=longitude&yField=latitude&crs=EPSG:4326&spatialIndex=no&subsetIndex=no&watchFile=no
"8721",Thuja plicata,Thuja,plicata,,,,native,S5,,48.884323330000001,-123.370121699999999,,NA,NA,"93550064",obs_native,file:///D:/Simon/Sync/Root/GIS/Biodiversity%20Data/obs_native.csv?type=csv&maxFields=10000&detectTypes=yes&xField=longitude&yField=latitude&crs=EPSG:4326&spatialIndex=no&subsetIndex=no&watchFile=no
"8722",Thuja plicata,Thuja,plicata,,,,native,S5,,48.993572980000003,-123.569799799999998,,NA,NA,"94331404",obs_native,file:///D:/Simon/Sync/Root/GIS/Biodiversity%20Data/obs_native.csv?type=csv&maxFields=10000&detectTypes=yes&xField=longitude&yField=latitude&crs=EPSG:4326&spatialIndex=no&subsetIndex=no&watchFile=no
"8723",Thuja plicata,Thuja,plicata,,,,native,S5,,49.000852780000002,-123.561213899999998,,NA,NA,"94679695",obs_native,file:///D:/Simon/Sync/Root/GIS/Biodiversity%20Data/obs_native.csv?type=csv&maxFields=10000&detectTypes=yes&xField=longitude&yField=latitude&crs=EPSG:4326&spatialIndex=no&subsetIndex=no&watchFile=no
"8724",Thuja plicata,Thuja,plicata,,,,native,S5,,49.000574319999998,-123.560935499999999,,NA,NA,"94679705",obs_native,file:///D:/Simon/Sync/Root/GIS/Biodiversity%20Data/obs_native.csv?type=csv&maxFields=10000&detectTypes=yes&xField=longitude&yField=latitude&crs=EPSG:4326&spatialIndex=no&subsetIndex=no&watchFile=no
"8725",Thuja plicata,Thuja,plicata,,,,native,S5,,48.994475000000001,-123.562963300000007,,NA,NA,"94679728",obs_native,file:///D:/Simon/Sync/Root/GIS/Biodiversity%20Data/obs_native.csv?type=csv&maxFields=10000&detectTypes=yes&xField=longitude&yField=latitude&crs=EPSG:4326&spatialIndex=no&subsetIndex=no&watchFile=no
"8726",Thuja plicata,Thuja,plicata,,,,native,S5,,48.994198130000001,-123.556165899999996,,NA,NA,"94679757",obs_native,file:///D:/Simon/Sync/Root/GIS/Biodiversity%20Data/obs_native.csv?type=csv&maxFields=10000&detectTypes=yes&xField=longitude&yField=latitude&crs=EPSG:4326&spatialIndex=no&subsetIndex=no&watchFile=no
"8727",Thuja plicata,Thuja,plicata,,,,native,S5,,48.994594890000002,-123.554896400000004,,NA,NA,"94679815",obs_native,file:///D:/Simon/Sync/Root/GIS/Biodiversity%20Data/obs_native.csv?type=csv&maxFields=10000&detectTypes=yes&xField=longitude&yField=latitude&crs=EPSG:4326&spatialIndex=no&subsetIndex=no&watchFile=no
"8728",Thuja plicata,Thuja,plicata,,,,native,S5,,48.867921670000001,-123.335896700000006,,NA,NA,"94748734",obs_native,file:///D:/Simon/Sync/Root/GIS/Biodiversity%20Data/obs_native.csv?type=csv&maxFields=10000&detectTypes=yes&xField=longitude&yField=latitude&crs=EPSG:4326&spatialIndex=no&subsetIndex=no&watchFile=no
"8729",Thuja plicata,Thuja,plicata,,,,native,S5,,48.875290280000002,-123.352583899999999,,NA,NA,"97227156",obs_native,file:///D:/Simon/Sync/Root/GIS/Biodiversity%20Data/obs_native.csv?type=csv&maxFields=10000&detectTypes=yes&xField=longitude&yField=latitude&crs=EPSG:4326&spatialIndex=no&subsetIndex=no&watchFile=no
"8730",Thuja plicata,Thuja,plicata,,,,native,S5,,48.899647299999998,-123.344949799999995,,NA,NA,"100434434",obs_native,file:///D:/Simon/Sync/Root/GIS/Biodiversity%20Data/obs_native.csv?type=csv&maxFields=10000&detectTypes=yes&xField=longitude&yField=latitude&crs=EPSG:4326&spatialIndex=no&subsetIndex=no&watchFile=no
"8731",Thuja plicata,Thuja,plicata,,,,native,S5,,48.989677780000001,-123.550647200000000,,NA,NA,"100641835",obs_native,file:///D:/Simon/Sync/Root/GIS/Biodiversity%20Data/obs_native.csv?type=csv&maxFields=10000&detectTypes=yes&xField=longitude&yField=latitude&crs=EPSG:4326&spatialIndex=no&subsetIndex=no&watchFile=no
"8732",Thuja plicata,Thuja,plicata,,,,native,S5,,48.991864999999997,-123.553473299999993,,NA,NA,"100641916",obs_native,file:///D:/Simon/Sync/Root/GIS/Biodiversity%20Data/obs_native.csv?type=csv&maxFields=10000&detectTypes=yes&xField=longitude&yField=latitude&crs=EPSG:4326&spatialIndex=no&subsetIndex=no&watchFile=no
"8733",Thuja plicata,Thuja,plicata,,,,native,S5,,48.928535359999998,-123.468795099999994,,NA,NA,"100958729",obs_native,file:///D:/Simon/Sync/Root/GIS/Biodiversity%20Data/obs_native.csv?type=csv&maxFields=10000&detectTypes=yes&xField=longitude&yField=latitude&crs=EPSG:4326&spatialIndex=no&subsetIndex=no&watchFile=no
"8734",Thuja plicata,Thuja,plicata,,,,native,S5,,48.873877309999997,-123.338029599999999,,NA,NA,"101501879",obs_native,file:///D:/Simon/Sync/Root/GIS/Biodiversity%20Data/obs_native.csv?type=csv&maxFields=10000&detectTypes=yes&xField=longitude&yField=latitude&crs=EPSG:4326&spatialIndex=no&subsetIndex=no&watchFile=no
"8735",Thuja plicata,Thuja,plicata,,,,native,S5,,48.878941670000003,-123.320099999999996,,NA,NA,"102639606",obs_native,file:///D:/Simon/Sync/Root/GIS/Biodiversity%20Data/obs_native.csv?type=csv&maxFields=10000&detectTypes=yes&xField=longitude&yField=latitude&crs=EPSG:4326&spatialIndex=no&subsetIndex=no&watchFile=no
"8736",Thuja plicata,Thuja,plicata,,,,native,S5,,48.870639380000000,-123.330457600000003,,NA,NA,"103342489",obs_native,file:///D:/Simon/Sync/Root/GIS/Biodiversity%20Data/obs_native.csv?type=csv&maxFields=10000&detectTypes=yes&xField=longitude&yField=latitude&crs=EPSG:4326&spatialIndex=no&subsetIndex=no&watchFile=no
"8737",Thuja plicata,Thuja,plicata,,,,native,S5,,48.887496669999997,-123.352128300000004,,NA,NA,"106057685",obs_native,file:///D:/Simon/Sync/Root/GIS/Biodiversity%20Data/obs_native.csv?type=csv&maxFields=10000&detectTypes=yes&xField=longitude&yField=latitude&crs=EPSG:4326&spatialIndex=no&subsetIndex=no&watchFile=no
"8738",Thuja plicata,Thuja,plicata,,,,native,S5,,48.969134429999997,-123.523278199999993,,NA,NA,"107021658",obs_native,file:///D:/Simon/Sync/Root/GIS/Biodiversity%20Data/obs_native.csv?type=csv&maxFields=10000&detectTypes=yes&xField=longitude&yField=latitude&crs=EPSG:4326&spatialIndex=no&subsetIndex=no&watchFile=no
"8739",Thuja plicata,Thuja,plicata,,,,native,S5,,48.947883330000003,-123.501679999999993,,NA,NA,"107022562",obs_native,file:///D:/Simon/Sync/Root/GIS/Biodiversity%20Data/obs_native.csv?type=csv&maxFields=10000&detectTypes=yes&xField=longitude&yField=latitude&crs=EPSG:4326&spatialIndex=no&subsetIndex=no&watchFile=no
"8740",Thuja plicata,Thuja,plicata,,,,native,S5,,48.947400000000002,-123.502475000000004,,NA,NA,"107022570",obs_native,file:///D:/Simon/Sync/Root/GIS/Biodiversity%20Data/obs_native.csv?type=csv&maxFields=10000&detectTypes=yes&xField=longitude&yField=latitude&crs=EPSG:4326&spatialIndex=no&subsetIndex=no&watchFile=no
"8741",Thuja plicata,Thuja,plicata,,,,native,S5,,48.947503330000004,-123.500519999999995,,NA,NA,"107022584",obs_native,file:///D:/Simon/Sync/Root/GIS/Biodiversity%20Data/obs_native.csv?type=csv&maxFields=10000&detectTypes=yes&xField=longitude&yField=latitude&crs=EPSG:4326&spatialIndex=no&subsetIndex=no&watchFile=no
"8742",Thuja plicata,Thuja,plicata,,,,native,S5,,48.947608330000001,-123.500635000000003,,NA,NA,"107022588",obs_native,file:///D:/Simon/Sync/Root/GIS/Biodiversity%20Data/obs_native.csv?type=csv&maxFields=10000&detectTypes=yes&xField=longitude&yField=latitude&crs=EPSG:4326&spatialIndex=no&subsetIndex=no&watchFile=no
"8743",Thuja plicata,Thuja,plicata,,,,native,S5,,48.890758329999997,-123.345336700000004,,NA,NA,"109625023",obs_native,file:///D:/Simon/Sync/Root/GIS/Biodiversity%20Data/obs_native.csv?type=csv&maxFields=10000&detectTypes=yes&xField=longitude&yField=latitude&crs=EPSG:4326&spatialIndex=no&subsetIndex=no&watchFile=no
"8744",Thuja plicata,Thuja,plicata,,,,native,S5,,48.876296670000002,-123.371179999999995,,NA,NA,"118608407",obs_native,file:///D:/Simon/Sync/Root/GIS/Biodiversity%20Data/obs_native.csv?type=csv&maxFields=10000&detectTypes=yes&xField=longitude&yField=latitude&crs=EPSG:4326&spatialIndex=no&subsetIndex=no&watchFile=no
"8745",Thuja plicata,Thuja,plicata,,,,native,S5,,48.876936669999999,-123.371560000000002,,NA,NA,"118608417",obs_native,file:///D:/Simon/Sync/Root/GIS/Biodiversity%20Data/obs_native.csv?type=csv&maxFields=10000&detectTypes=yes&xField=longitude&yField=latitude&crs=EPSG:4326&spatialIndex=no&subsetIndex=no&watchFile=no
"8746",Thuja plicata,Thuja,plicata,,,,native,S5,,48.879978330000000,-123.380830000000003,,NA,NA,"118718731",obs_native,file:///D:/Simon/Sync/Root/GIS/Biodiversity%20Data/obs_native.csv?type=csv&maxFields=10000&detectTypes=yes&xField=longitude&yField=latitude&crs=EPSG:4326&spatialIndex=no&subsetIndex=no&watchFile=no
"8747",Thuja plicata,Thuja,plicata,,,,native,S5,,48.904618329999998,-123.367980000000003,,NA,NA,"120891307",obs_native,file:///D:/Simon/Sync/Root/GIS/Biodiversity%20Data/obs_native.csv?type=csv&maxFields=10000&detectTypes=yes&xField=longitude&yField=latitude&crs=EPSG:4326&spatialIndex=no&subsetIndex=no&watchFile=no
"8748",Thuja plicata,Thuja,plicata,,,,native,S5,,49.012050000000002,-123.574539999999999,,NA,NA,"123934494",obs_native,file:///D:/Simon/Sync/Root/GIS/Biodiversity%20Data/obs_native.csv?type=csv&maxFields=10000&detectTypes=yes&xField=longitude&yField=latitude&crs=EPSG:4326&spatialIndex=no&subsetIndex=no&watchFile=no
"8749",Thuja plicata,Thuja,plicata,,,,native,S5,,48.881118330000000,-123.323851700000006,,NA,NA,"127184010",obs_native,file:///D:/Simon/Sync/Root/GIS/Biodiversity%20Data/obs_native.csv?type=csv&maxFields=10000&detectTypes=yes&xField=longitude&yField=latitude&crs=EPSG:4326&spatialIndex=no&subsetIndex=no&watchFile=no
"8750",Thuja plicata,Thuja,plicata,,,,native,S5,,48.876641669999998,-123.365756700000006,,NA,NA,"129778451",obs_native,file:///D:/Simon/Sync/Root/GIS/Biodiversity%20Data/obs_native.csv?type=csv&maxFields=10000&detectTypes=yes&xField=longitude&yField=latitude&crs=EPSG:4326&spatialIndex=no&subsetIndex=no&watchFile=no
"8751",Thuja plicata,Thuja,plicata,,,,native,S5,,48.897933330000001,-123.408416700000004,,NA,NA,"131414663",obs_native,file:///D:/Simon/Sync/Root/GIS/Biodiversity%20Data/obs_native.csv?type=csv&maxFields=10000&detectTypes=yes&xField=longitude&yField=latitude&crs=EPSG:4326&spatialIndex=no&subsetIndex=no&watchFile=no
"8752",Thysanocarpus curvipes,Thysanocarpus,curvipes,,,,native,S3S4,,48.866634460000000,-123.375670900000003,,NA,NA,"6411595",obs_native,file:///D:/Simon/Sync/Root/GIS/Biodiversity%20Data/obs_native.csv?type=csv&maxFields=10000&detectTypes=yes&xField=longitude&yField=latitude&crs=EPSG:4326&spatialIndex=no&subsetIndex=no&watchFile=no
"8753",Thysanocarpus curvipes,Thysanocarpus,curvipes,,,,native,S3S4,,48.863446000000003,-123.363104000000007,,NA,NA,"9145205",obs_native,file:///D:/Simon/Sync/Root/GIS/Biodiversity%20Data/obs_native.csv?type=csv&maxFields=10000&detectTypes=yes&xField=longitude&yField=latitude&crs=EPSG:4326&spatialIndex=no&subsetIndex=no&watchFile=no
"8754",Thysanocarpus curvipes,Thysanocarpus,curvipes,,,,native,S3S4,,48.870458329999998,-123.381410000000002,,NA,NA,"81147037",obs_native,file:///D:/Simon/Sync/Root/GIS/Biodiversity%20Data/obs_native.csv?type=csv&maxFields=10000&detectTypes=yes&xField=longitude&yField=latitude&crs=EPSG:4326&spatialIndex=no&subsetIndex=no&watchFile=no
"8755",Thysanocarpus curvipes,Thysanocarpus,curvipes,,,,native,S3S4,,48.863589589999997,-123.363041600000003,,NA,NA,"111610084",obs_native,file:///D:/Simon/Sync/Root/GIS/Biodiversity%20Data/obs_native.csv?type=csv&maxFields=10000&detectTypes=yes&xField=longitude&yField=latitude&crs=EPSG:4326&spatialIndex=no&subsetIndex=no&watchFile=no
"8756",Thysanocarpus curvipes,Thysanocarpus,curvipes,,,,native,S3S4,,48.870356999999998,-123.380201999999997,,NA,NA,"114745494",obs_native,file:///D:/Simon/Sync/Root/GIS/Biodiversity%20Data/obs_native.csv?type=csv&maxFields=10000&detectTypes=yes&xField=longitude&yField=latitude&crs=EPSG:4326&spatialIndex=no&subsetIndex=no&watchFile=no
"8757",Thysanocarpus curvipes,Thysanocarpus,curvipes,,,,native,S3S4,,48.956470000000003,-123.528970000000001,,NA,NA,"116029615",obs_native,file:///D:/Simon/Sync/Root/GIS/Biodiversity%20Data/obs_native.csv?type=csv&maxFields=10000&detectTypes=yes&xField=longitude&yField=latitude&crs=EPSG:4326&spatialIndex=no&subsetIndex=no&watchFile=no
"8758",Thysanocarpus curvipes,Thysanocarpus,curvipes,,,,native,S3S4,,48.956486110000000,-123.528983299999993,,NA,NA,"116033744",obs_native,file:///D:/Simon/Sync/Root/GIS/Biodiversity%20Data/obs_native.csv?type=csv&maxFields=10000&detectTypes=yes&xField=longitude&yField=latitude&crs=EPSG:4326&spatialIndex=no&subsetIndex=no&watchFile=no
"8759",Thysanocarpus curvipes,Thysanocarpus,curvipes,,,,native,S3S4,,48.863383329999998,-123.363141700000000,,NA,NA,"116636248",obs_native,file:///D:/Simon/Sync/Root/GIS/Biodiversity%20Data/obs_native.csv?type=csv&maxFields=10000&detectTypes=yes&xField=longitude&yField=latitude&crs=EPSG:4326&spatialIndex=no&subsetIndex=no&watchFile=no
"8778",Toxicodendron diversilobum,Toxicodendron,diversilobum,,,,native,S3S4,,48.926619440000003,-123.469627799999998,,NA,NA,"16152487",obs_native,file:///D:/Simon/Sync/Root/GIS/Biodiversity%20Data/obs_native.csv?type=csv&maxFields=10000&detectTypes=yes&xField=longitude&yField=latitude&crs=EPSG:4326&spatialIndex=no&subsetIndex=no&watchFile=no
"8779",Toxicodendron diversilobum,Toxicodendron,diversilobum,,,,native,S3S4,,48.926544000000000,-123.468034000000003,,NA,NA,"123934404",obs_native,file:///D:/Simon/Sync/Root/GIS/Biodiversity%20Data/obs_native.csv?type=csv&maxFields=10000&detectTypes=yes&xField=longitude&yField=latitude&crs=EPSG:4326&spatialIndex=no&subsetIndex=no&watchFile=no
"8780",Toxicodendron diversilobum,Toxicodendron,diversilobum,,,,native,S3S4,,48.926588000000002,-123.468513999999999,,NA,NA,"123934405",obs_native,file:///D:/Simon/Sync/Root/GIS/Biodiversity%20Data/obs_native.csv?type=csv&maxFields=10000&detectTypes=yes&xField=longitude&yField=latitude&crs=EPSG:4326&spatialIndex=no&subsetIndex=no&watchFile=no
"8781",Toxicodendron diversilobum,Toxicodendron,diversilobum,,,,native,S3S4,,48.926701999999999,-123.469313000000000,,NA,NA,"123934407",obs_native,file:///D:/Simon/Sync/Root/GIS/Biodiversity%20Data/obs_native.csv?type=csv&maxFields=10000&detectTypes=yes&xField=longitude&yField=latitude&crs=EPSG:4326&spatialIndex=no&subsetIndex=no&watchFile=no
"8782",Toxicodendron diversilobum,Toxicodendron,diversilobum,,,,native,S3S4,,48.966489889999998,-123.555411100000001,,NA,NA,"123934456",obs_native,file:///D:/Simon/Sync/Root/GIS/Biodiversity%20Data/obs_native.csv?type=csv&maxFields=10000&detectTypes=yes&xField=longitude&yField=latitude&crs=EPSG:4326&spatialIndex=no&subsetIndex=no&watchFile=no
"8783",Toxicodendron diversilobum,Toxicodendron,diversilobum,,,,native,S3S4,,48.966489889999998,-123.555411100000001,,NA,NA,"123934457",obs_native,file:///D:/Simon/Sync/Root/GIS/Biodiversity%20Data/obs_native.csv?type=csv&maxFields=10000&detectTypes=yes&xField=longitude&yField=latitude&crs=EPSG:4326&spatialIndex=no&subsetIndex=no&watchFile=no
"8784",Toxicodendron diversilobum,Toxicodendron,diversilobum,,,,native,S3S4,,48.926494560000002,-123.468215299999997,,NA,NA,"132302887",obs_native,file:///D:/Simon/Sync/Root/GIS/Biodiversity%20Data/obs_native.csv?type=csv&maxFields=10000&detectTypes=yes&xField=longitude&yField=latitude&crs=EPSG:4326&spatialIndex=no&subsetIndex=no&watchFile=no
"8785",Toxicoscordion venenosum,Toxicoscordion,venenosum,,,,native,S5,,48.932847000000002,-123.483024000000000,,NA,NA,"2563649",obs_native,file:///D:/Simon/Sync/Root/GIS/Biodiversity%20Data/obs_native.csv?type=csv&maxFields=10000&detectTypes=yes&xField=longitude&yField=latitude&crs=EPSG:4326&spatialIndex=no&subsetIndex=no&watchFile=no
"8786",Toxicoscordion venenosum,Toxicoscordion,venenosum,,,,native,S5,,48.932684000000002,-123.485598999999993,,NA,NA,"2567503",obs_native,file:///D:/Simon/Sync/Root/GIS/Biodiversity%20Data/obs_native.csv?type=csv&maxFields=10000&detectTypes=yes&xField=longitude&yField=latitude&crs=EPSG:4326&spatialIndex=no&subsetIndex=no&watchFile=no
"8787",Toxicoscordion venenosum,Toxicoscordion,venenosum,,,,native,S5,,48.930788999999997,-123.479505000000003,,NA,NA,"2575075",obs_native,file:///D:/Simon/Sync/Root/GIS/Biodiversity%20Data/obs_native.csv?type=csv&maxFields=10000&detectTypes=yes&xField=longitude&yField=latitude&crs=EPSG:4326&spatialIndex=no&subsetIndex=no&watchFile=no
"8788",Toxicoscordion venenosum,Toxicoscordion,venenosum,,,,native,S5,,48.869005999999999,-123.340416000000005,,NA,NA,"3290687",obs_native,file:///D:/Simon/Sync/Root/GIS/Biodiversity%20Data/obs_native.csv?type=csv&maxFields=10000&detectTypes=yes&xField=longitude&yField=latitude&crs=EPSG:4326&spatialIndex=no&subsetIndex=no&watchFile=no
"8789",Toxicoscordion venenosum,Toxicoscordion,venenosum,,,,native,S5,,48.958258000000001,-123.532471000000001,,NA,NA,"3681811",obs_native,file:///D:/Simon/Sync/Root/GIS/Biodiversity%20Data/obs_native.csv?type=csv&maxFields=10000&detectTypes=yes&xField=longitude&yField=latitude&crs=EPSG:4326&spatialIndex=no&subsetIndex=no&watchFile=no
"8790",Toxicoscordion venenosum,Toxicoscordion,venenosum,,,,native,S5,,48.869203349999999,-123.379404500000007,,NA,NA,"5935263",obs_native,file:///D:/Simon/Sync/Root/GIS/Biodiversity%20Data/obs_native.csv?type=csv&maxFields=10000&detectTypes=yes&xField=longitude&yField=latitude&crs=EPSG:4326&spatialIndex=no&subsetIndex=no&watchFile=no
"8791",Toxicoscordion venenosum,Toxicoscordion,venenosum,,,,native,S5,,48.904561620000003,-123.413457899999997,,NA,NA,"6047545",obs_native,file:///D:/Simon/Sync/Root/GIS/Biodiversity%20Data/obs_native.csv?type=csv&maxFields=10000&detectTypes=yes&xField=longitude&yField=latitude&crs=EPSG:4326&spatialIndex=no&subsetIndex=no&watchFile=no
"8792",Toxicoscordion venenosum,Toxicoscordion,venenosum,,,,native,S5,,48.868751690000003,-123.379125599999995,,NA,NA,"6217941",obs_native,file:///D:/Simon/Sync/Root/GIS/Biodiversity%20Data/obs_native.csv?type=csv&maxFields=10000&detectTypes=yes&xField=longitude&yField=latitude&crs=EPSG:4326&spatialIndex=no&subsetIndex=no&watchFile=no
"8793",Toxicoscordion venenosum,Toxicoscordion,venenosum,,,,native,S5,,49.012850899999997,-123.573103000000003,,NA,NA,"6309380",obs_native,file:///D:/Simon/Sync/Root/GIS/Biodiversity%20Data/obs_native.csv?type=csv&maxFields=10000&detectTypes=yes&xField=longitude&yField=latitude&crs=EPSG:4326&spatialIndex=no&subsetIndex=no&watchFile=no
"8794",Toxicoscordion venenosum,Toxicoscordion,venenosum,,,,native,S5,,48.867243610000003,-123.382862599999996,,NA,NA,"6473382",obs_native,file:///D:/Simon/Sync/Root/GIS/Biodiversity%20Data/obs_native.csv?type=csv&maxFields=10000&detectTypes=yes&xField=longitude&yField=latitude&crs=EPSG:4326&spatialIndex=no&subsetIndex=no&watchFile=no
"8795",Toxicoscordion venenosum,Toxicoscordion,venenosum,,,,native,S5,,48.939348719999998,-123.501161100000004,,NA,NA,"6571213",obs_native,file:///D:/Simon/Sync/Root/GIS/Biodiversity%20Data/obs_native.csv?type=csv&maxFields=10000&detectTypes=yes&xField=longitude&yField=latitude&crs=EPSG:4326&spatialIndex=no&subsetIndex=no&watchFile=no
"8796",Toxicoscordion venenosum,Toxicoscordion,venenosum,,,,native,S5,,48.867424999999997,-123.376335999999995,,NA,NA,"6665003",obs_native,file:///D:/Simon/Sync/Root/GIS/Biodiversity%20Data/obs_native.csv?type=csv&maxFields=10000&detectTypes=yes&xField=longitude&yField=latitude&crs=EPSG:4326&spatialIndex=no&subsetIndex=no&watchFile=no
"8797",Toxicoscordion venenosum,Toxicoscordion,venenosum,,,,native,S5,,48.862412999999997,-123.373258000000007,,NA,NA,"11582864",obs_native,file:///D:/Simon/Sync/Root/GIS/Biodiversity%20Data/obs_native.csv?type=csv&maxFields=10000&detectTypes=yes&xField=longitude&yField=latitude&crs=EPSG:4326&spatialIndex=no&subsetIndex=no&watchFile=no
"8798",Toxicoscordion venenosum,Toxicoscordion,venenosum,,,,native,S5,,48.869368000000001,-123.378810000000001,,NA,NA,"12287748",obs_native,file:///D:/Simon/Sync/Root/GIS/Biodiversity%20Data/obs_native.csv?type=csv&maxFields=10000&detectTypes=yes&xField=longitude&yField=latitude&crs=EPSG:4326&spatialIndex=no&subsetIndex=no&watchFile=no
"8799",Toxicoscordion venenosum,Toxicoscordion,venenosum,,,,native,S5,,48.957161999999997,-123.530113000000000,,NA,NA,"12373972",obs_native,file:///D:/Simon/Sync/Root/GIS/Biodiversity%20Data/obs_native.csv?type=csv&maxFields=10000&detectTypes=yes&xField=longitude&yField=latitude&crs=EPSG:4326&spatialIndex=no&subsetIndex=no&watchFile=no
"8800",Toxicoscordion venenosum,Toxicoscordion,venenosum,,,,native,S5,,48.868622219999999,-123.341316699999993,,NA,NA,"12813056",obs_native,file:///D:/Simon/Sync/Root/GIS/Biodiversity%20Data/obs_native.csv?type=csv&maxFields=10000&detectTypes=yes&xField=longitude&yField=latitude&crs=EPSG:4326&spatialIndex=no&subsetIndex=no&watchFile=no
"8801",Toxicoscordion venenosum,Toxicoscordion,venenosum,,,,native,S5,,48.939128330000003,-123.501158300000000,,NA,NA,"23551651",obs_native,file:///D:/Simon/Sync/Root/GIS/Biodiversity%20Data/obs_native.csv?type=csv&maxFields=10000&detectTypes=yes&xField=longitude&yField=latitude&crs=EPSG:4326&spatialIndex=no&subsetIndex=no&watchFile=no
"8802",Toxicoscordion venenosum,Toxicoscordion,venenosum,,,,native,S5,,49.013108330000001,-123.573088299999995,,NA,NA,"24259240",obs_native,file:///D:/Simon/Sync/Root/GIS/Biodiversity%20Data/obs_native.csv?type=csv&maxFields=10000&detectTypes=yes&xField=longitude&yField=latitude&crs=EPSG:4326&spatialIndex=no&subsetIndex=no&watchFile=no
"8803",Toxicoscordion venenosum,Toxicoscordion,venenosum,,,,native,S5,,49.013302510000003,-123.573155299999996,,NA,NA,"24476713",obs_native,file:///D:/Simon/Sync/Root/GIS/Biodiversity%20Data/obs_native.csv?type=csv&maxFields=10000&detectTypes=yes&xField=longitude&yField=latitude&crs=EPSG:4326&spatialIndex=no&subsetIndex=no&watchFile=no
"8804",Toxicoscordion venenosum,Toxicoscordion,venenosum,,,,native,S5,,49.013315249999998,-123.572630399999994,,NA,NA,"24497685",obs_native,file:///D:/Simon/Sync/Root/GIS/Biodiversity%20Data/obs_native.csv?type=csv&maxFields=10000&detectTypes=yes&xField=longitude&yField=latitude&crs=EPSG:4326&spatialIndex=no&subsetIndex=no&watchFile=no
"8805",Toxicoscordion venenosum,Toxicoscordion,venenosum,,,,native,S5,,49.013145450000003,-123.573143000000002,,NA,NA,"24647325",obs_native,file:///D:/Simon/Sync/Root/GIS/Biodiversity%20Data/obs_native.csv?type=csv&maxFields=10000&detectTypes=yes&xField=longitude&yField=latitude&crs=EPSG:4326&spatialIndex=no&subsetIndex=no&watchFile=no
"8806",Toxicoscordion venenosum,Toxicoscordion,venenosum,,,,native,S5,,48.866145150000001,-123.375175299999995,,NA,NA,"24650575",obs_native,file:///D:/Simon/Sync/Root/GIS/Biodiversity%20Data/obs_native.csv?type=csv&maxFields=10000&detectTypes=yes&xField=longitude&yField=latitude&crs=EPSG:4326&spatialIndex=no&subsetIndex=no&watchFile=no
"8807",Toxicoscordion venenosum,Toxicoscordion,venenosum,,,,native,S5,,48.868369440000002,-123.376983300000006,,NA,NA,"24687950",obs_native,file:///D:/Simon/Sync/Root/GIS/Biodiversity%20Data/obs_native.csv?type=csv&maxFields=10000&detectTypes=yes&xField=longitude&yField=latitude&crs=EPSG:4326&spatialIndex=no&subsetIndex=no&watchFile=no
"8808",Toxicoscordion venenosum,Toxicoscordion,venenosum,,,,native,S5,,48.869549999999997,-123.379386100000005,,NA,NA,"24687999",obs_native,file:///D:/Simon/Sync/Root/GIS/Biodiversity%20Data/obs_native.csv?type=csv&maxFields=10000&detectTypes=yes&xField=longitude&yField=latitude&crs=EPSG:4326&spatialIndex=no&subsetIndex=no&watchFile=no
"8809",Toxicoscordion venenosum,Toxicoscordion,venenosum,,,,native,S5,,48.957531670000002,-123.541873300000006,,NA,NA,"24702218",obs_native,file:///D:/Simon/Sync/Root/GIS/Biodiversity%20Data/obs_native.csv?type=csv&maxFields=10000&detectTypes=yes&xField=longitude&yField=latitude&crs=EPSG:4326&spatialIndex=no&subsetIndex=no&watchFile=no
"8810",Toxicoscordion venenosum,Toxicoscordion,venenosum,,,,native,S5,,49.013491549999998,-123.573181300000002,,NA,NA,"24748314",obs_native,file:///D:/Simon/Sync/Root/GIS/Biodiversity%20Data/obs_native.csv?type=csv&maxFields=10000&detectTypes=yes&xField=longitude&yField=latitude&crs=EPSG:4326&spatialIndex=no&subsetIndex=no&watchFile=no
"8811",Toxicoscordion venenosum,Toxicoscordion,venenosum,,,,native,S5,,48.872916670000002,-123.311558300000002,,NA,NA,"24874166",obs_native,file:///D:/Simon/Sync/Root/GIS/Biodiversity%20Data/obs_native.csv?type=csv&maxFields=10000&detectTypes=yes&xField=longitude&yField=latitude&crs=EPSG:4326&spatialIndex=no&subsetIndex=no&watchFile=no
"8812",Toxicoscordion venenosum,Toxicoscordion,venenosum,,,,native,S5,,48.872658029999997,-123.311638799999997,,NA,NA,"25199235",obs_native,file:///D:/Simon/Sync/Root/GIS/Biodiversity%20Data/obs_native.csv?type=csv&maxFields=10000&detectTypes=yes&xField=longitude&yField=latitude&crs=EPSG:4326&spatialIndex=no&subsetIndex=no&watchFile=no
"8813",Toxicoscordion venenosum,Toxicoscordion,venenosum,,,,native,S5,,48.872636030000002,-123.311590699999996,,NA,NA,"25199244",obs_native,file:///D:/Simon/Sync/Root/GIS/Biodiversity%20Data/obs_native.csv?type=csv&maxFields=10000&detectTypes=yes&xField=longitude&yField=latitude&crs=EPSG:4326&spatialIndex=no&subsetIndex=no&watchFile=no
"8814",Toxicoscordion venenosum,Toxicoscordion,venenosum,,,,native,S5,,48.867763889999999,-123.376105600000002,,NA,NA,"25595441",obs_native,file:///D:/Simon/Sync/Root/GIS/Biodiversity%20Data/obs_native.csv?type=csv&maxFields=10000&detectTypes=yes&xField=longitude&yField=latitude&crs=EPSG:4326&spatialIndex=no&subsetIndex=no&watchFile=no
"8815",Toxicoscordion venenosum,Toxicoscordion,venenosum,,,,native,S5,,48.867766670000002,-123.375961099999998,,NA,NA,"25595443",obs_native,file:///D:/Simon/Sync/Root/GIS/Biodiversity%20Data/obs_native.csv?type=csv&maxFields=10000&detectTypes=yes&xField=longitude&yField=latitude&crs=EPSG:4326&spatialIndex=no&subsetIndex=no&watchFile=no
"8816",Toxicoscordion venenosum,Toxicoscordion,venenosum,,,,native,S5,,48.952314440000002,-123.519197899999995,,NA,NA,"26375121",obs_native,file:///D:/Simon/Sync/Root/GIS/Biodiversity%20Data/obs_native.csv?type=csv&maxFields=10000&detectTypes=yes&xField=longitude&yField=latitude&crs=EPSG:4326&spatialIndex=no&subsetIndex=no&watchFile=no
"8817",Toxicoscordion venenosum,Toxicoscordion,venenosum,,,,native,S5,,48.915905000000002,-123.392296700000003,,NA,NA,"26644480",obs_native,file:///D:/Simon/Sync/Root/GIS/Biodiversity%20Data/obs_native.csv?type=csv&maxFields=10000&detectTypes=yes&xField=longitude&yField=latitude&crs=EPSG:4326&spatialIndex=no&subsetIndex=no&watchFile=no
"8818",Toxicoscordion venenosum,Toxicoscordion,venenosum,,,,native,S5,,48.999434190000002,-123.574265600000004,,NA,NA,"44275651",obs_native,file:///D:/Simon/Sync/Root/GIS/Biodiversity%20Data/obs_native.csv?type=csv&maxFields=10000&detectTypes=yes&xField=longitude&yField=latitude&crs=EPSG:4326&spatialIndex=no&subsetIndex=no&watchFile=no
"8819",Toxicoscordion venenosum,Toxicoscordion,venenosum,,,,native,S5,,48.867741670000001,-123.376103299999997,,NA,NA,"46668434",obs_native,file:///D:/Simon/Sync/Root/GIS/Biodiversity%20Data/obs_native.csv?type=csv&maxFields=10000&detectTypes=yes&xField=longitude&yField=latitude&crs=EPSG:4326&spatialIndex=no&subsetIndex=no&watchFile=no
"8820",Toxicoscordion venenosum,Toxicoscordion,venenosum,,,,native,S5,,48.928609999999999,-123.460261000000003,,NA,NA,"52441872",obs_native,file:///D:/Simon/Sync/Root/GIS/Biodiversity%20Data/obs_native.csv?type=csv&maxFields=10000&detectTypes=yes&xField=longitude&yField=latitude&crs=EPSG:4326&spatialIndex=no&subsetIndex=no&watchFile=no
"8821",Toxicoscordion venenosum,Toxicoscordion,venenosum,,,,native,S5,,49.012996350000002,-123.572940700000004,,NA,NA,"77828608",obs_native,file:///D:/Simon/Sync/Root/GIS/Biodiversity%20Data/obs_native.csv?type=csv&maxFields=10000&detectTypes=yes&xField=longitude&yField=latitude&crs=EPSG:4326&spatialIndex=no&subsetIndex=no&watchFile=no
"8822",Toxicoscordion venenosum,Toxicoscordion,venenosum,,,,native,S5,,48.873011470000002,-123.383078999999995,,NA,NA,"77854421",obs_native,file:///D:/Simon/Sync/Root/GIS/Biodiversity%20Data/obs_native.csv?type=csv&maxFields=10000&detectTypes=yes&xField=longitude&yField=latitude&crs=EPSG:4326&spatialIndex=no&subsetIndex=no&watchFile=no
"8823",Toxicoscordion venenosum,Toxicoscordion,venenosum,,,,native,S5,,48.955913330000001,-123.527121699999995,,NA,NA,"78231132",obs_native,file:///D:/Simon/Sync/Root/GIS/Biodiversity%20Data/obs_native.csv?type=csv&maxFields=10000&detectTypes=yes&xField=longitude&yField=latitude&crs=EPSG:4326&spatialIndex=no&subsetIndex=no&watchFile=no
"8824",Toxicoscordion venenosum,Toxicoscordion,venenosum,,,,native,S5,,49.013674999999999,-123.573625000000007,,NA,NA,"107677538",obs_native,file:///D:/Simon/Sync/Root/GIS/Biodiversity%20Data/obs_native.csv?type=csv&maxFields=10000&detectTypes=yes&xField=longitude&yField=latitude&crs=EPSG:4326&spatialIndex=no&subsetIndex=no&watchFile=no
"8825",Toxicoscordion venenosum,Toxicoscordion,venenosum,,,,native,S5,,48.863563329999998,-123.364116699999997,,NA,NA,"111609999",obs_native,file:///D:/Simon/Sync/Root/GIS/Biodiversity%20Data/obs_native.csv?type=csv&maxFields=10000&detectTypes=yes&xField=longitude&yField=latitude&crs=EPSG:4326&spatialIndex=no&subsetIndex=no&watchFile=no
"8826",Toxicoscordion venenosum,Toxicoscordion,venenosum,,,,native,S5,,49.013202309999997,-123.573138499999999,,NA,NA,"112013245",obs_native,file:///D:/Simon/Sync/Root/GIS/Biodiversity%20Data/obs_native.csv?type=csv&maxFields=10000&detectTypes=yes&xField=longitude&yField=latitude&crs=EPSG:4326&spatialIndex=no&subsetIndex=no&watchFile=no
"8827",Toxicoscordion venenosum,Toxicoscordion,venenosum,,,,native,S5,,48.958537069999998,-123.533023299999996,,NA,NA,"116029564",obs_native,file:///D:/Simon/Sync/Root/GIS/Biodiversity%20Data/obs_native.csv?type=csv&maxFields=10000&detectTypes=yes&xField=longitude&yField=latitude&crs=EPSG:4326&spatialIndex=no&subsetIndex=no&watchFile=no
"8828",Toxicoscordion venenosum,Toxicoscordion,venenosum,,,,native,S5,,48.866232689999997,-123.369010599999996,,NA,NA,"116636209",obs_native,file:///D:/Simon/Sync/Root/GIS/Biodiversity%20Data/obs_native.csv?type=csv&maxFields=10000&detectTypes=yes&xField=longitude&yField=latitude&crs=EPSG:4326&spatialIndex=no&subsetIndex=no&watchFile=no
"8829",Toxicoscordion venenosum,Toxicoscordion,venenosum,,,,native,S5,,49.013203330000003,-123.573149999999998,,NA,NA,"117151485",obs_native,file:///D:/Simon/Sync/Root/GIS/Biodiversity%20Data/obs_native.csv?type=csv&maxFields=10000&detectTypes=yes&xField=longitude&yField=latitude&crs=EPSG:4326&spatialIndex=no&subsetIndex=no&watchFile=no
"8830",Toxicoscordion venenosum,Toxicoscordion,venenosum,,,,native,S5,,48.957326790000003,-123.530194100000003,,NA,NA,"117203492",obs_native,file:///D:/Simon/Sync/Root/GIS/Biodiversity%20Data/obs_native.csv?type=csv&maxFields=10000&detectTypes=yes&xField=longitude&yField=latitude&crs=EPSG:4326&spatialIndex=no&subsetIndex=no&watchFile=no
"8831",Toxicoscordion venenosum,Toxicoscordion,venenosum,,,,native,S5,,48.939524100000000,-123.500751800000003,,NA,NA,"117239108",obs_native,file:///D:/Simon/Sync/Root/GIS/Biodiversity%20Data/obs_native.csv?type=csv&maxFields=10000&detectTypes=yes&xField=longitude&yField=latitude&crs=EPSG:4326&spatialIndex=no&subsetIndex=no&watchFile=no
"8832",Toxicoscordion venenosum,Toxicoscordion,venenosum,,,,native,S5,,49.013661110000001,-123.573494400000001,,NA,NA,"119972210",obs_native,file:///D:/Simon/Sync/Root/GIS/Biodiversity%20Data/obs_native.csv?type=csv&maxFields=10000&detectTypes=yes&xField=longitude&yField=latitude&crs=EPSG:4326&spatialIndex=no&subsetIndex=no&watchFile=no
"8833",Toxicoscordion venenosum,Toxicoscordion,venenosum,,,,native,S5,,48.866143180000002,-123.369049099999998,,NA,NA,"120470348",obs_native,file:///D:/Simon/Sync/Root/GIS/Biodiversity%20Data/obs_native.csv?type=csv&maxFields=10000&detectTypes=yes&xField=longitude&yField=latitude&crs=EPSG:4326&spatialIndex=no&subsetIndex=no&watchFile=no
"8834",Toxicoscordion venenosum,Toxicoscordion,venenosum,,,,native,S5,,48.868496669999999,-123.341094999999996,,NA,NA,"122578296",obs_native,file:///D:/Simon/Sync/Root/GIS/Biodiversity%20Data/obs_native.csv?type=csv&maxFields=10000&detectTypes=yes&xField=longitude&yField=latitude&crs=EPSG:4326&spatialIndex=no&subsetIndex=no&watchFile=no
"8849",Trifolium dichotomum,Trifolium,dichotomum,,,,native,S2 (2021),,48.861513889999998,-123.366624999999999,,NA,NA,"116636297",obs_native,file:///D:/Simon/Sync/Root/GIS/Biodiversity%20Data/obs_native.csv?type=csv&maxFields=10000&detectTypes=yes&xField=longitude&yField=latitude&crs=EPSG:4326&spatialIndex=no&subsetIndex=no&watchFile=no
"8850",Trifolium dichotomum,Trifolium,dichotomum,,,,native,S2 (2021),,48.861469999999997,-123.365915000000001,,NA,NA,"116636304",obs_native,file:///D:/Simon/Sync/Root/GIS/Biodiversity%20Data/obs_native.csv?type=csv&maxFields=10000&detectTypes=yes&xField=longitude&yField=latitude&crs=EPSG:4326&spatialIndex=no&subsetIndex=no&watchFile=no
"8851",Trifolium dichotomum,Trifolium,dichotomum,,,,native,S2 (2021),,48.865876870000001,-123.365000100000003,,NA,NA,"120380816",obs_native,file:///D:/Simon/Sync/Root/GIS/Biodiversity%20Data/obs_native.csv?type=csv&maxFields=10000&detectTypes=yes&xField=longitude&yField=latitude&crs=EPSG:4326&spatialIndex=no&subsetIndex=no&watchFile=no
"8852",Trifolium dichotomum,Trifolium,dichotomum,,,,native,S2 (2021),,48.863450000000000,-123.363823300000007,,NA,NA,"120470376",obs_native,file:///D:/Simon/Sync/Root/GIS/Biodiversity%20Data/obs_native.csv?type=csv&maxFields=10000&detectTypes=yes&xField=longitude&yField=latitude&crs=EPSG:4326&spatialIndex=no&subsetIndex=no&watchFile=no
"8900",Trifolium microcephalum,Trifolium,microcephalum,,,,native,S5,,48.868800149999998,-123.378610600000002,,NA,NA,"6410327",obs_native,file:///D:/Simon/Sync/Root/GIS/Biodiversity%20Data/obs_native.csv?type=csv&maxFields=10000&detectTypes=yes&xField=longitude&yField=latitude&crs=EPSG:4326&spatialIndex=no&subsetIndex=no&watchFile=no
"8901",Trifolium microcephalum,Trifolium,microcephalum,,,,native,S5,,48.868031840000000,-123.377129999999994,,NA,NA,"6411586",obs_native,file:///D:/Simon/Sync/Root/GIS/Biodiversity%20Data/obs_native.csv?type=csv&maxFields=10000&detectTypes=yes&xField=longitude&yField=latitude&crs=EPSG:4326&spatialIndex=no&subsetIndex=no&watchFile=no
"8902",Trifolium microcephalum,Trifolium,microcephalum,,,,native,S5,,48.867015570000000,-123.337604999999996,,NA,NA,"6434819",obs_native,file:///D:/Simon/Sync/Root/GIS/Biodiversity%20Data/obs_native.csv?type=csv&maxFields=10000&detectTypes=yes&xField=longitude&yField=latitude&crs=EPSG:4326&spatialIndex=no&subsetIndex=no&watchFile=no
"8903",Trifolium microcephalum,Trifolium,microcephalum,,,,native,S5,,48.867523710000000,-123.339750800000004,,NA,NA,"6434825",obs_native,file:///D:/Simon/Sync/Root/GIS/Biodiversity%20Data/obs_native.csv?type=csv&maxFields=10000&detectTypes=yes&xField=longitude&yField=latitude&crs=EPSG:4326&spatialIndex=no&subsetIndex=no&watchFile=no
"8904",Trifolium microcephalum,Trifolium,microcephalum,,,,native,S5,,48.867523710000000,-123.339750800000004,,NA,NA,"6434827",obs_native,file:///D:/Simon/Sync/Root/GIS/Biodiversity%20Data/obs_native.csv?type=csv&maxFields=10000&detectTypes=yes&xField=longitude&yField=latitude&crs=EPSG:4326&spatialIndex=no&subsetIndex=no&watchFile=no
"8905",Trifolium microcephalum,Trifolium,microcephalum,,,,native,S5,,48.868150880000002,-123.377988299999998,,NA,NA,"11581162",obs_native,file:///D:/Simon/Sync/Root/GIS/Biodiversity%20Data/obs_native.csv?type=csv&maxFields=10000&detectTypes=yes&xField=longitude&yField=latitude&crs=EPSG:4326&spatialIndex=no&subsetIndex=no&watchFile=no
"8906",Trifolium microcephalum,Trifolium,microcephalum,,,,native,S5,,48.866956060000000,-123.341274999999996,,NA,NA,"16310379",obs_native,file:///D:/Simon/Sync/Root/GIS/Biodiversity%20Data/obs_native.csv?type=csv&maxFields=10000&detectTypes=yes&xField=longitude&yField=latitude&crs=EPSG:4326&spatialIndex=no&subsetIndex=no&watchFile=no
"8907",Trifolium microcephalum,Trifolium,microcephalum,,,,native,S5,,48.866071669999997,-123.374968300000006,,NA,NA,"24650581",obs_native,file:///D:/Simon/Sync/Root/GIS/Biodiversity%20Data/obs_native.csv?type=csv&maxFields=10000&detectTypes=yes&xField=longitude&yField=latitude&crs=EPSG:4326&spatialIndex=no&subsetIndex=no&watchFile=no
"8908",Trifolium microcephalum,Trifolium,microcephalum,,,,native,S5,,48.868033330000003,-123.376816700000006,,NA,NA,"24687964",obs_native,file:///D:/Simon/Sync/Root/GIS/Biodiversity%20Data/obs_native.csv?type=csv&maxFields=10000&detectTypes=yes&xField=longitude&yField=latitude&crs=EPSG:4326&spatialIndex=no&subsetIndex=no&watchFile=no
"8909",Trifolium microcephalum,Trifolium,microcephalum,,,,native,S5,,48.868813889999998,-123.378127800000001,,NA,NA,"24687983",obs_native,file:///D:/Simon/Sync/Root/GIS/Biodiversity%20Data/obs_native.csv?type=csv&maxFields=10000&detectTypes=yes&xField=longitude&yField=latitude&crs=EPSG:4326&spatialIndex=no&subsetIndex=no&watchFile=no
"8910",Trifolium microcephalum,Trifolium,microcephalum,,,,native,S5,,48.869388890000003,-123.378691700000005,,NA,NA,"24687989",obs_native,file:///D:/Simon/Sync/Root/GIS/Biodiversity%20Data/obs_native.csv?type=csv&maxFields=10000&detectTypes=yes&xField=longitude&yField=latitude&crs=EPSG:4326&spatialIndex=no&subsetIndex=no&watchFile=no
"8911",Trifolium microcephalum,Trifolium,microcephalum,,,,native,S5,,48.869705560000000,-123.379486099999994,,NA,NA,"24687997",obs_native,file:///D:/Simon/Sync/Root/GIS/Biodiversity%20Data/obs_native.csv?type=csv&maxFields=10000&detectTypes=yes&xField=longitude&yField=latitude&crs=EPSG:4326&spatialIndex=no&subsetIndex=no&watchFile=no
"8912",Trifolium microcephalum,Trifolium,microcephalum,,,,native,S5,,48.863713890000000,-123.363197200000002,,NA,NA,"42637674",obs_native,file:///D:/Simon/Sync/Root/GIS/Biodiversity%20Data/obs_native.csv?type=csv&maxFields=10000&detectTypes=yes&xField=longitude&yField=latitude&crs=EPSG:4326&spatialIndex=no&subsetIndex=no&watchFile=no
"8913",Trifolium microcephalum,Trifolium,microcephalum,,,,native,S5,,48.868448330000000,-123.341048299999997,,NA,NA,"43252935",obs_native,file:///D:/Simon/Sync/Root/GIS/Biodiversity%20Data/obs_native.csv?type=csv&maxFields=10000&detectTypes=yes&xField=longitude&yField=latitude&crs=EPSG:4326&spatialIndex=no&subsetIndex=no&watchFile=no
"8914",Trifolium microcephalum,Trifolium,microcephalum,,,,native,S5,,48.866150089999998,-123.339526199999995,,NA,NA,"43253042",obs_native,file:///D:/Simon/Sync/Root/GIS/Biodiversity%20Data/obs_native.csv?type=csv&maxFields=10000&detectTypes=yes&xField=longitude&yField=latitude&crs=EPSG:4326&spatialIndex=no&subsetIndex=no&watchFile=no
"8915",Trifolium microcephalum,Trifolium,microcephalum,,,,native,S5,,48.869427070000000,-123.378814000000006,,NA,NA,"46838949",obs_native,file:///D:/Simon/Sync/Root/GIS/Biodiversity%20Data/obs_native.csv?type=csv&maxFields=10000&detectTypes=yes&xField=longitude&yField=latitude&crs=EPSG:4326&spatialIndex=no&subsetIndex=no&watchFile=no
"8916",Trifolium microcephalum,Trifolium,microcephalum,,,,native,S5,,48.869462560000002,-123.378690700000007,,NA,NA,"52497737",obs_native,file:///D:/Simon/Sync/Root/GIS/Biodiversity%20Data/obs_native.csv?type=csv&maxFields=10000&detectTypes=yes&xField=longitude&yField=latitude&crs=EPSG:4326&spatialIndex=no&subsetIndex=no&watchFile=no
"8917",Trifolium microcephalum,Trifolium,microcephalum,,,,native,S5,,48.958729939999998,-123.533246500000004,,NA,NA,"74104764",obs_native,file:///D:/Simon/Sync/Root/GIS/Biodiversity%20Data/obs_native.csv?type=csv&maxFields=10000&detectTypes=yes&xField=longitude&yField=latitude&crs=EPSG:4326&spatialIndex=no&subsetIndex=no&watchFile=no
"8918",Trifolium microcephalum,Trifolium,microcephalum,,,,native,S5,,48.873256670000004,-123.383266699999993,,NA,NA,"77854416",obs_native,file:///D:/Simon/Sync/Root/GIS/Biodiversity%20Data/obs_native.csv?type=csv&maxFields=10000&detectTypes=yes&xField=longitude&yField=latitude&crs=EPSG:4326&spatialIndex=no&subsetIndex=no&watchFile=no
"8919",Trifolium microcephalum,Trifolium,microcephalum,,,,native,S5,,48.862393330000003,-123.368769999999998,,NA,NA,"110932093",obs_native,file:///D:/Simon/Sync/Root/GIS/Biodiversity%20Data/obs_native.csv?type=csv&maxFields=10000&detectTypes=yes&xField=longitude&yField=latitude&crs=EPSG:4326&spatialIndex=no&subsetIndex=no&watchFile=no
"8920",Trifolium microcephalum,Trifolium,microcephalum,,,,native,S5,,48.861268330000001,-123.363460000000003,,NA,NA,"111867185",obs_native,file:///D:/Simon/Sync/Root/GIS/Biodiversity%20Data/obs_native.csv?type=csv&maxFields=10000&detectTypes=yes&xField=longitude&yField=latitude&crs=EPSG:4326&spatialIndex=no&subsetIndex=no&watchFile=no
"8921",Trifolium microcephalum,Trifolium,microcephalum,,,,native,S5,,48.866714999999999,-123.375399999999999,,NA,NA,"114122081",obs_native,file:///D:/Simon/Sync/Root/GIS/Biodiversity%20Data/obs_native.csv?type=csv&maxFields=10000&detectTypes=yes&xField=longitude&yField=latitude&crs=EPSG:4326&spatialIndex=no&subsetIndex=no&watchFile=no
"8922",Trifolium microcephalum,Trifolium,microcephalum,,,,native,S5,,48.866001670000003,-123.374369999999999,,NA,NA,"114122109",obs_native,file:///D:/Simon/Sync/Root/GIS/Biodiversity%20Data/obs_native.csv?type=csv&maxFields=10000&detectTypes=yes&xField=longitude&yField=latitude&crs=EPSG:4326&spatialIndex=no&subsetIndex=no&watchFile=no
"8923",Trifolium microcephalum,Trifolium,microcephalum,,,,native,S5,,48.958736109999997,-123.532930600000000,,NA,NA,"116029581",obs_native,file:///D:/Simon/Sync/Root/GIS/Biodiversity%20Data/obs_native.csv?type=csv&maxFields=10000&detectTypes=yes&xField=longitude&yField=latitude&crs=EPSG:4326&spatialIndex=no&subsetIndex=no&watchFile=no
"8924",Trifolium microcephalum,Trifolium,microcephalum,,,,native,S5,,48.956460000000000,-123.528593299999997,,NA,NA,"116029612",obs_native,file:///D:/Simon/Sync/Root/GIS/Biodiversity%20Data/obs_native.csv?type=csv&maxFields=10000&detectTypes=yes&xField=longitude&yField=latitude&crs=EPSG:4326&spatialIndex=no&subsetIndex=no&watchFile=no
"8925",Trifolium microcephalum,Trifolium,microcephalum,,,,native,S5,,48.958936110000003,-123.533097200000000,,NA,NA,"116033737",obs_native,file:///D:/Simon/Sync/Root/GIS/Biodiversity%20Data/obs_native.csv?type=csv&maxFields=10000&detectTypes=yes&xField=longitude&yField=latitude&crs=EPSG:4326&spatialIndex=no&subsetIndex=no&watchFile=no
"8926",Trifolium microcephalum,Trifolium,microcephalum,,,,native,S5,,48.870413329999998,-123.380363299999999,,NA,NA,"116636177",obs_native,file:///D:/Simon/Sync/Root/GIS/Biodiversity%20Data/obs_native.csv?type=csv&maxFields=10000&detectTypes=yes&xField=longitude&yField=latitude&crs=EPSG:4326&spatialIndex=no&subsetIndex=no&watchFile=no
"8927",Trifolium microcephalum,Trifolium,microcephalum,,,,native,S5,,48.863338329999998,-123.363038299999999,,NA,NA,"116636251",obs_native,file:///D:/Simon/Sync/Root/GIS/Biodiversity%20Data/obs_native.csv?type=csv&maxFields=10000&detectTypes=yes&xField=longitude&yField=latitude&crs=EPSG:4326&spatialIndex=no&subsetIndex=no&watchFile=no
"8928",Trifolium microcephalum,Trifolium,microcephalum,,,,native,S5,,48.866161669999997,-123.368721699999995,,NA,NA,"120470355",obs_native,file:///D:/Simon/Sync/Root/GIS/Biodiversity%20Data/obs_native.csv?type=csv&maxFields=10000&detectTypes=yes&xField=longitude&yField=latitude&crs=EPSG:4326&spatialIndex=no&subsetIndex=no&watchFile=no
"8929",Trifolium microcephalum,Trifolium,microcephalum,,,,native,S5,,48.897366609999999,-123.338636300000005,,NA,NA,"120494791",obs_native,file:///D:/Simon/Sync/Root/GIS/Biodiversity%20Data/obs_native.csv?type=csv&maxFields=10000&detectTypes=yes&xField=longitude&yField=latitude&crs=EPSG:4326&spatialIndex=no&subsetIndex=no&watchFile=no
"8930",Trifolium microcephalum,Trifolium,microcephalum,,,,native,S5,,48.897353330000001,-123.338605000000001,,NA,NA,"120494801",obs_native,file:///D:/Simon/Sync/Root/GIS/Biodiversity%20Data/obs_native.csv?type=csv&maxFields=10000&detectTypes=yes&xField=longitude&yField=latitude&crs=EPSG:4326&spatialIndex=no&subsetIndex=no&watchFile=no
"8931",Trifolium microcephalum,Trifolium,microcephalum,,,,native,S5,,48.869999929999999,-123.379999999999995,,NA,NA,"121004925",obs_native,file:///D:/Simon/Sync/Root/GIS/Biodiversity%20Data/obs_native.csv?type=csv&maxFields=10000&detectTypes=yes&xField=longitude&yField=latitude&crs=EPSG:4326&spatialIndex=no&subsetIndex=no&watchFile=no
"8932",Trifolium microcephalum,Trifolium,microcephalum,,,,native,S5,,48.871678330000002,-123.320883300000006,,NA,NA,"135699002",obs_native,file:///D:/Simon/Sync/Root/GIS/Biodiversity%20Data/obs_native.csv?type=csv&maxFields=10000&detectTypes=yes&xField=longitude&yField=latitude&crs=EPSG:4326&spatialIndex=no&subsetIndex=no&watchFile=no
"8933",Trifolium microdon,Trifolium,microdon,,,,native,S5,,48.868800149999998,-123.378610600000002,,NA,NA,"6410328",obs_native,file:///D:/Simon/Sync/Root/GIS/Biodiversity%20Data/obs_native.csv?type=csv&maxFields=10000&detectTypes=yes&xField=longitude&yField=latitude&crs=EPSG:4326&spatialIndex=no&subsetIndex=no&watchFile=no
"8934",Trifolium microdon,Trifolium,microdon,,,,native,S5,,48.868031840000000,-123.377129999999994,,NA,NA,"6411589",obs_native,file:///D:/Simon/Sync/Root/GIS/Biodiversity%20Data/obs_native.csv?type=csv&maxFields=10000&detectTypes=yes&xField=longitude&yField=latitude&crs=EPSG:4326&spatialIndex=no&subsetIndex=no&watchFile=no
"8935",Trifolium microdon,Trifolium,microdon,,,,native,S5,,48.866634460000000,-123.375670900000003,,NA,NA,"6411592",obs_native,file:///D:/Simon/Sync/Root/GIS/Biodiversity%20Data/obs_native.csv?type=csv&maxFields=10000&detectTypes=yes&xField=longitude&yField=latitude&crs=EPSG:4326&spatialIndex=no&subsetIndex=no&watchFile=no
"8936",Trifolium microdon,Trifolium,microdon,,,,native,S5,,48.867803000000002,-123.339484999999996,,NA,NA,"12259158",obs_native,file:///D:/Simon/Sync/Root/GIS/Biodiversity%20Data/obs_native.csv?type=csv&maxFields=10000&detectTypes=yes&xField=longitude&yField=latitude&crs=EPSG:4326&spatialIndex=no&subsetIndex=no&watchFile=no
"8937",Trifolium microdon,Trifolium,microdon,,,,native,S5,,48.915641000000001,-123.425758999999999,,NA,NA,"12344913",obs_native,file:///D:/Simon/Sync/Root/GIS/Biodiversity%20Data/obs_native.csv?type=csv&maxFields=10000&detectTypes=yes&xField=longitude&yField=latitude&crs=EPSG:4326&spatialIndex=no&subsetIndex=no&watchFile=no
"8938",Trifolium microdon,Trifolium,microdon,,,,native,S5,,48.867407739999997,-123.338571299999998,,NA,NA,"16307966",obs_native,file:///D:/Simon/Sync/Root/GIS/Biodiversity%20Data/obs_native.csv?type=csv&maxFields=10000&detectTypes=yes&xField=longitude&yField=latitude&crs=EPSG:4326&spatialIndex=no&subsetIndex=no&watchFile=no
"8939",Trifolium microdon,Trifolium,microdon,,,,native,S5,,48.866702449999998,-123.375312699999995,,NA,NA,"114122147",obs_native,file:///D:/Simon/Sync/Root/GIS/Biodiversity%20Data/obs_native.csv?type=csv&maxFields=10000&detectTypes=yes&xField=longitude&yField=latitude&crs=EPSG:4326&spatialIndex=no&subsetIndex=no&watchFile=no
"8940",Trifolium microdon,Trifolium,microdon,,,,native,S5,,48.866570019999997,-123.375272499999994,,NA,NA,"114745443",obs_native,file:///D:/Simon/Sync/Root/GIS/Biodiversity%20Data/obs_native.csv?type=csv&maxFields=10000&detectTypes=yes&xField=longitude&yField=latitude&crs=EPSG:4326&spatialIndex=no&subsetIndex=no&watchFile=no
"8941",Trifolium microdon,Trifolium,microdon,,,,native,S5,,48.868336669999998,-123.377629999999996,,NA,NA,"116636152",obs_native,file:///D:/Simon/Sync/Root/GIS/Biodiversity%20Data/obs_native.csv?type=csv&maxFields=10000&detectTypes=yes&xField=longitude&yField=latitude&crs=EPSG:4326&spatialIndex=no&subsetIndex=no&watchFile=no
"8942",Trifolium microdon,Trifolium,microdon,,,,native,S5,,48.865588889999998,-123.368019399999994,,NA,NA,"120470358",obs_native,file:///D:/Simon/Sync/Root/GIS/Biodiversity%20Data/obs_native.csv?type=csv&maxFields=10000&detectTypes=yes&xField=longitude&yField=latitude&crs=EPSG:4326&spatialIndex=no&subsetIndex=no&watchFile=no
"8943",Trifolium microdon,Trifolium,microdon,,,,native,S5,,48.865451669999999,-123.367778299999998,,NA,NA,"120470361",obs_native,file:///D:/Simon/Sync/Root/GIS/Biodiversity%20Data/obs_native.csv?type=csv&maxFields=10000&detectTypes=yes&xField=longitude&yField=latitude&crs=EPSG:4326&spatialIndex=no&subsetIndex=no&watchFile=no
"8944",Trifolium microdon,Trifolium,microdon,,,,native,S5,,48.864466669999999,-123.366524999999996,,NA,NA,"120470370",obs_native,file:///D:/Simon/Sync/Root/GIS/Biodiversity%20Data/obs_native.csv?type=csv&maxFields=10000&detectTypes=yes&xField=longitude&yField=latitude&crs=EPSG:4326&spatialIndex=no&subsetIndex=no&watchFile=no
"8945",Trifolium microdon,Trifolium,microdon,,,,native,S5,,48.863630559999997,-123.363022200000003,,NA,NA,"120470385",obs_native,file:///D:/Simon/Sync/Root/GIS/Biodiversity%20Data/obs_native.csv?type=csv&maxFields=10000&detectTypes=yes&xField=longitude&yField=latitude&crs=EPSG:4326&spatialIndex=no&subsetIndex=no&watchFile=no
"8946",Trifolium oliganthum,Trifolium,oliganthum,,,,native,S5,,48.932785000000003,-123.485125999999994,,NA,NA,"2567510",obs_native,file:///D:/Simon/Sync/Root/GIS/Biodiversity%20Data/obs_native.csv?type=csv&maxFields=10000&detectTypes=yes&xField=longitude&yField=latitude&crs=EPSG:4326&spatialIndex=no&subsetIndex=no&watchFile=no
"8947",Trifolium oliganthum,Trifolium,oliganthum,,,,native,S5,,48.930844999999998,-123.479247000000001,,NA,NA,"2575077",obs_native,file:///D:/Simon/Sync/Root/GIS/Biodiversity%20Data/obs_native.csv?type=csv&maxFields=10000&detectTypes=yes&xField=longitude&yField=latitude&crs=EPSG:4326&spatialIndex=no&subsetIndex=no&watchFile=no
"8948",Trifolium oliganthum,Trifolium,oliganthum,,,,native,S5,,48.868800149999998,-123.378610600000002,,NA,NA,"6410331",obs_native,file:///D:/Simon/Sync/Root/GIS/Biodiversity%20Data/obs_native.csv?type=csv&maxFields=10000&detectTypes=yes&xField=longitude&yField=latitude&crs=EPSG:4326&spatialIndex=no&subsetIndex=no&watchFile=no
"8949",Trifolium oliganthum,Trifolium,oliganthum,,,,native,S5,,48.867015570000000,-123.337604999999996,,NA,NA,"6434818",obs_native,file:///D:/Simon/Sync/Root/GIS/Biodiversity%20Data/obs_native.csv?type=csv&maxFields=10000&detectTypes=yes&xField=longitude&yField=latitude&crs=EPSG:4326&spatialIndex=no&subsetIndex=no&watchFile=no
"8950",Trifolium oliganthum,Trifolium,oliganthum,,,,native,S5,,48.866370000000003,-123.375201000000004,,NA,NA,"11252799",obs_native,file:///D:/Simon/Sync/Root/GIS/Biodiversity%20Data/obs_native.csv?type=csv&maxFields=10000&detectTypes=yes&xField=longitude&yField=latitude&crs=EPSG:4326&spatialIndex=no&subsetIndex=no&watchFile=no
"8951",Trifolium oliganthum,Trifolium,oliganthum,,,,native,S5,,48.866338890000002,-123.334244400000003,,NA,NA,"11466802",obs_native,file:///D:/Simon/Sync/Root/GIS/Biodiversity%20Data/obs_native.csv?type=csv&maxFields=10000&detectTypes=yes&xField=longitude&yField=latitude&crs=EPSG:4326&spatialIndex=no&subsetIndex=no&watchFile=no
"8952",Trifolium oliganthum,Trifolium,oliganthum,,,,native,S5,,48.868888890000001,-123.378227800000005,,NA,NA,"24687985",obs_native,file:///D:/Simon/Sync/Root/GIS/Biodiversity%20Data/obs_native.csv?type=csv&maxFields=10000&detectTypes=yes&xField=longitude&yField=latitude&crs=EPSG:4326&spatialIndex=no&subsetIndex=no&watchFile=no
"8953",Trifolium oliganthum,Trifolium,oliganthum,,,,native,S5,,48.865478330000002,-123.367841700000000,,NA,NA,"41788614",obs_native,file:///D:/Simon/Sync/Root/GIS/Biodiversity%20Data/obs_native.csv?type=csv&maxFields=10000&detectTypes=yes&xField=longitude&yField=latitude&crs=EPSG:4326&spatialIndex=no&subsetIndex=no&watchFile=no
"8954",Trifolium oliganthum,Trifolium,oliganthum,,,,native,S5,,48.867404999999998,-123.376341699999998,,NA,NA,"42365221",obs_native,file:///D:/Simon/Sync/Root/GIS/Biodiversity%20Data/obs_native.csv?type=csv&maxFields=10000&detectTypes=yes&xField=longitude&yField=latitude&crs=EPSG:4326&spatialIndex=no&subsetIndex=no&watchFile=no
"8955",Trifolium oliganthum,Trifolium,oliganthum,,,,native,S5,,48.863719439999997,-123.363197200000002,,NA,NA,"42637672",obs_native,file:///D:/Simon/Sync/Root/GIS/Biodiversity%20Data/obs_native.csv?type=csv&maxFields=10000&detectTypes=yes&xField=longitude&yField=latitude&crs=EPSG:4326&spatialIndex=no&subsetIndex=no&watchFile=no
"8956",Trifolium oliganthum,Trifolium,oliganthum,,,,native,S5,,48.868452779999998,-123.341052800000000,,NA,NA,"43252936",obs_native,file:///D:/Simon/Sync/Root/GIS/Biodiversity%20Data/obs_native.csv?type=csv&maxFields=10000&detectTypes=yes&xField=longitude&yField=latitude&crs=EPSG:4326&spatialIndex=no&subsetIndex=no&watchFile=no
"8957",Trifolium oliganthum,Trifolium,oliganthum,,,,native,S5,,48.869379000000002,-123.379006899999993,,NA,NA,"52496345",obs_native,file:///D:/Simon/Sync/Root/GIS/Biodiversity%20Data/obs_native.csv?type=csv&maxFields=10000&detectTypes=yes&xField=longitude&yField=latitude&crs=EPSG:4326&spatialIndex=no&subsetIndex=no&watchFile=no
"8958",Trifolium oliganthum,Trifolium,oliganthum,,,,native,S5,,48.862055560000002,-123.364808300000007,,NA,NA,"110932077",obs_native,file:///D:/Simon/Sync/Root/GIS/Biodiversity%20Data/obs_native.csv?type=csv&maxFields=10000&detectTypes=yes&xField=longitude&yField=latitude&crs=EPSG:4326&spatialIndex=no&subsetIndex=no&watchFile=no
"8959",Trifolium oliganthum,Trifolium,oliganthum,,,,native,S5,,48.862346670000001,-123.368600000000001,,NA,NA,"110932098",obs_native,file:///D:/Simon/Sync/Root/GIS/Biodiversity%20Data/obs_native.csv?type=csv&maxFields=10000&detectTypes=yes&xField=longitude&yField=latitude&crs=EPSG:4326&spatialIndex=no&subsetIndex=no&watchFile=no
"8960",Trifolium oliganthum,Trifolium,oliganthum,,,,native,S5,,49.012718329999998,-123.575693299999998,,NA,NA,"123934508",obs_native,file:///D:/Simon/Sync/Root/GIS/Biodiversity%20Data/obs_native.csv?type=csv&maxFields=10000&detectTypes=yes&xField=longitude&yField=latitude&crs=EPSG:4326&spatialIndex=no&subsetIndex=no&watchFile=no
"9010",Trifolium variegatum,Trifolium,variegatum,,,,native,S5,,48.872082300000002,-123.312289199999995,,NA,NA,"6425074",obs_native,file:///D:/Simon/Sync/Root/GIS/Biodiversity%20Data/obs_native.csv?type=csv&maxFields=10000&detectTypes=yes&xField=longitude&yField=latitude&crs=EPSG:4326&spatialIndex=no&subsetIndex=no&watchFile=no
"9011",Trifolium variegatum,Trifolium,variegatum,,,,native,S5,,48.872520129999998,-123.311426600000004,,NA,NA,"6434837",obs_native,file:///D:/Simon/Sync/Root/GIS/Biodiversity%20Data/obs_native.csv?type=csv&maxFields=10000&detectTypes=yes&xField=longitude&yField=latitude&crs=EPSG:4326&spatialIndex=no&subsetIndex=no&watchFile=no
"9012",Trifolium variegatum,Trifolium,variegatum,,,,native,S5,,48.872026159999997,-123.311426600000004,,NA,NA,"6434843",obs_native,file:///D:/Simon/Sync/Root/GIS/Biodiversity%20Data/obs_native.csv?type=csv&maxFields=10000&detectTypes=yes&xField=longitude&yField=latitude&crs=EPSG:4326&spatialIndex=no&subsetIndex=no&watchFile=no
"9013",Trifolium variegatum,Trifolium,variegatum,,,,native,S5,,48.867803000000002,-123.339484999999996,,NA,NA,"12259172",obs_native,file:///D:/Simon/Sync/Root/GIS/Biodiversity%20Data/obs_native.csv?type=csv&maxFields=10000&detectTypes=yes&xField=longitude&yField=latitude&crs=EPSG:4326&spatialIndex=no&subsetIndex=no&watchFile=no
"9014",Trifolium variegatum,Trifolium,variegatum,,,,native,S5,,48.867744000000002,-123.340186000000003,,NA,NA,"12259202",obs_native,file:///D:/Simon/Sync/Root/GIS/Biodiversity%20Data/obs_native.csv?type=csv&maxFields=10000&detectTypes=yes&xField=longitude&yField=latitude&crs=EPSG:4326&spatialIndex=no&subsetIndex=no&watchFile=no
"9015",Trifolium variegatum,Trifolium,variegatum,,,,native,S5,,48.958745000000000,-123.533368999999993,,NA,NA,"12373801",obs_native,file:///D:/Simon/Sync/Root/GIS/Biodiversity%20Data/obs_native.csv?type=csv&maxFields=10000&detectTypes=yes&xField=longitude&yField=latitude&crs=EPSG:4326&spatialIndex=no&subsetIndex=no&watchFile=no
"9016",Trifolium variegatum,Trifolium,variegatum,,,,native,S5,,48.958745000000000,-123.533368999999993,,NA,NA,"12373878",obs_native,file:///D:/Simon/Sync/Root/GIS/Biodiversity%20Data/obs_native.csv?type=csv&maxFields=10000&detectTypes=yes&xField=longitude&yField=latitude&crs=EPSG:4326&spatialIndex=no&subsetIndex=no&watchFile=no
"9017",Trifolium variegatum,Trifolium,variegatum,,,,native,S5,,48.867407739999997,-123.338571299999998,,NA,NA,"16307969",obs_native,file:///D:/Simon/Sync/Root/GIS/Biodiversity%20Data/obs_native.csv?type=csv&maxFields=10000&detectTypes=yes&xField=longitude&yField=latitude&crs=EPSG:4326&spatialIndex=no&subsetIndex=no&watchFile=no
"9018",Trifolium variegatum,Trifolium,variegatum,,,,native,S5,,48.866956060000000,-123.341274999999996,,NA,NA,"16310382",obs_native,file:///D:/Simon/Sync/Root/GIS/Biodiversity%20Data/obs_native.csv?type=csv&maxFields=10000&detectTypes=yes&xField=longitude&yField=latitude&crs=EPSG:4326&spatialIndex=no&subsetIndex=no&watchFile=no
"9019",Trifolium variegatum,Trifolium,variegatum,,,,native,S5,,48.866956060000000,-123.341274999999996,,NA,NA,"16310383",obs_native,file:///D:/Simon/Sync/Root/GIS/Biodiversity%20Data/obs_native.csv?type=csv&maxFields=10000&detectTypes=yes&xField=longitude&yField=latitude&crs=EPSG:4326&spatialIndex=no&subsetIndex=no&watchFile=no
"9020",Trifolium variegatum,Trifolium,variegatum,,,,native,S5,,48.872538329999998,-123.311448299999995,,NA,NA,"24708739",obs_native,file:///D:/Simon/Sync/Root/GIS/Biodiversity%20Data/obs_native.csv?type=csv&maxFields=10000&detectTypes=yes&xField=longitude&yField=latitude&crs=EPSG:4326&spatialIndex=no&subsetIndex=no&watchFile=no
"9021",Trifolium variegatum,Trifolium,variegatum,,,,native,S5,,48.871692950000003,-123.310613099999998,,NA,NA,"24714388",obs_native,file:///D:/Simon/Sync/Root/GIS/Biodiversity%20Data/obs_native.csv?type=csv&maxFields=10000&detectTypes=yes&xField=longitude&yField=latitude&crs=EPSG:4326&spatialIndex=no&subsetIndex=no&watchFile=no
"9022",Trifolium variegatum,Trifolium,variegatum,,,,native,S5,,48.872519439999998,-123.311211099999994,,NA,NA,"24806539",obs_native,file:///D:/Simon/Sync/Root/GIS/Biodiversity%20Data/obs_native.csv?type=csv&maxFields=10000&detectTypes=yes&xField=longitude&yField=latitude&crs=EPSG:4326&spatialIndex=no&subsetIndex=no&watchFile=no
"9023",Trifolium variegatum,Trifolium,variegatum,,,,native,S5,,48.872514580000001,-123.311954900000003,,NA,NA,"25148331",obs_native,file:///D:/Simon/Sync/Root/GIS/Biodiversity%20Data/obs_native.csv?type=csv&maxFields=10000&detectTypes=yes&xField=longitude&yField=latitude&crs=EPSG:4326&spatialIndex=no&subsetIndex=no&watchFile=no
"9024",Trifolium variegatum,Trifolium,variegatum,,,,native,S5,,48.866480559999999,-123.368716699999993,,NA,NA,"41788596",obs_native,file:///D:/Simon/Sync/Root/GIS/Biodiversity%20Data/obs_native.csv?type=csv&maxFields=10000&detectTypes=yes&xField=longitude&yField=latitude&crs=EPSG:4326&spatialIndex=no&subsetIndex=no&watchFile=no
"9025",Trifolium variegatum,Trifolium,variegatum,,,,native,S5,,48.865953740000002,-123.350378000000006,,NA,NA,"43555572",obs_native,file:///D:/Simon/Sync/Root/GIS/Biodiversity%20Data/obs_native.csv?type=csv&maxFields=10000&detectTypes=yes&xField=longitude&yField=latitude&crs=EPSG:4326&spatialIndex=no&subsetIndex=no&watchFile=no
"9026",Trifolium variegatum,Trifolium,variegatum,,,,native,S5,,48.872459540000001,-123.311790500000001,,NA,NA,"46563590",obs_native,file:///D:/Simon/Sync/Root/GIS/Biodiversity%20Data/obs_native.csv?type=csv&maxFields=10000&detectTypes=yes&xField=longitude&yField=latitude&crs=EPSG:4326&spatialIndex=no&subsetIndex=no&watchFile=no
"9027",Trifolium variegatum,Trifolium,variegatum,,,,native,S5,,48.872459540000001,-123.311790500000001,,NA,NA,"46563595",obs_native,file:///D:/Simon/Sync/Root/GIS/Biodiversity%20Data/obs_native.csv?type=csv&maxFields=10000&detectTypes=yes&xField=longitude&yField=latitude&crs=EPSG:4326&spatialIndex=no&subsetIndex=no&watchFile=no
"9028",Trifolium variegatum,Trifolium,variegatum,,,,native,S5,,48.869428329999998,-123.378654999999995,,NA,NA,"46839025",obs_native,file:///D:/Simon/Sync/Root/GIS/Biodiversity%20Data/obs_native.csv?type=csv&maxFields=10000&detectTypes=yes&xField=longitude&yField=latitude&crs=EPSG:4326&spatialIndex=no&subsetIndex=no&watchFile=no
"9029",Trifolium variegatum,Trifolium,variegatum,,,,native,S5,,48.866086670000001,-123.368916700000000,,NA,NA,"111609865",obs_native,file:///D:/Simon/Sync/Root/GIS/Biodiversity%20Data/obs_native.csv?type=csv&maxFields=10000&detectTypes=yes&xField=longitude&yField=latitude&crs=EPSG:4326&spatialIndex=no&subsetIndex=no&watchFile=no
"9030",Trifolium variegatum,Trifolium,variegatum,,,,native,S5,,48.868511110000000,-123.377772199999995,,NA,NA,"114122161",obs_native,file:///D:/Simon/Sync/Root/GIS/Biodiversity%20Data/obs_native.csv?type=csv&maxFields=10000&detectTypes=yes&xField=longitude&yField=latitude&crs=EPSG:4326&spatialIndex=no&subsetIndex=no&watchFile=no
"9031",Trifolium variegatum,Trifolium,variegatum,,,,native,S5,,48.866151670000001,-123.368701700000003,,NA,NA,"120470354",obs_native,file:///D:/Simon/Sync/Root/GIS/Biodiversity%20Data/obs_native.csv?type=csv&maxFields=10000&detectTypes=yes&xField=longitude&yField=latitude&crs=EPSG:4326&spatialIndex=no&subsetIndex=no&watchFile=no
"9032",Trifolium variegatum,Trifolium,variegatum,,,,native,S5,,48.865461670000002,-123.367819999999995,,NA,NA,"120470362",obs_native,file:///D:/Simon/Sync/Root/GIS/Biodiversity%20Data/obs_native.csv?type=csv&maxFields=10000&detectTypes=yes&xField=longitude&yField=latitude&crs=EPSG:4326&spatialIndex=no&subsetIndex=no&watchFile=no
"9033",Trifolium variegatum,Trifolium,variegatum,,,,native,S5,,48.864497219999997,-123.366505599999996,,NA,NA,"120470369",obs_native,file:///D:/Simon/Sync/Root/GIS/Biodiversity%20Data/obs_native.csv?type=csv&maxFields=10000&detectTypes=yes&xField=longitude&yField=latitude&crs=EPSG:4326&spatialIndex=no&subsetIndex=no&watchFile=no
"9034",Trifolium variegatum,Trifolium,variegatum,,,,native,S5,,48.872450000000001,-123.311965000000001,,NA,NA,"120889608",obs_native,file:///D:/Simon/Sync/Root/GIS/Biodiversity%20Data/obs_native.csv?type=csv&maxFields=10000&detectTypes=yes&xField=longitude&yField=latitude&crs=EPSG:4326&spatialIndex=no&subsetIndex=no&watchFile=no
"9035",Trifolium variegatum,Trifolium,variegatum,,,,native,S5,,49.012720000000002,-123.575675000000004,,NA,NA,"123934509",obs_native,file:///D:/Simon/Sync/Root/GIS/Biodiversity%20Data/obs_native.csv?type=csv&maxFields=10000&detectTypes=yes&xField=longitude&yField=latitude&crs=EPSG:4326&spatialIndex=no&subsetIndex=no&watchFile=no
"9036",Trifolium variegatum,Trifolium,variegatum,,,,native,S5,,49.014125000000000,-123.573840000000004,,NA,NA,"123934609",obs_native,file:///D:/Simon/Sync/Root/GIS/Biodiversity%20Data/obs_native.csv?type=csv&maxFields=10000&detectTypes=yes&xField=longitude&yField=latitude&crs=EPSG:4326&spatialIndex=no&subsetIndex=no&watchFile=no
"9037",Trifolium willdenovii,Trifolium,willdenovii,,,,native,S5,,48.933236000000001,-123.486500000000007,,NA,NA,"2567535",obs_native,file:///D:/Simon/Sync/Root/GIS/Biodiversity%20Data/obs_native.csv?type=csv&maxFields=10000&detectTypes=yes&xField=longitude&yField=latitude&crs=EPSG:4326&spatialIndex=no&subsetIndex=no&watchFile=no
"9038",Trifolium willdenovii,Trifolium,willdenovii,,,,native,S5,,48.932716999999997,-123.485212000000004,,NA,NA,"2567543",obs_native,file:///D:/Simon/Sync/Root/GIS/Biodiversity%20Data/obs_native.csv?type=csv&maxFields=10000&detectTypes=yes&xField=longitude&yField=latitude&crs=EPSG:4326&spatialIndex=no&subsetIndex=no&watchFile=no
"9039",Trifolium willdenovii,Trifolium,willdenovii,,,,native,S5,,48.861369000000003,-123.365369000000001,,NA,NA,"2628151",obs_native,file:///D:/Simon/Sync/Root/GIS/Biodiversity%20Data/obs_native.csv?type=csv&maxFields=10000&detectTypes=yes&xField=longitude&yField=latitude&crs=EPSG:4326&spatialIndex=no&subsetIndex=no&watchFile=no
"9040",Trifolium willdenovii,Trifolium,willdenovii,,,,native,S5,,48.867718000000004,-123.340086999999997,,NA,NA,"3041556",obs_native,file:///D:/Simon/Sync/Root/GIS/Biodiversity%20Data/obs_native.csv?type=csv&maxFields=10000&detectTypes=yes&xField=longitude&yField=latitude&crs=EPSG:4326&spatialIndex=no&subsetIndex=no&watchFile=no
"9041",Trifolium willdenovii,Trifolium,willdenovii,,,,native,S5,,48.916249999999998,-123.424959000000001,,NA,NA,"3094695",obs_native,file:///D:/Simon/Sync/Root/GIS/Biodiversity%20Data/obs_native.csv?type=csv&maxFields=10000&detectTypes=yes&xField=longitude&yField=latitude&crs=EPSG:4326&spatialIndex=no&subsetIndex=no&watchFile=no
"9042",Trifolium willdenovii,Trifolium,willdenovii,,,,native,S5,,48.896949999999997,-123.406677000000002,,NA,NA,"3311033",obs_native,file:///D:/Simon/Sync/Root/GIS/Biodiversity%20Data/obs_native.csv?type=csv&maxFields=10000&detectTypes=yes&xField=longitude&yField=latitude&crs=EPSG:4326&spatialIndex=no&subsetIndex=no&watchFile=no
"9043",Trifolium willdenovii,Trifolium,willdenovii,,,,native,S5,,48.932774000000002,-123.485298000000000,,NA,NA,"3317200",obs_native,file:///D:/Simon/Sync/Root/GIS/Biodiversity%20Data/obs_native.csv?type=csv&maxFields=10000&detectTypes=yes&xField=longitude&yField=latitude&crs=EPSG:4326&spatialIndex=no&subsetIndex=no&watchFile=no
"9044",Trifolium willdenovii,Trifolium,willdenovii,,,,native,S5,,48.867127779999997,-123.336966700000005,,NA,NA,"6160952",obs_native,file:///D:/Simon/Sync/Root/GIS/Biodiversity%20Data/obs_native.csv?type=csv&maxFields=10000&detectTypes=yes&xField=longitude&yField=latitude&crs=EPSG:4326&spatialIndex=no&subsetIndex=no&watchFile=no
"9045",Trifolium willdenovii,Trifolium,willdenovii,,,,native,S5,,48.868441169999997,-123.378095599999995,,NA,NA,"6217022",obs_native,file:///D:/Simon/Sync/Root/GIS/Biodiversity%20Data/obs_native.csv?type=csv&maxFields=10000&detectTypes=yes&xField=longitude&yField=latitude&crs=EPSG:4326&spatialIndex=no&subsetIndex=no&watchFile=no
"9046",Trifolium willdenovii,Trifolium,willdenovii,,,,native,S5,,48.867255520000001,-123.338141399999998,,NA,NA,"6217217",obs_native,file:///D:/Simon/Sync/Root/GIS/Biodiversity%20Data/obs_native.csv?type=csv&maxFields=10000&detectTypes=yes&xField=longitude&yField=latitude&crs=EPSG:4326&spatialIndex=no&subsetIndex=no&watchFile=no
"9047",Trifolium willdenovii,Trifolium,willdenovii,,,,native,S5,,48.867255520000001,-123.338356000000005,,NA,NA,"6217516",obs_native,file:///D:/Simon/Sync/Root/GIS/Biodiversity%20Data/obs_native.csv?type=csv&maxFields=10000&detectTypes=yes&xField=longitude&yField=latitude&crs=EPSG:4326&spatialIndex=no&subsetIndex=no&watchFile=no
"9048",Trifolium willdenovii,Trifolium,willdenovii,,,,native,S5,,48.932381960000001,-123.484568600000003,,NA,NA,"6218091",obs_native,file:///D:/Simon/Sync/Root/GIS/Biodiversity%20Data/obs_native.csv?type=csv&maxFields=10000&detectTypes=yes&xField=longitude&yField=latitude&crs=EPSG:4326&spatialIndex=no&subsetIndex=no&watchFile=no
"9049",Trifolium willdenovii,Trifolium,willdenovii,,,,native,S5,,49.012850899999997,-123.573103000000003,,NA,NA,"6309370",obs_native,file:///D:/Simon/Sync/Root/GIS/Biodiversity%20Data/obs_native.csv?type=csv&maxFields=10000&detectTypes=yes&xField=longitude&yField=latitude&crs=EPSG:4326&spatialIndex=no&subsetIndex=no&watchFile=no
"9050",Trifolium willdenovii,Trifolium,willdenovii,,,,native,S5,,48.872520129999998,-123.311426600000004,,NA,NA,"6434834",obs_native,file:///D:/Simon/Sync/Root/GIS/Biodiversity%20Data/obs_native.csv?type=csv&maxFields=10000&detectTypes=yes&xField=longitude&yField=latitude&crs=EPSG:4326&spatialIndex=no&subsetIndex=no&watchFile=no
"9051",Trifolium willdenovii,Trifolium,willdenovii,,,,native,S5,,48.939222749999999,-123.501043100000004,,NA,NA,"6571023",obs_native,file:///D:/Simon/Sync/Root/GIS/Biodiversity%20Data/obs_native.csv?type=csv&maxFields=10000&detectTypes=yes&xField=longitude&yField=latitude&crs=EPSG:4326&spatialIndex=no&subsetIndex=no&watchFile=no
"9052",Trifolium willdenovii,Trifolium,willdenovii,,,,native,S5,,48.867840350000002,-123.377859599999994,,NA,NA,"11581093",obs_native,file:///D:/Simon/Sync/Root/GIS/Biodiversity%20Data/obs_native.csv?type=csv&maxFields=10000&detectTypes=yes&xField=longitude&yField=latitude&crs=EPSG:4326&spatialIndex=no&subsetIndex=no&watchFile=no
"9053",Trifolium willdenovii,Trifolium,willdenovii,,,,native,S5,,48.867189000000003,-123.337939000000006,,NA,NA,"12152306",obs_native,file:///D:/Simon/Sync/Root/GIS/Biodiversity%20Data/obs_native.csv?type=csv&maxFields=10000&detectTypes=yes&xField=longitude&yField=latitude&crs=EPSG:4326&spatialIndex=no&subsetIndex=no&watchFile=no
"9054",Trifolium willdenovii,Trifolium,willdenovii,,,,native,S5,,48.869269000000003,-123.378422999999998,,NA,NA,"12287409",obs_native,file:///D:/Simon/Sync/Root/GIS/Biodiversity%20Data/obs_native.csv?type=csv&maxFields=10000&detectTypes=yes&xField=longitude&yField=latitude&crs=EPSG:4326&spatialIndex=no&subsetIndex=no&watchFile=no
"9055",Trifolium willdenovii,Trifolium,willdenovii,,,,native,S5,,48.899563000000001,-123.407735000000002,,NA,NA,"12345325",obs_native,file:///D:/Simon/Sync/Root/GIS/Biodiversity%20Data/obs_native.csv?type=csv&maxFields=10000&detectTypes=yes&xField=longitude&yField=latitude&crs=EPSG:4326&spatialIndex=no&subsetIndex=no&watchFile=no
"9056",Trifolium willdenovii,Trifolium,willdenovii,,,,native,S5,,48.958745000000000,-123.533368999999993,,NA,NA,"12373713",obs_native,file:///D:/Simon/Sync/Root/GIS/Biodiversity%20Data/obs_native.csv?type=csv&maxFields=10000&detectTypes=yes&xField=longitude&yField=latitude&crs=EPSG:4326&spatialIndex=no&subsetIndex=no&watchFile=no
"9057",Trifolium willdenovii,Trifolium,willdenovii,,,,native,S5,,48.903990000000000,-123.344314999999995,,NA,NA,"13971904",obs_native,file:///D:/Simon/Sync/Root/GIS/Biodiversity%20Data/obs_native.csv?type=csv&maxFields=10000&detectTypes=yes&xField=longitude&yField=latitude&crs=EPSG:4326&spatialIndex=no&subsetIndex=no&watchFile=no
"9058",Trifolium willdenovii,Trifolium,willdenovii,,,,native,S5,,48.867407739999997,-123.338571299999998,,NA,NA,"16307970",obs_native,file:///D:/Simon/Sync/Root/GIS/Biodiversity%20Data/obs_native.csv?type=csv&maxFields=10000&detectTypes=yes&xField=longitude&yField=latitude&crs=EPSG:4326&spatialIndex=no&subsetIndex=no&watchFile=no
"9059",Trifolium willdenovii,Trifolium,willdenovii,,,,native,S5,,48.867624999999997,-123.339286700000002,,NA,NA,"22384438",obs_native,file:///D:/Simon/Sync/Root/GIS/Biodiversity%20Data/obs_native.csv?type=csv&maxFields=10000&detectTypes=yes&xField=longitude&yField=latitude&crs=EPSG:4326&spatialIndex=no&subsetIndex=no&watchFile=no
"9060",Trifolium willdenovii,Trifolium,willdenovii,,,,native,S5,,48.859414999999998,-123.353729999999999,,NA,NA,"24084979",obs_native,file:///D:/Simon/Sync/Root/GIS/Biodiversity%20Data/obs_native.csv?type=csv&maxFields=10000&detectTypes=yes&xField=longitude&yField=latitude&crs=EPSG:4326&spatialIndex=no&subsetIndex=no&watchFile=no
"9061",Trifolium willdenovii,Trifolium,willdenovii,,,,native,S5,,48.900772220000000,-123.404502800000003,,NA,NA,"24683949",obs_native,file:///D:/Simon/Sync/Root/GIS/Biodiversity%20Data/obs_native.csv?type=csv&maxFields=10000&detectTypes=yes&xField=longitude&yField=latitude&crs=EPSG:4326&spatialIndex=no&subsetIndex=no&watchFile=no
"9062",Trifolium willdenovii,Trifolium,willdenovii,,,,native,S5,,48.901543550000000,-123.404503199999994,,NA,NA,"24714408",obs_native,file:///D:/Simon/Sync/Root/GIS/Biodiversity%20Data/obs_native.csv?type=csv&maxFields=10000&detectTypes=yes&xField=longitude&yField=latitude&crs=EPSG:4326&spatialIndex=no&subsetIndex=no&watchFile=no
"9063",Trifolium willdenovii,Trifolium,willdenovii,,,,native,S5,,48.901543550000000,-123.404503199999994,,NA,NA,"24714414",obs_native,file:///D:/Simon/Sync/Root/GIS/Biodiversity%20Data/obs_native.csv?type=csv&maxFields=10000&detectTypes=yes&xField=longitude&yField=latitude&crs=EPSG:4326&spatialIndex=no&subsetIndex=no&watchFile=no
"9064",Trifolium willdenovii,Trifolium,willdenovii,,,,native,S5,,48.901543550000000,-123.404503199999994,,NA,NA,"24714424",obs_native,file:///D:/Simon/Sync/Root/GIS/Biodiversity%20Data/obs_native.csv?type=csv&maxFields=10000&detectTypes=yes&xField=longitude&yField=latitude&crs=EPSG:4326&spatialIndex=no&subsetIndex=no&watchFile=no
"9065",Trifolium willdenovii,Trifolium,willdenovii,,,,native,S5,,48.872405559999997,-123.312186100000005,,NA,NA,"24824127",obs_native,file:///D:/Simon/Sync/Root/GIS/Biodiversity%20Data/obs_native.csv?type=csv&maxFields=10000&detectTypes=yes&xField=longitude&yField=latitude&crs=EPSG:4326&spatialIndex=no&subsetIndex=no&watchFile=no
"9066",Trifolium willdenovii,Trifolium,willdenovii,,,,native,S5,,48.893598330000003,-123.403708300000005,,NA,NA,"24873241",obs_native,file:///D:/Simon/Sync/Root/GIS/Biodiversity%20Data/obs_native.csv?type=csv&maxFields=10000&detectTypes=yes&xField=longitude&yField=latitude&crs=EPSG:4326&spatialIndex=no&subsetIndex=no&watchFile=no
"9067",Trifolium willdenovii,Trifolium,willdenovii,,,,native,S5,,48.900930899999999,-123.404443700000002,,NA,NA,"24919312",obs_native,file:///D:/Simon/Sync/Root/GIS/Biodiversity%20Data/obs_native.csv?type=csv&maxFields=10000&detectTypes=yes&xField=longitude&yField=latitude&crs=EPSG:4326&spatialIndex=no&subsetIndex=no&watchFile=no
"9068",Trifolium willdenovii,Trifolium,willdenovii,,,,native,S5,,48.927905000000003,-123.467246700000004,,NA,NA,"25147093",obs_native,file:///D:/Simon/Sync/Root/GIS/Biodiversity%20Data/obs_native.csv?type=csv&maxFields=10000&detectTypes=yes&xField=longitude&yField=latitude&crs=EPSG:4326&spatialIndex=no&subsetIndex=no&watchFile=no
"9069",Trifolium willdenovii,Trifolium,willdenovii,,,,native,S5,,48.900813890000002,-123.404525000000007,,NA,NA,"25559599",obs_native,file:///D:/Simon/Sync/Root/GIS/Biodiversity%20Data/obs_native.csv?type=csv&maxFields=10000&detectTypes=yes&xField=longitude&yField=latitude&crs=EPSG:4326&spatialIndex=no&subsetIndex=no&watchFile=no
"9070",Trifolium willdenovii,Trifolium,willdenovii,,,,native,S5,,48.893741669999997,-123.403678299999996,,NA,NA,"32120939",obs_native,file:///D:/Simon/Sync/Root/GIS/Biodiversity%20Data/obs_native.csv?type=csv&maxFields=10000&detectTypes=yes&xField=longitude&yField=latitude&crs=EPSG:4326&spatialIndex=no&subsetIndex=no&watchFile=no
"9071",Trifolium willdenovii,Trifolium,willdenovii,,,,native,S5,,48.863721669999997,-123.363206700000006,,NA,NA,"42637664",obs_native,file:///D:/Simon/Sync/Root/GIS/Biodiversity%20Data/obs_native.csv?type=csv&maxFields=10000&detectTypes=yes&xField=longitude&yField=latitude&crs=EPSG:4326&spatialIndex=no&subsetIndex=no&watchFile=no
"9072",Trifolium willdenovii,Trifolium,willdenovii,,,,native,S5,,48.926716659999997,-123.467764599999995,,NA,NA,"45037203",obs_native,file:///D:/Simon/Sync/Root/GIS/Biodiversity%20Data/obs_native.csv?type=csv&maxFields=10000&detectTypes=yes&xField=longitude&yField=latitude&crs=EPSG:4326&spatialIndex=no&subsetIndex=no&watchFile=no
"9073",Trifolium willdenovii,Trifolium,willdenovii,,,,native,S5,,48.869357049999998,-123.378712399999998,,NA,NA,"46839136",obs_native,file:///D:/Simon/Sync/Root/GIS/Biodiversity%20Data/obs_native.csv?type=csv&maxFields=10000&detectTypes=yes&xField=longitude&yField=latitude&crs=EPSG:4326&spatialIndex=no&subsetIndex=no&watchFile=no
"9074",Trifolium willdenovii,Trifolium,willdenovii,,,,native,S5,,48.914191670000001,-123.388163899999995,,NA,NA,"52033125",obs_native,file:///D:/Simon/Sync/Root/GIS/Biodiversity%20Data/obs_native.csv?type=csv&maxFields=10000&detectTypes=yes&xField=longitude&yField=latitude&crs=EPSG:4326&spatialIndex=no&subsetIndex=no&watchFile=no
"9075",Trifolium willdenovii,Trifolium,willdenovii,,,,native,S5,,48.862375000000000,-123.368530000000007,,NA,NA,"110932097",obs_native,file:///D:/Simon/Sync/Root/GIS/Biodiversity%20Data/obs_native.csv?type=csv&maxFields=10000&detectTypes=yes&xField=longitude&yField=latitude&crs=EPSG:4326&spatialIndex=no&subsetIndex=no&watchFile=no
"9076",Trifolium willdenovii,Trifolium,willdenovii,,,,native,S5,,48.861293330000002,-123.363446699999997,,NA,NA,"111867180",obs_native,file:///D:/Simon/Sync/Root/GIS/Biodiversity%20Data/obs_native.csv?type=csv&maxFields=10000&detectTypes=yes&xField=longitude&yField=latitude&crs=EPSG:4326&spatialIndex=no&subsetIndex=no&watchFile=no
"9077",Trifolium willdenovii,Trifolium,willdenovii,,,,native,S5,,48.861251670000001,-123.363455000000002,,NA,NA,"111867188",obs_native,file:///D:/Simon/Sync/Root/GIS/Biodiversity%20Data/obs_native.csv?type=csv&maxFields=10000&detectTypes=yes&xField=longitude&yField=latitude&crs=EPSG:4326&spatialIndex=no&subsetIndex=no&watchFile=no
"9078",Trifolium willdenovii,Trifolium,willdenovii,,,,native,S5,,48.866129999999998,-123.374528299999994,,NA,NA,"114122138",obs_native,file:///D:/Simon/Sync/Root/GIS/Biodiversity%20Data/obs_native.csv?type=csv&maxFields=10000&detectTypes=yes&xField=longitude&yField=latitude&crs=EPSG:4326&spatialIndex=no&subsetIndex=no&watchFile=no
"9079",Trifolium willdenovii,Trifolium,willdenovii,,,,native,S5,,48.871876669999999,-123.382113899999993,,NA,NA,"114122200",obs_native,file:///D:/Simon/Sync/Root/GIS/Biodiversity%20Data/obs_native.csv?type=csv&maxFields=10000&detectTypes=yes&xField=longitude&yField=latitude&crs=EPSG:4326&spatialIndex=no&subsetIndex=no&watchFile=no
"9080",Trifolium willdenovii,Trifolium,willdenovii,,,,native,S5,,48.867096670000002,-123.337263300000004,,NA,NA,"114123539",obs_native,file:///D:/Simon/Sync/Root/GIS/Biodiversity%20Data/obs_native.csv?type=csv&maxFields=10000&detectTypes=yes&xField=longitude&yField=latitude&crs=EPSG:4326&spatialIndex=no&subsetIndex=no&watchFile=no
"9081",Trifolium willdenovii,Trifolium,willdenovii,,,,native,S5,,48.867563890000000,-123.339180600000006,,NA,NA,"114557917",obs_native,file:///D:/Simon/Sync/Root/GIS/Biodiversity%20Data/obs_native.csv?type=csv&maxFields=10000&detectTypes=yes&xField=longitude&yField=latitude&crs=EPSG:4326&spatialIndex=no&subsetIndex=no&watchFile=no
"9082",Trifolium willdenovii,Trifolium,willdenovii,,,,native,S5,,48.957901669999998,-123.532200000000003,,NA,NA,"116029552",obs_native,file:///D:/Simon/Sync/Root/GIS/Biodiversity%20Data/obs_native.csv?type=csv&maxFields=10000&detectTypes=yes&xField=longitude&yField=latitude&crs=EPSG:4326&spatialIndex=no&subsetIndex=no&watchFile=no
"9083",Trifolium willdenovii,Trifolium,willdenovii,,,,native,S5,,48.958731669999999,-123.532915000000003,,NA,NA,"116029578",obs_native,file:///D:/Simon/Sync/Root/GIS/Biodiversity%20Data/obs_native.csv?type=csv&maxFields=10000&detectTypes=yes&xField=longitude&yField=latitude&crs=EPSG:4326&spatialIndex=no&subsetIndex=no&watchFile=no
"9084",Trifolium willdenovii,Trifolium,willdenovii,,,,native,S5,,48.952877780000001,-123.520744399999998,,NA,NA,"116033721",obs_native,file:///D:/Simon/Sync/Root/GIS/Biodiversity%20Data/obs_native.csv?type=csv&maxFields=10000&detectTypes=yes&xField=longitude&yField=latitude&crs=EPSG:4326&spatialIndex=no&subsetIndex=no&watchFile=no
"9085",Trifolium willdenovii,Trifolium,willdenovii,,,,native,S5,,48.957172219999997,-123.529799999999994,,NA,NA,"116033732",obs_native,file:///D:/Simon/Sync/Root/GIS/Biodiversity%20Data/obs_native.csv?type=csv&maxFields=10000&detectTypes=yes&xField=longitude&yField=latitude&crs=EPSG:4326&spatialIndex=no&subsetIndex=no&watchFile=no
"9086",Trifolium willdenovii,Trifolium,willdenovii,,,,native,S5,,48.861958330000000,-123.366919999999993,,NA,NA,"116636293",obs_native,file:///D:/Simon/Sync/Root/GIS/Biodiversity%20Data/obs_native.csv?type=csv&maxFields=10000&detectTypes=yes&xField=longitude&yField=latitude&crs=EPSG:4326&spatialIndex=no&subsetIndex=no&watchFile=no
"9087",Trifolium willdenovii,Trifolium,willdenovii,,,,native,S5,,48.926986110000001,-123.466683300000000,,NA,NA,"116952351",obs_native,file:///D:/Simon/Sync/Root/GIS/Biodiversity%20Data/obs_native.csv?type=csv&maxFields=10000&detectTypes=yes&xField=longitude&yField=latitude&crs=EPSG:4326&spatialIndex=no&subsetIndex=no&watchFile=no
"9088",Trifolium willdenovii,Trifolium,willdenovii,,,,native,S5,,48.871648329999999,-123.310800000000000,,NA,NA,"119369412",obs_native,file:///D:/Simon/Sync/Root/GIS/Biodiversity%20Data/obs_native.csv?type=csv&maxFields=10000&detectTypes=yes&xField=longitude&yField=latitude&crs=EPSG:4326&spatialIndex=no&subsetIndex=no&watchFile=no
"9089",Trifolium willdenovii,Trifolium,willdenovii,,,,native,S5,,48.965286669999998,-123.553078299999996,,NA,NA,"119792852",obs_native,file:///D:/Simon/Sync/Root/GIS/Biodiversity%20Data/obs_native.csv?type=csv&maxFields=10000&detectTypes=yes&xField=longitude&yField=latitude&crs=EPSG:4326&spatialIndex=no&subsetIndex=no&watchFile=no
"9090",Trifolium willdenovii,Trifolium,willdenovii,,,,native,S5,,48.865953330000004,-123.368279999999999,,NA,NA,"120470356",obs_native,file:///D:/Simon/Sync/Root/GIS/Biodiversity%20Data/obs_native.csv?type=csv&maxFields=10000&detectTypes=yes&xField=longitude&yField=latitude&crs=EPSG:4326&spatialIndex=no&subsetIndex=no&watchFile=no
"9091",Trifolium willdenovii,Trifolium,willdenovii,,,,native,S5,,48.939003329999998,-123.502471700000001,,NA,NA,"120922297",obs_native,file:///D:/Simon/Sync/Root/GIS/Biodiversity%20Data/obs_native.csv?type=csv&maxFields=10000&detectTypes=yes&xField=longitude&yField=latitude&crs=EPSG:4326&spatialIndex=no&subsetIndex=no&watchFile=no
"9092",Trifolium willdenovii,Trifolium,willdenovii,,,,native,S5,,48.910110000000003,-123.374606700000001,,NA,NA,"121538503",obs_native,file:///D:/Simon/Sync/Root/GIS/Biodiversity%20Data/obs_native.csv?type=csv&maxFields=10000&detectTypes=yes&xField=longitude&yField=latitude&crs=EPSG:4326&spatialIndex=no&subsetIndex=no&watchFile=no
"9093",Trifolium willdenovii,Trifolium,willdenovii,,,,native,S5,,48.909928330000000,-123.373514999999998,,NA,NA,"121538527",obs_native,file:///D:/Simon/Sync/Root/GIS/Biodiversity%20Data/obs_native.csv?type=csv&maxFields=10000&detectTypes=yes&xField=longitude&yField=latitude&crs=EPSG:4326&spatialIndex=no&subsetIndex=no&watchFile=no
"9094",Trifolium willdenovii,Trifolium,willdenovii,,,,native,S5,,48.909868330000002,-123.373053299999995,,NA,NA,"121538535",obs_native,file:///D:/Simon/Sync/Root/GIS/Biodiversity%20Data/obs_native.csv?type=csv&maxFields=10000&detectTypes=yes&xField=longitude&yField=latitude&crs=EPSG:4326&spatialIndex=no&subsetIndex=no&watchFile=no
"9095",Trifolium willdenovii,Trifolium,willdenovii,,,,native,S5,,48.861395620000003,-123.364910100000003,,NA,NA,"121543236",obs_native,file:///D:/Simon/Sync/Root/GIS/Biodiversity%20Data/obs_native.csv?type=csv&maxFields=10000&detectTypes=yes&xField=longitude&yField=latitude&crs=EPSG:4326&spatialIndex=no&subsetIndex=no&watchFile=no
"9096",Trifolium willdenovii,Trifolium,willdenovii,,,,native,S5,,49.013705559999998,-123.573533299999994,,NA,NA,"122904468",obs_native,file:///D:/Simon/Sync/Root/GIS/Biodiversity%20Data/obs_native.csv?type=csv&maxFields=10000&detectTypes=yes&xField=longitude&yField=latitude&crs=EPSG:4326&spatialIndex=no&subsetIndex=no&watchFile=no
"9097",Trifolium willdenovii,Trifolium,willdenovii,,,,native,S5,,49.013691670000000,-123.573425000000000,,NA,NA,"122904472",obs_native,file:///D:/Simon/Sync/Root/GIS/Biodiversity%20Data/obs_native.csv?type=csv&maxFields=10000&detectTypes=yes&xField=longitude&yField=latitude&crs=EPSG:4326&spatialIndex=no&subsetIndex=no&watchFile=no
"9098",Trifolium willdenovii,Trifolium,willdenovii,,,,native,S5,,48.914151400000002,-123.387994300000003,,NA,NA,"123597319",obs_native,file:///D:/Simon/Sync/Root/GIS/Biodiversity%20Data/obs_native.csv?type=csv&maxFields=10000&detectTypes=yes&xField=longitude&yField=latitude&crs=EPSG:4326&spatialIndex=no&subsetIndex=no&watchFile=no
"9099",Trifolium willdenovii,Trifolium,willdenovii,,,,native,S5,,49.012706670000000,-123.572738299999997,,NA,NA,"123934581",obs_native,file:///D:/Simon/Sync/Root/GIS/Biodiversity%20Data/obs_native.csv?type=csv&maxFields=10000&detectTypes=yes&xField=longitude&yField=latitude&crs=EPSG:4326&spatialIndex=no&subsetIndex=no&watchFile=no
"9100",Trifolium willdenovii,Trifolium,willdenovii,,,,native,S5,,49.013221670000000,-123.573118300000004,,NA,NA,"123934584",obs_native,file:///D:/Simon/Sync/Root/GIS/Biodiversity%20Data/obs_native.csv?type=csv&maxFields=10000&detectTypes=yes&xField=longitude&yField=latitude&crs=EPSG:4326&spatialIndex=no&subsetIndex=no&watchFile=no
"9101",Triglochin maritima,Triglochin,maritima,,,,native,S5,,48.896949999999997,-123.406677000000002,,NA,NA,"3310652",obs_native,file:///D:/Simon/Sync/Root/GIS/Biodiversity%20Data/obs_native.csv?type=csv&maxFields=10000&detectTypes=yes&xField=longitude&yField=latitude&crs=EPSG:4326&spatialIndex=no&subsetIndex=no&watchFile=no
"9102",Triglochin maritima,Triglochin,maritima,,,,native,S5,,48.898254000000001,-123.407535999999993,,NA,NA,"3498126",obs_native,file:///D:/Simon/Sync/Root/GIS/Biodiversity%20Data/obs_native.csv?type=csv&maxFields=10000&detectTypes=yes&xField=longitude&yField=latitude&crs=EPSG:4326&spatialIndex=no&subsetIndex=no&watchFile=no
"9103",Triglochin maritima,Triglochin,maritima,,,,native,S5,,48.897898329999997,-123.407621700000007,,NA,NA,"8848681",obs_native,file:///D:/Simon/Sync/Root/GIS/Biodiversity%20Data/obs_native.csv?type=csv&maxFields=10000&detectTypes=yes&xField=longitude&yField=latitude&crs=EPSG:4326&spatialIndex=no&subsetIndex=no&watchFile=no
"9104",Triglochin maritima,Triglochin,maritima,,,,native,S5,,48.898771670000002,-123.406769999999995,,NA,NA,"12625906",obs_native,file:///D:/Simon/Sync/Root/GIS/Biodiversity%20Data/obs_native.csv?type=csv&maxFields=10000&detectTypes=yes&xField=longitude&yField=latitude&crs=EPSG:4326&spatialIndex=no&subsetIndex=no&watchFile=no
"9105",Triglochin maritima,Triglochin,maritima,,,,native,S5,,48.895553329999998,-123.410451699999996,,NA,NA,"13974245",obs_native,file:///D:/Simon/Sync/Root/GIS/Biodiversity%20Data/obs_native.csv?type=csv&maxFields=10000&detectTypes=yes&xField=longitude&yField=latitude&crs=EPSG:4326&spatialIndex=no&subsetIndex=no&watchFile=no
"9106",Triglochin maritima,Triglochin,maritima,,,,native,S5,,48.898530239999999,-123.407173599999993,,NA,NA,"25477704",obs_native,file:///D:/Simon/Sync/Root/GIS/Biodiversity%20Data/obs_native.csv?type=csv&maxFields=10000&detectTypes=yes&xField=longitude&yField=latitude&crs=EPSG:4326&spatialIndex=no&subsetIndex=no&watchFile=no
"9107",Triglochin maritima,Triglochin,maritima,,,,native,S5,,48.898290000000003,-123.407426700000002,,NA,NA,"127183239",obs_native,file:///D:/Simon/Sync/Root/GIS/Biodiversity%20Data/obs_native.csv?type=csv&maxFields=10000&detectTypes=yes&xField=longitude&yField=latitude&crs=EPSG:4326&spatialIndex=no&subsetIndex=no&watchFile=no
"9108",Triphysaria pusilla,Triphysaria,pusilla,,,,native,S5,,48.867735430000003,-123.339643499999994,,NA,NA,"5437942",obs_native,file:///D:/Simon/Sync/Root/GIS/Biodiversity%20Data/obs_native.csv?type=csv&maxFields=10000&detectTypes=yes&xField=longitude&yField=latitude&crs=EPSG:4326&spatialIndex=no&subsetIndex=no&watchFile=no
"9109",Triphysaria pusilla,Triphysaria,pusilla,,,,native,S5,,48.867255520000001,-123.338141399999998,,NA,NA,"6217219",obs_native,file:///D:/Simon/Sync/Root/GIS/Biodiversity%20Data/obs_native.csv?type=csv&maxFields=10000&detectTypes=yes&xField=longitude&yField=latitude&crs=EPSG:4326&spatialIndex=no&subsetIndex=no&watchFile=no
"9110",Triphysaria pusilla,Triphysaria,pusilla,,,,native,S5,,49.012850899999997,-123.573103000000003,,NA,NA,"6309381",obs_native,file:///D:/Simon/Sync/Root/GIS/Biodiversity%20Data/obs_native.csv?type=csv&maxFields=10000&detectTypes=yes&xField=longitude&yField=latitude&crs=EPSG:4326&spatialIndex=no&subsetIndex=no&watchFile=no
"9111",Triphysaria pusilla,Triphysaria,pusilla,,,,native,S5,,48.872026159999997,-123.311426600000004,,NA,NA,"6434841",obs_native,file:///D:/Simon/Sync/Root/GIS/Biodiversity%20Data/obs_native.csv?type=csv&maxFields=10000&detectTypes=yes&xField=longitude&yField=latitude&crs=EPSG:4326&spatialIndex=no&subsetIndex=no&watchFile=no
"9112",Triphysaria pusilla,Triphysaria,pusilla,,,,native,S5,,48.866511000000003,-123.334633999999994,,NA,NA,"12259004",obs_native,file:///D:/Simon/Sync/Root/GIS/Biodiversity%20Data/obs_native.csv?type=csv&maxFields=10000&detectTypes=yes&xField=longitude&yField=latitude&crs=EPSG:4326&spatialIndex=no&subsetIndex=no&watchFile=no
"9113",Triphysaria pusilla,Triphysaria,pusilla,,,,native,S5,,48.867407739999997,-123.338571299999998,,NA,NA,"16307959",obs_native,file:///D:/Simon/Sync/Root/GIS/Biodiversity%20Data/obs_native.csv?type=csv&maxFields=10000&detectTypes=yes&xField=longitude&yField=latitude&crs=EPSG:4326&spatialIndex=no&subsetIndex=no&watchFile=no
"9114",Triphysaria pusilla,Triphysaria,pusilla,,,,native,S5,,48.867324820000000,-123.338506499999994,,NA,NA,"22845175",obs_native,file:///D:/Simon/Sync/Root/GIS/Biodiversity%20Data/obs_native.csv?type=csv&maxFields=10000&detectTypes=yes&xField=longitude&yField=latitude&crs=EPSG:4326&spatialIndex=no&subsetIndex=no&watchFile=no
"9115",Triphysaria pusilla,Triphysaria,pusilla,,,,native,S5,,49.013186670000003,-123.573099999999997,,NA,NA,"24259241",obs_native,file:///D:/Simon/Sync/Root/GIS/Biodiversity%20Data/obs_native.csv?type=csv&maxFields=10000&detectTypes=yes&xField=longitude&yField=latitude&crs=EPSG:4326&spatialIndex=no&subsetIndex=no&watchFile=no
"9116",Triphysaria pusilla,Triphysaria,pusilla,,,,native,S5,,49.013044999999998,-123.573131700000005,,NA,NA,"24259253",obs_native,file:///D:/Simon/Sync/Root/GIS/Biodiversity%20Data/obs_native.csv?type=csv&maxFields=10000&detectTypes=yes&xField=longitude&yField=latitude&crs=EPSG:4326&spatialIndex=no&subsetIndex=no&watchFile=no
"9117",Triphysaria pusilla,Triphysaria,pusilla,,,,native,S5,,49.012166669999999,-123.573831700000000,,NA,NA,"24497734",obs_native,file:///D:/Simon/Sync/Root/GIS/Biodiversity%20Data/obs_native.csv?type=csv&maxFields=10000&detectTypes=yes&xField=longitude&yField=latitude&crs=EPSG:4326&spatialIndex=no&subsetIndex=no&watchFile=no
"9118",Triphysaria pusilla,Triphysaria,pusilla,,,,native,S5,,48.898394439999997,-123.407822199999998,,NA,NA,"24677346",obs_native,file:///D:/Simon/Sync/Root/GIS/Biodiversity%20Data/obs_native.csv?type=csv&maxFields=10000&detectTypes=yes&xField=longitude&yField=latitude&crs=EPSG:4326&spatialIndex=no&subsetIndex=no&watchFile=no
"9119",Triphysaria pusilla,Triphysaria,pusilla,,,,native,S5,,48.898291669999999,-123.407394400000001,,NA,NA,"24677541",obs_native,file:///D:/Simon/Sync/Root/GIS/Biodiversity%20Data/obs_native.csv?type=csv&maxFields=10000&detectTypes=yes&xField=longitude&yField=latitude&crs=EPSG:4326&spatialIndex=no&subsetIndex=no&watchFile=no
"9120",Triphysaria pusilla,Triphysaria,pusilla,,,,native,S5,,48.872471670000003,-123.310836699999996,,NA,NA,"24708532",obs_native,file:///D:/Simon/Sync/Root/GIS/Biodiversity%20Data/obs_native.csv?type=csv&maxFields=10000&detectTypes=yes&xField=longitude&yField=latitude&crs=EPSG:4326&spatialIndex=no&subsetIndex=no&watchFile=no
"9121",Triphysaria pusilla,Triphysaria,pusilla,,,,native,S5,,48.872404099999997,-123.310805299999998,,NA,NA,"24713779",obs_native,file:///D:/Simon/Sync/Root/GIS/Biodiversity%20Data/obs_native.csv?type=csv&maxFields=10000&detectTypes=yes&xField=longitude&yField=latitude&crs=EPSG:4326&spatialIndex=no&subsetIndex=no&watchFile=no
"9122",Triphysaria pusilla,Triphysaria,pusilla,,,,native,S5,,48.872466670000001,-123.311163899999997,,NA,NA,"24806554",obs_native,file:///D:/Simon/Sync/Root/GIS/Biodiversity%20Data/obs_native.csv?type=csv&maxFields=10000&detectTypes=yes&xField=longitude&yField=latitude&crs=EPSG:4326&spatialIndex=no&subsetIndex=no&watchFile=no
"9123",Triphysaria pusilla,Triphysaria,pusilla,,,,native,S5,,48.872536109999999,-123.311224999999993,,NA,NA,"24824104",obs_native,file:///D:/Simon/Sync/Root/GIS/Biodiversity%20Data/obs_native.csv?type=csv&maxFields=10000&detectTypes=yes&xField=longitude&yField=latitude&crs=EPSG:4326&spatialIndex=no&subsetIndex=no&watchFile=no
"9124",Triphysaria pusilla,Triphysaria,pusilla,,,,native,S5,,48.872475000000001,-123.311127799999994,,NA,NA,"24824109",obs_native,file:///D:/Simon/Sync/Root/GIS/Biodiversity%20Data/obs_native.csv?type=csv&maxFields=10000&detectTypes=yes&xField=longitude&yField=latitude&crs=EPSG:4326&spatialIndex=no&subsetIndex=no&watchFile=no
"9125",Triphysaria pusilla,Triphysaria,pusilla,,,,native,S5,,48.872525000000003,-123.311188900000005,,NA,NA,"24824177",obs_native,file:///D:/Simon/Sync/Root/GIS/Biodiversity%20Data/obs_native.csv?type=csv&maxFields=10000&detectTypes=yes&xField=longitude&yField=latitude&crs=EPSG:4326&spatialIndex=no&subsetIndex=no&watchFile=no
"9126",Triphysaria pusilla,Triphysaria,pusilla,,,,native,S5,,48.871783330000000,-123.310720000000003,,NA,NA,"24874155",obs_native,file:///D:/Simon/Sync/Root/GIS/Biodiversity%20Data/obs_native.csv?type=csv&maxFields=10000&detectTypes=yes&xField=longitude&yField=latitude&crs=EPSG:4326&spatialIndex=no&subsetIndex=no&watchFile=no
"9127",Triphysaria pusilla,Triphysaria,pusilla,,,,native,S5,,48.872555560000002,-123.311263900000000,,NA,NA,"25048284",obs_native,file:///D:/Simon/Sync/Root/GIS/Biodiversity%20Data/obs_native.csv?type=csv&maxFields=10000&detectTypes=yes&xField=longitude&yField=latitude&crs=EPSG:4326&spatialIndex=no&subsetIndex=no&watchFile=no
"9128",Triphysaria pusilla,Triphysaria,pusilla,,,,native,S5,,48.871513329999999,-123.311520000000002,,NA,NA,"40419896",obs_native,file:///D:/Simon/Sync/Root/GIS/Biodiversity%20Data/obs_native.csv?type=csv&maxFields=10000&detectTypes=yes&xField=longitude&yField=latitude&crs=EPSG:4326&spatialIndex=no&subsetIndex=no&watchFile=no
"9129",Triphysaria pusilla,Triphysaria,pusilla,,,,native,S5,,48.870450290000001,-123.318938299999999,,NA,NA,"45205074",obs_native,file:///D:/Simon/Sync/Root/GIS/Biodiversity%20Data/obs_native.csv?type=csv&maxFields=10000&detectTypes=yes&xField=longitude&yField=latitude&crs=EPSG:4326&spatialIndex=no&subsetIndex=no&watchFile=no
"9130",Triphysaria pusilla,Triphysaria,pusilla,,,,native,S5,,48.871789800000002,-123.310637200000002,,NA,NA,"74104799",obs_native,file:///D:/Simon/Sync/Root/GIS/Biodiversity%20Data/obs_native.csv?type=csv&maxFields=10000&detectTypes=yes&xField=longitude&yField=latitude&crs=EPSG:4326&spatialIndex=no&subsetIndex=no&watchFile=no
"9131",Triphysaria pusilla,Triphysaria,pusilla,,,,native,S5,,48.872619999999998,-123.311351700000003,,NA,NA,"109707322",obs_native,file:///D:/Simon/Sync/Root/GIS/Biodiversity%20Data/obs_native.csv?type=csv&maxFields=10000&detectTypes=yes&xField=longitude&yField=latitude&crs=EPSG:4326&spatialIndex=no&subsetIndex=no&watchFile=no
"9132",Triphysaria pusilla,Triphysaria,pusilla,,,,native,S5,,48.872327779999999,-123.310972199999995,,NA,NA,"109707325",obs_native,file:///D:/Simon/Sync/Root/GIS/Biodiversity%20Data/obs_native.csv?type=csv&maxFields=10000&detectTypes=yes&xField=longitude&yField=latitude&crs=EPSG:4326&spatialIndex=no&subsetIndex=no&watchFile=no
"9133",Triphysaria pusilla,Triphysaria,pusilla,,,,native,S5,,48.871710000000000,-123.310503299999993,,NA,NA,"110820835",obs_native,file:///D:/Simon/Sync/Root/GIS/Biodiversity%20Data/obs_native.csv?type=csv&maxFields=10000&detectTypes=yes&xField=longitude&yField=latitude&crs=EPSG:4326&spatialIndex=no&subsetIndex=no&watchFile=no
"9134",Triphysaria pusilla,Triphysaria,pusilla,,,,native,S5,,48.871650000000002,-123.311363299999996,,NA,NA,"111110366",obs_native,file:///D:/Simon/Sync/Root/GIS/Biodiversity%20Data/obs_native.csv?type=csv&maxFields=10000&detectTypes=yes&xField=longitude&yField=latitude&crs=EPSG:4326&spatialIndex=no&subsetIndex=no&watchFile=no
"9135",Triphysaria pusilla,Triphysaria,pusilla,,,,native,S5,,48.861241669999998,-123.363425000000007,,NA,NA,"111867190",obs_native,file:///D:/Simon/Sync/Root/GIS/Biodiversity%20Data/obs_native.csv?type=csv&maxFields=10000&detectTypes=yes&xField=longitude&yField=latitude&crs=EPSG:4326&spatialIndex=no&subsetIndex=no&watchFile=no
"9136",Triphysaria pusilla,Triphysaria,pusilla,,,,native,S5,,48.871040000000001,-123.320087999999998,,NA,NA,"112193938",obs_native,file:///D:/Simon/Sync/Root/GIS/Biodiversity%20Data/obs_native.csv?type=csv&maxFields=10000&detectTypes=yes&xField=longitude&yField=latitude&crs=EPSG:4326&spatialIndex=no&subsetIndex=no&watchFile=no
"9137",Triphysaria pusilla,Triphysaria,pusilla,,,,native,S5,,48.867587999999998,-123.340202000000005,,NA,NA,"112693628",obs_native,file:///D:/Simon/Sync/Root/GIS/Biodiversity%20Data/obs_native.csv?type=csv&maxFields=10000&detectTypes=yes&xField=longitude&yField=latitude&crs=EPSG:4326&spatialIndex=no&subsetIndex=no&watchFile=no
"9138",Triphysaria pusilla,Triphysaria,pusilla,,,,native,S5,,48.866351649999999,-123.334248400000007,,NA,NA,"114482504",obs_native,file:///D:/Simon/Sync/Root/GIS/Biodiversity%20Data/obs_native.csv?type=csv&maxFields=10000&detectTypes=yes&xField=longitude&yField=latitude&crs=EPSG:4326&spatialIndex=no&subsetIndex=no&watchFile=no
"9139",Triphysaria pusilla,Triphysaria,pusilla,,,,native,S5,,48.864474999999999,-123.366293299999995,,NA,NA,"116636220",obs_native,file:///D:/Simon/Sync/Root/GIS/Biodiversity%20Data/obs_native.csv?type=csv&maxFields=10000&detectTypes=yes&xField=longitude&yField=latitude&crs=EPSG:4326&spatialIndex=no&subsetIndex=no&watchFile=no
"9140",Triphysaria pusilla,Triphysaria,pusilla,,,,native,S5,,48.871771670000001,-123.310599999999994,,NA,NA,"120889620",obs_native,file:///D:/Simon/Sync/Root/GIS/Biodiversity%20Data/obs_native.csv?type=csv&maxFields=10000&detectTypes=yes&xField=longitude&yField=latitude&crs=EPSG:4326&spatialIndex=no&subsetIndex=no&watchFile=no
"9141",Trisetum canescens,Trisetum,canescens,,,,native,S5 (2000),,48.909693330000003,-123.374886700000005,,NA,NA,"121538566",obs_native,file:///D:/Simon/Sync/Root/GIS/Biodiversity%20Data/obs_native.csv?type=csv&maxFields=10000&detectTypes=yes&xField=longitude&yField=latitude&crs=EPSG:4326&spatialIndex=no&subsetIndex=no&watchFile=no
"9142",Trisetum cernuum,Trisetum,cernuum,,,,native,S5,,48.871960000000001,-123.343087999999995,,NA,NA,"12762226",obs_native,file:///D:/Simon/Sync/Root/GIS/Biodiversity%20Data/obs_native.csv?type=csv&maxFields=10000&detectTypes=yes&xField=longitude&yField=latitude&crs=EPSG:4326&spatialIndex=no&subsetIndex=no&watchFile=no
"9143",Trisetum cernuum,Trisetum,cernuum,,,,native,S5,,48.877445999999999,-123.337104999999994,,NA,NA,"12773431",obs_native,file:///D:/Simon/Sync/Root/GIS/Biodiversity%20Data/obs_native.csv?type=csv&maxFields=10000&detectTypes=yes&xField=longitude&yField=latitude&crs=EPSG:4326&spatialIndex=no&subsetIndex=no&watchFile=no
"9144",Triteleia grandiflora,Triteleia,grandiflora,,,,native,S5,,48.897453329999998,-123.338454999999996,,NA,NA,"13023459",obs_native,file:///D:/Simon/Sync/Root/GIS/Biodiversity%20Data/obs_native.csv?type=csv&maxFields=10000&detectTypes=yes&xField=longitude&yField=latitude&crs=EPSG:4326&spatialIndex=no&subsetIndex=no&watchFile=no
"9145",Triteleia grandiflora,Triteleia,grandiflora,,,,native,S5,,48.897448330000003,-123.338483299999993,,NA,NA,"120471808",obs_native,file:///D:/Simon/Sync/Root/GIS/Biodiversity%20Data/obs_native.csv?type=csv&maxFields=10000&detectTypes=yes&xField=longitude&yField=latitude&crs=EPSG:4326&spatialIndex=no&subsetIndex=no&watchFile=no
"9146",Triteleia hyacinthina,Triteleia,hyacinthina,,,,native,S5,,48.867530000000002,-123.341714999999994,,NA,NA,"3314874",obs_native,file:///D:/Simon/Sync/Root/GIS/Biodiversity%20Data/obs_native.csv?type=csv&maxFields=10000&detectTypes=yes&xField=longitude&yField=latitude&crs=EPSG:4326&spatialIndex=no&subsetIndex=no&watchFile=no
"9147",Triteleia hyacinthina,Triteleia,hyacinthina,,,,native,S5,,48.872436669999999,-123.312233300000003,,NA,NA,"3386973",obs_native,file:///D:/Simon/Sync/Root/GIS/Biodiversity%20Data/obs_native.csv?type=csv&maxFields=10000&detectTypes=yes&xField=longitude&yField=latitude&crs=EPSG:4326&spatialIndex=no&subsetIndex=no&watchFile=no
"9148",Triteleia hyacinthina,Triteleia,hyacinthina,,,,native,S5,,48.872520129999998,-123.311426600000004,,NA,NA,"6434838",obs_native,file:///D:/Simon/Sync/Root/GIS/Biodiversity%20Data/obs_native.csv?type=csv&maxFields=10000&detectTypes=yes&xField=longitude&yField=latitude&crs=EPSG:4326&spatialIndex=no&subsetIndex=no&watchFile=no
"9149",Triteleia hyacinthina,Triteleia,hyacinthina,,,,native,S5,,48.863450999999998,-123.361981000000000,,NA,NA,"6646886",obs_native,file:///D:/Simon/Sync/Root/GIS/Biodiversity%20Data/obs_native.csv?type=csv&maxFields=10000&detectTypes=yes&xField=longitude&yField=latitude&crs=EPSG:4326&spatialIndex=no&subsetIndex=no&watchFile=no
"9150",Triteleia hyacinthina,Triteleia,hyacinthina,,,,native,S5,,48.867669999999997,-123.339427000000001,,NA,NA,"13068181",obs_native,file:///D:/Simon/Sync/Root/GIS/Biodiversity%20Data/obs_native.csv?type=csv&maxFields=10000&detectTypes=yes&xField=longitude&yField=latitude&crs=EPSG:4326&spatialIndex=no&subsetIndex=no&watchFile=no
"9151",Triteleia hyacinthina,Triteleia,hyacinthina,,,,native,S5,,48.867705000000001,-123.339446699999996,,NA,NA,"26455716",obs_native,file:///D:/Simon/Sync/Root/GIS/Biodiversity%20Data/obs_native.csv?type=csv&maxFields=10000&detectTypes=yes&xField=longitude&yField=latitude&crs=EPSG:4326&spatialIndex=no&subsetIndex=no&watchFile=no
"9152",Triteleia hyacinthina,Triteleia,hyacinthina,,,,native,S5,,48.872429349999997,-123.311493999999996,,NA,NA,"48490061",obs_native,file:///D:/Simon/Sync/Root/GIS/Biodiversity%20Data/obs_native.csv?type=csv&maxFields=10000&detectTypes=yes&xField=longitude&yField=latitude&crs=EPSG:4326&spatialIndex=no&subsetIndex=no&watchFile=no
"9153",Triteleia hyacinthina,Triteleia,hyacinthina,,,,native,S5,,48.871586669999999,-123.311194999999998,,NA,NA,"49684609",obs_native,file:///D:/Simon/Sync/Root/GIS/Biodiversity%20Data/obs_native.csv?type=csv&maxFields=10000&detectTypes=yes&xField=longitude&yField=latitude&crs=EPSG:4326&spatialIndex=no&subsetIndex=no&watchFile=no
"9154",Triteleia hyacinthina,Triteleia,hyacinthina,,,,native,S5,,48.926961450000000,-123.466377600000001,,NA,NA,"51036115",obs_native,file:///D:/Simon/Sync/Root/GIS/Biodiversity%20Data/obs_native.csv?type=csv&maxFields=10000&detectTypes=yes&xField=longitude&yField=latitude&crs=EPSG:4326&spatialIndex=no&subsetIndex=no&watchFile=no
"9155",Triteleia hyacinthina,Triteleia,hyacinthina,,,,native,S5,,48.913494440000001,-123.386872199999999,,NA,NA,"51249915",obs_native,file:///D:/Simon/Sync/Root/GIS/Biodiversity%20Data/obs_native.csv?type=csv&maxFields=10000&detectTypes=yes&xField=longitude&yField=latitude&crs=EPSG:4326&spatialIndex=no&subsetIndex=no&watchFile=no
"9156",Triteleia hyacinthina,Triteleia,hyacinthina,,,,native,S5,,48.872569400000003,-123.311382600000002,,NA,NA,"51434484",obs_native,file:///D:/Simon/Sync/Root/GIS/Biodiversity%20Data/obs_native.csv?type=csv&maxFields=10000&detectTypes=yes&xField=longitude&yField=latitude&crs=EPSG:4326&spatialIndex=no&subsetIndex=no&watchFile=no
"9157",Triteleia hyacinthina,Triteleia,hyacinthina,,,,native,S5,,48.872495499999999,-123.311208100000002,,NA,NA,"51434494",obs_native,file:///D:/Simon/Sync/Root/GIS/Biodiversity%20Data/obs_native.csv?type=csv&maxFields=10000&detectTypes=yes&xField=longitude&yField=latitude&crs=EPSG:4326&spatialIndex=no&subsetIndex=no&watchFile=no
"9158",Triteleia hyacinthina,Triteleia,hyacinthina,,,,native,S5,,48.914191670000001,-123.388149999999996,,NA,NA,"52033128",obs_native,file:///D:/Simon/Sync/Root/GIS/Biodiversity%20Data/obs_native.csv?type=csv&maxFields=10000&detectTypes=yes&xField=longitude&yField=latitude&crs=EPSG:4326&spatialIndex=no&subsetIndex=no&watchFile=no
"9159",Triteleia hyacinthina,Triteleia,hyacinthina,,,,native,S5,,48.886789999999998,-123.373388300000002,,NA,NA,"53022057",obs_native,file:///D:/Simon/Sync/Root/GIS/Biodiversity%20Data/obs_native.csv?type=csv&maxFields=10000&detectTypes=yes&xField=longitude&yField=latitude&crs=EPSG:4326&spatialIndex=no&subsetIndex=no&watchFile=no
"9160",Triteleia hyacinthina,Triteleia,hyacinthina,,,,native,S5,,48.872463330000002,-123.311971700000001,,NA,NA,"81819989",obs_native,file:///D:/Simon/Sync/Root/GIS/Biodiversity%20Data/obs_native.csv?type=csv&maxFields=10000&detectTypes=yes&xField=longitude&yField=latitude&crs=EPSG:4326&spatialIndex=no&subsetIndex=no&watchFile=no
"9161",Triteleia hyacinthina,Triteleia,hyacinthina,,,,native,S5,,48.872263330000003,-123.311163300000004,,NA,NA,"82924320",obs_native,file:///D:/Simon/Sync/Root/GIS/Biodiversity%20Data/obs_native.csv?type=csv&maxFields=10000&detectTypes=yes&xField=longitude&yField=latitude&crs=EPSG:4326&spatialIndex=no&subsetIndex=no&watchFile=no
"9162",Triteleia hyacinthina,Triteleia,hyacinthina,,,,native,S5,,48.872453329999999,-123.312354999999997,,NA,NA,"83216448",obs_native,file:///D:/Simon/Sync/Root/GIS/Biodiversity%20Data/obs_native.csv?type=csv&maxFields=10000&detectTypes=yes&xField=longitude&yField=latitude&crs=EPSG:4326&spatialIndex=no&subsetIndex=no&watchFile=no
"9163",Triteleia hyacinthina,Triteleia,hyacinthina,,,,native,S5,,48.868840820000003,-123.311910200000000,,NA,NA,"83576515",obs_native,file:///D:/Simon/Sync/Root/GIS/Biodiversity%20Data/obs_native.csv?type=csv&maxFields=10000&detectTypes=yes&xField=longitude&yField=latitude&crs=EPSG:4326&spatialIndex=no&subsetIndex=no&watchFile=no
"9164",Triteleia hyacinthina,Triteleia,hyacinthina,,,,native,S5,,48.871578329999998,-123.311591699999994,,NA,NA,"83665096",obs_native,file:///D:/Simon/Sync/Root/GIS/Biodiversity%20Data/obs_native.csv?type=csv&maxFields=10000&detectTypes=yes&xField=longitude&yField=latitude&crs=EPSG:4326&spatialIndex=no&subsetIndex=no&watchFile=no
"9165",Triteleia hyacinthina,Triteleia,hyacinthina,,,,native,S5,,48.872511109999998,-123.311563899999996,,NA,NA,"94301105",obs_native,file:///D:/Simon/Sync/Root/GIS/Biodiversity%20Data/obs_native.csv?type=csv&maxFields=10000&detectTypes=yes&xField=longitude&yField=latitude&crs=EPSG:4326&spatialIndex=no&subsetIndex=no&watchFile=no
"9166",Triteleia hyacinthina,Triteleia,hyacinthina,,,,native,S5,,48.909671670000002,-123.372228300000003,,NA,NA,"119369503",obs_native,file:///D:/Simon/Sync/Root/GIS/Biodiversity%20Data/obs_native.csv?type=csv&maxFields=10000&detectTypes=yes&xField=longitude&yField=latitude&crs=EPSG:4326&spatialIndex=no&subsetIndex=no&watchFile=no
"9167",Triteleia hyacinthina,Triteleia,hyacinthina,,,,native,S5,,48.897475000000000,-123.338622200000003,,NA,NA,"120494839",obs_native,file:///D:/Simon/Sync/Root/GIS/Biodiversity%20Data/obs_native.csv?type=csv&maxFields=10000&detectTypes=yes&xField=longitude&yField=latitude&crs=EPSG:4326&spatialIndex=no&subsetIndex=no&watchFile=no
"9168",Triteleia hyacinthina,Triteleia,hyacinthina,,,,native,S5,,48.872463889999999,-123.312077799999997,,NA,NA,"120889613",obs_native,file:///D:/Simon/Sync/Root/GIS/Biodiversity%20Data/obs_native.csv?type=csv&maxFields=10000&detectTypes=yes&xField=longitude&yField=latitude&crs=EPSG:4326&spatialIndex=no&subsetIndex=no&watchFile=no
"9169",Triteleia hyacinthina,Triteleia,hyacinthina,,,,native,S5,,48.909759999999999,-123.372669999999999,,NA,NA,"121538550",obs_native,file:///D:/Simon/Sync/Root/GIS/Biodiversity%20Data/obs_native.csv?type=csv&maxFields=10000&detectTypes=yes&xField=longitude&yField=latitude&crs=EPSG:4326&spatialIndex=no&subsetIndex=no&watchFile=no
"9170",Triteleia hyacinthina,Triteleia,hyacinthina,,,,native,S5,,48.867711669999998,-123.339796699999994,,NA,NA,"121932692",obs_native,file:///D:/Simon/Sync/Root/GIS/Biodiversity%20Data/obs_native.csv?type=csv&maxFields=10000&detectTypes=yes&xField=longitude&yField=latitude&crs=EPSG:4326&spatialIndex=no&subsetIndex=no&watchFile=no
"9171",Triteleia hyacinthina,Triteleia,hyacinthina,,,,native,S5,,48.926844440000004,-123.466269400000002,,NA,NA,"122335772",obs_native,file:///D:/Simon/Sync/Root/GIS/Biodiversity%20Data/obs_native.csv?type=csv&maxFields=10000&detectTypes=yes&xField=longitude&yField=latitude&crs=EPSG:4326&spatialIndex=no&subsetIndex=no&watchFile=no
"9172",Triteleia hyacinthina,Triteleia,hyacinthina,,,,native,S5,,48.873282799999998,-123.312356899999997,,NA,NA,"122415173",obs_native,file:///D:/Simon/Sync/Root/GIS/Biodiversity%20Data/obs_native.csv?type=csv&maxFields=10000&detectTypes=yes&xField=longitude&yField=latitude&crs=EPSG:4326&spatialIndex=no&subsetIndex=no&watchFile=no
"9173",Triteleia hyacinthina,Triteleia,hyacinthina,,,,native,S5,,48.867705559999997,-123.339600000000004,,NA,NA,"122686707",obs_native,file:///D:/Simon/Sync/Root/GIS/Biodiversity%20Data/obs_native.csv?type=csv&maxFields=10000&detectTypes=yes&xField=longitude&yField=latitude&crs=EPSG:4326&spatialIndex=no&subsetIndex=no&watchFile=no
"9174",Triteleia hyacinthina,Triteleia,hyacinthina,,,,native,S5,,49.012974999999997,-123.573013300000000,,NA,NA,"122892224",obs_native,file:///D:/Simon/Sync/Root/GIS/Biodiversity%20Data/obs_native.csv?type=csv&maxFields=10000&detectTypes=yes&xField=longitude&yField=latitude&crs=EPSG:4326&spatialIndex=no&subsetIndex=no&watchFile=no
"9175",Triteleia hyacinthina,Triteleia,hyacinthina,,,,native,S5,,48.872455000000002,-123.312333300000006,,NA,NA,"123183647",obs_native,file:///D:/Simon/Sync/Root/GIS/Biodiversity%20Data/obs_native.csv?type=csv&maxFields=10000&detectTypes=yes&xField=longitude&yField=latitude&crs=EPSG:4326&spatialIndex=no&subsetIndex=no&watchFile=no
"9176",Triteleia hyacinthina,Triteleia,hyacinthina,,,,native,S5,,48.871386670000000,-123.310395000000000,,NA,NA,"123643771",obs_native,file:///D:/Simon/Sync/Root/GIS/Biodiversity%20Data/obs_native.csv?type=csv&maxFields=10000&detectTypes=yes&xField=longitude&yField=latitude&crs=EPSG:4326&spatialIndex=no&subsetIndex=no&watchFile=no
"9177",Triteleia hyacinthina,Triteleia,hyacinthina,,,,native,S5,,49.013219999999997,-123.573131700000005,,NA,NA,"123934587",obs_native,file:///D:/Simon/Sync/Root/GIS/Biodiversity%20Data/obs_native.csv?type=csv&maxFields=10000&detectTypes=yes&xField=longitude&yField=latitude&crs=EPSG:4326&spatialIndex=no&subsetIndex=no&watchFile=no
"9178",Triteleia hyacinthina,Triteleia,hyacinthina,,,,native,S5,,48.952579999999998,-123.519478300000003,,NA,NA,"124667709",obs_native,file:///D:/Simon/Sync/Root/GIS/Biodiversity%20Data/obs_native.csv?type=csv&maxFields=10000&detectTypes=yes&xField=longitude&yField=latitude&crs=EPSG:4326&spatialIndex=no&subsetIndex=no&watchFile=no
"9179",Triteleia hyacinthina,Triteleia,hyacinthina,,,,native,S5,,48.955989959999997,-123.529415099999994,,NA,NA,"124841574",obs_native,file:///D:/Simon/Sync/Root/GIS/Biodiversity%20Data/obs_native.csv?type=csv&maxFields=10000&detectTypes=yes&xField=longitude&yField=latitude&crs=EPSG:4326&spatialIndex=no&subsetIndex=no&watchFile=no
"9180",Triteleia hyacinthina,Triteleia,hyacinthina,,,,native,S5,,48.872433330000000,-123.312355600000004,,NA,NA,"125105114",obs_native,file:///D:/Simon/Sync/Root/GIS/Biodiversity%20Data/obs_native.csv?type=csv&maxFields=10000&detectTypes=yes&xField=longitude&yField=latitude&crs=EPSG:4326&spatialIndex=no&subsetIndex=no&watchFile=no
"9181",Triteleia hyacinthina,Triteleia,hyacinthina,,,,native,S5,,48.872471670000003,-123.312333300000006,,NA,NA,"131336687",obs_native,file:///D:/Simon/Sync/Root/GIS/Biodiversity%20Data/obs_native.csv?type=csv&maxFields=10000&detectTypes=yes&xField=longitude&yField=latitude&crs=EPSG:4326&spatialIndex=no&subsetIndex=no&watchFile=no
"9182",Tsuga heterophylla,Tsuga,heterophylla,,,,native,S5,,48.931691000000001,-123.468474999999998,,NA,NA,"2569027",obs_native,file:///D:/Simon/Sync/Root/GIS/Biodiversity%20Data/obs_native.csv?type=csv&maxFields=10000&detectTypes=yes&xField=longitude&yField=latitude&crs=EPSG:4326&spatialIndex=no&subsetIndex=no&watchFile=no
"9183",Tsuga heterophylla,Tsuga,heterophylla,,,,native,S5,,48.881641000000002,-123.360660999999993,,NA,NA,"2577895",obs_native,file:///D:/Simon/Sync/Root/GIS/Biodiversity%20Data/obs_native.csv?type=csv&maxFields=10000&detectTypes=yes&xField=longitude&yField=latitude&crs=EPSG:4326&spatialIndex=no&subsetIndex=no&watchFile=no
"9184",Tsuga heterophylla,Tsuga,heterophylla,,,,native,S5,,48.940441999999997,-123.473367999999994,,NA,NA,"2584072",obs_native,file:///D:/Simon/Sync/Root/GIS/Biodiversity%20Data/obs_native.csv?type=csv&maxFields=10000&detectTypes=yes&xField=longitude&yField=latitude&crs=EPSG:4326&spatialIndex=no&subsetIndex=no&watchFile=no
"9185",Tsuga heterophylla,Tsuga,heterophylla,,,,native,S5,,48.898873999999999,-123.358954999999995,,NA,NA,"2586531",obs_native,file:///D:/Simon/Sync/Root/GIS/Biodiversity%20Data/obs_native.csv?type=csv&maxFields=10000&detectTypes=yes&xField=longitude&yField=latitude&crs=EPSG:4326&spatialIndex=no&subsetIndex=no&watchFile=no
"9186",Tsuga heterophylla,Tsuga,heterophylla,,,,native,S5,,48.983272999999997,-123.556451999999993,,NA,NA,"2615121",obs_native,file:///D:/Simon/Sync/Root/GIS/Biodiversity%20Data/obs_native.csv?type=csv&maxFields=10000&detectTypes=yes&xField=longitude&yField=latitude&crs=EPSG:4326&spatialIndex=no&subsetIndex=no&watchFile=no
"9187",Tsuga heterophylla,Tsuga,heterophylla,,,,native,S5,,48.899687000000000,-123.405968999999999,,NA,NA,"2731813",obs_native,file:///D:/Simon/Sync/Root/GIS/Biodiversity%20Data/obs_native.csv?type=csv&maxFields=10000&detectTypes=yes&xField=longitude&yField=latitude&crs=EPSG:4326&spatialIndex=no&subsetIndex=no&watchFile=no
"9188",Tsuga heterophylla,Tsuga,heterophylla,,,,native,S5,,48.915906000000000,-123.422921000000002,,NA,NA,"3123072",obs_native,file:///D:/Simon/Sync/Root/GIS/Biodiversity%20Data/obs_native.csv?type=csv&maxFields=10000&detectTypes=yes&xField=longitude&yField=latitude&crs=EPSG:4326&spatialIndex=no&subsetIndex=no&watchFile=no
"9189",Tsuga heterophylla,Tsuga,heterophylla,,,,native,S5,,48.891821000000000,-123.378953999999993,,NA,NA,"3766788",obs_native,file:///D:/Simon/Sync/Root/GIS/Biodiversity%20Data/obs_native.csv?type=csv&maxFields=10000&detectTypes=yes&xField=longitude&yField=latitude&crs=EPSG:4326&spatialIndex=no&subsetIndex=no&watchFile=no
"9190",Tsuga heterophylla,Tsuga,heterophylla,,,,native,S5,,49.005571000000003,-123.568826000000001,,NA,NA,"4833754",obs_native,file:///D:/Simon/Sync/Root/GIS/Biodiversity%20Data/obs_native.csv?type=csv&maxFields=10000&detectTypes=yes&xField=longitude&yField=latitude&crs=EPSG:4326&spatialIndex=no&subsetIndex=no&watchFile=no
"9191",Tsuga heterophylla,Tsuga,heterophylla,,,,native,S5,,48.906620830000001,-123.356552100000002,,NA,NA,"5646975",obs_native,file:///D:/Simon/Sync/Root/GIS/Biodiversity%20Data/obs_native.csv?type=csv&maxFields=10000&detectTypes=yes&xField=longitude&yField=latitude&crs=EPSG:4326&spatialIndex=no&subsetIndex=no&watchFile=no
"9192",Tsuga heterophylla,Tsuga,heterophylla,,,,native,S5,,48.906225919999997,-123.360671999999994,,NA,NA,"5885594",obs_native,file:///D:/Simon/Sync/Root/GIS/Biodiversity%20Data/obs_native.csv?type=csv&maxFields=10000&detectTypes=yes&xField=longitude&yField=latitude&crs=EPSG:4326&spatialIndex=no&subsetIndex=no&watchFile=no
"9193",Tsuga heterophylla,Tsuga,heterophylla,,,,native,S5,,48.906225919999997,-123.360671999999994,,NA,NA,"5885601",obs_native,file:///D:/Simon/Sync/Root/GIS/Biodiversity%20Data/obs_native.csv?type=csv&maxFields=10000&detectTypes=yes&xField=longitude&yField=latitude&crs=EPSG:4326&spatialIndex=no&subsetIndex=no&watchFile=no
"9194",Tsuga heterophylla,Tsuga,heterophylla,,,,native,S5,,48.906042560000003,-123.358268699999996,,NA,NA,"5886273",obs_native,file:///D:/Simon/Sync/Root/GIS/Biodiversity%20Data/obs_native.csv?type=csv&maxFields=10000&detectTypes=yes&xField=longitude&yField=latitude&crs=EPSG:4326&spatialIndex=no&subsetIndex=no&watchFile=no
"9195",Tsuga heterophylla,Tsuga,heterophylla,,,,native,S5,,48.904688559999997,-123.357871799999998,,NA,NA,"5900164",obs_native,file:///D:/Simon/Sync/Root/GIS/Biodiversity%20Data/obs_native.csv?type=csv&maxFields=10000&detectTypes=yes&xField=longitude&yField=latitude&crs=EPSG:4326&spatialIndex=no&subsetIndex=no&watchFile=no
"9196",Tsuga heterophylla,Tsuga,heterophylla,,,,native,S5,,48.905012960000001,-123.357904000000005,,NA,NA,"5935105",obs_native,file:///D:/Simon/Sync/Root/GIS/Biodiversity%20Data/obs_native.csv?type=csv&maxFields=10000&detectTypes=yes&xField=longitude&yField=latitude&crs=EPSG:4326&spatialIndex=no&subsetIndex=no&watchFile=no
"9197",Tsuga heterophylla,Tsuga,heterophylla,,,,native,S5,,48.900723999999997,-123.362584999999996,,NA,NA,"5935181",obs_native,file:///D:/Simon/Sync/Root/GIS/Biodiversity%20Data/obs_native.csv?type=csv&maxFields=10000&detectTypes=yes&xField=longitude&yField=latitude&crs=EPSG:4326&spatialIndex=no&subsetIndex=no&watchFile=no
"9198",Tsuga heterophylla,Tsuga,heterophylla,,,,native,S5,,48.898665610000002,-123.363965699999994,,NA,NA,"5993167",obs_native,file:///D:/Simon/Sync/Root/GIS/Biodiversity%20Data/obs_native.csv?type=csv&maxFields=10000&detectTypes=yes&xField=longitude&yField=latitude&crs=EPSG:4326&spatialIndex=no&subsetIndex=no&watchFile=no
"9199",Tsuga heterophylla,Tsuga,heterophylla,,,,native,S5,,48.897734589999999,-123.361905800000002,,NA,NA,"5993195",obs_native,file:///D:/Simon/Sync/Root/GIS/Biodiversity%20Data/obs_native.csv?type=csv&maxFields=10000&detectTypes=yes&xField=longitude&yField=latitude&crs=EPSG:4326&spatialIndex=no&subsetIndex=no&watchFile=no
"9200",Tsuga heterophylla,Tsuga,heterophylla,,,,native,S5,,48.897734589999999,-123.361905800000002,,NA,NA,"5993196",obs_native,file:///D:/Simon/Sync/Root/GIS/Biodiversity%20Data/obs_native.csv?type=csv&maxFields=10000&detectTypes=yes&xField=longitude&yField=latitude&crs=EPSG:4326&spatialIndex=no&subsetIndex=no&watchFile=no
"9201",Tsuga heterophylla,Tsuga,heterophylla,,,,native,S5,,48.896253399999999,-123.359395300000003,,NA,NA,"5993208",obs_native,file:///D:/Simon/Sync/Root/GIS/Biodiversity%20Data/obs_native.csv?type=csv&maxFields=10000&detectTypes=yes&xField=longitude&yField=latitude&crs=EPSG:4326&spatialIndex=no&subsetIndex=no&watchFile=no
"9202",Tsuga heterophylla,Tsuga,heterophylla,,,,native,S5,,48.943192879999998,-123.484139400000004,,NA,NA,"6411196",obs_native,file:///D:/Simon/Sync/Root/GIS/Biodiversity%20Data/obs_native.csv?type=csv&maxFields=10000&detectTypes=yes&xField=longitude&yField=latitude&crs=EPSG:4326&spatialIndex=no&subsetIndex=no&watchFile=no
"9203",Tsuga heterophylla,Tsuga,heterophylla,,,,native,S5,,48.874199609999998,-123.380134100000006,,NA,NA,"7280630",obs_native,file:///D:/Simon/Sync/Root/GIS/Biodiversity%20Data/obs_native.csv?type=csv&maxFields=10000&detectTypes=yes&xField=longitude&yField=latitude&crs=EPSG:4326&spatialIndex=no&subsetIndex=no&watchFile=no
"9204",Tsuga heterophylla,Tsuga,heterophylla,,,,native,S5,,48.916261110000001,-123.419519399999999,,NA,NA,"8648450",obs_native,file:///D:/Simon/Sync/Root/GIS/Biodiversity%20Data/obs_native.csv?type=csv&maxFields=10000&detectTypes=yes&xField=longitude&yField=latitude&crs=EPSG:4326&spatialIndex=no&subsetIndex=no&watchFile=no
"9205",Tsuga heterophylla,Tsuga,heterophylla,,,,native,S5,,48.907510000000002,-123.392309999999995,,NA,NA,"9386694",obs_native,file:///D:/Simon/Sync/Root/GIS/Biodiversity%20Data/obs_native.csv?type=csv&maxFields=10000&detectTypes=yes&xField=longitude&yField=latitude&crs=EPSG:4326&spatialIndex=no&subsetIndex=no&watchFile=no
"9206",Tsuga heterophylla,Tsuga,heterophylla,,,,native,S5,,48.872694000000003,-123.339697999999999,,NA,NA,"12762847",obs_native,file:///D:/Simon/Sync/Root/GIS/Biodiversity%20Data/obs_native.csv?type=csv&maxFields=10000&detectTypes=yes&xField=longitude&yField=latitude&crs=EPSG:4326&spatialIndex=no&subsetIndex=no&watchFile=no
"9207",Tsuga heterophylla,Tsuga,heterophylla,,,,native,S5,,48.878056000000001,-123.335234999999997,,NA,NA,"12773065",obs_native,file:///D:/Simon/Sync/Root/GIS/Biodiversity%20Data/obs_native.csv?type=csv&maxFields=10000&detectTypes=yes&xField=longitude&yField=latitude&crs=EPSG:4326&spatialIndex=no&subsetIndex=no&watchFile=no
"9208",Tsuga heterophylla,Tsuga,heterophylla,,,,native,S5,,48.877445999999999,-123.337104999999994,,NA,NA,"12773538",obs_native,file:///D:/Simon/Sync/Root/GIS/Biodiversity%20Data/obs_native.csv?type=csv&maxFields=10000&detectTypes=yes&xField=longitude&yField=latitude&crs=EPSG:4326&spatialIndex=no&subsetIndex=no&watchFile=no
"9209",Tsuga heterophylla,Tsuga,heterophylla,,,,native,S5,,48.877445999999999,-123.337104999999994,,NA,NA,"12773858",obs_native,file:///D:/Simon/Sync/Root/GIS/Biodiversity%20Data/obs_native.csv?type=csv&maxFields=10000&detectTypes=yes&xField=longitude&yField=latitude&crs=EPSG:4326&spatialIndex=no&subsetIndex=no&watchFile=no
"9210",Tsuga heterophylla,Tsuga,heterophylla,,,,native,S5,,48.880411000000002,-123.336709999999997,,NA,NA,"12789186",obs_native,file:///D:/Simon/Sync/Root/GIS/Biodiversity%20Data/obs_native.csv?type=csv&maxFields=10000&detectTypes=yes&xField=longitude&yField=latitude&crs=EPSG:4326&spatialIndex=no&subsetIndex=no&watchFile=no
"9211",Tsuga heterophylla,Tsuga,heterophylla,,,,native,S5,,48.878962000000001,-123.341682000000006,,NA,NA,"12790793",obs_native,file:///D:/Simon/Sync/Root/GIS/Biodiversity%20Data/obs_native.csv?type=csv&maxFields=10000&detectTypes=yes&xField=longitude&yField=latitude&crs=EPSG:4326&spatialIndex=no&subsetIndex=no&watchFile=no
"9212",Tsuga heterophylla,Tsuga,heterophylla,,,,native,S5,,48.870429999999999,-123.340817000000001,,NA,NA,"13966206",obs_native,file:///D:/Simon/Sync/Root/GIS/Biodiversity%20Data/obs_native.csv?type=csv&maxFields=10000&detectTypes=yes&xField=longitude&yField=latitude&crs=EPSG:4326&spatialIndex=no&subsetIndex=no&watchFile=no
"9213",Tsuga heterophylla,Tsuga,heterophylla,,,,native,S5,,48.949821290000003,-123.494248099999993,,NA,NA,"19076379",obs_native,file:///D:/Simon/Sync/Root/GIS/Biodiversity%20Data/obs_native.csv?type=csv&maxFields=10000&detectTypes=yes&xField=longitude&yField=latitude&crs=EPSG:4326&spatialIndex=no&subsetIndex=no&watchFile=no
"9214",Tsuga heterophylla,Tsuga,heterophylla,,,,native,S5,,48.946575660000001,-123.480376000000007,,NA,NA,"19455385",obs_native,file:///D:/Simon/Sync/Root/GIS/Biodiversity%20Data/obs_native.csv?type=csv&maxFields=10000&detectTypes=yes&xField=longitude&yField=latitude&crs=EPSG:4326&spatialIndex=no&subsetIndex=no&watchFile=no
"9215",Tsuga heterophylla,Tsuga,heterophylla,,,,native,S5,,48.870142880000003,-123.341086799999999,,NA,NA,"20378027",obs_native,file:///D:/Simon/Sync/Root/GIS/Biodiversity%20Data/obs_native.csv?type=csv&maxFields=10000&detectTypes=yes&xField=longitude&yField=latitude&crs=EPSG:4326&spatialIndex=no&subsetIndex=no&watchFile=no
"9216",Tsuga heterophylla,Tsuga,heterophylla,,,,native,S5,,49.007592539999997,-123.576028399999998,,NA,NA,"24497705",obs_native,file:///D:/Simon/Sync/Root/GIS/Biodiversity%20Data/obs_native.csv?type=csv&maxFields=10000&detectTypes=yes&xField=longitude&yField=latitude&crs=EPSG:4326&spatialIndex=no&subsetIndex=no&watchFile=no
"9217",Tsuga heterophylla,Tsuga,heterophylla,,,,native,S5,,48.896488890000001,-123.407852800000001,,NA,NA,"24677362",obs_native,file:///D:/Simon/Sync/Root/GIS/Biodiversity%20Data/obs_native.csv?type=csv&maxFields=10000&detectTypes=yes&xField=longitude&yField=latitude&crs=EPSG:4326&spatialIndex=no&subsetIndex=no&watchFile=no
"9218",Tsuga heterophylla,Tsuga,heterophylla,,,,native,S5,,48.895847220000000,-123.407311100000001,,NA,NA,"24677420",obs_native,file:///D:/Simon/Sync/Root/GIS/Biodiversity%20Data/obs_native.csv?type=csv&maxFields=10000&detectTypes=yes&xField=longitude&yField=latitude&crs=EPSG:4326&spatialIndex=no&subsetIndex=no&watchFile=no
"9219",Tsuga heterophylla,Tsuga,heterophylla,,,,native,S5,,48.896488890000001,-123.407852800000001,,NA,NA,"24677558",obs_native,file:///D:/Simon/Sync/Root/GIS/Biodiversity%20Data/obs_native.csv?type=csv&maxFields=10000&detectTypes=yes&xField=longitude&yField=latitude&crs=EPSG:4326&spatialIndex=no&subsetIndex=no&watchFile=no
"9220",Tsuga heterophylla,Tsuga,heterophylla,,,,native,S5,,48.866705560000000,-123.330427799999995,,NA,NA,"24702320",obs_native,file:///D:/Simon/Sync/Root/GIS/Biodiversity%20Data/obs_native.csv?type=csv&maxFields=10000&detectTypes=yes&xField=longitude&yField=latitude&crs=EPSG:4326&spatialIndex=no&subsetIndex=no&watchFile=no
"9221",Tsuga heterophylla,Tsuga,heterophylla,,,,native,S5,,48.866713890000000,-123.330444400000005,,NA,NA,"25658075",obs_native,file:///D:/Simon/Sync/Root/GIS/Biodiversity%20Data/obs_native.csv?type=csv&maxFields=10000&detectTypes=yes&xField=longitude&yField=latitude&crs=EPSG:4326&spatialIndex=no&subsetIndex=no&watchFile=no
"9222",Tsuga heterophylla,Tsuga,heterophylla,,,,native,S5,,48.928252039999997,-123.467964800000004,,NA,NA,"60027053",obs_native,file:///D:/Simon/Sync/Root/GIS/Biodiversity%20Data/obs_native.csv?type=csv&maxFields=10000&detectTypes=yes&xField=longitude&yField=latitude&crs=EPSG:4326&spatialIndex=no&subsetIndex=no&watchFile=no
"9223",Tsuga heterophylla,Tsuga,heterophylla,,,,native,S5,,48.927983330000004,-123.467986699999997,,NA,NA,"84252878",obs_native,file:///D:/Simon/Sync/Root/GIS/Biodiversity%20Data/obs_native.csv?type=csv&maxFields=10000&detectTypes=yes&xField=longitude&yField=latitude&crs=EPSG:4326&spatialIndex=no&subsetIndex=no&watchFile=no
"9224",Tsuga heterophylla,Tsuga,heterophylla,,,,native,S5,,48.927929110000001,-123.468324300000006,,NA,NA,"84269489",obs_native,file:///D:/Simon/Sync/Root/GIS/Biodiversity%20Data/obs_native.csv?type=csv&maxFields=10000&detectTypes=yes&xField=longitude&yField=latitude&crs=EPSG:4326&spatialIndex=no&subsetIndex=no&watchFile=no
"9225",Tsuga heterophylla,Tsuga,heterophylla,,,,native,S5,,48.927394820000004,-123.464009099999998,,NA,NA,"84702837",obs_native,file:///D:/Simon/Sync/Root/GIS/Biodiversity%20Data/obs_native.csv?type=csv&maxFields=10000&detectTypes=yes&xField=longitude&yField=latitude&crs=EPSG:4326&spatialIndex=no&subsetIndex=no&watchFile=no
"9226",Tsuga heterophylla,Tsuga,heterophylla,,,,native,S5,,48.975953330000003,-123.550386700000004,,NA,NA,"89513208",obs_native,file:///D:/Simon/Sync/Root/GIS/Biodiversity%20Data/obs_native.csv?type=csv&maxFields=10000&detectTypes=yes&xField=longitude&yField=latitude&crs=EPSG:4326&spatialIndex=no&subsetIndex=no&watchFile=no
"9227",Tsuga heterophylla,Tsuga,heterophylla,,,,native,S5,,48.995548329999998,-123.563281700000005,,NA,NA,"94679720",obs_native,file:///D:/Simon/Sync/Root/GIS/Biodiversity%20Data/obs_native.csv?type=csv&maxFields=10000&detectTypes=yes&xField=longitude&yField=latitude&crs=EPSG:4326&spatialIndex=no&subsetIndex=no&watchFile=no
"9228",Tsuga heterophylla,Tsuga,heterophylla,,,,native,S5,,48.994475000000001,-123.562963300000007,,NA,NA,"94679727",obs_native,file:///D:/Simon/Sync/Root/GIS/Biodiversity%20Data/obs_native.csv?type=csv&maxFields=10000&detectTypes=yes&xField=longitude&yField=latitude&crs=EPSG:4326&spatialIndex=no&subsetIndex=no&watchFile=no
"9229",Tsuga heterophylla,Tsuga,heterophylla,,,,native,S5,,48.994520000000001,-123.562925000000007,,NA,NA,"94679737",obs_native,file:///D:/Simon/Sync/Root/GIS/Biodiversity%20Data/obs_native.csv?type=csv&maxFields=10000&detectTypes=yes&xField=longitude&yField=latitude&crs=EPSG:4326&spatialIndex=no&subsetIndex=no&watchFile=no
"9230",Tsuga heterophylla,Tsuga,heterophylla,,,,native,S5,,48.985756799999997,-123.550045299999994,,NA,NA,"94679840",obs_native,file:///D:/Simon/Sync/Root/GIS/Biodiversity%20Data/obs_native.csv?type=csv&maxFields=10000&detectTypes=yes&xField=longitude&yField=latitude&crs=EPSG:4326&spatialIndex=no&subsetIndex=no&watchFile=no
"9231",Tsuga heterophylla,Tsuga,heterophylla,,,,native,S5,,48.921866670000000,-123.439921699999999,,NA,NA,"100206033",obs_native,file:///D:/Simon/Sync/Root/GIS/Biodiversity%20Data/obs_native.csv?type=csv&maxFields=10000&detectTypes=yes&xField=longitude&yField=latitude&crs=EPSG:4326&spatialIndex=no&subsetIndex=no&watchFile=no
"9232",Tsuga heterophylla,Tsuga,heterophylla,,,,native,S5,,48.941719999999997,-123.488891699999996,,NA,NA,"122093185",obs_native,file:///D:/Simon/Sync/Root/GIS/Biodiversity%20Data/obs_native.csv?type=csv&maxFields=10000&detectTypes=yes&xField=longitude&yField=latitude&crs=EPSG:4326&spatialIndex=no&subsetIndex=no&watchFile=no
"9233",Tsuga heterophylla,Tsuga,heterophylla,,,,native,S5,,48.929245000000002,-123.471275000000006,,NA,NA,"122834804",obs_native,file:///D:/Simon/Sync/Root/GIS/Biodiversity%20Data/obs_native.csv?type=csv&maxFields=10000&detectTypes=yes&xField=longitude&yField=latitude&crs=EPSG:4326&spatialIndex=no&subsetIndex=no&watchFile=no
"9234",Tsuga heterophylla,Tsuga,heterophylla,,,,native,S5,,49.011736669999998,-123.574854999999999,,NA,NA,"123934541",obs_native,file:///D:/Simon/Sync/Root/GIS/Biodiversity%20Data/obs_native.csv?type=csv&maxFields=10000&detectTypes=yes&xField=longitude&yField=latitude&crs=EPSG:4326&spatialIndex=no&subsetIndex=no&watchFile=no
"9235",Tsuga heterophylla,Tsuga,heterophylla,,,,native,S5,,48.938511110000000,-123.478691699999999,,NA,NA,"126017367",obs_native,file:///D:/Simon/Sync/Root/GIS/Biodiversity%20Data/obs_native.csv?type=csv&maxFields=10000&detectTypes=yes&xField=longitude&yField=latitude&crs=EPSG:4326&spatialIndex=no&subsetIndex=no&watchFile=no
"9236",Tsuga heterophylla,Tsuga,heterophylla,,,,native,S5,,48.936994970000001,-123.469599000000002,,NA,NA,"128765033",obs_native,file:///D:/Simon/Sync/Root/GIS/Biodiversity%20Data/obs_native.csv?type=csv&maxFields=10000&detectTypes=yes&xField=longitude&yField=latitude&crs=EPSG:4326&spatialIndex=no&subsetIndex=no&watchFile=no
"9237",Tsuga heterophylla,Tsuga,heterophylla,,,,native,S5,,48.898251590000001,-123.408134399999994,,NA,NA,"136984968",obs_native,file:///D:/Simon/Sync/Root/GIS/Biodiversity%20Data/obs_native.csv?type=csv&maxFields=10000&detectTypes=yes&xField=longitude&yField=latitude&crs=EPSG:4326&spatialIndex=no&subsetIndex=no&watchFile=no
"9238",Turritis glabra,Turritis,glabra,,,,native,S5,,48.904561620000003,-123.413457899999997,,NA,NA,"6047552",obs_native,file:///D:/Simon/Sync/Root/GIS/Biodiversity%20Data/obs_native.csv?type=csv&maxFields=10000&detectTypes=yes&xField=longitude&yField=latitude&crs=EPSG:4326&spatialIndex=no&subsetIndex=no&watchFile=no
"9239",Turritis glabra,Turritis,glabra,,,,native,S5,,48.867227290000002,-123.338077100000007,,NA,NA,"6217920",obs_native,file:///D:/Simon/Sync/Root/GIS/Biodiversity%20Data/obs_native.csv?type=csv&maxFields=10000&detectTypes=yes&xField=longitude&yField=latitude&crs=EPSG:4326&spatialIndex=no&subsetIndex=no&watchFile=no
"9240",Turritis glabra,Turritis,glabra,,,,native,S5,,48.867744000000002,-123.340186000000003,,NA,NA,"12259279",obs_native,file:///D:/Simon/Sync/Root/GIS/Biodiversity%20Data/obs_native.csv?type=csv&maxFields=10000&detectTypes=yes&xField=longitude&yField=latitude&crs=EPSG:4326&spatialIndex=no&subsetIndex=no&watchFile=no
"9241",Turritis glabra,Turritis,glabra,,,,native,S5,,48.867996669999997,-123.340766700000003,,NA,NA,"22182216",obs_native,file:///D:/Simon/Sync/Root/GIS/Biodiversity%20Data/obs_native.csv?type=csv&maxFields=10000&detectTypes=yes&xField=longitude&yField=latitude&crs=EPSG:4326&spatialIndex=no&subsetIndex=no&watchFile=no
"9242",Turritis glabra,Turritis,glabra,,,,native,S5,,48.868203829999999,-123.341071700000001,,NA,NA,"43252952",obs_native,file:///D:/Simon/Sync/Root/GIS/Biodiversity%20Data/obs_native.csv?type=csv&maxFields=10000&detectTypes=yes&xField=longitude&yField=latitude&crs=EPSG:4326&spatialIndex=no&subsetIndex=no&watchFile=no
"9243",Turritis glabra,Turritis,glabra,,,,native,S5,,48.867570000000001,-123.339455000000001,,NA,NA,"110820822",obs_native,file:///D:/Simon/Sync/Root/GIS/Biodiversity%20Data/obs_native.csv?type=csv&maxFields=10000&detectTypes=yes&xField=longitude&yField=latitude&crs=EPSG:4326&spatialIndex=no&subsetIndex=no&watchFile=no
"9244",Turritis glabra,Turritis,glabra,,,,native,S5,,48.862286670000003,-123.366751699999995,,NA,NA,"116636287",obs_native,file:///D:/Simon/Sync/Root/GIS/Biodiversity%20Data/obs_native.csv?type=csv&maxFields=10000&detectTypes=yes&xField=longitude&yField=latitude&crs=EPSG:4326&spatialIndex=no&subsetIndex=no&watchFile=no
"9247",Typha latifolia,Typha,latifolia,,,,native,S5,,48.930253000000000,-123.473474999999993,,NA,NA,"2566297",obs_native,file:///D:/Simon/Sync/Root/GIS/Biodiversity%20Data/obs_native.csv?type=csv&maxFields=10000&detectTypes=yes&xField=longitude&yField=latitude&crs=EPSG:4326&spatialIndex=no&subsetIndex=no&watchFile=no
"9248",Typha latifolia,Typha,latifolia,,,,native,S5,,48.930774999999997,-123.474913000000001,,NA,NA,"2575150",obs_native,file:///D:/Simon/Sync/Root/GIS/Biodiversity%20Data/obs_native.csv?type=csv&maxFields=10000&detectTypes=yes&xField=longitude&yField=latitude&crs=EPSG:4326&spatialIndex=no&subsetIndex=no&watchFile=no
"9249",Typha latifolia,Typha,latifolia,,,,native,S5,,48.889958329999999,-123.346230599999998,,NA,NA,"2959473",obs_native,file:///D:/Simon/Sync/Root/GIS/Biodiversity%20Data/obs_native.csv?type=csv&maxFields=10000&detectTypes=yes&xField=longitude&yField=latitude&crs=EPSG:4326&spatialIndex=no&subsetIndex=no&watchFile=no
"9250",Typha latifolia,Typha,latifolia,,,,native,S5,,48.983659000000003,-123.556323000000006,,NA,NA,"3296478",obs_native,file:///D:/Simon/Sync/Root/GIS/Biodiversity%20Data/obs_native.csv?type=csv&maxFields=10000&detectTypes=yes&xField=longitude&yField=latitude&crs=EPSG:4326&spatialIndex=no&subsetIndex=no&watchFile=no
"9251",Typha latifolia,Typha,latifolia,,,,native,S5,,48.942451669999997,-123.481740000000002,,NA,NA,"14222184",obs_native,file:///D:/Simon/Sync/Root/GIS/Biodiversity%20Data/obs_native.csv?type=csv&maxFields=10000&detectTypes=yes&xField=longitude&yField=latitude&crs=EPSG:4326&spatialIndex=no&subsetIndex=no&watchFile=no
"9252",Typha latifolia,Typha,latifolia,,,,native,S5,,48.983516600000002,-123.556695000000005,,NA,NA,"14335437",obs_native,file:///D:/Simon/Sync/Root/GIS/Biodiversity%20Data/obs_native.csv?type=csv&maxFields=10000&detectTypes=yes&xField=longitude&yField=latitude&crs=EPSG:4326&spatialIndex=no&subsetIndex=no&watchFile=no
"9253",Typha latifolia,Typha,latifolia,,,,native,S5,,48.879975000000002,-123.381113299999996,,NA,NA,"118718717",obs_native,file:///D:/Simon/Sync/Root/GIS/Biodiversity%20Data/obs_native.csv?type=csv&maxFields=10000&detectTypes=yes&xField=longitude&yField=latitude&crs=EPSG:4326&spatialIndex=no&subsetIndex=no&watchFile=no
"9254",Typha latifolia,Typha,latifolia,,,,native,S5,,48.879980000000003,-123.380814999999998,,NA,NA,"118718727",obs_native,file:///D:/Simon/Sync/Root/GIS/Biodiversity%20Data/obs_native.csv?type=csv&maxFields=10000&detectTypes=yes&xField=longitude&yField=latitude&crs=EPSG:4326&spatialIndex=no&subsetIndex=no&watchFile=no
"9255",Typha latifolia,Typha,latifolia,,,,native,S5,,48.879905000000001,-123.381013300000006,,NA,NA,"118718737",obs_native,file:///D:/Simon/Sync/Root/GIS/Biodiversity%20Data/obs_native.csv?type=csv&maxFields=10000&detectTypes=yes&xField=longitude&yField=latitude&crs=EPSG:4326&spatialIndex=no&subsetIndex=no&watchFile=no
"9256",Typha latifolia,Typha,latifolia,,,,native,S5,,48.983206670000001,-123.556121700000006,,NA,NA,"121838575",obs_native,file:///D:/Simon/Sync/Root/GIS/Biodiversity%20Data/obs_native.csv?type=csv&maxFields=10000&detectTypes=yes&xField=longitude&yField=latitude&crs=EPSG:4326&spatialIndex=no&subsetIndex=no&watchFile=no
"9257",Typha latifolia,Typha,latifolia,,,,native,S5,,48.910147190000004,-123.415637899999993,,NA,NA,"127949342",obs_native,file:///D:/Simon/Sync/Root/GIS/Biodiversity%20Data/obs_native.csv?type=csv&maxFields=10000&detectTypes=yes&xField=longitude&yField=latitude&crs=EPSG:4326&spatialIndex=no&subsetIndex=no&watchFile=no
"9258",Typha latifolia,Typha,latifolia,,,,native,S5,,48.930905000000003,-123.474936700000001,,NA,NA,"133278124",obs_native,file:///D:/Simon/Sync/Root/GIS/Biodiversity%20Data/obs_native.csv?type=csv&maxFields=10000&detectTypes=yes&xField=longitude&yField=latitude&crs=EPSG:4326&spatialIndex=no&subsetIndex=no&watchFile=no
"9309",Uropappus lindleyi,Uropappus,lindleyi,,,,native,S1S2 (2019),1-E (2010),48.866945000000001,-123.341328000000004,,NA,NA,"12817804",obs_native,file:///D:/Simon/Sync/Root/GIS/Biodiversity%20Data/obs_native.csv?type=csv&maxFields=10000&detectTypes=yes&xField=longitude&yField=latitude&crs=EPSG:4326&spatialIndex=no&subsetIndex=no&watchFile=no
"9310",Uropappus lindleyi,Uropappus,lindleyi,,,,native,S1S2 (2019),1-E (2010),48.861880360000001,-123.329363599999994,,NA,NA,"114745571",obs_native,file:///D:/Simon/Sync/Root/GIS/Biodiversity%20Data/obs_native.csv?type=csv&maxFields=10000&detectTypes=yes&xField=longitude&yField=latitude&crs=EPSG:4326&spatialIndex=no&subsetIndex=no&watchFile=no
"9463",Utricularia gibba,Utricularia,gibba,,,,native,S4,,48.942741810000001,-123.482760400000004,,NA,NA,"15336553",obs_native,file:///D:/Simon/Sync/Root/GIS/Biodiversity%20Data/obs_native.csv?type=csv&maxFields=10000&detectTypes=yes&xField=longitude&yField=latitude&crs=EPSG:4326&spatialIndex=no&subsetIndex=no&watchFile=no
"9464",Utricularia gibba,Utricularia,gibba,,,,native,S4,,48.983357630000000,-123.556067700000000,,NA,NA,"31255484",obs_native,file:///D:/Simon/Sync/Root/GIS/Biodiversity%20Data/obs_native.csv?type=csv&maxFields=10000&detectTypes=yes&xField=longitude&yField=latitude&crs=EPSG:4326&spatialIndex=no&subsetIndex=no&watchFile=no
"9465",Vaccinium ovatum,Vaccinium,ovatum,,,,native,S5,,48.931522000000001,-123.479804999999999,,NA,NA,"2563500",obs_native,file:///D:/Simon/Sync/Root/GIS/Biodiversity%20Data/obs_native.csv?type=csv&maxFields=10000&detectTypes=yes&xField=longitude&yField=latitude&crs=EPSG:4326&spatialIndex=no&subsetIndex=no&watchFile=no
"9466",Vaccinium ovatum,Vaccinium,ovatum,,,,native,S5,,48.931246000000002,-123.478860999999995,,NA,NA,"2564994",obs_native,file:///D:/Simon/Sync/Root/GIS/Biodiversity%20Data/obs_native.csv?type=csv&maxFields=10000&detectTypes=yes&xField=longitude&yField=latitude&crs=EPSG:4326&spatialIndex=no&subsetIndex=no&watchFile=no
"9467",Vaccinium ovatum,Vaccinium,ovatum,,,,native,S5,,48.932537000000004,-123.478173999999996,,NA,NA,"2565163",obs_native,file:///D:/Simon/Sync/Root/GIS/Biodiversity%20Data/obs_native.csv?type=csv&maxFields=10000&detectTypes=yes&xField=longitude&yField=latitude&crs=EPSG:4326&spatialIndex=no&subsetIndex=no&watchFile=no
"9468",Vaccinium ovatum,Vaccinium,ovatum,,,,native,S5,,48.930822999999997,-123.477659000000003,,NA,NA,"2567932",obs_native,file:///D:/Simon/Sync/Root/GIS/Biodiversity%20Data/obs_native.csv?type=csv&maxFields=10000&detectTypes=yes&xField=longitude&yField=latitude&crs=EPSG:4326&spatialIndex=no&subsetIndex=no&watchFile=no
"9469",Vaccinium ovatum,Vaccinium,ovatum,,,,native,S5,,48.931240000000003,-123.479418999999993,,NA,NA,"2621411",obs_native,file:///D:/Simon/Sync/Root/GIS/Biodiversity%20Data/obs_native.csv?type=csv&maxFields=10000&detectTypes=yes&xField=longitude&yField=latitude&crs=EPSG:4326&spatialIndex=no&subsetIndex=no&watchFile=no
"9470",Vaccinium ovatum,Vaccinium,ovatum,,,,native,S5,,48.931297000000001,-123.479977000000005,,NA,NA,"2647608",obs_native,file:///D:/Simon/Sync/Root/GIS/Biodiversity%20Data/obs_native.csv?type=csv&maxFields=10000&detectTypes=yes&xField=longitude&yField=latitude&crs=EPSG:4326&spatialIndex=no&subsetIndex=no&watchFile=no
"9471",Vaccinium ovatum,Vaccinium,ovatum,,,,native,S5,,48.930903000000001,-123.477783000000002,,NA,NA,"2734282",obs_native,file:///D:/Simon/Sync/Root/GIS/Biodiversity%20Data/obs_native.csv?type=csv&maxFields=10000&detectTypes=yes&xField=longitude&yField=latitude&crs=EPSG:4326&spatialIndex=no&subsetIndex=no&watchFile=no
"9472",Vaccinium ovatum,Vaccinium,ovatum,,,,native,S5,,48.917265000000000,-123.406848999999994,,NA,NA,"2915799",obs_native,file:///D:/Simon/Sync/Root/GIS/Biodiversity%20Data/obs_native.csv?type=csv&maxFields=10000&detectTypes=yes&xField=longitude&yField=latitude&crs=EPSG:4326&spatialIndex=no&subsetIndex=no&watchFile=no
"9473",Vaccinium ovatum,Vaccinium,ovatum,,,,native,S5,,48.930733330000002,-123.478271699999993,,NA,NA,"3642750",obs_native,file:///D:/Simon/Sync/Root/GIS/Biodiversity%20Data/obs_native.csv?type=csv&maxFields=10000&detectTypes=yes&xField=longitude&yField=latitude&crs=EPSG:4326&spatialIndex=no&subsetIndex=no&watchFile=no
"9474",Vaccinium ovatum,Vaccinium,ovatum,,,,native,S5,,48.933271670000003,-123.479704999999996,,NA,NA,"3642752",obs_native,file:///D:/Simon/Sync/Root/GIS/Biodiversity%20Data/obs_native.csv?type=csv&maxFields=10000&detectTypes=yes&xField=longitude&yField=latitude&crs=EPSG:4326&spatialIndex=no&subsetIndex=no&watchFile=no
"9475",Vaccinium ovatum,Vaccinium,ovatum,,,,native,S5,,48.911285999999997,-123.382386999999994,,NA,NA,"3971351",obs_native,file:///D:/Simon/Sync/Root/GIS/Biodiversity%20Data/obs_native.csv?type=csv&maxFields=10000&detectTypes=yes&xField=longitude&yField=latitude&crs=EPSG:4326&spatialIndex=no&subsetIndex=no&watchFile=no
"9476",Vaccinium ovatum,Vaccinium,ovatum,,,,native,S5,,48.908656999999998,-123.390969999999996,,NA,NA,"4282656",obs_native,file:///D:/Simon/Sync/Root/GIS/Biodiversity%20Data/obs_native.csv?type=csv&maxFields=10000&detectTypes=yes&xField=longitude&yField=latitude&crs=EPSG:4326&spatialIndex=no&subsetIndex=no&watchFile=no
"9477",Vaccinium ovatum,Vaccinium,ovatum,,,,native,S5,,48.906621000000001,-123.360500000000002,,NA,NA,"5645324",obs_native,file:///D:/Simon/Sync/Root/GIS/Biodiversity%20Data/obs_native.csv?type=csv&maxFields=10000&detectTypes=yes&xField=longitude&yField=latitude&crs=EPSG:4326&spatialIndex=no&subsetIndex=no&watchFile=no
"9478",Vaccinium ovatum,Vaccinium,ovatum,,,,native,S5,,48.906225919999997,-123.360671999999994,,NA,NA,"5885576",obs_native,file:///D:/Simon/Sync/Root/GIS/Biodiversity%20Data/obs_native.csv?type=csv&maxFields=10000&detectTypes=yes&xField=longitude&yField=latitude&crs=EPSG:4326&spatialIndex=no&subsetIndex=no&watchFile=no
"9479",Vaccinium ovatum,Vaccinium,ovatum,,,,native,S5,,48.906324640000001,-123.359824399999994,,NA,NA,"5885651",obs_native,file:///D:/Simon/Sync/Root/GIS/Biodiversity%20Data/obs_native.csv?type=csv&maxFields=10000&detectTypes=yes&xField=longitude&yField=latitude&crs=EPSG:4326&spatialIndex=no&subsetIndex=no&watchFile=no
"9480",Vaccinium ovatum,Vaccinium,ovatum,,,,native,S5,,48.971733739999998,-123.553791000000004,,NA,NA,"6611377",obs_native,file:///D:/Simon/Sync/Root/GIS/Biodiversity%20Data/obs_native.csv?type=csv&maxFields=10000&detectTypes=yes&xField=longitude&yField=latitude&crs=EPSG:4326&spatialIndex=no&subsetIndex=no&watchFile=no
"9481",Vaccinium ovatum,Vaccinium,ovatum,,,,native,S5,,48.972071790000001,-123.552246100000005,,NA,NA,"6611378",obs_native,file:///D:/Simon/Sync/Root/GIS/Biodiversity%20Data/obs_native.csv?type=csv&maxFields=10000&detectTypes=yes&xField=longitude&yField=latitude&crs=EPSG:4326&spatialIndex=no&subsetIndex=no&watchFile=no
"9482",Vaccinium ovatum,Vaccinium,ovatum,,,,native,S5,,48.972071790000001,-123.554305999999997,,NA,NA,"6611379",obs_native,file:///D:/Simon/Sync/Root/GIS/Biodiversity%20Data/obs_native.csv?type=csv&maxFields=10000&detectTypes=yes&xField=longitude&yField=latitude&crs=EPSG:4326&spatialIndex=no&subsetIndex=no&watchFile=no
"9483",Vaccinium ovatum,Vaccinium,ovatum,,,,native,S5,,48.911321000000001,-123.396573000000004,,NA,NA,"10944207",obs_native,file:///D:/Simon/Sync/Root/GIS/Biodiversity%20Data/obs_native.csv?type=csv&maxFields=10000&detectTypes=yes&xField=longitude&yField=latitude&crs=EPSG:4326&spatialIndex=no&subsetIndex=no&watchFile=no
"9484",Vaccinium ovatum,Vaccinium,ovatum,,,,native,S5,,48.942478000000001,-123.481275999999994,,NA,NA,"12258841",obs_native,file:///D:/Simon/Sync/Root/GIS/Biodiversity%20Data/obs_native.csv?type=csv&maxFields=10000&detectTypes=yes&xField=longitude&yField=latitude&crs=EPSG:4326&spatialIndex=no&subsetIndex=no&watchFile=no
"9485",Vaccinium ovatum,Vaccinium,ovatum,,,,native,S5,,48.916452000000000,-123.394114999999999,,NA,NA,"12315155",obs_native,file:///D:/Simon/Sync/Root/GIS/Biodiversity%20Data/obs_native.csv?type=csv&maxFields=10000&detectTypes=yes&xField=longitude&yField=latitude&crs=EPSG:4326&spatialIndex=no&subsetIndex=no&watchFile=no
"9486",Vaccinium ovatum,Vaccinium,ovatum,,,,native,S5,,48.877445999999999,-123.337104999999994,,NA,NA,"12774331",obs_native,file:///D:/Simon/Sync/Root/GIS/Biodiversity%20Data/obs_native.csv?type=csv&maxFields=10000&detectTypes=yes&xField=longitude&yField=latitude&crs=EPSG:4326&spatialIndex=no&subsetIndex=no&watchFile=no
"9487",Vaccinium ovatum,Vaccinium,ovatum,,,,native,S5,,48.880411000000002,-123.336709999999997,,NA,NA,"12789457",obs_native,file:///D:/Simon/Sync/Root/GIS/Biodiversity%20Data/obs_native.csv?type=csv&maxFields=10000&detectTypes=yes&xField=longitude&yField=latitude&crs=EPSG:4326&spatialIndex=no&subsetIndex=no&watchFile=no
"9488",Vaccinium ovatum,Vaccinium,ovatum,,,,native,S5,,48.880817999999998,-123.341763999999998,,NA,NA,"12790234",obs_native,file:///D:/Simon/Sync/Root/GIS/Biodiversity%20Data/obs_native.csv?type=csv&maxFields=10000&detectTypes=yes&xField=longitude&yField=latitude&crs=EPSG:4326&spatialIndex=no&subsetIndex=no&watchFile=no
"9489",Vaccinium ovatum,Vaccinium,ovatum,,,,native,S5,,48.903939999999999,-123.344901699999994,,NA,NA,"13971920",obs_native,file:///D:/Simon/Sync/Root/GIS/Biodiversity%20Data/obs_native.csv?type=csv&maxFields=10000&detectTypes=yes&xField=longitude&yField=latitude&crs=EPSG:4326&spatialIndex=no&subsetIndex=no&watchFile=no
"9490",Vaccinium ovatum,Vaccinium,ovatum,,,,native,S5,,48.880086110000001,-123.335219400000000,,NA,NA,"13984474",obs_native,file:///D:/Simon/Sync/Root/GIS/Biodiversity%20Data/obs_native.csv?type=csv&maxFields=10000&detectTypes=yes&xField=longitude&yField=latitude&crs=EPSG:4326&spatialIndex=no&subsetIndex=no&watchFile=no
"9491",Vaccinium ovatum,Vaccinium,ovatum,,,,native,S5,,48.941799230000001,-123.478793699999997,,NA,NA,"16307953",obs_native,file:///D:/Simon/Sync/Root/GIS/Biodiversity%20Data/obs_native.csv?type=csv&maxFields=10000&detectTypes=yes&xField=longitude&yField=latitude&crs=EPSG:4326&spatialIndex=no&subsetIndex=no&watchFile=no
"9492",Vaccinium ovatum,Vaccinium,ovatum,,,,native,S5,,48.897512999999996,-123.356093999999999,,NA,NA,"17481476",obs_native,file:///D:/Simon/Sync/Root/GIS/Biodiversity%20Data/obs_native.csv?type=csv&maxFields=10000&detectTypes=yes&xField=longitude&yField=latitude&crs=EPSG:4326&spatialIndex=no&subsetIndex=no&watchFile=no
"9493",Vaccinium ovatum,Vaccinium,ovatum,,,,native,S5,,49.000938349999998,-123.564486700000003,,NA,NA,"17577982",obs_native,file:///D:/Simon/Sync/Root/GIS/Biodiversity%20Data/obs_native.csv?type=csv&maxFields=10000&detectTypes=yes&xField=longitude&yField=latitude&crs=EPSG:4326&spatialIndex=no&subsetIndex=no&watchFile=no
"9494",Vaccinium ovatum,Vaccinium,ovatum,,,,native,S5,,48.950019439999998,-123.496130600000001,,NA,NA,"19130384",obs_native,file:///D:/Simon/Sync/Root/GIS/Biodiversity%20Data/obs_native.csv?type=csv&maxFields=10000&detectTypes=yes&xField=longitude&yField=latitude&crs=EPSG:4326&spatialIndex=no&subsetIndex=no&watchFile=no
"9495",Vaccinium ovatum,Vaccinium,ovatum,,,,native,S5,,48.907020019999997,-123.391353300000006,,NA,NA,"19738871",obs_native,file:///D:/Simon/Sync/Root/GIS/Biodiversity%20Data/obs_native.csv?type=csv&maxFields=10000&detectTypes=yes&xField=longitude&yField=latitude&crs=EPSG:4326&spatialIndex=no&subsetIndex=no&watchFile=no
"9496",Vaccinium ovatum,Vaccinium,ovatum,,,,native,S5,,48.928502909999999,-123.471774400000001,,NA,NA,"21860322",obs_native,file:///D:/Simon/Sync/Root/GIS/Biodiversity%20Data/obs_native.csv?type=csv&maxFields=10000&detectTypes=yes&xField=longitude&yField=latitude&crs=EPSG:4326&spatialIndex=no&subsetIndex=no&watchFile=no
"9497",Vaccinium ovatum,Vaccinium,ovatum,,,,native,S5,,48.901474999999998,-123.404638899999995,,NA,NA,"24683933",obs_native,file:///D:/Simon/Sync/Root/GIS/Biodiversity%20Data/obs_native.csv?type=csv&maxFields=10000&detectTypes=yes&xField=longitude&yField=latitude&crs=EPSG:4326&spatialIndex=no&subsetIndex=no&watchFile=no
"9498",Vaccinium ovatum,Vaccinium,ovatum,,,,native,S5,,48.872193969999998,-123.312323500000005,,NA,NA,"24708357",obs_native,file:///D:/Simon/Sync/Root/GIS/Biodiversity%20Data/obs_native.csv?type=csv&maxFields=10000&detectTypes=yes&xField=longitude&yField=latitude&crs=EPSG:4326&spatialIndex=no&subsetIndex=no&watchFile=no
"9499",Vaccinium ovatum,Vaccinium,ovatum,,,,native,S5,,48.872111109999999,-123.312316699999997,,NA,NA,"24806490",obs_native,file:///D:/Simon/Sync/Root/GIS/Biodiversity%20Data/obs_native.csv?type=csv&maxFields=10000&detectTypes=yes&xField=longitude&yField=latitude&crs=EPSG:4326&spatialIndex=no&subsetIndex=no&watchFile=no
"9500",Vaccinium ovatum,Vaccinium,ovatum,,,,native,S5,,48.872111109999999,-123.312316699999997,,NA,NA,"24824147",obs_native,file:///D:/Simon/Sync/Root/GIS/Biodiversity%20Data/obs_native.csv?type=csv&maxFields=10000&detectTypes=yes&xField=longitude&yField=latitude&crs=EPSG:4326&spatialIndex=no&subsetIndex=no&watchFile=no
"9501",Vaccinium ovatum,Vaccinium,ovatum,,,,native,S5,,48.872105560000001,-123.312286099999994,,NA,NA,"25048269",obs_native,file:///D:/Simon/Sync/Root/GIS/Biodiversity%20Data/obs_native.csv?type=csv&maxFields=10000&detectTypes=yes&xField=longitude&yField=latitude&crs=EPSG:4326&spatialIndex=no&subsetIndex=no&watchFile=no
"9502",Vaccinium ovatum,Vaccinium,ovatum,,,,native,S5,,49.000554049999998,-123.583516299999999,,NA,NA,"28100940",obs_native,file:///D:/Simon/Sync/Root/GIS/Biodiversity%20Data/obs_native.csv?type=csv&maxFields=10000&detectTypes=yes&xField=longitude&yField=latitude&crs=EPSG:4326&spatialIndex=no&subsetIndex=no&watchFile=no
"9503",Vaccinium ovatum,Vaccinium,ovatum,,,,native,S5,,48.956283329999998,-123.528094999999993,,NA,NA,"28440233",obs_native,file:///D:/Simon/Sync/Root/GIS/Biodiversity%20Data/obs_native.csv?type=csv&maxFields=10000&detectTypes=yes&xField=longitude&yField=latitude&crs=EPSG:4326&spatialIndex=no&subsetIndex=no&watchFile=no
"9504",Vaccinium ovatum,Vaccinium,ovatum,,,,native,S5,,49.007090640000001,-123.567275499999994,,NA,NA,"31001299",obs_native,file:///D:/Simon/Sync/Root/GIS/Biodiversity%20Data/obs_native.csv?type=csv&maxFields=10000&detectTypes=yes&xField=longitude&yField=latitude&crs=EPSG:4326&spatialIndex=no&subsetIndex=no&watchFile=no
"9505",Vaccinium ovatum,Vaccinium,ovatum,,,,native,S5,,48.910528650000003,-123.379477100000003,,NA,NA,"35033358",obs_native,file:///D:/Simon/Sync/Root/GIS/Biodiversity%20Data/obs_native.csv?type=csv&maxFields=10000&detectTypes=yes&xField=longitude&yField=latitude&crs=EPSG:4326&spatialIndex=no&subsetIndex=no&watchFile=no
"9506",Vaccinium ovatum,Vaccinium,ovatum,,,,native,S5,,48.878740080000000,-123.315003000000004,,NA,NA,"38472171",obs_native,file:///D:/Simon/Sync/Root/GIS/Biodiversity%20Data/obs_native.csv?type=csv&maxFields=10000&detectTypes=yes&xField=longitude&yField=latitude&crs=EPSG:4326&spatialIndex=no&subsetIndex=no&watchFile=no
"9507",Vaccinium ovatum,Vaccinium,ovatum,,,,native,S5,,48.908398050000002,-123.368330799999995,,NA,NA,"44951279",obs_native,file:///D:/Simon/Sync/Root/GIS/Biodiversity%20Data/obs_native.csv?type=csv&maxFields=10000&detectTypes=yes&xField=longitude&yField=latitude&crs=EPSG:4326&spatialIndex=no&subsetIndex=no&watchFile=no
"9508",Vaccinium ovatum,Vaccinium,ovatum,,,,native,S5,,48.943321670000003,-123.481170000000006,,NA,NA,"45848836",obs_native,file:///D:/Simon/Sync/Root/GIS/Biodiversity%20Data/obs_native.csv?type=csv&maxFields=10000&detectTypes=yes&xField=longitude&yField=latitude&crs=EPSG:4326&spatialIndex=no&subsetIndex=no&watchFile=no
"9509",Vaccinium ovatum,Vaccinium,ovatum,,,,native,S5,,48.929730249999999,-123.467177500000005,,NA,NA,"53213071",obs_native,file:///D:/Simon/Sync/Root/GIS/Biodiversity%20Data/obs_native.csv?type=csv&maxFields=10000&detectTypes=yes&xField=longitude&yField=latitude&crs=EPSG:4326&spatialIndex=no&subsetIndex=no&watchFile=no
"9510",Vaccinium ovatum,Vaccinium,ovatum,,,,native,S5,,48.908833330000000,-123.374611700000003,,NA,NA,"55743258",obs_native,file:///D:/Simon/Sync/Root/GIS/Biodiversity%20Data/obs_native.csv?type=csv&maxFields=10000&detectTypes=yes&xField=longitude&yField=latitude&crs=EPSG:4326&spatialIndex=no&subsetIndex=no&watchFile=no
"9511",Vaccinium ovatum,Vaccinium,ovatum,,,,native,S5,,48.982863330000001,-123.552596699999995,,NA,NA,"57300862",obs_native,file:///D:/Simon/Sync/Root/GIS/Biodiversity%20Data/obs_native.csv?type=csv&maxFields=10000&detectTypes=yes&xField=longitude&yField=latitude&crs=EPSG:4326&spatialIndex=no&subsetIndex=no&watchFile=no
"9512",Vaccinium ovatum,Vaccinium,ovatum,,,,native,S5,,48.948546669999999,-123.480971699999998,,NA,NA,"57301344",obs_native,file:///D:/Simon/Sync/Root/GIS/Biodiversity%20Data/obs_native.csv?type=csv&maxFields=10000&detectTypes=yes&xField=longitude&yField=latitude&crs=EPSG:4326&spatialIndex=no&subsetIndex=no&watchFile=no
"9513",Vaccinium ovatum,Vaccinium,ovatum,,,,native,S5,,48.912669999999999,-123.386977999999999,,NA,NA,"60492334",obs_native,file:///D:/Simon/Sync/Root/GIS/Biodiversity%20Data/obs_native.csv?type=csv&maxFields=10000&detectTypes=yes&xField=longitude&yField=latitude&crs=EPSG:4326&spatialIndex=no&subsetIndex=no&watchFile=no
"9514",Vaccinium ovatum,Vaccinium,ovatum,,,,native,S5,,48.919766760000002,-123.442950800000006,,NA,NA,"63911430",obs_native,file:///D:/Simon/Sync/Root/GIS/Biodiversity%20Data/obs_native.csv?type=csv&maxFields=10000&detectTypes=yes&xField=longitude&yField=latitude&crs=EPSG:4326&spatialIndex=no&subsetIndex=no&watchFile=no
"9515",Vaccinium ovatum,Vaccinium,ovatum,,,,native,S5,,48.992236509999998,-123.558430000000001,,NA,NA,"68992587",obs_native,file:///D:/Simon/Sync/Root/GIS/Biodiversity%20Data/obs_native.csv?type=csv&maxFields=10000&detectTypes=yes&xField=longitude&yField=latitude&crs=EPSG:4326&spatialIndex=no&subsetIndex=no&watchFile=no
"9516",Vaccinium ovatum,Vaccinium,ovatum,,,,native,S5,,48.910044440000000,-123.374686100000005,,NA,NA,"71028522",obs_native,file:///D:/Simon/Sync/Root/GIS/Biodiversity%20Data/obs_native.csv?type=csv&maxFields=10000&detectTypes=yes&xField=longitude&yField=latitude&crs=EPSG:4326&spatialIndex=no&subsetIndex=no&watchFile=no
"9517",Vaccinium ovatum,Vaccinium,ovatum,,,,native,S5,,49.006651980000001,-123.567134800000005,,NA,NA,"72314233",obs_native,file:///D:/Simon/Sync/Root/GIS/Biodiversity%20Data/obs_native.csv?type=csv&maxFields=10000&detectTypes=yes&xField=longitude&yField=latitude&crs=EPSG:4326&spatialIndex=no&subsetIndex=no&watchFile=no
"9518",Vaccinium ovatum,Vaccinium,ovatum,,,,native,S5,,48.885429999999999,-123.356296700000001,,NA,NA,"83097981",obs_native,file:///D:/Simon/Sync/Root/GIS/Biodiversity%20Data/obs_native.csv?type=csv&maxFields=10000&detectTypes=yes&xField=longitude&yField=latitude&crs=EPSG:4326&spatialIndex=no&subsetIndex=no&watchFile=no
"9519",Vaccinium ovatum,Vaccinium,ovatum,,,,native,S5,,48.927016139999999,-123.467395900000000,,NA,NA,"84061838",obs_native,file:///D:/Simon/Sync/Root/GIS/Biodiversity%20Data/obs_native.csv?type=csv&maxFields=10000&detectTypes=yes&xField=longitude&yField=latitude&crs=EPSG:4326&spatialIndex=no&subsetIndex=no&watchFile=no
"9520",Vaccinium ovatum,Vaccinium,ovatum,,,,native,S5,,48.930070000000001,-123.475738300000003,,NA,NA,"84460323",obs_native,file:///D:/Simon/Sync/Root/GIS/Biodiversity%20Data/obs_native.csv?type=csv&maxFields=10000&detectTypes=yes&xField=longitude&yField=latitude&crs=EPSG:4326&spatialIndex=no&subsetIndex=no&watchFile=no
"9521",Vaccinium ovatum,Vaccinium,ovatum,,,,native,S5,,48.927667919999998,-123.467569600000004,,NA,NA,"84463066",obs_native,file:///D:/Simon/Sync/Root/GIS/Biodiversity%20Data/obs_native.csv?type=csv&maxFields=10000&detectTypes=yes&xField=longitude&yField=latitude&crs=EPSG:4326&spatialIndex=no&subsetIndex=no&watchFile=no
"9522",Vaccinium ovatum,Vaccinium,ovatum,,,,native,S5,,48.927786589999997,-123.467639899999995,,NA,NA,"84595122",obs_native,file:///D:/Simon/Sync/Root/GIS/Biodiversity%20Data/obs_native.csv?type=csv&maxFields=10000&detectTypes=yes&xField=longitude&yField=latitude&crs=EPSG:4326&spatialIndex=no&subsetIndex=no&watchFile=no
"9523",Vaccinium ovatum,Vaccinium,ovatum,,,,native,S5,,48.927394999999997,-123.468788300000000,,NA,NA,"84635241",obs_native,file:///D:/Simon/Sync/Root/GIS/Biodiversity%20Data/obs_native.csv?type=csv&maxFields=10000&detectTypes=yes&xField=longitude&yField=latitude&crs=EPSG:4326&spatialIndex=no&subsetIndex=no&watchFile=no
"9524",Vaccinium ovatum,Vaccinium,ovatum,,,,native,S5,,48.926952270000001,-123.462317700000000,,NA,NA,"84712759",obs_native,file:///D:/Simon/Sync/Root/GIS/Biodiversity%20Data/obs_native.csv?type=csv&maxFields=10000&detectTypes=yes&xField=longitude&yField=latitude&crs=EPSG:4326&spatialIndex=no&subsetIndex=no&watchFile=no
"9525",Vaccinium ovatum,Vaccinium,ovatum,,,,native,S5,,49.004916670000000,-123.565736700000002,,NA,NA,"85131956",obs_native,file:///D:/Simon/Sync/Root/GIS/Biodiversity%20Data/obs_native.csv?type=csv&maxFields=10000&detectTypes=yes&xField=longitude&yField=latitude&crs=EPSG:4326&spatialIndex=no&subsetIndex=no&watchFile=no
"9526",Vaccinium ovatum,Vaccinium,ovatum,,,,native,S5,,49.005323640000000,-123.567471999999995,,NA,NA,"85685664",obs_native,file:///D:/Simon/Sync/Root/GIS/Biodiversity%20Data/obs_native.csv?type=csv&maxFields=10000&detectTypes=yes&xField=longitude&yField=latitude&crs=EPSG:4326&spatialIndex=no&subsetIndex=no&watchFile=no
"9527",Vaccinium ovatum,Vaccinium,ovatum,,,,native,S5,,48.910345000000000,-123.388153299999999,,NA,NA,"91697476",obs_native,file:///D:/Simon/Sync/Root/GIS/Biodiversity%20Data/obs_native.csv?type=csv&maxFields=10000&detectTypes=yes&xField=longitude&yField=latitude&crs=EPSG:4326&spatialIndex=no&subsetIndex=no&watchFile=no
"9528",Vaccinium ovatum,Vaccinium,ovatum,,,,native,S5,,49.000851670000003,-123.561210000000003,,NA,NA,"94679689",obs_native,file:///D:/Simon/Sync/Root/GIS/Biodiversity%20Data/obs_native.csv?type=csv&maxFields=10000&detectTypes=yes&xField=longitude&yField=latitude&crs=EPSG:4326&spatialIndex=no&subsetIndex=no&watchFile=no
"9529",Vaccinium ovatum,Vaccinium,ovatum,,,,native,S5,,49.000574319999998,-123.560935499999999,,NA,NA,"94679711",obs_native,file:///D:/Simon/Sync/Root/GIS/Biodiversity%20Data/obs_native.csv?type=csv&maxFields=10000&detectTypes=yes&xField=longitude&yField=latitude&crs=EPSG:4326&spatialIndex=no&subsetIndex=no&watchFile=no
"9530",Vaccinium ovatum,Vaccinium,ovatum,,,,native,S5,,49.000574319999998,-123.560935499999999,,NA,NA,"94679712",obs_native,file:///D:/Simon/Sync/Root/GIS/Biodiversity%20Data/obs_native.csv?type=csv&maxFields=10000&detectTypes=yes&xField=longitude&yField=latitude&crs=EPSG:4326&spatialIndex=no&subsetIndex=no&watchFile=no
"9531",Vaccinium ovatum,Vaccinium,ovatum,,,,native,S5,,48.994198130000001,-123.556165899999996,,NA,NA,"94679758",obs_native,file:///D:/Simon/Sync/Root/GIS/Biodiversity%20Data/obs_native.csv?type=csv&maxFields=10000&detectTypes=yes&xField=longitude&yField=latitude&crs=EPSG:4326&spatialIndex=no&subsetIndex=no&watchFile=no
"9532",Vaccinium ovatum,Vaccinium,ovatum,,,,native,S5,,48.994594890000002,-123.554896400000004,,NA,NA,"94679812",obs_native,file:///D:/Simon/Sync/Root/GIS/Biodiversity%20Data/obs_native.csv?type=csv&maxFields=10000&detectTypes=yes&xField=longitude&yField=latitude&crs=EPSG:4326&spatialIndex=no&subsetIndex=no&watchFile=no
"9533",Vaccinium ovatum,Vaccinium,ovatum,,,,native,S5,,48.984816670000001,-123.555038300000007,,NA,NA,"96324162",obs_native,file:///D:/Simon/Sync/Root/GIS/Biodiversity%20Data/obs_native.csv?type=csv&maxFields=10000&detectTypes=yes&xField=longitude&yField=latitude&crs=EPSG:4326&spatialIndex=no&subsetIndex=no&watchFile=no
"9534",Vaccinium ovatum,Vaccinium,ovatum,,,,native,S5,,49.003029759999997,-123.566853800000004,,NA,NA,"98167997",obs_native,file:///D:/Simon/Sync/Root/GIS/Biodiversity%20Data/obs_native.csv?type=csv&maxFields=10000&detectTypes=yes&xField=longitude&yField=latitude&crs=EPSG:4326&spatialIndex=no&subsetIndex=no&watchFile=no
"9535",Vaccinium ovatum,Vaccinium,ovatum,,,,native,S5,,48.983321670000002,-123.553129999999996,,NA,NA,"99312385",obs_native,file:///D:/Simon/Sync/Root/GIS/Biodiversity%20Data/obs_native.csv?type=csv&maxFields=10000&detectTypes=yes&xField=longitude&yField=latitude&crs=EPSG:4326&spatialIndex=no&subsetIndex=no&watchFile=no
"9536",Vaccinium ovatum,Vaccinium,ovatum,,,,native,S5,,48.899780970000002,-123.343529000000004,,NA,NA,"100434950",obs_native,file:///D:/Simon/Sync/Root/GIS/Biodiversity%20Data/obs_native.csv?type=csv&maxFields=10000&detectTypes=yes&xField=longitude&yField=latitude&crs=EPSG:4326&spatialIndex=no&subsetIndex=no&watchFile=no
"9537",Vaccinium ovatum,Vaccinium,ovatum,,,,native,S5,,48.993452840000003,-123.554223800000003,,NA,NA,"100641922",obs_native,file:///D:/Simon/Sync/Root/GIS/Biodiversity%20Data/obs_native.csv?type=csv&maxFields=10000&detectTypes=yes&xField=longitude&yField=latitude&crs=EPSG:4326&spatialIndex=no&subsetIndex=no&watchFile=no
"9538",Vaccinium ovatum,Vaccinium,ovatum,,,,native,S5,,48.993452840000003,-123.554223800000003,,NA,NA,"100641925",obs_native,file:///D:/Simon/Sync/Root/GIS/Biodiversity%20Data/obs_native.csv?type=csv&maxFields=10000&detectTypes=yes&xField=longitude&yField=latitude&crs=EPSG:4326&spatialIndex=no&subsetIndex=no&watchFile=no
"9539",Vaccinium ovatum,Vaccinium,ovatum,,,,native,S5,,48.905156669999997,-123.361059999999995,,NA,NA,"111052788",obs_native,file:///D:/Simon/Sync/Root/GIS/Biodiversity%20Data/obs_native.csv?type=csv&maxFields=10000&detectTypes=yes&xField=longitude&yField=latitude&crs=EPSG:4326&spatialIndex=no&subsetIndex=no&watchFile=no
"9540",Vaccinium ovatum,Vaccinium,ovatum,,,,native,S5,,48.984794860000001,-123.554624700000005,,NA,NA,"111965289",obs_native,file:///D:/Simon/Sync/Root/GIS/Biodiversity%20Data/obs_native.csv?type=csv&maxFields=10000&detectTypes=yes&xField=longitude&yField=latitude&crs=EPSG:4326&spatialIndex=no&subsetIndex=no&watchFile=no
"9541",Vaccinium ovatum,Vaccinium,ovatum,,,,native,S5,,48.910155000000003,-123.374915000000001,,NA,NA,"114482312",obs_native,file:///D:/Simon/Sync/Root/GIS/Biodiversity%20Data/obs_native.csv?type=csv&maxFields=10000&detectTypes=yes&xField=longitude&yField=latitude&crs=EPSG:4326&spatialIndex=no&subsetIndex=no&watchFile=no
"9542",Vaccinium ovatum,Vaccinium,ovatum,,,,native,S5,,48.879927780000003,-123.328177800000006,,NA,NA,"114507207",obs_native,file:///D:/Simon/Sync/Root/GIS/Biodiversity%20Data/obs_native.csv?type=csv&maxFields=10000&detectTypes=yes&xField=longitude&yField=latitude&crs=EPSG:4326&spatialIndex=no&subsetIndex=no&watchFile=no
"9543",Vaccinium ovatum,Vaccinium,ovatum,,,,native,S5,,48.904609690000001,-123.367231700000005,,NA,NA,"120891216",obs_native,file:///D:/Simon/Sync/Root/GIS/Biodiversity%20Data/obs_native.csv?type=csv&maxFields=10000&detectTypes=yes&xField=longitude&yField=latitude&crs=EPSG:4326&spatialIndex=no&subsetIndex=no&watchFile=no
"9544",Vaccinium ovatum,Vaccinium,ovatum,,,,native,S5,,49.012270000000001,-123.574696700000004,,NA,NA,"123934476",obs_native,file:///D:/Simon/Sync/Root/GIS/Biodiversity%20Data/obs_native.csv?type=csv&maxFields=10000&detectTypes=yes&xField=longitude&yField=latitude&crs=EPSG:4326&spatialIndex=no&subsetIndex=no&watchFile=no
"9545",Vaccinium ovatum,Vaccinium,ovatum,,,,native,S5,,48.990483429999998,-123.560935200000003,,NA,NA,"126719871",obs_native,file:///D:/Simon/Sync/Root/GIS/Biodiversity%20Data/obs_native.csv?type=csv&maxFields=10000&detectTypes=yes&xField=longitude&yField=latitude&crs=EPSG:4326&spatialIndex=no&subsetIndex=no&watchFile=no
"9546",Vaccinium ovatum,Vaccinium,ovatum,,,,native,S5,,49.000880520000003,-123.563749400000006,,NA,NA,"129894077",obs_native,file:///D:/Simon/Sync/Root/GIS/Biodiversity%20Data/obs_native.csv?type=csv&maxFields=10000&detectTypes=yes&xField=longitude&yField=latitude&crs=EPSG:4326&spatialIndex=no&subsetIndex=no&watchFile=no
"9547",Vaccinium oxycoccos,Vaccinium,oxycoccos,,,,native,S5,,48.983272999999997,-123.556451999999993,,NA,NA,"2615125",obs_native,file:///D:/Simon/Sync/Root/GIS/Biodiversity%20Data/obs_native.csv?type=csv&maxFields=10000&detectTypes=yes&xField=longitude&yField=latitude&crs=EPSG:4326&spatialIndex=no&subsetIndex=no&watchFile=no
"9548",Vaccinium oxycoccos,Vaccinium,oxycoccos,,,,native,S5,,48.983659000000003,-123.556323000000006,,NA,NA,"3296253",obs_native,file:///D:/Simon/Sync/Root/GIS/Biodiversity%20Data/obs_native.csv?type=csv&maxFields=10000&detectTypes=yes&xField=longitude&yField=latitude&crs=EPSG:4326&spatialIndex=no&subsetIndex=no&watchFile=no
"9549",Vaccinium oxycoccos,Vaccinium,oxycoccos,,,,native,S5,,48.983659000000003,-123.556323000000006,,NA,NA,"3296261",obs_native,file:///D:/Simon/Sync/Root/GIS/Biodiversity%20Data/obs_native.csv?type=csv&maxFields=10000&detectTypes=yes&xField=longitude&yField=latitude&crs=EPSG:4326&spatialIndex=no&subsetIndex=no&watchFile=no
"9550",Vaccinium oxycoccos,Vaccinium,oxycoccos,,,,native,S5,,48.983659000000003,-123.556323000000006,,NA,NA,"3296320",obs_native,file:///D:/Simon/Sync/Root/GIS/Biodiversity%20Data/obs_native.csv?type=csv&maxFields=10000&detectTypes=yes&xField=longitude&yField=latitude&crs=EPSG:4326&spatialIndex=no&subsetIndex=no&watchFile=no
"9551",Vaccinium oxycoccos,Vaccinium,oxycoccos,,,,native,S5,,48.983219439999999,-123.555886099999995,,NA,NA,"3889090",obs_native,file:///D:/Simon/Sync/Root/GIS/Biodiversity%20Data/obs_native.csv?type=csv&maxFields=10000&detectTypes=yes&xField=longitude&yField=latitude&crs=EPSG:4326&spatialIndex=no&subsetIndex=no&watchFile=no
"9552",Vaccinium oxycoccos,Vaccinium,oxycoccos,,,,native,S5,,48.983393000000000,-123.556253999999996,,NA,NA,"3890653",obs_native,file:///D:/Simon/Sync/Root/GIS/Biodiversity%20Data/obs_native.csv?type=csv&maxFields=10000&detectTypes=yes&xField=longitude&yField=latitude&crs=EPSG:4326&spatialIndex=no&subsetIndex=no&watchFile=no
"9553",Vaccinium oxycoccos,Vaccinium,oxycoccos,,,,native,S5,,48.983438999999997,-123.556724000000003,,NA,NA,"4991670",obs_native,file:///D:/Simon/Sync/Root/GIS/Biodiversity%20Data/obs_native.csv?type=csv&maxFields=10000&detectTypes=yes&xField=longitude&yField=latitude&crs=EPSG:4326&spatialIndex=no&subsetIndex=no&watchFile=no
"9554",Vaccinium oxycoccos,Vaccinium,oxycoccos,,,,native,S5,,48.983406000000002,-123.556093000000004,,NA,NA,"10427199",obs_native,file:///D:/Simon/Sync/Root/GIS/Biodiversity%20Data/obs_native.csv?type=csv&maxFields=10000&detectTypes=yes&xField=longitude&yField=latitude&crs=EPSG:4326&spatialIndex=no&subsetIndex=no&watchFile=no
"9555",Vaccinium oxycoccos,Vaccinium,oxycoccos,,,,native,S5,,48.983364000000002,-123.556359000000000,,NA,NA,"13224881",obs_native,file:///D:/Simon/Sync/Root/GIS/Biodiversity%20Data/obs_native.csv?type=csv&maxFields=10000&detectTypes=yes&xField=longitude&yField=latitude&crs=EPSG:4326&spatialIndex=no&subsetIndex=no&watchFile=no
"9556",Vaccinium oxycoccos,Vaccinium,oxycoccos,,,,native,S5,,48.983448180000003,-123.556333400000000,,NA,NA,"26203674",obs_native,file:///D:/Simon/Sync/Root/GIS/Biodiversity%20Data/obs_native.csv?type=csv&maxFields=10000&detectTypes=yes&xField=longitude&yField=latitude&crs=EPSG:4326&spatialIndex=no&subsetIndex=no&watchFile=no
"9557",Vaccinium oxycoccos,Vaccinium,oxycoccos,,,,native,S5,,48.983357630000000,-123.556067700000000,,NA,NA,"31255481",obs_native,file:///D:/Simon/Sync/Root/GIS/Biodiversity%20Data/obs_native.csv?type=csv&maxFields=10000&detectTypes=yes&xField=longitude&yField=latitude&crs=EPSG:4326&spatialIndex=no&subsetIndex=no&watchFile=no
"9558",Vaccinium oxycoccos,Vaccinium,oxycoccos,,,,native,S5,,48.983355560000000,-123.555572200000000,,NA,NA,"121838585",obs_native,file:///D:/Simon/Sync/Root/GIS/Biodiversity%20Data/obs_native.csv?type=csv&maxFields=10000&detectTypes=yes&xField=longitude&yField=latitude&crs=EPSG:4326&spatialIndex=no&subsetIndex=no&watchFile=no
"9559",Vaccinium parvifolium,Vaccinium,parvifolium,,,,native,S5,,48.983272999999997,-123.556451999999993,,NA,NA,"2615168",obs_native,file:///D:/Simon/Sync/Root/GIS/Biodiversity%20Data/obs_native.csv?type=csv&maxFields=10000&detectTypes=yes&xField=longitude&yField=latitude&crs=EPSG:4326&spatialIndex=no&subsetIndex=no&watchFile=no
"9560",Vaccinium parvifolium,Vaccinium,parvifolium,,,,native,S5,,48.885294000000002,-123.332358999999997,,NA,NA,"2627993",obs_native,file:///D:/Simon/Sync/Root/GIS/Biodiversity%20Data/obs_native.csv?type=csv&maxFields=10000&detectTypes=yes&xField=longitude&yField=latitude&crs=EPSG:4326&spatialIndex=no&subsetIndex=no&watchFile=no
"9561",Vaccinium parvifolium,Vaccinium,parvifolium,,,,native,S5,,48.885322000000002,-123.332423000000006,,NA,NA,"2628010",obs_native,file:///D:/Simon/Sync/Root/GIS/Biodiversity%20Data/obs_native.csv?type=csv&maxFields=10000&detectTypes=yes&xField=longitude&yField=latitude&crs=EPSG:4326&spatialIndex=no&subsetIndex=no&watchFile=no
"9562",Vaccinium parvifolium,Vaccinium,parvifolium,,,,native,S5,,48.885322000000002,-123.332423000000006,,NA,NA,"2628011",obs_native,file:///D:/Simon/Sync/Root/GIS/Biodiversity%20Data/obs_native.csv?type=csv&maxFields=10000&detectTypes=yes&xField=longitude&yField=latitude&crs=EPSG:4326&spatialIndex=no&subsetIndex=no&watchFile=no
"9563",Vaccinium parvifolium,Vaccinium,parvifolium,,,,native,S5,,48.885322000000002,-123.332423000000006,,NA,NA,"2628013",obs_native,file:///D:/Simon/Sync/Root/GIS/Biodiversity%20Data/obs_native.csv?type=csv&maxFields=10000&detectTypes=yes&xField=longitude&yField=latitude&crs=EPSG:4326&spatialIndex=no&subsetIndex=no&watchFile=no
"9564",Vaccinium parvifolium,Vaccinium,parvifolium,,,,native,S5,,48.885322000000002,-123.332423000000006,,NA,NA,"2628019",obs_native,file:///D:/Simon/Sync/Root/GIS/Biodiversity%20Data/obs_native.csv?type=csv&maxFields=10000&detectTypes=yes&xField=longitude&yField=latitude&crs=EPSG:4326&spatialIndex=no&subsetIndex=no&watchFile=no
"9565",Vaccinium parvifolium,Vaccinium,parvifolium,,,,native,S5,,48.885322000000002,-123.332423000000006,,NA,NA,"2628021",obs_native,file:///D:/Simon/Sync/Root/GIS/Biodiversity%20Data/obs_native.csv?type=csv&maxFields=10000&detectTypes=yes&xField=longitude&yField=latitude&crs=EPSG:4326&spatialIndex=no&subsetIndex=no&watchFile=no
"9566",Vaccinium parvifolium,Vaccinium,parvifolium,,,,native,S5,,48.885322000000002,-123.332423000000006,,NA,NA,"2628022",obs_native,file:///D:/Simon/Sync/Root/GIS/Biodiversity%20Data/obs_native.csv?type=csv&maxFields=10000&detectTypes=yes&xField=longitude&yField=latitude&crs=EPSG:4326&spatialIndex=no&subsetIndex=no&watchFile=no
"9567",Vaccinium parvifolium,Vaccinium,parvifolium,,,,native,S5,,48.885322000000002,-123.332423000000006,,NA,NA,"2628024",obs_native,file:///D:/Simon/Sync/Root/GIS/Biodiversity%20Data/obs_native.csv?type=csv&maxFields=10000&detectTypes=yes&xField=longitude&yField=latitude&crs=EPSG:4326&spatialIndex=no&subsetIndex=no&watchFile=no
"9568",Vaccinium parvifolium,Vaccinium,parvifolium,,,,native,S5,,48.885322000000002,-123.332423000000006,,NA,NA,"2628028",obs_native,file:///D:/Simon/Sync/Root/GIS/Biodiversity%20Data/obs_native.csv?type=csv&maxFields=10000&detectTypes=yes&xField=longitude&yField=latitude&crs=EPSG:4326&spatialIndex=no&subsetIndex=no&watchFile=no
"9569",Vaccinium parvifolium,Vaccinium,parvifolium,,,,native,S5,,48.899912999999998,-123.406419999999997,,NA,NA,"2679319",obs_native,file:///D:/Simon/Sync/Root/GIS/Biodiversity%20Data/obs_native.csv?type=csv&maxFields=10000&detectTypes=yes&xField=longitude&yField=latitude&crs=EPSG:4326&spatialIndex=no&subsetIndex=no&watchFile=no
"9570",Vaccinium parvifolium,Vaccinium,parvifolium,,,,native,S5,,48.874001999999997,-123.344138999999998,,NA,NA,"2742935",obs_native,file:///D:/Simon/Sync/Root/GIS/Biodiversity%20Data/obs_native.csv?type=csv&maxFields=10000&detectTypes=yes&xField=longitude&yField=latitude&crs=EPSG:4326&spatialIndex=no&subsetIndex=no&watchFile=no
"9571",Vaccinium parvifolium,Vaccinium,parvifolium,,,,native,S5,,48.899771999999999,-123.405732999999998,,NA,NA,"2763362",obs_native,file:///D:/Simon/Sync/Root/GIS/Biodiversity%20Data/obs_native.csv?type=csv&maxFields=10000&detectTypes=yes&xField=longitude&yField=latitude&crs=EPSG:4326&spatialIndex=no&subsetIndex=no&watchFile=no
"9572",Vaccinium parvifolium,Vaccinium,parvifolium,,,,native,S5,,48.866543999999998,-123.321190000000001,,NA,NA,"2805251",obs_native,file:///D:/Simon/Sync/Root/GIS/Biodiversity%20Data/obs_native.csv?type=csv&maxFields=10000&detectTypes=yes&xField=longitude&yField=latitude&crs=EPSG:4326&spatialIndex=no&subsetIndex=no&watchFile=no
"9573",Vaccinium parvifolium,Vaccinium,parvifolium,,,,native,S5,,48.897158330000003,-123.349791699999997,,NA,NA,"2813663",obs_native,file:///D:/Simon/Sync/Root/GIS/Biodiversity%20Data/obs_native.csv?type=csv&maxFields=10000&detectTypes=yes&xField=longitude&yField=latitude&crs=EPSG:4326&spatialIndex=no&subsetIndex=no&watchFile=no
"9574",Vaccinium parvifolium,Vaccinium,parvifolium,,,,native,S5,,48.923557000000002,-123.445559000000003,,NA,NA,"2823167",obs_native,file:///D:/Simon/Sync/Root/GIS/Biodiversity%20Data/obs_native.csv?type=csv&maxFields=10000&detectTypes=yes&xField=longitude&yField=latitude&crs=EPSG:4326&spatialIndex=no&subsetIndex=no&watchFile=no
"9575",Vaccinium parvifolium,Vaccinium,parvifolium,,,,native,S5,,48.866413999999999,-123.335059000000001,,NA,NA,"3031300",obs_native,file:///D:/Simon/Sync/Root/GIS/Biodiversity%20Data/obs_native.csv?type=csv&maxFields=10000&detectTypes=yes&xField=longitude&yField=latitude&crs=EPSG:4326&spatialIndex=no&subsetIndex=no&watchFile=no
"9576",Vaccinium parvifolium,Vaccinium,parvifolium,,,,native,S5,,48.919024999999998,-123.430623999999995,,NA,NA,"3114494",obs_native,file:///D:/Simon/Sync/Root/GIS/Biodiversity%20Data/obs_native.csv?type=csv&maxFields=10000&detectTypes=yes&xField=longitude&yField=latitude&crs=EPSG:4326&spatialIndex=no&subsetIndex=no&watchFile=no
"9577",Vaccinium parvifolium,Vaccinium,parvifolium,,,,native,S5,,48.945706999999999,-123.481007000000005,,NA,NA,"3404194",obs_native,file:///D:/Simon/Sync/Root/GIS/Biodiversity%20Data/obs_native.csv?type=csv&maxFields=10000&detectTypes=yes&xField=longitude&yField=latitude&crs=EPSG:4326&spatialIndex=no&subsetIndex=no&watchFile=no
"9578",Vaccinium parvifolium,Vaccinium,parvifolium,,,,native,S5,,48.948452000000003,-123.502377999999993,,NA,NA,"3414409",obs_native,file:///D:/Simon/Sync/Root/GIS/Biodiversity%20Data/obs_native.csv?type=csv&maxFields=10000&detectTypes=yes&xField=longitude&yField=latitude&crs=EPSG:4326&spatialIndex=no&subsetIndex=no&watchFile=no
"9579",Vaccinium parvifolium,Vaccinium,parvifolium,,,,native,S5,,48.930863770000002,-123.469018899999995,,NA,NA,"3626400",obs_native,file:///D:/Simon/Sync/Root/GIS/Biodiversity%20Data/obs_native.csv?type=csv&maxFields=10000&detectTypes=yes&xField=longitude&yField=latitude&crs=EPSG:4326&spatialIndex=no&subsetIndex=no&watchFile=no
"9580",Vaccinium parvifolium,Vaccinium,parvifolium,,,,native,S5,,48.898304000000003,-123.407278000000005,,NA,NA,"3652886",obs_native,file:///D:/Simon/Sync/Root/GIS/Biodiversity%20Data/obs_native.csv?type=csv&maxFields=10000&detectTypes=yes&xField=longitude&yField=latitude&crs=EPSG:4326&spatialIndex=no&subsetIndex=no&watchFile=no
"9581",Vaccinium parvifolium,Vaccinium,parvifolium,,,,native,S5,,48.899765870000003,-123.407299499999993,,NA,NA,"3700974",obs_native,file:///D:/Simon/Sync/Root/GIS/Biodiversity%20Data/obs_native.csv?type=csv&maxFields=10000&detectTypes=yes&xField=longitude&yField=latitude&crs=EPSG:4326&spatialIndex=no&subsetIndex=no&watchFile=no
"9582",Vaccinium parvifolium,Vaccinium,parvifolium,,,,native,S5,,48.992375310000000,-123.575098499999996,,NA,NA,"4005332",obs_native,file:///D:/Simon/Sync/Root/GIS/Biodiversity%20Data/obs_native.csv?type=csv&maxFields=10000&detectTypes=yes&xField=longitude&yField=latitude&crs=EPSG:4326&spatialIndex=no&subsetIndex=no&watchFile=no
"9583",Vaccinium parvifolium,Vaccinium,parvifolium,,,,native,S5,,48.904618040000003,-123.358869600000006,,NA,NA,"5646985",obs_native,file:///D:/Simon/Sync/Root/GIS/Biodiversity%20Data/obs_native.csv?type=csv&maxFields=10000&detectTypes=yes&xField=longitude&yField=latitude&crs=EPSG:4326&spatialIndex=no&subsetIndex=no&watchFile=no
"9584",Vaccinium parvifolium,Vaccinium,parvifolium,,,,native,S5,,48.906324640000001,-123.359824399999994,,NA,NA,"5885652",obs_native,file:///D:/Simon/Sync/Root/GIS/Biodiversity%20Data/obs_native.csv?type=csv&maxFields=10000&detectTypes=yes&xField=longitude&yField=latitude&crs=EPSG:4326&spatialIndex=no&subsetIndex=no&watchFile=no
"9585",Vaccinium parvifolium,Vaccinium,parvifolium,,,,native,S5,,48.904688559999997,-123.357871799999998,,NA,NA,"5900165",obs_native,file:///D:/Simon/Sync/Root/GIS/Biodiversity%20Data/obs_native.csv?type=csv&maxFields=10000&detectTypes=yes&xField=longitude&yField=latitude&crs=EPSG:4326&spatialIndex=no&subsetIndex=no&watchFile=no
"9586",Vaccinium parvifolium,Vaccinium,parvifolium,,,,native,S5,,48.904688559999997,-123.357871799999998,,NA,NA,"5900171",obs_native,file:///D:/Simon/Sync/Root/GIS/Biodiversity%20Data/obs_native.csv?type=csv&maxFields=10000&detectTypes=yes&xField=longitude&yField=latitude&crs=EPSG:4326&spatialIndex=no&subsetIndex=no&watchFile=no
"9587",Vaccinium parvifolium,Vaccinium,parvifolium,,,,native,S5,,48.898341000000002,-123.343038000000007,,NA,NA,"8097334",obs_native,file:///D:/Simon/Sync/Root/GIS/Biodiversity%20Data/obs_native.csv?type=csv&maxFields=10000&detectTypes=yes&xField=longitude&yField=latitude&crs=EPSG:4326&spatialIndex=no&subsetIndex=no&watchFile=no
"9588",Vaccinium parvifolium,Vaccinium,parvifolium,,,,native,S5,,48.876247999999997,-123.326396000000003,,NA,NA,"10998442",obs_native,file:///D:/Simon/Sync/Root/GIS/Biodiversity%20Data/obs_native.csv?type=csv&maxFields=10000&detectTypes=yes&xField=longitude&yField=latitude&crs=EPSG:4326&spatialIndex=no&subsetIndex=no&watchFile=no
"9589",Vaccinium parvifolium,Vaccinium,parvifolium,,,,native,S5,,48.948430999999999,-123.502290000000002,,NA,NA,"11249920",obs_native,file:///D:/Simon/Sync/Root/GIS/Biodiversity%20Data/obs_native.csv?type=csv&maxFields=10000&detectTypes=yes&xField=longitude&yField=latitude&crs=EPSG:4326&spatialIndex=no&subsetIndex=no&watchFile=no
"9590",Vaccinium parvifolium,Vaccinium,parvifolium,,,,native,S5,,48.880899999999997,-123.333145000000002,,NA,NA,"12775051",obs_native,file:///D:/Simon/Sync/Root/GIS/Biodiversity%20Data/obs_native.csv?type=csv&maxFields=10000&detectTypes=yes&xField=longitude&yField=latitude&crs=EPSG:4326&spatialIndex=no&subsetIndex=no&watchFile=no
"9591",Vaccinium parvifolium,Vaccinium,parvifolium,,,,native,S5,,48.880411000000002,-123.336709999999997,,NA,NA,"12789776",obs_native,file:///D:/Simon/Sync/Root/GIS/Biodiversity%20Data/obs_native.csv?type=csv&maxFields=10000&detectTypes=yes&xField=longitude&yField=latitude&crs=EPSG:4326&spatialIndex=no&subsetIndex=no&watchFile=no
"9592",Vaccinium parvifolium,Vaccinium,parvifolium,,,,native,S5,,48.868533999999997,-123.338466999999994,,NA,NA,"12816383",obs_native,file:///D:/Simon/Sync/Root/GIS/Biodiversity%20Data/obs_native.csv?type=csv&maxFields=10000&detectTypes=yes&xField=longitude&yField=latitude&crs=EPSG:4326&spatialIndex=no&subsetIndex=no&watchFile=no
"9593",Vaccinium parvifolium,Vaccinium,parvifolium,,,,native,S5,,48.876116000000003,-123.326132000000001,,NA,NA,"13067903",obs_native,file:///D:/Simon/Sync/Root/GIS/Biodiversity%20Data/obs_native.csv?type=csv&maxFields=10000&detectTypes=yes&xField=longitude&yField=latitude&crs=EPSG:4326&spatialIndex=no&subsetIndex=no&watchFile=no
"9594",Vaccinium parvifolium,Vaccinium,parvifolium,,,,native,S5,,48.869005119999997,-123.345825800000000,,NA,NA,"13972525",obs_native,file:///D:/Simon/Sync/Root/GIS/Biodiversity%20Data/obs_native.csv?type=csv&maxFields=10000&detectTypes=yes&xField=longitude&yField=latitude&crs=EPSG:4326&spatialIndex=no&subsetIndex=no&watchFile=no
"9595",Vaccinium parvifolium,Vaccinium,parvifolium,,,,native,S5,,48.872202780000002,-123.351150000000004,,NA,NA,"13983525",obs_native,file:///D:/Simon/Sync/Root/GIS/Biodiversity%20Data/obs_native.csv?type=csv&maxFields=10000&detectTypes=yes&xField=longitude&yField=latitude&crs=EPSG:4326&spatialIndex=no&subsetIndex=no&watchFile=no
"9596",Vaccinium parvifolium,Vaccinium,parvifolium,,,,native,S5,,48.868889660000001,-123.346725599999999,,NA,NA,"20313579",obs_native,file:///D:/Simon/Sync/Root/GIS/Biodiversity%20Data/obs_native.csv?type=csv&maxFields=10000&detectTypes=yes&xField=longitude&yField=latitude&crs=EPSG:4326&spatialIndex=no&subsetIndex=no&watchFile=no
"9597",Vaccinium parvifolium,Vaccinium,parvifolium,,,,native,S5,,48.868975949999999,-123.346288900000005,,NA,NA,"20378020",obs_native,file:///D:/Simon/Sync/Root/GIS/Biodiversity%20Data/obs_native.csv?type=csv&maxFields=10000&detectTypes=yes&xField=longitude&yField=latitude&crs=EPSG:4326&spatialIndex=no&subsetIndex=no&watchFile=no
"9598",Vaccinium parvifolium,Vaccinium,parvifolium,,,,native,S5,,48.865420000000000,-123.332426699999999,,NA,NA,"22799465",obs_native,file:///D:/Simon/Sync/Root/GIS/Biodiversity%20Data/obs_native.csv?type=csv&maxFields=10000&detectTypes=yes&xField=longitude&yField=latitude&crs=EPSG:4326&spatialIndex=no&subsetIndex=no&watchFile=no
"9599",Vaccinium parvifolium,Vaccinium,parvifolium,,,,native,S5,,49.007592539999997,-123.576028399999998,,NA,NA,"24497695",obs_native,file:///D:/Simon/Sync/Root/GIS/Biodiversity%20Data/obs_native.csv?type=csv&maxFields=10000&detectTypes=yes&xField=longitude&yField=latitude&crs=EPSG:4326&spatialIndex=no&subsetIndex=no&watchFile=no
"9600",Vaccinium parvifolium,Vaccinium,parvifolium,,,,native,S5,,48.986608580000002,-123.560807800000006,,NA,NA,"24652501",obs_native,file:///D:/Simon/Sync/Root/GIS/Biodiversity%20Data/obs_native.csv?type=csv&maxFields=10000&detectTypes=yes&xField=longitude&yField=latitude&crs=EPSG:4326&spatialIndex=no&subsetIndex=no&watchFile=no
"9601",Vaccinium parvifolium,Vaccinium,parvifolium,,,,native,S5,,48.962422220000001,-123.517594399999993,,NA,NA,"24663856",obs_native,file:///D:/Simon/Sync/Root/GIS/Biodiversity%20Data/obs_native.csv?type=csv&maxFields=10000&detectTypes=yes&xField=longitude&yField=latitude&crs=EPSG:4326&spatialIndex=no&subsetIndex=no&watchFile=no
"9602",Vaccinium parvifolium,Vaccinium,parvifolium,,,,native,S5,,48.961344439999998,-123.519852799999995,,NA,NA,"24673977",obs_native,file:///D:/Simon/Sync/Root/GIS/Biodiversity%20Data/obs_native.csv?type=csv&maxFields=10000&detectTypes=yes&xField=longitude&yField=latitude&crs=EPSG:4326&spatialIndex=no&subsetIndex=no&watchFile=no
"9603",Vaccinium parvifolium,Vaccinium,parvifolium,,,,native,S5,,48.961341670000003,-123.519805599999998,,NA,NA,"24674078",obs_native,file:///D:/Simon/Sync/Root/GIS/Biodiversity%20Data/obs_native.csv?type=csv&maxFields=10000&detectTypes=yes&xField=longitude&yField=latitude&crs=EPSG:4326&spatialIndex=no&subsetIndex=no&watchFile=no
"9604",Vaccinium parvifolium,Vaccinium,parvifolium,,,,native,S5,,48.895477780000000,-123.407180600000004,,NA,NA,"24677348",obs_native,file:///D:/Simon/Sync/Root/GIS/Biodiversity%20Data/obs_native.csv?type=csv&maxFields=10000&detectTypes=yes&xField=longitude&yField=latitude&crs=EPSG:4326&spatialIndex=no&subsetIndex=no&watchFile=no
"9605",Vaccinium parvifolium,Vaccinium,parvifolium,,,,native,S5,,48.896349999999998,-123.407783300000006,,NA,NA,"24677358",obs_native,file:///D:/Simon/Sync/Root/GIS/Biodiversity%20Data/obs_native.csv?type=csv&maxFields=10000&detectTypes=yes&xField=longitude&yField=latitude&crs=EPSG:4326&spatialIndex=no&subsetIndex=no&watchFile=no
"9606",Vaccinium parvifolium,Vaccinium,parvifolium,,,,native,S5,,48.895766670000000,-123.407233300000001,,NA,NA,"24677547",obs_native,file:///D:/Simon/Sync/Root/GIS/Biodiversity%20Data/obs_native.csv?type=csv&maxFields=10000&detectTypes=yes&xField=longitude&yField=latitude&crs=EPSG:4326&spatialIndex=no&subsetIndex=no&watchFile=no
"9607",Vaccinium parvifolium,Vaccinium,parvifolium,,,,native,S5,,48.962366670000002,-123.518722199999999,,NA,NA,"24694154",obs_native,file:///D:/Simon/Sync/Root/GIS/Biodiversity%20Data/obs_native.csv?type=csv&maxFields=10000&detectTypes=yes&xField=longitude&yField=latitude&crs=EPSG:4326&spatialIndex=no&subsetIndex=no&watchFile=no
"9608",Vaccinium parvifolium,Vaccinium,parvifolium,,,,native,S5,,48.866588890000003,-123.330161099999998,,NA,NA,"24702314",obs_native,file:///D:/Simon/Sync/Root/GIS/Biodiversity%20Data/obs_native.csv?type=csv&maxFields=10000&detectTypes=yes&xField=longitude&yField=latitude&crs=EPSG:4326&spatialIndex=no&subsetIndex=no&watchFile=no
"9609",Vaccinium parvifolium,Vaccinium,parvifolium,,,,native,S5,,48.866703330000000,-123.330493300000001,,NA,NA,"24874397",obs_native,file:///D:/Simon/Sync/Root/GIS/Biodiversity%20Data/obs_native.csv?type=csv&maxFields=10000&detectTypes=yes&xField=longitude&yField=latitude&crs=EPSG:4326&spatialIndex=no&subsetIndex=no&watchFile=no
"9610",Vaccinium parvifolium,Vaccinium,parvifolium,,,,native,S5,,48.899894940000003,-123.406549900000002,,NA,NA,"24919574",obs_native,file:///D:/Simon/Sync/Root/GIS/Biodiversity%20Data/obs_native.csv?type=csv&maxFields=10000&detectTypes=yes&xField=longitude&yField=latitude&crs=EPSG:4326&spatialIndex=no&subsetIndex=no&watchFile=no
"9611",Vaccinium parvifolium,Vaccinium,parvifolium,,,,native,S5,,48.897330539999999,-123.408869199999998,,NA,NA,"24937765",obs_native,file:///D:/Simon/Sync/Root/GIS/Biodiversity%20Data/obs_native.csv?type=csv&maxFields=10000&detectTypes=yes&xField=longitude&yField=latitude&crs=EPSG:4326&spatialIndex=no&subsetIndex=no&watchFile=no
"9612",Vaccinium parvifolium,Vaccinium,parvifolium,,,,native,S5,,48.899803079999998,-123.406445800000000,,NA,NA,"25199616",obs_native,file:///D:/Simon/Sync/Root/GIS/Biodiversity%20Data/obs_native.csv?type=csv&maxFields=10000&detectTypes=yes&xField=longitude&yField=latitude&crs=EPSG:4326&spatialIndex=no&subsetIndex=no&watchFile=no
"9613",Vaccinium parvifolium,Vaccinium,parvifolium,,,,native,S5,,48.899322540000000,-123.403623999999994,,NA,NA,"25478202",obs_native,file:///D:/Simon/Sync/Root/GIS/Biodiversity%20Data/obs_native.csv?type=csv&maxFields=10000&detectTypes=yes&xField=longitude&yField=latitude&crs=EPSG:4326&spatialIndex=no&subsetIndex=no&watchFile=no
"9614",Vaccinium parvifolium,Vaccinium,parvifolium,,,,native,S5,,48.899852780000003,-123.406494400000000,,NA,NA,"25559054",obs_native,file:///D:/Simon/Sync/Root/GIS/Biodiversity%20Data/obs_native.csv?type=csv&maxFields=10000&detectTypes=yes&xField=longitude&yField=latitude&crs=EPSG:4326&spatialIndex=no&subsetIndex=no&watchFile=no
"9615",Vaccinium parvifolium,Vaccinium,parvifolium,,,,native,S5,,48.946183040000001,-123.479581800000005,,NA,NA,"38434039",obs_native,file:///D:/Simon/Sync/Root/GIS/Biodiversity%20Data/obs_native.csv?type=csv&maxFields=10000&detectTypes=yes&xField=longitude&yField=latitude&crs=EPSG:4326&spatialIndex=no&subsetIndex=no&watchFile=no
"9616",Vaccinium parvifolium,Vaccinium,parvifolium,,,,native,S5,,48.868949630000003,-123.347323500000002,,NA,NA,"43555579",obs_native,file:///D:/Simon/Sync/Root/GIS/Biodiversity%20Data/obs_native.csv?type=csv&maxFields=10000&detectTypes=yes&xField=longitude&yField=latitude&crs=EPSG:4326&spatialIndex=no&subsetIndex=no&watchFile=no
"9617",Vaccinium parvifolium,Vaccinium,parvifolium,,,,native,S5,,48.930384590000003,-123.467624700000002,,NA,NA,"52513589",obs_native,file:///D:/Simon/Sync/Root/GIS/Biodiversity%20Data/obs_native.csv?type=csv&maxFields=10000&detectTypes=yes&xField=longitude&yField=latitude&crs=EPSG:4326&spatialIndex=no&subsetIndex=no&watchFile=no
"9618",Vaccinium parvifolium,Vaccinium,parvifolium,,,,native,S5,,48.929277310000003,-123.467510799999999,,NA,NA,"84370896",obs_native,file:///D:/Simon/Sync/Root/GIS/Biodiversity%20Data/obs_native.csv?type=csv&maxFields=10000&detectTypes=yes&xField=longitude&yField=latitude&crs=EPSG:4326&spatialIndex=no&subsetIndex=no&watchFile=no
"9619",Vaccinium parvifolium,Vaccinium,parvifolium,,,,native,S5,,48.930774999999997,-123.469596699999997,,NA,NA,"84637063",obs_native,file:///D:/Simon/Sync/Root/GIS/Biodiversity%20Data/obs_native.csv?type=csv&maxFields=10000&detectTypes=yes&xField=longitude&yField=latitude&crs=EPSG:4326&spatialIndex=no&subsetIndex=no&watchFile=no
"9620",Vaccinium parvifolium,Vaccinium,parvifolium,,,,native,S5,,48.874221949999999,-123.320247600000002,,NA,NA,"86360287",obs_native,file:///D:/Simon/Sync/Root/GIS/Biodiversity%20Data/obs_native.csv?type=csv&maxFields=10000&detectTypes=yes&xField=longitude&yField=latitude&crs=EPSG:4326&spatialIndex=no&subsetIndex=no&watchFile=no
"9621",Vaccinium parvifolium,Vaccinium,parvifolium,,,,native,S5,,48.873520790000001,-123.342837399999993,,NA,NA,"87960708",obs_native,file:///D:/Simon/Sync/Root/GIS/Biodiversity%20Data/obs_native.csv?type=csv&maxFields=10000&detectTypes=yes&xField=longitude&yField=latitude&crs=EPSG:4326&spatialIndex=no&subsetIndex=no&watchFile=no
"9622",Vaccinium parvifolium,Vaccinium,parvifolium,,,,native,S5,,48.994594999999997,-123.562809999999999,,NA,NA,"94679736",obs_native,file:///D:/Simon/Sync/Root/GIS/Biodiversity%20Data/obs_native.csv?type=csv&maxFields=10000&detectTypes=yes&xField=longitude&yField=latitude&crs=EPSG:4326&spatialIndex=no&subsetIndex=no&watchFile=no
"9623",Vaccinium parvifolium,Vaccinium,parvifolium,,,,native,S5,,48.899878970000003,-123.343192000000002,,NA,NA,"100643586",obs_native,file:///D:/Simon/Sync/Root/GIS/Biodiversity%20Data/obs_native.csv?type=csv&maxFields=10000&detectTypes=yes&xField=longitude&yField=latitude&crs=EPSG:4326&spatialIndex=no&subsetIndex=no&watchFile=no
"9624",Vaccinium parvifolium,Vaccinium,parvifolium,,,,native,S5,,48.910393780000000,-123.416389800000005,,NA,NA,"101656150",obs_native,file:///D:/Simon/Sync/Root/GIS/Biodiversity%20Data/obs_native.csv?type=csv&maxFields=10000&detectTypes=yes&xField=longitude&yField=latitude&crs=EPSG:4326&spatialIndex=no&subsetIndex=no&watchFile=no
"9625",Vaccinium parvifolium,Vaccinium,parvifolium,,,,native,S5,,48.947553329999998,-123.501993299999995,,NA,NA,"107022564",obs_native,file:///D:/Simon/Sync/Root/GIS/Biodiversity%20Data/obs_native.csv?type=csv&maxFields=10000&detectTypes=yes&xField=longitude&yField=latitude&crs=EPSG:4326&spatialIndex=no&subsetIndex=no&watchFile=no
"9626",Vaccinium parvifolium,Vaccinium,parvifolium,,,,native,S5,,48.947388330000003,-123.502449999999996,,NA,NA,"107022571",obs_native,file:///D:/Simon/Sync/Root/GIS/Biodiversity%20Data/obs_native.csv?type=csv&maxFields=10000&detectTypes=yes&xField=longitude&yField=latitude&crs=EPSG:4326&spatialIndex=no&subsetIndex=no&watchFile=no
"9627",Vaccinium parvifolium,Vaccinium,parvifolium,,,,native,S5,,48.947688890000002,-123.500838900000005,,NA,NA,"107022582",obs_native,file:///D:/Simon/Sync/Root/GIS/Biodiversity%20Data/obs_native.csv?type=csv&maxFields=10000&detectTypes=yes&xField=longitude&yField=latitude&crs=EPSG:4326&spatialIndex=no&subsetIndex=no&watchFile=no
"9628",Vaccinium parvifolium,Vaccinium,parvifolium,,,,native,S5,,48.947566670000000,-123.500685000000004,,NA,NA,"107022590",obs_native,file:///D:/Simon/Sync/Root/GIS/Biodiversity%20Data/obs_native.csv?type=csv&maxFields=10000&detectTypes=yes&xField=longitude&yField=latitude&crs=EPSG:4326&spatialIndex=no&subsetIndex=no&watchFile=no
"9648",Veronica americana,Veronica,americana,,,,native,S5,,48.931691000000001,-123.478603000000007,,NA,NA,"2563684",obs_native,file:///D:/Simon/Sync/Root/GIS/Biodiversity%20Data/obs_native.csv?type=csv&maxFields=10000&detectTypes=yes&xField=longitude&yField=latitude&crs=EPSG:4326&spatialIndex=no&subsetIndex=no&watchFile=no
"9649",Veronica americana,Veronica,americana,,,,native,S5,,48.933382999999999,-123.482894999999999,,NA,NA,"2566571",obs_native,file:///D:/Simon/Sync/Root/GIS/Biodiversity%20Data/obs_native.csv?type=csv&maxFields=10000&detectTypes=yes&xField=longitude&yField=latitude&crs=EPSG:4326&spatialIndex=no&subsetIndex=no&watchFile=no
"9650",Veronica americana,Veronica,americana,,,,native,S5,,48.932661000000003,-123.480749000000003,,NA,NA,"2567664",obs_native,file:///D:/Simon/Sync/Root/GIS/Biodiversity%20Data/obs_native.csv?type=csv&maxFields=10000&detectTypes=yes&xField=longitude&yField=latitude&crs=EPSG:4326&spatialIndex=no&subsetIndex=no&watchFile=no
"9651",Veronica americana,Veronica,americana,,,,native,S5,,48.983659000000003,-123.556323000000006,,NA,NA,"3296516",obs_native,file:///D:/Simon/Sync/Root/GIS/Biodiversity%20Data/obs_native.csv?type=csv&maxFields=10000&detectTypes=yes&xField=longitude&yField=latitude&crs=EPSG:4326&spatialIndex=no&subsetIndex=no&watchFile=no
"9652",Veronica americana,Veronica,americana,,,,native,S5,,48.915973999999999,-123.424808999999996,,NA,NA,"3296827",obs_native,file:///D:/Simon/Sync/Root/GIS/Biodiversity%20Data/obs_native.csv?type=csv&maxFields=10000&detectTypes=yes&xField=longitude&yField=latitude&crs=EPSG:4326&spatialIndex=no&subsetIndex=no&watchFile=no
"9653",Veronica americana,Veronica,americana,,,,native,S5,,48.915652000000001,-123.426826000000005,,NA,NA,"3335619",obs_native,file:///D:/Simon/Sync/Root/GIS/Biodiversity%20Data/obs_native.csv?type=csv&maxFields=10000&detectTypes=yes&xField=longitude&yField=latitude&crs=EPSG:4326&spatialIndex=no&subsetIndex=no&watchFile=no
"9654",Veronica americana,Veronica,americana,,,,native,S5,,48.915652000000001,-123.426826000000005,,NA,NA,"3336153",obs_native,file:///D:/Simon/Sync/Root/GIS/Biodiversity%20Data/obs_native.csv?type=csv&maxFields=10000&detectTypes=yes&xField=longitude&yField=latitude&crs=EPSG:4326&spatialIndex=no&subsetIndex=no&watchFile=no
"9655",Veronica americana,Veronica,americana,,,,native,S5,,48.948452000000003,-123.502377999999993,,NA,NA,"3414693",obs_native,file:///D:/Simon/Sync/Root/GIS/Biodiversity%20Data/obs_native.csv?type=csv&maxFields=10000&detectTypes=yes&xField=longitude&yField=latitude&crs=EPSG:4326&spatialIndex=no&subsetIndex=no&watchFile=no
"9656",Veronica americana,Veronica,americana,,,,native,S5,,48.892054999999999,-123.327489000000000,,NA,NA,"3462535",obs_native,file:///D:/Simon/Sync/Root/GIS/Biodiversity%20Data/obs_native.csv?type=csv&maxFields=10000&detectTypes=yes&xField=longitude&yField=latitude&crs=EPSG:4326&spatialIndex=no&subsetIndex=no&watchFile=no
"9657",Veronica americana,Veronica,americana,,,,native,S5,,48.993644439999997,-123.576224999999994,,NA,NA,"3889105",obs_native,file:///D:/Simon/Sync/Root/GIS/Biodiversity%20Data/obs_native.csv?type=csv&maxFields=10000&detectTypes=yes&xField=longitude&yField=latitude&crs=EPSG:4326&spatialIndex=no&subsetIndex=no&watchFile=no
"9658",Veronica americana,Veronica,americana,,,,native,S5,,48.974776630000001,-123.547976000000006,,NA,NA,"6412032",obs_native,file:///D:/Simon/Sync/Root/GIS/Biodiversity%20Data/obs_native.csv?type=csv&maxFields=10000&detectTypes=yes&xField=longitude&yField=latitude&crs=EPSG:4326&spatialIndex=no&subsetIndex=no&watchFile=no
"9659",Veronica americana,Veronica,americana,,,,native,S5,,48.997526940000000,-123.567839800000002,,NA,NA,"6570605",obs_native,file:///D:/Simon/Sync/Root/GIS/Biodiversity%20Data/obs_native.csv?type=csv&maxFields=10000&detectTypes=yes&xField=longitude&yField=latitude&crs=EPSG:4326&spatialIndex=no&subsetIndex=no&watchFile=no
"9660",Veronica americana,Veronica,americana,,,,native,S5,,48.982548999999999,-123.554992999999996,,NA,NA,"6669692",obs_native,file:///D:/Simon/Sync/Root/GIS/Biodiversity%20Data/obs_native.csv?type=csv&maxFields=10000&detectTypes=yes&xField=longitude&yField=latitude&crs=EPSG:4326&spatialIndex=no&subsetIndex=no&watchFile=no
"9661",Veronica americana,Veronica,americana,,,,native,S5,,48.869607000000002,-123.342412999999993,,NA,NA,"12634808",obs_native,file:///D:/Simon/Sync/Root/GIS/Biodiversity%20Data/obs_native.csv?type=csv&maxFields=10000&detectTypes=yes&xField=longitude&yField=latitude&crs=EPSG:4326&spatialIndex=no&subsetIndex=no&watchFile=no
"9662",Veronica americana,Veronica,americana,,,,native,S5,,48.874077000000000,-123.342488000000003,,NA,NA,"12791746",obs_native,file:///D:/Simon/Sync/Root/GIS/Biodiversity%20Data/obs_native.csv?type=csv&maxFields=10000&detectTypes=yes&xField=longitude&yField=latitude&crs=EPSG:4326&spatialIndex=no&subsetIndex=no&watchFile=no
"9663",Veronica americana,Veronica,americana,,,,native,S5,,48.995741000000002,-123.577927000000003,,NA,NA,"13224608",obs_native,file:///D:/Simon/Sync/Root/GIS/Biodiversity%20Data/obs_native.csv?type=csv&maxFields=10000&detectTypes=yes&xField=longitude&yField=latitude&crs=EPSG:4326&spatialIndex=no&subsetIndex=no&watchFile=no
"9664",Veronica americana,Veronica,americana,,,,native,S5,,48.995741000000002,-123.577927000000003,,NA,NA,"13224684",obs_native,file:///D:/Simon/Sync/Root/GIS/Biodiversity%20Data/obs_native.csv?type=csv&maxFields=10000&detectTypes=yes&xField=longitude&yField=latitude&crs=EPSG:4326&spatialIndex=no&subsetIndex=no&watchFile=no
"9665",Veronica americana,Veronica,americana,,,,native,S5,,48.895919669999998,-123.344496000000007,,NA,NA,"13974439",obs_native,file:///D:/Simon/Sync/Root/GIS/Biodiversity%20Data/obs_native.csv?type=csv&maxFields=10000&detectTypes=yes&xField=longitude&yField=latitude&crs=EPSG:4326&spatialIndex=no&subsetIndex=no&watchFile=no
"9666",Veronica americana,Veronica,americana,,,,native,S5,,48.962825000000002,-123.519729999999996,,NA,NA,"24697702",obs_native,file:///D:/Simon/Sync/Root/GIS/Biodiversity%20Data/obs_native.csv?type=csv&maxFields=10000&detectTypes=yes&xField=longitude&yField=latitude&crs=EPSG:4326&spatialIndex=no&subsetIndex=no&watchFile=no
"9667",Veronica americana,Veronica,americana,,,,native,S5,,48.899766669999998,-123.406016699999995,,NA,NA,"24712579",obs_native,file:///D:/Simon/Sync/Root/GIS/Biodiversity%20Data/obs_native.csv?type=csv&maxFields=10000&detectTypes=yes&xField=longitude&yField=latitude&crs=EPSG:4326&spatialIndex=no&subsetIndex=no&watchFile=no
"9668",Veronica americana,Veronica,americana,,,,native,S5,,48.961956669999999,-123.518513299999995,,NA,NA,"24870098",obs_native,file:///D:/Simon/Sync/Root/GIS/Biodiversity%20Data/obs_native.csv?type=csv&maxFields=10000&detectTypes=yes&xField=longitude&yField=latitude&crs=EPSG:4326&spatialIndex=no&subsetIndex=no&watchFile=no
"9669",Veronica americana,Veronica,americana,,,,native,S5,,48.898000000000003,-123.399361099999993,,NA,NA,"25655369",obs_native,file:///D:/Simon/Sync/Root/GIS/Biodiversity%20Data/obs_native.csv?type=csv&maxFields=10000&detectTypes=yes&xField=longitude&yField=latitude&crs=EPSG:4326&spatialIndex=no&subsetIndex=no&watchFile=no
"9670",Veronica americana,Veronica,americana,,,,native,S5,,48.972625000000001,-123.560738299999997,,NA,NA,"42174989",obs_native,file:///D:/Simon/Sync/Root/GIS/Biodiversity%20Data/obs_native.csv?type=csv&maxFields=10000&detectTypes=yes&xField=longitude&yField=latitude&crs=EPSG:4326&spatialIndex=no&subsetIndex=no&watchFile=no
"9671",Veronica americana,Veronica,americana,,,,native,S5,,48.910286110000001,-123.416313900000006,,NA,NA,"56906402",obs_native,file:///D:/Simon/Sync/Root/GIS/Biodiversity%20Data/obs_native.csv?type=csv&maxFields=10000&detectTypes=yes&xField=longitude&yField=latitude&crs=EPSG:4326&spatialIndex=no&subsetIndex=no&watchFile=no
"9672",Veronica americana,Veronica,americana,,,,native,S5,,48.873824999999997,-123.343784999999997,,NA,NA,"87960710",obs_native,file:///D:/Simon/Sync/Root/GIS/Biodiversity%20Data/obs_native.csv?type=csv&maxFields=10000&detectTypes=yes&xField=longitude&yField=latitude&crs=EPSG:4326&spatialIndex=no&subsetIndex=no&watchFile=no
"9673",Veronica americana,Veronica,americana,,,,native,S5,,48.984093330000000,-123.556808300000000,,NA,NA,"89513134",obs_native,file:///D:/Simon/Sync/Root/GIS/Biodiversity%20Data/obs_native.csv?type=csv&maxFields=10000&detectTypes=yes&xField=longitude&yField=latitude&crs=EPSG:4326&spatialIndex=no&subsetIndex=no&watchFile=no
"9674",Veronica americana,Veronica,americana,,,,native,S5,,48.930231310000003,-123.473140099999995,,NA,NA,"107514617",obs_native,file:///D:/Simon/Sync/Root/GIS/Biodiversity%20Data/obs_native.csv?type=csv&maxFields=10000&detectTypes=yes&xField=longitude&yField=latitude&crs=EPSG:4326&spatialIndex=no&subsetIndex=no&watchFile=no
"9675",Veronica americana,Veronica,americana,,,,native,S5,,48.880471669999999,-123.380470000000003,,NA,NA,"118718753",obs_native,file:///D:/Simon/Sync/Root/GIS/Biodiversity%20Data/obs_native.csv?type=csv&maxFields=10000&detectTypes=yes&xField=longitude&yField=latitude&crs=EPSG:4326&spatialIndex=no&subsetIndex=no&watchFile=no
"9676",Veronica americana,Veronica,americana,,,,native,S5,,48.931508330000000,-123.476555599999998,,NA,NA,"120618096",obs_native,file:///D:/Simon/Sync/Root/GIS/Biodiversity%20Data/obs_native.csv?type=csv&maxFields=10000&detectTypes=yes&xField=longitude&yField=latitude&crs=EPSG:4326&spatialIndex=no&subsetIndex=no&watchFile=no
"9677",Veronica americana,Veronica,americana,,,,native,S5,,48.927849999999999,-123.453286700000007,,NA,NA,"120748178",obs_native,file:///D:/Simon/Sync/Root/GIS/Biodiversity%20Data/obs_native.csv?type=csv&maxFields=10000&detectTypes=yes&xField=longitude&yField=latitude&crs=EPSG:4326&spatialIndex=no&subsetIndex=no&watchFile=no
"9678",Veronica americana,Veronica,americana,,,,native,S5,,48.870688330000000,-123.321118299999995,,NA,NA,"121538440",obs_native,file:///D:/Simon/Sync/Root/GIS/Biodiversity%20Data/obs_native.csv?type=csv&maxFields=10000&detectTypes=yes&xField=longitude&yField=latitude&crs=EPSG:4326&spatialIndex=no&subsetIndex=no&watchFile=no
"9679",Veronica americana,Veronica,americana,,,,native,S5,,48.910347219999998,-123.416252799999995,,NA,NA,"125189747",obs_native,file:///D:/Simon/Sync/Root/GIS/Biodiversity%20Data/obs_native.csv?type=csv&maxFields=10000&detectTypes=yes&xField=longitude&yField=latitude&crs=EPSG:4326&spatialIndex=no&subsetIndex=no&watchFile=no
"9680",Veronica americana,Veronica,americana,,,,native,S5,,48.977463329999999,-123.566238299999995,,NA,NA,"129718020",obs_native,file:///D:/Simon/Sync/Root/GIS/Biodiversity%20Data/obs_native.csv?type=csv&maxFields=10000&detectTypes=yes&xField=longitude&yField=latitude&crs=EPSG:4326&spatialIndex=no&subsetIndex=no&watchFile=no
"9736",Veronica scutellata,Veronica,scutellata,,,,native,S5,,48.929231000000001,-123.470578000000003,,NA,NA,"2561852",obs_native,file:///D:/Simon/Sync/Root/GIS/Biodiversity%20Data/obs_native.csv?type=csv&maxFields=10000&detectTypes=yes&xField=longitude&yField=latitude&crs=EPSG:4326&spatialIndex=no&subsetIndex=no&watchFile=no
"9737",Veronica scutellata,Veronica,scutellata,,,,native,S5,,48.929378999999997,-123.470620999999994,,NA,NA,"2564099",obs_native,file:///D:/Simon/Sync/Root/GIS/Biodiversity%20Data/obs_native.csv?type=csv&maxFields=10000&detectTypes=yes&xField=longitude&yField=latitude&crs=EPSG:4326&spatialIndex=no&subsetIndex=no&watchFile=no
"9738",Veronica scutellata,Veronica,scutellata,,,,native,S5,,48.983659000000003,-123.556323000000006,,NA,NA,"3296328",obs_native,file:///D:/Simon/Sync/Root/GIS/Biodiversity%20Data/obs_native.csv?type=csv&maxFields=10000&detectTypes=yes&xField=longitude&yField=latitude&crs=EPSG:4326&spatialIndex=no&subsetIndex=no&watchFile=no
"9739",Veronica scutellata,Veronica,scutellata,,,,native,S5,,48.948452000000003,-123.502377999999993,,NA,NA,"3414481",obs_native,file:///D:/Simon/Sync/Root/GIS/Biodiversity%20Data/obs_native.csv?type=csv&maxFields=10000&detectTypes=yes&xField=longitude&yField=latitude&crs=EPSG:4326&spatialIndex=no&subsetIndex=no&watchFile=no
"9740",Veronica scutellata,Veronica,scutellata,,,,native,S5,,48.871181000000000,-123.321111999999999,,NA,NA,"3505717",obs_native,file:///D:/Simon/Sync/Root/GIS/Biodiversity%20Data/obs_native.csv?type=csv&maxFields=10000&detectTypes=yes&xField=longitude&yField=latitude&crs=EPSG:4326&spatialIndex=no&subsetIndex=no&watchFile=no
"9741",Veronica scutellata,Veronica,scutellata,,,,native,S5,,48.991172220000003,-123.574111099999996,,NA,NA,"3889093",obs_native,file:///D:/Simon/Sync/Root/GIS/Biodiversity%20Data/obs_native.csv?type=csv&maxFields=10000&detectTypes=yes&xField=longitude&yField=latitude&crs=EPSG:4326&spatialIndex=no&subsetIndex=no&watchFile=no
"9742",Veronica scutellata,Veronica,scutellata,,,,native,S5,,48.941774660000000,-123.478167799999994,,NA,NA,"13198944",obs_native,file:///D:/Simon/Sync/Root/GIS/Biodiversity%20Data/obs_native.csv?type=csv&maxFields=10000&detectTypes=yes&xField=longitude&yField=latitude&crs=EPSG:4326&spatialIndex=no&subsetIndex=no&watchFile=no
"9743",Veronica scutellata,Veronica,scutellata,,,,native,S5,,48.941518850000001,-123.476003899999995,,NA,NA,"82630819",obs_native,file:///D:/Simon/Sync/Root/GIS/Biodiversity%20Data/obs_native.csv?type=csv&maxFields=10000&detectTypes=yes&xField=longitude&yField=latitude&crs=EPSG:4326&spatialIndex=no&subsetIndex=no&watchFile=no
"9744",Veronica scutellata,Veronica,scutellata,,,,native,S5,,48.877511669999997,-123.366433299999997,,NA,NA,"129778447",obs_native,file:///D:/Simon/Sync/Root/GIS/Biodiversity%20Data/obs_native.csv?type=csv&maxFields=10000&detectTypes=yes&xField=longitude&yField=latitude&crs=EPSG:4326&spatialIndex=no&subsetIndex=no&watchFile=no
"9745",Veronica scutellata,Veronica,scutellata,,,,native,S5,,48.871616670000002,-123.321013300000004,,NA,NA,"130445446",obs_native,file:///D:/Simon/Sync/Root/GIS/Biodiversity%20Data/obs_native.csv?type=csv&maxFields=10000&detectTypes=yes&xField=longitude&yField=latitude&crs=EPSG:4326&spatialIndex=no&subsetIndex=no&watchFile=no
"9775",Vicia americana,Vicia,americana,,,,native,S5,,48.896949999999997,-123.406677000000002,,NA,NA,"3310721",obs_native,file:///D:/Simon/Sync/Root/GIS/Biodiversity%20Data/obs_native.csv?type=csv&maxFields=10000&detectTypes=yes&xField=longitude&yField=latitude&crs=EPSG:4326&spatialIndex=no&subsetIndex=no&watchFile=no
"9776",Vicia americana,Vicia,americana,,,,native,S5,,48.896949999999997,-123.406677000000002,,NA,NA,"3310916",obs_native,file:///D:/Simon/Sync/Root/GIS/Biodiversity%20Data/obs_native.csv?type=csv&maxFields=10000&detectTypes=yes&xField=longitude&yField=latitude&crs=EPSG:4326&spatialIndex=no&subsetIndex=no&watchFile=no
"9777",Vicia americana,Vicia,americana,,,,native,S5,,48.948452000000003,-123.502377999999993,,NA,NA,"3414578",obs_native,file:///D:/Simon/Sync/Root/GIS/Biodiversity%20Data/obs_native.csv?type=csv&maxFields=10000&detectTypes=yes&xField=longitude&yField=latitude&crs=EPSG:4326&spatialIndex=no&subsetIndex=no&watchFile=no
"9778",Vicia americana,Vicia,americana,,,,native,S5,,48.872026159999997,-123.311426600000004,,NA,NA,"6434842",obs_native,file:///D:/Simon/Sync/Root/GIS/Biodiversity%20Data/obs_native.csv?type=csv&maxFields=10000&detectTypes=yes&xField=longitude&yField=latitude&crs=EPSG:4326&spatialIndex=no&subsetIndex=no&watchFile=no
"9779",Vicia americana,Vicia,americana,,,,native,S5,,48.914786800000002,-123.389681600000003,,NA,NA,"13102193",obs_native,file:///D:/Simon/Sync/Root/GIS/Biodiversity%20Data/obs_native.csv?type=csv&maxFields=10000&detectTypes=yes&xField=longitude&yField=latitude&crs=EPSG:4326&spatialIndex=no&subsetIndex=no&watchFile=no
"9780",Vicia americana,Vicia,americana,,,,native,S5,,48.914786800000002,-123.389681600000003,,NA,NA,"13102215",obs_native,file:///D:/Simon/Sync/Root/GIS/Biodiversity%20Data/obs_native.csv?type=csv&maxFields=10000&detectTypes=yes&xField=longitude&yField=latitude&crs=EPSG:4326&spatialIndex=no&subsetIndex=no&watchFile=no
"9781",Vicia americana,Vicia,americana,,,,native,S5,,48.871911109999999,-123.312980600000003,,NA,NA,"24701414",obs_native,file:///D:/Simon/Sync/Root/GIS/Biodiversity%20Data/obs_native.csv?type=csv&maxFields=10000&detectTypes=yes&xField=longitude&yField=latitude&crs=EPSG:4326&spatialIndex=no&subsetIndex=no&watchFile=no
"9782",Vicia americana,Vicia,americana,,,,native,S5,,48.872172300000003,-123.311615000000003,,NA,NA,"24707861",obs_native,file:///D:/Simon/Sync/Root/GIS/Biodiversity%20Data/obs_native.csv?type=csv&maxFields=10000&detectTypes=yes&xField=longitude&yField=latitude&crs=EPSG:4326&spatialIndex=no&subsetIndex=no&watchFile=no
"9783",Vicia americana,Vicia,americana,,,,native,S5,,48.871894439999998,-123.312316699999997,,NA,NA,"24806714",obs_native,file:///D:/Simon/Sync/Root/GIS/Biodiversity%20Data/obs_native.csv?type=csv&maxFields=10000&detectTypes=yes&xField=longitude&yField=latitude&crs=EPSG:4326&spatialIndex=no&subsetIndex=no&watchFile=no
"9784",Vicia americana,Vicia,americana,,,,native,S5,,48.872005559999998,-123.312941699999996,,NA,NA,"24806731",obs_native,file:///D:/Simon/Sync/Root/GIS/Biodiversity%20Data/obs_native.csv?type=csv&maxFields=10000&detectTypes=yes&xField=longitude&yField=latitude&crs=EPSG:4326&spatialIndex=no&subsetIndex=no&watchFile=no
"9785",Vicia americana,Vicia,americana,,,,native,S5,,48.978807840000002,-123.556484999999995,,NA,NA,"25479249",obs_native,file:///D:/Simon/Sync/Root/GIS/Biodiversity%20Data/obs_native.csv?type=csv&maxFields=10000&detectTypes=yes&xField=longitude&yField=latitude&crs=EPSG:4326&spatialIndex=no&subsetIndex=no&watchFile=no
"9786",Vicia americana,Vicia,americana,,,,native,S5,,48.948528000000003,-123.502396599999997,,NA,NA,"26203681",obs_native,file:///D:/Simon/Sync/Root/GIS/Biodiversity%20Data/obs_native.csv?type=csv&maxFields=10000&detectTypes=yes&xField=longitude&yField=latitude&crs=EPSG:4326&spatialIndex=no&subsetIndex=no&watchFile=no
"9787",Vicia americana,Vicia,americana,,,,native,S5,,48.900800539999999,-123.341875999999999,,NA,NA,"26288934",obs_native,file:///D:/Simon/Sync/Root/GIS/Biodiversity%20Data/obs_native.csv?type=csv&maxFields=10000&detectTypes=yes&xField=longitude&yField=latitude&crs=EPSG:4326&spatialIndex=no&subsetIndex=no&watchFile=no
"9788",Vicia americana,Vicia,americana,,,,native,S5,,48.932295119999999,-123.479091299999993,,NA,NA,"53384097",obs_native,file:///D:/Simon/Sync/Root/GIS/Biodiversity%20Data/obs_native.csv?type=csv&maxFields=10000&detectTypes=yes&xField=longitude&yField=latitude&crs=EPSG:4326&spatialIndex=no&subsetIndex=no&watchFile=no
"9789",Vicia americana,Vicia,americana,,,,native,S5,,49.013359999999999,-123.573621700000004,,NA,NA,"123934628",obs_native,file:///D:/Simon/Sync/Root/GIS/Biodiversity%20Data/obs_native.csv?type=csv&maxFields=10000&detectTypes=yes&xField=longitude&yField=latitude&crs=EPSG:4326&spatialIndex=no&subsetIndex=no&watchFile=no
"9801",Vicia gigantea,Vicia,gigantea,,,,native,S5,,48.964824999999998,-123.516791699999999,,NA,NA,"24666651",obs_native,file:///D:/Simon/Sync/Root/GIS/Biodiversity%20Data/obs_native.csv?type=csv&maxFields=10000&detectTypes=yes&xField=longitude&yField=latitude&crs=EPSG:4326&spatialIndex=no&subsetIndex=no&watchFile=no
"9802",Vicia gigantea,Vicia,gigantea,,,,native,S5,,48.964833329999998,-123.516791699999999,,NA,NA,"24666718",obs_native,file:///D:/Simon/Sync/Root/GIS/Biodiversity%20Data/obs_native.csv?type=csv&maxFields=10000&detectTypes=yes&xField=longitude&yField=latitude&crs=EPSG:4326&spatialIndex=no&subsetIndex=no&watchFile=no
"9803",Vicia gigantea,Vicia,gigantea,,,,native,S5,,48.900169439999999,-123.408141700000002,,NA,NA,"24701235",obs_native,file:///D:/Simon/Sync/Root/GIS/Biodiversity%20Data/obs_native.csv?type=csv&maxFields=10000&detectTypes=yes&xField=longitude&yField=latitude&crs=EPSG:4326&spatialIndex=no&subsetIndex=no&watchFile=no
"9804",Vicia gigantea,Vicia,gigantea,,,,native,S5,,48.896930560000001,-123.406372200000007,,NA,NA,"24701244",obs_native,file:///D:/Simon/Sync/Root/GIS/Biodiversity%20Data/obs_native.csv?type=csv&maxFields=10000&detectTypes=yes&xField=longitude&yField=latitude&crs=EPSG:4326&spatialIndex=no&subsetIndex=no&watchFile=no
"9805",Vicia gigantea,Vicia,gigantea,,,,native,S5,,48.895931019999999,-123.410263200000003,,NA,NA,"24937321",obs_native,file:///D:/Simon/Sync/Root/GIS/Biodiversity%20Data/obs_native.csv?type=csv&maxFields=10000&detectTypes=yes&xField=longitude&yField=latitude&crs=EPSG:4326&spatialIndex=no&subsetIndex=no&watchFile=no
"9806",Vicia gigantea,Vicia,gigantea,,,,native,S5,,48.964908330000000,-123.516716700000003,,NA,NA,"25599936",obs_native,file:///D:/Simon/Sync/Root/GIS/Biodiversity%20Data/obs_native.csv?type=csv&maxFields=10000&detectTypes=yes&xField=longitude&yField=latitude&crs=EPSG:4326&spatialIndex=no&subsetIndex=no&watchFile=no
"9807",Vicia gigantea,Vicia,gigantea,,,,native,S5,,48.910348329999998,-123.375365000000002,,NA,NA,"41881703",obs_native,file:///D:/Simon/Sync/Root/GIS/Biodiversity%20Data/obs_native.csv?type=csv&maxFields=10000&detectTypes=yes&xField=longitude&yField=latitude&crs=EPSG:4326&spatialIndex=no&subsetIndex=no&watchFile=no
"9808",Vicia gigantea,Vicia,gigantea,,,,native,S5,,48.990324999999999,-123.578919999999997,,NA,NA,"107019784",obs_native,file:///D:/Simon/Sync/Root/GIS/Biodiversity%20Data/obs_native.csv?type=csv&maxFields=10000&detectTypes=yes&xField=longitude&yField=latitude&crs=EPSG:4326&spatialIndex=no&subsetIndex=no&watchFile=no
"9809",Vicia gigantea,Vicia,gigantea,,,,native,S5,,48.897610000000000,-123.338998300000000,,NA,NA,"120494849",obs_native,file:///D:/Simon/Sync/Root/GIS/Biodiversity%20Data/obs_native.csv?type=csv&maxFields=10000&detectTypes=yes&xField=longitude&yField=latitude&crs=EPSG:4326&spatialIndex=no&subsetIndex=no&watchFile=no
"9926",Viola macloskeyi,Viola,macloskeyi,,,,native,S5,,48.983393000000000,-123.556253999999996,,NA,NA,"3890720",obs_native,file:///D:/Simon/Sync/Root/GIS/Biodiversity%20Data/obs_native.csv?type=csv&maxFields=10000&detectTypes=yes&xField=longitude&yField=latitude&crs=EPSG:4326&spatialIndex=no&subsetIndex=no&watchFile=no
"9927",Viola macloskeyi,Viola,macloskeyi,,,,native,S5,,48.983522000000001,-123.555925000000002,,NA,NA,"11097239",obs_native,file:///D:/Simon/Sync/Root/GIS/Biodiversity%20Data/obs_native.csv?type=csv&maxFields=10000&detectTypes=yes&xField=longitude&yField=latitude&crs=EPSG:4326&spatialIndex=no&subsetIndex=no&watchFile=no
"9930",Viola palustris,Viola,palustris,,,,native,S5,,48.974776630000001,-123.547976000000006,,NA,NA,"6412034",obs_native,file:///D:/Simon/Sync/Root/GIS/Biodiversity%20Data/obs_native.csv?type=csv&maxFields=10000&detectTypes=yes&xField=longitude&yField=latitude&crs=EPSG:4326&spatialIndex=no&subsetIndex=no&watchFile=no
"9931",Viola palustris,Viola,palustris,,,,native,S5,,48.864936669999999,-123.364075000000000,,NA,NA,"85291244",obs_native,file:///D:/Simon/Sync/Root/GIS/Biodiversity%20Data/obs_native.csv?type=csv&maxFields=10000&detectTypes=yes&xField=longitude&yField=latitude&crs=EPSG:4326&spatialIndex=no&subsetIndex=no&watchFile=no
"9932",Viola sempervirens,Viola,sempervirens,,,,native,S5,,48.872211999999998,-123.334579000000005,,NA,NA,"2889817",obs_native,file:///D:/Simon/Sync/Root/GIS/Biodiversity%20Data/obs_native.csv?type=csv&maxFields=10000&detectTypes=yes&xField=longitude&yField=latitude&crs=EPSG:4326&spatialIndex=no&subsetIndex=no&watchFile=no
"9933",Viola sempervirens,Viola,sempervirens,,,,native,S5,,48.871972220000004,-123.342025000000007,,NA,NA,"10682848",obs_native,file:///D:/Simon/Sync/Root/GIS/Biodiversity%20Data/obs_native.csv?type=csv&maxFields=10000&detectTypes=yes&xField=longitude&yField=latitude&crs=EPSG:4326&spatialIndex=no&subsetIndex=no&watchFile=no
"9934",Viola sempervirens,Viola,sempervirens,,,,native,S5,,49.008816670000002,-123.575955899999997,,NA,NA,"10819674",obs_native,file:///D:/Simon/Sync/Root/GIS/Biodiversity%20Data/obs_native.csv?type=csv&maxFields=10000&detectTypes=yes&xField=longitude&yField=latitude&crs=EPSG:4326&spatialIndex=no&subsetIndex=no&watchFile=no
"9935",Viola sempervirens,Viola,sempervirens,,,,native,S5,,48.878056000000001,-123.335234999999997,,NA,NA,"12773163",obs_native,file:///D:/Simon/Sync/Root/GIS/Biodiversity%20Data/obs_native.csv?type=csv&maxFields=10000&detectTypes=yes&xField=longitude&yField=latitude&crs=EPSG:4326&spatialIndex=no&subsetIndex=no&watchFile=no
"9936",Viola sempervirens,Viola,sempervirens,,,,native,S5,,48.873651000000002,-123.337474000000000,,NA,NA,"22259777",obs_native,file:///D:/Simon/Sync/Root/GIS/Biodiversity%20Data/obs_native.csv?type=csv&maxFields=10000&detectTypes=yes&xField=longitude&yField=latitude&crs=EPSG:4326&spatialIndex=no&subsetIndex=no&watchFile=no
"9937",Viola sempervirens,Viola,sempervirens,,,,native,S5,,48.912366290000001,-123.397357000000000,,NA,NA,"22780387",obs_native,file:///D:/Simon/Sync/Root/GIS/Biodiversity%20Data/obs_native.csv?type=csv&maxFields=10000&detectTypes=yes&xField=longitude&yField=latitude&crs=EPSG:4326&spatialIndex=no&subsetIndex=no&watchFile=no
"9938",Viola sempervirens,Viola,sempervirens,,,,native,S5,,48.933021670000002,-123.479103300000006,,NA,NA,"24338805",obs_native,file:///D:/Simon/Sync/Root/GIS/Biodiversity%20Data/obs_native.csv?type=csv&maxFields=10000&detectTypes=yes&xField=longitude&yField=latitude&crs=EPSG:4326&spatialIndex=no&subsetIndex=no&watchFile=no
"9939",Viola sempervirens,Viola,sempervirens,,,,native,S5,,48.889201600000000,-123.383890600000001,,NA,NA,"74114189",obs_native,file:///D:/Simon/Sync/Root/GIS/Biodiversity%20Data/obs_native.csv?type=csv&maxFields=10000&detectTypes=yes&xField=longitude&yField=latitude&crs=EPSG:4326&spatialIndex=no&subsetIndex=no&watchFile=no
"9940",Viola sempervirens,Viola,sempervirens,,,,native,S5,,48.876530000000002,-123.335153300000002,,NA,NA,"76932050",obs_native,file:///D:/Simon/Sync/Root/GIS/Biodiversity%20Data/obs_native.csv?type=csv&maxFields=10000&detectTypes=yes&xField=longitude&yField=latitude&crs=EPSG:4326&spatialIndex=no&subsetIndex=no&watchFile=no
"9941",Viola sempervirens,Viola,sempervirens,,,,native,S5,,48.984780080000000,-123.553304900000001,,NA,NA,"111885861",obs_native,file:///D:/Simon/Sync/Root/GIS/Biodiversity%20Data/obs_native.csv?type=csv&maxFields=10000&detectTypes=yes&xField=longitude&yField=latitude&crs=EPSG:4326&spatialIndex=no&subsetIndex=no&watchFile=no
"9942",Viola sempervirens,Viola,sempervirens,,,,native,S5,,48.984305780000000,-123.554717100000005,,NA,NA,"111965211",obs_native,file:///D:/Simon/Sync/Root/GIS/Biodiversity%20Data/obs_native.csv?type=csv&maxFields=10000&detectTypes=yes&xField=longitude&yField=latitude&crs=EPSG:4326&spatialIndex=no&subsetIndex=no&watchFile=no
"9943",Wolffia columbiana,Wolffia,columbiana,,,,native,S3S4,,48.939506280000003,-123.471806599999994,,NA,NA,"6411344",obs_native,file:///D:/Simon/Sync/Root/GIS/Biodiversity%20Data/obs_native.csv?type=csv&maxFields=10000&detectTypes=yes&xField=longitude&yField=latitude&crs=EPSG:4326&spatialIndex=no&subsetIndex=no&watchFile=no
"9944",Wolffia columbiana,Wolffia,columbiana,,,,native,S3S4,,48.971845870000003,-123.553227800000002,,NA,NA,"6485465",obs_native,file:///D:/Simon/Sync/Root/GIS/Biodiversity%20Data/obs_native.csv?type=csv&maxFields=10000&detectTypes=yes&xField=longitude&yField=latitude&crs=EPSG:4326&spatialIndex=no&subsetIndex=no&watchFile=no
"9945",Wolffia columbiana,Wolffia,columbiana,,,,native,S3S4,,48.991377780000001,-123.570411100000001,,NA,NA,"24653210",obs_native,file:///D:/Simon/Sync/Root/GIS/Biodiversity%20Data/obs_native.csv?type=csv&maxFields=10000&detectTypes=yes&xField=longitude&yField=latitude&crs=EPSG:4326&spatialIndex=no&subsetIndex=no&watchFile=no
"9946",Wolffia columbiana,Wolffia,columbiana,,,,native,S3S4,,48.990967640000001,-123.570254199999994,,NA,NA,"27436619",obs_native,file:///D:/Simon/Sync/Root/GIS/Biodiversity%20Data/obs_native.csv?type=csv&maxFields=10000&detectTypes=yes&xField=longitude&yField=latitude&crs=EPSG:4326&spatialIndex=no&subsetIndex=no&watchFile=no
"9947",Yabea microcarpa,Yabea,microcarpa,,,,native,S4,,48.868800149999998,-123.378610600000002,,NA,NA,"6410296",obs_native,file:///D:/Simon/Sync/Root/GIS/Biodiversity%20Data/obs_native.csv?type=csv&maxFields=10000&detectTypes=yes&xField=longitude&yField=latitude&crs=EPSG:4326&spatialIndex=no&subsetIndex=no&watchFile=no
"9948",Yabea microcarpa,Yabea,microcarpa,,,,native,S4,,48.873514999999998,-123.383596699999998,,NA,NA,"77854420",obs_native,file:///D:/Simon/Sync/Root/GIS/Biodiversity%20Data/obs_native.csv?type=csv&maxFields=10000&detectTypes=yes&xField=longitude&yField=latitude&crs=EPSG:4326&spatialIndex=no&subsetIndex=no&watchFile=no
"9949",Yabea microcarpa,Yabea,microcarpa,,,,native,S4,,48.861891110000002,-123.329368900000006,,NA,NA,"114745595",obs_native,file:///D:/Simon/Sync/Root/GIS/Biodiversity%20Data/obs_native.csv?type=csv&maxFields=10000&detectTypes=yes&xField=longitude&yField=latitude&crs=EPSG:4326&spatialIndex=no&subsetIndex=no&watchFile=no
"9954",Zostera marina,Zostera,marina,,,,native,S5,,48.920330999999997,-123.450632999999996,,NA,NA,"2635147",obs_native,file:///D:/Simon/Sync/Root/GIS/Biodiversity%20Data/obs_native.csv?type=csv&maxFields=10000&detectTypes=yes&xField=longitude&yField=latitude&crs=EPSG:4326&spatialIndex=no&subsetIndex=no&watchFile=no
"9955",Zostera marina,Zostera,marina,,,,native,S5,,48.929051999999999,-123.476027999999999,,NA,NA,"2763438",obs_native,file:///D:/Simon/Sync/Root/GIS/Biodiversity%20Data/obs_native.csv?type=csv&maxFields=10000&detectTypes=yes&xField=longitude&yField=latitude&crs=EPSG:4326&spatialIndex=no&subsetIndex=no&watchFile=no
"9956",Zostera marina,Zostera,marina,,,,native,S5,,48.894800380000000,-123.409445300000002,,NA,NA,"3701141",obs_native,file:///D:/Simon/Sync/Root/GIS/Biodiversity%20Data/obs_native.csv?type=csv&maxFields=10000&detectTypes=yes&xField=longitude&yField=latitude&crs=EPSG:4326&spatialIndex=no&subsetIndex=no&watchFile=no
"9957",Zostera marina,Zostera,marina,,,,native,S5,,48.870102899999999,-123.395004299999997,,NA,NA,"3910119",obs_native,file:///D:/Simon/Sync/Root/GIS/Biodiversity%20Data/obs_native.csv?type=csv&maxFields=10000&detectTypes=yes&xField=longitude&yField=latitude&crs=EPSG:4326&spatialIndex=no&subsetIndex=no&watchFile=no
"9958",Zostera marina,Zostera,marina,,,,native,S5,,48.878467080000000,-123.396497600000004,,NA,NA,"4004882",obs_native,file:///D:/Simon/Sync/Root/GIS/Biodiversity%20Data/obs_native.csv?type=csv&maxFields=10000&detectTypes=yes&xField=longitude&yField=latitude&crs=EPSG:4326&spatialIndex=no&subsetIndex=no&watchFile=no
"9959",Zostera marina,Zostera,marina,,,,native,S5,,48.940751120000002,-123.503059699999994,,NA,NA,"6298903",obs_native,file:///D:/Simon/Sync/Root/GIS/Biodiversity%20Data/obs_native.csv?type=csv&maxFields=10000&detectTypes=yes&xField=longitude&yField=latitude&crs=EPSG:4326&spatialIndex=no&subsetIndex=no&watchFile=no
"9960",Zostera marina,Zostera,marina,,,,native,S5,,48.990581059999997,-123.548469499999996,,NA,NA,"6425120",obs_native,file:///D:/Simon/Sync/Root/GIS/Biodiversity%20Data/obs_native.csv?type=csv&maxFields=10000&detectTypes=yes&xField=longitude&yField=latitude&crs=EPSG:4326&spatialIndex=no&subsetIndex=no&watchFile=no
"9961",Zostera marina,Zostera,marina,,,,native,S5,,48.940987329999999,-123.504069599999994,,NA,NA,"7673050",obs_native,file:///D:/Simon/Sync/Root/GIS/Biodiversity%20Data/obs_native.csv?type=csv&maxFields=10000&detectTypes=yes&xField=longitude&yField=latitude&crs=EPSG:4326&spatialIndex=no&subsetIndex=no&watchFile=no
"9962",Zostera marina,Zostera,marina,,,,native,S5,,49.012408330000000,-123.574128299999998,,NA,NA,"21351354",obs_native,file:///D:/Simon/Sync/Root/GIS/Biodiversity%20Data/obs_native.csv?type=csv&maxFields=10000&detectTypes=yes&xField=longitude&yField=latitude&crs=EPSG:4326&spatialIndex=no&subsetIndex=no&watchFile=no
"9963",Zostera marina,Zostera,marina,,,,native,S5,,49.011410779999999,-123.572160299999993,,NA,NA,"24259218",obs_native,file:///D:/Simon/Sync/Root/GIS/Biodiversity%20Data/obs_native.csv?type=csv&maxFields=10000&detectTypes=yes&xField=longitude&yField=latitude&crs=EPSG:4326&spatialIndex=no&subsetIndex=no&watchFile=no
"9964",Zostera marina,Zostera,marina,,,,native,S5,,48.964280559999999,-123.516005600000000,,NA,NA,"24674107",obs_native,file:///D:/Simon/Sync/Root/GIS/Biodiversity%20Data/obs_native.csv?type=csv&maxFields=10000&detectTypes=yes&xField=longitude&yField=latitude&crs=EPSG:4326&spatialIndex=no&subsetIndex=no&watchFile=no
"9965",Zostera marina,Zostera,marina,,,,native,S5,,48.899266670000003,-123.407891699999993,,NA,NA,"24677563",obs_native,file:///D:/Simon/Sync/Root/GIS/Biodiversity%20Data/obs_native.csv?type=csv&maxFields=10000&detectTypes=yes&xField=longitude&yField=latitude&crs=EPSG:4326&spatialIndex=no&subsetIndex=no&watchFile=no
"9966",Zostera marina,Zostera,marina,,,,native,S5,,48.871503930000003,-123.311508000000003,,NA,NA,"24689389",obs_native,file:///D:/Simon/Sync/Root/GIS/Biodiversity%20Data/obs_native.csv?type=csv&maxFields=10000&detectTypes=yes&xField=longitude&yField=latitude&crs=EPSG:4326&spatialIndex=no&subsetIndex=no&watchFile=no
"9967",Zostera marina,Zostera,marina,,,,native,S5,,48.900302000000003,-123.409323999999998,,NA,NA,"24696444",obs_native,file:///D:/Simon/Sync/Root/GIS/Biodiversity%20Data/obs_native.csv?type=csv&maxFields=10000&detectTypes=yes&xField=longitude&yField=latitude&crs=EPSG:4326&spatialIndex=no&subsetIndex=no&watchFile=no
"9968",Zostera marina,Zostera,marina,,,,native,S5,,48.889452429999999,-123.389241499999997,,NA,NA,"24714907",obs_native,file:///D:/Simon/Sync/Root/GIS/Biodiversity%20Data/obs_native.csv?type=csv&maxFields=10000&detectTypes=yes&xField=longitude&yField=latitude&crs=EPSG:4326&spatialIndex=no&subsetIndex=no&watchFile=no
"9969",Zostera marina,Zostera,marina,,,,native,S5,,48.871856479999998,-123.312739899999997,,NA,NA,"24743619",obs_native,file:///D:/Simon/Sync/Root/GIS/Biodiversity%20Data/obs_native.csv?type=csv&maxFields=10000&detectTypes=yes&xField=longitude&yField=latitude&crs=EPSG:4326&spatialIndex=no&subsetIndex=no&watchFile=no
"9970",Zostera marina,Zostera,marina,,,,native,S5,,48.899126320000001,-123.407849999999996,,NA,NA,"24937012",obs_native,file:///D:/Simon/Sync/Root/GIS/Biodiversity%20Data/obs_native.csv?type=csv&maxFields=10000&detectTypes=yes&xField=longitude&yField=latitude&crs=EPSG:4326&spatialIndex=no&subsetIndex=no&watchFile=no
"9971",Zostera marina,Zostera,marina,,,,native,S5,,48.963672219999999,-123.514702799999995,,NA,NA,"25596132",obs_native,file:///D:/Simon/Sync/Root/GIS/Biodiversity%20Data/obs_native.csv?type=csv&maxFields=10000&detectTypes=yes&xField=longitude&yField=latitude&crs=EPSG:4326&spatialIndex=no&subsetIndex=no&watchFile=no
"9972",Zostera marina,Zostera,marina,,,,native,S5,,48.899238889999999,-123.407944400000005,,NA,NA,"25656980",obs_native,file:///D:/Simon/Sync/Root/GIS/Biodiversity%20Data/obs_native.csv?type=csv&maxFields=10000&detectTypes=yes&xField=longitude&yField=latitude&crs=EPSG:4326&spatialIndex=no&subsetIndex=no&watchFile=no
"9973",Zostera marina,Zostera,marina,,,,native,S5,,48.940255940000000,-123.500576100000004,,NA,NA,"25859556",obs_native,file:///D:/Simon/Sync/Root/GIS/Biodiversity%20Data/obs_native.csv?type=csv&maxFields=10000&detectTypes=yes&xField=longitude&yField=latitude&crs=EPSG:4326&spatialIndex=no&subsetIndex=no&watchFile=no
"9974",Zostera marina,Zostera,marina,,,,native,S5,,48.900012269999998,-123.341909299999998,,NA,NA,"25927082",obs_native,file:///D:/Simon/Sync/Root/GIS/Biodiversity%20Data/obs_native.csv?type=csv&maxFields=10000&detectTypes=yes&xField=longitude&yField=latitude&crs=EPSG:4326&spatialIndex=no&subsetIndex=no&watchFile=no
"9975",Zostera marina,Zostera,marina,,,,native,S5,,48.900223959999998,-123.408196899999993,,NA,NA,"32022348",obs_native,file:///D:/Simon/Sync/Root/GIS/Biodiversity%20Data/obs_native.csv?type=csv&maxFields=10000&detectTypes=yes&xField=longitude&yField=latitude&crs=EPSG:4326&spatialIndex=no&subsetIndex=no&watchFile=no
"9976",Zostera marina,Zostera,marina,,,,native,S5,,48.900223959999998,-123.408196899999993,,NA,NA,"32022370",obs_native,file:///D:/Simon/Sync/Root/GIS/Biodiversity%20Data/obs_native.csv?type=csv&maxFields=10000&detectTypes=yes&xField=longitude&yField=latitude&crs=EPSG:4326&spatialIndex=no&subsetIndex=no&watchFile=no
"9977",Zostera marina,Zostera,marina,,,,native,S5,,48.941246200000002,-123.502881500000001,,NA,NA,"45326881",obs_native,file:///D:/Simon/Sync/Root/GIS/Biodiversity%20Data/obs_native.csv?type=csv&maxFields=10000&detectTypes=yes&xField=longitude&yField=latitude&crs=EPSG:4326&spatialIndex=no&subsetIndex=no&watchFile=no
"9978",Zostera marina,Zostera,marina,,,,native,S5,,49.013393090000001,-123.574473900000001,,NA,NA,"57099070",obs_native,file:///D:/Simon/Sync/Root/GIS/Biodiversity%20Data/obs_native.csv?type=csv&maxFields=10000&detectTypes=yes&xField=longitude&yField=latitude&crs=EPSG:4326&spatialIndex=no&subsetIndex=no&watchFile=no
"9979",Zostera marina,Zostera,marina,,,,native,S5,,49.013393090000001,-123.574473900000001,,NA,NA,"57099094",obs_native,file:///D:/Simon/Sync/Root/GIS/Biodiversity%20Data/obs_native.csv?type=csv&maxFields=10000&detectTypes=yes&xField=longitude&yField=latitude&crs=EPSG:4326&spatialIndex=no&subsetIndex=no&watchFile=no
"9980",Zostera marina,Zostera,marina,,,,native,S5,,48.977861609999998,-123.568314500000000,,NA,NA,"69844524",obs_native,file:///D:/Simon/Sync/Root/GIS/Biodiversity%20Data/obs_native.csv?type=csv&maxFields=10000&detectTypes=yes&xField=longitude&yField=latitude&crs=EPSG:4326&spatialIndex=no&subsetIndex=no&watchFile=no
"9981",Zostera marina,Zostera,marina,,,,native,S5,,48.877536569999997,-123.317612499999996,,NA,NA,"70830712",obs_native,file:///D:/Simon/Sync/Root/GIS/Biodiversity%20Data/obs_native.csv?type=csv&maxFields=10000&detectTypes=yes&xField=longitude&yField=latitude&crs=EPSG:4326&spatialIndex=no&subsetIndex=no&watchFile=no
"9982",Zostera marina,Zostera,marina,,,,native,S5,,48.896568850000001,-123.336529600000006,,NA,NA,"72235817",obs_native,file:///D:/Simon/Sync/Root/GIS/Biodiversity%20Data/obs_native.csv?type=csv&maxFields=10000&detectTypes=yes&xField=longitude&yField=latitude&crs=EPSG:4326&spatialIndex=no&subsetIndex=no&watchFile=no
"9983",Zostera marina,Zostera,marina,,,,native,S5,,48.901615690000000,-123.409039699999994,,NA,NA,"73660672",obs_native,file:///D:/Simon/Sync/Root/GIS/Biodiversity%20Data/obs_native.csv?type=csv&maxFields=10000&detectTypes=yes&xField=longitude&yField=latitude&crs=EPSG:4326&spatialIndex=no&subsetIndex=no&watchFile=no
"9984",Zostera marina,Zostera,marina,,,,native,S5,,48.977813300000001,-123.568641400000004,,NA,NA,"73718034",obs_native,file:///D:/Simon/Sync/Root/GIS/Biodiversity%20Data/obs_native.csv?type=csv&maxFields=10000&detectTypes=yes&xField=longitude&yField=latitude&crs=EPSG:4326&spatialIndex=no&subsetIndex=no&watchFile=no
"9985",Zostera marina,Zostera,marina,,,,native,S5,,48.941284170000003,-123.503804500000001,,NA,NA,"74472234",obs_native,file:///D:/Simon/Sync/Root/GIS/Biodiversity%20Data/obs_native.csv?type=csv&maxFields=10000&detectTypes=yes&xField=longitude&yField=latitude&crs=EPSG:4326&spatialIndex=no&subsetIndex=no&watchFile=no
"9986",Zostera marina,Zostera,marina,,,,native,S5,,48.964050620000002,-123.551452400000002,,NA,NA,"86784485",obs_native,file:///D:/Simon/Sync/Root/GIS/Biodiversity%20Data/obs_native.csv?type=csv&maxFields=10000&detectTypes=yes&xField=longitude&yField=latitude&crs=EPSG:4326&spatialIndex=no&subsetIndex=no&watchFile=no
"9987",Zostera marina,Zostera,marina,,,,native,S5,,48.871026989999997,-123.313146399999994,,NA,NA,"100653656",obs_native,file:///D:/Simon/Sync/Root/GIS/Biodiversity%20Data/obs_native.csv?type=csv&maxFields=10000&detectTypes=yes&xField=longitude&yField=latitude&crs=EPSG:4326&spatialIndex=no&subsetIndex=no&watchFile=no
"9988",Zostera marina,Zostera,marina,,,,native,S5,,48.897979999999997,-123.408874999999995,,NA,NA,"106057732",obs_native,file:///D:/Simon/Sync/Root/GIS/Biodiversity%20Data/obs_native.csv?type=csv&maxFields=10000&detectTypes=yes&xField=longitude&yField=latitude&crs=EPSG:4326&spatialIndex=no&subsetIndex=no&watchFile=no
"9989",Zostera marina,Zostera,marina,,,,native,S5,,48.921184820000001,-123.453116499999993,,NA,NA,"129488322",obs_native,file:///D:/Simon/Sync/Root/GIS/Biodiversity%20Data/obs_native.csv?type=csv&maxFields=10000&detectTypes=yes&xField=longitude&yField=latitude&crs=EPSG:4326&spatialIndex=no&subsetIndex=no&watchFile=no
"9990",Zostera marina,Zostera,marina,,,,native,S5,,48.916665670000000,-123.446530699999997,,NA,NA,"129639235",obs_native,file:///D:/Simon/Sync/Root/GIS/Biodiversity%20Data/obs_native.csv?type=csv&maxFields=10000&detectTypes=yes&xField=longitude&yField=latitude&crs=EPSG:4326&spatialIndex=no&subsetIndex=no&watchFile=no
"9991",Zostera marina,Zostera,marina,,,,native,S5,,48.916665670000000,-123.446530699999997,,NA,NA,"129639236",obs_native,file:///D:/Simon/Sync/Root/GIS/Biodiversity%20Data/obs_native.csv?type=csv&maxFields=10000&detectTypes=yes&xField=longitude&yField=latitude&crs=EPSG:4326&spatialIndex=no&subsetIndex=no&watchFile=no
"9992",Zostera marina,Zostera,marina,,,,native,S5,,48.920158649999998,-123.450900300000001,,NA,NA,"129778423",obs_native,file:///D:/Simon/Sync/Root/GIS/Biodiversity%20Data/obs_native.csv?type=csv&maxFields=10000&detectTypes=yes&xField=longitude&yField=latitude&crs=EPSG:4326&spatialIndex=no&subsetIndex=no&watchFile=no
"11001",Spiraea douglasii var. douglasii,Spiraea,douglasii,,,,native,S5,,48.930351999999999,-123.477412000000001,,NA,NA,"2561767",obs_native,file:///D:/Simon/Sync/Root/GIS/Biodiversity%20Data/obs_native.csv?type=csv&maxFields=10000&detectTypes=yes&xField=longitude&yField=latitude&crs=EPSG:4326&spatialIndex=no&subsetIndex=no&watchFile=no
"21001",Holodiscus discolor var. discolor,Holodiscus,discolor,,,,native,S5,,48.930140999999999,-123.475427999999994,,NA,NA,"2561778",obs_native,file:///D:/Simon/Sync/Root/GIS/Biodiversity%20Data/obs_native.csv?type=csv&maxFields=10000&detectTypes=yes&xField=longitude&yField=latitude&crs=EPSG:4326&spatialIndex=no&subsetIndex=no&watchFile=no
"31001",Ranunculus flammula var. reptans,Ranunculus,flammula,,,reptans,native,S5,,48.929281000000003,-123.470556999999999,,NA,NA,"2561834",obs_native,file:///D:/Simon/Sync/Root/GIS/Biodiversity%20Data/obs_native.csv?type=csv&maxFields=10000&detectTypes=yes&xField=longitude&yField=latitude&crs=EPSG:4326&spatialIndex=no&subsetIndex=no&watchFile=no
"41001",Linnaea borealis ssp. longiflora,Linnaea,borealis,,longiflora,,native,S5,,48.932763000000001,-123.481350000000006,,NA,NA,"2563395",obs_native,file:///D:/Simon/Sync/Root/GIS/Biodiversity%20Data/obs_native.csv?type=csv&maxFields=10000&detectTypes=yes&xField=longitude&yField=latitude&crs=EPSG:4326&spatialIndex=no&subsetIndex=no&watchFile=no
"51001",Pseudotsuga menziesii var. menziesii,Pseudotsuga,menziesii,,,,native,S5,,48.929718000000001,-123.476027999999999,,NA,NA,"2563597",obs_native,file:///D:/Simon/Sync/Root/GIS/Biodiversity%20Data/obs_native.csv?type=csv&maxFields=10000&detectTypes=yes&xField=longitude&yField=latitude&crs=EPSG:4326&spatialIndex=no&subsetIndex=no&watchFile=no
"61001",Athyrium filix-femina ssp. cyclosorum,Athyrium,filix-femina,,cyclosorum,,native,S5,,48.933439000000000,-123.479633000000007,,NA,NA,"2563607",obs_native,file:///D:/Simon/Sync/Root/GIS/Biodiversity%20Data/obs_native.csv?type=csv&maxFields=10000&detectTypes=yes&xField=longitude&yField=latitude&crs=EPSG:4326&spatialIndex=no&subsetIndex=no&watchFile=no
"81001",Ranunculus flammula var. reptans,Ranunculus,flammula,,,reptans,native,S5,,48.932847000000002,-123.483024000000000,,NA,NA,"2563645",obs_native,file:///D:/Simon/Sync/Root/GIS/Biodiversity%20Data/obs_native.csv?type=csv&maxFields=10000&detectTypes=yes&xField=longitude&yField=latitude&crs=EPSG:4326&spatialIndex=no&subsetIndex=no&watchFile=no
"9995",Prunus emarginata var. emarginata,Prunus,emarginata,,,,native,S5,,48.933044000000002,-123.475083999999995,,NA,NA,"2563861",obs_native,file:///D:/Simon/Sync/Root/GIS/Biodiversity%20Data/obs_native.csv?type=csv&maxFields=10000&detectTypes=yes&xField=longitude&yField=latitude&crs=EPSG:4326&spatialIndex=no&subsetIndex=no&watchFile=no
"10101",Holodiscus discolor var. discolor,Holodiscus,discolor,,,,native,S5,,48.928702999999999,-123.468131999999997,,NA,NA,"2563922",obs_native,file:///D:/Simon/Sync/Root/GIS/Biodiversity%20Data/obs_native.csv?type=csv&maxFields=10000&detectTypes=yes&xField=longitude&yField=latitude&crs=EPSG:4326&spatialIndex=no&subsetIndex=no&watchFile=no
"11101",Bromus carinatus var. carinatus,Bromus,carinatus,,,,native,S5,,48.931240000000003,-123.479977000000005,,NA,NA,"2563972",obs_native,file:///D:/Simon/Sync/Root/GIS/Biodiversity%20Data/obs_native.csv?type=csv&maxFields=10000&detectTypes=yes&xField=longitude&yField=latitude&crs=EPSG:4326&spatialIndex=no&subsetIndex=no&watchFile=no
"13101",Holodiscus discolor var. discolor,Holodiscus,discolor,,,,native,S5,,48.931550000000001,-123.478003000000001,,NA,NA,"2564078",obs_native,file:///D:/Simon/Sync/Root/GIS/Biodiversity%20Data/obs_native.csv?type=csv&maxFields=10000&detectTypes=yes&xField=longitude&yField=latitude&crs=EPSG:4326&spatialIndex=no&subsetIndex=no&watchFile=no
"14101",Prunus emarginata var. emarginata,Prunus,emarginata,,,,native,S5,,48.931550000000001,-123.478003000000001,,NA,NA,"2564089",obs_native,file:///D:/Simon/Sync/Root/GIS/Biodiversity%20Data/obs_native.csv?type=csv&maxFields=10000&detectTypes=yes&xField=longitude&yField=latitude&crs=EPSG:4326&spatialIndex=no&subsetIndex=no&watchFile=no
"15101",Pinus contorta ssp. contorta,Pinus,contorta,,,,native,S5,,48.930225000000000,-123.475513000000007,,NA,NA,"2564090",obs_native,file:///D:/Simon/Sync/Root/GIS/Biodiversity%20Data/obs_native.csv?type=csv&maxFields=10000&detectTypes=yes&xField=longitude&yField=latitude&crs=EPSG:4326&spatialIndex=no&subsetIndex=no&watchFile=no
"17101",Pseudotsuga menziesii var. menziesii,Pseudotsuga,menziesii,,,,native,S5,,48.929966000000000,-123.476027999999999,,NA,NA,"2565103",obs_native,file:///D:/Simon/Sync/Root/GIS/Biodiversity%20Data/obs_native.csv?type=csv&maxFields=10000&detectTypes=yes&xField=longitude&yField=latitude&crs=EPSG:4326&spatialIndex=no&subsetIndex=no&watchFile=no
"18101",Pseudotsuga menziesii var. menziesii,Pseudotsuga,menziesii,,,,native,S5,,48.933439000000000,-123.480491999999998,,NA,NA,"2565195",obs_native,file:///D:/Simon/Sync/Root/GIS/Biodiversity%20Data/obs_native.csv?type=csv&maxFields=10000&detectTypes=yes&xField=longitude&yField=latitude&crs=EPSG:4326&spatialIndex=no&subsetIndex=no&watchFile=no
"19101",Pseudotsuga menziesii var. menziesii,Pseudotsuga,menziesii,,,,native,S5,,48.931325000000001,-123.481156999999996,,NA,NA,"2566205",obs_native,file:///D:/Simon/Sync/Root/GIS/Biodiversity%20Data/obs_native.csv?type=csv&maxFields=10000&detectTypes=yes&xField=longitude&yField=latitude&crs=EPSG:4326&spatialIndex=no&subsetIndex=no&watchFile=no
"20101",Sanicula crassicaulis var. crassicaulis,Sanicula,crassicaulis,,,,native,S5,,48.929887000000001,-123.475684999999999,,NA,NA,"2566218",obs_native,file:///D:/Simon/Sync/Root/GIS/Biodiversity%20Data/obs_native.csv?type=csv&maxFields=10000&detectTypes=yes&xField=longitude&yField=latitude&crs=EPSG:4326&spatialIndex=no&subsetIndex=no&watchFile=no
"21101",Pseudotsuga menziesii var. menziesii,Pseudotsuga,menziesii,,,,native,S5,,48.929887000000001,-123.475684999999999,,NA,NA,"2566229",obs_native,file:///D:/Simon/Sync/Root/GIS/Biodiversity%20Data/obs_native.csv?type=csv&maxFields=10000&detectTypes=yes&xField=longitude&yField=latitude&crs=EPSG:4326&spatialIndex=no&subsetIndex=no&watchFile=no
"22101",Quercus garryana var. garryana,Quercus,garryana,,,,native,S5,,48.928590000000000,-123.473388999999997,,NA,NA,"2566248",obs_native,file:///D:/Simon/Sync/Root/GIS/Biodiversity%20Data/obs_native.csv?type=csv&maxFields=10000&detectTypes=yes&xField=longitude&yField=latitude&crs=EPSG:4326&spatialIndex=no&subsetIndex=no&watchFile=no
"23101",Quercus garryana var. garryana,Quercus,garryana,,,,native,S5,,48.928590000000000,-123.473388999999997,,NA,NA,"2566261",obs_native,file:///D:/Simon/Sync/Root/GIS/Biodiversity%20Data/obs_native.csv?type=csv&maxFields=10000&detectTypes=yes&xField=longitude&yField=latitude&crs=EPSG:4326&spatialIndex=no&subsetIndex=no&watchFile=no
"24101",Pseudotsuga menziesii var. menziesii,Pseudotsuga,menziesii,,,,native,S5,,48.933242000000000,-123.481263999999996,,NA,NA,"2566286",obs_native,file:///D:/Simon/Sync/Root/GIS/Biodiversity%20Data/obs_native.csv?type=csv&maxFields=10000&detectTypes=yes&xField=longitude&yField=latitude&crs=EPSG:4326&spatialIndex=no&subsetIndex=no&watchFile=no
"25101",Argentina anserina,Argentina,anserina,,,,native,S5,,48.929830000000003,-123.475684999999999,,NA,NA,"2566457",obs_native,file:///D:/Simon/Sync/Root/GIS/Biodiversity%20Data/obs_native.csv?type=csv&maxFields=10000&detectTypes=yes&xField=longitude&yField=latitude&crs=EPSG:4326&spatialIndex=no&subsetIndex=no&watchFile=no
"26101",Pseudotsuga menziesii var. menziesii,Pseudotsuga,menziesii,,,,native,S5,,48.928026000000003,-123.470364000000004,,NA,NA,"2566535",obs_native,file:///D:/Simon/Sync/Root/GIS/Biodiversity%20Data/obs_native.csv?type=csv&maxFields=10000&detectTypes=yes&xField=longitude&yField=latitude&crs=EPSG:4326&spatialIndex=no&subsetIndex=no&watchFile=no
"27101",Fragaria vesca ssp. bracteata,Fragaria,vesca,,bracteata,,native,S5,,48.929740000000002,-123.475857000000005,,NA,NA,"2567232",obs_native,file:///D:/Simon/Sync/Root/GIS/Biodiversity%20Data/obs_native.csv?type=csv&maxFields=10000&detectTypes=yes&xField=longitude&yField=latitude&crs=EPSG:4326&spatialIndex=no&subsetIndex=no&watchFile=no
"28101",Holodiscus discolor var. discolor,Holodiscus,discolor,,,,native,S5,,48.929740000000002,-123.475857000000005,,NA,NA,"2567237",obs_native,file:///D:/Simon/Sync/Root/GIS/Biodiversity%20Data/obs_native.csv?type=csv&maxFields=10000&detectTypes=yes&xField=longitude&yField=latitude&crs=EPSG:4326&spatialIndex=no&subsetIndex=no&watchFile=no
"29101",Quercus garryana var. garryana,Quercus,garryana,,,,native,S5,,48.928652000000000,-123.473110000000005,,NA,NA,"2567296",obs_native,file:///D:/Simon/Sync/Root/GIS/Biodiversity%20Data/obs_native.csv?type=csv&maxFields=10000&detectTypes=yes&xField=longitude&yField=latitude&crs=EPSG:4326&spatialIndex=no&subsetIndex=no&watchFile=no
"30101",Quercus garryana var. garryana,Quercus,garryana,,,,native,S5,,48.928545000000000,-123.473110000000005,,NA,NA,"2567405",obs_native,file:///D:/Simon/Sync/Root/GIS/Biodiversity%20Data/obs_native.csv?type=csv&maxFields=10000&detectTypes=yes&xField=longitude&yField=latitude&crs=EPSG:4326&spatialIndex=no&subsetIndex=no&watchFile=no
"31101",Amelanchier alnifolia,Amelanchier,alnifolia,,,,native,S5,,48.932220999999998,-123.483752999999993,,NA,NA,"2567554",obs_native,file:///D:/Simon/Sync/Root/GIS/Biodiversity%20Data/obs_native.csv?type=csv&maxFields=10000&detectTypes=yes&xField=longitude&yField=latitude&crs=EPSG:4326&spatialIndex=no&subsetIndex=no&watchFile=no
"32101",Holodiscus discolor var. discolor,Holodiscus,discolor,,,,native,S5,,48.929515000000002,-123.475684999999999,,NA,NA,"2567584",obs_native,file:///D:/Simon/Sync/Root/GIS/Biodiversity%20Data/obs_native.csv?type=csv&maxFields=10000&detectTypes=yes&xField=longitude&yField=latitude&crs=EPSG:4326&spatialIndex=no&subsetIndex=no&watchFile=no
"33101",Holodiscus discolor var. discolor,Holodiscus,discolor,,,,native,S5,,48.929515000000002,-123.475684999999999,,NA,NA,"2567625",obs_native,file:///D:/Simon/Sync/Root/GIS/Biodiversity%20Data/obs_native.csv?type=csv&maxFields=10000&detectTypes=yes&xField=longitude&yField=latitude&crs=EPSG:4326&spatialIndex=no&subsetIndex=no&watchFile=no
"34101",Pteridium aquilinum ssp. pubescens,Pteridium,aquilinum,,pubescens,,native,S5,,48.930912999999997,-123.469076000000001,,NA,NA,"2567694",obs_native,file:///D:/Simon/Sync/Root/GIS/Biodiversity%20Data/obs_native.csv?type=csv&maxFields=10000&detectTypes=yes&xField=longitude&yField=latitude&crs=EPSG:4326&spatialIndex=no&subsetIndex=no&watchFile=no
"35101",Sambucus racemosa var. arborescens,Sambucus,racemosa,,,arborescens,native,S5,,48.932322999999997,-123.474483000000006,,NA,NA,"2567739",obs_native,file:///D:/Simon/Sync/Root/GIS/Biodiversity%20Data/obs_native.csv?type=csv&maxFields=10000&detectTypes=yes&xField=longitude&yField=latitude&crs=EPSG:4326&spatialIndex=no&subsetIndex=no&watchFile=no
"36101",Sanicula crassicaulis var. crassicaulis,Sanicula,crassicaulis,,,,native,S5,,48.932492000000003,-123.483666999999997,,NA,NA,"2567887",obs_native,file:///D:/Simon/Sync/Root/GIS/Biodiversity%20Data/obs_native.csv?type=csv&maxFields=10000&detectTypes=yes&xField=longitude&yField=latitude&crs=EPSG:4326&spatialIndex=no&subsetIndex=no&watchFile=no
"37101",Ranunculus occidentalis var. occidentalis,Ranunculus,occidentalis,,,,native,S5,,48.932260999999997,-123.482938000000004,,NA,NA,"2567893",obs_native,file:///D:/Simon/Sync/Root/GIS/Biodiversity%20Data/obs_native.csv?type=csv&maxFields=10000&detectTypes=yes&xField=longitude&yField=latitude&crs=EPSG:4326&spatialIndex=no&subsetIndex=no&watchFile=no
"38101",Athyrium filix-femina ssp. cyclosorum,Athyrium,filix-femina,,cyclosorum,,native,S5,,48.930822999999997,-123.477659000000003,,NA,NA,"2567936",obs_native,file:///D:/Simon/Sync/Root/GIS/Biodiversity%20Data/obs_native.csv?type=csv&maxFields=10000&detectTypes=yes&xField=longitude&yField=latitude&crs=EPSG:4326&spatialIndex=no&subsetIndex=no&watchFile=no
"39101",Amelanchier alnifolia,Amelanchier,alnifolia,,,,native,S5,,48.929695000000002,-123.475470999999999,,NA,NA,"2567982",obs_native,file:///D:/Simon/Sync/Root/GIS/Biodiversity%20Data/obs_native.csv?type=csv&maxFields=10000&detectTypes=yes&xField=longitude&yField=latitude&crs=EPSG:4326&spatialIndex=no&subsetIndex=no&watchFile=no
"40101",Fragaria vesca ssp. bracteata,Fragaria,vesca,,bracteata,,native,S5,,48.929695000000002,-123.475470999999999,,NA,NA,"2567984",obs_native,file:///D:/Simon/Sync/Root/GIS/Biodiversity%20Data/obs_native.csv?type=csv&maxFields=10000&detectTypes=yes&xField=longitude&yField=latitude&crs=EPSG:4326&spatialIndex=no&subsetIndex=no&watchFile=no
"41101",Holodiscus discolor var. discolor,Holodiscus,discolor,,,,native,S5,,48.929695000000002,-123.475470999999999,,NA,NA,"2568005",obs_native,file:///D:/Simon/Sync/Root/GIS/Biodiversity%20Data/obs_native.csv?type=csv&maxFields=10000&detectTypes=yes&xField=longitude&yField=latitude&crs=EPSG:4326&spatialIndex=no&subsetIndex=no&watchFile=no
"42101",Pseudotsuga menziesii var. menziesii,Pseudotsuga,menziesii,,,,native,S5,,48.929740000000002,-123.475170000000006,,NA,NA,"2568059",obs_native,file:///D:/Simon/Sync/Root/GIS/Biodiversity%20Data/obs_native.csv?type=csv&maxFields=10000&detectTypes=yes&xField=longitude&yField=latitude&crs=EPSG:4326&spatialIndex=no&subsetIndex=no&watchFile=no
"43101",Sanicula crassicaulis var. crassicaulis,Sanicula,crassicaulis,,,,native,S5,,48.929802000000002,-123.475299000000007,,NA,NA,"2569310",obs_native,file:///D:/Simon/Sync/Root/GIS/Biodiversity%20Data/obs_native.csv?type=csv&maxFields=10000&detectTypes=yes&xField=longitude&yField=latitude&crs=EPSG:4326&spatialIndex=no&subsetIndex=no&watchFile=no
"44101",Tiarella trifoliata var. trifoliata,Tiarella,trifoliata,,,,native,S5,,48.929802000000002,-123.475299000000007,,NA,NA,"2569314",obs_native,file:///D:/Simon/Sync/Root/GIS/Biodiversity%20Data/obs_native.csv?type=csv&maxFields=10000&detectTypes=yes&xField=longitude&yField=latitude&crs=EPSG:4326&spatialIndex=no&subsetIndex=no&watchFile=no
"46101",Sambucus racemosa var. arborescens,Sambucus,racemosa,,,arborescens,native,S5,,48.932226999999997,-123.474397999999994,,NA,NA,"2569406",obs_native,file:///D:/Simon/Sync/Root/GIS/Biodiversity%20Data/obs_native.csv?type=csv&maxFields=10000&detectTypes=yes&xField=longitude&yField=latitude&crs=EPSG:4326&spatialIndex=no&subsetIndex=no&watchFile=no
"47101",Amelanchier alnifolia,Amelanchier,alnifolia,,,,native,S5,,48.900683000000001,-123.407105999999999,,NA,NA,"2574183",obs_native,file:///D:/Simon/Sync/Root/GIS/Biodiversity%20Data/obs_native.csv?type=csv&maxFields=10000&detectTypes=yes&xField=longitude&yField=latitude&crs=EPSG:4326&spatialIndex=no&subsetIndex=no&watchFile=no
"48101",Corallorhiza maculata var. occidentalis,Corallorhiza,maculata,,,occidentalis,native,S5,,48.931071000000003,-123.480320000000006,,NA,NA,"2575057",obs_native,file:///D:/Simon/Sync/Root/GIS/Biodiversity%20Data/obs_native.csv?type=csv&maxFields=10000&detectTypes=yes&xField=longitude&yField=latitude&crs=EPSG:4326&spatialIndex=no&subsetIndex=no&watchFile=no
"49101",Amelanchier alnifolia,Amelanchier,alnifolia,,,,native,S5,,48.931071000000003,-123.473968999999997,,NA,NA,"2580241",obs_native,file:///D:/Simon/Sync/Root/GIS/Biodiversity%20Data/obs_native.csv?type=csv&maxFields=10000&detectTypes=yes&xField=longitude&yField=latitude&crs=EPSG:4326&spatialIndex=no&subsetIndex=no&watchFile=no
"50101",Holodiscus discolor var. discolor,Holodiscus,discolor,,,,native,S5,,48.931071000000003,-123.473968999999997,,NA,NA,"2580306",obs_native,file:///D:/Simon/Sync/Root/GIS/Biodiversity%20Data/obs_native.csv?type=csv&maxFields=10000&detectTypes=yes&xField=longitude&yField=latitude&crs=EPSG:4326&spatialIndex=no&subsetIndex=no&watchFile=no
"51101",Pseudotsuga menziesii var. menziesii,Pseudotsuga,menziesii,,,,native,S5,,48.940497999999998,-123.472424000000004,,NA,NA,"2584111",obs_native,file:///D:/Simon/Sync/Root/GIS/Biodiversity%20Data/obs_native.csv?type=csv&maxFields=10000&detectTypes=yes&xField=longitude&yField=latitude&crs=EPSG:4326&spatialIndex=no&subsetIndex=no&watchFile=no
"52101",Prunus emarginata var. emarginata,Prunus,emarginata,,,,native,S5,,48.940497999999998,-123.472424000000004,,NA,NA,"2584117",obs_native,file:///D:/Simon/Sync/Root/GIS/Biodiversity%20Data/obs_native.csv?type=csv&maxFields=10000&detectTypes=yes&xField=longitude&yField=latitude&crs=EPSG:4326&spatialIndex=no&subsetIndex=no&watchFile=no
"53101",Quercus garryana var. garryana,Quercus,garryana,,,,native,S5,,48.872404000000003,-123.311148000000003,,NA,NA,"2584992",obs_native,file:///D:/Simon/Sync/Root/GIS/Biodiversity%20Data/obs_native.csv?type=csv&maxFields=10000&detectTypes=yes&xField=longitude&yField=latitude&crs=EPSG:4326&spatialIndex=no&subsetIndex=no&watchFile=no
"54101",Quercus garryana var. garryana,Quercus,garryana,,,,native,S5,,48.926870000000001,-123.469719999999995,,NA,NA,"2585088",obs_native,file:///D:/Simon/Sync/Root/GIS/Biodiversity%20Data/obs_native.csv?type=csv&maxFields=10000&detectTypes=yes&xField=longitude&yField=latitude&crs=EPSG:4326&spatialIndex=no&subsetIndex=no&watchFile=no
"55101",Quercus garryana var. garryana,Quercus,garryana,,,,native,S5,,48.872348000000002,-123.312092000000007,,NA,NA,"2586455",obs_native,file:///D:/Simon/Sync/Root/GIS/Biodiversity%20Data/obs_native.csv?type=csv&maxFields=10000&detectTypes=yes&xField=longitude&yField=latitude&crs=EPSG:4326&spatialIndex=no&subsetIndex=no&watchFile=no
"56101",Pseudotsuga menziesii var. menziesii,Pseudotsuga,menziesii,,,,native,S5,,48.872348000000002,-123.312092000000007,,NA,NA,"2586460",obs_native,file:///D:/Simon/Sync/Root/GIS/Biodiversity%20Data/obs_native.csv?type=csv&maxFields=10000&detectTypes=yes&xField=longitude&yField=latitude&crs=EPSG:4326&spatialIndex=no&subsetIndex=no&watchFile=no
"57101",Prunus emarginata var. emarginata,Prunus,emarginata,,,,native,S5,,48.898873999999999,-123.358954999999995,,NA,NA,"2586526",obs_native,file:///D:/Simon/Sync/Root/GIS/Biodiversity%20Data/obs_native.csv?type=csv&maxFields=10000&detectTypes=yes&xField=longitude&yField=latitude&crs=EPSG:4326&spatialIndex=no&subsetIndex=no&watchFile=no
"58101",Quercus garryana var. garryana,Quercus,garryana,,,,native,S5,,48.928314000000000,-123.472809999999996,,NA,NA,"2588067",obs_native,file:///D:/Simon/Sync/Root/GIS/Biodiversity%20Data/obs_native.csv?type=csv&maxFields=10000&detectTypes=yes&xField=longitude&yField=latitude&crs=EPSG:4326&spatialIndex=no&subsetIndex=no&watchFile=no
"59101",Pseudotsuga menziesii var. menziesii,Pseudotsuga,menziesii,,,,native,S5,,48.932887000000001,-123.484611999999998,,NA,NA,"2588203",obs_native,file:///D:/Simon/Sync/Root/GIS/Biodiversity%20Data/obs_native.csv?type=csv&maxFields=10000&detectTypes=yes&xField=longitude&yField=latitude&crs=EPSG:4326&spatialIndex=no&subsetIndex=no&watchFile=no
"60101",Cerastium arvense ssp. strictum,Cerastium,arvense,,strictum,,native,S5,,48.867527000000003,-123.341317000000004,,NA,NA,"2588474",obs_native,file:///D:/Simon/Sync/Root/GIS/Biodiversity%20Data/obs_native.csv?type=csv&maxFields=10000&detectTypes=yes&xField=longitude&yField=latitude&crs=EPSG:4326&spatialIndex=no&subsetIndex=no&watchFile=no
"61101",Pentagramma triangularis ssp. triangularis,Pentagramma,triangularis,,,,native,S5,,48.926192999999998,-123.465299999999999,,NA,NA,"2589088",obs_native,file:///D:/Simon/Sync/Root/GIS/Biodiversity%20Data/obs_native.csv?type=csv&maxFields=10000&detectTypes=yes&xField=longitude&yField=latitude&crs=EPSG:4326&spatialIndex=no&subsetIndex=no&watchFile=no
"62101",Quercus garryana var. garryana,Quercus,garryana,,,,native,S5,,48.863303000000002,-123.362474000000006,,NA,NA,"2589509",obs_native,file:///D:/Simon/Sync/Root/GIS/Biodiversity%20Data/obs_native.csv?type=csv&maxFields=10000&detectTypes=yes&xField=longitude&yField=latitude&crs=EPSG:4326&spatialIndex=no&subsetIndex=no&watchFile=no
"63101",Quercus garryana var. garryana,Quercus,garryana,,,,native,S5,,48.863303000000002,-123.362474000000006,,NA,NA,"2589514",obs_native,file:///D:/Simon/Sync/Root/GIS/Biodiversity%20Data/obs_native.csv?type=csv&maxFields=10000&detectTypes=yes&xField=longitude&yField=latitude&crs=EPSG:4326&spatialIndex=no&subsetIndex=no&watchFile=no
"64101",Amelanchier alnifolia,Amelanchier,alnifolia,,,,native,S5,,48.932175999999998,-123.483666999999997,,NA,NA,"2590270",obs_native,file:///D:/Simon/Sync/Root/GIS/Biodiversity%20Data/obs_native.csv?type=csv&maxFields=10000&detectTypes=yes&xField=longitude&yField=latitude&crs=EPSG:4326&spatialIndex=no&subsetIndex=no&watchFile=no
"65101",Amelanchier alnifolia,Amelanchier,alnifolia,,,,native,S5,,48.930343999999998,-123.476157000000001,,NA,NA,"2590577",obs_native,file:///D:/Simon/Sync/Root/GIS/Biodiversity%20Data/obs_native.csv?type=csv&maxFields=10000&detectTypes=yes&xField=longitude&yField=latitude&crs=EPSG:4326&spatialIndex=no&subsetIndex=no&watchFile=no
"66101",Holodiscus discolor var. discolor,Holodiscus,discolor,,,,native,S5,,48.929954000000002,-123.475599000000003,,NA,NA,"2590657",obs_native,file:///D:/Simon/Sync/Root/GIS/Biodiversity%20Data/obs_native.csv?type=csv&maxFields=10000&detectTypes=yes&xField=longitude&yField=latitude&crs=EPSG:4326&spatialIndex=no&subsetIndex=no&watchFile=no
"67101",Pteridium aquilinum ssp. pubescens,Pteridium,aquilinum,,pubescens,,native,S5,,48.931837999999999,-123.472080000000005,,NA,NA,"2591410",obs_native,file:///D:/Simon/Sync/Root/GIS/Biodiversity%20Data/obs_native.csv?type=csv&maxFields=10000&detectTypes=yes&xField=longitude&yField=latitude&crs=EPSG:4326&spatialIndex=no&subsetIndex=no&watchFile=no
"68101",Pseudotsuga menziesii var. menziesii,Pseudotsuga,menziesii,,,,native,S5,,48.929402000000003,-123.475857000000005,,NA,NA,"2599819",obs_native,file:///D:/Simon/Sync/Root/GIS/Biodiversity%20Data/obs_native.csv?type=csv&maxFields=10000&detectTypes=yes&xField=longitude&yField=latitude&crs=EPSG:4326&spatialIndex=no&subsetIndex=no&watchFile=no
"70101",Prunus emarginata var. emarginata,Prunus,emarginata,,,,native,S5,,48.932768000000003,-123.474698000000004,,NA,NA,"2599957",obs_native,file:///D:/Simon/Sync/Root/GIS/Biodiversity%20Data/obs_native.csv?type=csv&maxFields=10000&detectTypes=yes&xField=longitude&yField=latitude&crs=EPSG:4326&spatialIndex=no&subsetIndex=no&watchFile=no
"71101",Pteridium aquilinum ssp. pubescens,Pteridium,aquilinum,,pubescens,,native,S5,,48.933101000000001,-123.479203999999996,,NA,NA,"2608843",obs_native,file:///D:/Simon/Sync/Root/GIS/Biodiversity%20Data/obs_native.csv?type=csv&maxFields=10000&detectTypes=yes&xField=longitude&yField=latitude&crs=EPSG:4326&spatialIndex=no&subsetIndex=no&watchFile=no
"72101",Chimaphila umbellata ssp. umbellata,Chimaphila,umbellata,,,,native,S5,,48.983272999999997,-123.556451999999993,,NA,NA,"2615128",obs_native,file:///D:/Simon/Sync/Root/GIS/Biodiversity%20Data/obs_native.csv?type=csv&maxFields=10000&detectTypes=yes&xField=longitude&yField=latitude&crs=EPSG:4326&spatialIndex=no&subsetIndex=no&watchFile=no
"73101",Quercus garryana var. garryana,Quercus,garryana,,,,native,S5,,48.928676000000003,-123.473518999999996,,NA,NA,"2617614",obs_native,file:///D:/Simon/Sync/Root/GIS/Biodiversity%20Data/obs_native.csv?type=csv&maxFields=10000&detectTypes=yes&xField=longitude&yField=latitude&crs=EPSG:4326&spatialIndex=no&subsetIndex=no&watchFile=no
"75101",Camassia leichtlinii ssp. suksdorfii,Camassia,leichtlinii,,suksdorfii,,native,S4,,48.927041000000003,-123.466395000000006,,NA,NA,"2617745",obs_native,file:///D:/Simon/Sync/Root/GIS/Biodiversity%20Data/obs_native.csv?type=csv&maxFields=10000&detectTypes=yes&xField=longitude&yField=latitude&crs=EPSG:4326&spatialIndex=no&subsetIndex=no&watchFile=no
"76101",Cerastium arvense ssp. strictum,Cerastium,arvense,,strictum,,native,S5,,48.927041000000003,-123.466395000000006,,NA,NA,"2617754",obs_native,file:///D:/Simon/Sync/Root/GIS/Biodiversity%20Data/obs_native.csv?type=csv&maxFields=10000&detectTypes=yes&xField=longitude&yField=latitude&crs=EPSG:4326&spatialIndex=no&subsetIndex=no&watchFile=no
"77101",Linnaea borealis ssp. longiflora,Linnaea,borealis,,longiflora,,native,S5,,48.931240000000003,-123.479418999999993,,NA,NA,"2621405",obs_native,file:///D:/Simon/Sync/Root/GIS/Biodiversity%20Data/obs_native.csv?type=csv&maxFields=10000&detectTypes=yes&xField=longitude&yField=latitude&crs=EPSG:4326&spatialIndex=no&subsetIndex=no&watchFile=no
"78101",Holodiscus discolor var. discolor,Holodiscus,discolor,,,,native,S5,,48.929209999999998,-123.475427999999994,,NA,NA,"2621501",obs_native,file:///D:/Simon/Sync/Root/GIS/Biodiversity%20Data/obs_native.csv?type=csv&maxFields=10000&detectTypes=yes&xField=longitude&yField=latitude&crs=EPSG:4326&spatialIndex=no&subsetIndex=no&watchFile=no
"79101",Rosa nutkana ssp. nutkana,Rosa,nutkana,,,,native,S5,,48.926901000000001,-123.466138000000001,,NA,NA,"2621673",obs_native,file:///D:/Simon/Sync/Root/GIS/Biodiversity%20Data/obs_native.csv?type=csv&maxFields=10000&detectTypes=yes&xField=longitude&yField=latitude&crs=EPSG:4326&spatialIndex=no&subsetIndex=no&watchFile=no
"80101",Pteridium aquilinum ssp. pubescens,Pteridium,aquilinum,,pubescens,,native,S5,,48.924135000000000,-123.459978000000007,,NA,NA,"2624998",obs_native,file:///D:/Simon/Sync/Root/GIS/Biodiversity%20Data/obs_native.csv?type=csv&maxFields=10000&detectTypes=yes&xField=longitude&yField=latitude&crs=EPSG:4326&spatialIndex=no&subsetIndex=no&watchFile=no
"81101",Eriophyllum lanatum var. leucophyllum,Eriophyllum,lanatum,,,leucophyllum,native,S5,,48.923825000000001,-123.460064000000003,,NA,NA,"2625029",obs_native,file:///D:/Simon/Sync/Root/GIS/Biodiversity%20Data/obs_native.csv?type=csv&maxFields=10000&detectTypes=yes&xField=longitude&yField=latitude&crs=EPSG:4326&spatialIndex=no&subsetIndex=no&watchFile=no
"82101",Quercus garryana var. garryana,Quercus,garryana,,,,native,S5,,48.923825000000001,-123.460064000000003,,NA,NA,"2625054",obs_native,file:///D:/Simon/Sync/Root/GIS/Biodiversity%20Data/obs_native.csv?type=csv&maxFields=10000&detectTypes=yes&xField=longitude&yField=latitude&crs=EPSG:4326&spatialIndex=no&subsetIndex=no&watchFile=no
"83101",Fragaria vesca ssp. bracteata,Fragaria,vesca,,bracteata,,native,S5,,48.932085999999998,-123.480148000000000,,NA,NA,"2625735",obs_native,file:///D:/Simon/Sync/Root/GIS/Biodiversity%20Data/obs_native.csv?type=csv&maxFields=10000&detectTypes=yes&xField=longitude&yField=latitude&crs=EPSG:4326&spatialIndex=no&subsetIndex=no&watchFile=no
"84101",Stellaria borealis ssp. sitchana,Stellaria,borealis,,sitchana,,native,S5,,48.930844999999998,-123.478088000000000,,NA,NA,"2625810",obs_native,file:///D:/Simon/Sync/Root/GIS/Biodiversity%20Data/obs_native.csv?type=csv&maxFields=10000&detectTypes=yes&xField=longitude&yField=latitude&crs=EPSG:4326&spatialIndex=no&subsetIndex=no&watchFile=no
"87101",Pteridium aquilinum ssp. pubescens,Pteridium,aquilinum,,pubescens,,native,S5,,48.929209999999998,-123.468131999999997,,NA,NA,"2632643",obs_native,file:///D:/Simon/Sync/Root/GIS/Biodiversity%20Data/obs_native.csv?type=csv&maxFields=10000&detectTypes=yes&xField=longitude&yField=latitude&crs=EPSG:4326&spatialIndex=no&subsetIndex=no&watchFile=no
"88101",Pteridium aquilinum ssp. pubescens,Pteridium,aquilinum,,pubescens,,native,S5,,48.931747999999999,-123.473624999999998,,NA,NA,"2648027",obs_native,file:///D:/Simon/Sync/Root/GIS/Biodiversity%20Data/obs_native.csv?type=csv&maxFields=10000&detectTypes=yes&xField=longitude&yField=latitude&crs=EPSG:4326&spatialIndex=no&subsetIndex=no&watchFile=no
"89101",Linnaea borealis ssp. longiflora,Linnaea,borealis,,longiflora,,native,S5,,48.931071000000003,-123.473367999999994,,NA,NA,"2663799",obs_native,file:///D:/Simon/Sync/Root/GIS/Biodiversity%20Data/obs_native.csv?type=csv&maxFields=10000&detectTypes=yes&xField=longitude&yField=latitude&crs=EPSG:4326&spatialIndex=no&subsetIndex=no&watchFile=no
"90101",Plectritis congesta ssp. congesta,Plectritis,congesta,,,,native,S5,,48.903992000000002,-123.412588999999997,,NA,NA,"2670598",obs_native,file:///D:/Simon/Sync/Root/GIS/Biodiversity%20Data/obs_native.csv?type=csv&maxFields=10000&detectTypes=yes&xField=longitude&yField=latitude&crs=EPSG:4326&spatialIndex=no&subsetIndex=no&watchFile=no
"91101",Sambucus racemosa var. arborescens,Sambucus,racemosa,,,arborescens,native,S5,,48.899912999999998,-123.406419999999997,,NA,NA,"2679310",obs_native,file:///D:/Simon/Sync/Root/GIS/Biodiversity%20Data/obs_native.csv?type=csv&maxFields=10000&detectTypes=yes&xField=longitude&yField=latitude&crs=EPSG:4326&spatialIndex=no&subsetIndex=no&watchFile=no
"92101",Sanicula crassicaulis var. crassicaulis,Sanicula,crassicaulis,,,,native,S5,,49.008395000000000,-123.577427999999998,,NA,NA,"2679429",obs_native,file:///D:/Simon/Sync/Root/GIS/Biodiversity%20Data/obs_native.csv?type=csv&maxFields=10000&detectTypes=yes&xField=longitude&yField=latitude&crs=EPSG:4326&spatialIndex=no&subsetIndex=no&watchFile=no
"93101",Pseudotsuga menziesii var. menziesii,Pseudotsuga,menziesii,,,,native,S5,,48.872562000000002,-123.311560999999998,,NA,NA,"2704888",obs_native,file:///D:/Simon/Sync/Root/GIS/Biodiversity%20Data/obs_native.csv?type=csv&maxFields=10000&detectTypes=yes&xField=longitude&yField=latitude&crs=EPSG:4326&spatialIndex=no&subsetIndex=no&watchFile=no
"94101",Quercus garryana var. garryana,Quercus,garryana,,,,native,S5,,48.871941000000000,-123.311276000000007,,NA,NA,"2705748",obs_native,file:///D:/Simon/Sync/Root/GIS/Biodiversity%20Data/obs_native.csv?type=csv&maxFields=10000&detectTypes=yes&xField=longitude&yField=latitude&crs=EPSG:4326&spatialIndex=no&subsetIndex=no&watchFile=no
"95101",Pseudotsuga menziesii var. menziesii,Pseudotsuga,menziesii,,,,native,S5,,48.899489000000003,-123.407084999999995,,NA,NA,"2731765",obs_native,file:///D:/Simon/Sync/Root/GIS/Biodiversity%20Data/obs_native.csv?type=csv&maxFields=10000&detectTypes=yes&xField=longitude&yField=latitude&crs=EPSG:4326&spatialIndex=no&subsetIndex=no&watchFile=no
"96101",Quercus garryana var. garryana,Quercus,garryana,,,,native,S5,,48.894354999999997,-123.408028999999999,,NA,NA,"2731796",obs_native,file:///D:/Simon/Sync/Root/GIS/Biodiversity%20Data/obs_native.csv?type=csv&maxFields=10000&detectTypes=yes&xField=longitude&yField=latitude&crs=EPSG:4326&spatialIndex=no&subsetIndex=no&watchFile=no
"97101",Prunus emarginata var. emarginata,Prunus,emarginata,,,,native,S5,,48.897342000000002,-123.404156000000000,,NA,NA,"2731861",obs_native,file:///D:/Simon/Sync/Root/GIS/Biodiversity%20Data/obs_native.csv?type=csv&maxFields=10000&detectTypes=yes&xField=longitude&yField=latitude&crs=EPSG:4326&spatialIndex=no&subsetIndex=no&watchFile=no
"98101",Pinus contorta ssp. contorta,Pinus,contorta,,,,native,S5,,48.905937999999999,-123.352776000000006,,NA,NA,"2732415",obs_native,file:///D:/Simon/Sync/Root/GIS/Biodiversity%20Data/obs_native.csv?type=csv&maxFields=10000&detectTypes=yes&xField=longitude&yField=latitude&crs=EPSG:4326&spatialIndex=no&subsetIndex=no&watchFile=no
"9996",Pseudotsuga menziesii var. menziesii,Pseudotsuga,menziesii,,,,native,S5,,48.934409000000002,-123.487144000000001,,NA,NA,"2738384",obs_native,file:///D:/Simon/Sync/Root/GIS/Biodiversity%20Data/obs_native.csv?type=csv&maxFields=10000&detectTypes=yes&xField=longitude&yField=latitude&crs=EPSG:4326&spatialIndex=no&subsetIndex=no&watchFile=no
"10011",Pteridium aquilinum ssp. pubescens,Pteridium,aquilinum,,pubescens,,native,S5,,48.890031999999998,-123.344487999999998,,NA,NA,"2742997",obs_native,file:///D:/Simon/Sync/Root/GIS/Biodiversity%20Data/obs_native.csv?type=csv&maxFields=10000&detectTypes=yes&xField=longitude&yField=latitude&crs=EPSG:4326&spatialIndex=no&subsetIndex=no&watchFile=no
"10111",Pteridium aquilinum ssp. pubescens,Pteridium,aquilinum,,pubescens,,native,S5,,48.890037999999997,-123.344412000000005,,NA,NA,"2743003",obs_native,file:///D:/Simon/Sync/Root/GIS/Biodiversity%20Data/obs_native.csv?type=csv&maxFields=10000&detectTypes=yes&xField=longitude&yField=latitude&crs=EPSG:4326&spatialIndex=no&subsetIndex=no&watchFile=no
"10211",Pentagramma triangularis ssp. triangularis,Pentagramma,triangularis,,,,native,S5,,48.926797000000001,-123.466500999999994,,NA,NA,"2750164",obs_native,file:///D:/Simon/Sync/Root/GIS/Biodiversity%20Data/obs_native.csv?type=csv&maxFields=10000&detectTypes=yes&xField=longitude&yField=latitude&crs=EPSG:4326&spatialIndex=no&subsetIndex=no&watchFile=no
"10311",Pseudotsuga menziesii var. menziesii,Pseudotsuga,menziesii,,,,native,S5,,48.926797000000001,-123.466500999999994,,NA,NA,"2750185",obs_native,file:///D:/Simon/Sync/Root/GIS/Biodiversity%20Data/obs_native.csv?type=csv&maxFields=10000&detectTypes=yes&xField=longitude&yField=latitude&crs=EPSG:4326&spatialIndex=no&subsetIndex=no&watchFile=no
"10411",Pinus contorta ssp. contorta,Pinus,contorta,,,,native,S5,,48.906683000000001,-123.356509000000003,,NA,NA,"2763255",obs_native,file:///D:/Simon/Sync/Root/GIS/Biodiversity%20Data/obs_native.csv?type=csv&maxFields=10000&detectTypes=yes&xField=longitude&yField=latitude&crs=EPSG:4326&spatialIndex=no&subsetIndex=no&watchFile=no
"10511",Sambucus racemosa var. arborescens,Sambucus,racemosa,,,arborescens,native,S5,,48.899771999999999,-123.405732999999998,,NA,NA,"2763366",obs_native,file:///D:/Simon/Sync/Root/GIS/Biodiversity%20Data/obs_native.csv?type=csv&maxFields=10000&detectTypes=yes&xField=longitude&yField=latitude&crs=EPSG:4326&spatialIndex=no&subsetIndex=no&watchFile=no
"10611",Sambucus racemosa var. arborescens,Sambucus,racemosa,,,arborescens,native,S5,,48.874696000000000,-123.350029000000006,,NA,NA,"2767815",obs_native,file:///D:/Simon/Sync/Root/GIS/Biodiversity%20Data/obs_native.csv?type=csv&maxFields=10000&detectTypes=yes&xField=longitude&yField=latitude&crs=EPSG:4326&spatialIndex=no&subsetIndex=no&watchFile=no
"10711",Pteridium aquilinum ssp. pubescens,Pteridium,aquilinum,,pubescens,,native,S5,,48.895595999999998,-123.405411000000001,,NA,NA,"2771143",obs_native,file:///D:/Simon/Sync/Root/GIS/Biodiversity%20Data/obs_native.csv?type=csv&maxFields=10000&detectTypes=yes&xField=longitude&yField=latitude&crs=EPSG:4326&spatialIndex=no&subsetIndex=no&watchFile=no
"10811",Pteridium aquilinum ssp. pubescens,Pteridium,aquilinum,,pubescens,,native,S5,,48.892518000000003,-123.355072000000007,,NA,NA,"2772961",obs_native,file:///D:/Simon/Sync/Root/GIS/Biodiversity%20Data/obs_native.csv?type=csv&maxFields=10000&detectTypes=yes&xField=longitude&yField=latitude&crs=EPSG:4326&spatialIndex=no&subsetIndex=no&watchFile=no
"10911",Pteridium aquilinum ssp. pubescens,Pteridium,aquilinum,,pubescens,,native,S5,,48.895667000000003,-123.337102000000002,,NA,NA,"2810361",obs_native,file:///D:/Simon/Sync/Root/GIS/Biodiversity%20Data/obs_native.csv?type=csv&maxFields=10000&detectTypes=yes&xField=longitude&yField=latitude&crs=EPSG:4326&spatialIndex=no&subsetIndex=no&watchFile=no
"11011",Pteridium aquilinum ssp. pubescens,Pteridium,aquilinum,,pubescens,,native,S5,,48.950977999999999,-123.516797999999994,,NA,NA,"2819485",obs_native,file:///D:/Simon/Sync/Root/GIS/Biodiversity%20Data/obs_native.csv?type=csv&maxFields=10000&detectTypes=yes&xField=longitude&yField=latitude&crs=EPSG:4326&spatialIndex=no&subsetIndex=no&watchFile=no
"11111",Carex inops ssp. inops,Carex,inops,,,,native,S4S5,,48.956665000000001,-123.531574000000006,,NA,NA,"2819492",obs_native,file:///D:/Simon/Sync/Root/GIS/Biodiversity%20Data/obs_native.csv?type=csv&maxFields=10000&detectTypes=yes&xField=longitude&yField=latitude&crs=EPSG:4326&spatialIndex=no&subsetIndex=no&watchFile=no
"11211",Pentagramma triangularis ssp. triangularis,Pentagramma,triangularis,,,,native,S5,,48.956665000000001,-123.531574000000006,,NA,NA,"2819497",obs_native,file:///D:/Simon/Sync/Root/GIS/Biodiversity%20Data/obs_native.csv?type=csv&maxFields=10000&detectTypes=yes&xField=longitude&yField=latitude&crs=EPSG:4326&spatialIndex=no&subsetIndex=no&watchFile=no
"11311",Pteridium aquilinum ssp. pubescens,Pteridium,aquilinum,,pubescens,,native,S5,,48.963625999999998,-123.549869999999999,,NA,NA,"2823133",obs_native,file:///D:/Simon/Sync/Root/GIS/Biodiversity%20Data/obs_native.csv?type=csv&maxFields=10000&detectTypes=yes&xField=longitude&yField=latitude&crs=EPSG:4326&spatialIndex=no&subsetIndex=no&watchFile=no
"11511",Rosa nutkana ssp. nutkana,Rosa,nutkana,,,,native,S5,,49.012991999999997,-123.576127999999997,,NA,NA,"2886601",obs_native,file:///D:/Simon/Sync/Root/GIS/Biodiversity%20Data/obs_native.csv?type=csv&maxFields=10000&detectTypes=yes&xField=longitude&yField=latitude&crs=EPSG:4326&spatialIndex=no&subsetIndex=no&watchFile=no
"11611",Athyrium filix-femina ssp. cyclosorum,Athyrium,filix-femina,,cyclosorum,,native,S5,,48.873327000000003,-123.346124000000003,,NA,NA,"2889842",obs_native,file:///D:/Simon/Sync/Root/GIS/Biodiversity%20Data/obs_native.csv?type=csv&maxFields=10000&detectTypes=yes&xField=longitude&yField=latitude&crs=EPSG:4326&spatialIndex=no&subsetIndex=no&watchFile=no
"11711",Fragaria vesca ssp. bracteata,Fragaria,vesca,,bracteata,,native,S5,,48.917265000000000,-123.406848999999994,,NA,NA,"2915777",obs_native,file:///D:/Simon/Sync/Root/GIS/Biodiversity%20Data/obs_native.csv?type=csv&maxFields=10000&detectTypes=yes&xField=longitude&yField=latitude&crs=EPSG:4326&spatialIndex=no&subsetIndex=no&watchFile=no
"11811",Camassia leichtlinii ssp. suksdorfii,Camassia,leichtlinii,,suksdorfii,,native,S4,,48.871738000000001,-123.311491000000004,,NA,NA,"2942466",obs_native,file:///D:/Simon/Sync/Root/GIS/Biodiversity%20Data/obs_native.csv?type=csv&maxFields=10000&detectTypes=yes&xField=longitude&yField=latitude&crs=EPSG:4326&spatialIndex=no&subsetIndex=no&watchFile=no
"11911",Plectritis congesta ssp. congesta,Plectritis,congesta,,,,native,S5,,48.871738000000001,-123.311491000000004,,NA,NA,"2942519",obs_native,file:///D:/Simon/Sync/Root/GIS/Biodiversity%20Data/obs_native.csv?type=csv&maxFields=10000&detectTypes=yes&xField=longitude&yField=latitude&crs=EPSG:4326&spatialIndex=no&subsetIndex=no&watchFile=no
"12011",Plectritis congesta ssp. congesta,Plectritis,congesta,,,,native,S5,,48.873455000000000,-123.315413300000003,,NA,NA,"2943346",obs_native,file:///D:/Simon/Sync/Root/GIS/Biodiversity%20Data/obs_native.csv?type=csv&maxFields=10000&detectTypes=yes&xField=longitude&yField=latitude&crs=EPSG:4326&spatialIndex=no&subsetIndex=no&watchFile=no
"12111",Plectritis congesta ssp. congesta,Plectritis,congesta,,,,native,S5,,48.901316999999999,-123.369534000000002,,NA,NA,"2953736",obs_native,file:///D:/Simon/Sync/Root/GIS/Biodiversity%20Data/obs_native.csv?type=csv&maxFields=10000&detectTypes=yes&xField=longitude&yField=latitude&crs=EPSG:4326&spatialIndex=no&subsetIndex=no&watchFile=no
"12211",Claytonia exigua ssp. exigua,Claytonia,exigua,,,,native,S4,,48.863541669999996,-123.313225000000003,,NA,NA,"2954039",obs_native,file:///D:/Simon/Sync/Root/GIS/Biodiversity%20Data/obs_native.csv?type=csv&maxFields=10000&detectTypes=yes&xField=longitude&yField=latitude&crs=EPSG:4326&spatialIndex=no&subsetIndex=no&watchFile=no
"12311",Athyrium filix-femina ssp. cyclosorum,Athyrium,filix-femina,,cyclosorum,,native,S5,,48.928196999999997,-123.446166000000005,,NA,NA,"2954397",obs_native,file:///D:/Simon/Sync/Root/GIS/Biodiversity%20Data/obs_native.csv?type=csv&maxFields=10000&detectTypes=yes&xField=longitude&yField=latitude&crs=EPSG:4326&spatialIndex=no&subsetIndex=no&watchFile=no
"12411",Athyrium filix-femina ssp. cyclosorum,Athyrium,filix-femina,,cyclosorum,,native,S5,,48.876005999999997,-123.348999000000006,,NA,NA,"2956330",obs_native,file:///D:/Simon/Sync/Root/GIS/Biodiversity%20Data/obs_native.csv?type=csv&maxFields=10000&detectTypes=yes&xField=longitude&yField=latitude&crs=EPSG:4326&spatialIndex=no&subsetIndex=no&watchFile=no
"12511",Fragaria vesca ssp. bracteata,Fragaria,vesca,,bracteata,,native,S5,,48.865958329999998,-123.322180599999996,,NA,NA,"2958930",obs_native,file:///D:/Simon/Sync/Root/GIS/Biodiversity%20Data/obs_native.csv?type=csv&maxFields=10000&detectTypes=yes&xField=longitude&yField=latitude&crs=EPSG:4326&spatialIndex=no&subsetIndex=no&watchFile=no
"12611",Ranunculus occidentalis var. occidentalis,Ranunculus,occidentalis,,,,native,S5,,48.863275000000002,-123.314780600000006,,NA,NA,"2959437",obs_native,file:///D:/Simon/Sync/Root/GIS/Biodiversity%20Data/obs_native.csv?type=csv&maxFields=10000&detectTypes=yes&xField=longitude&yField=latitude&crs=EPSG:4326&spatialIndex=no&subsetIndex=no&watchFile=no
"12711",Prunus emarginata var. emarginata,Prunus,emarginata,,,,native,S5,,48.917558999999997,-123.403158000000005,,NA,NA,"2979352",obs_native,file:///D:/Simon/Sync/Root/GIS/Biodiversity%20Data/obs_native.csv?type=csv&maxFields=10000&detectTypes=yes&xField=longitude&yField=latitude&crs=EPSG:4326&spatialIndex=no&subsetIndex=no&watchFile=no
"12811",Fragaria vesca ssp. bracteata,Fragaria,vesca,,bracteata,,native,S5,,48.917558999999997,-123.403158000000005,,NA,NA,"2979357",obs_native,file:///D:/Simon/Sync/Root/GIS/Biodiversity%20Data/obs_native.csv?type=csv&maxFields=10000&detectTypes=yes&xField=longitude&yField=latitude&crs=EPSG:4326&spatialIndex=no&subsetIndex=no&watchFile=no
"12911",Cerastium arvense ssp. strictum,Cerastium,arvense,,strictum,,native,S5,,48.862184999999997,-123.324409000000003,,NA,NA,"2979505",obs_native,file:///D:/Simon/Sync/Root/GIS/Biodiversity%20Data/obs_native.csv?type=csv&maxFields=10000&detectTypes=yes&xField=longitude&yField=latitude&crs=EPSG:4326&spatialIndex=no&subsetIndex=no&watchFile=no
"13011",Athyrium filix-femina ssp. cyclosorum,Athyrium,filix-femina,,cyclosorum,,native,S5,,48.870856000000003,-123.320633999999998,,NA,NA,"2989688",obs_native,file:///D:/Simon/Sync/Root/GIS/Biodiversity%20Data/obs_native.csv?type=csv&maxFields=10000&detectTypes=yes&xField=longitude&yField=latitude&crs=EPSG:4326&spatialIndex=no&subsetIndex=no&watchFile=no
"13111",Fragaria vesca ssp. bracteata,Fragaria,vesca,,bracteata,,native,S5,,48.914298000000002,-123.394082999999995,,NA,NA,"2989750",obs_native,file:///D:/Simon/Sync/Root/GIS/Biodiversity%20Data/obs_native.csv?type=csv&maxFields=10000&detectTypes=yes&xField=longitude&yField=latitude&crs=EPSG:4326&spatialIndex=no&subsetIndex=no&watchFile=no
"13211",Cerastium arvense ssp. strictum,Cerastium,arvense,,strictum,,native,S5,,48.867544000000002,-123.339220999999995,,NA,NA,"2989957",obs_native,file:///D:/Simon/Sync/Root/GIS/Biodiversity%20Data/obs_native.csv?type=csv&maxFields=10000&detectTypes=yes&xField=longitude&yField=latitude&crs=EPSG:4326&spatialIndex=no&subsetIndex=no&watchFile=no
"13311",Plectritis congesta ssp. congesta,Plectritis,congesta,,,,native,S5,,48.916395000000001,-123.393868999999995,,NA,NA,"2990093",obs_native,file:///D:/Simon/Sync/Root/GIS/Biodiversity%20Data/obs_native.csv?type=csv&maxFields=10000&detectTypes=yes&xField=longitude&yField=latitude&crs=EPSG:4326&spatialIndex=no&subsetIndex=no&watchFile=no
"13511",Camassia leichtlinii ssp. suksdorfii,Camassia,leichtlinii,,suksdorfii,,native,S4,,48.866764000000003,-123.336060000000003,,NA,NA,"3027380",obs_native,file:///D:/Simon/Sync/Root/GIS/Biodiversity%20Data/obs_native.csv?type=csv&maxFields=10000&detectTypes=yes&xField=longitude&yField=latitude&crs=EPSG:4326&spatialIndex=no&subsetIndex=no&watchFile=no
"13611",Cerastium arvense ssp. strictum,Cerastium,arvense,,strictum,,native,S5,,48.866764000000003,-123.336060000000003,,NA,NA,"3027410",obs_native,file:///D:/Simon/Sync/Root/GIS/Biodiversity%20Data/obs_native.csv?type=csv&maxFields=10000&detectTypes=yes&xField=longitude&yField=latitude&crs=EPSG:4326&spatialIndex=no&subsetIndex=no&watchFile=no
"13711",Pseudotsuga menziesii var. menziesii,Pseudotsuga,menziesii,,,,native,S5,,48.866764000000003,-123.336060000000003,,NA,NA,"3028391",obs_native,file:///D:/Simon/Sync/Root/GIS/Biodiversity%20Data/obs_native.csv?type=csv&maxFields=10000&detectTypes=yes&xField=longitude&yField=latitude&crs=EPSG:4326&spatialIndex=no&subsetIndex=no&watchFile=no
"13811",Quercus garryana var. garryana,Quercus,garryana,,,,native,S5,,48.866764000000003,-123.336060000000003,,NA,NA,"3028524",obs_native,file:///D:/Simon/Sync/Root/GIS/Biodiversity%20Data/obs_native.csv?type=csv&maxFields=10000&detectTypes=yes&xField=longitude&yField=latitude&crs=EPSG:4326&spatialIndex=no&subsetIndex=no&watchFile=no
"13911",Ranunculus occidentalis var. occidentalis,Ranunculus,occidentalis,,,,native,S5,,48.866764000000003,-123.336060000000003,,NA,NA,"3028568",obs_native,file:///D:/Simon/Sync/Root/GIS/Biodiversity%20Data/obs_native.csv?type=csv&maxFields=10000&detectTypes=yes&xField=longitude&yField=latitude&crs=EPSG:4326&spatialIndex=no&subsetIndex=no&watchFile=no
"14011",Sanicula crassicaulis var. crassicaulis,Sanicula,crassicaulis,,,,native,S5,,48.866764000000003,-123.336060000000003,,NA,NA,"3028715",obs_native,file:///D:/Simon/Sync/Root/GIS/Biodiversity%20Data/obs_native.csv?type=csv&maxFields=10000&detectTypes=yes&xField=longitude&yField=latitude&crs=EPSG:4326&spatialIndex=no&subsetIndex=no&watchFile=no
"14111",Eriophyllum lanatum var. leucophyllum,Eriophyllum,lanatum,,,leucophyllum,native,S5,,48.867548999999997,-123.339915000000005,,NA,NA,"3040989",obs_native,file:///D:/Simon/Sync/Root/GIS/Biodiversity%20Data/obs_native.csv?type=csv&maxFields=10000&detectTypes=yes&xField=longitude&yField=latitude&crs=EPSG:4326&spatialIndex=no&subsetIndex=no&watchFile=no
"14311",Pentagramma triangularis ssp. triangularis,Pentagramma,triangularis,,,,native,S5,,48.867718000000004,-123.340086999999997,,NA,NA,"3041327",obs_native,file:///D:/Simon/Sync/Root/GIS/Biodiversity%20Data/obs_native.csv?type=csv&maxFields=10000&detectTypes=yes&xField=longitude&yField=latitude&crs=EPSG:4326&spatialIndex=no&subsetIndex=no&watchFile=no
"14411",Pseudotsuga menziesii var. menziesii,Pseudotsuga,menziesii,,,,native,S5,,48.867718000000004,-123.340086999999997,,NA,NA,"3041423",obs_native,file:///D:/Simon/Sync/Root/GIS/Biodiversity%20Data/obs_native.csv?type=csv&maxFields=10000&detectTypes=yes&xField=longitude&yField=latitude&crs=EPSG:4326&spatialIndex=no&subsetIndex=no&watchFile=no
"14511",Pteridium aquilinum ssp. pubescens,Pteridium,aquilinum,,pubescens,,native,S5,,48.867718000000004,-123.340086999999997,,NA,NA,"3041446",obs_native,file:///D:/Simon/Sync/Root/GIS/Biodiversity%20Data/obs_native.csv?type=csv&maxFields=10000&detectTypes=yes&xField=longitude&yField=latitude&crs=EPSG:4326&spatialIndex=no&subsetIndex=no&watchFile=no
"14611",Quercus garryana var. garryana,Quercus,garryana,,,,native,S5,,48.867718000000004,-123.340086999999997,,NA,NA,"3041462",obs_native,file:///D:/Simon/Sync/Root/GIS/Biodiversity%20Data/obs_native.csv?type=csv&maxFields=10000&detectTypes=yes&xField=longitude&yField=latitude&crs=EPSG:4326&spatialIndex=no&subsetIndex=no&watchFile=no
"14711",Sanicula crassicaulis var. crassicaulis,Sanicula,crassicaulis,,,,native,S5,,48.867718000000004,-123.340086999999997,,NA,NA,"3041485",obs_native,file:///D:/Simon/Sync/Root/GIS/Biodiversity%20Data/obs_native.csv?type=csv&maxFields=10000&detectTypes=yes&xField=longitude&yField=latitude&crs=EPSG:4326&spatialIndex=no&subsetIndex=no&watchFile=no
"14811",Cerastium arvense ssp. strictum,Cerastium,arvense,,strictum,,native,S5,,48.866715999999997,-123.323987000000002,,NA,NA,"3070099",obs_native,file:///D:/Simon/Sync/Root/GIS/Biodiversity%20Data/obs_native.csv?type=csv&maxFields=10000&detectTypes=yes&xField=longitude&yField=latitude&crs=EPSG:4326&spatialIndex=no&subsetIndex=no&watchFile=no
"15011",Rosa nutkana ssp. nutkana,Rosa,nutkana,,,,native,S5,,48.877955000000000,-123.316519999999997,,NA,NA,"3083379",obs_native,file:///D:/Simon/Sync/Root/GIS/Biodiversity%20Data/obs_native.csv?type=csv&maxFields=10000&detectTypes=yes&xField=longitude&yField=latitude&crs=EPSG:4326&spatialIndex=no&subsetIndex=no&watchFile=no
"15111",Camassia quamash ssp. quamash,Camassia,quamash,,,,native,S4,,48.897370000000002,-123.338470000000001,,NA,NA,"3083409",obs_native,file:///D:/Simon/Sync/Root/GIS/Biodiversity%20Data/obs_native.csv?type=csv&maxFields=10000&detectTypes=yes&xField=longitude&yField=latitude&crs=EPSG:4326&spatialIndex=no&subsetIndex=no&watchFile=no
"15211",Equisetum telmateia ssp. braunii,Equisetum,telmateia,,braunii,,native,S5,,48.916645000000003,-123.424272999999999,,NA,NA,"3093814",obs_native,file:///D:/Simon/Sync/Root/GIS/Biodiversity%20Data/obs_native.csv?type=csv&maxFields=10000&detectTypes=yes&xField=longitude&yField=latitude&crs=EPSG:4326&spatialIndex=no&subsetIndex=no&watchFile=no
"15311",Pentagramma triangularis ssp. triangularis,Pentagramma,triangularis,,,,native,S5,,48.916249999999998,-123.424959000000001,,NA,NA,"3094342",obs_native,file:///D:/Simon/Sync/Root/GIS/Biodiversity%20Data/obs_native.csv?type=csv&maxFields=10000&detectTypes=yes&xField=longitude&yField=latitude&crs=EPSG:4326&spatialIndex=no&subsetIndex=no&watchFile=no
"15411",Cerastium arvense ssp. strictum,Cerastium,arvense,,strictum,,native,S5,,48.916249999999998,-123.424959000000001,,NA,NA,"3094511",obs_native,file:///D:/Simon/Sync/Root/GIS/Biodiversity%20Data/obs_native.csv?type=csv&maxFields=10000&detectTypes=yes&xField=longitude&yField=latitude&crs=EPSG:4326&spatialIndex=no&subsetIndex=no&watchFile=no
"15511",Pteridium aquilinum ssp. pubescens,Pteridium,aquilinum,,pubescens,,native,S5,,48.916870000000003,-123.423242999999999,,NA,NA,"3098616",obs_native,file:///D:/Simon/Sync/Root/GIS/Biodiversity%20Data/obs_native.csv?type=csv&maxFields=10000&detectTypes=yes&xField=longitude&yField=latitude&crs=EPSG:4326&spatialIndex=no&subsetIndex=no&watchFile=no
"15611",Pseudotsuga menziesii var. menziesii,Pseudotsuga,menziesii,,,,native,S5,,48.934009000000003,-123.471886999999995,,NA,NA,"3104397",obs_native,file:///D:/Simon/Sync/Root/GIS/Biodiversity%20Data/obs_native.csv?type=csv&maxFields=10000&detectTypes=yes&xField=longitude&yField=latitude&crs=EPSG:4326&spatialIndex=no&subsetIndex=no&watchFile=no
"15711",Equisetum telmateia ssp. braunii,Equisetum,telmateia,,braunii,,native,S5,,48.934009000000003,-123.471886999999995,,NA,NA,"3104417",obs_native,file:///D:/Simon/Sync/Root/GIS/Biodiversity%20Data/obs_native.csv?type=csv&maxFields=10000&detectTypes=yes&xField=longitude&yField=latitude&crs=EPSG:4326&spatialIndex=no&subsetIndex=no&watchFile=no
"15811",Quercus garryana var. garryana,Quercus,garryana,,,,native,S5,,48.934009000000003,-123.471886999999995,,NA,NA,"3104530",obs_native,file:///D:/Simon/Sync/Root/GIS/Biodiversity%20Data/obs_native.csv?type=csv&maxFields=10000&detectTypes=yes&xField=longitude&yField=latitude&crs=EPSG:4326&spatialIndex=no&subsetIndex=no&watchFile=no
"15911",Pteridium aquilinum ssp. pubescens,Pteridium,aquilinum,,pubescens,,native,S5,,48.934009000000003,-123.471886999999995,,NA,NA,"3104558",obs_native,file:///D:/Simon/Sync/Root/GIS/Biodiversity%20Data/obs_native.csv?type=csv&maxFields=10000&detectTypes=yes&xField=longitude&yField=latitude&crs=EPSG:4326&spatialIndex=no&subsetIndex=no&watchFile=no
"16011",Fragaria vesca ssp. bracteata,Fragaria,vesca,,bracteata,,native,S5,,48.934009000000003,-123.471886999999995,,NA,NA,"3104571",obs_native,file:///D:/Simon/Sync/Root/GIS/Biodiversity%20Data/obs_native.csv?type=csv&maxFields=10000&detectTypes=yes&xField=longitude&yField=latitude&crs=EPSG:4326&spatialIndex=no&subsetIndex=no&watchFile=no
"16111",Holodiscus discolor var. discolor,Holodiscus,discolor,,,,native,S5,,48.919024999999998,-123.430623999999995,,NA,NA,"3114476",obs_native,file:///D:/Simon/Sync/Root/GIS/Biodiversity%20Data/obs_native.csv?type=csv&maxFields=10000&detectTypes=yes&xField=longitude&yField=latitude&crs=EPSG:4326&spatialIndex=no&subsetIndex=no&watchFile=no
"16211",Athyrium filix-femina ssp. cyclosorum,Athyrium,filix-femina,,cyclosorum,,native,S5,,48.919024999999998,-123.430623999999995,,NA,NA,"3114500",obs_native,file:///D:/Simon/Sync/Root/GIS/Biodiversity%20Data/obs_native.csv?type=csv&maxFields=10000&detectTypes=yes&xField=longitude&yField=latitude&crs=EPSG:4326&spatialIndex=no&subsetIndex=no&watchFile=no
"16611",Fragaria vesca ssp. bracteata,Fragaria,vesca,,bracteata,,native,S5,,48.873330000000003,-123.324365999999998,,NA,NA,"3116798",obs_native,file:///D:/Simon/Sync/Root/GIS/Biodiversity%20Data/obs_native.csv?type=csv&maxFields=10000&detectTypes=yes&xField=longitude&yField=latitude&crs=EPSG:4326&spatialIndex=no&subsetIndex=no&watchFile=no
"16711",Pentagramma triangularis ssp. triangularis,Pentagramma,triangularis,,,,native,S5,,48.915906000000000,-123.422921000000002,,NA,NA,"3121239",obs_native,file:///D:/Simon/Sync/Root/GIS/Biodiversity%20Data/obs_native.csv?type=csv&maxFields=10000&detectTypes=yes&xField=longitude&yField=latitude&crs=EPSG:4326&spatialIndex=no&subsetIndex=no&watchFile=no
"16811",Pteridium aquilinum ssp. pubescens,Pteridium,aquilinum,,pubescens,,native,S5,,48.875527210000001,-123.371853999999999,,NA,NA,"3164014",obs_native,file:///D:/Simon/Sync/Root/GIS/Biodiversity%20Data/obs_native.csv?type=csv&maxFields=10000&detectTypes=yes&xField=longitude&yField=latitude&crs=EPSG:4326&spatialIndex=no&subsetIndex=no&watchFile=no
"16911",Quercus garryana var. garryana,Quercus,garryana,,,,native,S5,,48.915973999999999,-123.425473999999994,,NA,NA,"3180950",obs_native,file:///D:/Simon/Sync/Root/GIS/Biodiversity%20Data/obs_native.csv?type=csv&maxFields=10000&detectTypes=yes&xField=longitude&yField=latitude&crs=EPSG:4326&spatialIndex=no&subsetIndex=no&watchFile=no
"17011",Pseudotsuga menziesii var. menziesii,Pseudotsuga,menziesii,,,,native,S5,,48.916442000000004,-123.425903000000005,,NA,NA,"3190417",obs_native,file:///D:/Simon/Sync/Root/GIS/Biodiversity%20Data/obs_native.csv?type=csv&maxFields=10000&detectTypes=yes&xField=longitude&yField=latitude&crs=EPSG:4326&spatialIndex=no&subsetIndex=no&watchFile=no
"17211",Amelanchier alnifolia,Amelanchier,alnifolia,,,,native,S5,,48.915987999999999,-123.424981000000002,,NA,NA,"3214250",obs_native,file:///D:/Simon/Sync/Root/GIS/Biodiversity%20Data/obs_native.csv?type=csv&maxFields=10000&detectTypes=yes&xField=longitude&yField=latitude&crs=EPSG:4326&spatialIndex=no&subsetIndex=no&watchFile=no
"17311",Carex echinata ssp. echinata,Carex,echinata,,,,native,S5,,48.983659000000003,-123.556323000000006,,NA,NA,"3296073",obs_native,file:///D:/Simon/Sync/Root/GIS/Biodiversity%20Data/obs_native.csv?type=csv&maxFields=10000&detectTypes=yes&xField=longitude&yField=latitude&crs=EPSG:4326&spatialIndex=no&subsetIndex=no&watchFile=no
"17411",Kalmia microphylla var. occidentalis,Kalmia,microphylla,,,occidentalis,native,S5,,48.983659000000003,-123.556323000000006,,NA,NA,"3296299",obs_native,file:///D:/Simon/Sync/Root/GIS/Biodiversity%20Data/obs_native.csv?type=csv&maxFields=10000&detectTypes=yes&xField=longitude&yField=latitude&crs=EPSG:4326&spatialIndex=no&subsetIndex=no&watchFile=no
"17511",Stellaria borealis ssp. sitchana,Stellaria,borealis,,sitchana,,native,S5,,48.983659000000003,-123.556323000000006,,NA,NA,"3296520",obs_native,file:///D:/Simon/Sync/Root/GIS/Biodiversity%20Data/obs_native.csv?type=csv&maxFields=10000&detectTypes=yes&xField=longitude&yField=latitude&crs=EPSG:4326&spatialIndex=no&subsetIndex=no&watchFile=no
"17611",Spiraea douglasii var. douglasii,Spiraea,douglasii,,,,native,S5,,48.983659000000003,-123.556323000000006,,NA,NA,"3296542",obs_native,file:///D:/Simon/Sync/Root/GIS/Biodiversity%20Data/obs_native.csv?type=csv&maxFields=10000&detectTypes=yes&xField=longitude&yField=latitude&crs=EPSG:4326&spatialIndex=no&subsetIndex=no&watchFile=no
"17711",Cerastium arvense ssp. strictum,Cerastium,arvense,,strictum,,native,S5,,48.915973999999999,-123.424808999999996,,NA,NA,"3296791",obs_native,file:///D:/Simon/Sync/Root/GIS/Biodiversity%20Data/obs_native.csv?type=csv&maxFields=10000&detectTypes=yes&xField=longitude&yField=latitude&crs=EPSG:4326&spatialIndex=no&subsetIndex=no&watchFile=no
"17811",Athyrium filix-femina ssp. cyclosorum,Athyrium,filix-femina,,cyclosorum,,native,S5,,48.915973999999999,-123.424808999999996,,NA,NA,"3296833",obs_native,file:///D:/Simon/Sync/Root/GIS/Biodiversity%20Data/obs_native.csv?type=csv&maxFields=10000&detectTypes=yes&xField=longitude&yField=latitude&crs=EPSG:4326&spatialIndex=no&subsetIndex=no&watchFile=no
"17911",Pseudotsuga menziesii var. menziesii,Pseudotsuga,menziesii,,,,native,S5,,48.896949999999997,-123.406677000000002,,NA,NA,"3310598",obs_native,file:///D:/Simon/Sync/Root/GIS/Biodiversity%20Data/obs_native.csv?type=csv&maxFields=10000&detectTypes=yes&xField=longitude&yField=latitude&crs=EPSG:4326&spatialIndex=no&subsetIndex=no&watchFile=no
"18011",Argentina anserina,Argentina,anserina,,,,native,S5,,48.896949999999997,-123.406677000000002,,NA,NA,"3310639",obs_native,file:///D:/Simon/Sync/Root/GIS/Biodiversity%20Data/obs_native.csv?type=csv&maxFields=10000&detectTypes=yes&xField=longitude&yField=latitude&crs=EPSG:4326&spatialIndex=no&subsetIndex=no&watchFile=no
"18111",Rumex transitorius,Rumex,transitorius,,,,native,S5 (2019),,48.896949999999997,-123.406677000000002,,NA,NA,"3310687",obs_native,file:///D:/Simon/Sync/Root/GIS/Biodiversity%20Data/obs_native.csv?type=csv&maxFields=10000&detectTypes=yes&xField=longitude&yField=latitude&crs=EPSG:4326&spatialIndex=no&subsetIndex=no&watchFile=no
"18211",Sanicula crassicaulis var. crassicaulis,Sanicula,crassicaulis,,,,native,S5,,48.896949999999997,-123.406677000000002,,NA,NA,"3310785",obs_native,file:///D:/Simon/Sync/Root/GIS/Biodiversity%20Data/obs_native.csv?type=csv&maxFields=10000&detectTypes=yes&xField=longitude&yField=latitude&crs=EPSG:4326&spatialIndex=no&subsetIndex=no&watchFile=no
"18311",Amelanchier alnifolia,Amelanchier,alnifolia,,,,native,S5,,48.896949999999997,-123.406677000000002,,NA,NA,"3310819",obs_native,file:///D:/Simon/Sync/Root/GIS/Biodiversity%20Data/obs_native.csv?type=csv&maxFields=10000&detectTypes=yes&xField=longitude&yField=latitude&crs=EPSG:4326&spatialIndex=no&subsetIndex=no&watchFile=no
"18411",Ribes divaricatum var. divaricatum,Ribes,divaricatum,,,,native,S5,,48.896949999999997,-123.406677000000002,,NA,NA,"3310898",obs_native,file:///D:/Simon/Sync/Root/GIS/Biodiversity%20Data/obs_native.csv?type=csv&maxFields=10000&detectTypes=yes&xField=longitude&yField=latitude&crs=EPSG:4326&spatialIndex=no&subsetIndex=no&watchFile=no
"18511",Sarcocornia perennis,Sarcocornia,perennis,,,,native,S5,,48.896949999999997,-123.406677000000002,,NA,NA,"3310931",obs_native,file:///D:/Simon/Sync/Root/GIS/Biodiversity%20Data/obs_native.csv?type=csv&maxFields=10000&detectTypes=yes&xField=longitude&yField=latitude&crs=EPSG:4326&spatialIndex=no&subsetIndex=no&watchFile=no
"18611",Plantago maritima,Plantago,maritima,,,,native,S5,,48.896949999999997,-123.406677000000002,,NA,NA,"3310939",obs_native,file:///D:/Simon/Sync/Root/GIS/Biodiversity%20Data/obs_native.csv?type=csv&maxFields=10000&detectTypes=yes&xField=longitude&yField=latitude&crs=EPSG:4326&spatialIndex=no&subsetIndex=no&watchFile=no
"18711",Rosa nutkana ssp. nutkana,Rosa,nutkana,,,,native,S5,,48.896949999999997,-123.406677000000002,,NA,NA,"3311002",obs_native,file:///D:/Simon/Sync/Root/GIS/Biodiversity%20Data/obs_native.csv?type=csv&maxFields=10000&detectTypes=yes&xField=longitude&yField=latitude&crs=EPSG:4326&spatialIndex=no&subsetIndex=no&watchFile=no
"18811",Sanicula crassicaulis var. crassicaulis,Sanicula,crassicaulis,,,,native,S5,,48.896949999999997,-123.406677000000002,,NA,NA,"3311053",obs_native,file:///D:/Simon/Sync/Root/GIS/Biodiversity%20Data/obs_native.csv?type=csv&maxFields=10000&detectTypes=yes&xField=longitude&yField=latitude&crs=EPSG:4326&spatialIndex=no&subsetIndex=no&watchFile=no
"18911",Amelanchier alnifolia,Amelanchier,alnifolia,,,,native,S5,,48.896949999999997,-123.406677000000002,,NA,NA,"3311096",obs_native,file:///D:/Simon/Sync/Root/GIS/Biodiversity%20Data/obs_native.csv?type=csv&maxFields=10000&detectTypes=yes&xField=longitude&yField=latitude&crs=EPSG:4326&spatialIndex=no&subsetIndex=no&watchFile=no
"19011",Heuchera micrantha var. diversifolia,Heuchera,micrantha,,,diversifolia,native,S5,,48.896949999999997,-123.406677000000002,,NA,NA,"3311116",obs_native,file:///D:/Simon/Sync/Root/GIS/Biodiversity%20Data/obs_native.csv?type=csv&maxFields=10000&detectTypes=yes&xField=longitude&yField=latitude&crs=EPSG:4326&spatialIndex=no&subsetIndex=no&watchFile=no
"19111",Eriophyllum lanatum var. leucophyllum,Eriophyllum,lanatum,,,leucophyllum,native,S5,,48.932774000000002,-123.485298000000000,,NA,NA,"3317242",obs_native,file:///D:/Simon/Sync/Root/GIS/Biodiversity%20Data/obs_native.csv?type=csv&maxFields=10000&detectTypes=yes&xField=longitude&yField=latitude&crs=EPSG:4326&spatialIndex=no&subsetIndex=no&watchFile=no
"19211",Fragaria vesca ssp. bracteata,Fragaria,vesca,,bracteata,,native,S5,,48.932485999999997,-123.483839000000003,,NA,NA,"3317447",obs_native,file:///D:/Simon/Sync/Root/GIS/Biodiversity%20Data/obs_native.csv?type=csv&maxFields=10000&detectTypes=yes&xField=longitude&yField=latitude&crs=EPSG:4326&spatialIndex=no&subsetIndex=no&watchFile=no
"19311",Sanicula crassicaulis var. crassicaulis,Sanicula,crassicaulis,,,,native,S5,,48.932485999999997,-123.483839000000003,,NA,NA,"3317589",obs_native,file:///D:/Simon/Sync/Root/GIS/Biodiversity%20Data/obs_native.csv?type=csv&maxFields=10000&detectTypes=yes&xField=longitude&yField=latitude&crs=EPSG:4326&spatialIndex=no&subsetIndex=no&watchFile=no
"19411",Cerastium arvense ssp. strictum,Cerastium,arvense,,strictum,,native,S5,,48.932485999999997,-123.483839000000003,,NA,NA,"3317695",obs_native,file:///D:/Simon/Sync/Root/GIS/Biodiversity%20Data/obs_native.csv?type=csv&maxFields=10000&detectTypes=yes&xField=longitude&yField=latitude&crs=EPSG:4326&spatialIndex=no&subsetIndex=no&watchFile=no
"19511",Holodiscus discolor var. discolor,Holodiscus,discolor,,,,native,S5,,48.932485999999997,-123.483839000000003,,NA,NA,"3317718",obs_native,file:///D:/Simon/Sync/Root/GIS/Biodiversity%20Data/obs_native.csv?type=csv&maxFields=10000&detectTypes=yes&xField=longitude&yField=latitude&crs=EPSG:4326&spatialIndex=no&subsetIndex=no&watchFile=no
"19611",Quercus garryana var. garryana,Quercus,garryana,,,,native,S5,,48.932485999999997,-123.483839000000003,,NA,NA,"3317928",obs_native,file:///D:/Simon/Sync/Root/GIS/Biodiversity%20Data/obs_native.csv?type=csv&maxFields=10000&detectTypes=yes&xField=longitude&yField=latitude&crs=EPSG:4326&spatialIndex=no&subsetIndex=no&watchFile=no
"19711",Cerastium arvense ssp. strictum,Cerastium,arvense,,strictum,,native,S5,,48.869104999999998,-123.377638300000001,,NA,NA,"3318716",obs_native,file:///D:/Simon/Sync/Root/GIS/Biodiversity%20Data/obs_native.csv?type=csv&maxFields=10000&detectTypes=yes&xField=longitude&yField=latitude&crs=EPSG:4326&spatialIndex=no&subsetIndex=no&watchFile=no
"19811",Eriophyllum lanatum var. leucophyllum,Eriophyllum,lanatum,,,leucophyllum,native,S5,,48.868796670000002,-123.378088300000002,,NA,NA,"3318982",obs_native,file:///D:/Simon/Sync/Root/GIS/Biodiversity%20Data/obs_native.csv?type=csv&maxFields=10000&detectTypes=yes&xField=longitude&yField=latitude&crs=EPSG:4326&spatialIndex=no&subsetIndex=no&watchFile=no
"19911",Grindelia hirsutula var. hirsutula,Grindelia,hirsutula,,,,native,S4,,48.868830000000003,-123.378036699999996,,NA,NA,"3318989",obs_native,file:///D:/Simon/Sync/Root/GIS/Biodiversity%20Data/obs_native.csv?type=csv&maxFields=10000&detectTypes=yes&xField=longitude&yField=latitude&crs=EPSG:4326&spatialIndex=no&subsetIndex=no&watchFile=no
"20011",Heuchera micrantha var. diversifolia,Heuchera,micrantha,,,diversifolia,native,S5,,48.871186670000000,-123.382355000000004,,NA,NA,"3319007",obs_native,file:///D:/Simon/Sync/Root/GIS/Biodiversity%20Data/obs_native.csv?type=csv&maxFields=10000&detectTypes=yes&xField=longitude&yField=latitude&crs=EPSG:4326&spatialIndex=no&subsetIndex=no&watchFile=no
"20111",Elymus glaucus ssp. glaucus,Elymus,glaucus,,,,native,S5,,48.869278330000000,-123.378600000000006,,NA,NA,"3319011",obs_native,file:///D:/Simon/Sync/Root/GIS/Biodiversity%20Data/obs_native.csv?type=csv&maxFields=10000&detectTypes=yes&xField=longitude&yField=latitude&crs=EPSG:4326&spatialIndex=no&subsetIndex=no&watchFile=no
"20211",Sanicula crassicaulis var. crassicaulis,Sanicula,crassicaulis,,,,native,S5,,48.923647000000003,-123.441472000000005,,NA,NA,"3319220",obs_native,file:///D:/Simon/Sync/Root/GIS/Biodiversity%20Data/obs_native.csv?type=csv&maxFields=10000&detectTypes=yes&xField=longitude&yField=latitude&crs=EPSG:4326&spatialIndex=no&subsetIndex=no&watchFile=no
"20311",Sanicula crassicaulis var. crassicaulis,Sanicula,crassicaulis,,,,native,S5,,48.932492000000003,-123.483323999999996,,NA,NA,"3319245",obs_native,file:///D:/Simon/Sync/Root/GIS/Biodiversity%20Data/obs_native.csv?type=csv&maxFields=10000&detectTypes=yes&xField=longitude&yField=latitude&crs=EPSG:4326&spatialIndex=no&subsetIndex=no&watchFile=no
"20411",Sanicula crassicaulis var. crassicaulis,Sanicula,crassicaulis,,,,native,S5,,48.932492000000003,-123.483323999999996,,NA,NA,"3319352",obs_native,file:///D:/Simon/Sync/Root/GIS/Biodiversity%20Data/obs_native.csv?type=csv&maxFields=10000&detectTypes=yes&xField=longitude&yField=latitude&crs=EPSG:4326&spatialIndex=no&subsetIndex=no&watchFile=no
"20511",Athyrium filix-femina ssp. cyclosorum,Athyrium,filix-femina,,cyclosorum,,native,S5,,48.932492000000003,-123.483323999999996,,NA,NA,"3319914",obs_native,file:///D:/Simon/Sync/Root/GIS/Biodiversity%20Data/obs_native.csv?type=csv&maxFields=10000&detectTypes=yes&xField=longitude&yField=latitude&crs=EPSG:4326&spatialIndex=no&subsetIndex=no&watchFile=no
"20611",Rosa nutkana ssp. nutkana,Rosa,nutkana,,,,native,S5,,48.932492000000003,-123.483323999999996,,NA,NA,"3319951",obs_native,file:///D:/Simon/Sync/Root/GIS/Biodiversity%20Data/obs_native.csv?type=csv&maxFields=10000&detectTypes=yes&xField=longitude&yField=latitude&crs=EPSG:4326&spatialIndex=no&subsetIndex=no&watchFile=no
"20711",Ranunculus flammula var. reptans,Ranunculus,flammula,,,reptans,native,S5,,48.933199000000002,-123.483098999999996,,NA,NA,"3328660",obs_native,file:///D:/Simon/Sync/Root/GIS/Biodiversity%20Data/obs_native.csv?type=csv&maxFields=10000&detectTypes=yes&xField=longitude&yField=latitude&crs=EPSG:4326&spatialIndex=no&subsetIndex=no&watchFile=no
"20811",Prunus emarginata var. emarginata,Prunus,emarginata,,,,native,S5,,48.915652000000001,-123.426826000000005,,NA,NA,"3335354",obs_native,file:///D:/Simon/Sync/Root/GIS/Biodiversity%20Data/obs_native.csv?type=csv&maxFields=10000&detectTypes=yes&xField=longitude&yField=latitude&crs=EPSG:4326&spatialIndex=no&subsetIndex=no&watchFile=no
"20911",Cerastium arvense ssp. strictum,Cerastium,arvense,,strictum,,native,S5,,48.915652000000001,-123.426826000000005,,NA,NA,"3335361",obs_native,file:///D:/Simon/Sync/Root/GIS/Biodiversity%20Data/obs_native.csv?type=csv&maxFields=10000&detectTypes=yes&xField=longitude&yField=latitude&crs=EPSG:4326&spatialIndex=no&subsetIndex=no&watchFile=no
"21011",Quercus garryana var. garryana,Quercus,garryana,,,,native,S5,,48.915652000000001,-123.426826000000005,,NA,NA,"3335409",obs_native,file:///D:/Simon/Sync/Root/GIS/Biodiversity%20Data/obs_native.csv?type=csv&maxFields=10000&detectTypes=yes&xField=longitude&yField=latitude&crs=EPSG:4326&spatialIndex=no&subsetIndex=no&watchFile=no
"21111",Rosa nutkana ssp. nutkana,Rosa,nutkana,,,,native,S5,,48.915652000000001,-123.426826000000005,,NA,NA,"3335523",obs_native,file:///D:/Simon/Sync/Root/GIS/Biodiversity%20Data/obs_native.csv?type=csv&maxFields=10000&detectTypes=yes&xField=longitude&yField=latitude&crs=EPSG:4326&spatialIndex=no&subsetIndex=no&watchFile=no
"21211",Athyrium filix-femina ssp. cyclosorum,Athyrium,filix-femina,,cyclosorum,,native,S5,,48.915652000000001,-123.426826000000005,,NA,NA,"3336178",obs_native,file:///D:/Simon/Sync/Root/GIS/Biodiversity%20Data/obs_native.csv?type=csv&maxFields=10000&detectTypes=yes&xField=longitude&yField=latitude&crs=EPSG:4326&spatialIndex=no&subsetIndex=no&watchFile=no
"21411",Pentagramma triangularis ssp. triangularis,Pentagramma,triangularis,,,,native,S5,,48.915923999999997,-123.425291999999999,,NA,NA,"3340681",obs_native,file:///D:/Simon/Sync/Root/GIS/Biodiversity%20Data/obs_native.csv?type=csv&maxFields=10000&detectTypes=yes&xField=longitude&yField=latitude&crs=EPSG:4326&spatialIndex=no&subsetIndex=no&watchFile=no
"21511",Linnaea borealis ssp. longiflora,Linnaea,borealis,,longiflora,,native,S5,,48.897979999999997,-123.396529999999998,,NA,NA,"3344149",obs_native,file:///D:/Simon/Sync/Root/GIS/Biodiversity%20Data/obs_native.csv?type=csv&maxFields=10000&detectTypes=yes&xField=longitude&yField=latitude&crs=EPSG:4326&spatialIndex=no&subsetIndex=no&watchFile=no
"21611",Sanicula crassicaulis var. crassicaulis,Sanicula,crassicaulis,,,,native,S5,,48.867322999999999,-123.337926999999993,,NA,NA,"3345410",obs_native,file:///D:/Simon/Sync/Root/GIS/Biodiversity%20Data/obs_native.csv?type=csv&maxFields=10000&detectTypes=yes&xField=longitude&yField=latitude&crs=EPSG:4326&spatialIndex=no&subsetIndex=no&watchFile=no
"21711",Eriophyllum lanatum var. leucophyllum,Eriophyllum,lanatum,,,leucophyllum,native,S5,,48.867548999999997,-123.338527999999997,,NA,NA,"3351185",obs_native,file:///D:/Simon/Sync/Root/GIS/Biodiversity%20Data/obs_native.csv?type=csv&maxFields=10000&detectTypes=yes&xField=longitude&yField=latitude&crs=EPSG:4326&spatialIndex=no&subsetIndex=no&watchFile=no
"21811",Eriophyllum lanatum var. leucophyllum,Eriophyllum,lanatum,,,leucophyllum,native,S5,,48.867548999999997,-123.338527999999997,,NA,NA,"3351203",obs_native,file:///D:/Simon/Sync/Root/GIS/Biodiversity%20Data/obs_native.csv?type=csv&maxFields=10000&detectTypes=yes&xField=longitude&yField=latitude&crs=EPSG:4326&spatialIndex=no&subsetIndex=no&watchFile=no
"21911",Heuchera micrantha var. diversifolia,Heuchera,micrantha,,,diversifolia,native,S5,,48.867548999999997,-123.338527999999997,,NA,NA,"3351402",obs_native,file:///D:/Simon/Sync/Root/GIS/Biodiversity%20Data/obs_native.csv?type=csv&maxFields=10000&detectTypes=yes&xField=longitude&yField=latitude&crs=EPSG:4326&spatialIndex=no&subsetIndex=no&watchFile=no
"22011",Sanicula crassicaulis var. crassicaulis,Sanicula,crassicaulis,,,,native,S5,,48.867899000000001,-123.341789000000006,,NA,NA,"3351499",obs_native,file:///D:/Simon/Sync/Root/GIS/Biodiversity%20Data/obs_native.csv?type=csv&maxFields=10000&detectTypes=yes&xField=longitude&yField=latitude&crs=EPSG:4326&spatialIndex=no&subsetIndex=no&watchFile=no
"22111",Lathyrus nevadensis var. pilosellus,Lathyrus,nevadensis,,,pilosellus,native,S5,,48.948307659999998,-123.502271300000004,,NA,NA,"3369536",obs_native,file:///D:/Simon/Sync/Root/GIS/Biodiversity%20Data/obs_native.csv?type=csv&maxFields=10000&detectTypes=yes&xField=longitude&yField=latitude&crs=EPSG:4326&spatialIndex=no&subsetIndex=no&watchFile=no
"22311",Rumex transitorius,Rumex,transitorius,,,,native,S5 (2019),,48.892842000000002,-123.392106999999996,,NA,NA,"3382896",obs_native,file:///D:/Simon/Sync/Root/GIS/Biodiversity%20Data/obs_native.csv?type=csv&maxFields=10000&detectTypes=yes&xField=longitude&yField=latitude&crs=EPSG:4326&spatialIndex=no&subsetIndex=no&watchFile=no
"22411",Camassia quamash ssp. quamash,Camassia,quamash,,,,native,S4,,48.872320000000002,-123.310936699999999,,NA,NA,"3387002",obs_native,file:///D:/Simon/Sync/Root/GIS/Biodiversity%20Data/obs_native.csv?type=csv&maxFields=10000&detectTypes=yes&xField=longitude&yField=latitude&crs=EPSG:4326&spatialIndex=no&subsetIndex=no&watchFile=no
"22511",Stachys cooleyae,Stachys,cooleyae,,,,native,S5,,48.948438000000003,-123.502228000000002,,NA,NA,"3395931",obs_native,file:///D:/Simon/Sync/Root/GIS/Biodiversity%20Data/obs_native.csv?type=csv&maxFields=10000&detectTypes=yes&xField=longitude&yField=latitude&crs=EPSG:4326&spatialIndex=no&subsetIndex=no&watchFile=no
"22711",Tiarella trifoliata var. trifoliata,Tiarella,trifoliata,,,,native,S5,,48.948469000000003,-123.503151000000003,,NA,NA,"3402932",obs_native,file:///D:/Simon/Sync/Root/GIS/Biodiversity%20Data/obs_native.csv?type=csv&maxFields=10000&detectTypes=yes&xField=longitude&yField=latitude&crs=EPSG:4326&spatialIndex=no&subsetIndex=no&watchFile=no
"22811",Tiarella trifoliata var. trifoliata,Tiarella,trifoliata,,,,native,S5,,48.948469000000003,-123.503151000000003,,NA,NA,"3402992",obs_native,file:///D:/Simon/Sync/Root/GIS/Biodiversity%20Data/obs_native.csv?type=csv&maxFields=10000&detectTypes=yes&xField=longitude&yField=latitude&crs=EPSG:4326&spatialIndex=no&subsetIndex=no&watchFile=no
"22911",Linnaea borealis ssp. longiflora,Linnaea,borealis,,longiflora,,native,S5,,48.946078999999997,-123.480749000000003,,NA,NA,"3404365",obs_native,file:///D:/Simon/Sync/Root/GIS/Biodiversity%20Data/obs_native.csv?type=csv&maxFields=10000&detectTypes=yes&xField=longitude&yField=latitude&crs=EPSG:4326&spatialIndex=no&subsetIndex=no&watchFile=no
"23011",Plectritis congesta ssp. congesta,Plectritis,congesta,,,,native,S5,,48.871943999999999,-123.311942000000002,,NA,NA,"3404446",obs_native,file:///D:/Simon/Sync/Root/GIS/Biodiversity%20Data/obs_native.csv?type=csv&maxFields=10000&detectTypes=yes&xField=longitude&yField=latitude&crs=EPSG:4326&spatialIndex=no&subsetIndex=no&watchFile=no
"23111",Lathyrus nevadensis var. pilosellus,Lathyrus,nevadensis,,,pilosellus,native,S5,,48.871721000000001,-123.310760999999999,,NA,NA,"3404621",obs_native,file:///D:/Simon/Sync/Root/GIS/Biodiversity%20Data/obs_native.csv?type=csv&maxFields=10000&detectTypes=yes&xField=longitude&yField=latitude&crs=EPSG:4326&spatialIndex=no&subsetIndex=no&watchFile=no
"23211",Spiraea douglasii var. douglasii,Spiraea,douglasii,,,,native,S5,,48.948578380000001,-123.502597899999998,,NA,NA,"3405730",obs_native,file:///D:/Simon/Sync/Root/GIS/Biodiversity%20Data/obs_native.csv?type=csv&maxFields=10000&detectTypes=yes&xField=longitude&yField=latitude&crs=EPSG:4326&spatialIndex=no&subsetIndex=no&watchFile=no
"23311",Festuca roemeri var. roemeri,Festuca,roemeri,,,,native,S4S5,,48.870669999999997,-123.380645000000001,,NA,NA,"3405766",obs_native,file:///D:/Simon/Sync/Root/GIS/Biodiversity%20Data/obs_native.csv?type=csv&maxFields=10000&detectTypes=yes&xField=longitude&yField=latitude&crs=EPSG:4326&spatialIndex=no&subsetIndex=no&watchFile=no
"23411",Spiraea douglasii var. douglasii,Spiraea,douglasii,,,,native,S5,,48.948452000000003,-123.502377999999993,,NA,NA,"3414369",obs_native,file:///D:/Simon/Sync/Root/GIS/Biodiversity%20Data/obs_native.csv?type=csv&maxFields=10000&detectTypes=yes&xField=longitude&yField=latitude&crs=EPSG:4326&spatialIndex=no&subsetIndex=no&watchFile=no
"23511",Stachys cooleyae,Stachys,cooleyae,,,,native,S5,,48.948452000000003,-123.502377999999993,,NA,NA,"3414660",obs_native,file:///D:/Simon/Sync/Root/GIS/Biodiversity%20Data/obs_native.csv?type=csv&maxFields=10000&detectTypes=yes&xField=longitude&yField=latitude&crs=EPSG:4326&spatialIndex=no&subsetIndex=no&watchFile=no
"23611",Stachys cooleyae,Stachys,cooleyae,,,,native,S5,,48.948452000000003,-123.502377999999993,,NA,NA,"3414702",obs_native,file:///D:/Simon/Sync/Root/GIS/Biodiversity%20Data/obs_native.csv?type=csv&maxFields=10000&detectTypes=yes&xField=longitude&yField=latitude&crs=EPSG:4326&spatialIndex=no&subsetIndex=no&watchFile=no
"23711",Equisetum hyemale ssp. affine,Equisetum,hyemale,,affine,,native,S5,,48.899861970000003,-123.405772600000006,,NA,NA,"3415813",obs_native,file:///D:/Simon/Sync/Root/GIS/Biodiversity%20Data/obs_native.csv?type=csv&maxFields=10000&detectTypes=yes&xField=longitude&yField=latitude&crs=EPSG:4326&spatialIndex=no&subsetIndex=no&watchFile=no
"23811",Amelanchier alnifolia,Amelanchier,alnifolia,,,,native,S5,,48.881870749999997,-123.324763599999997,,NA,NA,"3445664",obs_native,file:///D:/Simon/Sync/Root/GIS/Biodiversity%20Data/obs_native.csv?type=csv&maxFields=10000&detectTypes=yes&xField=longitude&yField=latitude&crs=EPSG:4326&spatialIndex=no&subsetIndex=no&watchFile=no
"23911",Holodiscus discolor var. discolor,Holodiscus,discolor,,,,native,S5,,48.867271000000002,-123.338217000000000,,NA,NA,"3461585",obs_native,file:///D:/Simon/Sync/Root/GIS/Biodiversity%20Data/obs_native.csv?type=csv&maxFields=10000&detectTypes=yes&xField=longitude&yField=latitude&crs=EPSG:4326&spatialIndex=no&subsetIndex=no&watchFile=no
"24011",Festuca roemeri var. roemeri,Festuca,roemeri,,,,native,S4S5,,48.867271000000002,-123.338217000000000,,NA,NA,"3461657",obs_native,file:///D:/Simon/Sync/Root/GIS/Biodiversity%20Data/obs_native.csv?type=csv&maxFields=10000&detectTypes=yes&xField=longitude&yField=latitude&crs=EPSG:4326&spatialIndex=no&subsetIndex=no&watchFile=no
"24111",Elymus glaucus ssp. glaucus,Elymus,glaucus,,,,native,S5,,48.898027999999996,-123.405991000000000,,NA,NA,"3493695",obs_native,file:///D:/Simon/Sync/Root/GIS/Biodiversity%20Data/obs_native.csv?type=csv&maxFields=10000&detectTypes=yes&xField=longitude&yField=latitude&crs=EPSG:4326&spatialIndex=no&subsetIndex=no&watchFile=no
"24311",Ribes divaricatum var. divaricatum,Ribes,divaricatum,,,,native,S5,,48.898254000000001,-123.407535999999993,,NA,NA,"3498439",obs_native,file:///D:/Simon/Sync/Root/GIS/Biodiversity%20Data/obs_native.csv?type=csv&maxFields=10000&detectTypes=yes&xField=longitude&yField=latitude&crs=EPSG:4326&spatialIndex=no&subsetIndex=no&watchFile=no
"24411",Cuscuta pacifica var. pacifica,Cuscuta,pacifica,,,,native,S4,,48.898254000000001,-123.407535999999993,,NA,NA,"3498474",obs_native,file:///D:/Simon/Sync/Root/GIS/Biodiversity%20Data/obs_native.csv?type=csv&maxFields=10000&detectTypes=yes&xField=longitude&yField=latitude&crs=EPSG:4326&spatialIndex=no&subsetIndex=no&watchFile=no
"24511",Hordeum brachyantherum ssp. brachyantherum,Hordeum,brachyantherum,,,,native,S5,,48.898254000000001,-123.407535999999993,,NA,NA,"3498580",obs_native,file:///D:/Simon/Sync/Root/GIS/Biodiversity%20Data/obs_native.csv?type=csv&maxFields=10000&detectTypes=yes&xField=longitude&yField=latitude&crs=EPSG:4326&spatialIndex=no&subsetIndex=no&watchFile=no
"24611",Ribes divaricatum var. divaricatum,Ribes,divaricatum,,,,native,S5,,48.898259000000003,-123.408028999999999,,NA,NA,"3498697",obs_native,file:///D:/Simon/Sync/Root/GIS/Biodiversity%20Data/obs_native.csv?type=csv&maxFields=10000&detectTypes=yes&xField=longitude&yField=latitude&crs=EPSG:4326&spatialIndex=no&subsetIndex=no&watchFile=no
"24711",Rosa nutkana ssp. nutkana,Rosa,nutkana,,,,native,S5,,48.896498999999999,-123.409938999999994,,NA,NA,"3498765",obs_native,file:///D:/Simon/Sync/Root/GIS/Biodiversity%20Data/obs_native.csv?type=csv&maxFields=10000&detectTypes=yes&xField=longitude&yField=latitude&crs=EPSG:4326&spatialIndex=no&subsetIndex=no&watchFile=no
"24811",Heuchera micrantha var. diversifolia,Heuchera,micrantha,,,diversifolia,native,S5,,48.896498999999999,-123.409938999999994,,NA,NA,"3498978",obs_native,file:///D:/Simon/Sync/Root/GIS/Biodiversity%20Data/obs_native.csv?type=csv&maxFields=10000&detectTypes=yes&xField=longitude&yField=latitude&crs=EPSG:4326&spatialIndex=no&subsetIndex=no&watchFile=no
"24911",Quercus garryana var. garryana,Quercus,garryana,,,,native,S5,,48.963370759999997,-123.550534499999998,,NA,NA,"3504400",obs_native,file:///D:/Simon/Sync/Root/GIS/Biodiversity%20Data/obs_native.csv?type=csv&maxFields=10000&detectTypes=yes&xField=longitude&yField=latitude&crs=EPSG:4326&spatialIndex=no&subsetIndex=no&watchFile=no
"25011",Holodiscus discolor var. discolor,Holodiscus,discolor,,,,native,S5,,48.963482999999997,-123.549671000000004,,NA,NA,"3517784",obs_native,file:///D:/Simon/Sync/Root/GIS/Biodiversity%20Data/obs_native.csv?type=csv&maxFields=10000&detectTypes=yes&xField=longitude&yField=latitude&crs=EPSG:4326&spatialIndex=no&subsetIndex=no&watchFile=no
"25111",Holodiscus discolor var. discolor,Holodiscus,discolor,,,,native,S5,,48.963965000000002,-123.550830000000005,,NA,NA,"3518007",obs_native,file:///D:/Simon/Sync/Root/GIS/Biodiversity%20Data/obs_native.csv?type=csv&maxFields=10000&detectTypes=yes&xField=longitude&yField=latitude&crs=EPSG:4326&spatialIndex=no&subsetIndex=no&watchFile=no
"25211",Asplenium trichomanes ssp. trichomanes,Asplenium,trichomanes,,,,native,S5,,48.935939959999999,-123.476987199999996,,NA,NA,"3536017",obs_native,file:///D:/Simon/Sync/Root/GIS/Biodiversity%20Data/obs_native.csv?type=csv&maxFields=10000&detectTypes=yes&xField=longitude&yField=latitude&crs=EPSG:4326&spatialIndex=no&subsetIndex=no&watchFile=no
"25311",Corallorhiza maculata var. occidentalis,Corallorhiza,maculata,,,occidentalis,native,S5,,48.935522960000000,-123.476680700000003,,NA,NA,"3536032",obs_native,file:///D:/Simon/Sync/Root/GIS/Biodiversity%20Data/obs_native.csv?type=csv&maxFields=10000&detectTypes=yes&xField=longitude&yField=latitude&crs=EPSG:4326&spatialIndex=no&subsetIndex=no&watchFile=no
"25611",Pinus ponderosa var. ponderosa,Pinus,ponderosa,,,,native,S4S5,,48.983866999999996,-123.545379999999994,,NA,NA,"3540246",obs_native,file:///D:/Simon/Sync/Root/GIS/Biodiversity%20Data/obs_native.csv?type=csv&maxFields=10000&detectTypes=yes&xField=longitude&yField=latitude&crs=EPSG:4326&spatialIndex=no&subsetIndex=no&watchFile=no
"25711",Holodiscus discolor var. discolor,Holodiscus,discolor,,,,native,S5,,49.010998999999998,-123.572115999999994,,NA,NA,"3542768",obs_native,file:///D:/Simon/Sync/Root/GIS/Biodiversity%20Data/obs_native.csv?type=csv&maxFields=10000&detectTypes=yes&xField=longitude&yField=latitude&crs=EPSG:4326&spatialIndex=no&subsetIndex=no&watchFile=no
"25911",Leymus mollis ssp. mollis,Leymus,mollis,,,,native,S5,,49.012405999999999,-123.573790000000002,,NA,NA,"3542865",obs_native,file:///D:/Simon/Sync/Root/GIS/Biodiversity%20Data/obs_native.csv?type=csv&maxFields=10000&detectTypes=yes&xField=longitude&yField=latitude&crs=EPSG:4326&spatialIndex=no&subsetIndex=no&watchFile=no
"26211",Pseudotsuga menziesii var. menziesii,Pseudotsuga,menziesii,,,,native,S5,,49.013345999999999,-123.573488999999995,,NA,NA,"3542960",obs_native,file:///D:/Simon/Sync/Root/GIS/Biodiversity%20Data/obs_native.csv?type=csv&maxFields=10000&detectTypes=yes&xField=longitude&yField=latitude&crs=EPSG:4326&spatialIndex=no&subsetIndex=no&watchFile=no
"26311",Rumex transitorius,Rumex,transitorius,,,,native,S5 (2019),,49.012788999999998,-123.572556000000006,,NA,NA,"3543080",obs_native,file:///D:/Simon/Sync/Root/GIS/Biodiversity%20Data/obs_native.csv?type=csv&maxFields=10000&detectTypes=yes&xField=longitude&yField=latitude&crs=EPSG:4326&spatialIndex=no&subsetIndex=no&watchFile=no
"26411",Plantago maritima,Plantago,maritima,,,,native,S5,,49.012788999999998,-123.572556000000006,,NA,NA,"3543090",obs_native,file:///D:/Simon/Sync/Root/GIS/Biodiversity%20Data/obs_native.csv?type=csv&maxFields=10000&detectTypes=yes&xField=longitude&yField=latitude&crs=EPSG:4326&spatialIndex=no&subsetIndex=no&watchFile=no
"26611",Pseudotsuga menziesii var. menziesii,Pseudotsuga,menziesii,,,,native,S5,,48.952108000000003,-123.519148000000001,,NA,NA,"3557407",obs_native,file:///D:/Simon/Sync/Root/GIS/Biodiversity%20Data/obs_native.csv?type=csv&maxFields=10000&detectTypes=yes&xField=longitude&yField=latitude&crs=EPSG:4326&spatialIndex=no&subsetIndex=no&watchFile=no
"26711",Holodiscus discolor var. discolor,Holodiscus,discolor,,,,native,S5,,48.869456999999997,-123.347036000000003,,NA,NA,"3573700",obs_native,file:///D:/Simon/Sync/Root/GIS/Biodiversity%20Data/obs_native.csv?type=csv&maxFields=10000&detectTypes=yes&xField=longitude&yField=latitude&crs=EPSG:4326&spatialIndex=no&subsetIndex=no&watchFile=no
"26811",Holodiscus discolor var. discolor,Holodiscus,discolor,,,,native,S5,,48.869295000000001,-123.346970999999996,,NA,NA,"3573737",obs_native,file:///D:/Simon/Sync/Root/GIS/Biodiversity%20Data/obs_native.csv?type=csv&maxFields=10000&detectTypes=yes&xField=longitude&yField=latitude&crs=EPSG:4326&spatialIndex=no&subsetIndex=no&watchFile=no
"26911",Hordeum brachyantherum ssp. brachyantherum,Hordeum,brachyantherum,,,,native,S5,,48.898178000000001,-123.344852000000003,,NA,NA,"3636531",obs_native,file:///D:/Simon/Sync/Root/GIS/Biodiversity%20Data/obs_native.csv?type=csv&maxFields=10000&detectTypes=yes&xField=longitude&yField=latitude&crs=EPSG:4326&spatialIndex=no&subsetIndex=no&watchFile=no
"27011",Hordeum brachyantherum ssp. brachyantherum,Hordeum,brachyantherum,,,,native,S5,,48.898639000000003,-123.338898000000000,,NA,NA,"3636575",obs_native,file:///D:/Simon/Sync/Root/GIS/Biodiversity%20Data/obs_native.csv?type=csv&maxFields=10000&detectTypes=yes&xField=longitude&yField=latitude&crs=EPSG:4326&spatialIndex=no&subsetIndex=no&watchFile=no
"27111",Leymus mollis ssp. mollis,Leymus,mollis,,,,native,S5,,48.898639000000003,-123.338898000000000,,NA,NA,"3636602",obs_native,file:///D:/Simon/Sync/Root/GIS/Biodiversity%20Data/obs_native.csv?type=csv&maxFields=10000&detectTypes=yes&xField=longitude&yField=latitude&crs=EPSG:4326&spatialIndex=no&subsetIndex=no&watchFile=no
"27211",Leymus mollis ssp. mollis,Leymus,mollis,,,,native,S5,,48.898639000000003,-123.338898000000000,,NA,NA,"3636613",obs_native,file:///D:/Simon/Sync/Root/GIS/Biodiversity%20Data/obs_native.csv?type=csv&maxFields=10000&detectTypes=yes&xField=longitude&yField=latitude&crs=EPSG:4326&spatialIndex=no&subsetIndex=no&watchFile=no
"27411",Holodiscus discolor var. discolor,Holodiscus,discolor,,,,native,S5,,48.939607000000002,-123.501418000000001,,NA,NA,"3636701",obs_native,file:///D:/Simon/Sync/Root/GIS/Biodiversity%20Data/obs_native.csv?type=csv&maxFields=10000&detectTypes=yes&xField=longitude&yField=latitude&crs=EPSG:4326&spatialIndex=no&subsetIndex=no&watchFile=no
"27511",Quercus garryana var. garryana,Quercus,garryana,,,,native,S5,,48.939607000000002,-123.501418000000001,,NA,NA,"3636711",obs_native,file:///D:/Simon/Sync/Root/GIS/Biodiversity%20Data/obs_native.csv?type=csv&maxFields=10000&detectTypes=yes&xField=longitude&yField=latitude&crs=EPSG:4326&spatialIndex=no&subsetIndex=no&watchFile=no
"27611",Amelanchier alnifolia,Amelanchier,alnifolia,,,,native,S5,,48.939607000000002,-123.501418000000001,,NA,NA,"3637781",obs_native,file:///D:/Simon/Sync/Root/GIS/Biodiversity%20Data/obs_native.csv?type=csv&maxFields=10000&detectTypes=yes&xField=longitude&yField=latitude&crs=EPSG:4326&spatialIndex=no&subsetIndex=no&watchFile=no
"27711",Heuchera micrantha var. diversifolia,Heuchera,micrantha,,,diversifolia,native,S5,,48.939607000000002,-123.501418000000001,,NA,NA,"3637791",obs_native,file:///D:/Simon/Sync/Root/GIS/Biodiversity%20Data/obs_native.csv?type=csv&maxFields=10000&detectTypes=yes&xField=longitude&yField=latitude&crs=EPSG:4326&spatialIndex=no&subsetIndex=no&watchFile=no
"27811",Heuchera micrantha var. diversifolia,Heuchera,micrantha,,,diversifolia,native,S5,,48.939607000000002,-123.501418000000001,,NA,NA,"3637861",obs_native,file:///D:/Simon/Sync/Root/GIS/Biodiversity%20Data/obs_native.csv?type=csv&maxFields=10000&detectTypes=yes&xField=longitude&yField=latitude&crs=EPSG:4326&spatialIndex=no&subsetIndex=no&watchFile=no
"28211",Holodiscus discolor var. discolor,Holodiscus,discolor,,,,native,S5,,48.869703469999997,-123.318142899999998,,NA,NA,"3649976",obs_native,file:///D:/Simon/Sync/Root/GIS/Biodiversity%20Data/obs_native.csv?type=csv&maxFields=10000&detectTypes=yes&xField=longitude&yField=latitude&crs=EPSG:4326&spatialIndex=no&subsetIndex=no&watchFile=no
"28311",Rosa nutkana ssp. nutkana,Rosa,nutkana,,,,native,S5,,48.876195619999997,-123.322348599999998,,NA,NA,"3649979",obs_native,file:///D:/Simon/Sync/Root/GIS/Biodiversity%20Data/obs_native.csv?type=csv&maxFields=10000&detectTypes=yes&xField=longitude&yField=latitude&crs=EPSG:4326&spatialIndex=no&subsetIndex=no&watchFile=no
"28511",Heuchera micrantha var. diversifolia,Heuchera,micrantha,,,diversifolia,native,S5,,48.898755999999999,-123.407449999999997,,NA,NA,"3652752",obs_native,file:///D:/Simon/Sync/Root/GIS/Biodiversity%20Data/obs_native.csv?type=csv&maxFields=10000&detectTypes=yes&xField=longitude&yField=latitude&crs=EPSG:4326&spatialIndex=no&subsetIndex=no&watchFile=no
"28611",Ribes divaricatum var. divaricatum,Ribes,divaricatum,,,,native,S5,,48.898304000000003,-123.407278000000005,,NA,NA,"3652821",obs_native,file:///D:/Simon/Sync/Root/GIS/Biodiversity%20Data/obs_native.csv?type=csv&maxFields=10000&detectTypes=yes&xField=longitude&yField=latitude&crs=EPSG:4326&spatialIndex=no&subsetIndex=no&watchFile=no
"28811",Rumex transitorius,Rumex,transitorius,,,,native,S5 (2019),,48.897091000000003,-123.404617000000002,,NA,NA,"3652911",obs_native,file:///D:/Simon/Sync/Root/GIS/Biodiversity%20Data/obs_native.csv?type=csv&maxFields=10000&detectTypes=yes&xField=longitude&yField=latitude&crs=EPSG:4326&spatialIndex=no&subsetIndex=no&watchFile=no
"28911",Leymus mollis ssp. mollis,Leymus,mollis,,,,native,S5,,48.897091000000003,-123.404617000000002,,NA,NA,"3652938",obs_native,file:///D:/Simon/Sync/Root/GIS/Biodiversity%20Data/obs_native.csv?type=csv&maxFields=10000&detectTypes=yes&xField=longitude&yField=latitude&crs=EPSG:4326&spatialIndex=no&subsetIndex=no&watchFile=no
"29111",Rosa nutkana ssp. nutkana,Rosa,nutkana,,,,native,S5,,48.898851999999998,-123.407707000000002,,NA,NA,"3652975",obs_native,file:///D:/Simon/Sync/Root/GIS/Biodiversity%20Data/obs_native.csv?type=csv&maxFields=10000&detectTypes=yes&xField=longitude&yField=latitude&crs=EPSG:4326&spatialIndex=no&subsetIndex=no&watchFile=no
"29211",Spiraea douglasii var. douglasii,Spiraea,douglasii,,,,native,S5,,48.880580999999999,-123.381207000000003,,NA,NA,"3664545",obs_native,file:///D:/Simon/Sync/Root/GIS/Biodiversity%20Data/obs_native.csv?type=csv&maxFields=10000&detectTypes=yes&xField=longitude&yField=latitude&crs=EPSG:4326&spatialIndex=no&subsetIndex=no&watchFile=no
"29311",Stachys cooleyae,Stachys,cooleyae,,,,native,S5,,48.898395000000001,-123.340845000000002,,NA,NA,"3673736",obs_native,file:///D:/Simon/Sync/Root/GIS/Biodiversity%20Data/obs_native.csv?type=csv&maxFields=10000&detectTypes=yes&xField=longitude&yField=latitude&crs=EPSG:4326&spatialIndex=no&subsetIndex=no&watchFile=no
"29411",Prunus emarginata var. emarginata,Prunus,emarginata,,,,native,S5,,49.006228999999998,-123.574468999999993,,NA,NA,"3680867",obs_native,file:///D:/Simon/Sync/Root/GIS/Biodiversity%20Data/obs_native.csv?type=csv&maxFields=10000&detectTypes=yes&xField=longitude&yField=latitude&crs=EPSG:4326&spatialIndex=no&subsetIndex=no&watchFile=no
"29511",Prunus emarginata var. emarginata,Prunus,emarginata,,,,native,S5,,49.006228999999998,-123.574468999999993,,NA,NA,"3680962",obs_native,file:///D:/Simon/Sync/Root/GIS/Biodiversity%20Data/obs_native.csv?type=csv&maxFields=10000&detectTypes=yes&xField=longitude&yField=latitude&crs=EPSG:4326&spatialIndex=no&subsetIndex=no&watchFile=no
"29611",Pinus ponderosa var. ponderosa,Pinus,ponderosa,,,,native,S4S5,,48.952503999999998,-123.521141000000000,,NA,NA,"3681022",obs_native,file:///D:/Simon/Sync/Root/GIS/Biodiversity%20Data/obs_native.csv?type=csv&maxFields=10000&detectTypes=yes&xField=longitude&yField=latitude&crs=EPSG:4326&spatialIndex=no&subsetIndex=no&watchFile=no
"29711",Festuca roemeri var. roemeri,Festuca,roemeri,,,,native,S4S5,,48.958258000000001,-123.532471000000001,,NA,NA,"3681933",obs_native,file:///D:/Simon/Sync/Root/GIS/Biodiversity%20Data/obs_native.csv?type=csv&maxFields=10000&detectTypes=yes&xField=longitude&yField=latitude&crs=EPSG:4326&spatialIndex=no&subsetIndex=no&watchFile=no
"29811",Pseudotsuga menziesii var. menziesii,Pseudotsuga,menziesii,,,,native,S5,,48.960427000000003,-123.536376000000004,,NA,NA,"3682052",obs_native,file:///D:/Simon/Sync/Root/GIS/Biodiversity%20Data/obs_native.csv?type=csv&maxFields=10000&detectTypes=yes&xField=longitude&yField=latitude&crs=EPSG:4326&spatialIndex=no&subsetIndex=no&watchFile=no
"29911",Amelanchier alnifolia,Amelanchier,alnifolia,,,,native,S5,,48.964851000000003,-123.543715000000006,,NA,NA,"3682096",obs_native,file:///D:/Simon/Sync/Root/GIS/Biodiversity%20Data/obs_native.csv?type=csv&maxFields=10000&detectTypes=yes&xField=longitude&yField=latitude&crs=EPSG:4326&spatialIndex=no&subsetIndex=no&watchFile=no
"30011",Cuscuta pacifica var. pacifica,Cuscuta,pacifica,,,,native,S4,,48.898463419999999,-123.407671100000002,,NA,NA,"3694842",obs_native,file:///D:/Simon/Sync/Root/GIS/Biodiversity%20Data/obs_native.csv?type=csv&maxFields=10000&detectTypes=yes&xField=longitude&yField=latitude&crs=EPSG:4326&spatialIndex=no&subsetIndex=no&watchFile=no
"30111",Cuscuta pacifica var. pacifica,Cuscuta,pacifica,,,,native,S4,,48.898463419999999,-123.407671100000002,,NA,NA,"3694849",obs_native,file:///D:/Simon/Sync/Root/GIS/Biodiversity%20Data/obs_native.csv?type=csv&maxFields=10000&detectTypes=yes&xField=longitude&yField=latitude&crs=EPSG:4326&spatialIndex=no&subsetIndex=no&watchFile=no
"30211",Holodiscus discolor var. discolor,Holodiscus,discolor,,,,native,S5,,48.894743949999999,-123.405110800000003,,NA,NA,"3701043",obs_native,file:///D:/Simon/Sync/Root/GIS/Biodiversity%20Data/obs_native.csv?type=csv&maxFields=10000&detectTypes=yes&xField=longitude&yField=latitude&crs=EPSG:4326&spatialIndex=no&subsetIndex=no&watchFile=no
"30311",Ribes divaricatum var. divaricatum,Ribes,divaricatum,,,,native,S5,,48.898439910000000,-123.407814500000001,,NA,NA,"3701128",obs_native,file:///D:/Simon/Sync/Root/GIS/Biodiversity%20Data/obs_native.csv?type=csv&maxFields=10000&detectTypes=yes&xField=longitude&yField=latitude&crs=EPSG:4326&spatialIndex=no&subsetIndex=no&watchFile=no
"30411",Ribes divaricatum var. divaricatum,Ribes,divaricatum,,,,native,S5,,48.898439910000000,-123.407814500000001,,NA,NA,"3701130",obs_native,file:///D:/Simon/Sync/Root/GIS/Biodiversity%20Data/obs_native.csv?type=csv&maxFields=10000&detectTypes=yes&xField=longitude&yField=latitude&crs=EPSG:4326&spatialIndex=no&subsetIndex=no&watchFile=no
"30511",Prunus emarginata var. emarginata,Prunus,emarginata,,,,native,S5,,48.897638329999999,-123.340095000000005,,NA,NA,"3733422",obs_native,file:///D:/Simon/Sync/Root/GIS/Biodiversity%20Data/obs_native.csv?type=csv&maxFields=10000&detectTypes=yes&xField=longitude&yField=latitude&crs=EPSG:4326&spatialIndex=no&subsetIndex=no&watchFile=no
"30611",Ribes divaricatum var. divaricatum,Ribes,divaricatum,,,,native,S5,,48.898224999999996,-123.408066700000006,,NA,NA,"3733760",obs_native,file:///D:/Simon/Sync/Root/GIS/Biodiversity%20Data/obs_native.csv?type=csv&maxFields=10000&detectTypes=yes&xField=longitude&yField=latitude&crs=EPSG:4326&spatialIndex=no&subsetIndex=no&watchFile=no
"30711",Pteridium aquilinum ssp. pubescens,Pteridium,aquilinum,,pubescens,,native,S5,,48.929412999999997,-123.475513000000007,,NA,NA,"3735148",obs_native,file:///D:/Simon/Sync/Root/GIS/Biodiversity%20Data/obs_native.csv?type=csv&maxFields=10000&detectTypes=yes&xField=longitude&yField=latitude&crs=EPSG:4326&spatialIndex=no&subsetIndex=no&watchFile=no
"30811",Chimaphila umbellata ssp. umbellata,Chimaphila,umbellata,,,,native,S5,,48.879158279999999,-123.319742199999993,,NA,NA,"3765917",obs_native,file:///D:/Simon/Sync/Root/GIS/Biodiversity%20Data/obs_native.csv?type=csv&maxFields=10000&detectTypes=yes&xField=longitude&yField=latitude&crs=EPSG:4326&spatialIndex=no&subsetIndex=no&watchFile=no
"30911",Chimaphila umbellata ssp. umbellata,Chimaphila,umbellata,,,,native,S5,,48.885071000000003,-123.367839000000004,,NA,NA,"3767202",obs_native,file:///D:/Simon/Sync/Root/GIS/Biodiversity%20Data/obs_native.csv?type=csv&maxFields=10000&detectTypes=yes&xField=longitude&yField=latitude&crs=EPSG:4326&spatialIndex=no&subsetIndex=no&watchFile=no
"31011",Pseudotsuga menziesii var. menziesii,Pseudotsuga,menziesii,,,,native,S5,,48.886234000000002,-123.372344999999996,,NA,NA,"3767210",obs_native,file:///D:/Simon/Sync/Root/GIS/Biodiversity%20Data/obs_native.csv?type=csv&maxFields=10000&detectTypes=yes&xField=longitude&yField=latitude&crs=EPSG:4326&spatialIndex=no&subsetIndex=no&watchFile=no
"31111",Salix lasiandra var. lasiandra,Salix,lasiandra,,,,native,S5,,48.866938330000004,-123.322180000000003,,NA,NA,"3779790",obs_native,file:///D:/Simon/Sync/Root/GIS/Biodiversity%20Data/obs_native.csv?type=csv&maxFields=10000&detectTypes=yes&xField=longitude&yField=latitude&crs=EPSG:4326&spatialIndex=no&subsetIndex=no&watchFile=no
"31211",Stellaria borealis ssp. sitchana,Stellaria,borealis,,sitchana,,native,S5,,48.992897999999997,-123.574943000000005,,NA,NA,"3881964",obs_native,file:///D:/Simon/Sync/Root/GIS/Biodiversity%20Data/obs_native.csv?type=csv&maxFields=10000&detectTypes=yes&xField=longitude&yField=latitude&crs=EPSG:4326&spatialIndex=no&subsetIndex=no&watchFile=no
"31311",Erythranthe cf guttata,Erythranthe,guttata,,,,native,S5,,49.012999999999998,-123.575486100000006,,NA,NA,"3889072",obs_native,file:///D:/Simon/Sync/Root/GIS/Biodiversity%20Data/obs_native.csv?type=csv&maxFields=10000&detectTypes=yes&xField=longitude&yField=latitude&crs=EPSG:4326&spatialIndex=no&subsetIndex=no&watchFile=no
"31411",Acer glabrum var. douglasii,Acer,glabrum,,,douglasii,native,S5,,49.011002779999998,-123.576758299999995,,NA,NA,"3889077",obs_native,file:///D:/Simon/Sync/Root/GIS/Biodiversity%20Data/obs_native.csv?type=csv&maxFields=10000&detectTypes=yes&xField=longitude&yField=latitude&crs=EPSG:4326&spatialIndex=no&subsetIndex=no&watchFile=no
"31511",Kalmia microphylla var. occidentalis,Kalmia,microphylla,,,occidentalis,native,S5,,48.983791670000002,-123.556763900000007,,NA,NA,"3889091",obs_native,file:///D:/Simon/Sync/Root/GIS/Biodiversity%20Data/obs_native.csv?type=csv&maxFields=10000&detectTypes=yes&xField=longitude&yField=latitude&crs=EPSG:4326&spatialIndex=no&subsetIndex=no&watchFile=no
"31611",Stellaria borealis ssp. sitchana,Stellaria,borealis,,sitchana,,native,S5,,48.993527780000001,-123.575691699999993,,NA,NA,"3889099",obs_native,file:///D:/Simon/Sync/Root/GIS/Biodiversity%20Data/obs_native.csv?type=csv&maxFields=10000&detectTypes=yes&xField=longitude&yField=latitude&crs=EPSG:4326&spatialIndex=no&subsetIndex=no&watchFile=no
"31711",Ranunculus flammula var. reptans,Ranunculus,flammula,,,reptans,native,S5,,48.983393000000000,-123.556253999999996,,NA,NA,"3890774",obs_native,file:///D:/Simon/Sync/Root/GIS/Biodiversity%20Data/obs_native.csv?type=csv&maxFields=10000&detectTypes=yes&xField=longitude&yField=latitude&crs=EPSG:4326&spatialIndex=no&subsetIndex=no&watchFile=no
"31811",Ranunculus occidentalis var. occidentalis,Ranunculus,occidentalis,,,,native,S5,,49.003481000000001,-123.575036999999995,,NA,NA,"3890867",obs_native,file:///D:/Simon/Sync/Root/GIS/Biodiversity%20Data/obs_native.csv?type=csv&maxFields=10000&detectTypes=yes&xField=longitude&yField=latitude&crs=EPSG:4326&spatialIndex=no&subsetIndex=no&watchFile=no
"31911",Acer glabrum var. douglasii,Acer,glabrum,,,douglasii,native,S5,,49.010952000000003,-123.582491000000005,,NA,NA,"3890922",obs_native,file:///D:/Simon/Sync/Root/GIS/Biodiversity%20Data/obs_native.csv?type=csv&maxFields=10000&detectTypes=yes&xField=longitude&yField=latitude&crs=EPSG:4326&spatialIndex=no&subsetIndex=no&watchFile=no
"32011",Athyrium filix-femina ssp. cyclosorum,Athyrium,filix-femina,,cyclosorum,,native,S5,,48.942985000000000,-123.499038999999996,,NA,NA,"3902966",obs_native,file:///D:/Simon/Sync/Root/GIS/Biodiversity%20Data/obs_native.csv?type=csv&maxFields=10000&detectTypes=yes&xField=longitude&yField=latitude&crs=EPSG:4326&spatialIndex=no&subsetIndex=no&watchFile=no
"32211",Acer glabrum var. douglasii,Acer,glabrum,,,douglasii,native,S5,,48.868661670000002,-123.348296700000006,,NA,NA,"3942989",obs_native,file:///D:/Simon/Sync/Root/GIS/Biodiversity%20Data/obs_native.csv?type=csv&maxFields=10000&detectTypes=yes&xField=longitude&yField=latitude&crs=EPSG:4326&spatialIndex=no&subsetIndex=no&watchFile=no
"32411",Tiarella trifoliata var. trifoliata,Tiarella,trifoliata,,,,native,S5,,49.005600450000003,-123.575849500000004,,NA,NA,"3948556",obs_native,file:///D:/Simon/Sync/Root/GIS/Biodiversity%20Data/obs_native.csv?type=csv&maxFields=10000&detectTypes=yes&xField=longitude&yField=latitude&crs=EPSG:4326&spatialIndex=no&subsetIndex=no&watchFile=no
"32611",Spiraea douglasii var. douglasii,Spiraea,douglasii,,,,native,S5,,48.992375310000000,-123.575098499999996,,NA,NA,"4005345",obs_native,file:///D:/Simon/Sync/Root/GIS/Biodiversity%20Data/obs_native.csv?type=csv&maxFields=10000&detectTypes=yes&xField=longitude&yField=latitude&crs=EPSG:4326&spatialIndex=no&subsetIndex=no&watchFile=no
"32711",Pinus contorta ssp. contorta,Pinus,contorta,,,,native,S5,,48.907897880000000,-123.368841300000000,,NA,NA,"4027926",obs_native,file:///D:/Simon/Sync/Root/GIS/Biodiversity%20Data/obs_native.csv?type=csv&maxFields=10000&detectTypes=yes&xField=longitude&yField=latitude&crs=EPSG:4326&spatialIndex=no&subsetIndex=no&watchFile=no
"32810",Pseudotsuga menziesii var. menziesii,Pseudotsuga,menziesii,,,,native,S5,,48.963664000000001,-123.549627999999998,,NA,NA,"4030027",obs_native,file:///D:/Simon/Sync/Root/GIS/Biodiversity%20Data/obs_native.csv?type=csv&maxFields=10000&detectTypes=yes&xField=longitude&yField=latitude&crs=EPSG:4326&spatialIndex=no&subsetIndex=no&watchFile=no
"32910",Pseudotsuga menziesii var. menziesii,Pseudotsuga,menziesii,,,,native,S5,,48.963664000000001,-123.549627999999998,,NA,NA,"4030094",obs_native,file:///D:/Simon/Sync/Root/GIS/Biodiversity%20Data/obs_native.csv?type=csv&maxFields=10000&detectTypes=yes&xField=longitude&yField=latitude&crs=EPSG:4326&spatialIndex=no&subsetIndex=no&watchFile=no
"33010",Pseudotsuga menziesii var. menziesii,Pseudotsuga,menziesii,,,,native,S5,,48.964032889999999,-123.549081099999995,,NA,NA,"4030117",obs_native,file:///D:/Simon/Sync/Root/GIS/Biodiversity%20Data/obs_native.csv?type=csv&maxFields=10000&detectTypes=yes&xField=longitude&yField=latitude&crs=EPSG:4326&spatialIndex=no&subsetIndex=no&watchFile=no
"33110",Amelanchier alnifolia,Amelanchier,alnifolia,,,,native,S5,,48.963664000000001,-123.549627999999998,,NA,NA,"4030149",obs_native,file:///D:/Simon/Sync/Root/GIS/Biodiversity%20Data/obs_native.csv?type=csv&maxFields=10000&detectTypes=yes&xField=longitude&yField=latitude&crs=EPSG:4326&spatialIndex=no&subsetIndex=no&watchFile=no
"33210",Stachys cooleyae,Stachys,cooleyae,,,,native,S5,,48.870773999999997,-123.321370999999999,,NA,NA,"4046355",obs_native,file:///D:/Simon/Sync/Root/GIS/Biodiversity%20Data/obs_native.csv?type=csv&maxFields=10000&detectTypes=yes&xField=longitude&yField=latitude&crs=EPSG:4326&spatialIndex=no&subsetIndex=no&watchFile=no
"33610",Quercus garryana var. garryana,Quercus,garryana,,,,native,S5,,48.866486999999999,-123.334789000000001,,NA,NA,"4425678",obs_native,file:///D:/Simon/Sync/Root/GIS/Biodiversity%20Data/obs_native.csv?type=csv&maxFields=10000&detectTypes=yes&xField=longitude&yField=latitude&crs=EPSG:4326&spatialIndex=no&subsetIndex=no&watchFile=no
"33710",Sarcocornia perennis,Sarcocornia,perennis,,,,native,S5,,48.883868999999997,-123.325497999999996,,NA,NA,"4571903",obs_native,file:///D:/Simon/Sync/Root/GIS/Biodiversity%20Data/obs_native.csv?type=csv&maxFields=10000&detectTypes=yes&xField=longitude&yField=latitude&crs=EPSG:4326&spatialIndex=no&subsetIndex=no&watchFile=no
"33810",Pseudotsuga menziesii var. menziesii,Pseudotsuga,menziesii,,,,native,S5,,48.868599000000003,-123.345720000000000,,NA,NA,"4766231",obs_native,file:///D:/Simon/Sync/Root/GIS/Biodiversity%20Data/obs_native.csv?type=csv&maxFields=10000&detectTypes=yes&xField=longitude&yField=latitude&crs=EPSG:4326&spatialIndex=no&subsetIndex=no&watchFile=no
"33910",Pseudotsuga menziesii var. menziesii,Pseudotsuga,menziesii,,,,native,S5,,48.868599000000003,-123.345720000000000,,NA,NA,"4766238",obs_native,file:///D:/Simon/Sync/Root/GIS/Biodiversity%20Data/obs_native.csv?type=csv&maxFields=10000&detectTypes=yes&xField=longitude&yField=latitude&crs=EPSG:4326&spatialIndex=no&subsetIndex=no&watchFile=no
"34010",Pseudotsuga menziesii var. menziesii,Pseudotsuga,menziesii,,,,native,S5,,48.868684000000002,-123.345205000000007,,NA,NA,"4766253",obs_native,file:///D:/Simon/Sync/Root/GIS/Biodiversity%20Data/obs_native.csv?type=csv&maxFields=10000&detectTypes=yes&xField=longitude&yField=latitude&crs=EPSG:4326&spatialIndex=no&subsetIndex=no&watchFile=no
"34110",Pseudotsuga menziesii var. menziesii,Pseudotsuga,menziesii,,,,native,S5,,48.868684000000002,-123.345205000000007,,NA,NA,"4766263",obs_native,file:///D:/Simon/Sync/Root/GIS/Biodiversity%20Data/obs_native.csv?type=csv&maxFields=10000&detectTypes=yes&xField=longitude&yField=latitude&crs=EPSG:4326&spatialIndex=no&subsetIndex=no&watchFile=no
"34210",Pseudotsuga menziesii var. menziesii,Pseudotsuga,menziesii,,,,native,S5,,48.868865999999997,-123.345073999999997,,NA,NA,"4766334",obs_native,file:///D:/Simon/Sync/Root/GIS/Biodiversity%20Data/obs_native.csv?type=csv&maxFields=10000&detectTypes=yes&xField=longitude&yField=latitude&crs=EPSG:4326&spatialIndex=no&subsetIndex=no&watchFile=no
"34310",Pentagramma triangularis ssp. triangularis,Pentagramma,triangularis,,,,native,S5,,48.867328999999998,-123.338509999999999,,NA,NA,"5020689",obs_native,file:///D:/Simon/Sync/Root/GIS/Biodiversity%20Data/obs_native.csv?type=csv&maxFields=10000&detectTypes=yes&xField=longitude&yField=latitude&crs=EPSG:4326&spatialIndex=no&subsetIndex=no&watchFile=no
"34410",Pinus contorta ssp. contorta,Pinus,contorta,,,,native,S5,,48.913288000000001,-123.385998999999998,,NA,NA,"5020772",obs_native,file:///D:/Simon/Sync/Root/GIS/Biodiversity%20Data/obs_native.csv?type=csv&maxFields=10000&detectTypes=yes&xField=longitude&yField=latitude&crs=EPSG:4326&spatialIndex=no&subsetIndex=no&watchFile=no
"34510",Rosa nutkana ssp. nutkana,Rosa,nutkana,,,,native,S5,,48.902192010000000,-123.407707200000004,,NA,NA,"5108059",obs_native,file:///D:/Simon/Sync/Root/GIS/Biodiversity%20Data/obs_native.csv?type=csv&maxFields=10000&detectTypes=yes&xField=longitude&yField=latitude&crs=EPSG:4326&spatialIndex=no&subsetIndex=no&watchFile=no
"34610",Pseudotsuga menziesii var. menziesii,Pseudotsuga,menziesii,,,,native,S5,,48.945729999999998,-123.482380000000006,,NA,NA,"5121382",obs_native,file:///D:/Simon/Sync/Root/GIS/Biodiversity%20Data/obs_native.csv?type=csv&maxFields=10000&detectTypes=yes&xField=longitude&yField=latitude&crs=EPSG:4326&spatialIndex=no&subsetIndex=no&watchFile=no
"34710",Pseudotsuga menziesii var. menziesii,Pseudotsuga,menziesii,,,,native,S5,,48.945729999999998,-123.482380000000006,,NA,NA,"5121759",obs_native,file:///D:/Simon/Sync/Root/GIS/Biodiversity%20Data/obs_native.csv?type=csv&maxFields=10000&detectTypes=yes&xField=longitude&yField=latitude&crs=EPSG:4326&spatialIndex=no&subsetIndex=no&watchFile=no
"34810",Sanicula crassicaulis var. crassicaulis,Sanicula,crassicaulis,,,,native,S5,,48.871934000000003,-123.311706000000001,,NA,NA,"5153277",obs_native,file:///D:/Simon/Sync/Root/GIS/Biodiversity%20Data/obs_native.csv?type=csv&maxFields=10000&detectTypes=yes&xField=longitude&yField=latitude&crs=EPSG:4326&spatialIndex=no&subsetIndex=no&watchFile=no
"34910",Pseudotsuga menziesii var. menziesii,Pseudotsuga,menziesii,,,,native,S5,,48.943218000000002,-123.489311000000001,,NA,NA,"5165672",obs_native,file:///D:/Simon/Sync/Root/GIS/Biodiversity%20Data/obs_native.csv?type=csv&maxFields=10000&detectTypes=yes&xField=longitude&yField=latitude&crs=EPSG:4326&spatialIndex=no&subsetIndex=no&watchFile=no
"35010",Quercus garryana var. garryana,Quercus,garryana,,,,native,S5,,48.867109999999997,-123.336999000000006,,NA,NA,"5254947",obs_native,file:///D:/Simon/Sync/Root/GIS/Biodiversity%20Data/obs_native.csv?type=csv&maxFields=10000&detectTypes=yes&xField=longitude&yField=latitude&crs=EPSG:4326&spatialIndex=no&subsetIndex=no&watchFile=no
"35110",Eriophyllum lanatum var. leucophyllum,Eriophyllum,lanatum,,,leucophyllum,native,S5,,48.864132920000003,-123.330084700000000,,NA,NA,"5412225",obs_native,file:///D:/Simon/Sync/Root/GIS/Biodiversity%20Data/obs_native.csv?type=csv&maxFields=10000&detectTypes=yes&xField=longitude&yField=latitude&crs=EPSG:4326&spatialIndex=no&subsetIndex=no&watchFile=no
"35210",Sanicula crassicaulis var. crassicaulis,Sanicula,crassicaulis,,,,native,S5,,48.864034119999999,-123.329988299999997,,NA,NA,"5412523",obs_native,file:///D:/Simon/Sync/Root/GIS/Biodiversity%20Data/obs_native.csv?type=csv&maxFields=10000&detectTypes=yes&xField=longitude&yField=latitude&crs=EPSG:4326&spatialIndex=no&subsetIndex=no&watchFile=no
"35410",Quercus garryana var. garryana,Quercus,garryana,,,,native,S5,,48.867880999999997,-123.340723999999994,,NA,NA,"5450383",obs_native,file:///D:/Simon/Sync/Root/GIS/Biodiversity%20Data/obs_native.csv?type=csv&maxFields=10000&detectTypes=yes&xField=longitude&yField=latitude&crs=EPSG:4326&spatialIndex=no&subsetIndex=no&watchFile=no
"35610",Claytonia exigua ssp. exigua,Claytonia,exigua,,,,native,S4,,48.868813000000003,-123.378924999999995,,NA,NA,"5473309",obs_native,file:///D:/Simon/Sync/Root/GIS/Biodiversity%20Data/obs_native.csv?type=csv&maxFields=10000&detectTypes=yes&xField=longitude&yField=latitude&crs=EPSG:4326&spatialIndex=no&subsetIndex=no&watchFile=no
"35710",Claytonia exigua ssp. exigua,Claytonia,exigua,,,,native,S4,,48.868813000000003,-123.378924999999995,,NA,NA,"5473316",obs_native,file:///D:/Simon/Sync/Root/GIS/Biodiversity%20Data/obs_native.csv?type=csv&maxFields=10000&detectTypes=yes&xField=longitude&yField=latitude&crs=EPSG:4326&spatialIndex=no&subsetIndex=no&watchFile=no
"35810",Claytonia exigua ssp. exigua,Claytonia,exigua,,,,native,S4,,48.868813000000003,-123.378924999999995,,NA,NA,"5473329",obs_native,file:///D:/Simon/Sync/Root/GIS/Biodiversity%20Data/obs_native.csv?type=csv&maxFields=10000&detectTypes=yes&xField=longitude&yField=latitude&crs=EPSG:4326&spatialIndex=no&subsetIndex=no&watchFile=no
"35910",Pentagramma triangularis ssp. triangularis,Pentagramma,triangularis,,,,native,S5,,48.868813000000003,-123.378924999999995,,NA,NA,"5473360",obs_native,file:///D:/Simon/Sync/Root/GIS/Biodiversity%20Data/obs_native.csv?type=csv&maxFields=10000&detectTypes=yes&xField=longitude&yField=latitude&crs=EPSG:4326&spatialIndex=no&subsetIndex=no&watchFile=no
"36010",Quercus garryana var. garryana,Quercus,garryana,,,,native,S5,,48.867510000000003,-123.376880000000000,,NA,NA,"5473386",obs_native,file:///D:/Simon/Sync/Root/GIS/Biodiversity%20Data/obs_native.csv?type=csv&maxFields=10000&detectTypes=yes&xField=longitude&yField=latitude&crs=EPSG:4326&spatialIndex=no&subsetIndex=no&watchFile=no
"36110",Quercus garryana var. garryana,Quercus,garryana,,,,native,S5,,48.868926000000002,-123.378797000000006,,NA,NA,"5473431",obs_native,file:///D:/Simon/Sync/Root/GIS/Biodiversity%20Data/obs_native.csv?type=csv&maxFields=10000&detectTypes=yes&xField=longitude&yField=latitude&crs=EPSG:4326&spatialIndex=no&subsetIndex=no&watchFile=no
"36210",Sedum lanceolatum var. nesioticum,Sedum,lanceolatum,,,nesioticum,native,S3S4,,48.868926000000002,-123.378797000000006,,NA,NA,"5473488",obs_native,file:///D:/Simon/Sync/Root/GIS/Biodiversity%20Data/obs_native.csv?type=csv&maxFields=10000&detectTypes=yes&xField=longitude&yField=latitude&crs=EPSG:4326&spatialIndex=no&subsetIndex=no&watchFile=no
"36410",Holodiscus discolor var. discolor,Holodiscus,discolor,,,,native,S5,,48.863762000000001,-123.365821999999994,,NA,NA,"5516509",obs_native,file:///D:/Simon/Sync/Root/GIS/Biodiversity%20Data/obs_native.csv?type=csv&maxFields=10000&detectTypes=yes&xField=longitude&yField=latitude&crs=EPSG:4326&spatialIndex=no&subsetIndex=no&watchFile=no
"36510",Quercus garryana var. garryana,Quercus,garryana,,,,native,S5,,48.865031999999999,-123.367260000000002,,NA,NA,"5516512",obs_native,file:///D:/Simon/Sync/Root/GIS/Biodiversity%20Data/obs_native.csv?type=csv&maxFields=10000&detectTypes=yes&xField=longitude&yField=latitude&crs=EPSG:4326&spatialIndex=no&subsetIndex=no&watchFile=no
"36610",Quercus garryana var. garryana,Quercus,garryana,,,,native,S5,,48.864784999999998,-123.367925000000000,,NA,NA,"5516514",obs_native,file:///D:/Simon/Sync/Root/GIS/Biodiversity%20Data/obs_native.csv?type=csv&maxFields=10000&detectTypes=yes&xField=longitude&yField=latitude&crs=EPSG:4326&spatialIndex=no&subsetIndex=no&watchFile=no
"36710",Sedum lanceolatum var. nesioticum,Sedum,lanceolatum,,,nesioticum,native,S3S4,,48.863881999999997,-123.366164999999995,,NA,NA,"5516554",obs_native,file:///D:/Simon/Sync/Root/GIS/Biodiversity%20Data/obs_native.csv?type=csv&maxFields=10000&detectTypes=yes&xField=longitude&yField=latitude&crs=EPSG:4326&spatialIndex=no&subsetIndex=no&watchFile=no
"36810",Claytonia rubra ssp. rubra,Claytonia,rubra,,,,native,S5?,,48.870255000000000,-123.380573999999996,,NA,NA,"5536448",obs_native,file:///D:/Simon/Sync/Root/GIS/Biodiversity%20Data/obs_native.csv?type=csv&maxFields=10000&detectTypes=yes&xField=longitude&yField=latitude&crs=EPSG:4326&spatialIndex=no&subsetIndex=no&watchFile=no
"36910",Pseudotsuga menziesii var. menziesii,Pseudotsuga,menziesii,,,,native,S5,,48.868371000000003,-123.378804000000002,,NA,NA,"5536559",obs_native,file:///D:/Simon/Sync/Root/GIS/Biodiversity%20Data/obs_native.csv?type=csv&maxFields=10000&detectTypes=yes&xField=longitude&yField=latitude&crs=EPSG:4326&spatialIndex=no&subsetIndex=no&watchFile=no
"37010",Pteridium aquilinum ssp. pubescens,Pteridium,aquilinum,,pubescens,,native,S5,,48.868828999999998,-123.345984000000001,,NA,NA,"5537054",obs_native,file:///D:/Simon/Sync/Root/GIS/Biodiversity%20Data/obs_native.csv?type=csv&maxFields=10000&detectTypes=yes&xField=longitude&yField=latitude&crs=EPSG:4326&spatialIndex=no&subsetIndex=no&watchFile=no
"37110",Plectritis congesta ssp. congesta,Plectritis,congesta,,,,native,S5,,48.871729999999999,-123.382795000000002,,NA,NA,"5551357",obs_native,file:///D:/Simon/Sync/Root/GIS/Biodiversity%20Data/obs_native.csv?type=csv&maxFields=10000&detectTypes=yes&xField=longitude&yField=latitude&crs=EPSG:4326&spatialIndex=no&subsetIndex=no&watchFile=no
"37210",Kalmia microphylla var. occidentalis,Kalmia,microphylla,,,occidentalis,native,S5,,48.982411999999997,-123.555170000000004,,NA,NA,"5642661",obs_native,file:///D:/Simon/Sync/Root/GIS/Biodiversity%20Data/obs_native.csv?type=csv&maxFields=10000&detectTypes=yes&xField=longitude&yField=latitude&crs=EPSG:4326&spatialIndex=no&subsetIndex=no&watchFile=no
"37310",Kalmia microphylla var. occidentalis,Kalmia,microphylla,,,occidentalis,native,S5,,48.982261999999999,-123.555143000000001,,NA,NA,"5643441",obs_native,file:///D:/Simon/Sync/Root/GIS/Biodiversity%20Data/obs_native.csv?type=csv&maxFields=10000&detectTypes=yes&xField=longitude&yField=latitude&crs=EPSG:4326&spatialIndex=no&subsetIndex=no&watchFile=no
"37410",Calandrinia ciliata,Calandrinia,ciliata,,,,native,S3S4,,48.867334999999997,-123.336996999999997,,NA,NA,"5643824",obs_native,file:///D:/Simon/Sync/Root/GIS/Biodiversity%20Data/obs_native.csv?type=csv&maxFields=10000&detectTypes=yes&xField=longitude&yField=latitude&crs=EPSG:4326&spatialIndex=no&subsetIndex=no&watchFile=no
"37510",Calandrinia ciliata,Calandrinia,ciliata,,,,native,S3S4,,48.906677240000000,-123.356530699999993,,NA,NA,"5646959",obs_native,file:///D:/Simon/Sync/Root/GIS/Biodiversity%20Data/obs_native.csv?type=csv&maxFields=10000&detectTypes=yes&xField=longitude&yField=latitude&crs=EPSG:4326&spatialIndex=no&subsetIndex=no&watchFile=no
"37610",Pinus contorta ssp. contorta,Pinus,contorta,,,,native,S5,,48.906677240000000,-123.356530699999993,,NA,NA,"5646960",obs_native,file:///D:/Simon/Sync/Root/GIS/Biodiversity%20Data/obs_native.csv?type=csv&maxFields=10000&detectTypes=yes&xField=longitude&yField=latitude&crs=EPSG:4326&spatialIndex=no&subsetIndex=no&watchFile=no
"37710",Pseudotsuga menziesii var. menziesii,Pseudotsuga,menziesii,,,,native,S5,,48.904618040000003,-123.358869600000006,,NA,NA,"5646980",obs_native,file:///D:/Simon/Sync/Root/GIS/Biodiversity%20Data/obs_native.csv?type=csv&maxFields=10000&detectTypes=yes&xField=longitude&yField=latitude&crs=EPSG:4326&spatialIndex=no&subsetIndex=no&watchFile=no
"37810",Sambucus racemosa var. arborescens,Sambucus,racemosa,,,arborescens,native,S5,,48.904618040000003,-123.358869600000006,,NA,NA,"5646981",obs_native,file:///D:/Simon/Sync/Root/GIS/Biodiversity%20Data/obs_native.csv?type=csv&maxFields=10000&detectTypes=yes&xField=longitude&yField=latitude&crs=EPSG:4326&spatialIndex=no&subsetIndex=no&watchFile=no
"37910",Sanicula crassicaulis var. crassicaulis,Sanicula,crassicaulis,,,,native,S5,,48.904152590000002,-123.358848100000003,,NA,NA,"5646991",obs_native,file:///D:/Simon/Sync/Root/GIS/Biodiversity%20Data/obs_native.csv?type=csv&maxFields=10000&detectTypes=yes&xField=longitude&yField=latitude&crs=EPSG:4326&spatialIndex=no&subsetIndex=no&watchFile=no
"38110",Pseudotsuga menziesii var. menziesii,Pseudotsuga,menziesii,,,,native,S5,,48.898347999999999,-123.361192000000003,,NA,NA,"5647005",obs_native,file:///D:/Simon/Sync/Root/GIS/Biodiversity%20Data/obs_native.csv?type=csv&maxFields=10000&detectTypes=yes&xField=longitude&yField=latitude&crs=EPSG:4326&spatialIndex=no&subsetIndex=no&watchFile=no
"38310",Claytonia rubra ssp. rubra,Claytonia,rubra,,,,native,S5?,,48.867930000000001,-123.387029999999996,,NA,NA,"5677677",obs_native,file:///D:/Simon/Sync/Root/GIS/Biodiversity%20Data/obs_native.csv?type=csv&maxFields=10000&detectTypes=yes&xField=longitude&yField=latitude&crs=EPSG:4326&spatialIndex=no&subsetIndex=no&watchFile=no
"38410",Plectritis congesta ssp. congesta,Plectritis,congesta,,,,native,S5,,48.867730000000002,-123.386854999999997,,NA,NA,"5679506",obs_native,file:///D:/Simon/Sync/Root/GIS/Biodiversity%20Data/obs_native.csv?type=csv&maxFields=10000&detectTypes=yes&xField=longitude&yField=latitude&crs=EPSG:4326&spatialIndex=no&subsetIndex=no&watchFile=no
"38510",Rosa nutkana ssp. nutkana,Rosa,nutkana,,,,native,S5,,48.867961670000000,-123.387253299999998,,NA,NA,"5704394",obs_native,file:///D:/Simon/Sync/Root/GIS/Biodiversity%20Data/obs_native.csv?type=csv&maxFields=10000&detectTypes=yes&xField=longitude&yField=latitude&crs=EPSG:4326&spatialIndex=no&subsetIndex=no&watchFile=no
"38610",Plectritis congesta ssp. congesta,Plectritis,congesta,,,,native,S5,,48.867940089999998,-123.387027399999994,,NA,NA,"5715311",obs_native,file:///D:/Simon/Sync/Root/GIS/Biodiversity%20Data/obs_native.csv?type=csv&maxFields=10000&detectTypes=yes&xField=longitude&yField=latitude&crs=EPSG:4326&spatialIndex=no&subsetIndex=no&watchFile=no
"38710",Rosa nutkana ssp. nutkana,Rosa,nutkana,,,,native,S5,,48.867940089999998,-123.387027399999994,,NA,NA,"5715318",obs_native,file:///D:/Simon/Sync/Root/GIS/Biodiversity%20Data/obs_native.csv?type=csv&maxFields=10000&detectTypes=yes&xField=longitude&yField=latitude&crs=EPSG:4326&spatialIndex=no&subsetIndex=no&watchFile=no
"38910",Pteridium aquilinum ssp. pubescens,Pteridium,aquilinum,,pubescens,,native,S5,,48.911867190000002,-123.387150800000001,,NA,NA,"5885308",obs_native,file:///D:/Simon/Sync/Root/GIS/Biodiversity%20Data/obs_native.csv?type=csv&maxFields=10000&detectTypes=yes&xField=longitude&yField=latitude&crs=EPSG:4326&spatialIndex=no&subsetIndex=no&watchFile=no
"39010",Plectritis congesta ssp. congesta,Plectritis,congesta,,,,native,S5,,48.913954300000000,-123.387536999999995,,NA,NA,"5885310",obs_native,file:///D:/Simon/Sync/Root/GIS/Biodiversity%20Data/obs_native.csv?type=csv&maxFields=10000&detectTypes=yes&xField=longitude&yField=latitude&crs=EPSG:4326&spatialIndex=no&subsetIndex=no&watchFile=no
"39110",Pseudotsuga menziesii var. menziesii,Pseudotsuga,menziesii,,,,native,S5,,48.906225919999997,-123.360671999999994,,NA,NA,"5885575",obs_native,file:///D:/Simon/Sync/Root/GIS/Biodiversity%20Data/obs_native.csv?type=csv&maxFields=10000&detectTypes=yes&xField=longitude&yField=latitude&crs=EPSG:4326&spatialIndex=no&subsetIndex=no&watchFile=no
"39210",Sanicula crassicaulis var. crassicaulis,Sanicula,crassicaulis,,,,native,S5,,48.906225919999997,-123.360671999999994,,NA,NA,"5885598",obs_native,file:///D:/Simon/Sync/Root/GIS/Biodiversity%20Data/obs_native.csv?type=csv&maxFields=10000&detectTypes=yes&xField=longitude&yField=latitude&crs=EPSG:4326&spatialIndex=no&subsetIndex=no&watchFile=no
"39310",Holodiscus discolor var. discolor,Holodiscus,discolor,,,,native,S5,,48.906324640000001,-123.359824399999994,,NA,NA,"5885658",obs_native,file:///D:/Simon/Sync/Root/GIS/Biodiversity%20Data/obs_native.csv?type=csv&maxFields=10000&detectTypes=yes&xField=longitude&yField=latitude&crs=EPSG:4326&spatialIndex=no&subsetIndex=no&watchFile=no
"39410",Pteridium aquilinum ssp. pubescens,Pteridium,aquilinum,,pubescens,,native,S5,,48.906282330000003,-123.358955399999999,,NA,NA,"5885685",obs_native,file:///D:/Simon/Sync/Root/GIS/Biodiversity%20Data/obs_native.csv?type=csv&maxFields=10000&detectTypes=yes&xField=longitude&yField=latitude&crs=EPSG:4326&spatialIndex=no&subsetIndex=no&watchFile=no
"39510",Pinus contorta ssp. contorta,Pinus,contorta,,,,native,S5,,48.906719549999998,-123.358397499999995,,NA,NA,"5885836",obs_native,file:///D:/Simon/Sync/Root/GIS/Biodiversity%20Data/obs_native.csv?type=csv&maxFields=10000&detectTypes=yes&xField=longitude&yField=latitude&crs=EPSG:4326&spatialIndex=no&subsetIndex=no&watchFile=no
"39610",Pseudotsuga menziesii var. menziesii,Pseudotsuga,menziesii,,,,native,S5,,48.906719549999998,-123.358397499999995,,NA,NA,"5885856",obs_native,file:///D:/Simon/Sync/Root/GIS/Biodiversity%20Data/obs_native.csv?type=csv&maxFields=10000&detectTypes=yes&xField=longitude&yField=latitude&crs=EPSG:4326&spatialIndex=no&subsetIndex=no&watchFile=no
"39710",Calandrinia ciliata,Calandrinia,ciliata,,,,native,S3S4,,48.906719549999998,-123.358397499999995,,NA,NA,"5885861",obs_native,file:///D:/Simon/Sync/Root/GIS/Biodiversity%20Data/obs_native.csv?type=csv&maxFields=10000&detectTypes=yes&xField=longitude&yField=latitude&crs=EPSG:4326&spatialIndex=no&subsetIndex=no&watchFile=no
"39810",Plectritis congesta ssp. congesta,Plectritis,congesta,,,,native,S5,,48.906649029999997,-123.358311700000002,,NA,NA,"5886029",obs_native,file:///D:/Simon/Sync/Root/GIS/Biodiversity%20Data/obs_native.csv?type=csv&maxFields=10000&detectTypes=yes&xField=longitude&yField=latitude&crs=EPSG:4326&spatialIndex=no&subsetIndex=no&watchFile=no
"39910",Pseudotsuga menziesii var. menziesii,Pseudotsuga,menziesii,,,,native,S5,,48.906649029999997,-123.358311700000002,,NA,NA,"5886031",obs_native,file:///D:/Simon/Sync/Root/GIS/Biodiversity%20Data/obs_native.csv?type=csv&maxFields=10000&detectTypes=yes&xField=longitude&yField=latitude&crs=EPSG:4326&spatialIndex=no&subsetIndex=no&watchFile=no
"40010",Pinus contorta ssp. contorta,Pinus,contorta,,,,native,S5,,48.906649029999997,-123.358311700000002,,NA,NA,"5886032",obs_native,file:///D:/Simon/Sync/Root/GIS/Biodiversity%20Data/obs_native.csv?type=csv&maxFields=10000&detectTypes=yes&xField=longitude&yField=latitude&crs=EPSG:4326&spatialIndex=no&subsetIndex=no&watchFile=no
"40110",Pseudotsuga menziesii var. menziesii,Pseudotsuga,menziesii,,,,native,S5,,48.906042560000003,-123.358268699999996,,NA,NA,"5886281",obs_native,file:///D:/Simon/Sync/Root/GIS/Biodiversity%20Data/obs_native.csv?type=csv&maxFields=10000&detectTypes=yes&xField=longitude&yField=latitude&crs=EPSG:4326&spatialIndex=no&subsetIndex=no&watchFile=no
"40210",Symphoricarpos albus var. laevigatus,Symphoricarpos,albus,,,laevigatus,native,S5,,48.906832379999997,-123.356745200000006,,NA,NA,"5886420",obs_native,file:///D:/Simon/Sync/Root/GIS/Biodiversity%20Data/obs_native.csv?type=csv&maxFields=10000&detectTypes=yes&xField=longitude&yField=latitude&crs=EPSG:4326&spatialIndex=no&subsetIndex=no&watchFile=no
"40310",Sanicula crassicaulis var. crassicaulis,Sanicula,crassicaulis,,,,native,S5,,48.906832379999997,-123.356745200000006,,NA,NA,"5886422",obs_native,file:///D:/Simon/Sync/Root/GIS/Biodiversity%20Data/obs_native.csv?type=csv&maxFields=10000&detectTypes=yes&xField=longitude&yField=latitude&crs=EPSG:4326&spatialIndex=no&subsetIndex=no&watchFile=no
"40410",Sambucus racemosa var. arborescens,Sambucus,racemosa,,,arborescens,native,S5,,48.905563020000002,-123.356026400000005,,NA,NA,"5899725",obs_native,file:///D:/Simon/Sync/Root/GIS/Biodiversity%20Data/obs_native.csv?type=csv&maxFields=10000&detectTypes=yes&xField=longitude&yField=latitude&crs=EPSG:4326&spatialIndex=no&subsetIndex=no&watchFile=no
"40610",Pseudotsuga menziesii var. menziesii,Pseudotsuga,menziesii,,,,native,S5,,48.904321840000001,-123.355082300000007,,NA,NA,"5935134",obs_native,file:///D:/Simon/Sync/Root/GIS/Biodiversity%20Data/obs_native.csv?type=csv&maxFields=10000&detectTypes=yes&xField=longitude&yField=latitude&crs=EPSG:4326&spatialIndex=no&subsetIndex=no&watchFile=no
"40710",Prunus emarginata var. emarginata,Prunus,emarginata,,,,native,S5,,48.904300679999999,-123.359207499999997,,NA,NA,"5935139",obs_native,file:///D:/Simon/Sync/Root/GIS/Biodiversity%20Data/obs_native.csv?type=csv&maxFields=10000&detectTypes=yes&xField=longitude&yField=latitude&crs=EPSG:4326&spatialIndex=no&subsetIndex=no&watchFile=no
"40810",Ranunculus occidentalis var. occidentalis,Ranunculus,occidentalis,,,,native,S5,,48.901881699999997,-123.364008699999999,,NA,NA,"5935154",obs_native,file:///D:/Simon/Sync/Root/GIS/Biodiversity%20Data/obs_native.csv?type=csv&maxFields=10000&detectTypes=yes&xField=longitude&yField=latitude&crs=EPSG:4326&spatialIndex=no&subsetIndex=no&watchFile=no
"40910",Pseudotsuga menziesii var. menziesii,Pseudotsuga,menziesii,,,,native,S5,,48.902361270000000,-123.362238399999995,,NA,NA,"5935157",obs_native,file:///D:/Simon/Sync/Root/GIS/Biodiversity%20Data/obs_native.csv?type=csv&maxFields=10000&detectTypes=yes&xField=longitude&yField=latitude&crs=EPSG:4326&spatialIndex=no&subsetIndex=no&watchFile=no
"41010",Pseudotsuga menziesii var. menziesii,Pseudotsuga,menziesii,,,,native,S5,,48.899540180000002,-123.358826600000000,,NA,NA,"5935176",obs_native,file:///D:/Simon/Sync/Root/GIS/Biodiversity%20Data/obs_native.csv?type=csv&maxFields=10000&detectTypes=yes&xField=longitude&yField=latitude&crs=EPSG:4326&spatialIndex=no&subsetIndex=no&watchFile=no
"41110",Pseudotsuga menziesii var. menziesii,Pseudotsuga,menziesii,,,,native,S5,,48.869203349999999,-123.379404500000007,,NA,NA,"5935261",obs_native,file:///D:/Simon/Sync/Root/GIS/Biodiversity%20Data/obs_native.csv?type=csv&maxFields=10000&detectTypes=yes&xField=longitude&yField=latitude&crs=EPSG:4326&spatialIndex=no&subsetIndex=no&watchFile=no
"41210",Ranunculus occidentalis var. occidentalis,Ranunculus,occidentalis,,,,native,S5,,48.869203349999999,-123.379404500000007,,NA,NA,"5935262",obs_native,file:///D:/Simon/Sync/Root/GIS/Biodiversity%20Data/obs_native.csv?type=csv&maxFields=10000&detectTypes=yes&xField=longitude&yField=latitude&crs=EPSG:4326&spatialIndex=no&subsetIndex=no&watchFile=no
"41410",Prunus emarginata var. emarginata,Prunus,emarginata,,,,native,S5,,48.901345700000000,-123.364856200000006,,NA,NA,"5953030",obs_native,file:///D:/Simon/Sync/Root/GIS/Biodiversity%20Data/obs_native.csv?type=csv&maxFields=10000&detectTypes=yes&xField=longitude&yField=latitude&crs=EPSG:4326&spatialIndex=no&subsetIndex=no&watchFile=no
"41510",Pseudotsuga menziesii var. menziesii,Pseudotsuga,menziesii,,,,native,S5,,48.902869050000000,-123.357775200000006,,NA,NA,"5953038",obs_native,file:///D:/Simon/Sync/Root/GIS/Biodiversity%20Data/obs_native.csv?type=csv&maxFields=10000&detectTypes=yes&xField=longitude&yField=latitude&crs=EPSG:4326&spatialIndex=no&subsetIndex=no&watchFile=no
"41610",Fragaria vesca ssp. bracteata,Fragaria,vesca,,bracteata,,native,S5,,48.911768469999998,-123.387054199999994,,NA,NA,"5964570",obs_native,file:///D:/Simon/Sync/Root/GIS/Biodiversity%20Data/obs_native.csv?type=csv&maxFields=10000&detectTypes=yes&xField=longitude&yField=latitude&crs=EPSG:4326&spatialIndex=no&subsetIndex=no&watchFile=no
"41810",Pseudotsuga menziesii var. menziesii,Pseudotsuga,menziesii,,,,native,S5,,48.898665610000002,-123.363965699999994,,NA,NA,"5993177",obs_native,file:///D:/Simon/Sync/Root/GIS/Biodiversity%20Data/obs_native.csv?type=csv&maxFields=10000&detectTypes=yes&xField=longitude&yField=latitude&crs=EPSG:4326&spatialIndex=no&subsetIndex=no&watchFile=no
"41910",Athyrium filix-femina ssp. cyclosorum,Athyrium,filix-femina,,cyclosorum,,native,S5,,48.897734589999999,-123.361905800000002,,NA,NA,"5993190",obs_native,file:///D:/Simon/Sync/Root/GIS/Biodiversity%20Data/obs_native.csv?type=csv&maxFields=10000&detectTypes=yes&xField=longitude&yField=latitude&crs=EPSG:4326&spatialIndex=no&subsetIndex=no&watchFile=no
"42010",Pseudotsuga menziesii var. menziesii,Pseudotsuga,menziesii,,,,native,S5,,48.895914840000003,-123.359802999999999,,NA,NA,"5993204",obs_native,file:///D:/Simon/Sync/Root/GIS/Biodiversity%20Data/obs_native.csv?type=csv&maxFields=10000&detectTypes=yes&xField=longitude&yField=latitude&crs=EPSG:4326&spatialIndex=no&subsetIndex=no&watchFile=no
"42110",Pseudotsuga menziesii var. menziesii,Pseudotsuga,menziesii,,,,native,S5,,48.896253399999999,-123.359395300000003,,NA,NA,"5993207",obs_native,file:///D:/Simon/Sync/Root/GIS/Biodiversity%20Data/obs_native.csv?type=csv&maxFields=10000&detectTypes=yes&xField=longitude&yField=latitude&crs=EPSG:4326&spatialIndex=no&subsetIndex=no&watchFile=no
"42210",Pseudotsuga menziesii var. menziesii,Pseudotsuga,menziesii,,,,native,S5,,48.896253399999999,-123.359395300000003,,NA,NA,"5993214",obs_native,file:///D:/Simon/Sync/Root/GIS/Biodiversity%20Data/obs_native.csv?type=csv&maxFields=10000&detectTypes=yes&xField=longitude&yField=latitude&crs=EPSG:4326&spatialIndex=no&subsetIndex=no&watchFile=no
"42310",Pseudotsuga menziesii var. menziesii,Pseudotsuga,menziesii,,,,native,S5,,48.898313000000002,-123.361147000000003,,NA,NA,"5993219",obs_native,file:///D:/Simon/Sync/Root/GIS/Biodiversity%20Data/obs_native.csv?type=csv&maxFields=10000&detectTypes=yes&xField=longitude&yField=latitude&crs=EPSG:4326&spatialIndex=no&subsetIndex=no&watchFile=no
"42410",Prunus emarginata var. emarginata,Prunus,emarginata,,,,native,S5,,48.899681240000000,-123.365939900000001,,NA,NA,"5993221",obs_native,file:///D:/Simon/Sync/Root/GIS/Biodiversity%20Data/obs_native.csv?type=csv&maxFields=10000&detectTypes=yes&xField=longitude&yField=latitude&crs=EPSG:4326&spatialIndex=no&subsetIndex=no&watchFile=no
"42510",Sedum lanceolatum var. nesioticum,Sedum,lanceolatum,,,nesioticum,native,S3S4,,48.904561620000003,-123.413457899999997,,NA,NA,"6047524",obs_native,file:///D:/Simon/Sync/Root/GIS/Biodiversity%20Data/obs_native.csv?type=csv&maxFields=10000&detectTypes=yes&xField=longitude&yField=latitude&crs=EPSG:4326&spatialIndex=no&subsetIndex=no&watchFile=no
"42610",Cerastium arvense ssp. strictum,Cerastium,arvense,,strictum,,native,S5,,48.904561620000003,-123.413457899999997,,NA,NA,"6047528",obs_native,file:///D:/Simon/Sync/Root/GIS/Biodiversity%20Data/obs_native.csv?type=csv&maxFields=10000&detectTypes=yes&xField=longitude&yField=latitude&crs=EPSG:4326&spatialIndex=no&subsetIndex=no&watchFile=no
"42710",Camassia leichtlinii ssp. suksdorfii,Camassia,leichtlinii,,suksdorfii,,native,S4,,48.904561620000003,-123.413457899999997,,NA,NA,"6047534",obs_native,file:///D:/Simon/Sync/Root/GIS/Biodiversity%20Data/obs_native.csv?type=csv&maxFields=10000&detectTypes=yes&xField=longitude&yField=latitude&crs=EPSG:4326&spatialIndex=no&subsetIndex=no&watchFile=no
"42810",Plectritis congesta ssp. congesta,Plectritis,congesta,,,,native,S5,,48.904561620000003,-123.413457899999997,,NA,NA,"6047537",obs_native,file:///D:/Simon/Sync/Root/GIS/Biodiversity%20Data/obs_native.csv?type=csv&maxFields=10000&detectTypes=yes&xField=longitude&yField=latitude&crs=EPSG:4326&spatialIndex=no&subsetIndex=no&watchFile=no
"42910",Plectritis congesta ssp. congesta,Plectritis,congesta,,,,native,S5,,48.904561620000003,-123.413457899999997,,NA,NA,"6047551",obs_native,file:///D:/Simon/Sync/Root/GIS/Biodiversity%20Data/obs_native.csv?type=csv&maxFields=10000&detectTypes=yes&xField=longitude&yField=latitude&crs=EPSG:4326&spatialIndex=no&subsetIndex=no&watchFile=no
"43110",Amelanchier alnifolia,Amelanchier,alnifolia,,,,native,S5,,48.879552629999999,-123.351019699999995,,NA,NA,"6076581",obs_native,file:///D:/Simon/Sync/Root/GIS/Biodiversity%20Data/obs_native.csv?type=csv&maxFields=10000&detectTypes=yes&xField=longitude&yField=latitude&crs=EPSG:4326&spatialIndex=no&subsetIndex=no&watchFile=no
"43210",Pseudotsuga menziesii var. menziesii,Pseudotsuga,menziesii,,,,native,S5,,48.976160890000003,-123.548855799999998,,NA,NA,"6085926",obs_native,file:///D:/Simon/Sync/Root/GIS/Biodiversity%20Data/obs_native.csv?type=csv&maxFields=10000&detectTypes=yes&xField=longitude&yField=latitude&crs=EPSG:4326&spatialIndex=no&subsetIndex=no&watchFile=no
"43310",Pseudotsuga menziesii var. menziesii,Pseudotsuga,menziesii,,,,native,S5,,48.976160890000003,-123.548855799999998,,NA,NA,"6085927",obs_native,file:///D:/Simon/Sync/Root/GIS/Biodiversity%20Data/obs_native.csv?type=csv&maxFields=10000&detectTypes=yes&xField=longitude&yField=latitude&crs=EPSG:4326&spatialIndex=no&subsetIndex=no&watchFile=no
"43410",Equisetum telmateia ssp. braunii,Equisetum,telmateia,,braunii,,native,S5,,48.976160890000003,-123.548855799999998,,NA,NA,"6085935",obs_native,file:///D:/Simon/Sync/Root/GIS/Biodiversity%20Data/obs_native.csv?type=csv&maxFields=10000&detectTypes=yes&xField=longitude&yField=latitude&crs=EPSG:4326&spatialIndex=no&subsetIndex=no&watchFile=no
"43510",Calandrinia ciliata,Calandrinia,ciliata,,,,native,S3S4,,48.867899999999999,-123.340461099999999,,NA,NA,"6160753",obs_native,file:///D:/Simon/Sync/Root/GIS/Biodiversity%20Data/obs_native.csv?type=csv&maxFields=10000&detectTypes=yes&xField=longitude&yField=latitude&crs=EPSG:4326&spatialIndex=no&subsetIndex=no&watchFile=no
"43610",Pseudotsuga menziesii var. menziesii,Pseudotsuga,menziesii,,,,native,S5,,48.899579000000003,-123.363214999999997,,NA,NA,"6190701",obs_native,file:///D:/Simon/Sync/Root/GIS/Biodiversity%20Data/obs_native.csv?type=csv&maxFields=10000&detectTypes=yes&xField=longitude&yField=latitude&crs=EPSG:4326&spatialIndex=no&subsetIndex=no&watchFile=no
"43710",Pseudotsuga menziesii var. menziesii,Pseudotsuga,menziesii,,,,native,S5,,48.906857000000002,-123.360896999999994,,NA,NA,"6190708",obs_native,file:///D:/Simon/Sync/Root/GIS/Biodiversity%20Data/obs_native.csv?type=csv&maxFields=10000&detectTypes=yes&xField=longitude&yField=latitude&crs=EPSG:4326&spatialIndex=no&subsetIndex=no&watchFile=no
"43810",Chimaphila umbellata ssp. umbellata,Chimaphila,umbellata,,,,native,S5,,48.906547000000003,-123.356026000000000,,NA,NA,"6190749",obs_native,file:///D:/Simon/Sync/Root/GIS/Biodiversity%20Data/obs_native.csv?type=csv&maxFields=10000&detectTypes=yes&xField=longitude&yField=latitude&crs=EPSG:4326&spatialIndex=no&subsetIndex=no&watchFile=no
"43910",Pseudotsuga menziesii var. menziesii,Pseudotsuga,menziesii,,,,native,S5,,48.970639560000002,-123.542718899999997,,NA,NA,"6216779",obs_native,file:///D:/Simon/Sync/Root/GIS/Biodiversity%20Data/obs_native.csv?type=csv&maxFields=10000&detectTypes=yes&xField=longitude&yField=latitude&crs=EPSG:4326&spatialIndex=no&subsetIndex=no&watchFile=no
"44010",Pseudotsuga menziesii var. menziesii,Pseudotsuga,menziesii,,,,native,S5,,48.970639560000002,-123.542718899999997,,NA,NA,"6216780",obs_native,file:///D:/Simon/Sync/Root/GIS/Biodiversity%20Data/obs_native.csv?type=csv&maxFields=10000&detectTypes=yes&xField=longitude&yField=latitude&crs=EPSG:4326&spatialIndex=no&subsetIndex=no&watchFile=no
"44110",Equisetum telmateia ssp. braunii,Equisetum,telmateia,,braunii,,native,S5,,48.970639560000002,-123.542718899999997,,NA,NA,"6216788",obs_native,file:///D:/Simon/Sync/Root/GIS/Biodiversity%20Data/obs_native.csv?type=csv&maxFields=10000&detectTypes=yes&xField=longitude&yField=latitude&crs=EPSG:4326&spatialIndex=no&subsetIndex=no&watchFile=no
"44210",Cerastium arvense ssp. strictum,Cerastium,arvense,,strictum,,native,S5,,48.868130639999997,-123.377494799999994,,NA,NA,"6216802",obs_native,file:///D:/Simon/Sync/Root/GIS/Biodiversity%20Data/obs_native.csv?type=csv&maxFields=10000&detectTypes=yes&xField=longitude&yField=latitude&crs=EPSG:4326&spatialIndex=no&subsetIndex=no&watchFile=no
"44310",Carex inops ssp. inops,Carex,inops,,,,native,S4S5,,48.868130639999997,-123.377494799999994,,NA,NA,"6216803",obs_native,file:///D:/Simon/Sync/Root/GIS/Biodiversity%20Data/obs_native.csv?type=csv&maxFields=10000&detectTypes=yes&xField=longitude&yField=latitude&crs=EPSG:4326&spatialIndex=no&subsetIndex=no&watchFile=no
"44510",Cerastium arvense ssp. strictum,Cerastium,arvense,,strictum,,native,S5,,48.867255520000001,-123.338141399999998,,NA,NA,"6217221",obs_native,file:///D:/Simon/Sync/Root/GIS/Biodiversity%20Data/obs_native.csv?type=csv&maxFields=10000&detectTypes=yes&xField=longitude&yField=latitude&crs=EPSG:4326&spatialIndex=no&subsetIndex=no&watchFile=no
"44610",Fragaria vesca ssp. bracteata,Fragaria,vesca,,bracteata,,native,S5,,48.927067260000001,-123.466544200000001,,NA,NA,"6217228",obs_native,file:///D:/Simon/Sync/Root/GIS/Biodiversity%20Data/obs_native.csv?type=csv&maxFields=10000&detectTypes=yes&xField=longitude&yField=latitude&crs=EPSG:4326&spatialIndex=no&subsetIndex=no&watchFile=no
"44710",Plectritis congesta ssp. congesta,Plectritis,congesta,,,,native,S5,,48.927067260000001,-123.466544200000001,,NA,NA,"6217229",obs_native,file:///D:/Simon/Sync/Root/GIS/Biodiversity%20Data/obs_native.csv?type=csv&maxFields=10000&detectTypes=yes&xField=longitude&yField=latitude&crs=EPSG:4326&spatialIndex=no&subsetIndex=no&watchFile=no
"44810",Amelanchier alnifolia,Amelanchier,alnifolia,,,,native,S5,,48.899737660000000,-123.407535600000003,,NA,NA,"6217236",obs_native,file:///D:/Simon/Sync/Root/GIS/Biodiversity%20Data/obs_native.csv?type=csv&maxFields=10000&detectTypes=yes&xField=longitude&yField=latitude&crs=EPSG:4326&spatialIndex=no&subsetIndex=no&watchFile=no
"44910",Fragaria vesca ssp. bracteata,Fragaria,vesca,,bracteata,,native,S5,,48.899737660000000,-123.407535600000003,,NA,NA,"6217239",obs_native,file:///D:/Simon/Sync/Root/GIS/Biodiversity%20Data/obs_native.csv?type=csv&maxFields=10000&detectTypes=yes&xField=longitude&yField=latitude&crs=EPSG:4326&spatialIndex=no&subsetIndex=no&watchFile=no
"45010",Plectritis congesta ssp. congesta,Plectritis,congesta,,,,native,S5,,48.899737660000000,-123.407535600000003,,NA,NA,"6217243",obs_native,file:///D:/Simon/Sync/Root/GIS/Biodiversity%20Data/obs_native.csv?type=csv&maxFields=10000&detectTypes=yes&xField=longitude&yField=latitude&crs=EPSG:4326&spatialIndex=no&subsetIndex=no&watchFile=no
"45110",Cerastium arvense ssp. strictum,Cerastium,arvense,,strictum,,native,S5,,48.867255520000001,-123.338356000000005,,NA,NA,"6217507",obs_native,file:///D:/Simon/Sync/Root/GIS/Biodiversity%20Data/obs_native.csv?type=csv&maxFields=10000&detectTypes=yes&xField=longitude&yField=latitude&crs=EPSG:4326&spatialIndex=no&subsetIndex=no&watchFile=no
"45210",Eriophyllum lanatum var. leucophyllum,Eriophyllum,lanatum,,,leucophyllum,native,S5,,48.867255520000001,-123.338356000000005,,NA,NA,"6217511",obs_native,file:///D:/Simon/Sync/Root/GIS/Biodiversity%20Data/obs_native.csv?type=csv&maxFields=10000&detectTypes=yes&xField=longitude&yField=latitude&crs=EPSG:4326&spatialIndex=no&subsetIndex=no&watchFile=no
"45310",Quercus garryana var. garryana,Quercus,garryana,,,,native,S5,,48.867227290000002,-123.338077100000007,,NA,NA,"6217918",obs_native,file:///D:/Simon/Sync/Root/GIS/Biodiversity%20Data/obs_native.csv?type=csv&maxFields=10000&detectTypes=yes&xField=longitude&yField=latitude&crs=EPSG:4326&spatialIndex=no&subsetIndex=no&watchFile=no
"45410",Sanicula crassicaulis var. crassicaulis,Sanicula,crassicaulis,,,,native,S5,,48.867227290000002,-123.338077100000007,,NA,NA,"6217919",obs_native,file:///D:/Simon/Sync/Root/GIS/Biodiversity%20Data/obs_native.csv?type=csv&maxFields=10000&detectTypes=yes&xField=longitude&yField=latitude&crs=EPSG:4326&spatialIndex=no&subsetIndex=no&watchFile=no
"45510",Camassia quamash ssp. quamash,Camassia,quamash,,,,native,S4,,48.867227290000002,-123.338077100000007,,NA,NA,"6217923",obs_native,file:///D:/Simon/Sync/Root/GIS/Biodiversity%20Data/obs_native.csv?type=csv&maxFields=10000&detectTypes=yes&xField=longitude&yField=latitude&crs=EPSG:4326&spatialIndex=no&subsetIndex=no&watchFile=no
"45610",Holodiscus discolor var. discolor,Holodiscus,discolor,,,,native,S5,,48.868751690000003,-123.379125599999995,,NA,NA,"6217943",obs_native,file:///D:/Simon/Sync/Root/GIS/Biodiversity%20Data/obs_native.csv?type=csv&maxFields=10000&detectTypes=yes&xField=longitude&yField=latitude&crs=EPSG:4326&spatialIndex=no&subsetIndex=no&watchFile=no
"45710",Camassia leichtlinii ssp. suksdorfii,Camassia,leichtlinii,,suksdorfii,,native,S4,,48.868751690000003,-123.379125599999995,,NA,NA,"6217947",obs_native,file:///D:/Simon/Sync/Root/GIS/Biodiversity%20Data/obs_native.csv?type=csv&maxFields=10000&detectTypes=yes&xField=longitude&yField=latitude&crs=EPSG:4326&spatialIndex=no&subsetIndex=no&watchFile=no
"45810",Camassia leichtlinii ssp. suksdorfii,Camassia,leichtlinii,,suksdorfii,,native,S4,,48.872562469999998,-123.312628300000000,,NA,NA,"6217968",obs_native,file:///D:/Simon/Sync/Root/GIS/Biodiversity%20Data/obs_native.csv?type=csv&maxFields=10000&detectTypes=yes&xField=longitude&yField=latitude&crs=EPSG:4326&spatialIndex=no&subsetIndex=no&watchFile=no
"45910",Camassia quamash ssp. quamash,Camassia,quamash,,,,native,S4,,48.872562469999998,-123.312628300000000,,NA,NA,"6217969",obs_native,file:///D:/Simon/Sync/Root/GIS/Biodiversity%20Data/obs_native.csv?type=csv&maxFields=10000&detectTypes=yes&xField=longitude&yField=latitude&crs=EPSG:4326&spatialIndex=no&subsetIndex=no&watchFile=no
"46010",Amelanchier alnifolia,Amelanchier,alnifolia,,,,native,S5,,48.929548459999999,-123.476200100000000,,NA,NA,"6218080",obs_native,file:///D:/Simon/Sync/Root/GIS/Biodiversity%20Data/obs_native.csv?type=csv&maxFields=10000&detectTypes=yes&xField=longitude&yField=latitude&crs=EPSG:4326&spatialIndex=no&subsetIndex=no&watchFile=no
"46110",Eriophyllum lanatum var. leucophyllum,Eriophyllum,lanatum,,,leucophyllum,native,S5,,48.932381960000001,-123.484568600000003,,NA,NA,"6218092",obs_native,file:///D:/Simon/Sync/Root/GIS/Biodiversity%20Data/obs_native.csv?type=csv&maxFields=10000&detectTypes=yes&xField=longitude&yField=latitude&crs=EPSG:4326&spatialIndex=no&subsetIndex=no&watchFile=no
"46210",Pseudotsuga menziesii var. menziesii,Pseudotsuga,menziesii,,,,native,S5,,48.893720999999999,-123.403458999999998,,NA,NA,"6297819",obs_native,file:///D:/Simon/Sync/Root/GIS/Biodiversity%20Data/obs_native.csv?type=csv&maxFields=10000&detectTypes=yes&xField=longitude&yField=latitude&crs=EPSG:4326&spatialIndex=no&subsetIndex=no&watchFile=no
"46310",Sambucus racemosa var. arborescens,Sambucus,racemosa,,,arborescens,native,S5,,48.905923000000001,-123.416912999999994,,NA,NA,"6298036",obs_native,file:///D:/Simon/Sync/Root/GIS/Biodiversity%20Data/obs_native.csv?type=csv&maxFields=10000&detectTypes=yes&xField=longitude&yField=latitude&crs=EPSG:4326&spatialIndex=no&subsetIndex=no&watchFile=no
"46510",Pteridium aquilinum ssp. pubescens,Pteridium,aquilinum,,pubescens,,native,S5,,48.927969529999999,-123.470706899999996,,NA,NA,"6298744",obs_native,file:///D:/Simon/Sync/Root/GIS/Biodiversity%20Data/obs_native.csv?type=csv&maxFields=10000&detectTypes=yes&xField=longitude&yField=latitude&crs=EPSG:4326&spatialIndex=no&subsetIndex=no&watchFile=no
"46610",Linnaea borealis ssp. longiflora,Linnaea,borealis,,longiflora,,native,S5,,48.927123649999999,-123.466844600000002,,NA,NA,"6298757",obs_native,file:///D:/Simon/Sync/Root/GIS/Biodiversity%20Data/obs_native.csv?type=csv&maxFields=10000&detectTypes=yes&xField=longitude&yField=latitude&crs=EPSG:4326&spatialIndex=no&subsetIndex=no&watchFile=no
"46710",Sanicula crassicaulis var. crassicaulis,Sanicula,crassicaulis,,,,native,S5,,48.927969529999999,-123.470706899999996,,NA,NA,"6298758",obs_native,file:///D:/Simon/Sync/Root/GIS/Biodiversity%20Data/obs_native.csv?type=csv&maxFields=10000&detectTypes=yes&xField=longitude&yField=latitude&crs=EPSG:4326&spatialIndex=no&subsetIndex=no&watchFile=no
"46810",Plectritis congesta ssp. congesta,Plectritis,congesta,,,,native,S5,,48.927123649999999,-123.466844600000002,,NA,NA,"6298760",obs_native,file:///D:/Simon/Sync/Root/GIS/Biodiversity%20Data/obs_native.csv?type=csv&maxFields=10000&detectTypes=yes&xField=longitude&yField=latitude&crs=EPSG:4326&spatialIndex=no&subsetIndex=no&watchFile=no
"46910",Cerastium arvense ssp. strictum,Cerastium,arvense,,strictum,,native,S5,,48.927123649999999,-123.466844600000002,,NA,NA,"6298761",obs_native,file:///D:/Simon/Sync/Root/GIS/Biodiversity%20Data/obs_native.csv?type=csv&maxFields=10000&detectTypes=yes&xField=longitude&yField=latitude&crs=EPSG:4326&spatialIndex=no&subsetIndex=no&watchFile=no
"47010",Amelanchier alnifolia,Amelanchier,alnifolia,,,,native,S5,,48.940352949999998,-123.503301100000002,,NA,NA,"6299007",obs_native,file:///D:/Simon/Sync/Root/GIS/Biodiversity%20Data/obs_native.csv?type=csv&maxFields=10000&detectTypes=yes&xField=longitude&yField=latitude&crs=EPSG:4326&spatialIndex=no&subsetIndex=no&watchFile=no
"47110",Plectritis congesta ssp. congesta,Plectritis,congesta,,,,native,S5,,48.940352949999998,-123.503301100000002,,NA,NA,"6299008",obs_native,file:///D:/Simon/Sync/Root/GIS/Biodiversity%20Data/obs_native.csv?type=csv&maxFields=10000&detectTypes=yes&xField=longitude&yField=latitude&crs=EPSG:4326&spatialIndex=no&subsetIndex=no&watchFile=no
"47210",Lathyrus nevadensis var. pilosellus,Lathyrus,nevadensis,,,pilosellus,native,S5,,48.940352949999998,-123.503301100000002,,NA,NA,"6299010",obs_native,file:///D:/Simon/Sync/Root/GIS/Biodiversity%20Data/obs_native.csv?type=csv&maxFields=10000&detectTypes=yes&xField=longitude&yField=latitude&crs=EPSG:4326&spatialIndex=no&subsetIndex=no&watchFile=no
"47310",Plectritis congesta ssp. congesta,Plectritis,congesta,,,,native,S5,,48.940176770000001,-123.502721800000003,,NA,NA,"6299016",obs_native,file:///D:/Simon/Sync/Root/GIS/Biodiversity%20Data/obs_native.csv?type=csv&maxFields=10000&detectTypes=yes&xField=longitude&yField=latitude&crs=EPSG:4326&spatialIndex=no&subsetIndex=no&watchFile=no
"47410",Sanicula crassicaulis var. crassicaulis,Sanicula,crassicaulis,,,,native,S5,,48.940176770000001,-123.502721800000003,,NA,NA,"6299018",obs_native,file:///D:/Simon/Sync/Root/GIS/Biodiversity%20Data/obs_native.csv?type=csv&maxFields=10000&detectTypes=yes&xField=longitude&yField=latitude&crs=EPSG:4326&spatialIndex=no&subsetIndex=no&watchFile=no
"47510",Cerastium arvense ssp. strictum,Cerastium,arvense,,strictum,,native,S5,,48.940176770000001,-123.502721800000003,,NA,NA,"6299020",obs_native,file:///D:/Simon/Sync/Root/GIS/Biodiversity%20Data/obs_native.csv?type=csv&maxFields=10000&detectTypes=yes&xField=longitude&yField=latitude&crs=EPSG:4326&spatialIndex=no&subsetIndex=no&watchFile=no
"47610",Plectritis congesta ssp. congesta,Plectritis,congesta,,,,native,S5,,48.940176770000001,-123.502721800000003,,NA,NA,"6299023",obs_native,file:///D:/Simon/Sync/Root/GIS/Biodiversity%20Data/obs_native.csv?type=csv&maxFields=10000&detectTypes=yes&xField=longitude&yField=latitude&crs=EPSG:4326&spatialIndex=no&subsetIndex=no&watchFile=no
"47710",Plectritis congesta ssp. congesta,Plectritis,congesta,,,,native,S5,,48.940078000000000,-123.502742999999995,,NA,NA,"6305074",obs_native,file:///D:/Simon/Sync/Root/GIS/Biodiversity%20Data/obs_native.csv?type=csv&maxFields=10000&detectTypes=yes&xField=longitude&yField=latitude&crs=EPSG:4326&spatialIndex=no&subsetIndex=no&watchFile=no
"47810",Cerastium arvense ssp. strictum,Cerastium,arvense,,strictum,,native,S5,,48.940345899999997,-123.504352600000004,,NA,NA,"6306952",obs_native,file:///D:/Simon/Sync/Root/GIS/Biodiversity%20Data/obs_native.csv?type=csv&maxFields=10000&detectTypes=yes&xField=longitude&yField=latitude&crs=EPSG:4326&spatialIndex=no&subsetIndex=no&watchFile=no
"48010",Plectritis congesta ssp. congesta,Plectritis,congesta,,,,native,S5,,48.940345899999997,-123.504352600000004,,NA,NA,"6306958",obs_native,file:///D:/Simon/Sync/Root/GIS/Biodiversity%20Data/obs_native.csv?type=csv&maxFields=10000&detectTypes=yes&xField=longitude&yField=latitude&crs=EPSG:4326&spatialIndex=no&subsetIndex=no&watchFile=no
"48110",Quercus garryana var. garryana,Quercus,garryana,,,,native,S5,,48.940345899999997,-123.504352600000004,,NA,NA,"6306967",obs_native,file:///D:/Simon/Sync/Root/GIS/Biodiversity%20Data/obs_native.csv?type=csv&maxFields=10000&detectTypes=yes&xField=longitude&yField=latitude&crs=EPSG:4326&spatialIndex=no&subsetIndex=no&watchFile=no
"48210",Quercus garryana var. garryana,Quercus,garryana,,,,native,S5,,48.940345899999997,-123.504352600000004,,NA,NA,"6306978",obs_native,file:///D:/Simon/Sync/Root/GIS/Biodiversity%20Data/obs_native.csv?type=csv&maxFields=10000&detectTypes=yes&xField=longitude&yField=latitude&crs=EPSG:4326&spatialIndex=no&subsetIndex=no&watchFile=no
"48310",Heuchera micrantha var. diversifolia,Heuchera,micrantha,,,diversifolia,native,S5,,48.940345899999997,-123.504352600000004,,NA,NA,"6306981",obs_native,file:///D:/Simon/Sync/Root/GIS/Biodiversity%20Data/obs_native.csv?type=csv&maxFields=10000&detectTypes=yes&xField=longitude&yField=latitude&crs=EPSG:4326&spatialIndex=no&subsetIndex=no&watchFile=no
"48410",Pseudotsuga menziesii var. menziesii,Pseudotsuga,menziesii,,,,native,S5,,48.940345899999997,-123.504352600000004,,NA,NA,"6306986",obs_native,file:///D:/Simon/Sync/Root/GIS/Biodiversity%20Data/obs_native.csv?type=csv&maxFields=10000&detectTypes=yes&xField=longitude&yField=latitude&crs=EPSG:4326&spatialIndex=no&subsetIndex=no&watchFile=no
"48510",Leymus mollis ssp. mollis,Leymus,mollis,,,,native,S5,,49.012090899999997,-123.573961299999993,,NA,NA,"6309360",obs_native,file:///D:/Simon/Sync/Root/GIS/Biodiversity%20Data/obs_native.csv?type=csv&maxFields=10000&detectTypes=yes&xField=longitude&yField=latitude&crs=EPSG:4326&spatialIndex=no&subsetIndex=no&watchFile=no
"48610",Claytonia rubra ssp. rubra,Claytonia,rubra,,,,native,S5?,,49.012090899999997,-123.573961299999993,,NA,NA,"6309363",obs_native,file:///D:/Simon/Sync/Root/GIS/Biodiversity%20Data/obs_native.csv?type=csv&maxFields=10000&detectTypes=yes&xField=longitude&yField=latitude&crs=EPSG:4326&spatialIndex=no&subsetIndex=no&watchFile=no
"48710",Plantago maritima,Plantago,maritima,,,,native,S5,,49.012850899999997,-123.573103000000003,,NA,NA,"6309367",obs_native,file:///D:/Simon/Sync/Root/GIS/Biodiversity%20Data/obs_native.csv?type=csv&maxFields=10000&detectTypes=yes&xField=longitude&yField=latitude&crs=EPSG:4326&spatialIndex=no&subsetIndex=no&watchFile=no
"48810",Camassia leichtlinii ssp. suksdorfii,Camassia,leichtlinii,,suksdorfii,,native,S4,,49.012850899999997,-123.573103000000003,,NA,NA,"6309371",obs_native,file:///D:/Simon/Sync/Root/GIS/Biodiversity%20Data/obs_native.csv?type=csv&maxFields=10000&detectTypes=yes&xField=longitude&yField=latitude&crs=EPSG:4326&spatialIndex=no&subsetIndex=no&watchFile=no
"48910",Rosa nutkana ssp. nutkana,Rosa,nutkana,,,,native,S5,,49.012850899999997,-123.573103000000003,,NA,NA,"6309372",obs_native,file:///D:/Simon/Sync/Root/GIS/Biodiversity%20Data/obs_native.csv?type=csv&maxFields=10000&detectTypes=yes&xField=longitude&yField=latitude&crs=EPSG:4326&spatialIndex=no&subsetIndex=no&watchFile=no
"49010",Ranunculus occidentalis var. occidentalis,Ranunculus,occidentalis,,,,native,S5,,49.012850899999997,-123.573103000000003,,NA,NA,"6309375",obs_native,file:///D:/Simon/Sync/Root/GIS/Biodiversity%20Data/obs_native.csv?type=csv&maxFields=10000&detectTypes=yes&xField=longitude&yField=latitude&crs=EPSG:4326&spatialIndex=no&subsetIndex=no&watchFile=no
"49110",Cerastium arvense ssp. strictum,Cerastium,arvense,,strictum,,native,S5,,49.012850899999997,-123.573103000000003,,NA,NA,"6309377",obs_native,file:///D:/Simon/Sync/Root/GIS/Biodiversity%20Data/obs_native.csv?type=csv&maxFields=10000&detectTypes=yes&xField=longitude&yField=latitude&crs=EPSG:4326&spatialIndex=no&subsetIndex=no&watchFile=no
"49210",Sanicula crassicaulis var. crassicaulis,Sanicula,crassicaulis,,,,native,S5,,49.012850899999997,-123.573103000000003,,NA,NA,"6309378",obs_native,file:///D:/Simon/Sync/Root/GIS/Biodiversity%20Data/obs_native.csv?type=csv&maxFields=10000&detectTypes=yes&xField=longitude&yField=latitude&crs=EPSG:4326&spatialIndex=no&subsetIndex=no&watchFile=no
"49310",Ranunculus occidentalis var. occidentalis,Ranunculus,occidentalis,,,,native,S5,,49.012850899999997,-123.573103000000003,,NA,NA,"6309379",obs_native,file:///D:/Simon/Sync/Root/GIS/Biodiversity%20Data/obs_native.csv?type=csv&maxFields=10000&detectTypes=yes&xField=longitude&yField=latitude&crs=EPSG:4326&spatialIndex=no&subsetIndex=no&watchFile=no
"49410",Camassia leichtlinii ssp. suksdorfii,Camassia,leichtlinii,,suksdorfii,,native,S4,,49.012850899999997,-123.573103000000003,,NA,NA,"6309385",obs_native,file:///D:/Simon/Sync/Root/GIS/Biodiversity%20Data/obs_native.csv?type=csv&maxFields=10000&detectTypes=yes&xField=longitude&yField=latitude&crs=EPSG:4326&spatialIndex=no&subsetIndex=no&watchFile=no
"49510",Plectritis congesta ssp. congesta,Plectritis,congesta,,,,native,S5,,49.012850899999997,-123.573103000000003,,NA,NA,"6309387",obs_native,file:///D:/Simon/Sync/Root/GIS/Biodiversity%20Data/obs_native.csv?type=csv&maxFields=10000&detectTypes=yes&xField=longitude&yField=latitude&crs=EPSG:4326&spatialIndex=no&subsetIndex=no&watchFile=no
"49610",Camassia leichtlinii ssp. suksdorfii,Camassia,leichtlinii,,suksdorfii,,native,S4,,49.012850899999997,-123.573103000000003,,NA,NA,"6309389",obs_native,file:///D:/Simon/Sync/Root/GIS/Biodiversity%20Data/obs_native.csv?type=csv&maxFields=10000&detectTypes=yes&xField=longitude&yField=latitude&crs=EPSG:4326&spatialIndex=no&subsetIndex=no&watchFile=no
"49710",Camassia quamash ssp. quamash,Camassia,quamash,,,,native,S4,,49.012850899999997,-123.573103000000003,,NA,NA,"6309390",obs_native,file:///D:/Simon/Sync/Root/GIS/Biodiversity%20Data/obs_native.csv?type=csv&maxFields=10000&detectTypes=yes&xField=longitude&yField=latitude&crs=EPSG:4326&spatialIndex=no&subsetIndex=no&watchFile=no
"49810",Ranunculus occidentalis var. occidentalis,Ranunculus,occidentalis,,,,native,S5,,49.012850899999997,-123.573103000000003,,NA,NA,"6309392",obs_native,file:///D:/Simon/Sync/Root/GIS/Biodiversity%20Data/obs_native.csv?type=csv&maxFields=10000&detectTypes=yes&xField=longitude&yField=latitude&crs=EPSG:4326&spatialIndex=no&subsetIndex=no&watchFile=no
"49910",Plantago maritima,Plantago,maritima,,,,native,S5,,49.012850899999997,-123.573103000000003,,NA,NA,"6309398",obs_native,file:///D:/Simon/Sync/Root/GIS/Biodiversity%20Data/obs_native.csv?type=csv&maxFields=10000&detectTypes=yes&xField=longitude&yField=latitude&crs=EPSG:4326&spatialIndex=no&subsetIndex=no&watchFile=no
"50010",Camassia leichtlinii ssp. suksdorfii,Camassia,leichtlinii,,suksdorfii,,native,S4,,49.012850899999997,-123.573103000000003,,NA,NA,"6309402",obs_native,file:///D:/Simon/Sync/Root/GIS/Biodiversity%20Data/obs_native.csv?type=csv&maxFields=10000&detectTypes=yes&xField=longitude&yField=latitude&crs=EPSG:4326&spatialIndex=no&subsetIndex=no&watchFile=no
"50110",Claytonia rubra ssp. rubra,Claytonia,rubra,,,,native,S5?,,49.011795350000000,-123.574218799999997,,NA,NA,"6309414",obs_native,file:///D:/Simon/Sync/Root/GIS/Biodiversity%20Data/obs_native.csv?type=csv&maxFields=10000&detectTypes=yes&xField=longitude&yField=latitude&crs=EPSG:4326&spatialIndex=no&subsetIndex=no&watchFile=no
"50210",Asplenium trichomanes ssp. trichomanes,Asplenium,trichomanes,,,,native,S5,,48.942950000000003,-123.490303299999994,,NA,NA,"6386909",obs_native,file:///D:/Simon/Sync/Root/GIS/Biodiversity%20Data/obs_native.csv?type=csv&maxFields=10000&detectTypes=yes&xField=longitude&yField=latitude&crs=EPSG:4326&spatialIndex=no&subsetIndex=no&watchFile=no
"50310",Pteridium aquilinum ssp. pubescens,Pteridium,aquilinum,,pubescens,,native,S5,,48.928059390000001,-123.467742900000005,,NA,NA,"6387115",obs_native,file:///D:/Simon/Sync/Root/GIS/Biodiversity%20Data/obs_native.csv?type=csv&maxFields=10000&detectTypes=yes&xField=longitude&yField=latitude&crs=EPSG:4326&spatialIndex=no&subsetIndex=no&watchFile=no
"50410",Castilleja hispida,Castilleja,hispida,,,,native,S5,,48.963089009999997,-123.548555399999998,,NA,NA,"6391060",obs_native,file:///D:/Simon/Sync/Root/GIS/Biodiversity%20Data/obs_native.csv?type=csv&maxFields=10000&detectTypes=yes&xField=longitude&yField=latitude&crs=EPSG:4326&spatialIndex=no&subsetIndex=no&watchFile=no
"50510",Heuchera micrantha var. diversifolia,Heuchera,micrantha,,,diversifolia,native,S5,,48.961285719999999,-123.544607200000002,,NA,NA,"6391062",obs_native,file:///D:/Simon/Sync/Root/GIS/Biodiversity%20Data/obs_native.csv?type=csv&maxFields=10000&detectTypes=yes&xField=longitude&yField=latitude&crs=EPSG:4326&spatialIndex=no&subsetIndex=no&watchFile=no
"50610",Pteridium aquilinum ssp. pubescens,Pteridium,aquilinum,,pubescens,,native,S5,,48.946269809999997,-123.483371000000005,,NA,NA,"6402361",obs_native,file:///D:/Simon/Sync/Root/GIS/Biodiversity%20Data/obs_native.csv?type=csv&maxFields=10000&detectTypes=yes&xField=longitude&yField=latitude&crs=EPSG:4326&spatialIndex=no&subsetIndex=no&watchFile=no
"50910",Elymus glaucus ssp. glaucus,Elymus,glaucus,,,,native,S5,,48.931366990000001,-123.480234100000004,,NA,NA,"6409674",obs_native,file:///D:/Simon/Sync/Root/GIS/Biodiversity%20Data/obs_native.csv?type=csv&maxFields=10000&detectTypes=yes&xField=longitude&yField=latitude&crs=EPSG:4326&spatialIndex=no&subsetIndex=no&watchFile=no
"51110",Carex inops ssp. inops,Carex,inops,,,,native,S4S5,,48.868800149999998,-123.378610600000002,,NA,NA,"6410314",obs_native,file:///D:/Simon/Sync/Root/GIS/Biodiversity%20Data/obs_native.csv?type=csv&maxFields=10000&detectTypes=yes&xField=longitude&yField=latitude&crs=EPSG:4326&spatialIndex=no&subsetIndex=no&watchFile=no
"51210",Agoseris grandiflora var. leptophylla,Agoseris,grandiflora,,,leptophylla,native,S5,,48.868800149999998,-123.378610600000002,,NA,NA,"6410315",obs_native,file:///D:/Simon/Sync/Root/GIS/Biodiversity%20Data/obs_native.csv?type=csv&maxFields=10000&detectTypes=yes&xField=longitude&yField=latitude&crs=EPSG:4326&spatialIndex=no&subsetIndex=no&watchFile=no
"51310",Eriophyllum lanatum var. leucophyllum,Eriophyllum,lanatum,,,leucophyllum,native,S5,,48.868800149999998,-123.378610600000002,,NA,NA,"6410317",obs_native,file:///D:/Simon/Sync/Root/GIS/Biodiversity%20Data/obs_native.csv?type=csv&maxFields=10000&detectTypes=yes&xField=longitude&yField=latitude&crs=EPSG:4326&spatialIndex=no&subsetIndex=no&watchFile=no
"51410",Plectritis congesta ssp. congesta,Plectritis,congesta,,,,native,S5,,48.868800149999998,-123.378610600000002,,NA,NA,"6410330",obs_native,file:///D:/Simon/Sync/Root/GIS/Biodiversity%20Data/obs_native.csv?type=csv&maxFields=10000&detectTypes=yes&xField=longitude&yField=latitude&crs=EPSG:4326&spatialIndex=no&subsetIndex=no&watchFile=no
"51610",Geum macrophyllum,Geum,macrophyllum,,,,native,S5 (2000),,48.943192879999998,-123.484139400000004,,NA,NA,"6411181",obs_native,file:///D:/Simon/Sync/Root/GIS/Biodiversity%20Data/obs_native.csv?type=csv&maxFields=10000&detectTypes=yes&xField=longitude&yField=latitude&crs=EPSG:4326&spatialIndex=no&subsetIndex=no&watchFile=no
"51710",Tiarella trifoliata var. trifoliata,Tiarella,trifoliata,,,,native,S5,,48.943192879999998,-123.484139400000004,,NA,NA,"6411184",obs_native,file:///D:/Simon/Sync/Root/GIS/Biodiversity%20Data/obs_native.csv?type=csv&maxFields=10000&detectTypes=yes&xField=longitude&yField=latitude&crs=EPSG:4326&spatialIndex=no&subsetIndex=no&watchFile=no
"52010",Sanicula crassicaulis var. crassicaulis,Sanicula,crassicaulis,,,,native,S5,,48.943192879999998,-123.484139400000004,,NA,NA,"6411195",obs_native,file:///D:/Simon/Sync/Root/GIS/Biodiversity%20Data/obs_native.csv?type=csv&maxFields=10000&detectTypes=yes&xField=longitude&yField=latitude&crs=EPSG:4326&spatialIndex=no&subsetIndex=no&watchFile=no
"52110",Rosa nutkana ssp. nutkana,Rosa,nutkana,,,,native,S5,,48.930774919999998,-123.475341799999995,,NA,NA,"6411207",obs_native,file:///D:/Simon/Sync/Root/GIS/Biodiversity%20Data/obs_native.csv?type=csv&maxFields=10000&detectTypes=yes&xField=longitude&yField=latitude&crs=EPSG:4326&spatialIndex=no&subsetIndex=no&watchFile=no
"52210",Callitriche heterophylla var. bolanderi,Callitriche,heterophylla,,,bolanderi,native,S4S5,,48.939506280000003,-123.471806599999994,,NA,NA,"6411342",obs_native,file:///D:/Simon/Sync/Root/GIS/Biodiversity%20Data/obs_native.csv?type=csv&maxFields=10000&detectTypes=yes&xField=longitude&yField=latitude&crs=EPSG:4326&spatialIndex=no&subsetIndex=no&watchFile=no
"52310",Eriophyllum lanatum var. leucophyllum,Eriophyllum,lanatum,,,leucophyllum,native,S5,,48.866634460000000,-123.375670900000003,,NA,NA,"6411593",obs_native,file:///D:/Simon/Sync/Root/GIS/Biodiversity%20Data/obs_native.csv?type=csv&maxFields=10000&detectTypes=yes&xField=longitude&yField=latitude&crs=EPSG:4326&spatialIndex=no&subsetIndex=no&watchFile=no
"52410",Stellaria borealis ssp. sitchana,Stellaria,borealis,,sitchana,,native,S5,,48.974776630000001,-123.547976000000006,,NA,NA,"6412033",obs_native,file:///D:/Simon/Sync/Root/GIS/Biodiversity%20Data/obs_native.csv?type=csv&maxFields=10000&detectTypes=yes&xField=longitude&yField=latitude&crs=EPSG:4326&spatialIndex=no&subsetIndex=no&watchFile=no
"52510",Lathyrus nevadensis var. pilosellus,Lathyrus,nevadensis,,,pilosellus,native,S5,,48.899596600000002,-123.407278099999999,,NA,NA,"6412052",obs_native,file:///D:/Simon/Sync/Root/GIS/Biodiversity%20Data/obs_native.csv?type=csv&maxFields=10000&detectTypes=yes&xField=longitude&yField=latitude&crs=EPSG:4326&spatialIndex=no&subsetIndex=no&watchFile=no
"52610",Spiraea douglasii var. douglasii,Spiraea,douglasii,,,,native,S5,,48.897960300000001,-123.362002399999994,,NA,NA,"6413754",obs_native,file:///D:/Simon/Sync/Root/GIS/Biodiversity%20Data/obs_native.csv?type=csv&maxFields=10000&detectTypes=yes&xField=longitude&yField=latitude&crs=EPSG:4326&spatialIndex=no&subsetIndex=no&watchFile=no
"52710",Quercus garryana var. garryana,Quercus,garryana,,,,native,S5,,48.872082300000002,-123.312289199999995,,NA,NA,"6425052",obs_native,file:///D:/Simon/Sync/Root/GIS/Biodiversity%20Data/obs_native.csv?type=csv&maxFields=10000&detectTypes=yes&xField=longitude&yField=latitude&crs=EPSG:4326&spatialIndex=no&subsetIndex=no&watchFile=no
"52810",Amelanchier alnifolia,Amelanchier,alnifolia,,,,native,S5,,48.872082300000002,-123.312289199999995,,NA,NA,"6425056",obs_native,file:///D:/Simon/Sync/Root/GIS/Biodiversity%20Data/obs_native.csv?type=csv&maxFields=10000&detectTypes=yes&xField=longitude&yField=latitude&crs=EPSG:4326&spatialIndex=no&subsetIndex=no&watchFile=no
"52910",Lathyrus nevadensis var. pilosellus,Lathyrus,nevadensis,,,pilosellus,native,S5,,48.872082300000002,-123.312289199999995,,NA,NA,"6425081",obs_native,file:///D:/Simon/Sync/Root/GIS/Biodiversity%20Data/obs_native.csv?type=csv&maxFields=10000&detectTypes=yes&xField=longitude&yField=latitude&crs=EPSG:4326&spatialIndex=no&subsetIndex=no&watchFile=no
"53010",Quercus garryana var. garryana,Quercus,garryana,,,,native,S5,,48.862523000000003,-123.323172999999997,,NA,NA,"6425096",obs_native,file:///D:/Simon/Sync/Root/GIS/Biodiversity%20Data/obs_native.csv?type=csv&maxFields=10000&detectTypes=yes&xField=longitude&yField=latitude&crs=EPSG:4326&spatialIndex=no&subsetIndex=no&watchFile=no
"53110",Ranunculus occidentalis var. occidentalis,Ranunculus,occidentalis,,,,native,S5,,48.872082300000002,-123.312289199999995,,NA,NA,"6425100",obs_native,file:///D:/Simon/Sync/Root/GIS/Biodiversity%20Data/obs_native.csv?type=csv&maxFields=10000&detectTypes=yes&xField=longitude&yField=latitude&crs=EPSG:4326&spatialIndex=no&subsetIndex=no&watchFile=no
"53210",Pinus contorta ssp. contorta,Pinus,contorta,,,,native,S5,,48.990581059999997,-123.548469499999996,,NA,NA,"6425117",obs_native,file:///D:/Simon/Sync/Root/GIS/Biodiversity%20Data/obs_native.csv?type=csv&maxFields=10000&detectTypes=yes&xField=longitude&yField=latitude&crs=EPSG:4326&spatialIndex=no&subsetIndex=no&watchFile=no
"53310",Adiantum aleuticum var. aleuticum,Adiantum,aleuticum,,,,native,S5,,48.971231160000002,-123.525874599999995,,NA,NA,"6425140",obs_native,file:///D:/Simon/Sync/Root/GIS/Biodiversity%20Data/obs_native.csv?type=csv&maxFields=10000&detectTypes=yes&xField=longitude&yField=latitude&crs=EPSG:4326&spatialIndex=no&subsetIndex=no&watchFile=no
"53410",Erythranthe cf guttata,Erythranthe,guttata,,,,native,S5,,48.971231160000002,-123.525874599999995,,NA,NA,"6425142",obs_native,file:///D:/Simon/Sync/Root/GIS/Biodiversity%20Data/obs_native.csv?type=csv&maxFields=10000&detectTypes=yes&xField=longitude&yField=latitude&crs=EPSG:4326&spatialIndex=no&subsetIndex=no&watchFile=no
"53510",Sanicula crassicaulis var. crassicaulis,Sanicula,crassicaulis,,,,native,S5,,48.900696850000003,-123.336124400000003,,NA,NA,"6425160",obs_native,file:///D:/Simon/Sync/Root/GIS/Biodiversity%20Data/obs_native.csv?type=csv&maxFields=10000&detectTypes=yes&xField=longitude&yField=latitude&crs=EPSG:4326&spatialIndex=no&subsetIndex=no&watchFile=no
"53610",Camassia leichtlinii ssp. suksdorfii,Camassia,leichtlinii,,suksdorfii,,native,S4,,48.900696850000003,-123.336124400000003,,NA,NA,"6425164",obs_native,file:///D:/Simon/Sync/Root/GIS/Biodiversity%20Data/obs_native.csv?type=csv&maxFields=10000&detectTypes=yes&xField=longitude&yField=latitude&crs=EPSG:4326&spatialIndex=no&subsetIndex=no&watchFile=no
"53810",Camassia leichtlinii ssp. suksdorfii,Camassia,leichtlinii,,suksdorfii,,native,S4,,48.900696850000003,-123.336124400000003,,NA,NA,"6425169",obs_native,file:///D:/Simon/Sync/Root/GIS/Biodiversity%20Data/obs_native.csv?type=csv&maxFields=10000&detectTypes=yes&xField=longitude&yField=latitude&crs=EPSG:4326&spatialIndex=no&subsetIndex=no&watchFile=no
"53910",Camassia leichtlinii ssp. suksdorfii,Camassia,leichtlinii,,suksdorfii,,native,S4,,48.900696850000003,-123.336124400000003,,NA,NA,"6425171",obs_native,file:///D:/Simon/Sync/Root/GIS/Biodiversity%20Data/obs_native.csv?type=csv&maxFields=10000&detectTypes=yes&xField=longitude&yField=latitude&crs=EPSG:4326&spatialIndex=no&subsetIndex=no&watchFile=no
"54010",Plectritis congesta ssp. congesta,Plectritis,congesta,,,,native,S5,,48.900696850000003,-123.336124400000003,,NA,NA,"6425174",obs_native,file:///D:/Simon/Sync/Root/GIS/Biodiversity%20Data/obs_native.csv?type=csv&maxFields=10000&detectTypes=yes&xField=longitude&yField=latitude&crs=EPSG:4326&spatialIndex=no&subsetIndex=no&watchFile=no
"54110",Amelanchier alnifolia,Amelanchier,alnifolia,,,,native,S5,,48.900696850000003,-123.336124400000003,,NA,NA,"6425177",obs_native,file:///D:/Simon/Sync/Root/GIS/Biodiversity%20Data/obs_native.csv?type=csv&maxFields=10000&detectTypes=yes&xField=longitude&yField=latitude&crs=EPSG:4326&spatialIndex=no&subsetIndex=no&watchFile=no
"54210",Camassia leichtlinii ssp. suksdorfii,Camassia,leichtlinii,,suksdorfii,,native,S4,,48.900696850000003,-123.336124400000003,,NA,NA,"6425178",obs_native,file:///D:/Simon/Sync/Root/GIS/Biodiversity%20Data/obs_native.csv?type=csv&maxFields=10000&detectTypes=yes&xField=longitude&yField=latitude&crs=EPSG:4326&spatialIndex=no&subsetIndex=no&watchFile=no
"54310",Holodiscus discolor var. discolor,Holodiscus,discolor,,,,native,S5,,48.900696850000003,-123.336124400000003,,NA,NA,"6425179",obs_native,file:///D:/Simon/Sync/Root/GIS/Biodiversity%20Data/obs_native.csv?type=csv&maxFields=10000&detectTypes=yes&xField=longitude&yField=latitude&crs=EPSG:4326&spatialIndex=no&subsetIndex=no&watchFile=no
"54410",Camassia leichtlinii ssp. suksdorfii,Camassia,leichtlinii,,suksdorfii,,native,S4,,48.900696850000003,-123.336124400000003,,NA,NA,"6425185",obs_native,file:///D:/Simon/Sync/Root/GIS/Biodiversity%20Data/obs_native.csv?type=csv&maxFields=10000&detectTypes=yes&xField=longitude&yField=latitude&crs=EPSG:4326&spatialIndex=no&subsetIndex=no&watchFile=no
"54510",Camassia leichtlinii ssp. suksdorfii,Camassia,leichtlinii,,suksdorfii,,native,S4,,48.900696850000003,-123.336124400000003,,NA,NA,"6425192",obs_native,file:///D:/Simon/Sync/Root/GIS/Biodiversity%20Data/obs_native.csv?type=csv&maxFields=10000&detectTypes=yes&xField=longitude&yField=latitude&crs=EPSG:4326&spatialIndex=no&subsetIndex=no&watchFile=no
"54610",Camassia leichtlinii ssp. suksdorfii,Camassia,leichtlinii,,suksdorfii,,native,S4,,48.900696850000003,-123.336124400000003,,NA,NA,"6425194",obs_native,file:///D:/Simon/Sync/Root/GIS/Biodiversity%20Data/obs_native.csv?type=csv&maxFields=10000&detectTypes=yes&xField=longitude&yField=latitude&crs=EPSG:4326&spatialIndex=no&subsetIndex=no&watchFile=no
"54710",Rosa nutkana ssp. nutkana,Rosa,nutkana,,,,native,S5,,48.900696850000003,-123.336124400000003,,NA,NA,"6425203",obs_native,file:///D:/Simon/Sync/Root/GIS/Biodiversity%20Data/obs_native.csv?type=csv&maxFields=10000&detectTypes=yes&xField=longitude&yField=latitude&crs=EPSG:4326&spatialIndex=no&subsetIndex=no&watchFile=no
"54810",Camassia leichtlinii ssp. suksdorfii,Camassia,leichtlinii,,suksdorfii,,native,S4,,48.900696850000003,-123.336124400000003,,NA,NA,"6425215",obs_native,file:///D:/Simon/Sync/Root/GIS/Biodiversity%20Data/obs_native.csv?type=csv&maxFields=10000&detectTypes=yes&xField=longitude&yField=latitude&crs=EPSG:4326&spatialIndex=no&subsetIndex=no&watchFile=no
"54910",Plectritis congesta ssp. congesta,Plectritis,congesta,,,,native,S5,,48.869626779999997,-123.343935000000002,,NA,NA,"6434806",obs_native,file:///D:/Simon/Sync/Root/GIS/Biodiversity%20Data/obs_native.csv?type=csv&maxFields=10000&detectTypes=yes&xField=longitude&yField=latitude&crs=EPSG:4326&spatialIndex=no&subsetIndex=no&watchFile=no
"55110",Festuca roemeri var. roemeri,Festuca,roemeri,,,,native,S4S5,,48.866338040000002,-123.334042999999994,,NA,NA,"6434811",obs_native,file:///D:/Simon/Sync/Root/GIS/Biodiversity%20Data/obs_native.csv?type=csv&maxFields=10000&detectTypes=yes&xField=longitude&yField=latitude&crs=EPSG:4326&spatialIndex=no&subsetIndex=no&watchFile=no
"55210",Eriophyllum lanatum var. leucophyllum,Eriophyllum,lanatum,,,leucophyllum,native,S5,,48.867523710000000,-123.339750800000004,,NA,NA,"6434831",obs_native,file:///D:/Simon/Sync/Root/GIS/Biodiversity%20Data/obs_native.csv?type=csv&maxFields=10000&detectTypes=yes&xField=longitude&yField=latitude&crs=EPSG:4326&spatialIndex=no&subsetIndex=no&watchFile=no
"55410",Juncus bufonius var. bufonius,Juncus,bufonius,,,,native,S5,,48.872026159999997,-123.311426600000004,,NA,NA,"6434848",obs_native,file:///D:/Simon/Sync/Root/GIS/Biodiversity%20Data/obs_native.csv?type=csv&maxFields=10000&detectTypes=yes&xField=longitude&yField=latitude&crs=EPSG:4326&spatialIndex=no&subsetIndex=no&watchFile=no
"55610",Plantago maritima,Plantago,maritima,,,,native,S5,,48.897734589999999,-123.406956199999996,,NA,NA,"6434861",obs_native,file:///D:/Simon/Sync/Root/GIS/Biodiversity%20Data/obs_native.csv?type=csv&maxFields=10000&detectTypes=yes&xField=longitude&yField=latitude&crs=EPSG:4326&spatialIndex=no&subsetIndex=no&watchFile=no
"55710",Ribes divaricatum var. divaricatum,Ribes,divaricatum,,,,native,S5,,48.897734589999999,-123.406956199999996,,NA,NA,"6434868",obs_native,file:///D:/Simon/Sync/Root/GIS/Biodiversity%20Data/obs_native.csv?type=csv&maxFields=10000&detectTypes=yes&xField=longitude&yField=latitude&crs=EPSG:4326&spatialIndex=no&subsetIndex=no&watchFile=no
"55810",Heuchera micrantha var. diversifolia,Heuchera,micrantha,,,diversifolia,native,S5,,48.897734589999999,-123.406956199999996,,NA,NA,"6434872",obs_native,file:///D:/Simon/Sync/Root/GIS/Biodiversity%20Data/obs_native.csv?type=csv&maxFields=10000&detectTypes=yes&xField=longitude&yField=latitude&crs=EPSG:4326&spatialIndex=no&subsetIndex=no&watchFile=no
"55910",Argentina anserina,Argentina,anserina,,,,native,S5,,48.897734589999999,-123.406956199999996,,NA,NA,"6434873",obs_native,file:///D:/Simon/Sync/Root/GIS/Biodiversity%20Data/obs_native.csv?type=csv&maxFields=10000&detectTypes=yes&xField=longitude&yField=latitude&crs=EPSG:4326&spatialIndex=no&subsetIndex=no&watchFile=no
"56010",Ranunculus occidentalis var. occidentalis,Ranunculus,occidentalis,,,,native,S5,,48.865083970000001,-123.378310499999998,,NA,NA,"6469823",obs_native,file:///D:/Simon/Sync/Root/GIS/Biodiversity%20Data/obs_native.csv?type=csv&maxFields=10000&detectTypes=yes&xField=longitude&yField=latitude&crs=EPSG:4326&spatialIndex=no&subsetIndex=no&watchFile=no
"56210",Cerastium arvense ssp. strictum,Cerastium,arvense,,strictum,,native,S5,,48.867485770000002,-123.382373099999995,,NA,NA,"6472749",obs_native,file:///D:/Simon/Sync/Root/GIS/Biodiversity%20Data/obs_native.csv?type=csv&maxFields=10000&detectTypes=yes&xField=longitude&yField=latitude&crs=EPSG:4326&spatialIndex=no&subsetIndex=no&watchFile=no
"56310",Camassia quamash ssp. quamash,Camassia,quamash,,,,native,S4,,48.867182960000001,-123.382825699999998,,NA,NA,"6473360",obs_native,file:///D:/Simon/Sync/Root/GIS/Biodiversity%20Data/obs_native.csv?type=csv&maxFields=10000&detectTypes=yes&xField=longitude&yField=latitude&crs=EPSG:4326&spatialIndex=no&subsetIndex=no&watchFile=no
"56410",Plectritis congesta ssp. congesta,Plectritis,congesta,,,,native,S5,,48.924171780000002,-123.413070000000005,,NA,NA,"6486217",obs_native,file:///D:/Simon/Sync/Root/GIS/Biodiversity%20Data/obs_native.csv?type=csv&maxFields=10000&detectTypes=yes&xField=longitude&yField=latitude&crs=EPSG:4326&spatialIndex=no&subsetIndex=no&watchFile=no
"56510",Amelanchier alnifolia,Amelanchier,alnifolia,,,,native,S5,,48.911297140000002,-123.379427000000007,,NA,NA,"6486442",obs_native,file:///D:/Simon/Sync/Root/GIS/Biodiversity%20Data/obs_native.csv?type=csv&maxFields=10000&detectTypes=yes&xField=longitude&yField=latitude&crs=EPSG:4326&spatialIndex=no&subsetIndex=no&watchFile=no
"56610",Rosa nutkana ssp. nutkana,Rosa,nutkana,,,,native,S5,,48.900449999999999,-123.440888999999999,,NA,NA,"6488782",obs_native,file:///D:/Simon/Sync/Root/GIS/Biodiversity%20Data/obs_native.csv?type=csv&maxFields=10000&detectTypes=yes&xField=longitude&yField=latitude&crs=EPSG:4326&spatialIndex=no&subsetIndex=no&watchFile=no
"56710",Quercus garryana var. garryana,Quercus,garryana,,,,native,S5,,48.900562999999998,-123.440803000000002,,NA,NA,"6489928",obs_native,file:///D:/Simon/Sync/Root/GIS/Biodiversity%20Data/obs_native.csv?type=csv&maxFields=10000&detectTypes=yes&xField=longitude&yField=latitude&crs=EPSG:4326&spatialIndex=no&subsetIndex=no&watchFile=no
"56810",Holodiscus discolor var. discolor,Holodiscus,discolor,,,,native,S5,,48.900393999999999,-123.440803000000002,,NA,NA,"6489929",obs_native,file:///D:/Simon/Sync/Root/GIS/Biodiversity%20Data/obs_native.csv?type=csv&maxFields=10000&detectTypes=yes&xField=longitude&yField=latitude&crs=EPSG:4326&spatialIndex=no&subsetIndex=no&watchFile=no
"56910",Holodiscus discolor var. discolor,Holodiscus,discolor,,,,native,S5,,48.901550999999998,-123.445179999999993,,NA,NA,"6489930",obs_native,file:///D:/Simon/Sync/Root/GIS/Biodiversity%20Data/obs_native.csv?type=csv&maxFields=10000&detectTypes=yes&xField=longitude&yField=latitude&crs=EPSG:4326&spatialIndex=no&subsetIndex=no&watchFile=no
"57010",Pseudotsuga menziesii var. menziesii,Pseudotsuga,menziesii,,,,native,S5,,48.900592000000003,-123.441059999999993,,NA,NA,"6489931",obs_native,file:///D:/Simon/Sync/Root/GIS/Biodiversity%20Data/obs_native.csv?type=csv&maxFields=10000&detectTypes=yes&xField=longitude&yField=latitude&crs=EPSG:4326&spatialIndex=no&subsetIndex=no&watchFile=no
"57110",Holodiscus discolor var. discolor,Holodiscus,discolor,,,,native,S5,,48.900534999999998,-123.441146000000003,,NA,NA,"6504952",obs_native,file:///D:/Simon/Sync/Root/GIS/Biodiversity%20Data/obs_native.csv?type=csv&maxFields=10000&detectTypes=yes&xField=longitude&yField=latitude&crs=EPSG:4326&spatialIndex=no&subsetIndex=no&watchFile=no
"57210",Holodiscus discolor var. discolor,Holodiscus,discolor,,,,native,S5,,48.900620000000004,-123.441059999999993,,NA,NA,"6504963",obs_native,file:///D:/Simon/Sync/Root/GIS/Biodiversity%20Data/obs_native.csv?type=csv&maxFields=10000&detectTypes=yes&xField=longitude&yField=latitude&crs=EPSG:4326&spatialIndex=no&subsetIndex=no&watchFile=no
"57310",Pseudotsuga menziesii var. menziesii,Pseudotsuga,menziesii,,,,native,S5,,48.900506999999998,-123.441146000000003,,NA,NA,"6504964",obs_native,file:///D:/Simon/Sync/Root/GIS/Biodiversity%20Data/obs_native.csv?type=csv&maxFields=10000&detectTypes=yes&xField=longitude&yField=latitude&crs=EPSG:4326&spatialIndex=no&subsetIndex=no&watchFile=no
"57410",Pseudotsuga menziesii var. menziesii,Pseudotsuga,menziesii,,,,native,S5,,48.900633999999997,-123.441146000000003,,NA,NA,"6504973",obs_native,file:///D:/Simon/Sync/Root/GIS/Biodiversity%20Data/obs_native.csv?type=csv&maxFields=10000&detectTypes=yes&xField=longitude&yField=latitude&crs=EPSG:4326&spatialIndex=no&subsetIndex=no&watchFile=no
"57510",Pseudotsuga menziesii var. menziesii,Pseudotsuga,menziesii,,,,native,S5,,48.901550999999998,-123.445179999999993,,NA,NA,"6505007",obs_native,file:///D:/Simon/Sync/Root/GIS/Biodiversity%20Data/obs_native.csv?type=csv&maxFields=10000&detectTypes=yes&xField=longitude&yField=latitude&crs=EPSG:4326&spatialIndex=no&subsetIndex=no&watchFile=no
"57610",Prunus emarginata var. emarginata,Prunus,emarginata,,,,native,S5,,48.900478999999997,-123.441361000000001,,NA,NA,"6505021",obs_native,file:///D:/Simon/Sync/Root/GIS/Biodiversity%20Data/obs_native.csv?type=csv&maxFields=10000&detectTypes=yes&xField=longitude&yField=latitude&crs=EPSG:4326&spatialIndex=no&subsetIndex=no&watchFile=no
"57710",Plectritis congesta ssp. congesta,Plectritis,congesta,,,,native,S5,,48.901550999999998,-123.445179999999993,,NA,NA,"6505054",obs_native,file:///D:/Simon/Sync/Root/GIS/Biodiversity%20Data/obs_native.csv?type=csv&maxFields=10000&detectTypes=yes&xField=longitude&yField=latitude&crs=EPSG:4326&spatialIndex=no&subsetIndex=no&watchFile=no
"57810",Heuchera micrantha var. diversifolia,Heuchera,micrantha,,,diversifolia,native,S5,,48.901550999999998,-123.445179999999993,,NA,NA,"6505055",obs_native,file:///D:/Simon/Sync/Root/GIS/Biodiversity%20Data/obs_native.csv?type=csv&maxFields=10000&detectTypes=yes&xField=longitude&yField=latitude&crs=EPSG:4326&spatialIndex=no&subsetIndex=no&watchFile=no
"57910",Holodiscus discolor var. discolor,Holodiscus,discolor,,,,native,S5,,48.901550999999998,-123.445179999999993,,NA,NA,"6505056",obs_native,file:///D:/Simon/Sync/Root/GIS/Biodiversity%20Data/obs_native.csv?type=csv&maxFields=10000&detectTypes=yes&xField=longitude&yField=latitude&crs=EPSG:4326&spatialIndex=no&subsetIndex=no&watchFile=no
"58010",Rubus spectabilis,Rubus,spectabilis,,,,native,S5,,48.866500000000002,-123.350668999999996,,NA,NA,"6531967",obs_native,file:///D:/Simon/Sync/Root/GIS/Biodiversity%20Data/obs_native.csv?type=csv&maxFields=10000&detectTypes=yes&xField=longitude&yField=latitude&crs=EPSG:4326&spatialIndex=no&subsetIndex=no&watchFile=no
"58110",Erythranthe cf guttata,Erythranthe,guttata,,,,native,S5,,48.980136010000002,-123.537486599999994,,NA,NA,"6570148",obs_native,file:///D:/Simon/Sync/Root/GIS/Biodiversity%20Data/obs_native.csv?type=csv&maxFields=10000&detectTypes=yes&xField=longitude&yField=latitude&crs=EPSG:4326&spatialIndex=no&subsetIndex=no&watchFile=no
"58210",Corallorhiza maculata var. occidentalis,Corallorhiza,maculata,,,occidentalis,native,S5,,48.997292450000003,-123.567699300000001,,NA,NA,"6570533",obs_native,file:///D:/Simon/Sync/Root/GIS/Biodiversity%20Data/obs_native.csv?type=csv&maxFields=10000&detectTypes=yes&xField=longitude&yField=latitude&crs=EPSG:4326&spatialIndex=no&subsetIndex=no&watchFile=no
"58310",Camassia quamash ssp. quamash,Camassia,quamash,,,,native,S4,,48.997225139999998,-123.567051899999996,,NA,NA,"6570845",obs_native,file:///D:/Simon/Sync/Root/GIS/Biodiversity%20Data/obs_native.csv?type=csv&maxFields=10000&detectTypes=yes&xField=longitude&yField=latitude&crs=EPSG:4326&spatialIndex=no&subsetIndex=no&watchFile=no
"58410",Tiarella trifoliata var. trifoliata,Tiarella,trifoliata,,,,native,S5,,48.868479999999998,-123.347703300000006,,NA,NA,"6581219",obs_native,file:///D:/Simon/Sync/Root/GIS/Biodiversity%20Data/obs_native.csv?type=csv&maxFields=10000&detectTypes=yes&xField=longitude&yField=latitude&crs=EPSG:4326&spatialIndex=no&subsetIndex=no&watchFile=no
"58610",Erythranthe cf guttata,Erythranthe,guttata,,,,native,S5,,48.911134740000001,-123.378408800000003,,NA,NA,"6602031",obs_native,file:///D:/Simon/Sync/Root/GIS/Biodiversity%20Data/obs_native.csv?type=csv&maxFields=10000&detectTypes=yes&xField=longitude&yField=latitude&crs=EPSG:4326&spatialIndex=no&subsetIndex=no&watchFile=no
"58710",Cerastium arvense ssp. strictum,Cerastium,arvense,,strictum,,native,S5,,48.956205449999999,-123.528385200000002,,NA,NA,"6610508",obs_native,file:///D:/Simon/Sync/Root/GIS/Biodiversity%20Data/obs_native.csv?type=csv&maxFields=10000&detectTypes=yes&xField=longitude&yField=latitude&crs=EPSG:4326&spatialIndex=no&subsetIndex=no&watchFile=no
"58910",Corallorhiza maculata var. occidentalis,Corallorhiza,maculata,,,occidentalis,native,S5,,48.996486210000000,-123.566837300000003,,NA,NA,"6611330",obs_native,file:///D:/Simon/Sync/Root/GIS/Biodiversity%20Data/obs_native.csv?type=csv&maxFields=10000&detectTypes=yes&xField=longitude&yField=latitude&crs=EPSG:4326&spatialIndex=no&subsetIndex=no&watchFile=no
"59010",Corallorhiza maculata var. occidentalis,Corallorhiza,maculata,,,occidentalis,native,S5,,48.997097500000002,-123.567438100000004,,NA,NA,"6611332",obs_native,file:///D:/Simon/Sync/Root/GIS/Biodiversity%20Data/obs_native.csv?type=csv&maxFields=10000&detectTypes=yes&xField=longitude&yField=latitude&crs=EPSG:4326&spatialIndex=no&subsetIndex=no&watchFile=no
"59110",Pteridium aquilinum ssp. pubescens,Pteridium,aquilinum,,pubescens,,native,S5,,48.972434340000000,-123.554649400000002,,NA,NA,"6611345",obs_native,file:///D:/Simon/Sync/Root/GIS/Biodiversity%20Data/obs_native.csv?type=csv&maxFields=10000&detectTypes=yes&xField=longitude&yField=latitude&crs=EPSG:4326&spatialIndex=no&subsetIndex=no&watchFile=no
"59310",Tiarella trifoliata var. trifoliata,Tiarella,trifoliata,,,,native,S5,,48.972208979999998,-123.553791000000004,,NA,NA,"6611367",obs_native,file:///D:/Simon/Sync/Root/GIS/Biodiversity%20Data/obs_native.csv?type=csv&maxFields=10000&detectTypes=yes&xField=longitude&yField=latitude&crs=EPSG:4326&spatialIndex=no&subsetIndex=no&watchFile=no
"59410",Sanicula crassicaulis var. crassicaulis,Sanicula,crassicaulis,,,,native,S5,,48.972184470000002,-123.553104399999995,,NA,NA,"6611371",obs_native,file:///D:/Simon/Sync/Root/GIS/Biodiversity%20Data/obs_native.csv?type=csv&maxFields=10000&detectTypes=yes&xField=longitude&yField=latitude&crs=EPSG:4326&spatialIndex=no&subsetIndex=no&watchFile=no
"59510",Corallorhiza maculata var. occidentalis,Corallorhiza,maculata,,,occidentalis,native,S5,,48.869005999999999,-123.356551999999994,,NA,NA,"6646309",obs_native,file:///D:/Simon/Sync/Root/GIS/Biodiversity%20Data/obs_native.csv?type=csv&maxFields=10000&detectTypes=yes&xField=longitude&yField=latitude&crs=EPSG:4326&spatialIndex=no&subsetIndex=no&watchFile=no
"59610",Plectritis congesta ssp. congesta,Plectritis,congesta,,,,native,S5,,48.869005999999999,-123.356551999999994,,NA,NA,"6646496",obs_native,file:///D:/Simon/Sync/Root/GIS/Biodiversity%20Data/obs_native.csv?type=csv&maxFields=10000&detectTypes=yes&xField=longitude&yField=latitude&crs=EPSG:4326&spatialIndex=no&subsetIndex=no&watchFile=no
"59710",Festuca roemeri var. roemeri,Festuca,roemeri,,,,native,S4S5,,48.863450999999998,-123.361981000000000,,NA,NA,"6646892",obs_native,file:///D:/Simon/Sync/Root/GIS/Biodiversity%20Data/obs_native.csv?type=csv&maxFields=10000&detectTypes=yes&xField=longitude&yField=latitude&crs=EPSG:4326&spatialIndex=no&subsetIndex=no&watchFile=no
"59810",Elymus glaucus ssp. glaucus,Elymus,glaucus,,,,native,S5,,48.868237000000001,-123.377365999999995,,NA,NA,"6665101",obs_native,file:///D:/Simon/Sync/Root/GIS/Biodiversity%20Data/obs_native.csv?type=csv&maxFields=10000&detectTypes=yes&xField=longitude&yField=latitude&crs=EPSG:4326&spatialIndex=no&subsetIndex=no&watchFile=no
"59910",Eriophyllum lanatum var. leucophyllum,Eriophyllum,lanatum,,,leucophyllum,native,S5,,48.868237000000001,-123.377365999999995,,NA,NA,"6665105",obs_native,file:///D:/Simon/Sync/Root/GIS/Biodiversity%20Data/obs_native.csv?type=csv&maxFields=10000&detectTypes=yes&xField=longitude&yField=latitude&crs=EPSG:4326&spatialIndex=no&subsetIndex=no&watchFile=no
"60010",Eriophyllum lanatum var. leucophyllum,Eriophyllum,lanatum,,,leucophyllum,native,S5,,48.868293000000001,-123.379554999999996,,NA,NA,"6665282",obs_native,file:///D:/Simon/Sync/Root/GIS/Biodiversity%20Data/obs_native.csv?type=csv&maxFields=10000&detectTypes=yes&xField=longitude&yField=latitude&crs=EPSG:4326&spatialIndex=no&subsetIndex=no&watchFile=no
"60110",Sedum lanceolatum var. nesioticum,Sedum,lanceolatum,,,nesioticum,native,S3S4,,48.867756999999997,-123.378202999999999,,NA,NA,"6665286",obs_native,file:///D:/Simon/Sync/Root/GIS/Biodiversity%20Data/obs_native.csv?type=csv&maxFields=10000&detectTypes=yes&xField=longitude&yField=latitude&crs=EPSG:4326&spatialIndex=no&subsetIndex=no&watchFile=no
"60210",Pseudotsuga menziesii var. menziesii,Pseudotsuga,menziesii,,,,native,S5,,48.876598770000001,-123.383266899999995,,NA,NA,"6714895",obs_native,file:///D:/Simon/Sync/Root/GIS/Biodiversity%20Data/obs_native.csv?type=csv&maxFields=10000&detectTypes=yes&xField=longitude&yField=latitude&crs=EPSG:4326&spatialIndex=no&subsetIndex=no&watchFile=no
"60310",Fragaria vesca ssp. bracteata,Fragaria,vesca,,bracteata,,native,S5,,48.876598770000001,-123.383266899999995,,NA,NA,"6714903",obs_native,file:///D:/Simon/Sync/Root/GIS/Biodiversity%20Data/obs_native.csv?type=csv&maxFields=10000&detectTypes=yes&xField=longitude&yField=latitude&crs=EPSG:4326&spatialIndex=no&subsetIndex=no&watchFile=no
"60410",Holodiscus discolor var. discolor,Holodiscus,discolor,,,,native,S5,,48.876662269999997,-123.382376399999998,,NA,NA,"6714912",obs_native,file:///D:/Simon/Sync/Root/GIS/Biodiversity%20Data/obs_native.csv?type=csv&maxFields=10000&detectTypes=yes&xField=longitude&yField=latitude&crs=EPSG:4326&spatialIndex=no&subsetIndex=no&watchFile=no
"60510",Pteridium aquilinum ssp. pubescens,Pteridium,aquilinum,,pubescens,,native,S5,,48.876690500000002,-123.382558799999998,,NA,NA,"6714913",obs_native,file:///D:/Simon/Sync/Root/GIS/Biodiversity%20Data/obs_native.csv?type=csv&maxFields=10000&detectTypes=yes&xField=longitude&yField=latitude&crs=EPSG:4326&spatialIndex=no&subsetIndex=no&watchFile=no
"60610",Prunus emarginata var. emarginata,Prunus,emarginata,,,,native,S5,,48.876690500000002,-123.382558799999998,,NA,NA,"6714916",obs_native,file:///D:/Simon/Sync/Root/GIS/Biodiversity%20Data/obs_native.csv?type=csv&maxFields=10000&detectTypes=yes&xField=longitude&yField=latitude&crs=EPSG:4326&spatialIndex=no&subsetIndex=no&watchFile=no
"60710",Pseudotsuga menziesii var. menziesii,Pseudotsuga,menziesii,,,,native,S5,,48.877015080000000,-123.380649099999999,,NA,NA,"6714933",obs_native,file:///D:/Simon/Sync/Root/GIS/Biodiversity%20Data/obs_native.csv?type=csv&maxFields=10000&detectTypes=yes&xField=longitude&yField=latitude&crs=EPSG:4326&spatialIndex=no&subsetIndex=no&watchFile=no
"60910",Linnaea borealis ssp. longiflora,Linnaea,borealis,,longiflora,,native,S5,,48.928116670000001,-123.467780000000005,,NA,NA,"6783430",obs_native,file:///D:/Simon/Sync/Root/GIS/Biodiversity%20Data/obs_native.csv?type=csv&maxFields=10000&detectTypes=yes&xField=longitude&yField=latitude&crs=EPSG:4326&spatialIndex=no&subsetIndex=no&watchFile=no
"61010",Elymus glaucus ssp. glaucus,Elymus,glaucus,,,,native,S5,,48.874552000000001,-123.383330999999998,,NA,NA,"6817403",obs_native,file:///D:/Simon/Sync/Root/GIS/Biodiversity%20Data/obs_native.csv?type=csv&maxFields=10000&detectTypes=yes&xField=longitude&yField=latitude&crs=EPSG:4326&spatialIndex=no&subsetIndex=no&watchFile=no
"61110",Cerastium arvense ssp. strictum,Cerastium,arvense,,strictum,,native,S5,,48.875377999999998,-123.384533000000005,,NA,NA,"6817668",obs_native,file:///D:/Simon/Sync/Root/GIS/Biodiversity%20Data/obs_native.csv?type=csv&maxFields=10000&detectTypes=yes&xField=longitude&yField=latitude&crs=EPSG:4326&spatialIndex=no&subsetIndex=no&watchFile=no
"61210",Pseudotsuga menziesii var. menziesii,Pseudotsuga,menziesii,,,,native,S5,,48.876097999999999,-123.386035000000007,,NA,NA,"6817889",obs_native,file:///D:/Simon/Sync/Root/GIS/Biodiversity%20Data/obs_native.csv?type=csv&maxFields=10000&detectTypes=yes&xField=longitude&yField=latitude&crs=EPSG:4326&spatialIndex=no&subsetIndex=no&watchFile=no
"61310",Symphoricarpos mollis,Symphoricarpos,mollis,,,,native,S5,,48.875250999999999,-123.385756000000001,,NA,NA,"6817993",obs_native,file:///D:/Simon/Sync/Root/GIS/Biodiversity%20Data/obs_native.csv?type=csv&maxFields=10000&detectTypes=yes&xField=longitude&yField=latitude&crs=EPSG:4326&spatialIndex=no&subsetIndex=no&watchFile=no
"61410",Plectritis congesta ssp. congesta,Plectritis,congesta,,,,native,S5,,48.875250999999999,-123.385756000000001,,NA,NA,"6818010",obs_native,file:///D:/Simon/Sync/Root/GIS/Biodiversity%20Data/obs_native.csv?type=csv&maxFields=10000&detectTypes=yes&xField=longitude&yField=latitude&crs=EPSG:4326&spatialIndex=no&subsetIndex=no&watchFile=no
"61510",Holodiscus discolor var. discolor,Holodiscus,discolor,,,,native,S5,,48.876768120000001,-123.379533300000006,,NA,NA,"7280583",obs_native,file:///D:/Simon/Sync/Root/GIS/Biodiversity%20Data/obs_native.csv?type=csv&maxFields=10000&detectTypes=yes&xField=longitude&yField=latitude&crs=EPSG:4326&spatialIndex=no&subsetIndex=no&watchFile=no
"61610",Quercus garryana var. garryana,Quercus,garryana,,,,native,S5,,48.990841320000001,-123.579673400000004,,NA,NA,"7312962",obs_native,file:///D:/Simon/Sync/Root/GIS/Biodiversity%20Data/obs_native.csv?type=csv&maxFields=10000&detectTypes=yes&xField=longitude&yField=latitude&crs=EPSG:4326&spatialIndex=no&subsetIndex=no&watchFile=no
"61710",Plectritis congesta ssp. congesta,Plectritis,congesta,,,,native,S5,,48.868958329999998,-123.345986699999997,,NA,NA,"7549634",obs_native,file:///D:/Simon/Sync/Root/GIS/Biodiversity%20Data/obs_native.csv?type=csv&maxFields=10000&detectTypes=yes&xField=longitude&yField=latitude&crs=EPSG:4326&spatialIndex=no&subsetIndex=no&watchFile=no
"61810",Holodiscus discolor var. discolor,Holodiscus,discolor,,,,native,S5,,48.888182030000003,-123.351963499999997,,NA,NA,"7606415",obs_native,file:///D:/Simon/Sync/Root/GIS/Biodiversity%20Data/obs_native.csv?type=csv&maxFields=10000&detectTypes=yes&xField=longitude&yField=latitude&crs=EPSG:4326&spatialIndex=no&subsetIndex=no&watchFile=no
"61910",Pseudotsuga menziesii var. menziesii,Pseudotsuga,menziesii,,,,native,S5,,48.887534950000003,-123.351898899999995,,NA,NA,"7607423",obs_native,file:///D:/Simon/Sync/Root/GIS/Biodiversity%20Data/obs_native.csv?type=csv&maxFields=10000&detectTypes=yes&xField=longitude&yField=latitude&crs=EPSG:4326&spatialIndex=no&subsetIndex=no&watchFile=no
"62010",Brodiaea coronaria,Brodiaea,coronaria,,,,native,S5,,48.870782259999999,-123.318100000000001,,NA,NA,"7641848",obs_native,file:///D:/Simon/Sync/Root/GIS/Biodiversity%20Data/obs_native.csv?type=csv&maxFields=10000&detectTypes=yes&xField=longitude&yField=latitude&crs=EPSG:4326&spatialIndex=no&subsetIndex=no&watchFile=no
"62310",Sambucus racemosa var. arborescens,Sambucus,racemosa,,,arborescens,native,S5,,48.898341000000002,-123.343038000000007,,NA,NA,"8097325",obs_native,file:///D:/Simon/Sync/Root/GIS/Biodiversity%20Data/obs_native.csv?type=csv&maxFields=10000&detectTypes=yes&xField=longitude&yField=latitude&crs=EPSG:4326&spatialIndex=no&subsetIndex=no&watchFile=no
"62410",Pseudotsuga menziesii var. menziesii,Pseudotsuga,menziesii,,,,native,S5,,48.898341000000002,-123.343038000000007,,NA,NA,"8097439",obs_native,file:///D:/Simon/Sync/Root/GIS/Biodiversity%20Data/obs_native.csv?type=csv&maxFields=10000&detectTypes=yes&xField=longitude&yField=latitude&crs=EPSG:4326&spatialIndex=no&subsetIndex=no&watchFile=no
"62510",Quercus garryana var. garryana,Quercus,garryana,,,,native,S5,,48.894536670000001,-123.407425000000003,,NA,NA,"8296386",obs_native,file:///D:/Simon/Sync/Root/GIS/Biodiversity%20Data/obs_native.csv?type=csv&maxFields=10000&detectTypes=yes&xField=longitude&yField=latitude&crs=EPSG:4326&spatialIndex=no&subsetIndex=no&watchFile=no
"62610",Quercus garryana var. garryana,Quercus,garryana,,,,native,S5,,48.869050000000001,-123.378855999999999,,NA,NA,"8594062",obs_native,file:///D:/Simon/Sync/Root/GIS/Biodiversity%20Data/obs_native.csv?type=csv&maxFields=10000&detectTypes=yes&xField=longitude&yField=latitude&crs=EPSG:4326&spatialIndex=no&subsetIndex=no&watchFile=no
"62710",Cerastium arvense ssp. strictum,Cerastium,arvense,,strictum,,native,S5,,48.869050000000001,-123.378855999999999,,NA,NA,"8594176",obs_native,file:///D:/Simon/Sync/Root/GIS/Biodiversity%20Data/obs_native.csv?type=csv&maxFields=10000&detectTypes=yes&xField=longitude&yField=latitude&crs=EPSG:4326&spatialIndex=no&subsetIndex=no&watchFile=no
"62810",Spergularia macrotheca var. macrotheca,Spergularia,macrotheca,,,,native,S4?,,48.867841290000001,-123.386920099999998,,NA,NA,"8816633",obs_native,file:///D:/Simon/Sync/Root/GIS/Biodiversity%20Data/obs_native.csv?type=csv&maxFields=10000&detectTypes=yes&xField=longitude&yField=latitude&crs=EPSG:4326&spatialIndex=no&subsetIndex=no&watchFile=no
"62910",Rumex transitorius,Rumex,transitorius,,,,native,S5 (2019),,48.901838329999997,-123.415549999999996,,NA,NA,"8828259",obs_native,file:///D:/Simon/Sync/Root/GIS/Biodiversity%20Data/obs_native.csv?type=csv&maxFields=10000&detectTypes=yes&xField=longitude&yField=latitude&crs=EPSG:4326&spatialIndex=no&subsetIndex=no&watchFile=no
"63010",Sarcocornia perennis,Sarcocornia,perennis,,,,native,S5,,48.897222220000003,-123.404722199999995,,NA,NA,"8848718",obs_native,file:///D:/Simon/Sync/Root/GIS/Biodiversity%20Data/obs_native.csv?type=csv&maxFields=10000&detectTypes=yes&xField=longitude&yField=latitude&crs=EPSG:4326&spatialIndex=no&subsetIndex=no&watchFile=no
"63110",Prunus emarginata var. emarginata,Prunus,emarginata,,,,native,S5,,48.896388889999997,-123.406944400000000,,NA,NA,"8848889",obs_native,file:///D:/Simon/Sync/Root/GIS/Biodiversity%20Data/obs_native.csv?type=csv&maxFields=10000&detectTypes=yes&xField=longitude&yField=latitude&crs=EPSG:4326&spatialIndex=no&subsetIndex=no&watchFile=no
"63210",Plantago maritima,Plantago,maritima,,,,native,S5,,48.873621669999999,-123.386605000000003,,NA,NA,"8848989",obs_native,file:///D:/Simon/Sync/Root/GIS/Biodiversity%20Data/obs_native.csv?type=csv&maxFields=10000&detectTypes=yes&xField=longitude&yField=latitude&crs=EPSG:4326&spatialIndex=no&subsetIndex=no&watchFile=no
"63310",Quercus garryana var. garryana,Quercus,garryana,,,,native,S5,,48.871962000000003,-123.310832000000005,,NA,NA,"9328888",obs_native,file:///D:/Simon/Sync/Root/GIS/Biodiversity%20Data/obs_native.csv?type=csv&maxFields=10000&detectTypes=yes&xField=longitude&yField=latitude&crs=EPSG:4326&spatialIndex=no&subsetIndex=no&watchFile=no
"63410",Sanicula crassicaulis var. crassicaulis,Sanicula,crassicaulis,,,,native,S5,,48.867607000000000,-123.376234999999994,,NA,NA,"9843093",obs_native,file:///D:/Simon/Sync/Root/GIS/Biodiversity%20Data/obs_native.csv?type=csv&maxFields=10000&detectTypes=yes&xField=longitude&yField=latitude&crs=EPSG:4326&spatialIndex=no&subsetIndex=no&watchFile=no
"63510",Quercus garryana var. garryana,Quercus,garryana,,,,native,S5,,48.862170999999996,-123.372600000000006,,NA,NA,"10081922",obs_native,file:///D:/Simon/Sync/Root/GIS/Biodiversity%20Data/obs_native.csv?type=csv&maxFields=10000&detectTypes=yes&xField=longitude&yField=latitude&crs=EPSG:4326&spatialIndex=no&subsetIndex=no&watchFile=no
"63610",Pentagramma triangularis ssp. triangularis,Pentagramma,triangularis,,,,native,S5,,48.956014000000003,-123.528022000000007,,NA,NA,"10306045",obs_native,file:///D:/Simon/Sync/Root/GIS/Biodiversity%20Data/obs_native.csv?type=csv&maxFields=10000&detectTypes=yes&xField=longitude&yField=latitude&crs=EPSG:4326&spatialIndex=no&subsetIndex=no&watchFile=no
"63710",Pseudotsuga menziesii var. menziesii,Pseudotsuga,menziesii,,,,native,S5,,48.956614999999999,-123.529281999999995,,NA,NA,"10306166",obs_native,file:///D:/Simon/Sync/Root/GIS/Biodiversity%20Data/obs_native.csv?type=csv&maxFields=10000&detectTypes=yes&xField=longitude&yField=latitude&crs=EPSG:4326&spatialIndex=no&subsetIndex=no&watchFile=no
"63810",Plectritis congesta ssp. congesta,Plectritis,congesta,,,,native,S5,,48.956930999999997,-123.529899000000000,,NA,NA,"10306593",obs_native,file:///D:/Simon/Sync/Root/GIS/Biodiversity%20Data/obs_native.csv?type=csv&maxFields=10000&detectTypes=yes&xField=longitude&yField=latitude&crs=EPSG:4326&spatialIndex=no&subsetIndex=no&watchFile=no
"63910",Holodiscus discolor var. discolor,Holodiscus,discolor,,,,native,S5,,48.952126000000000,-123.519469999999998,,NA,NA,"10306784",obs_native,file:///D:/Simon/Sync/Root/GIS/Biodiversity%20Data/obs_native.csv?type=csv&maxFields=10000&detectTypes=yes&xField=longitude&yField=latitude&crs=EPSG:4326&spatialIndex=no&subsetIndex=no&watchFile=no
"64110",Plectritis congesta ssp. congesta,Plectritis,congesta,,,,native,S5,,48.862028000000002,-123.320685999999995,,NA,NA,"10577847",obs_native,file:///D:/Simon/Sync/Root/GIS/Biodiversity%20Data/obs_native.csv?type=csv&maxFields=10000&detectTypes=yes&xField=longitude&yField=latitude&crs=EPSG:4326&spatialIndex=no&subsetIndex=no&watchFile=no
"64210",Camassia quamash ssp. quamash,Camassia,quamash,,,,native,S4,,48.862012999999997,-123.320679999999996,,NA,NA,"10578663",obs_native,file:///D:/Simon/Sync/Root/GIS/Biodiversity%20Data/obs_native.csv?type=csv&maxFields=10000&detectTypes=yes&xField=longitude&yField=latitude&crs=EPSG:4326&spatialIndex=no&subsetIndex=no&watchFile=no
"64410",Prunus emarginata var. emarginata,Prunus,emarginata,,,,native,S5,,48.995044440000001,-123.579650000000001,,NA,NA,"10665780",obs_native,file:///D:/Simon/Sync/Root/GIS/Biodiversity%20Data/obs_native.csv?type=csv&maxFields=10000&detectTypes=yes&xField=longitude&yField=latitude&crs=EPSG:4326&spatialIndex=no&subsetIndex=no&watchFile=no
"64510",Quercus garryana var. garryana,Quercus,garryana,,,,native,S5,,48.901313889999997,-123.446952800000005,,NA,NA,"10665781",obs_native,file:///D:/Simon/Sync/Root/GIS/Biodiversity%20Data/obs_native.csv?type=csv&maxFields=10000&detectTypes=yes&xField=longitude&yField=latitude&crs=EPSG:4326&spatialIndex=no&subsetIndex=no&watchFile=no
"64710",Sanicula crassicaulis var. crassicaulis,Sanicula,crassicaulis,,,,native,S5,,48.871797219999998,-123.310730599999999,,NA,NA,"10713783",obs_native,file:///D:/Simon/Sync/Root/GIS/Biodiversity%20Data/obs_native.csv?type=csv&maxFields=10000&detectTypes=yes&xField=longitude&yField=latitude&crs=EPSG:4326&spatialIndex=no&subsetIndex=no&watchFile=no
"64810",Ranunculus occidentalis var. occidentalis,Ranunculus,occidentalis,,,,native,S5,,48.871613889999999,-123.310769399999998,,NA,NA,"10715164",obs_native,file:///D:/Simon/Sync/Root/GIS/Biodiversity%20Data/obs_native.csv?type=csv&maxFields=10000&detectTypes=yes&xField=longitude&yField=latitude&crs=EPSG:4326&spatialIndex=no&subsetIndex=no&watchFile=no
"64910",Castilleja hispida,Castilleja,hispida,,,,native,S5,,48.974905020000001,-123.551190399999996,,NA,NA,"10825578",obs_native,file:///D:/Simon/Sync/Root/GIS/Biodiversity%20Data/obs_native.csv?type=csv&maxFields=10000&detectTypes=yes&xField=longitude&yField=latitude&crs=EPSG:4326&spatialIndex=no&subsetIndex=no&watchFile=no
"65010",Sanicula crassicaulis var. crassicaulis,Sanicula,crassicaulis,,,,native,S5,,48.977973249999998,-123.557843700000006,,NA,NA,"10825612",obs_native,file:///D:/Simon/Sync/Root/GIS/Biodiversity%20Data/obs_native.csv?type=csv&maxFields=10000&detectTypes=yes&xField=longitude&yField=latitude&crs=EPSG:4326&spatialIndex=no&subsetIndex=no&watchFile=no
"65110",Rosa nutkana ssp. nutkana,Rosa,nutkana,,,,native,S5,,48.891109890000003,-123.363174400000005,,NA,NA,"10826282",obs_native,file:///D:/Simon/Sync/Root/GIS/Biodiversity%20Data/obs_native.csv?type=csv&maxFields=10000&detectTypes=yes&xField=longitude&yField=latitude&crs=EPSG:4326&spatialIndex=no&subsetIndex=no&watchFile=no
"65210",Plectritis congesta ssp. congesta,Plectritis,congesta,,,,native,S5,,48.899566669999999,-123.407499999999999,,NA,NA,"10863981",obs_native,file:///D:/Simon/Sync/Root/GIS/Biodiversity%20Data/obs_native.csv?type=csv&maxFields=10000&detectTypes=yes&xField=longitude&yField=latitude&crs=EPSG:4326&spatialIndex=no&subsetIndex=no&watchFile=no
"65310",Ranunculus occidentalis var. occidentalis,Ranunculus,occidentalis,,,,native,S5,,48.866681000000000,-123.334849000000006,,NA,NA,"10887618",obs_native,file:///D:/Simon/Sync/Root/GIS/Biodiversity%20Data/obs_native.csv?type=csv&maxFields=10000&detectTypes=yes&xField=longitude&yField=latitude&crs=EPSG:4326&spatialIndex=no&subsetIndex=no&watchFile=no
"65610",Sanicula crassicaulis var. crassicaulis,Sanicula,crassicaulis,,,,native,S5,,48.869706999999998,-123.319400999999999,,NA,NA,"10998737",obs_native,file:///D:/Simon/Sync/Root/GIS/Biodiversity%20Data/obs_native.csv?type=csv&maxFields=10000&detectTypes=yes&xField=longitude&yField=latitude&crs=EPSG:4326&spatialIndex=no&subsetIndex=no&watchFile=no
"65710",Sanicula crassicaulis var. crassicaulis,Sanicula,crassicaulis,,,,native,S5,,48.869664999999998,-123.320363000000000,,NA,NA,"10998793",obs_native,file:///D:/Simon/Sync/Root/GIS/Biodiversity%20Data/obs_native.csv?type=csv&maxFields=10000&detectTypes=yes&xField=longitude&yField=latitude&crs=EPSG:4326&spatialIndex=no&subsetIndex=no&watchFile=no
"65910",Cerastium arvense ssp. strictum,Cerastium,arvense,,strictum,,native,S5,,48.867280559999998,-123.338280600000004,,NA,NA,"11084430",obs_native,file:///D:/Simon/Sync/Root/GIS/Biodiversity%20Data/obs_native.csv?type=csv&maxFields=10000&detectTypes=yes&xField=longitude&yField=latitude&crs=EPSG:4326&spatialIndex=no&subsetIndex=no&watchFile=no
"66110",Plectritis congesta ssp. congesta,Plectritis,congesta,,,,native,S5,,48.939942000000002,-123.504261999999997,,NA,NA,"11250664",obs_native,file:///D:/Simon/Sync/Root/GIS/Biodiversity%20Data/obs_native.csv?type=csv&maxFields=10000&detectTypes=yes&xField=longitude&yField=latitude&crs=EPSG:4326&spatialIndex=no&subsetIndex=no&watchFile=no
"66210",Cerastium arvense ssp. strictum,Cerastium,arvense,,strictum,,native,S5,,48.939942000000002,-123.504261999999997,,NA,NA,"11250722",obs_native,file:///D:/Simon/Sync/Root/GIS/Biodiversity%20Data/obs_native.csv?type=csv&maxFields=10000&detectTypes=yes&xField=longitude&yField=latitude&crs=EPSG:4326&spatialIndex=no&subsetIndex=no&watchFile=no
"66310",Sanicula crassicaulis var. crassicaulis,Sanicula,crassicaulis,,,,native,S5,,48.939942000000002,-123.504261999999997,,NA,NA,"11250821",obs_native,file:///D:/Simon/Sync/Root/GIS/Biodiversity%20Data/obs_native.csv?type=csv&maxFields=10000&detectTypes=yes&xField=longitude&yField=latitude&crs=EPSG:4326&spatialIndex=no&subsetIndex=no&watchFile=no
"66410",Ranunculus occidentalis var. occidentalis,Ranunculus,occidentalis,,,,native,S5,,48.868318000000002,-123.377646999999996,,NA,NA,"11252843",obs_native,file:///D:/Simon/Sync/Root/GIS/Biodiversity%20Data/obs_native.csv?type=csv&maxFields=10000&detectTypes=yes&xField=longitude&yField=latitude&crs=EPSG:4326&spatialIndex=no&subsetIndex=no&watchFile=no
"66510",Fragaria vesca ssp. bracteata,Fragaria,vesca,,bracteata,,native,S5,,48.941505999999997,-123.476962999999998,,NA,NA,"11305135",obs_native,file:///D:/Simon/Sync/Root/GIS/Biodiversity%20Data/obs_native.csv?type=csv&maxFields=10000&detectTypes=yes&xField=longitude&yField=latitude&crs=EPSG:4326&spatialIndex=no&subsetIndex=no&watchFile=no
"66610",Plectritis congesta ssp. congesta,Plectritis,congesta,,,,native,S5,,48.863569439999999,-123.329063899999994,,NA,NA,"11465315",obs_native,file:///D:/Simon/Sync/Root/GIS/Biodiversity%20Data/obs_native.csv?type=csv&maxFields=10000&detectTypes=yes&xField=longitude&yField=latitude&crs=EPSG:4326&spatialIndex=no&subsetIndex=no&watchFile=no
"66710",Plectritis congesta ssp. congesta,Plectritis,congesta,,,,native,S5,,48.875408999999998,-123.384764000000004,,NA,NA,"11561573",obs_native,file:///D:/Simon/Sync/Root/GIS/Biodiversity%20Data/obs_native.csv?type=csv&maxFields=10000&detectTypes=yes&xField=longitude&yField=latitude&crs=EPSG:4326&spatialIndex=no&subsetIndex=no&watchFile=no
"66810",Quercus garryana var. garryana,Quercus,garryana,,,,native,S5,,48.862231999999999,-123.372900000000001,,NA,NA,"11564114",obs_native,file:///D:/Simon/Sync/Root/GIS/Biodiversity%20Data/obs_native.csv?type=csv&maxFields=10000&detectTypes=yes&xField=longitude&yField=latitude&crs=EPSG:4326&spatialIndex=no&subsetIndex=no&watchFile=no
"66910",Sanicula crassicaulis var. crassicaulis,Sanicula,crassicaulis,,,,native,S5,,48.917288329999998,-123.396788299999997,,NA,NA,"11577212",obs_native,file:///D:/Simon/Sync/Root/GIS/Biodiversity%20Data/obs_native.csv?type=csv&maxFields=10000&detectTypes=yes&xField=longitude&yField=latitude&crs=EPSG:4326&spatialIndex=no&subsetIndex=no&watchFile=no
"67010",Fritillaria affinis,Fritillaria,affinis,,,,native,S5,,48.918063330000003,-123.397971699999999,,NA,NA,"11577887",obs_native,file:///D:/Simon/Sync/Root/GIS/Biodiversity%20Data/obs_native.csv?type=csv&maxFields=10000&detectTypes=yes&xField=longitude&yField=latitude&crs=EPSG:4326&spatialIndex=no&subsetIndex=no&watchFile=no
"67110",Cerastium arvense ssp. strictum,Cerastium,arvense,,strictum,,native,S5,,48.862441670000003,-123.372903300000004,,NA,NA,"11578780",obs_native,file:///D:/Simon/Sync/Root/GIS/Biodiversity%20Data/obs_native.csv?type=csv&maxFields=10000&detectTypes=yes&xField=longitude&yField=latitude&crs=EPSG:4326&spatialIndex=no&subsetIndex=no&watchFile=no
"67210",Plectritis congesta ssp. congesta,Plectritis,congesta,,,,native,S5,,48.875636669999999,-123.384688299999993,,NA,NA,"11579102",obs_native,file:///D:/Simon/Sync/Root/GIS/Biodiversity%20Data/obs_native.csv?type=csv&maxFields=10000&detectTypes=yes&xField=longitude&yField=latitude&crs=EPSG:4326&spatialIndex=no&subsetIndex=no&watchFile=no
"67310",Quercus garryana var. garryana,Quercus,garryana,,,,native,S5,,48.862136000000000,-123.372454000000005,,NA,NA,"11581986",obs_native,file:///D:/Simon/Sync/Root/GIS/Biodiversity%20Data/obs_native.csv?type=csv&maxFields=10000&detectTypes=yes&xField=longitude&yField=latitude&crs=EPSG:4326&spatialIndex=no&subsetIndex=no&watchFile=no
"67410",Cerastium arvense ssp. strictum,Cerastium,arvense,,strictum,,native,S5,,48.868045000000002,-123.377720999999994,,NA,NA,"11582290",obs_native,file:///D:/Simon/Sync/Root/GIS/Biodiversity%20Data/obs_native.csv?type=csv&maxFields=10000&detectTypes=yes&xField=longitude&yField=latitude&crs=EPSG:4326&spatialIndex=no&subsetIndex=no&watchFile=no
"67510",Fragaria vesca ssp. bracteata,Fragaria,vesca,,bracteata,,native,S5,,48.890419000000001,-123.375720000000001,,NA,NA,"11583219",obs_native,file:///D:/Simon/Sync/Root/GIS/Biodiversity%20Data/obs_native.csv?type=csv&maxFields=10000&detectTypes=yes&xField=longitude&yField=latitude&crs=EPSG:4326&spatialIndex=no&subsetIndex=no&watchFile=no
"67610",Amelanchier alnifolia,Amelanchier,alnifolia,,,,native,S5,,48.985360999999997,-123.560209000000000,,NA,NA,"11831911",obs_native,file:///D:/Simon/Sync/Root/GIS/Biodiversity%20Data/obs_native.csv?type=csv&maxFields=10000&detectTypes=yes&xField=longitude&yField=latitude&crs=EPSG:4326&spatialIndex=no&subsetIndex=no&watchFile=no
"67710",Sambucus racemosa var. arborescens,Sambucus,racemosa,,,arborescens,native,S5,,48.986234000000003,-123.560810000000004,,NA,NA,"11832801",obs_native,file:///D:/Simon/Sync/Root/GIS/Biodiversity%20Data/obs_native.csv?type=csv&maxFields=10000&detectTypes=yes&xField=longitude&yField=latitude&crs=EPSG:4326&spatialIndex=no&subsetIndex=no&watchFile=no
"67810",Cerastium arvense ssp. strictum,Cerastium,arvense,,strictum,,native,S5,,48.867060000000002,-123.341279999999998,,NA,NA,"11974163",obs_native,file:///D:/Simon/Sync/Root/GIS/Biodiversity%20Data/obs_native.csv?type=csv&maxFields=10000&detectTypes=yes&xField=longitude&yField=latitude&crs=EPSG:4326&spatialIndex=no&subsetIndex=no&watchFile=no
"67910",Camassia quamash ssp. quamash,Camassia,quamash,,,,native,S4,,48.862290999999999,-123.372840999999994,,NA,NA,"12152152",obs_native,file:///D:/Simon/Sync/Root/GIS/Biodiversity%20Data/obs_native.csv?type=csv&maxFields=10000&detectTypes=yes&xField=longitude&yField=latitude&crs=EPSG:4326&spatialIndex=no&subsetIndex=no&watchFile=no
"68010",Sambucus racemosa var. arborescens,Sambucus,racemosa,,,arborescens,native,S5,,48.869399999999999,-123.321399999999997,,NA,NA,"12179517",obs_native,file:///D:/Simon/Sync/Root/GIS/Biodiversity%20Data/obs_native.csv?type=csv&maxFields=10000&detectTypes=yes&xField=longitude&yField=latitude&crs=EPSG:4326&spatialIndex=no&subsetIndex=no&watchFile=no
"68110",Fragaria vesca ssp. bracteata,Fragaria,vesca,,bracteata,,native,S5,,48.870100000000001,-123.320499999999996,,NA,NA,"12184641",obs_native,file:///D:/Simon/Sync/Root/GIS/Biodiversity%20Data/obs_native.csv?type=csv&maxFields=10000&detectTypes=yes&xField=longitude&yField=latitude&crs=EPSG:4326&spatialIndex=no&subsetIndex=no&watchFile=no
"68210",Corallorhiza maculata var. occidentalis,Corallorhiza,maculata,,,occidentalis,native,S5,,48.880366670000001,-123.333375000000004,,NA,NA,"12203680",obs_native,file:///D:/Simon/Sync/Root/GIS/Biodiversity%20Data/obs_native.csv?type=csv&maxFields=10000&detectTypes=yes&xField=longitude&yField=latitude&crs=EPSG:4326&spatialIndex=no&subsetIndex=no&watchFile=no
"68410",Eriophyllum lanatum var. leucophyllum,Eriophyllum,lanatum,,,leucophyllum,native,S5,,48.866695000000000,-123.375888000000003,,NA,NA,"12287231",obs_native,file:///D:/Simon/Sync/Root/GIS/Biodiversity%20Data/obs_native.csv?type=csv&maxFields=10000&detectTypes=yes&xField=longitude&yField=latitude&crs=EPSG:4326&spatialIndex=no&subsetIndex=no&watchFile=no
"68510",Camassia quamash ssp. quamash,Camassia,quamash,,,,native,S4,,48.869354000000001,-123.378831000000005,,NA,NA,"12287907",obs_native,file:///D:/Simon/Sync/Root/GIS/Biodiversity%20Data/obs_native.csv?type=csv&maxFields=10000&detectTypes=yes&xField=longitude&yField=latitude&crs=EPSG:4326&spatialIndex=no&subsetIndex=no&watchFile=no
"68610",Prunus emarginata var. emarginata,Prunus,emarginata,,,,native,S5,,48.911310000000000,-123.396345999999994,,NA,NA,"12314835",obs_native,file:///D:/Simon/Sync/Root/GIS/Biodiversity%20Data/obs_native.csv?type=csv&maxFields=10000&detectTypes=yes&xField=longitude&yField=latitude&crs=EPSG:4326&spatialIndex=no&subsetIndex=no&watchFile=no
"68710",Amelanchier alnifolia,Amelanchier,alnifolia,,,,native,S5,,48.916452000000000,-123.394114999999999,,NA,NA,"12315239",obs_native,file:///D:/Simon/Sync/Root/GIS/Biodiversity%20Data/obs_native.csv?type=csv&maxFields=10000&detectTypes=yes&xField=longitude&yField=latitude&crs=EPSG:4326&spatialIndex=no&subsetIndex=no&watchFile=no
"68810",Sambucus racemosa var. arborescens,Sambucus,racemosa,,,arborescens,native,S5,,48.875605000000000,-123.380675999999994,,NA,NA,"12315317",obs_native,file:///D:/Simon/Sync/Root/GIS/Biodiversity%20Data/obs_native.csv?type=csv&maxFields=10000&detectTypes=yes&xField=longitude&yField=latitude&crs=EPSG:4326&spatialIndex=no&subsetIndex=no&watchFile=no
"68910",Cerastium arvense ssp. strictum,Cerastium,arvense,,strictum,,native,S5,,48.958745000000000,-123.533368999999993,,NA,NA,"12373692",obs_native,file:///D:/Simon/Sync/Root/GIS/Biodiversity%20Data/obs_native.csv?type=csv&maxFields=10000&detectTypes=yes&xField=longitude&yField=latitude&crs=EPSG:4326&spatialIndex=no&subsetIndex=no&watchFile=no
"69010",Quercus garryana var. garryana,Quercus,garryana,,,,native,S5,,48.958745000000000,-123.533368999999993,,NA,NA,"12373916",obs_native,file:///D:/Simon/Sync/Root/GIS/Biodiversity%20Data/obs_native.csv?type=csv&maxFields=10000&detectTypes=yes&xField=longitude&yField=latitude&crs=EPSG:4326&spatialIndex=no&subsetIndex=no&watchFile=no
"69310",Ranunculus occidentalis var. occidentalis,Ranunculus,occidentalis,,,,native,S5,,48.955047999999998,-123.525521999999995,,NA,NA,"12374128",obs_native,file:///D:/Simon/Sync/Root/GIS/Biodiversity%20Data/obs_native.csv?type=csv&maxFields=10000&detectTypes=yes&xField=longitude&yField=latitude&crs=EPSG:4326&spatialIndex=no&subsetIndex=no&watchFile=no
"69410",Camassia quamash ssp. quamash,Camassia,quamash,,,,native,S4,,48.952263000000002,-123.519593000000000,,NA,NA,"12374150",obs_native,file:///D:/Simon/Sync/Root/GIS/Biodiversity%20Data/obs_native.csv?type=csv&maxFields=10000&detectTypes=yes&xField=longitude&yField=latitude&crs=EPSG:4326&spatialIndex=no&subsetIndex=no&watchFile=no
"69610",Cerastium arvense ssp. strictum,Cerastium,arvense,,strictum,,native,S5,,48.897080639999999,-123.409527100000005,,NA,NA,"12626234",obs_native,file:///D:/Simon/Sync/Root/GIS/Biodiversity%20Data/obs_native.csv?type=csv&maxFields=10000&detectTypes=yes&xField=longitude&yField=latitude&crs=EPSG:4326&spatialIndex=no&subsetIndex=no&watchFile=no
"69710",Linnaea borealis ssp. longiflora,Linnaea,borealis,,longiflora,,native,S5,,48.875995000000003,-123.342359000000002,,NA,NA,"12631296",obs_native,file:///D:/Simon/Sync/Root/GIS/Biodiversity%20Data/obs_native.csv?type=csv&maxFields=10000&detectTypes=yes&xField=longitude&yField=latitude&crs=EPSG:4326&spatialIndex=no&subsetIndex=no&watchFile=no
"69810",Tiarella trifoliata var. trifoliata,Tiarella,trifoliata,,,,native,S5,,48.875870999999997,-123.341898000000000,,NA,NA,"12631496",obs_native,file:///D:/Simon/Sync/Root/GIS/Biodiversity%20Data/obs_native.csv?type=csv&maxFields=10000&detectTypes=yes&xField=longitude&yField=latitude&crs=EPSG:4326&spatialIndex=no&subsetIndex=no&watchFile=no
"69910",Sanicula crassicaulis var. crassicaulis,Sanicula,crassicaulis,,,,native,S5,,48.957293999999997,-123.530670999999998,,NA,NA,"12631666",obs_native,file:///D:/Simon/Sync/Root/GIS/Biodiversity%20Data/obs_native.csv?type=csv&maxFields=10000&detectTypes=yes&xField=longitude&yField=latitude&crs=EPSG:4326&spatialIndex=no&subsetIndex=no&watchFile=no
"70010",Pseudotsuga menziesii var. menziesii,Pseudotsuga,menziesii,,,,native,S5,,48.867243999999999,-123.343688999999998,,NA,NA,"12634889",obs_native,file:///D:/Simon/Sync/Root/GIS/Biodiversity%20Data/obs_native.csv?type=csv&maxFields=10000&detectTypes=yes&xField=longitude&yField=latitude&crs=EPSG:4326&spatialIndex=no&subsetIndex=no&watchFile=no
"70110",Eriophyllum lanatum var. leucophyllum,Eriophyllum,lanatum,,,leucophyllum,native,S5,,48.866925999999999,-123.341881000000001,,NA,NA,"12634996",obs_native,file:///D:/Simon/Sync/Root/GIS/Biodiversity%20Data/obs_native.csv?type=csv&maxFields=10000&detectTypes=yes&xField=longitude&yField=latitude&crs=EPSG:4326&spatialIndex=no&subsetIndex=no&watchFile=no
"70210",Quercus garryana var. garryana,Quercus,garryana,,,,native,S5,,48.866925999999999,-123.341881000000001,,NA,NA,"12635094",obs_native,file:///D:/Simon/Sync/Root/GIS/Biodiversity%20Data/obs_native.csv?type=csv&maxFields=10000&detectTypes=yes&xField=longitude&yField=latitude&crs=EPSG:4326&spatialIndex=no&subsetIndex=no&watchFile=no
"70310",Bromus carinatus var. carinatus,Bromus,carinatus,,,,native,S5,,48.867189000000003,-123.337681000000003,,NA,NA,"12635737",obs_native,file:///D:/Simon/Sync/Root/GIS/Biodiversity%20Data/obs_native.csv?type=csv&maxFields=10000&detectTypes=yes&xField=longitude&yField=latitude&crs=EPSG:4326&spatialIndex=no&subsetIndex=no&watchFile=no
"70410",Fragaria vesca ssp. bracteata,Fragaria,vesca,,bracteata,,native,S5,,48.916105999999999,-123.395972000000000,,NA,NA,"12655227",obs_native,file:///D:/Simon/Sync/Root/GIS/Biodiversity%20Data/obs_native.csv?type=csv&maxFields=10000&detectTypes=yes&xField=longitude&yField=latitude&crs=EPSG:4326&spatialIndex=no&subsetIndex=no&watchFile=no
"70610",Pseudotsuga menziesii var. menziesii,Pseudotsuga,menziesii,,,,native,S5,,48.870607000000000,-123.343086000000000,,NA,NA,"12761716",obs_native,file:///D:/Simon/Sync/Root/GIS/Biodiversity%20Data/obs_native.csv?type=csv&maxFields=10000&detectTypes=yes&xField=longitude&yField=latitude&crs=EPSG:4326&spatialIndex=no&subsetIndex=no&watchFile=no
"70710",Holodiscus discolor var. discolor,Holodiscus,discolor,,,,native,S5,,48.870607000000000,-123.343086000000000,,NA,NA,"12761737",obs_native,file:///D:/Simon/Sync/Root/GIS/Biodiversity%20Data/obs_native.csv?type=csv&maxFields=10000&detectTypes=yes&xField=longitude&yField=latitude&crs=EPSG:4326&spatialIndex=no&subsetIndex=no&watchFile=no
"70810",Sanicula crassicaulis var. crassicaulis,Sanicula,crassicaulis,,,,native,S5,,48.870607000000000,-123.343086000000000,,NA,NA,"12762015",obs_native,file:///D:/Simon/Sync/Root/GIS/Biodiversity%20Data/obs_native.csv?type=csv&maxFields=10000&detectTypes=yes&xField=longitude&yField=latitude&crs=EPSG:4326&spatialIndex=no&subsetIndex=no&watchFile=no
"70910",Pseudotsuga menziesii var. menziesii,Pseudotsuga,menziesii,,,,native,S5,,48.874772999999998,-123.336338999999995,,NA,NA,"12762949",obs_native,file:///D:/Simon/Sync/Root/GIS/Biodiversity%20Data/obs_native.csv?type=csv&maxFields=10000&detectTypes=yes&xField=longitude&yField=latitude&crs=EPSG:4326&spatialIndex=no&subsetIndex=no&watchFile=no
"71010",Pseudotsuga menziesii var. menziesii,Pseudotsuga,menziesii,,,,native,S5,,48.874510000000001,-123.333782999999997,,NA,NA,"12763172",obs_native,file:///D:/Simon/Sync/Root/GIS/Biodiversity%20Data/obs_native.csv?type=csv&maxFields=10000&detectTypes=yes&xField=longitude&yField=latitude&crs=EPSG:4326&spatialIndex=no&subsetIndex=no&watchFile=no
"71110",Pseudotsuga menziesii var. menziesii,Pseudotsuga,menziesii,,,,native,S5,,48.877445999999999,-123.337104999999994,,NA,NA,"12773741",obs_native,file:///D:/Simon/Sync/Root/GIS/Biodiversity%20Data/obs_native.csv?type=csv&maxFields=10000&detectTypes=yes&xField=longitude&yField=latitude&crs=EPSG:4326&spatialIndex=no&subsetIndex=no&watchFile=no
"71210",Pseudotsuga menziesii var. menziesii,Pseudotsuga,menziesii,,,,native,S5,,48.877445999999999,-123.337104999999994,,NA,NA,"12774286",obs_native,file:///D:/Simon/Sync/Root/GIS/Biodiversity%20Data/obs_native.csv?type=csv&maxFields=10000&detectTypes=yes&xField=longitude&yField=latitude&crs=EPSG:4326&spatialIndex=no&subsetIndex=no&watchFile=no
"71310",Sanicula crassicaulis var. crassicaulis,Sanicula,crassicaulis,,,,native,S5,,48.879767999999999,-123.335204000000004,,NA,NA,"12774488",obs_native,file:///D:/Simon/Sync/Root/GIS/Biodiversity%20Data/obs_native.csv?type=csv&maxFields=10000&detectTypes=yes&xField=longitude&yField=latitude&crs=EPSG:4326&spatialIndex=no&subsetIndex=no&watchFile=no
"71410",Corallorhiza maculata var. occidentalis,Corallorhiza,maculata,,,occidentalis,native,S5,,48.880699999999997,-123.334048999999993,,NA,NA,"12788995",obs_native,file:///D:/Simon/Sync/Root/GIS/Biodiversity%20Data/obs_native.csv?type=csv&maxFields=10000&detectTypes=yes&xField=longitude&yField=latitude&crs=EPSG:4326&spatialIndex=no&subsetIndex=no&watchFile=no
"71510",Pseudotsuga menziesii var. menziesii,Pseudotsuga,menziesii,,,,native,S5,,48.880411000000002,-123.336709999999997,,NA,NA,"12789168",obs_native,file:///D:/Simon/Sync/Root/GIS/Biodiversity%20Data/obs_native.csv?type=csv&maxFields=10000&detectTypes=yes&xField=longitude&yField=latitude&crs=EPSG:4326&spatialIndex=no&subsetIndex=no&watchFile=no
"71710",Linnaea borealis ssp. longiflora,Linnaea,borealis,,longiflora,,native,S5,,48.880172999999999,-123.338239000000002,,NA,NA,"12790048",obs_native,file:///D:/Simon/Sync/Root/GIS/Biodiversity%20Data/obs_native.csv?type=csv&maxFields=10000&detectTypes=yes&xField=longitude&yField=latitude&crs=EPSG:4326&spatialIndex=no&subsetIndex=no&watchFile=no
"71810",Pseudotsuga menziesii var. menziesii,Pseudotsuga,menziesii,,,,native,S5,,48.880817999999998,-123.341763999999998,,NA,NA,"12790271",obs_native,file:///D:/Simon/Sync/Root/GIS/Biodiversity%20Data/obs_native.csv?type=csv&maxFields=10000&detectTypes=yes&xField=longitude&yField=latitude&crs=EPSG:4326&spatialIndex=no&subsetIndex=no&watchFile=no
"72010",Athyrium filix-femina ssp. cyclosorum,Athyrium,filix-femina,,cyclosorum,,native,S5,,48.878470000000000,-123.341813000000002,,NA,NA,"12790390",obs_native,file:///D:/Simon/Sync/Root/GIS/Biodiversity%20Data/obs_native.csv?type=csv&maxFields=10000&detectTypes=yes&xField=longitude&yField=latitude&crs=EPSG:4326&spatialIndex=no&subsetIndex=no&watchFile=no
"72110",Prunus emarginata var. emarginata,Prunus,emarginata,,,,native,S5,,48.878470000000000,-123.341813000000002,,NA,NA,"12790614",obs_native,file:///D:/Simon/Sync/Root/GIS/Biodiversity%20Data/obs_native.csv?type=csv&maxFields=10000&detectTypes=yes&xField=longitude&yField=latitude&crs=EPSG:4326&spatialIndex=no&subsetIndex=no&watchFile=no
"72210",Holodiscus discolor var. discolor,Holodiscus,discolor,,,,native,S5,,48.878470000000000,-123.341813000000002,,NA,NA,"12790666",obs_native,file:///D:/Simon/Sync/Root/GIS/Biodiversity%20Data/obs_native.csv?type=csv&maxFields=10000&detectTypes=yes&xField=longitude&yField=latitude&crs=EPSG:4326&spatialIndex=no&subsetIndex=no&watchFile=no
"72310",Pseudotsuga menziesii var. menziesii,Pseudotsuga,menziesii,,,,native,S5,,48.878962000000001,-123.341682000000006,,NA,NA,"12790755",obs_native,file:///D:/Simon/Sync/Root/GIS/Biodiversity%20Data/obs_native.csv?type=csv&maxFields=10000&detectTypes=yes&xField=longitude&yField=latitude&crs=EPSG:4326&spatialIndex=no&subsetIndex=no&watchFile=no
"72410",Tiarella trifoliata var. trifoliata,Tiarella,trifoliata,,,,native,S5,,48.874077000000000,-123.342488000000003,,NA,NA,"12790894",obs_native,file:///D:/Simon/Sync/Root/GIS/Biodiversity%20Data/obs_native.csv?type=csv&maxFields=10000&detectTypes=yes&xField=longitude&yField=latitude&crs=EPSG:4326&spatialIndex=no&subsetIndex=no&watchFile=no
"72510",Athyrium filix-femina ssp. cyclosorum,Athyrium,filix-femina,,cyclosorum,,native,S5,,48.874077000000000,-123.342488000000003,,NA,NA,"12791376",obs_native,file:///D:/Simon/Sync/Root/GIS/Biodiversity%20Data/obs_native.csv?type=csv&maxFields=10000&detectTypes=yes&xField=longitude&yField=latitude&crs=EPSG:4326&spatialIndex=no&subsetIndex=no&watchFile=no
"72610",Tiarella trifoliata var. trifoliata,Tiarella,trifoliata,,,,native,S5,,48.874077000000000,-123.342488000000003,,NA,NA,"12791636",obs_native,file:///D:/Simon/Sync/Root/GIS/Biodiversity%20Data/obs_native.csv?type=csv&maxFields=10000&detectTypes=yes&xField=longitude&yField=latitude&crs=EPSG:4326&spatialIndex=no&subsetIndex=no&watchFile=no
"72710",Athyrium filix-femina ssp. cyclosorum,Athyrium,filix-femina,,cyclosorum,,native,S5,,48.874077000000000,-123.342488000000003,,NA,NA,"12791718",obs_native,file:///D:/Simon/Sync/Root/GIS/Biodiversity%20Data/obs_native.csv?type=csv&maxFields=10000&detectTypes=yes&xField=longitude&yField=latitude&crs=EPSG:4326&spatialIndex=no&subsetIndex=no&watchFile=no
"72810",Pseudotsuga menziesii var. menziesii,Pseudotsuga,menziesii,,,,native,S5,,48.871484000000002,-123.337271999999999,,NA,NA,"12791922",obs_native,file:///D:/Simon/Sync/Root/GIS/Biodiversity%20Data/obs_native.csv?type=csv&maxFields=10000&detectTypes=yes&xField=longitude&yField=latitude&crs=EPSG:4326&spatialIndex=no&subsetIndex=no&watchFile=no
"72910",Pseudotsuga menziesii var. menziesii,Pseudotsuga,menziesii,,,,native,S5,,48.871484000000002,-123.337271999999999,,NA,NA,"12791977",obs_native,file:///D:/Simon/Sync/Root/GIS/Biodiversity%20Data/obs_native.csv?type=csv&maxFields=10000&detectTypes=yes&xField=longitude&yField=latitude&crs=EPSG:4326&spatialIndex=no&subsetIndex=no&watchFile=no
"73010",Pseudotsuga menziesii var. menziesii,Pseudotsuga,menziesii,,,,native,S5,,48.871484000000002,-123.337271999999999,,NA,NA,"12792000",obs_native,file:///D:/Simon/Sync/Root/GIS/Biodiversity%20Data/obs_native.csv?type=csv&maxFields=10000&detectTypes=yes&xField=longitude&yField=latitude&crs=EPSG:4326&spatialIndex=no&subsetIndex=no&watchFile=no
"73110",Pseudotsuga menziesii var. menziesii,Pseudotsuga,menziesii,,,,native,S5,,48.871012999999998,-123.333776999999998,,NA,NA,"12792224",obs_native,file:///D:/Simon/Sync/Root/GIS/Biodiversity%20Data/obs_native.csv?type=csv&maxFields=10000&detectTypes=yes&xField=longitude&yField=latitude&crs=EPSG:4326&spatialIndex=no&subsetIndex=no&watchFile=no
"73210",Pseudotsuga menziesii var. menziesii,Pseudotsuga,menziesii,,,,native,S5,,48.871012999999998,-123.333776999999998,,NA,NA,"12792439",obs_native,file:///D:/Simon/Sync/Root/GIS/Biodiversity%20Data/obs_native.csv?type=csv&maxFields=10000&detectTypes=yes&xField=longitude&yField=latitude&crs=EPSG:4326&spatialIndex=no&subsetIndex=no&watchFile=no
"73310",Pseudotsuga menziesii var. menziesii,Pseudotsuga,menziesii,,,,native,S5,,48.868533999999997,-123.338466999999994,,NA,NA,"12816340",obs_native,file:///D:/Simon/Sync/Root/GIS/Biodiversity%20Data/obs_native.csv?type=csv&maxFields=10000&detectTypes=yes&xField=longitude&yField=latitude&crs=EPSG:4326&spatialIndex=no&subsetIndex=no&watchFile=no
"73410",Pseudotsuga menziesii var. menziesii,Pseudotsuga,menziesii,,,,native,S5,,48.868533999999997,-123.338466999999994,,NA,NA,"12816592",obs_native,file:///D:/Simon/Sync/Root/GIS/Biodiversity%20Data/obs_native.csv?type=csv&maxFields=10000&detectTypes=yes&xField=longitude&yField=latitude&crs=EPSG:4326&spatialIndex=no&subsetIndex=no&watchFile=no
"73510",Plectritis congesta ssp. congesta,Plectritis,congesta,,,,native,S5,,48.867816189999999,-123.339099200000007,,NA,NA,"12817023",obs_native,file:///D:/Simon/Sync/Root/GIS/Biodiversity%20Data/obs_native.csv?type=csv&maxFields=10000&detectTypes=yes&xField=longitude&yField=latitude&crs=EPSG:4326&spatialIndex=no&subsetIndex=no&watchFile=no
"73610",Pseudotsuga menziesii var. menziesii,Pseudotsuga,menziesii,,,,native,S5,,48.867058000000000,-123.334428000000003,,NA,NA,"12817025",obs_native,file:///D:/Simon/Sync/Root/GIS/Biodiversity%20Data/obs_native.csv?type=csv&maxFields=10000&detectTypes=yes&xField=longitude&yField=latitude&crs=EPSG:4326&spatialIndex=no&subsetIndex=no&watchFile=no
"73710",Quercus garryana var. garryana,Quercus,garryana,,,,native,S5,,48.866025999999998,-123.333974999999995,,NA,NA,"12817496",obs_native,file:///D:/Simon/Sync/Root/GIS/Biodiversity%20Data/obs_native.csv?type=csv&maxFields=10000&detectTypes=yes&xField=longitude&yField=latitude&crs=EPSG:4326&spatialIndex=no&subsetIndex=no&watchFile=no
"73810",Sanicula crassicaulis var. crassicaulis,Sanicula,crassicaulis,,,,native,S5,,48.866025999999998,-123.333974999999995,,NA,NA,"12817507",obs_native,file:///D:/Simon/Sync/Root/GIS/Biodiversity%20Data/obs_native.csv?type=csv&maxFields=10000&detectTypes=yes&xField=longitude&yField=latitude&crs=EPSG:4326&spatialIndex=no&subsetIndex=no&watchFile=no
"73910",Corallorhiza striata var. striata,Corallorhiza,striata,,,,native,S5,,48.866025999999998,-123.333974999999995,,NA,NA,"12817512",obs_native,file:///D:/Simon/Sync/Root/GIS/Biodiversity%20Data/obs_native.csv?type=csv&maxFields=10000&detectTypes=yes&xField=longitude&yField=latitude&crs=EPSG:4326&spatialIndex=no&subsetIndex=no&watchFile=no
"74410",Carex viridula ssp. viridula,Carex,viridula,,,,native,S5,,48.884372999999997,-123.342252000000002,,NA,NA,"12944807",obs_native,file:///D:/Simon/Sync/Root/GIS/Biodiversity%20Data/obs_native.csv?type=csv&maxFields=10000&detectTypes=yes&xField=longitude&yField=latitude&crs=EPSG:4326&spatialIndex=no&subsetIndex=no&watchFile=no
"74510",Linnaea borealis ssp. longiflora,Linnaea,borealis,,longiflora,,native,S5,,48.927136109999999,-123.466591699999995,,NA,NA,"12996962",obs_native,file:///D:/Simon/Sync/Root/GIS/Biodiversity%20Data/obs_native.csv?type=csv&maxFields=10000&detectTypes=yes&xField=longitude&yField=latitude&crs=EPSG:4326&spatialIndex=no&subsetIndex=no&watchFile=no
"74710",Eriophyllum lanatum var. leucophyllum,Eriophyllum,lanatum,,,leucophyllum,native,S5,,48.957759000000003,-123.531672000000000,,NA,NA,"13026868",obs_native,file:///D:/Simon/Sync/Root/GIS/Biodiversity%20Data/obs_native.csv?type=csv&maxFields=10000&detectTypes=yes&xField=longitude&yField=latitude&crs=EPSG:4326&spatialIndex=no&subsetIndex=no&watchFile=no
"74810",Cerastium arvense ssp. strictum,Cerastium,arvense,,strictum,,native,S5,,48.957225000000001,-123.530859000000007,,NA,NA,"13027130",obs_native,file:///D:/Simon/Sync/Root/GIS/Biodiversity%20Data/obs_native.csv?type=csv&maxFields=10000&detectTypes=yes&xField=longitude&yField=latitude&crs=EPSG:4326&spatialIndex=no&subsetIndex=no&watchFile=no
"74910",Stachys cooleyae,Stachys,cooleyae,,,,native,S5,,48.869655000000002,-123.320238000000003,,NA,NA,"13030675",obs_native,file:///D:/Simon/Sync/Root/GIS/Biodiversity%20Data/obs_native.csv?type=csv&maxFields=10000&detectTypes=yes&xField=longitude&yField=latitude&crs=EPSG:4326&spatialIndex=no&subsetIndex=no&watchFile=no
"75010",Agoseris grandiflora var. leptophylla,Agoseris,grandiflora,,,leptophylla,native,S5,,48.866878999999997,-123.375947999999994,,NA,NA,"13031353",obs_native,file:///D:/Simon/Sync/Root/GIS/Biodiversity%20Data/obs_native.csv?type=csv&maxFields=10000&detectTypes=yes&xField=longitude&yField=latitude&crs=EPSG:4326&spatialIndex=no&subsetIndex=no&watchFile=no
"75210",Fragaria vesca ssp. bracteata,Fragaria,vesca,,bracteata,,native,S5,,48.872722000000003,-123.370444000000006,,NA,NA,"13032002",obs_native,file:///D:/Simon/Sync/Root/GIS/Biodiversity%20Data/obs_native.csv?type=csv&maxFields=10000&detectTypes=yes&xField=longitude&yField=latitude&crs=EPSG:4326&spatialIndex=no&subsetIndex=no&watchFile=no
"75310",Rosa nutkana ssp. nutkana,Rosa,nutkana,,,,native,S5,,48.883930999999997,-123.341543000000001,,NA,NA,"13065711",obs_native,file:///D:/Simon/Sync/Root/GIS/Biodiversity%20Data/obs_native.csv?type=csv&maxFields=10000&detectTypes=yes&xField=longitude&yField=latitude&crs=EPSG:4326&spatialIndex=no&subsetIndex=no&watchFile=no
"75410",Carex aquatilis var. dives,Carex,aquatilis,,,dives,native,S5,,48.884745000000002,-123.343761000000001,,NA,NA,"13066385",obs_native,file:///D:/Simon/Sync/Root/GIS/Biodiversity%20Data/obs_native.csv?type=csv&maxFields=10000&detectTypes=yes&xField=longitude&yField=latitude&crs=EPSG:4326&spatialIndex=no&subsetIndex=no&watchFile=no
"75510",Rosa nutkana ssp. nutkana,Rosa,nutkana,,,,native,S5,,48.884506999999999,-123.343190000000007,,NA,NA,"13066784",obs_native,file:///D:/Simon/Sync/Root/GIS/Biodiversity%20Data/obs_native.csv?type=csv&maxFields=10000&detectTypes=yes&xField=longitude&yField=latitude&crs=EPSG:4326&spatialIndex=no&subsetIndex=no&watchFile=no
"75610",Rosa nutkana ssp. nutkana,Rosa,nutkana,,,,native,S5,,48.884397000000000,-123.343052000000000,,NA,NA,"13066830",obs_native,file:///D:/Simon/Sync/Root/GIS/Biodiversity%20Data/obs_native.csv?type=csv&maxFields=10000&detectTypes=yes&xField=longitude&yField=latitude&crs=EPSG:4326&spatialIndex=no&subsetIndex=no&watchFile=no
"75710",Camassia leichtlinii ssp. suksdorfii,Camassia,leichtlinii,,suksdorfii,,native,S4,,48.914786800000002,-123.389681600000003,,NA,NA,"13102217",obs_native,file:///D:/Simon/Sync/Root/GIS/Biodiversity%20Data/obs_native.csv?type=csv&maxFields=10000&detectTypes=yes&xField=longitude&yField=latitude&crs=EPSG:4326&spatialIndex=no&subsetIndex=no&watchFile=no
"75910",Symphoricarpos albus var. laevigatus,Symphoricarpos,albus,,,laevigatus,native,S5,,48.939295999999999,-123.492197000000004,,NA,NA,"13167345",obs_native,file:///D:/Simon/Sync/Root/GIS/Biodiversity%20Data/obs_native.csv?type=csv&maxFields=10000&detectTypes=yes&xField=longitude&yField=latitude&crs=EPSG:4326&spatialIndex=no&subsetIndex=no&watchFile=no
"76010",Tiarella trifoliata var. trifoliata,Tiarella,trifoliata,,,,native,S5,,48.948460300000001,-123.501826800000003,,NA,NA,"13198894",obs_native,file:///D:/Simon/Sync/Root/GIS/Biodiversity%20Data/obs_native.csv?type=csv&maxFields=10000&detectTypes=yes&xField=longitude&yField=latitude&crs=EPSG:4326&spatialIndex=no&subsetIndex=no&watchFile=no
"76110",Heuchera micrantha var. diversifolia,Heuchera,micrantha,,,diversifolia,native,S5,,48.939923069999999,-123.503365500000001,,NA,NA,"13198911",obs_native,file:///D:/Simon/Sync/Root/GIS/Biodiversity%20Data/obs_native.csv?type=csv&maxFields=10000&detectTypes=yes&xField=longitude&yField=latitude&crs=EPSG:4326&spatialIndex=no&subsetIndex=no&watchFile=no
"76210",Symphoricarpos albus var. laevigatus,Symphoricarpos,albus,,,laevigatus,native,S5,,48.939923069999999,-123.503365500000001,,NA,NA,"13198923",obs_native,file:///D:/Simon/Sync/Root/GIS/Biodiversity%20Data/obs_native.csv?type=csv&maxFields=10000&detectTypes=yes&xField=longitude&yField=latitude&crs=EPSG:4326&spatialIndex=no&subsetIndex=no&watchFile=no
"76310",Stellaria borealis ssp. sitchana,Stellaria,borealis,,sitchana,,native,S5,,48.941774660000000,-123.478167799999994,,NA,NA,"13198959",obs_native,file:///D:/Simon/Sync/Root/GIS/Biodiversity%20Data/obs_native.csv?type=csv&maxFields=10000&detectTypes=yes&xField=longitude&yField=latitude&crs=EPSG:4326&spatialIndex=no&subsetIndex=no&watchFile=no
"76410",Carex echinata ssp. echinata,Carex,echinata,,,,native,S5,,48.983364000000002,-123.556359000000000,,NA,NA,"13224951",obs_native,file:///D:/Simon/Sync/Root/GIS/Biodiversity%20Data/obs_native.csv?type=csv&maxFields=10000&detectTypes=yes&xField=longitude&yField=latitude&crs=EPSG:4326&spatialIndex=no&subsetIndex=no&watchFile=no
"76510",Ranunculus flammula var. reptans,Ranunculus,flammula,,,reptans,native,S5,,48.983364000000002,-123.556359000000000,,NA,NA,"13225208",obs_native,file:///D:/Simon/Sync/Root/GIS/Biodiversity%20Data/obs_native.csv?type=csv&maxFields=10000&detectTypes=yes&xField=longitude&yField=latitude&crs=EPSG:4326&spatialIndex=no&subsetIndex=no&watchFile=no
"76610",Sambucus racemosa var. arborescens,Sambucus,racemosa,,,arborescens,native,S5,,48.869446119999999,-123.387301800000003,,NA,NA,"13307244",obs_native,file:///D:/Simon/Sync/Root/GIS/Biodiversity%20Data/obs_native.csv?type=csv&maxFields=10000&detectTypes=yes&xField=longitude&yField=latitude&crs=EPSG:4326&spatialIndex=no&subsetIndex=no&watchFile=no
"76710",Linnaea borealis ssp. longiflora,Linnaea,borealis,,longiflora,,native,S5,,48.973090749999997,-123.560715400000007,,NA,NA,"13307380",obs_native,file:///D:/Simon/Sync/Root/GIS/Biodiversity%20Data/obs_native.csv?type=csv&maxFields=10000&detectTypes=yes&xField=longitude&yField=latitude&crs=EPSG:4326&spatialIndex=no&subsetIndex=no&watchFile=no
"76810",Quercus garryana var. garryana,Quercus,garryana,,,,native,S5,,48.864337079999999,-123.377680699999999,,NA,NA,"13308981",obs_native,file:///D:/Simon/Sync/Root/GIS/Biodiversity%20Data/obs_native.csv?type=csv&maxFields=10000&detectTypes=yes&xField=longitude&yField=latitude&crs=EPSG:4326&spatialIndex=no&subsetIndex=no&watchFile=no
"76910",Quercus garryana var. garryana,Quercus,garryana,,,,native,S5,,48.864379540000002,-123.377827100000005,,NA,NA,"13309082",obs_native,file:///D:/Simon/Sync/Root/GIS/Biodiversity%20Data/obs_native.csv?type=csv&maxFields=10000&detectTypes=yes&xField=longitude&yField=latitude&crs=EPSG:4326&spatialIndex=no&subsetIndex=no&watchFile=no
"77110",Chimaphila umbellata ssp. umbellata,Chimaphila,umbellata,,,,native,S5,,48.972599029999998,-123.562017699999998,,NA,NA,"13356020",obs_native,file:///D:/Simon/Sync/Root/GIS/Biodiversity%20Data/obs_native.csv?type=csv&maxFields=10000&detectTypes=yes&xField=longitude&yField=latitude&crs=EPSG:4326&spatialIndex=no&subsetIndex=no&watchFile=no
"77210",Stachys cooleyae,Stachys,cooleyae,,,,native,S5,,48.870341670000002,-123.320861100000002,,NA,NA,"13716277",obs_native,file:///D:/Simon/Sync/Root/GIS/Biodiversity%20Data/obs_native.csv?type=csv&maxFields=10000&detectTypes=yes&xField=longitude&yField=latitude&crs=EPSG:4326&spatialIndex=no&subsetIndex=no&watchFile=no
"77310",Stachys cooleyae,Stachys,cooleyae,,,,native,S5,,48.870019829999997,-123.321071300000000,,NA,NA,"13807430",obs_native,file:///D:/Simon/Sync/Root/GIS/Biodiversity%20Data/obs_native.csv?type=csv&maxFields=10000&detectTypes=yes&xField=longitude&yField=latitude&crs=EPSG:4326&spatialIndex=no&subsetIndex=no&watchFile=no
"77410",Symphoricarpos albus var. laevigatus,Symphoricarpos,albus,,,laevigatus,native,S5,,48.906628169999998,-123.389936500000005,,NA,NA,"13930730",obs_native,file:///D:/Simon/Sync/Root/GIS/Biodiversity%20Data/obs_native.csv?type=csv&maxFields=10000&detectTypes=yes&xField=longitude&yField=latitude&crs=EPSG:4326&spatialIndex=no&subsetIndex=no&watchFile=no
"77510",Quercus garryana var. garryana,Quercus,garryana,,,,native,S5,,48.923099999999998,-123.452513300000007,,NA,NA,"13952087",obs_native,file:///D:/Simon/Sync/Root/GIS/Biodiversity%20Data/obs_native.csv?type=csv&maxFields=10000&detectTypes=yes&xField=longitude&yField=latitude&crs=EPSG:4326&spatialIndex=no&subsetIndex=no&watchFile=no
"77610",Linnaea borealis ssp. longiflora,Linnaea,borealis,,longiflora,,native,S5,,48.880108999999997,-123.341578999999996,,NA,NA,"13964970",obs_native,file:///D:/Simon/Sync/Root/GIS/Biodiversity%20Data/obs_native.csv?type=csv&maxFields=10000&detectTypes=yes&xField=longitude&yField=latitude&crs=EPSG:4326&spatialIndex=no&subsetIndex=no&watchFile=no
"77810",Symphoricarpos albus var. laevigatus,Symphoricarpos,albus,,,laevigatus,native,S5,,48.869745950000002,-123.319720099999998,,NA,NA,"13971634",obs_native,file:///D:/Simon/Sync/Root/GIS/Biodiversity%20Data/obs_native.csv?type=csv&maxFields=10000&detectTypes=yes&xField=longitude&yField=latitude&crs=EPSG:4326&spatialIndex=no&subsetIndex=no&watchFile=no
"78010",Rosa nutkana ssp. nutkana,Rosa,nutkana,,,,native,S5,,48.904006670000001,-123.344309999999993,,NA,NA,"13971908",obs_native,file:///D:/Simon/Sync/Root/GIS/Biodiversity%20Data/obs_native.csv?type=csv&maxFields=10000&detectTypes=yes&xField=longitude&yField=latitude&crs=EPSG:4326&spatialIndex=no&subsetIndex=no&watchFile=no
"78110",Pseudotsuga menziesii var. menziesii,Pseudotsuga,menziesii,,,,native,S5,,48.903963330000003,-123.344691699999998,,NA,NA,"13971917",obs_native,file:///D:/Simon/Sync/Root/GIS/Biodiversity%20Data/obs_native.csv?type=csv&maxFields=10000&detectTypes=yes&xField=longitude&yField=latitude&crs=EPSG:4326&spatialIndex=no&subsetIndex=no&watchFile=no
"78210",Holodiscus discolor var. discolor,Holodiscus,discolor,,,,native,S5,,48.903958330000002,-123.344793300000006,,NA,NA,"13971918",obs_native,file:///D:/Simon/Sync/Root/GIS/Biodiversity%20Data/obs_native.csv?type=csv&maxFields=10000&detectTypes=yes&xField=longitude&yField=latitude&crs=EPSG:4326&spatialIndex=no&subsetIndex=no&watchFile=no
"78310",Athyrium filix-femina ssp. cyclosorum,Athyrium,filix-femina,,cyclosorum,,native,S5,,48.897979999999997,-123.344861699999996,,NA,NA,"13972297",obs_native,file:///D:/Simon/Sync/Root/GIS/Biodiversity%20Data/obs_native.csv?type=csv&maxFields=10000&detectTypes=yes&xField=longitude&yField=latitude&crs=EPSG:4326&spatialIndex=no&subsetIndex=no&watchFile=no
"78410",Holodiscus discolor var. discolor,Holodiscus,discolor,,,,native,S5,,48.869005119999997,-123.345825800000000,,NA,NA,"13972531",obs_native,file:///D:/Simon/Sync/Root/GIS/Biodiversity%20Data/obs_native.csv?type=csv&maxFields=10000&detectTypes=yes&xField=longitude&yField=latitude&crs=EPSG:4326&spatialIndex=no&subsetIndex=no&watchFile=no
"78510",Agoseris grandiflora var. leptophylla,Agoseris,grandiflora,,,leptophylla,native,S5,,48.867606670000001,-123.339086699999996,,NA,NA,"13973314",obs_native,file:///D:/Simon/Sync/Root/GIS/Biodiversity%20Data/obs_native.csv?type=csv&maxFields=10000&detectTypes=yes&xField=longitude&yField=latitude&crs=EPSG:4326&spatialIndex=no&subsetIndex=no&watchFile=no
"78610",Grindelia hirsutula var. hirsutula,Grindelia,hirsutula,,,,native,S4,,48.867516670000001,-123.339299999999994,,NA,NA,"13973318",obs_native,file:///D:/Simon/Sync/Root/GIS/Biodiversity%20Data/obs_native.csv?type=csv&maxFields=10000&detectTypes=yes&xField=longitude&yField=latitude&crs=EPSG:4326&spatialIndex=no&subsetIndex=no&watchFile=no
"78710",Quercus garryana var. garryana,Quercus,garryana,,,,native,S5,,48.868115000000003,-123.340670000000003,,NA,NA,"13973323",obs_native,file:///D:/Simon/Sync/Root/GIS/Biodiversity%20Data/obs_native.csv?type=csv&maxFields=10000&detectTypes=yes&xField=longitude&yField=latitude&crs=EPSG:4326&spatialIndex=no&subsetIndex=no&watchFile=no
"78810",Sanicula crassicaulis var. crassicaulis,Sanicula,crassicaulis,,,,native,S5,,48.869073329999999,-123.341329999999999,,NA,NA,"13973333",obs_native,file:///D:/Simon/Sync/Root/GIS/Biodiversity%20Data/obs_native.csv?type=csv&maxFields=10000&detectTypes=yes&xField=longitude&yField=latitude&crs=EPSG:4326&spatialIndex=no&subsetIndex=no&watchFile=no
"78910",Elymus glaucus ssp. glaucus,Elymus,glaucus,,,,native,S5,,48.870938330000001,-123.346811700000003,,NA,NA,"13973342",obs_native,file:///D:/Simon/Sync/Root/GIS/Biodiversity%20Data/obs_native.csv?type=csv&maxFields=10000&detectTypes=yes&xField=longitude&yField=latitude&crs=EPSG:4326&spatialIndex=no&subsetIndex=no&watchFile=no
"79110",Sambucus racemosa var. arborescens,Sambucus,racemosa,,,arborescens,native,S5,,48.873757320000003,-123.348878600000006,,NA,NA,"13973463",obs_native,file:///D:/Simon/Sync/Root/GIS/Biodiversity%20Data/obs_native.csv?type=csv&maxFields=10000&detectTypes=yes&xField=longitude&yField=latitude&crs=EPSG:4326&spatialIndex=no&subsetIndex=no&watchFile=no
"79210",Pinus contorta ssp. contorta,Pinus,contorta,,,,native,S5,,48.910008329999997,-123.374736700000000,,NA,NA,"13973812",obs_native,file:///D:/Simon/Sync/Root/GIS/Biodiversity%20Data/obs_native.csv?type=csv&maxFields=10000&detectTypes=yes&xField=longitude&yField=latitude&crs=EPSG:4326&spatialIndex=no&subsetIndex=no&watchFile=no
"79310",Pteridium aquilinum ssp. pubescens,Pteridium,aquilinum,,pubescens,,native,S5,,48.911810000000003,-123.386388299999993,,NA,NA,"13973816",obs_native,file:///D:/Simon/Sync/Root/GIS/Biodiversity%20Data/obs_native.csv?type=csv&maxFields=10000&detectTypes=yes&xField=longitude&yField=latitude&crs=EPSG:4326&spatialIndex=no&subsetIndex=no&watchFile=no
"79410",Fragaria vesca ssp. bracteata,Fragaria,vesca,,bracteata,,native,S5,,48.912936670000001,-123.387096700000001,,NA,NA,"13973826",obs_native,file:///D:/Simon/Sync/Root/GIS/Biodiversity%20Data/obs_native.csv?type=csv&maxFields=10000&detectTypes=yes&xField=longitude&yField=latitude&crs=EPSG:4326&spatialIndex=no&subsetIndex=no&watchFile=no
"79510",Heuchera micrantha var. diversifolia,Heuchera,micrantha,,,diversifolia,native,S5,,48.899841670000001,-123.407399999999996,,NA,NA,"13973827",obs_native,file:///D:/Simon/Sync/Root/GIS/Biodiversity%20Data/obs_native.csv?type=csv&maxFields=10000&detectTypes=yes&xField=longitude&yField=latitude&crs=EPSG:4326&spatialIndex=no&subsetIndex=no&watchFile=no
"79610",Symphoricarpos albus var. laevigatus,Symphoricarpos,albus,,,laevigatus,native,S5,,48.899741669999997,-123.407566700000004,,NA,NA,"13973829",obs_native,file:///D:/Simon/Sync/Root/GIS/Biodiversity%20Data/obs_native.csv?type=csv&maxFields=10000&detectTypes=yes&xField=longitude&yField=latitude&crs=EPSG:4326&spatialIndex=no&subsetIndex=no&watchFile=no
"79710",Prunus emarginata var. emarginata,Prunus,emarginata,,,,native,S5,,48.899218329999997,-123.407628299999999,,NA,NA,"13973830",obs_native,file:///D:/Simon/Sync/Root/GIS/Biodiversity%20Data/obs_native.csv?type=csv&maxFields=10000&detectTypes=yes&xField=longitude&yField=latitude&crs=EPSG:4326&spatialIndex=no&subsetIndex=no&watchFile=no
"79810",Sarcocornia perennis,Sarcocornia,perennis,,,,native,S5,,48.898493330000001,-123.407618299999996,,NA,NA,"13974226",obs_native,file:///D:/Simon/Sync/Root/GIS/Biodiversity%20Data/obs_native.csv?type=csv&maxFields=10000&detectTypes=yes&xField=longitude&yField=latitude&crs=EPSG:4326&spatialIndex=no&subsetIndex=no&watchFile=no
"79910",Argentina anserina,Argentina,anserina,,,,native,S5,,48.898051670000001,-123.407801699999993,,NA,NA,"13974229",obs_native,file:///D:/Simon/Sync/Root/GIS/Biodiversity%20Data/obs_native.csv?type=csv&maxFields=10000&detectTypes=yes&xField=longitude&yField=latitude&crs=EPSG:4326&spatialIndex=no&subsetIndex=no&watchFile=no
"80110",Amelanchier alnifolia,Amelanchier,alnifolia,,,,native,S5,,48.896643330000003,-123.410178299999998,,NA,NA,"13974236",obs_native,file:///D:/Simon/Sync/Root/GIS/Biodiversity%20Data/obs_native.csv?type=csv&maxFields=10000&detectTypes=yes&xField=longitude&yField=latitude&crs=EPSG:4326&spatialIndex=no&subsetIndex=no&watchFile=no
"80210",Ribes divaricatum var. divaricatum,Ribes,divaricatum,,,,native,S5,,48.897280000000002,-123.409248300000002,,NA,NA,"13974237",obs_native,file:///D:/Simon/Sync/Root/GIS/Biodiversity%20Data/obs_native.csv?type=csv&maxFields=10000&detectTypes=yes&xField=longitude&yField=latitude&crs=EPSG:4326&spatialIndex=no&subsetIndex=no&watchFile=no
"80310",Rosa nutkana ssp. nutkana,Rosa,nutkana,,,,native,S5,,48.895956669999997,-123.410406699999996,,NA,NA,"13974240",obs_native,file:///D:/Simon/Sync/Root/GIS/Biodiversity%20Data/obs_native.csv?type=csv&maxFields=10000&detectTypes=yes&xField=longitude&yField=latitude&crs=EPSG:4326&spatialIndex=no&subsetIndex=no&watchFile=no
"80410",Hordeum brachyantherum ssp. brachyantherum,Hordeum,brachyantherum,,,,native,S5,,48.894170639999999,-123.336150900000007,,NA,NA,"13974438",obs_native,file:///D:/Simon/Sync/Root/GIS/Biodiversity%20Data/obs_native.csv?type=csv&maxFields=10000&detectTypes=yes&xField=longitude&yField=latitude&crs=EPSG:4326&spatialIndex=no&subsetIndex=no&watchFile=no
"80510",Stachys cooleyae,Stachys,cooleyae,,,,native,S5,,48.895919669999998,-123.344496000000007,,NA,NA,"13974444",obs_native,file:///D:/Simon/Sync/Root/GIS/Biodiversity%20Data/obs_native.csv?type=csv&maxFields=10000&detectTypes=yes&xField=longitude&yField=latitude&crs=EPSG:4326&spatialIndex=no&subsetIndex=no&watchFile=no
"80610",Spiraea douglasii var. douglasii,Spiraea,douglasii,,,,native,S5,,48.882421270000002,-123.351192600000005,,NA,NA,"13974446",obs_native,file:///D:/Simon/Sync/Root/GIS/Biodiversity%20Data/obs_native.csv?type=csv&maxFields=10000&detectTypes=yes&xField=longitude&yField=latitude&crs=EPSG:4326&spatialIndex=no&subsetIndex=no&watchFile=no
"80710",Brodiaea coronaria,Brodiaea,coronaria,,,,native,S5,,48.866306999999999,-123.334069000000000,,NA,NA,"13979612",obs_native,file:///D:/Simon/Sync/Root/GIS/Biodiversity%20Data/obs_native.csv?type=csv&maxFields=10000&detectTypes=yes&xField=longitude&yField=latitude&crs=EPSG:4326&spatialIndex=no&subsetIndex=no&watchFile=no
"80810",Quercus garryana var. garryana,Quercus,garryana,,,,native,S5,,48.867742999999997,-123.339455000000001,,NA,NA,"13979918",obs_native,file:///D:/Simon/Sync/Root/GIS/Biodiversity%20Data/obs_native.csv?type=csv&maxFields=10000&detectTypes=yes&xField=longitude&yField=latitude&crs=EPSG:4326&spatialIndex=no&subsetIndex=no&watchFile=no
"80910",Holodiscus discolor var. discolor,Holodiscus,discolor,,,,native,S5,,48.873002780000000,-123.348419399999997,,NA,NA,"13983646",obs_native,file:///D:/Simon/Sync/Root/GIS/Biodiversity%20Data/obs_native.csv?type=csv&maxFields=10000&detectTypes=yes&xField=longitude&yField=latitude&crs=EPSG:4326&spatialIndex=no&subsetIndex=no&watchFile=no
"81010",Prunus emarginata var. emarginata,Prunus,emarginata,,,,native,S5,,48.872999999999998,-123.346869400000003,,NA,NA,"13984025",obs_native,file:///D:/Simon/Sync/Root/GIS/Biodiversity%20Data/obs_native.csv?type=csv&maxFields=10000&detectTypes=yes&xField=longitude&yField=latitude&crs=EPSG:4326&spatialIndex=no&subsetIndex=no&watchFile=no
"81110",Pseudotsuga menziesii var. menziesii,Pseudotsuga,menziesii,,,,native,S5,,48.867158330000002,-123.337411099999997,,NA,NA,"13984590",obs_native,file:///D:/Simon/Sync/Root/GIS/Biodiversity%20Data/obs_native.csv?type=csv&maxFields=10000&detectTypes=yes&xField=longitude&yField=latitude&crs=EPSG:4326&spatialIndex=no&subsetIndex=no&watchFile=no
"81210",Sambucus racemosa var. arborescens,Sambucus,racemosa,,,arborescens,native,S5,,48.919373190000002,-123.404489200000000,,NA,NA,"13990496",obs_native,file:///D:/Simon/Sync/Root/GIS/Biodiversity%20Data/obs_native.csv?type=csv&maxFields=10000&detectTypes=yes&xField=longitude&yField=latitude&crs=EPSG:4326&spatialIndex=no&subsetIndex=no&watchFile=no
"81610",Spiraea douglasii var. douglasii,Spiraea,douglasii,,,,native,S5,,48.872646000000003,-123.370208000000005,,NA,NA,"14370202",obs_native,file:///D:/Simon/Sync/Root/GIS/Biodiversity%20Data/obs_native.csv?type=csv&maxFields=10000&detectTypes=yes&xField=longitude&yField=latitude&crs=EPSG:4326&spatialIndex=no&subsetIndex=no&watchFile=no
"82110",Stachys cooleyae,Stachys,cooleyae,,,,native,S5,,48.910351949999999,-123.381564699999998,,NA,NA,"14892599",obs_native,file:///D:/Simon/Sync/Root/GIS/Biodiversity%20Data/obs_native.csv?type=csv&maxFields=10000&detectTypes=yes&xField=longitude&yField=latitude&crs=EPSG:4326&spatialIndex=no&subsetIndex=no&watchFile=no
"82210",Rumex transitorius,Rumex,transitorius,,,,native,S5 (2019),,48.900557069999998,-123.407024199999995,,NA,NA,"15038970",obs_native,file:///D:/Simon/Sync/Root/GIS/Biodiversity%20Data/obs_native.csv?type=csv&maxFields=10000&detectTypes=yes&xField=longitude&yField=latitude&crs=EPSG:4326&spatialIndex=no&subsetIndex=no&watchFile=no
"82310",Quercus garryana var. garryana,Quercus,garryana,,,,native,S5,,48.868165110000000,-123.377045800000005,,NA,NA,"15377583",obs_native,file:///D:/Simon/Sync/Root/GIS/Biodiversity%20Data/obs_native.csv?type=csv&maxFields=10000&detectTypes=yes&xField=longitude&yField=latitude&crs=EPSG:4326&spatialIndex=no&subsetIndex=no&watchFile=no
"82410",Stellaria borealis ssp. sitchana,Stellaria,borealis,,sitchana,,native,S5,,48.995433390000002,-123.577727600000003,,NA,NA,"15412679",obs_native,file:///D:/Simon/Sync/Root/GIS/Biodiversity%20Data/obs_native.csv?type=csv&maxFields=10000&detectTypes=yes&xField=longitude&yField=latitude&crs=EPSG:4326&spatialIndex=no&subsetIndex=no&watchFile=no
"82510",Fragaria vesca ssp. bracteata,Fragaria,vesca,,bracteata,,native,S5,,48.995433390000002,-123.577727600000003,,NA,NA,"15412681",obs_native,file:///D:/Simon/Sync/Root/GIS/Biodiversity%20Data/obs_native.csv?type=csv&maxFields=10000&detectTypes=yes&xField=longitude&yField=latitude&crs=EPSG:4326&spatialIndex=no&subsetIndex=no&watchFile=no
"82610",Kalmia microphylla var. occidentalis,Kalmia,microphylla,,,occidentalis,native,S5,,48.983538770000003,-123.556732900000000,,NA,NA,"15412685",obs_native,file:///D:/Simon/Sync/Root/GIS/Biodiversity%20Data/obs_native.csv?type=csv&maxFields=10000&detectTypes=yes&xField=longitude&yField=latitude&crs=EPSG:4326&spatialIndex=no&subsetIndex=no&watchFile=no
"82710",Stellaria borealis ssp. sitchana,Stellaria,borealis,,sitchana,,native,S5,,48.948658530000003,-123.502786999999998,,NA,NA,"15412694",obs_native,file:///D:/Simon/Sync/Root/GIS/Biodiversity%20Data/obs_native.csv?type=csv&maxFields=10000&detectTypes=yes&xField=longitude&yField=latitude&crs=EPSG:4326&spatialIndex=no&subsetIndex=no&watchFile=no
"82810",Tiarella trifoliata var. trifoliata,Tiarella,trifoliata,,,,native,S5,,48.948658530000003,-123.502786999999998,,NA,NA,"15412695",obs_native,file:///D:/Simon/Sync/Root/GIS/Biodiversity%20Data/obs_native.csv?type=csv&maxFields=10000&detectTypes=yes&xField=longitude&yField=latitude&crs=EPSG:4326&spatialIndex=no&subsetIndex=no&watchFile=no
"82910",Cornus sericea ssp. occidentalis,Cornus,sericea,,occidentalis,,native,S5,,48.948658530000003,-123.502786999999998,,NA,NA,"15412701",obs_native,file:///D:/Simon/Sync/Root/GIS/Biodiversity%20Data/obs_native.csv?type=csv&maxFields=10000&detectTypes=yes&xField=longitude&yField=latitude&crs=EPSG:4326&spatialIndex=no&subsetIndex=no&watchFile=no
"83010",Symphoricarpos albus var. laevigatus,Symphoricarpos,albus,,,laevigatus,native,S5,,48.926513890000003,-123.468697199999994,,NA,NA,"16152471",obs_native,file:///D:/Simon/Sync/Root/GIS/Biodiversity%20Data/obs_native.csv?type=csv&maxFields=10000&detectTypes=yes&xField=longitude&yField=latitude&crs=EPSG:4326&spatialIndex=no&subsetIndex=no&watchFile=no
"83110",Prunus emarginata var. emarginata,Prunus,emarginata,,,,native,S5,,48.926675000000003,-123.469336100000007,,NA,NA,"16152478",obs_native,file:///D:/Simon/Sync/Root/GIS/Biodiversity%20Data/obs_native.csv?type=csv&maxFields=10000&detectTypes=yes&xField=longitude&yField=latitude&crs=EPSG:4326&spatialIndex=no&subsetIndex=no&watchFile=no
"83210",Holodiscus discolor var. discolor,Holodiscus,discolor,,,,native,S5,,48.926841670000002,-123.470352800000001,,NA,NA,"16152485",obs_native,file:///D:/Simon/Sync/Root/GIS/Biodiversity%20Data/obs_native.csv?type=csv&maxFields=10000&detectTypes=yes&xField=longitude&yField=latitude&crs=EPSG:4326&spatialIndex=no&subsetIndex=no&watchFile=no
"83310",Cerastium arvense ssp. strictum,Cerastium,arvense,,strictum,,native,S5,,48.939836470000003,-123.504103700000002,,NA,NA,"16307021",obs_native,file:///D:/Simon/Sync/Root/GIS/Biodiversity%20Data/obs_native.csv?type=csv&maxFields=10000&detectTypes=yes&xField=longitude&yField=latitude&crs=EPSG:4326&spatialIndex=no&subsetIndex=no&watchFile=no
"83410",Heuchera micrantha var. diversifolia,Heuchera,micrantha,,,diversifolia,native,S5,,48.940428439999998,-123.503384900000000,,NA,NA,"16307025",obs_native,file:///D:/Simon/Sync/Root/GIS/Biodiversity%20Data/obs_native.csv?type=csv&maxFields=10000&detectTypes=yes&xField=longitude&yField=latitude&crs=EPSG:4326&spatialIndex=no&subsetIndex=no&watchFile=no
"83510",Amelanchier alnifolia,Amelanchier,alnifolia,,,,native,S5,,48.940231109999999,-123.503631600000006,,NA,NA,"16309745",obs_native,file:///D:/Simon/Sync/Root/GIS/Biodiversity%20Data/obs_native.csv?type=csv&maxFields=10000&detectTypes=yes&xField=longitude&yField=latitude&crs=EPSG:4326&spatialIndex=no&subsetIndex=no&watchFile=no
"83610",Cerastium arvense ssp. strictum,Cerastium,arvense,,strictum,,native,S5,,48.866956060000000,-123.341274999999996,,NA,NA,"16310352",obs_native,file:///D:/Simon/Sync/Root/GIS/Biodiversity%20Data/obs_native.csv?type=csv&maxFields=10000&detectTypes=yes&xField=longitude&yField=latitude&crs=EPSG:4326&spatialIndex=no&subsetIndex=no&watchFile=no
"83710",Pentagramma triangularis ssp. triangularis,Pentagramma,triangularis,,,,native,S5,,48.866956060000000,-123.341274999999996,,NA,NA,"16310358",obs_native,file:///D:/Simon/Sync/Root/GIS/Biodiversity%20Data/obs_native.csv?type=csv&maxFields=10000&detectTypes=yes&xField=longitude&yField=latitude&crs=EPSG:4326&spatialIndex=no&subsetIndex=no&watchFile=no
"83810",Sedum lanceolatum var. nesioticum,Sedum,lanceolatum,,,nesioticum,native,S3S4,,48.866956060000000,-123.341274999999996,,NA,NA,"16310377",obs_native,file:///D:/Simon/Sync/Root/GIS/Biodiversity%20Data/obs_native.csv?type=csv&maxFields=10000&detectTypes=yes&xField=longitude&yField=latitude&crs=EPSG:4326&spatialIndex=no&subsetIndex=no&watchFile=no
"83910",Sanicula crassicaulis var. crassicaulis,Sanicula,crassicaulis,,,,native,S5,,48.866956060000000,-123.341274999999996,,NA,NA,"16310385",obs_native,file:///D:/Simon/Sync/Root/GIS/Biodiversity%20Data/obs_native.csv?type=csv&maxFields=10000&detectTypes=yes&xField=longitude&yField=latitude&crs=EPSG:4326&spatialIndex=no&subsetIndex=no&watchFile=no
"84010",Heuchera micrantha var. diversifolia,Heuchera,micrantha,,,diversifolia,native,S5,,48.862075109999999,-123.372181200000000,,NA,NA,"16344390",obs_native,file:///D:/Simon/Sync/Root/GIS/Biodiversity%20Data/obs_native.csv?type=csv&maxFields=10000&detectTypes=yes&xField=longitude&yField=latitude&crs=EPSG:4326&spatialIndex=no&subsetIndex=no&watchFile=no
"84110",Quercus garryana var. garryana,Quercus,garryana,,,,native,S5,,48.862075109999999,-123.372181200000000,,NA,NA,"16344391",obs_native,file:///D:/Simon/Sync/Root/GIS/Biodiversity%20Data/obs_native.csv?type=csv&maxFields=10000&detectTypes=yes&xField=longitude&yField=latitude&crs=EPSG:4326&spatialIndex=no&subsetIndex=no&watchFile=no
"84210",Claytonia exigua ssp. exigua,Claytonia,exigua,,,,native,S4,,48.957312940000001,-123.530222499999994,,NA,NA,"16344820",obs_native,file:///D:/Simon/Sync/Root/GIS/Biodiversity%20Data/obs_native.csv?type=csv&maxFields=10000&detectTypes=yes&xField=longitude&yField=latitude&crs=EPSG:4326&spatialIndex=no&subsetIndex=no&watchFile=no
"84310",Claytonia exigua ssp. exigua,Claytonia,exigua,,,,native,S4,,48.957312940000001,-123.530222499999994,,NA,NA,"16344831",obs_native,file:///D:/Simon/Sync/Root/GIS/Biodiversity%20Data/obs_native.csv?type=csv&maxFields=10000&detectTypes=yes&xField=longitude&yField=latitude&crs=EPSG:4326&spatialIndex=no&subsetIndex=no&watchFile=no
"84610",Sarcocornia perennis,Sarcocornia,perennis,,,,native,S5,,48.970678329999998,-123.559804999999997,,NA,NA,"17905796",obs_native,file:///D:/Simon/Sync/Root/GIS/Biodiversity%20Data/obs_native.csv?type=csv&maxFields=10000&detectTypes=yes&xField=longitude&yField=latitude&crs=EPSG:4326&spatialIndex=no&subsetIndex=no&watchFile=no
"84710",Cornus sericea ssp. occidentalis,Cornus,sericea,,occidentalis,,native,S5,,48.948574999999998,-123.518661699999996,,NA,NA,"17905893",obs_native,file:///D:/Simon/Sync/Root/GIS/Biodiversity%20Data/obs_native.csv?type=csv&maxFields=10000&detectTypes=yes&xField=longitude&yField=latitude&crs=EPSG:4326&spatialIndex=no&subsetIndex=no&watchFile=no
"84810",Heuchera micrantha var. diversifolia,Heuchera,micrantha,,,diversifolia,native,S5,,48.941636670000001,-123.501091700000003,,NA,NA,"17905919",obs_native,file:///D:/Simon/Sync/Root/GIS/Biodiversity%20Data/obs_native.csv?type=csv&maxFields=10000&detectTypes=yes&xField=longitude&yField=latitude&crs=EPSG:4326&spatialIndex=no&subsetIndex=no&watchFile=no
"84910",Symphoricarpos albus var. laevigatus,Symphoricarpos,albus,,,laevigatus,native,S5,,48.941638330000004,-123.501000000000005,,NA,NA,"17905930",obs_native,file:///D:/Simon/Sync/Root/GIS/Biodiversity%20Data/obs_native.csv?type=csv&maxFields=10000&detectTypes=yes&xField=longitude&yField=latitude&crs=EPSG:4326&spatialIndex=no&subsetIndex=no&watchFile=no
"85010",Pseudotsuga menziesii var. menziesii,Pseudotsuga,menziesii,,,,native,S5,,48.953478130000001,-123.509390100000005,,NA,NA,"19565900",obs_native,file:///D:/Simon/Sync/Root/GIS/Biodiversity%20Data/obs_native.csv?type=csv&maxFields=10000&detectTypes=yes&xField=longitude&yField=latitude&crs=EPSG:4326&spatialIndex=no&subsetIndex=no&watchFile=no
"85110",Pinus ponderosa var. ponderosa,Pinus,ponderosa,,,,native,S4S5,,48.957134959999998,-123.533817600000006,,NA,NA,"19743981",obs_native,file:///D:/Simon/Sync/Root/GIS/Biodiversity%20Data/obs_native.csv?type=csv&maxFields=10000&detectTypes=yes&xField=longitude&yField=latitude&crs=EPSG:4326&spatialIndex=no&subsetIndex=no&watchFile=no
"85210",Fragaria vesca ssp. bracteata,Fragaria,vesca,,bracteata,,native,S5,,48.867550000000001,-123.356771699999996,,NA,NA,"19886056",obs_native,file:///D:/Simon/Sync/Root/GIS/Biodiversity%20Data/obs_native.csv?type=csv&maxFields=10000&detectTypes=yes&xField=longitude&yField=latitude&crs=EPSG:4326&spatialIndex=no&subsetIndex=no&watchFile=no
"85310",Sanicula crassicaulis var. crassicaulis,Sanicula,crassicaulis,,,,native,S5,,48.867899999999999,-123.356321699999995,,NA,NA,"19886069",obs_native,file:///D:/Simon/Sync/Root/GIS/Biodiversity%20Data/obs_native.csv?type=csv&maxFields=10000&detectTypes=yes&xField=longitude&yField=latitude&crs=EPSG:4326&spatialIndex=no&subsetIndex=no&watchFile=no
"85410",Quercus garryana var. garryana,Quercus,garryana,,,,native,S5,,48.862559589999996,-123.373520400000004,,NA,NA,"20199471",obs_native,file:///D:/Simon/Sync/Root/GIS/Biodiversity%20Data/obs_native.csv?type=csv&maxFields=10000&detectTypes=yes&xField=longitude&yField=latitude&crs=EPSG:4326&spatialIndex=no&subsetIndex=no&watchFile=no
"85510",Pseudotsuga menziesii var. menziesii,Pseudotsuga,menziesii,,,,native,S5,,48.867136100000003,-123.337366399999993,,NA,NA,"20378028",obs_native,file:///D:/Simon/Sync/Root/GIS/Biodiversity%20Data/obs_native.csv?type=csv&maxFields=10000&detectTypes=yes&xField=longitude&yField=latitude&crs=EPSG:4326&spatialIndex=no&subsetIndex=no&watchFile=no
"85610",Quercus garryana var. garryana,Quercus,garryana,,,,native,S5,,48.867603400000000,-123.339363399999996,,NA,NA,"20378031",obs_native,file:///D:/Simon/Sync/Root/GIS/Biodiversity%20Data/obs_native.csv?type=csv&maxFields=10000&detectTypes=yes&xField=longitude&yField=latitude&crs=EPSG:4326&spatialIndex=no&subsetIndex=no&watchFile=no
"85710",Pseudotsuga menziesii var. menziesii,Pseudotsuga,menziesii,,,,native,S5,,48.868632099999999,-123.346319399999999,,NA,NA,"20707097",obs_native,file:///D:/Simon/Sync/Root/GIS/Biodiversity%20Data/obs_native.csv?type=csv&maxFields=10000&detectTypes=yes&xField=longitude&yField=latitude&crs=EPSG:4326&spatialIndex=no&subsetIndex=no&watchFile=no
"85810",Plectritis congesta ssp. congesta,Plectritis,congesta,,,,native,S5,,48.939428329999998,-123.501326700000007,,NA,NA,"20738995",obs_native,file:///D:/Simon/Sync/Root/GIS/Biodiversity%20Data/obs_native.csv?type=csv&maxFields=10000&detectTypes=yes&xField=longitude&yField=latitude&crs=EPSG:4326&spatialIndex=no&subsetIndex=no&watchFile=no
"85910",Sanicula crassicaulis var. crassicaulis,Sanicula,crassicaulis,,,,native,S5,,48.939428329999998,-123.501276700000005,,NA,NA,"20738999",obs_native,file:///D:/Simon/Sync/Root/GIS/Biodiversity%20Data/obs_native.csv?type=csv&maxFields=10000&detectTypes=yes&xField=longitude&yField=latitude&crs=EPSG:4326&spatialIndex=no&subsetIndex=no&watchFile=no
"86010",Pseudotsuga menziesii var. menziesii,Pseudotsuga,menziesii,,,,native,S5,,48.899763329999999,-123.407386700000004,,NA,NA,"20741343",obs_native,file:///D:/Simon/Sync/Root/GIS/Biodiversity%20Data/obs_native.csv?type=csv&maxFields=10000&detectTypes=yes&xField=longitude&yField=latitude&crs=EPSG:4326&spatialIndex=no&subsetIndex=no&watchFile=no
"86210",Pseudotsuga menziesii var. menziesii,Pseudotsuga,menziesii,,,,native,S5,,48.995536670000000,-123.571196700000002,,NA,NA,"21351267",obs_native,file:///D:/Simon/Sync/Root/GIS/Biodiversity%20Data/obs_native.csv?type=csv&maxFields=10000&detectTypes=yes&xField=longitude&yField=latitude&crs=EPSG:4326&spatialIndex=no&subsetIndex=no&watchFile=no
"86310",Pinus ponderosa var. ponderosa,Pinus,ponderosa,,,,native,S4S5,,48.952550000000002,-123.519705000000002,,NA,NA,"21351539",obs_native,file:///D:/Simon/Sync/Root/GIS/Biodiversity%20Data/obs_native.csv?type=csv&maxFields=10000&detectTypes=yes&xField=longitude&yField=latitude&crs=EPSG:4326&spatialIndex=no&subsetIndex=no&watchFile=no
"86510",Grindelia hirsutula var. hirsutula,Grindelia,hirsutula,,,,native,S4,,48.868508960000000,-123.377363399999993,,NA,NA,"21817800",obs_native,file:///D:/Simon/Sync/Root/GIS/Biodiversity%20Data/obs_native.csv?type=csv&maxFields=10000&detectTypes=yes&xField=longitude&yField=latitude&crs=EPSG:4326&spatialIndex=no&subsetIndex=no&watchFile=no
"86610",Pseudotsuga menziesii var. menziesii,Pseudotsuga,menziesii,,,,native,S5,,48.868780690000001,-123.346017500000002,,NA,NA,"21817819",obs_native,file:///D:/Simon/Sync/Root/GIS/Biodiversity%20Data/obs_native.csv?type=csv&maxFields=10000&detectTypes=yes&xField=longitude&yField=latitude&crs=EPSG:4326&spatialIndex=no&subsetIndex=no&watchFile=no
"86910",Ribes divaricatum var. divaricatum,Ribes,divaricatum,,,,native,S5,,48.943219999999997,-123.501296699999997,,NA,NA,"22099166",obs_native,file:///D:/Simon/Sync/Root/GIS/Biodiversity%20Data/obs_native.csv?type=csv&maxFields=10000&detectTypes=yes&xField=longitude&yField=latitude&crs=EPSG:4326&spatialIndex=no&subsetIndex=no&watchFile=no
"87010",Cerastium arvense ssp. strictum,Cerastium,arvense,,strictum,,native,S5,,48.867766670000002,-123.340180000000004,,NA,NA,"22182202",obs_native,file:///D:/Simon/Sync/Root/GIS/Biodiversity%20Data/obs_native.csv?type=csv&maxFields=10000&detectTypes=yes&xField=longitude&yField=latitude&crs=EPSG:4326&spatialIndex=no&subsetIndex=no&watchFile=no
"87110",Plectritis congesta ssp. congesta,Plectritis,congesta,,,,native,S5,,48.959586670000000,-123.534570000000002,,NA,NA,"22182561",obs_native,file:///D:/Simon/Sync/Root/GIS/Biodiversity%20Data/obs_native.csv?type=csv&maxFields=10000&detectTypes=yes&xField=longitude&yField=latitude&crs=EPSG:4326&spatialIndex=no&subsetIndex=no&watchFile=no
"87310",Ranunculus occidentalis var. occidentalis,Ranunculus,occidentalis,,,,native,S5,,48.956305000000000,-123.527929999999998,,NA,NA,"22182805",obs_native,file:///D:/Simon/Sync/Root/GIS/Biodiversity%20Data/obs_native.csv?type=csv&maxFields=10000&detectTypes=yes&xField=longitude&yField=latitude&crs=EPSG:4326&spatialIndex=no&subsetIndex=no&watchFile=no
"87410",Plectritis congesta ssp. congesta,Plectritis,congesta,,,,native,S5,,49.009414370000002,-123.584892100000005,,NA,NA,"22313256",obs_native,file:///D:/Simon/Sync/Root/GIS/Biodiversity%20Data/obs_native.csv?type=csv&maxFields=10000&detectTypes=yes&xField=longitude&yField=latitude&crs=EPSG:4326&spatialIndex=no&subsetIndex=no&watchFile=no
"87510",Calandrinia ciliata,Calandrinia,ciliata,,,,native,S3S4,,48.867053329999997,-123.337211699999997,,NA,NA,"22384382",obs_native,file:///D:/Simon/Sync/Root/GIS/Biodiversity%20Data/obs_native.csv?type=csv&maxFields=10000&detectTypes=yes&xField=longitude&yField=latitude&crs=EPSG:4326&spatialIndex=no&subsetIndex=no&watchFile=no
"87710",Ranunculus occidentalis var. occidentalis,Ranunculus,occidentalis,,,,native,S5,,48.868329000000003,-123.341155999999998,,NA,NA,"22633228",obs_native,file:///D:/Simon/Sync/Root/GIS/Biodiversity%20Data/obs_native.csv?type=csv&maxFields=10000&detectTypes=yes&xField=longitude&yField=latitude&crs=EPSG:4326&spatialIndex=no&subsetIndex=no&watchFile=no
"87810",Cerastium arvense ssp. strictum,Cerastium,arvense,,strictum,,native,S5,,48.867556000000000,-123.340185000000005,,NA,NA,"22633423",obs_native,file:///D:/Simon/Sync/Root/GIS/Biodiversity%20Data/obs_native.csv?type=csv&maxFields=10000&detectTypes=yes&xField=longitude&yField=latitude&crs=EPSG:4326&spatialIndex=no&subsetIndex=no&watchFile=no
"87910",Sanicula crassicaulis var. crassicaulis,Sanicula,crassicaulis,,,,native,S5,,48.960428640000003,-123.531903400000004,,NA,NA,"22665732",obs_native,file:///D:/Simon/Sync/Root/GIS/Biodiversity%20Data/obs_native.csv?type=csv&maxFields=10000&detectTypes=yes&xField=longitude&yField=latitude&crs=EPSG:4326&spatialIndex=no&subsetIndex=no&watchFile=no
"88010",Sambucus racemosa var. arborescens,Sambucus,racemosa,,,arborescens,native,S5,,48.908042780000002,-123.390023700000000,,NA,NA,"22784733",obs_native,file:///D:/Simon/Sync/Root/GIS/Biodiversity%20Data/obs_native.csv?type=csv&maxFields=10000&detectTypes=yes&xField=longitude&yField=latitude&crs=EPSG:4326&spatialIndex=no&subsetIndex=no&watchFile=no
"88110",Prunus emarginata var. emarginata,Prunus,emarginata,,,,native,S5,,48.907911730000002,-123.389672700000006,,NA,NA,"22786366",obs_native,file:///D:/Simon/Sync/Root/GIS/Biodiversity%20Data/obs_native.csv?type=csv&maxFields=10000&detectTypes=yes&xField=longitude&yField=latitude&crs=EPSG:4326&spatialIndex=no&subsetIndex=no&watchFile=no
"88210",Holodiscus discolor var. discolor,Holodiscus,discolor,,,,native,S5,,48.864852890000002,-123.333182199999996,,NA,NA,"22799475",obs_native,file:///D:/Simon/Sync/Root/GIS/Biodiversity%20Data/obs_native.csv?type=csv&maxFields=10000&detectTypes=yes&xField=longitude&yField=latitude&crs=EPSG:4326&spatialIndex=no&subsetIndex=no&watchFile=no
"88310",Heuchera micrantha var. diversifolia,Heuchera,micrantha,,,diversifolia,native,S5,,48.864603330000001,-123.333378300000007,,NA,NA,"22799476",obs_native,file:///D:/Simon/Sync/Root/GIS/Biodiversity%20Data/obs_native.csv?type=csv&maxFields=10000&detectTypes=yes&xField=longitude&yField=latitude&crs=EPSG:4326&spatialIndex=no&subsetIndex=no&watchFile=no
"88410",Ranunculus occidentalis var. occidentalis,Ranunculus,occidentalis,,,,native,S5,,48.872946669999997,-123.311400000000006,,NA,NA,"22799478",obs_native,file:///D:/Simon/Sync/Root/GIS/Biodiversity%20Data/obs_native.csv?type=csv&maxFields=10000&detectTypes=yes&xField=longitude&yField=latitude&crs=EPSG:4326&spatialIndex=no&subsetIndex=no&watchFile=no
"88510",Ranunculus occidentalis var. occidentalis,Ranunculus,occidentalis,,,,native,S5,,48.872148009999997,-123.310879000000000,,NA,NA,"22799487",obs_native,file:///D:/Simon/Sync/Root/GIS/Biodiversity%20Data/obs_native.csv?type=csv&maxFields=10000&detectTypes=yes&xField=longitude&yField=latitude&crs=EPSG:4326&spatialIndex=no&subsetIndex=no&watchFile=no
"88810",Pseudotsuga menziesii var. menziesii,Pseudotsuga,menziesii,,,,native,S5,,48.867324820000000,-123.338506499999994,,NA,NA,"22845163",obs_native,file:///D:/Simon/Sync/Root/GIS/Biodiversity%20Data/obs_native.csv?type=csv&maxFields=10000&detectTypes=yes&xField=longitude&yField=latitude&crs=EPSG:4326&spatialIndex=no&subsetIndex=no&watchFile=no
"88910",Corallorhiza maculata var. occidentalis,Corallorhiza,maculata,,,occidentalis,native,S5,,48.965686669999997,-123.552811700000007,,NA,NA,"22868276",obs_native,file:///D:/Simon/Sync/Root/GIS/Biodiversity%20Data/obs_native.csv?type=csv&maxFields=10000&detectTypes=yes&xField=longitude&yField=latitude&crs=EPSG:4326&spatialIndex=no&subsetIndex=no&watchFile=no
"89010",Plectritis congesta ssp. congesta,Plectritis,congesta,,,,native,S5,,48.911980000000000,-123.386466700000000,,NA,NA,"22996746",obs_native,file:///D:/Simon/Sync/Root/GIS/Biodiversity%20Data/obs_native.csv?type=csv&maxFields=10000&detectTypes=yes&xField=longitude&yField=latitude&crs=EPSG:4326&spatialIndex=no&subsetIndex=no&watchFile=no
"89110",Fragaria vesca ssp. bracteata,Fragaria,vesca,,bracteata,,native,S5,,48.911738329999999,-123.386396700000006,,NA,NA,"22996847",obs_native,file:///D:/Simon/Sync/Root/GIS/Biodiversity%20Data/obs_native.csv?type=csv&maxFields=10000&detectTypes=yes&xField=longitude&yField=latitude&crs=EPSG:4326&spatialIndex=no&subsetIndex=no&watchFile=no
"89210",Plectritis congesta ssp. congesta,Plectritis,congesta,,,,native,S5,,48.938725339999998,-123.500889200000003,,NA,NA,"23552676",obs_native,file:///D:/Simon/Sync/Root/GIS/Biodiversity%20Data/obs_native.csv?type=csv&maxFields=10000&detectTypes=yes&xField=longitude&yField=latitude&crs=EPSG:4326&spatialIndex=no&subsetIndex=no&watchFile=no
"89310",Pteridium aquilinum ssp. pubescens,Pteridium,aquilinum,,pubescens,,native,S5,,48.871971670000001,-123.337183300000007,,NA,NA,"23841871",obs_native,file:///D:/Simon/Sync/Root/GIS/Biodiversity%20Data/obs_native.csv?type=csv&maxFields=10000&detectTypes=yes&xField=longitude&yField=latitude&crs=EPSG:4326&spatialIndex=no&subsetIndex=no&watchFile=no
"89410",Ranunculus occidentalis var. occidentalis,Ranunculus,occidentalis,,,,native,S5,,48.859406669999998,-123.353778300000002,,NA,NA,"24082021",obs_native,file:///D:/Simon/Sync/Root/GIS/Biodiversity%20Data/obs_native.csv?type=csv&maxFields=10000&detectTypes=yes&xField=longitude&yField=latitude&crs=EPSG:4326&spatialIndex=no&subsetIndex=no&watchFile=no
"89510",Ranunculus occidentalis var. occidentalis,Ranunculus,occidentalis,,,,native,S5,,48.867153330000001,-123.347653300000005,,NA,NA,"24094555",obs_native,file:///D:/Simon/Sync/Root/GIS/Biodiversity%20Data/obs_native.csv?type=csv&maxFields=10000&detectTypes=yes&xField=longitude&yField=latitude&crs=EPSG:4326&spatialIndex=no&subsetIndex=no&watchFile=no
"89610",Sambucus racemosa var. arborescens,Sambucus,racemosa,,,arborescens,native,S5,,49.002550229999997,-123.573858599999994,,NA,NA,"24259192",obs_native,file:///D:/Simon/Sync/Root/GIS/Biodiversity%20Data/obs_native.csv?type=csv&maxFields=10000&detectTypes=yes&xField=longitude&yField=latitude&crs=EPSG:4326&spatialIndex=no&subsetIndex=no&watchFile=no
"89710",Sarcocornia perennis,Sarcocornia,perennis,,,,native,S5,,49.012318559999997,-123.572986400000005,,NA,NA,"24259219",obs_native,file:///D:/Simon/Sync/Root/GIS/Biodiversity%20Data/obs_native.csv?type=csv&maxFields=10000&detectTypes=yes&xField=longitude&yField=latitude&crs=EPSG:4326&spatialIndex=no&subsetIndex=no&watchFile=no
"89810",Sanicula crassicaulis var. crassicaulis,Sanicula,crassicaulis,,,,native,S5,,49.013388329999998,-123.573241699999997,,NA,NA,"24259243",obs_native,file:///D:/Simon/Sync/Root/GIS/Biodiversity%20Data/obs_native.csv?type=csv&maxFields=10000&detectTypes=yes&xField=longitude&yField=latitude&crs=EPSG:4326&spatialIndex=no&subsetIndex=no&watchFile=no
"89910",Corallorhiza maculata var. occidentalis,Corallorhiza,maculata,,,occidentalis,native,S5,,48.928138890000000,-123.471916699999994,,NA,NA,"24352865",obs_native,file:///D:/Simon/Sync/Root/GIS/Biodiversity%20Data/obs_native.csv?type=csv&maxFields=10000&detectTypes=yes&xField=longitude&yField=latitude&crs=EPSG:4326&spatialIndex=no&subsetIndex=no&watchFile=no
"90010",Plectritis congesta ssp. congesta,Plectritis,congesta,,,,native,S5,,49.013315249999998,-123.572630399999994,,NA,NA,"24497670",obs_native,file:///D:/Simon/Sync/Root/GIS/Biodiversity%20Data/obs_native.csv?type=csv&maxFields=10000&detectTypes=yes&xField=longitude&yField=latitude&crs=EPSG:4326&spatialIndex=no&subsetIndex=no&watchFile=no
"90110",Ranunculus occidentalis var. occidentalis,Ranunculus,occidentalis,,,,native,S5,,49.013315249999998,-123.572630399999994,,NA,NA,"24497676",obs_native,file:///D:/Simon/Sync/Root/GIS/Biodiversity%20Data/obs_native.csv?type=csv&maxFields=10000&detectTypes=yes&xField=longitude&yField=latitude&crs=EPSG:4326&spatialIndex=no&subsetIndex=no&watchFile=no
"90210",Cerastium arvense ssp. strictum,Cerastium,arvense,,strictum,,native,S5,,49.013315249999998,-123.572630399999994,,NA,NA,"24497677",obs_native,file:///D:/Simon/Sync/Root/GIS/Biodiversity%20Data/obs_native.csv?type=csv&maxFields=10000&detectTypes=yes&xField=longitude&yField=latitude&crs=EPSG:4326&spatialIndex=no&subsetIndex=no&watchFile=no
"90310",Sanicula crassicaulis var. crassicaulis,Sanicula,crassicaulis,,,,native,S5,,49.013315249999998,-123.572630399999994,,NA,NA,"24497680",obs_native,file:///D:/Simon/Sync/Root/GIS/Biodiversity%20Data/obs_native.csv?type=csv&maxFields=10000&detectTypes=yes&xField=longitude&yField=latitude&crs=EPSG:4326&spatialIndex=no&subsetIndex=no&watchFile=no
"90410",Pseudotsuga menziesii var. menziesii,Pseudotsuga,menziesii,,,,native,S5,,49.007592539999997,-123.576028399999998,,NA,NA,"24497706",obs_native,file:///D:/Simon/Sync/Root/GIS/Biodiversity%20Data/obs_native.csv?type=csv&maxFields=10000&detectTypes=yes&xField=longitude&yField=latitude&crs=EPSG:4326&spatialIndex=no&subsetIndex=no&watchFile=no
"90510",Calypso bulbosa var. occidentalis,Calypso,bulbosa,,,occidentalis,native,S5,,48.862439000000002,-123.324945999999997,,NA,NA,"24520847",obs_native,file:///D:/Simon/Sync/Root/GIS/Biodiversity%20Data/obs_native.csv?type=csv&maxFields=10000&detectTypes=yes&xField=longitude&yField=latitude&crs=EPSG:4326&spatialIndex=no&subsetIndex=no&watchFile=no
"90610",Pseudotsuga menziesii var. menziesii,Pseudotsuga,menziesii,,,,native,S5,,48.897872520000000,-123.407963899999999,,NA,NA,"24533321",obs_native,file:///D:/Simon/Sync/Root/GIS/Biodiversity%20Data/obs_native.csv?type=csv&maxFields=10000&detectTypes=yes&xField=longitude&yField=latitude&crs=EPSG:4326&spatialIndex=no&subsetIndex=no&watchFile=no
"90710",Rosa nutkana ssp. nutkana,Rosa,nutkana,,,,native,S5,,48.897601559999998,-123.407900299999994,,NA,NA,"24535591",obs_native,file:///D:/Simon/Sync/Root/GIS/Biodiversity%20Data/obs_native.csv?type=csv&maxFields=10000&detectTypes=yes&xField=longitude&yField=latitude&crs=EPSG:4326&spatialIndex=no&subsetIndex=no&watchFile=no
"90810",Corallorhiza maculata var. occidentalis,Corallorhiza,maculata,,,occidentalis,native,S5,,48.897380740000003,-123.408031800000003,,NA,NA,"24536411",obs_native,file:///D:/Simon/Sync/Root/GIS/Biodiversity%20Data/obs_native.csv?type=csv&maxFields=10000&detectTypes=yes&xField=longitude&yField=latitude&crs=EPSG:4326&spatialIndex=no&subsetIndex=no&watchFile=no
"90910",Heuchera micrantha var. diversifolia,Heuchera,micrantha,,,diversifolia,native,S5,,48.899818969999998,-123.407610399999996,,NA,NA,"24538651",obs_native,file:///D:/Simon/Sync/Root/GIS/Biodiversity%20Data/obs_native.csv?type=csv&maxFields=10000&detectTypes=yes&xField=longitude&yField=latitude&crs=EPSG:4326&spatialIndex=no&subsetIndex=no&watchFile=no
"91010",Pteridium aquilinum ssp. pubescens,Pteridium,aquilinum,,pubescens,,native,S5,,48.898088799999996,-123.406734900000004,,NA,NA,"24607519",obs_native,file:///D:/Simon/Sync/Root/GIS/Biodiversity%20Data/obs_native.csv?type=csv&maxFields=10000&detectTypes=yes&xField=longitude&yField=latitude&crs=EPSG:4326&spatialIndex=no&subsetIndex=no&watchFile=no
"91110",Fragaria vesca ssp. bracteata,Fragaria,vesca,,bracteata,,native,S5,,48.898612980000003,-123.408058199999999,,NA,NA,"24610744",obs_native,file:///D:/Simon/Sync/Root/GIS/Biodiversity%20Data/obs_native.csv?type=csv&maxFields=10000&detectTypes=yes&xField=longitude&yField=latitude&crs=EPSG:4326&spatialIndex=no&subsetIndex=no&watchFile=no
"91210",Ribes divaricatum var. divaricatum,Ribes,divaricatum,,,,native,S5,,48.898612980000003,-123.408058199999999,,NA,NA,"24625014",obs_native,file:///D:/Simon/Sync/Root/GIS/Biodiversity%20Data/obs_native.csv?type=csv&maxFields=10000&detectTypes=yes&xField=longitude&yField=latitude&crs=EPSG:4326&spatialIndex=no&subsetIndex=no&watchFile=no
"91310",Corallorhiza maculata var. occidentalis,Corallorhiza,maculata,,,occidentalis,native,S5,,48.901229999999998,-123.405799999999999,,NA,NA,"24639858",obs_native,file:///D:/Simon/Sync/Root/GIS/Biodiversity%20Data/obs_native.csv?type=csv&maxFields=10000&detectTypes=yes&xField=longitude&yField=latitude&crs=EPSG:4326&spatialIndex=no&subsetIndex=no&watchFile=no
"91410",Quercus garryana var. garryana,Quercus,garryana,,,,native,S5,,48.872280000000003,-123.312425000000005,,NA,NA,"24639933",obs_native,file:///D:/Simon/Sync/Root/GIS/Biodiversity%20Data/obs_native.csv?type=csv&maxFields=10000&detectTypes=yes&xField=longitude&yField=latitude&crs=EPSG:4326&spatialIndex=no&subsetIndex=no&watchFile=no
"91510",Corallorhiza maculata var. occidentalis,Corallorhiza,maculata,,,occidentalis,native,S5,,48.982604979999998,-123.552085899999994,,NA,NA,"24647798",obs_native,file:///D:/Simon/Sync/Root/GIS/Biodiversity%20Data/obs_native.csv?type=csv&maxFields=10000&detectTypes=yes&xField=longitude&yField=latitude&crs=EPSG:4326&spatialIndex=no&subsetIndex=no&watchFile=no
"91610",Camassia quamash ssp. quamash,Camassia,quamash,,,,native,S4,,48.866145150000001,-123.375175299999995,,NA,NA,"24650578",obs_native,file:///D:/Simon/Sync/Root/GIS/Biodiversity%20Data/obs_native.csv?type=csv&maxFields=10000&detectTypes=yes&xField=longitude&yField=latitude&crs=EPSG:4326&spatialIndex=no&subsetIndex=no&watchFile=no
"91710",Corallorhiza maculata var. occidentalis,Corallorhiza,maculata,,,occidentalis,native,S5,,48.902513450000001,-123.350335900000005,,NA,NA,"24652546",obs_native,file:///D:/Simon/Sync/Root/GIS/Biodiversity%20Data/obs_native.csv?type=csv&maxFields=10000&detectTypes=yes&xField=longitude&yField=latitude&crs=EPSG:4326&spatialIndex=no&subsetIndex=no&watchFile=no
"91810",Fragaria vesca ssp. bracteata,Fragaria,vesca,,bracteata,,native,S5,,48.911711680000003,-123.387142200000000,,NA,NA,"24653152",obs_native,file:///D:/Simon/Sync/Root/GIS/Biodiversity%20Data/obs_native.csv?type=csv&maxFields=10000&detectTypes=yes&xField=longitude&yField=latitude&crs=EPSG:4326&spatialIndex=no&subsetIndex=no&watchFile=no
"91910",Plectritis congesta ssp. congesta,Plectritis,congesta,,,,native,S5,,48.913507359999997,-123.386698899999999,,NA,NA,"24653153",obs_native,file:///D:/Simon/Sync/Root/GIS/Biodiversity%20Data/obs_native.csv?type=csv&maxFields=10000&detectTypes=yes&xField=longitude&yField=latitude&crs=EPSG:4326&spatialIndex=no&subsetIndex=no&watchFile=no
"92010",Amelanchier alnifolia,Amelanchier,alnifolia,,,,native,S5,,48.898952049999998,-123.407748900000001,,NA,NA,"24653158",obs_native,file:///D:/Simon/Sync/Root/GIS/Biodiversity%20Data/obs_native.csv?type=csv&maxFields=10000&detectTypes=yes&xField=longitude&yField=latitude&crs=EPSG:4326&spatialIndex=no&subsetIndex=no&watchFile=no
"92110",Spiraea douglasii var. douglasii,Spiraea,douglasii,,,,native,S5,,48.991233059999999,-123.570398100000006,,NA,NA,"24653161",obs_native,file:///D:/Simon/Sync/Root/GIS/Biodiversity%20Data/obs_native.csv?type=csv&maxFields=10000&detectTypes=yes&xField=longitude&yField=latitude&crs=EPSG:4326&spatialIndex=no&subsetIndex=no&watchFile=no
"92210",Sambucus racemosa var. arborescens,Sambucus,racemosa,,,arborescens,native,S5,,48.981611979999997,-123.557608000000002,,NA,NA,"24653164",obs_native,file:///D:/Simon/Sync/Root/GIS/Biodiversity%20Data/obs_native.csv?type=csv&maxFields=10000&detectTypes=yes&xField=longitude&yField=latitude&crs=EPSG:4326&spatialIndex=no&subsetIndex=no&watchFile=no
"92310",Heuchera micrantha var. diversifolia,Heuchera,micrantha,,,diversifolia,native,S5,,48.878028280000002,-123.387011799999996,,NA,NA,"24653170",obs_native,file:///D:/Simon/Sync/Root/GIS/Biodiversity%20Data/obs_native.csv?type=csv&maxFields=10000&detectTypes=yes&xField=longitude&yField=latitude&crs=EPSG:4326&spatialIndex=no&subsetIndex=no&watchFile=no
"92410",Plectritis congesta ssp. congesta,Plectritis,congesta,,,,native,S5,,48.913471469999998,-123.386598899999996,,NA,NA,"24653187",obs_native,file:///D:/Simon/Sync/Root/GIS/Biodiversity%20Data/obs_native.csv?type=csv&maxFields=10000&detectTypes=yes&xField=longitude&yField=latitude&crs=EPSG:4326&spatialIndex=no&subsetIndex=no&watchFile=no
"92510",Ribes divaricatum var. divaricatum,Ribes,divaricatum,,,,native,S5,,48.898206670000000,-123.408029999999997,,NA,NA,"24653202",obs_native,file:///D:/Simon/Sync/Root/GIS/Biodiversity%20Data/obs_native.csv?type=csv&maxFields=10000&detectTypes=yes&xField=longitude&yField=latitude&crs=EPSG:4326&spatialIndex=no&subsetIndex=no&watchFile=no
"92610",Lathyrus nevadensis var. pilosellus,Lathyrus,nevadensis,,,pilosellus,native,S5,,48.952610000000000,-123.532631699999996,,NA,NA,"24653206",obs_native,file:///D:/Simon/Sync/Root/GIS/Biodiversity%20Data/obs_native.csv?type=csv&maxFields=10000&detectTypes=yes&xField=longitude&yField=latitude&crs=EPSG:4326&spatialIndex=no&subsetIndex=no&watchFile=no
"92710",Callitriche heterophylla var. bolanderi,Callitriche,heterophylla,,,bolanderi,native,S4S5,,48.991264569999998,-123.570459099999994,,NA,NA,"24653213",obs_native,file:///D:/Simon/Sync/Root/GIS/Biodiversity%20Data/obs_native.csv?type=csv&maxFields=10000&detectTypes=yes&xField=longitude&yField=latitude&crs=EPSG:4326&spatialIndex=no&subsetIndex=no&watchFile=no
"92810",Pteridium aquilinum ssp. pubescens,Pteridium,aquilinum,,pubescens,,native,S5,,48.962455560000002,-123.517866699999999,,NA,NA,"24663842",obs_native,file:///D:/Simon/Sync/Root/GIS/Biodiversity%20Data/obs_native.csv?type=csv&maxFields=10000&detectTypes=yes&xField=longitude&yField=latitude&crs=EPSG:4326&spatialIndex=no&subsetIndex=no&watchFile=no
"92910",Sanicula crassicaulis var. crassicaulis,Sanicula,crassicaulis,,,,native,S5,,48.962855560000001,-123.518105599999998,,NA,NA,"24663878",obs_native,file:///D:/Simon/Sync/Root/GIS/Biodiversity%20Data/obs_native.csv?type=csv&maxFields=10000&detectTypes=yes&xField=longitude&yField=latitude&crs=EPSG:4326&spatialIndex=no&subsetIndex=no&watchFile=no
"93010",Sanicula crassicaulis var. crassicaulis,Sanicula,crassicaulis,,,,native,S5,,48.963058330000003,-123.518044399999994,,NA,NA,"24663883",obs_native,file:///D:/Simon/Sync/Root/GIS/Biodiversity%20Data/obs_native.csv?type=csv&maxFields=10000&detectTypes=yes&xField=longitude&yField=latitude&crs=EPSG:4326&spatialIndex=no&subsetIndex=no&watchFile=no
"93110",Pseudotsuga menziesii var. menziesii,Pseudotsuga,menziesii,,,,native,S5,,48.962180560000000,-123.518136100000007,,NA,NA,"24663891",obs_native,file:///D:/Simon/Sync/Root/GIS/Biodiversity%20Data/obs_native.csv?type=csv&maxFields=10000&detectTypes=yes&xField=longitude&yField=latitude&crs=EPSG:4326&spatialIndex=no&subsetIndex=no&watchFile=no
"93210",Sanicula crassicaulis var. crassicaulis,Sanicula,crassicaulis,,,,native,S5,,48.962977780000003,-123.518280599999997,,NA,NA,"24663898",obs_native,file:///D:/Simon/Sync/Root/GIS/Biodiversity%20Data/obs_native.csv?type=csv&maxFields=10000&detectTypes=yes&xField=longitude&yField=latitude&crs=EPSG:4326&spatialIndex=no&subsetIndex=no&watchFile=no
"93310",Pseudotsuga menziesii var. menziesii,Pseudotsuga,menziesii,,,,native,S5,,48.962955559999997,-123.517577799999998,,NA,NA,"24663903",obs_native,file:///D:/Simon/Sync/Root/GIS/Biodiversity%20Data/obs_native.csv?type=csv&maxFields=10000&detectTypes=yes&xField=longitude&yField=latitude&crs=EPSG:4326&spatialIndex=no&subsetIndex=no&watchFile=no
"93410",Pteridium aquilinum ssp. pubescens,Pteridium,aquilinum,,pubescens,,native,S5,,48.962344440000003,-123.517769400000006,,NA,NA,"24663930",obs_native,file:///D:/Simon/Sync/Root/GIS/Biodiversity%20Data/obs_native.csv?type=csv&maxFields=10000&detectTypes=yes&xField=longitude&yField=latitude&crs=EPSG:4326&spatialIndex=no&subsetIndex=no&watchFile=no
"93510",Symphoricarpos albus var. laevigatus,Symphoricarpos,albus,,,laevigatus,native,S5,,48.963027779999997,-123.516211100000007,,NA,NA,"24665100",obs_native,file:///D:/Simon/Sync/Root/GIS/Biodiversity%20Data/obs_native.csv?type=csv&maxFields=10000&detectTypes=yes&xField=longitude&yField=latitude&crs=EPSG:4326&spatialIndex=no&subsetIndex=no&watchFile=no
"93610",Symphoricarpos albus var. laevigatus,Symphoricarpos,albus,,,laevigatus,native,S5,,48.963050000000003,-123.516152800000000,,NA,NA,"24665178",obs_native,file:///D:/Simon/Sync/Root/GIS/Biodiversity%20Data/obs_native.csv?type=csv&maxFields=10000&detectTypes=yes&xField=longitude&yField=latitude&crs=EPSG:4326&spatialIndex=no&subsetIndex=no&watchFile=no
"93710",Symphoricarpos albus var. laevigatus,Symphoricarpos,albus,,,laevigatus,native,S5,,48.963050000000003,-123.516152800000000,,NA,NA,"24665247",obs_native,file:///D:/Simon/Sync/Root/GIS/Biodiversity%20Data/obs_native.csv?type=csv&maxFields=10000&detectTypes=yes&xField=longitude&yField=latitude&crs=EPSG:4326&spatialIndex=no&subsetIndex=no&watchFile=no
"93810",Rosa nutkana ssp. nutkana,Rosa,nutkana,,,,native,S5,,48.963816670000000,-123.515358300000003,,NA,NA,"24666610",obs_native,file:///D:/Simon/Sync/Root/GIS/Biodiversity%20Data/obs_native.csv?type=csv&maxFields=10000&detectTypes=yes&xField=longitude&yField=latitude&crs=EPSG:4326&spatialIndex=no&subsetIndex=no&watchFile=no
"93910",Holodiscus discolor var. discolor,Holodiscus,discolor,,,,native,S5,,48.963913890000001,-123.515458300000006,,NA,NA,"24666616",obs_native,file:///D:/Simon/Sync/Root/GIS/Biodiversity%20Data/obs_native.csv?type=csv&maxFields=10000&detectTypes=yes&xField=longitude&yField=latitude&crs=EPSG:4326&spatialIndex=no&subsetIndex=no&watchFile=no
"94010",Erythranthe cf guttata,Erythranthe,guttata,,,,native,S5,,48.964847220000003,-123.516663899999998,,NA,NA,"24666627",obs_native,file:///D:/Simon/Sync/Root/GIS/Biodiversity%20Data/obs_native.csv?type=csv&maxFields=10000&detectTypes=yes&xField=longitude&yField=latitude&crs=EPSG:4326&spatialIndex=no&subsetIndex=no&watchFile=no
"94110",Holodiscus discolor var. discolor,Holodiscus,discolor,,,,native,S5,,48.964491670000001,-123.516166699999999,,NA,NA,"24666630",obs_native,file:///D:/Simon/Sync/Root/GIS/Biodiversity%20Data/obs_native.csv?type=csv&maxFields=10000&detectTypes=yes&xField=longitude&yField=latitude&crs=EPSG:4326&spatialIndex=no&subsetIndex=no&watchFile=no
"94210",Holodiscus discolor var. discolor,Holodiscus,discolor,,,,native,S5,,48.964241670000000,-123.515952799999994,,NA,NA,"24666659",obs_native,file:///D:/Simon/Sync/Root/GIS/Biodiversity%20Data/obs_native.csv?type=csv&maxFields=10000&detectTypes=yes&xField=longitude&yField=latitude&crs=EPSG:4326&spatialIndex=no&subsetIndex=no&watchFile=no
"94310",Holodiscus discolor var. discolor,Holodiscus,discolor,,,,native,S5,,48.964461110000002,-123.515655600000002,,NA,NA,"24666660",obs_native,file:///D:/Simon/Sync/Root/GIS/Biodiversity%20Data/obs_native.csv?type=csv&maxFields=10000&detectTypes=yes&xField=longitude&yField=latitude&crs=EPSG:4326&spatialIndex=no&subsetIndex=no&watchFile=no
"94410",Holodiscus discolor var. discolor,Holodiscus,discolor,,,,native,S5,,48.963794440000001,-123.515427799999998,,NA,NA,"24666667",obs_native,file:///D:/Simon/Sync/Root/GIS/Biodiversity%20Data/obs_native.csv?type=csv&maxFields=10000&detectTypes=yes&xField=longitude&yField=latitude&crs=EPSG:4326&spatialIndex=no&subsetIndex=no&watchFile=no
"94510",Erythranthe cf guttata,Erythranthe,guttata,,,,native,S5,,48.965049999999998,-123.516777800000000,,NA,NA,"24666674",obs_native,file:///D:/Simon/Sync/Root/GIS/Biodiversity%20Data/obs_native.csv?type=csv&maxFields=10000&detectTypes=yes&xField=longitude&yField=latitude&crs=EPSG:4326&spatialIndex=no&subsetIndex=no&watchFile=no
"94610",Rosa nutkana ssp. nutkana,Rosa,nutkana,,,,native,S5,,48.963813889999997,-123.515349999999998,,NA,NA,"24666688",obs_native,file:///D:/Simon/Sync/Root/GIS/Biodiversity%20Data/obs_native.csv?type=csv&maxFields=10000&detectTypes=yes&xField=longitude&yField=latitude&crs=EPSG:4326&spatialIndex=no&subsetIndex=no&watchFile=no
"94710",Holodiscus discolor var. discolor,Holodiscus,discolor,,,,native,S5,,48.963700000000003,-123.515213900000006,,NA,NA,"24666689",obs_native,file:///D:/Simon/Sync/Root/GIS/Biodiversity%20Data/obs_native.csv?type=csv&maxFields=10000&detectTypes=yes&xField=longitude&yField=latitude&crs=EPSG:4326&spatialIndex=no&subsetIndex=no&watchFile=no
"94810",Holodiscus discolor var. discolor,Holodiscus,discolor,,,,native,S5,,48.963913890000001,-123.515458300000006,,NA,NA,"24666690",obs_native,file:///D:/Simon/Sync/Root/GIS/Biodiversity%20Data/obs_native.csv?type=csv&maxFields=10000&detectTypes=yes&xField=longitude&yField=latitude&crs=EPSG:4326&spatialIndex=no&subsetIndex=no&watchFile=no
"94910",Holodiscus discolor var. discolor,Holodiscus,discolor,,,,native,S5,,48.964491670000001,-123.516166699999999,,NA,NA,"24666700",obs_native,file:///D:/Simon/Sync/Root/GIS/Biodiversity%20Data/obs_native.csv?type=csv&maxFields=10000&detectTypes=yes&xField=longitude&yField=latitude&crs=EPSG:4326&spatialIndex=no&subsetIndex=no&watchFile=no
"95010",Holodiscus discolor var. discolor,Holodiscus,discolor,,,,native,S5,,48.964905559999998,-123.516900000000007,,NA,NA,"24666719",obs_native,file:///D:/Simon/Sync/Root/GIS/Biodiversity%20Data/obs_native.csv?type=csv&maxFields=10000&detectTypes=yes&xField=longitude&yField=latitude&crs=EPSG:4326&spatialIndex=no&subsetIndex=no&watchFile=no
"95110",Equisetum hyemale ssp. affine,Equisetum,hyemale,,affine,,native,S5,,48.964172220000002,-123.515861099999995,,NA,NA,"24666730",obs_native,file:///D:/Simon/Sync/Root/GIS/Biodiversity%20Data/obs_native.csv?type=csv&maxFields=10000&detectTypes=yes&xField=longitude&yField=latitude&crs=EPSG:4326&spatialIndex=no&subsetIndex=no&watchFile=no
"95210",Erythranthe cf guttata,Erythranthe,guttata,,,,native,S5,,48.964594439999999,-123.516311099999996,,NA,NA,"24666749",obs_native,file:///D:/Simon/Sync/Root/GIS/Biodiversity%20Data/obs_native.csv?type=csv&maxFields=10000&detectTypes=yes&xField=longitude&yField=latitude&crs=EPSG:4326&spatialIndex=no&subsetIndex=no&watchFile=no
"95310",Holodiscus discolor var. discolor,Holodiscus,discolor,,,,native,S5,,48.964366669999997,-123.515730599999998,,NA,NA,"24666762",obs_native,file:///D:/Simon/Sync/Root/GIS/Biodiversity%20Data/obs_native.csv?type=csv&maxFields=10000&detectTypes=yes&xField=longitude&yField=latitude&crs=EPSG:4326&spatialIndex=no&subsetIndex=no&watchFile=no
"95410",Holodiscus discolor var. discolor,Holodiscus,discolor,,,,native,S5,,48.963794440000001,-123.515427799999998,,NA,NA,"24666768",obs_native,file:///D:/Simon/Sync/Root/GIS/Biodiversity%20Data/obs_native.csv?type=csv&maxFields=10000&detectTypes=yes&xField=longitude&yField=latitude&crs=EPSG:4326&spatialIndex=no&subsetIndex=no&watchFile=no
"95510",Quercus garryana var. garryana,Quercus,garryana,,,,native,S5,,48.899819440000002,-123.407530600000001,,NA,NA,"24672717",obs_native,file:///D:/Simon/Sync/Root/GIS/Biodiversity%20Data/obs_native.csv?type=csv&maxFields=10000&detectTypes=yes&xField=longitude&yField=latitude&crs=EPSG:4326&spatialIndex=no&subsetIndex=no&watchFile=no
"95610",Symphoricarpos albus var. laevigatus,Symphoricarpos,albus,,,laevigatus,native,S5,,48.899730560000002,-123.407349999999994,,NA,NA,"24672727",obs_native,file:///D:/Simon/Sync/Root/GIS/Biodiversity%20Data/obs_native.csv?type=csv&maxFields=10000&detectTypes=yes&xField=longitude&yField=latitude&crs=EPSG:4326&spatialIndex=no&subsetIndex=no&watchFile=no
"95710",Heuchera micrantha var. diversifolia,Heuchera,micrantha,,,diversifolia,native,S5,,48.899691670000003,-123.407355600000002,,NA,NA,"24672728",obs_native,file:///D:/Simon/Sync/Root/GIS/Biodiversity%20Data/obs_native.csv?type=csv&maxFields=10000&detectTypes=yes&xField=longitude&yField=latitude&crs=EPSG:4326&spatialIndex=no&subsetIndex=no&watchFile=no
"95810",Symphoricarpos albus var. laevigatus,Symphoricarpos,albus,,,laevigatus,native,S5,,48.899661109999997,-123.407363899999993,,NA,NA,"24672735",obs_native,file:///D:/Simon/Sync/Root/GIS/Biodiversity%20Data/obs_native.csv?type=csv&maxFields=10000&detectTypes=yes&xField=longitude&yField=latitude&crs=EPSG:4326&spatialIndex=no&subsetIndex=no&watchFile=no
"95910",Plectritis congesta ssp. congesta,Plectritis,congesta,,,,native,S5,,48.899516669999997,-123.407294399999998,,NA,NA,"24672762",obs_native,file:///D:/Simon/Sync/Root/GIS/Biodiversity%20Data/obs_native.csv?type=csv&maxFields=10000&detectTypes=yes&xField=longitude&yField=latitude&crs=EPSG:4326&spatialIndex=no&subsetIndex=no&watchFile=no
"96010",Plectritis congesta ssp. congesta,Plectritis,congesta,,,,native,S5,,48.899516669999997,-123.407319400000006,,NA,NA,"24672766",obs_native,file:///D:/Simon/Sync/Root/GIS/Biodiversity%20Data/obs_native.csv?type=csv&maxFields=10000&detectTypes=yes&xField=longitude&yField=latitude&crs=EPSG:4326&spatialIndex=no&subsetIndex=no&watchFile=no
"96210",Pseudotsuga menziesii var. menziesii,Pseudotsuga,menziesii,,,,native,S5,,48.899913890000001,-123.407386099999997,,NA,NA,"24672778",obs_native,file:///D:/Simon/Sync/Root/GIS/Biodiversity%20Data/obs_native.csv?type=csv&maxFields=10000&detectTypes=yes&xField=longitude&yField=latitude&crs=EPSG:4326&spatialIndex=no&subsetIndex=no&watchFile=no
"96310",Sanicula crassicaulis var. crassicaulis,Sanicula,crassicaulis,,,,native,S5,,48.963708330000003,-123.518730599999998,,NA,NA,"24673909",obs_native,file:///D:/Simon/Sync/Root/GIS/Biodiversity%20Data/obs_native.csv?type=csv&maxFields=10000&detectTypes=yes&xField=longitude&yField=latitude&crs=EPSG:4326&spatialIndex=no&subsetIndex=no&watchFile=no
"96410",Stachys cooleyae,Stachys,cooleyae,,,,native,S5,,48.962836109999998,-123.519766700000005,,NA,NA,"24673914",obs_native,file:///D:/Simon/Sync/Root/GIS/Biodiversity%20Data/obs_native.csv?type=csv&maxFields=10000&detectTypes=yes&xField=longitude&yField=latitude&crs=EPSG:4326&spatialIndex=no&subsetIndex=no&watchFile=no
"96510",Sanicula crassicaulis var. crassicaulis,Sanicula,crassicaulis,,,,native,S5,,48.963447219999999,-123.519997200000006,,NA,NA,"24673922",obs_native,file:///D:/Simon/Sync/Root/GIS/Biodiversity%20Data/obs_native.csv?type=csv&maxFields=10000&detectTypes=yes&xField=longitude&yField=latitude&crs=EPSG:4326&spatialIndex=no&subsetIndex=no&watchFile=no
"96610",Pseudotsuga menziesii var. menziesii,Pseudotsuga,menziesii,,,,native,S5,,48.962486110000000,-123.519883300000004,,NA,NA,"24673934",obs_native,file:///D:/Simon/Sync/Root/GIS/Biodiversity%20Data/obs_native.csv?type=csv&maxFields=10000&detectTypes=yes&xField=longitude&yField=latitude&crs=EPSG:4326&spatialIndex=no&subsetIndex=no&watchFile=no
"96710",Symphoricarpos albus var. laevigatus,Symphoricarpos,albus,,,laevigatus,native,S5,,48.965058329999998,-123.517058300000002,,NA,NA,"24673947",obs_native,file:///D:/Simon/Sync/Root/GIS/Biodiversity%20Data/obs_native.csv?type=csv&maxFields=10000&detectTypes=yes&xField=longitude&yField=latitude&crs=EPSG:4326&spatialIndex=no&subsetIndex=no&watchFile=no
"96810",Pteridium aquilinum ssp. pubescens,Pteridium,aquilinum,,pubescens,,native,S5,,48.964405560000003,-123.517236100000005,,NA,NA,"24673971",obs_native,file:///D:/Simon/Sync/Root/GIS/Biodiversity%20Data/obs_native.csv?type=csv&maxFields=10000&detectTypes=yes&xField=longitude&yField=latitude&crs=EPSG:4326&spatialIndex=no&subsetIndex=no&watchFile=no
"96910",Sanicula crassicaulis var. crassicaulis,Sanicula,crassicaulis,,,,native,S5,,48.962683329999997,-123.520150000000001,,NA,NA,"24674043",obs_native,file:///D:/Simon/Sync/Root/GIS/Biodiversity%20Data/obs_native.csv?type=csv&maxFields=10000&detectTypes=yes&xField=longitude&yField=latitude&crs=EPSG:4326&spatialIndex=no&subsetIndex=no&watchFile=no
"97010",Erythranthe cf guttata,Erythranthe,guttata,,,,native,S5,,48.965122219999998,-123.517288899999997,,NA,NA,"24674096",obs_native,file:///D:/Simon/Sync/Root/GIS/Biodiversity%20Data/obs_native.csv?type=csv&maxFields=10000&detectTypes=yes&xField=longitude&yField=latitude&crs=EPSG:4326&spatialIndex=no&subsetIndex=no&watchFile=no
"97110",Symphoricarpos albus var. laevigatus,Symphoricarpos,albus,,,laevigatus,native,S5,,48.965049999999998,-123.516852799999995,,NA,NA,"24674127",obs_native,file:///D:/Simon/Sync/Root/GIS/Biodiversity%20Data/obs_native.csv?type=csv&maxFields=10000&detectTypes=yes&xField=longitude&yField=latitude&crs=EPSG:4326&spatialIndex=no&subsetIndex=no&watchFile=no
"97210",Sanicula crassicaulis var. crassicaulis,Sanicula,crassicaulis,,,,native,S5,,48.962691669999998,-123.520141699999996,,NA,NA,"24674130",obs_native,file:///D:/Simon/Sync/Root/GIS/Biodiversity%20Data/obs_native.csv?type=csv&maxFields=10000&detectTypes=yes&xField=longitude&yField=latitude&crs=EPSG:4326&spatialIndex=no&subsetIndex=no&watchFile=no
"97310",Erythranthe cf guttata,Erythranthe,guttata,,,,native,S5,,48.965083329999999,-123.517211099999997,,NA,NA,"24674158",obs_native,file:///D:/Simon/Sync/Root/GIS/Biodiversity%20Data/obs_native.csv?type=csv&maxFields=10000&detectTypes=yes&xField=longitude&yField=latitude&crs=EPSG:4326&spatialIndex=no&subsetIndex=no&watchFile=no
"97410",Pteridium aquilinum ssp. pubescens,Pteridium,aquilinum,,pubescens,,native,S5,,48.900512249999998,-123.407067799999993,,NA,NA,"24676860",obs_native,file:///D:/Simon/Sync/Root/GIS/Biodiversity%20Data/obs_native.csv?type=csv&maxFields=10000&detectTypes=yes&xField=longitude&yField=latitude&crs=EPSG:4326&spatialIndex=no&subsetIndex=no&watchFile=no
"97510",Pseudotsuga menziesii var. menziesii,Pseudotsuga,menziesii,,,,native,S5,,48.900688889999998,-123.407036099999999,,NA,NA,"24676868",obs_native,file:///D:/Simon/Sync/Root/GIS/Biodiversity%20Data/obs_native.csv?type=csv&maxFields=10000&detectTypes=yes&xField=longitude&yField=latitude&crs=EPSG:4326&spatialIndex=no&subsetIndex=no&watchFile=no
"97610",Sanicula crassicaulis var. crassicaulis,Sanicula,crassicaulis,,,,native,S5,,48.900619440000000,-123.406883300000004,,NA,NA,"24676874",obs_native,file:///D:/Simon/Sync/Root/GIS/Biodiversity%20Data/obs_native.csv?type=csv&maxFields=10000&detectTypes=yes&xField=longitude&yField=latitude&crs=EPSG:4326&spatialIndex=no&subsetIndex=no&watchFile=no
"97710",Holodiscus discolor var. discolor,Holodiscus,discolor,,,,native,S5,,48.901116670000000,-123.405463900000001,,NA,NA,"24676916",obs_native,file:///D:/Simon/Sync/Root/GIS/Biodiversity%20Data/obs_native.csv?type=csv&maxFields=10000&detectTypes=yes&xField=longitude&yField=latitude&crs=EPSG:4326&spatialIndex=no&subsetIndex=no&watchFile=no
"97810",Pseudotsuga menziesii var. menziesii,Pseudotsuga,menziesii,,,,native,S5,,48.900866669999999,-123.405769399999997,,NA,NA,"24676923",obs_native,file:///D:/Simon/Sync/Root/GIS/Biodiversity%20Data/obs_native.csv?type=csv&maxFields=10000&detectTypes=yes&xField=longitude&yField=latitude&crs=EPSG:4326&spatialIndex=no&subsetIndex=no&watchFile=no
"97910",Pentagramma triangularis ssp. triangularis,Pentagramma,triangularis,,,,native,S5,,48.900833329999998,-123.405730599999998,,NA,NA,"24676926",obs_native,file:///D:/Simon/Sync/Root/GIS/Biodiversity%20Data/obs_native.csv?type=csv&maxFields=10000&detectTypes=yes&xField=longitude&yField=latitude&crs=EPSG:4326&spatialIndex=no&subsetIndex=no&watchFile=no
"98010",Sanicula crassicaulis var. crassicaulis,Sanicula,crassicaulis,,,,native,S5,,48.901538889999998,-123.405913900000002,,NA,NA,"24676938",obs_native,file:///D:/Simon/Sync/Root/GIS/Biodiversity%20Data/obs_native.csv?type=csv&maxFields=10000&detectTypes=yes&xField=longitude&yField=latitude&crs=EPSG:4326&spatialIndex=no&subsetIndex=no&watchFile=no
"98110",Symphoricarpos albus var. laevigatus,Symphoricarpos,albus,,,laevigatus,native,S5,,48.898224999999996,-123.408072200000007,,NA,NA,"24677347",obs_native,file:///D:/Simon/Sync/Root/GIS/Biodiversity%20Data/obs_native.csv?type=csv&maxFields=10000&detectTypes=yes&xField=longitude&yField=latitude&crs=EPSG:4326&spatialIndex=no&subsetIndex=no&watchFile=no
"98210",Corallorhiza maculata var. occidentalis,Corallorhiza,maculata,,,occidentalis,native,S5,,48.895611109999997,-123.407019399999996,,NA,NA,"24677354",obs_native,file:///D:/Simon/Sync/Root/GIS/Biodiversity%20Data/obs_native.csv?type=csv&maxFields=10000&detectTypes=yes&xField=longitude&yField=latitude&crs=EPSG:4326&spatialIndex=no&subsetIndex=no&watchFile=no
"98310",Ribes divaricatum var. divaricatum,Ribes,divaricatum,,,,native,S5,,48.898194439999997,-123.408019400000001,,NA,NA,"24677360",obs_native,file:///D:/Simon/Sync/Root/GIS/Biodiversity%20Data/obs_native.csv?type=csv&maxFields=10000&detectTypes=yes&xField=longitude&yField=latitude&crs=EPSG:4326&spatialIndex=no&subsetIndex=no&watchFile=no
"98410",Sanicula crassicaulis var. crassicaulis,Sanicula,crassicaulis,,,,native,S5,,48.895977780000003,-123.406319400000001,,NA,NA,"24677373",obs_native,file:///D:/Simon/Sync/Root/GIS/Biodiversity%20Data/obs_native.csv?type=csv&maxFields=10000&detectTypes=yes&xField=longitude&yField=latitude&crs=EPSG:4326&spatialIndex=no&subsetIndex=no&watchFile=no
"98510",Plectritis congesta ssp. congesta,Plectritis,congesta,,,,native,S5,,48.899413889999998,-123.407136100000002,,NA,NA,"24677385",obs_native,file:///D:/Simon/Sync/Root/GIS/Biodiversity%20Data/obs_native.csv?type=csv&maxFields=10000&detectTypes=yes&xField=longitude&yField=latitude&crs=EPSG:4326&spatialIndex=no&subsetIndex=no&watchFile=no
"98610",Quercus garryana var. garryana,Quercus,garryana,,,,native,S5,,48.899688890000000,-123.407477799999995,,NA,NA,"24677391",obs_native,file:///D:/Simon/Sync/Root/GIS/Biodiversity%20Data/obs_native.csv?type=csv&maxFields=10000&detectTypes=yes&xField=longitude&yField=latitude&crs=EPSG:4326&spatialIndex=no&subsetIndex=no&watchFile=no
"98710",Rosa gymnocarpa,Rosa,gymnocarpa,,,,native,S5,,48.895252780000000,-123.406380600000006,,NA,NA,"24677401",obs_native,file:///D:/Simon/Sync/Root/GIS/Biodiversity%20Data/obs_native.csv?type=csv&maxFields=10000&detectTypes=yes&xField=longitude&yField=latitude&crs=EPSG:4326&spatialIndex=no&subsetIndex=no&watchFile=no
"98810",Quercus garryana var. garryana,Quercus,garryana,,,,native,S5,,48.897738889999999,-123.399527800000001,,NA,NA,"24677403",obs_native,file:///D:/Simon/Sync/Root/GIS/Biodiversity%20Data/obs_native.csv?type=csv&maxFields=10000&detectTypes=yes&xField=longitude&yField=latitude&crs=EPSG:4326&spatialIndex=no&subsetIndex=no&watchFile=no
"98910",Sanicula crassicaulis var. crassicaulis,Sanicula,crassicaulis,,,,native,S5,,48.898094440000001,-123.408372200000002,,NA,NA,"24677439",obs_native,file:///D:/Simon/Sync/Root/GIS/Biodiversity%20Data/obs_native.csv?type=csv&maxFields=10000&detectTypes=yes&xField=longitude&yField=latitude&crs=EPSG:4326&spatialIndex=no&subsetIndex=no&watchFile=no
"99010",Corallorhiza maculata var. occidentalis,Corallorhiza,maculata,,,occidentalis,native,S5,,48.895611109999997,-123.407019399999996,,NA,NA,"24677460",obs_native,file:///D:/Simon/Sync/Root/GIS/Biodiversity%20Data/obs_native.csv?type=csv&maxFields=10000&detectTypes=yes&xField=longitude&yField=latitude&crs=EPSG:4326&spatialIndex=no&subsetIndex=no&watchFile=no
"99110",Sanicula crassicaulis var. crassicaulis,Sanicula,crassicaulis,,,,native,S5,,48.896030560000000,-123.406822199999993,,NA,NA,"24677474",obs_native,file:///D:/Simon/Sync/Root/GIS/Biodiversity%20Data/obs_native.csv?type=csv&maxFields=10000&detectTypes=yes&xField=longitude&yField=latitude&crs=EPSG:4326&spatialIndex=no&subsetIndex=no&watchFile=no
"99210",Pseudotsuga menziesii var. menziesii,Pseudotsuga,menziesii,,,,native,S5,,48.895813889999999,-123.406966699999998,,NA,NA,"24677478",obs_native,file:///D:/Simon/Sync/Root/GIS/Biodiversity%20Data/obs_native.csv?type=csv&maxFields=10000&detectTypes=yes&xField=longitude&yField=latitude&crs=EPSG:4326&spatialIndex=no&subsetIndex=no&watchFile=no
"99310",Corallorhiza maculata var. occidentalis,Corallorhiza,maculata,,,occidentalis,native,S5,,48.895816670000002,-123.406205600000007,,NA,NA,"24677483",obs_native,file:///D:/Simon/Sync/Root/GIS/Biodiversity%20Data/obs_native.csv?type=csv&maxFields=10000&detectTypes=yes&xField=longitude&yField=latitude&crs=EPSG:4326&spatialIndex=no&subsetIndex=no&watchFile=no
"99410",Pteridium aquilinum ssp. pubescens,Pteridium,aquilinum,,pubescens,,native,S5,,48.895233330000003,-123.406363900000002,,NA,NA,"24677506",obs_native,file:///D:/Simon/Sync/Root/GIS/Biodiversity%20Data/obs_native.csv?type=csv&maxFields=10000&detectTypes=yes&xField=longitude&yField=latitude&crs=EPSG:4326&spatialIndex=no&subsetIndex=no&watchFile=no
"99510",Sanicula crassicaulis var. crassicaulis,Sanicula,crassicaulis,,,,native,S5,,48.897816669999997,-123.399199999999993,,NA,NA,"24677517",obs_native,file:///D:/Simon/Sync/Root/GIS/Biodiversity%20Data/obs_native.csv?type=csv&maxFields=10000&detectTypes=yes&xField=longitude&yField=latitude&crs=EPSG:4326&spatialIndex=no&subsetIndex=no&watchFile=no
"99610",Symphoricarpos albus var. laevigatus,Symphoricarpos,albus,,,laevigatus,native,S5,,48.898224999999996,-123.408072200000007,,NA,NA,"24677543",obs_native,file:///D:/Simon/Sync/Root/GIS/Biodiversity%20Data/obs_native.csv?type=csv&maxFields=10000&detectTypes=yes&xField=longitude&yField=latitude&crs=EPSG:4326&spatialIndex=no&subsetIndex=no&watchFile=no
"99710",Corallorhiza maculata var. occidentalis,Corallorhiza,maculata,,,occidentalis,native,S5,,48.895619439999997,-123.406997200000006,,NA,NA,"24677556",obs_native,file:///D:/Simon/Sync/Root/GIS/Biodiversity%20Data/obs_native.csv?type=csv&maxFields=10000&detectTypes=yes&xField=longitude&yField=latitude&crs=EPSG:4326&spatialIndex=no&subsetIndex=no&watchFile=no
"99810",Pteridium aquilinum ssp. pubescens,Pteridium,aquilinum,,pubescens,,native,S5,,48.895663890000002,-123.406113899999994,,NA,NA,"24677571",obs_native,file:///D:/Simon/Sync/Root/GIS/Biodiversity%20Data/obs_native.csv?type=csv&maxFields=10000&detectTypes=yes&xField=longitude&yField=latitude&crs=EPSG:4326&spatialIndex=no&subsetIndex=no&watchFile=no
"9997",Plectritis congesta ssp. congesta,Plectritis,congesta,,,,native,S5,,48.899413889999998,-123.407136100000002,,NA,NA,"24677574",obs_native,file:///D:/Simon/Sync/Root/GIS/Biodiversity%20Data/obs_native.csv?type=csv&maxFields=10000&detectTypes=yes&xField=longitude&yField=latitude&crs=EPSG:4326&spatialIndex=no&subsetIndex=no&watchFile=no
"10001",Pteridium aquilinum ssp. pubescens,Pteridium,aquilinum,,pubescens,,native,S5,,48.895338889999998,-123.406227799999996,,NA,NA,"24677584",obs_native,file:///D:/Simon/Sync/Root/GIS/Biodiversity%20Data/obs_native.csv?type=csv&maxFields=10000&detectTypes=yes&xField=longitude&yField=latitude&crs=EPSG:4326&spatialIndex=no&subsetIndex=no&watchFile=no
"10012",Pseudotsuga menziesii var. menziesii,Pseudotsuga,menziesii,,,,native,S5,,48.900786109999999,-123.406455600000001,,NA,NA,"24683887",obs_native,file:///D:/Simon/Sync/Root/GIS/Biodiversity%20Data/obs_native.csv?type=csv&maxFields=10000&detectTypes=yes&xField=longitude&yField=latitude&crs=EPSG:4326&spatialIndex=no&subsetIndex=no&watchFile=no
"10021",Corallorhiza maculata var. occidentalis,Corallorhiza,maculata,,,occidentalis,native,S5,,48.901752780000002,-123.405227800000006,,NA,NA,"24683918",obs_native,file:///D:/Simon/Sync/Root/GIS/Biodiversity%20Data/obs_native.csv?type=csv&maxFields=10000&detectTypes=yes&xField=longitude&yField=latitude&crs=EPSG:4326&spatialIndex=no&subsetIndex=no&watchFile=no
"10031",Plectritis congesta ssp. congesta,Plectritis,congesta,,,,native,S5,,48.900908330000000,-123.404188899999994,,NA,NA,"24683951",obs_native,file:///D:/Simon/Sync/Root/GIS/Biodiversity%20Data/obs_native.csv?type=csv&maxFields=10000&detectTypes=yes&xField=longitude&yField=latitude&crs=EPSG:4326&spatialIndex=no&subsetIndex=no&watchFile=no
"10041",Pseudotsuga menziesii var. menziesii,Pseudotsuga,menziesii,,,,native,S5,,48.901005560000002,-123.405450000000002,,NA,NA,"24683962",obs_native,file:///D:/Simon/Sync/Root/GIS/Biodiversity%20Data/obs_native.csv?type=csv&maxFields=10000&detectTypes=yes&xField=longitude&yField=latitude&crs=EPSG:4326&spatialIndex=no&subsetIndex=no&watchFile=no
"10051",Pteridium aquilinum ssp. pubescens,Pteridium,aquilinum,,pubescens,,native,S5,,48.962283329999998,-123.517988900000006,,NA,NA,"24684011",obs_native,file:///D:/Simon/Sync/Root/GIS/Biodiversity%20Data/obs_native.csv?type=csv&maxFields=10000&detectTypes=yes&xField=longitude&yField=latitude&crs=EPSG:4326&spatialIndex=no&subsetIndex=no&watchFile=no
"10061",Pseudotsuga menziesii var. menziesii,Pseudotsuga,menziesii,,,,native,S5,,48.962386109999997,-123.517852800000000,,NA,NA,"24684016",obs_native,file:///D:/Simon/Sync/Root/GIS/Biodiversity%20Data/obs_native.csv?type=csv&maxFields=10000&detectTypes=yes&xField=longitude&yField=latitude&crs=EPSG:4326&spatialIndex=no&subsetIndex=no&watchFile=no
"10071",Pseudotsuga menziesii var. menziesii,Pseudotsuga,menziesii,,,,native,S5,,48.962375000000002,-123.517905600000006,,NA,NA,"24684019",obs_native,file:///D:/Simon/Sync/Root/GIS/Biodiversity%20Data/obs_native.csv?type=csv&maxFields=10000&detectTypes=yes&xField=longitude&yField=latitude&crs=EPSG:4326&spatialIndex=no&subsetIndex=no&watchFile=no
"10081",Camassia leichtlinii ssp. suksdorfii,Camassia,leichtlinii,,suksdorfii,,native,S4,,48.872566669999998,-123.311920000000001,,NA,NA,"24687913",obs_native,file:///D:/Simon/Sync/Root/GIS/Biodiversity%20Data/obs_native.csv?type=csv&maxFields=10000&detectTypes=yes&xField=longitude&yField=latitude&crs=EPSG:4326&spatialIndex=no&subsetIndex=no&watchFile=no
"10091",Sanicula crassicaulis var. crassicaulis,Sanicula,crassicaulis,,,,native,S5,,48.868019439999998,-123.376219399999997,,NA,NA,"24687953",obs_native,file:///D:/Simon/Sync/Root/GIS/Biodiversity%20Data/obs_native.csv?type=csv&maxFields=10000&detectTypes=yes&xField=longitude&yField=latitude&crs=EPSG:4326&spatialIndex=no&subsetIndex=no&watchFile=no
"10102",Eriophyllum lanatum var. leucophyllum,Eriophyllum,lanatum,,,leucophyllum,native,S5,,48.867897220000003,-123.376441700000001,,NA,NA,"24687963",obs_native,file:///D:/Simon/Sync/Root/GIS/Biodiversity%20Data/obs_native.csv?type=csv&maxFields=10000&detectTypes=yes&xField=longitude&yField=latitude&crs=EPSG:4326&spatialIndex=no&subsetIndex=no&watchFile=no
"10112",Sanicula crassicaulis var. crassicaulis,Sanicula,crassicaulis,,,,native,S5,,48.868552780000002,-123.377158300000005,,NA,NA,"24687971",obs_native,file:///D:/Simon/Sync/Root/GIS/Biodiversity%20Data/obs_native.csv?type=csv&maxFields=10000&detectTypes=yes&xField=longitude&yField=latitude&crs=EPSG:4326&spatialIndex=no&subsetIndex=no&watchFile=no
"10121",Quercus garryana var. garryana,Quercus,garryana,,,,native,S5,,48.868580559999998,-123.377219400000001,,NA,NA,"24687974",obs_native,file:///D:/Simon/Sync/Root/GIS/Biodiversity%20Data/obs_native.csv?type=csv&maxFields=10000&detectTypes=yes&xField=longitude&yField=latitude&crs=EPSG:4326&spatialIndex=no&subsetIndex=no&watchFile=no
"10131",Sanicula crassicaulis var. crassicaulis,Sanicula,crassicaulis,,,,native,S5,,48.868630560000000,-123.377005600000004,,NA,NA,"24687975",obs_native,file:///D:/Simon/Sync/Root/GIS/Biodiversity%20Data/obs_native.csv?type=csv&maxFields=10000&detectTypes=yes&xField=longitude&yField=latitude&crs=EPSG:4326&spatialIndex=no&subsetIndex=no&watchFile=no
"10141",Sanicula crassicaulis var. crassicaulis,Sanicula,crassicaulis,,,,native,S5,,48.868622219999999,-123.377350000000007,,NA,NA,"24687976",obs_native,file:///D:/Simon/Sync/Root/GIS/Biodiversity%20Data/obs_native.csv?type=csv&maxFields=10000&detectTypes=yes&xField=longitude&yField=latitude&crs=EPSG:4326&spatialIndex=no&subsetIndex=no&watchFile=no
"10151",Cerastium arvense ssp. strictum,Cerastium,arvense,,strictum,,native,S5,,48.868441670000003,-123.377449999999996,,NA,NA,"24687979",obs_native,file:///D:/Simon/Sync/Root/GIS/Biodiversity%20Data/obs_native.csv?type=csv&maxFields=10000&detectTypes=yes&xField=longitude&yField=latitude&crs=EPSG:4326&spatialIndex=no&subsetIndex=no&watchFile=no
"10171",Cerastium arvense ssp. strictum,Cerastium,arvense,,strictum,,native,S5,,48.869566669999998,-123.379019400000004,,NA,NA,"24687994",obs_native,file:///D:/Simon/Sync/Root/GIS/Biodiversity%20Data/obs_native.csv?type=csv&maxFields=10000&detectTypes=yes&xField=longitude&yField=latitude&crs=EPSG:4326&spatialIndex=no&subsetIndex=no&watchFile=no
"10181",Ranunculus occidentalis var. occidentalis,Ranunculus,occidentalis,,,,native,S5,,48.869624999999999,-123.379508299999998,,NA,NA,"24688011",obs_native,file:///D:/Simon/Sync/Root/GIS/Biodiversity%20Data/obs_native.csv?type=csv&maxFields=10000&detectTypes=yes&xField=longitude&yField=latitude&crs=EPSG:4326&spatialIndex=no&subsetIndex=no&watchFile=no
"10191",Quercus garryana var. garryana,Quercus,garryana,,,,native,S5,,48.866897219999998,-123.375825000000006,,NA,NA,"24688057",obs_native,file:///D:/Simon/Sync/Root/GIS/Biodiversity%20Data/obs_native.csv?type=csv&maxFields=10000&detectTypes=yes&xField=longitude&yField=latitude&crs=EPSG:4326&spatialIndex=no&subsetIndex=no&watchFile=no
"10201",Plectritis congesta ssp. congesta,Plectritis,congesta,,,,native,S5,,48.913519999999998,-123.386938299999997,,NA,NA,"24688105",obs_native,file:///D:/Simon/Sync/Root/GIS/Biodiversity%20Data/obs_native.csv?type=csv&maxFields=10000&detectTypes=yes&xField=longitude&yField=latitude&crs=EPSG:4326&spatialIndex=no&subsetIndex=no&watchFile=no
"10212",Fragaria vesca ssp. bracteata,Fragaria,vesca,,bracteata,,native,S5,,48.911695000000002,-123.386321699999996,,NA,NA,"24688489",obs_native,file:///D:/Simon/Sync/Root/GIS/Biodiversity%20Data/obs_native.csv?type=csv&maxFields=10000&detectTypes=yes&xField=longitude&yField=latitude&crs=EPSG:4326&spatialIndex=no&subsetIndex=no&watchFile=no
"10221",Camassia leichtlinii ssp. suksdorfii,Camassia,leichtlinii,,suksdorfii,,native,S4,,48.872529739999997,-123.312675799999994,,NA,NA,"24688826",obs_native,file:///D:/Simon/Sync/Root/GIS/Biodiversity%20Data/obs_native.csv?type=csv&maxFields=10000&detectTypes=yes&xField=longitude&yField=latitude&crs=EPSG:4326&spatialIndex=no&subsetIndex=no&watchFile=no
"10231",Pseudotsuga menziesii var. menziesii,Pseudotsuga,menziesii,,,,native,S5,,48.872493179999999,-123.311654599999997,,NA,NA,"24688852",obs_native,file:///D:/Simon/Sync/Root/GIS/Biodiversity%20Data/obs_native.csv?type=csv&maxFields=10000&detectTypes=yes&xField=longitude&yField=latitude&crs=EPSG:4326&spatialIndex=no&subsetIndex=no&watchFile=no
"10241",Ranunculus occidentalis var. occidentalis,Ranunculus,occidentalis,,,,native,S5,,48.871801419999997,-123.310588699999997,,NA,NA,"24689154",obs_native,file:///D:/Simon/Sync/Root/GIS/Biodiversity%20Data/obs_native.csv?type=csv&maxFields=10000&detectTypes=yes&xField=longitude&yField=latitude&crs=EPSG:4326&spatialIndex=no&subsetIndex=no&watchFile=no
"10251",Sanicula crassicaulis var. crassicaulis,Sanicula,crassicaulis,,,,native,S5,,48.871791719999997,-123.310636599999995,,NA,NA,"24689170",obs_native,file:///D:/Simon/Sync/Root/GIS/Biodiversity%20Data/obs_native.csv?type=csv&maxFields=10000&detectTypes=yes&xField=longitude&yField=latitude&crs=EPSG:4326&spatialIndex=no&subsetIndex=no&watchFile=no
"10261",Quercus garryana var. garryana,Quercus,garryana,,,,native,S5,,48.871700580000002,-123.310676000000001,,NA,NA,"24689238",obs_native,file:///D:/Simon/Sync/Root/GIS/Biodiversity%20Data/obs_native.csv?type=csv&maxFields=10000&detectTypes=yes&xField=longitude&yField=latitude&crs=EPSG:4326&spatialIndex=no&subsetIndex=no&watchFile=no
"10271",Symphoricarpos albus var. laevigatus,Symphoricarpos,albus,,,laevigatus,native,S5,,48.871544559999997,-123.310923500000001,,NA,NA,"24689274",obs_native,file:///D:/Simon/Sync/Root/GIS/Biodiversity%20Data/obs_native.csv?type=csv&maxFields=10000&detectTypes=yes&xField=longitude&yField=latitude&crs=EPSG:4326&spatialIndex=no&subsetIndex=no&watchFile=no
"10281",Holodiscus discolor var. discolor,Holodiscus,discolor,,,,native,S5,,48.871522769999999,-123.311460600000004,,NA,NA,"24689366",obs_native,file:///D:/Simon/Sync/Root/GIS/Biodiversity%20Data/obs_native.csv?type=csv&maxFields=10000&detectTypes=yes&xField=longitude&yField=latitude&crs=EPSG:4326&spatialIndex=no&subsetIndex=no&watchFile=no
"10291",Pteridium aquilinum ssp. pubescens,Pteridium,aquilinum,,pubescens,,native,S5,,48.871883459999999,-123.313622899999999,,NA,NA,"24689511",obs_native,file:///D:/Simon/Sync/Root/GIS/Biodiversity%20Data/obs_native.csv?type=csv&maxFields=10000&detectTypes=yes&xField=longitude&yField=latitude&crs=EPSG:4326&spatialIndex=no&subsetIndex=no&watchFile=no
"10301",Plectritis congesta ssp. congesta,Plectritis,congesta,,,,native,S5,,48.872576330000001,-123.313180399999993,,NA,NA,"24689517",obs_native,file:///D:/Simon/Sync/Root/GIS/Biodiversity%20Data/obs_native.csv?type=csv&maxFields=10000&detectTypes=yes&xField=longitude&yField=latitude&crs=EPSG:4326&spatialIndex=no&subsetIndex=no&watchFile=no
"10312",Sanicula crassicaulis var. crassicaulis,Sanicula,crassicaulis,,,,native,S5,,48.900718650000002,-123.406852200000003,,NA,NA,"24689707",obs_native,file:///D:/Simon/Sync/Root/GIS/Biodiversity%20Data/obs_native.csv?type=csv&maxFields=10000&detectTypes=yes&xField=longitude&yField=latitude&crs=EPSG:4326&spatialIndex=no&subsetIndex=no&watchFile=no
"10321",Holodiscus discolor var. discolor,Holodiscus,discolor,,,,native,S5,,48.901067900000001,-123.407138399999994,,NA,NA,"24689802",obs_native,file:///D:/Simon/Sync/Root/GIS/Biodiversity%20Data/obs_native.csv?type=csv&maxFields=10000&detectTypes=yes&xField=longitude&yField=latitude&crs=EPSG:4326&spatialIndex=no&subsetIndex=no&watchFile=no
"10331",Symphoricarpos albus var. laevigatus,Symphoricarpos,albus,,,laevigatus,native,S5,,48.901072259999999,-123.406337100000002,,NA,NA,"24689829",obs_native,file:///D:/Simon/Sync/Root/GIS/Biodiversity%20Data/obs_native.csv?type=csv&maxFields=10000&detectTypes=yes&xField=longitude&yField=latitude&crs=EPSG:4326&spatialIndex=no&subsetIndex=no&watchFile=no
"10341",Pseudotsuga menziesii var. menziesii,Pseudotsuga,menziesii,,,,native,S5,,48.901206590000001,-123.405961000000005,,NA,NA,"24689848",obs_native,file:///D:/Simon/Sync/Root/GIS/Biodiversity%20Data/obs_native.csv?type=csv&maxFields=10000&detectTypes=yes&xField=longitude&yField=latitude&crs=EPSG:4326&spatialIndex=no&subsetIndex=no&watchFile=no
"10351",Pseudotsuga menziesii var. menziesii,Pseudotsuga,menziesii,,,,native,S5,,48.963013889999999,-123.516577799999993,,NA,NA,"24690224",obs_native,file:///D:/Simon/Sync/Root/GIS/Biodiversity%20Data/obs_native.csv?type=csv&maxFields=10000&detectTypes=yes&xField=longitude&yField=latitude&crs=EPSG:4326&spatialIndex=no&subsetIndex=no&watchFile=no
"10371",Rosa nutkana ssp. nutkana,Rosa,nutkana,,,,native,S5,,48.963463890000000,-123.514861100000005,,NA,NA,"24690285",obs_native,file:///D:/Simon/Sync/Root/GIS/Biodiversity%20Data/obs_native.csv?type=csv&maxFields=10000&detectTypes=yes&xField=longitude&yField=latitude&crs=EPSG:4326&spatialIndex=no&subsetIndex=no&watchFile=no
"10381",Pseudotsuga menziesii var. menziesii,Pseudotsuga,menziesii,,,,native,S5,,48.963497220000001,-123.514686100000006,,NA,NA,"24690297",obs_native,file:///D:/Simon/Sync/Root/GIS/Biodiversity%20Data/obs_native.csv?type=csv&maxFields=10000&detectTypes=yes&xField=longitude&yField=latitude&crs=EPSG:4326&spatialIndex=no&subsetIndex=no&watchFile=no
"10391",Rosa nutkana ssp. nutkana,Rosa,nutkana,,,,native,S5,,48.963497220000001,-123.514794400000000,,NA,NA,"24690303",obs_native,file:///D:/Simon/Sync/Root/GIS/Biodiversity%20Data/obs_native.csv?type=csv&maxFields=10000&detectTypes=yes&xField=longitude&yField=latitude&crs=EPSG:4326&spatialIndex=no&subsetIndex=no&watchFile=no
"10401",Corallorhiza maculata var. occidentalis,Corallorhiza,maculata,,,occidentalis,native,S5,,48.879415999999999,-123.335780999999997,,NA,NA,"24691639",obs_native,file:///D:/Simon/Sync/Root/GIS/Biodiversity%20Data/obs_native.csv?type=csv&maxFields=10000&detectTypes=yes&xField=longitude&yField=latitude&crs=EPSG:4326&spatialIndex=no&subsetIndex=no&watchFile=no
"10412",Symphoricarpos albus var. laevigatus,Symphoricarpos,albus,,,laevigatus,native,S5,,48.965263890000003,-123.516944400000000,,NA,NA,"24694100",obs_native,file:///D:/Simon/Sync/Root/GIS/Biodiversity%20Data/obs_native.csv?type=csv&maxFields=10000&detectTypes=yes&xField=longitude&yField=latitude&crs=EPSG:4326&spatialIndex=no&subsetIndex=no&watchFile=no
"10421",Erythranthe cf guttata,Erythranthe,guttata,,,,native,S5,,48.965186109999998,-123.517052800000002,,NA,NA,"24694102",obs_native,file:///D:/Simon/Sync/Root/GIS/Biodiversity%20Data/obs_native.csv?type=csv&maxFields=10000&detectTypes=yes&xField=longitude&yField=latitude&crs=EPSG:4326&spatialIndex=no&subsetIndex=no&watchFile=no
"10431",Pteridium aquilinum ssp. pubescens,Pteridium,aquilinum,,pubescens,,native,S5,,48.964455559999998,-123.517533299999997,,NA,NA,"24694111",obs_native,file:///D:/Simon/Sync/Root/GIS/Biodiversity%20Data/obs_native.csv?type=csv&maxFields=10000&detectTypes=yes&xField=longitude&yField=latitude&crs=EPSG:4326&spatialIndex=no&subsetIndex=no&watchFile=no
"10451",Camassia leichtlinii ssp. suksdorfii,Camassia,leichtlinii,,suksdorfii,,native,S4,,48.872169440000000,-123.310844399999993,,NA,NA,"24697621",obs_native,file:///D:/Simon/Sync/Root/GIS/Biodiversity%20Data/obs_native.csv?type=csv&maxFields=10000&detectTypes=yes&xField=longitude&yField=latitude&crs=EPSG:4326&spatialIndex=no&subsetIndex=no&watchFile=no
"10461",Sanicula crassicaulis var. crassicaulis,Sanicula,crassicaulis,,,,native,S5,,48.872141669999998,-123.310980599999994,,NA,NA,"24697623",obs_native,file:///D:/Simon/Sync/Root/GIS/Biodiversity%20Data/obs_native.csv?type=csv&maxFields=10000&detectTypes=yes&xField=longitude&yField=latitude&crs=EPSG:4326&spatialIndex=no&subsetIndex=no&watchFile=no
"10471",Sanicula crassicaulis var. crassicaulis,Sanicula,crassicaulis,,,,native,S5,,48.872136110000000,-123.311027800000005,,NA,NA,"24697624",obs_native,file:///D:/Simon/Sync/Root/GIS/Biodiversity%20Data/obs_native.csv?type=csv&maxFields=10000&detectTypes=yes&xField=longitude&yField=latitude&crs=EPSG:4326&spatialIndex=no&subsetIndex=no&watchFile=no
"10481",Symphoricarpos albus var. laevigatus,Symphoricarpos,albus,,,laevigatus,native,S5,,48.872119439999999,-123.311041700000004,,NA,NA,"24697627",obs_native,file:///D:/Simon/Sync/Root/GIS/Biodiversity%20Data/obs_native.csv?type=csv&maxFields=10000&detectTypes=yes&xField=longitude&yField=latitude&crs=EPSG:4326&spatialIndex=no&subsetIndex=no&watchFile=no
"10491",Pseudotsuga menziesii var. menziesii,Pseudotsuga,menziesii,,,,native,S5,,48.872111109999999,-123.311041700000004,,NA,NA,"24697629",obs_native,file:///D:/Simon/Sync/Root/GIS/Biodiversity%20Data/obs_native.csv?type=csv&maxFields=10000&detectTypes=yes&xField=longitude&yField=latitude&crs=EPSG:4326&spatialIndex=no&subsetIndex=no&watchFile=no
"10501",Camassia leichtlinii ssp. suksdorfii,Camassia,leichtlinii,,suksdorfii,,native,S4,,48.872097220000001,-123.311049999999994,,NA,NA,"24697632",obs_native,file:///D:/Simon/Sync/Root/GIS/Biodiversity%20Data/obs_native.csv?type=csv&maxFields=10000&detectTypes=yes&xField=longitude&yField=latitude&crs=EPSG:4326&spatialIndex=no&subsetIndex=no&watchFile=no
"10512",Quercus garryana var. garryana,Quercus,garryana,,,,native,S5,,48.872086109999998,-123.311049999999994,,NA,NA,"24697641",obs_native,file:///D:/Simon/Sync/Root/GIS/Biodiversity%20Data/obs_native.csv?type=csv&maxFields=10000&detectTypes=yes&xField=longitude&yField=latitude&crs=EPSG:4326&spatialIndex=no&subsetIndex=no&watchFile=no
"10521",Ranunculus occidentalis var. occidentalis,Ranunculus,occidentalis,,,,native,S5,,48.871783330000000,-123.310713899999996,,NA,NA,"24697661",obs_native,file:///D:/Simon/Sync/Root/GIS/Biodiversity%20Data/obs_native.csv?type=csv&maxFields=10000&detectTypes=yes&xField=longitude&yField=latitude&crs=EPSG:4326&spatialIndex=no&subsetIndex=no&watchFile=no
"10531",Quercus garryana var. garryana,Quercus,garryana,,,,native,S5,,48.871636109999997,-123.310699999999997,,NA,NA,"24697693",obs_native,file:///D:/Simon/Sync/Root/GIS/Biodiversity%20Data/obs_native.csv?type=csv&maxFields=10000&detectTypes=yes&xField=longitude&yField=latitude&crs=EPSG:4326&spatialIndex=no&subsetIndex=no&watchFile=no
"10541",Camassia quamash ssp. quamash,Camassia,quamash,,,,native,S4,,48.871619440000003,-123.310386100000002,,NA,NA,"24697698",obs_native,file:///D:/Simon/Sync/Root/GIS/Biodiversity%20Data/obs_native.csv?type=csv&maxFields=10000&detectTypes=yes&xField=longitude&yField=latitude&crs=EPSG:4326&spatialIndex=no&subsetIndex=no&watchFile=no
"10551",Sanicula crassicaulis var. crassicaulis,Sanicula,crassicaulis,,,,native,S5,,48.871533329999998,-123.310744400000004,,NA,NA,"24697713",obs_native,file:///D:/Simon/Sync/Root/GIS/Biodiversity%20Data/obs_native.csv?type=csv&maxFields=10000&detectTypes=yes&xField=longitude&yField=latitude&crs=EPSG:4326&spatialIndex=no&subsetIndex=no&watchFile=no
"10561",Holodiscus discolor var. discolor,Holodiscus,discolor,,,,native,S5,,48.871558329999999,-123.310775000000007,,NA,NA,"24697720",obs_native,file:///D:/Simon/Sync/Root/GIS/Biodiversity%20Data/obs_native.csv?type=csv&maxFields=10000&detectTypes=yes&xField=longitude&yField=latitude&crs=EPSG:4326&spatialIndex=no&subsetIndex=no&watchFile=no
"10571",Symphoricarpos albus var. laevigatus,Symphoricarpos,albus,,,laevigatus,native,S5,,48.871558329999999,-123.310775000000007,,NA,NA,"24697724",obs_native,file:///D:/Simon/Sync/Root/GIS/Biodiversity%20Data/obs_native.csv?type=csv&maxFields=10000&detectTypes=yes&xField=longitude&yField=latitude&crs=EPSG:4326&spatialIndex=no&subsetIndex=no&watchFile=no
"10581",Pseudotsuga menziesii var. menziesii,Pseudotsuga,menziesii,,,,native,S5,,48.961811670000003,-123.518799999999999,,NA,NA,"24698680",obs_native,file:///D:/Simon/Sync/Root/GIS/Biodiversity%20Data/obs_native.csv?type=csv&maxFields=10000&detectTypes=yes&xField=longitude&yField=latitude&crs=EPSG:4326&spatialIndex=no&subsetIndex=no&watchFile=no
"10591",Pteridium aquilinum ssp. pubescens,Pteridium,aquilinum,,pubescens,,native,S5,,48.957428329999999,-123.541633300000001,,NA,NA,"24698981",obs_native,file:///D:/Simon/Sync/Root/GIS/Biodiversity%20Data/obs_native.csv?type=csv&maxFields=10000&detectTypes=yes&xField=longitude&yField=latitude&crs=EPSG:4326&spatialIndex=no&subsetIndex=no&watchFile=no
"10601",Sanicula crassicaulis var. crassicaulis,Sanicula,crassicaulis,,,,native,S5,,48.957613330000001,-123.541641700000000,,NA,NA,"24699085",obs_native,file:///D:/Simon/Sync/Root/GIS/Biodiversity%20Data/obs_native.csv?type=csv&maxFields=10000&detectTypes=yes&xField=longitude&yField=latitude&crs=EPSG:4326&spatialIndex=no&subsetIndex=no&watchFile=no
"10612",Holodiscus discolor var. discolor,Holodiscus,discolor,,,,native,S5,,48.957419999999999,-123.541686700000000,,NA,NA,"24699101",obs_native,file:///D:/Simon/Sync/Root/GIS/Biodiversity%20Data/obs_native.csv?type=csv&maxFields=10000&detectTypes=yes&xField=longitude&yField=latitude&crs=EPSG:4326&spatialIndex=no&subsetIndex=no&watchFile=no
"10621",Sanicula crassicaulis var. crassicaulis,Sanicula,crassicaulis,,,,native,S5,,48.957803329999997,-123.541886700000006,,NA,NA,"24699146",obs_native,file:///D:/Simon/Sync/Root/GIS/Biodiversity%20Data/obs_native.csv?type=csv&maxFields=10000&detectTypes=yes&xField=longitude&yField=latitude&crs=EPSG:4326&spatialIndex=no&subsetIndex=no&watchFile=no
"10631",Pseudotsuga menziesii var. menziesii,Pseudotsuga,menziesii,,,,native,S5,,48.898453330000002,-123.407925000000006,,NA,NA,"24700112",obs_native,file:///D:/Simon/Sync/Root/GIS/Biodiversity%20Data/obs_native.csv?type=csv&maxFields=10000&detectTypes=yes&xField=longitude&yField=latitude&crs=EPSG:4326&spatialIndex=no&subsetIndex=no&watchFile=no
"10641",Camassia quamash ssp. quamash,Camassia,quamash,,,,native,S4,,48.872331670000001,-123.312546699999999,,NA,NA,"24700669",obs_native,file:///D:/Simon/Sync/Root/GIS/Biodiversity%20Data/obs_native.csv?type=csv&maxFields=10000&detectTypes=yes&xField=longitude&yField=latitude&crs=EPSG:4326&spatialIndex=no&subsetIndex=no&watchFile=no
"10651",Rosa nutkana ssp. nutkana,Rosa,nutkana,,,,native,S5,,48.899044439999997,-123.407630600000005,,NA,NA,"24701207",obs_native,file:///D:/Simon/Sync/Root/GIS/Biodiversity%20Data/obs_native.csv?type=csv&maxFields=10000&detectTypes=yes&xField=longitude&yField=latitude&crs=EPSG:4326&spatialIndex=no&subsetIndex=no&watchFile=no
"10661",Symphoricarpos albus var. laevigatus,Symphoricarpos,albus,,,laevigatus,native,S5,,48.895347219999998,-123.410041699999994,,NA,NA,"24701236",obs_native,file:///D:/Simon/Sync/Root/GIS/Biodiversity%20Data/obs_native.csv?type=csv&maxFields=10000&detectTypes=yes&xField=longitude&yField=latitude&crs=EPSG:4326&spatialIndex=no&subsetIndex=no&watchFile=no
"10671",Pteridium aquilinum ssp. pubescens,Pteridium,aquilinum,,pubescens,,native,S5,,48.897305560000000,-123.407463899999996,,NA,NA,"24701240",obs_native,file:///D:/Simon/Sync/Root/GIS/Biodiversity%20Data/obs_native.csv?type=csv&maxFields=10000&detectTypes=yes&xField=longitude&yField=latitude&crs=EPSG:4326&spatialIndex=no&subsetIndex=no&watchFile=no
"10681",Leymus mollis ssp. mollis,Leymus,mollis,,,,native,S5,,48.896816670000000,-123.406205600000007,,NA,NA,"24701242",obs_native,file:///D:/Simon/Sync/Root/GIS/Biodiversity%20Data/obs_native.csv?type=csv&maxFields=10000&detectTypes=yes&xField=longitude&yField=latitude&crs=EPSG:4326&spatialIndex=no&subsetIndex=no&watchFile=no
"10701",Plectritis congesta ssp. congesta,Plectritis,congesta,,,,native,S5,,48.894072219999998,-123.403869400000005,,NA,NA,"24701290",obs_native,file:///D:/Simon/Sync/Root/GIS/Biodiversity%20Data/obs_native.csv?type=csv&maxFields=10000&detectTypes=yes&xField=longitude&yField=latitude&crs=EPSG:4326&spatialIndex=no&subsetIndex=no&watchFile=no
"10712",Holodiscus discolor var. discolor,Holodiscus,discolor,,,,native,S5,,48.894041670000000,-123.403769400000002,,NA,NA,"24701292",obs_native,file:///D:/Simon/Sync/Root/GIS/Biodiversity%20Data/obs_native.csv?type=csv&maxFields=10000&detectTypes=yes&xField=longitude&yField=latitude&crs=EPSG:4326&spatialIndex=no&subsetIndex=no&watchFile=no
"10721",Pteridium aquilinum ssp. pubescens,Pteridium,aquilinum,,pubescens,,native,S5,,48.893761110000000,-123.405288900000002,,NA,NA,"24701318",obs_native,file:///D:/Simon/Sync/Root/GIS/Biodiversity%20Data/obs_native.csv?type=csv&maxFields=10000&detectTypes=yes&xField=longitude&yField=latitude&crs=EPSG:4326&spatialIndex=no&subsetIndex=no&watchFile=no
"10731",Lathyrus nevadensis var. pilosellus,Lathyrus,nevadensis,,,pilosellus,native,S5,,48.893763890000002,-123.405547200000001,,NA,NA,"24701321",obs_native,file:///D:/Simon/Sync/Root/GIS/Biodiversity%20Data/obs_native.csv?type=csv&maxFields=10000&detectTypes=yes&xField=longitude&yField=latitude&crs=EPSG:4326&spatialIndex=no&subsetIndex=no&watchFile=no
"10741",Fragaria vesca ssp. bracteata,Fragaria,vesca,,bracteata,,native,S5,,48.893738890000002,-123.405891699999998,,NA,NA,"24701322",obs_native,file:///D:/Simon/Sync/Root/GIS/Biodiversity%20Data/obs_native.csv?type=csv&maxFields=10000&detectTypes=yes&xField=longitude&yField=latitude&crs=EPSG:4326&spatialIndex=no&subsetIndex=no&watchFile=no
"10751",Rosa nutkana ssp. nutkana,Rosa,nutkana,,,,native,S5,,48.894936110000003,-123.409277799999998,,NA,NA,"24701342",obs_native,file:///D:/Simon/Sync/Root/GIS/Biodiversity%20Data/obs_native.csv?type=csv&maxFields=10000&detectTypes=yes&xField=longitude&yField=latitude&crs=EPSG:4326&spatialIndex=no&subsetIndex=no&watchFile=no
"10761",Ribes divaricatum var. divaricatum,Ribes,divaricatum,,,,native,S5,,48.898347219999998,-123.408027799999999,,NA,NA,"24701363",obs_native,file:///D:/Simon/Sync/Root/GIS/Biodiversity%20Data/obs_native.csv?type=csv&maxFields=10000&detectTypes=yes&xField=longitude&yField=latitude&crs=EPSG:4326&spatialIndex=no&subsetIndex=no&watchFile=no
"10771",Equisetum hyemale ssp. affine,Equisetum,hyemale,,affine,,native,S5,,48.899830559999998,-123.407341700000003,,NA,NA,"24701364",obs_native,file:///D:/Simon/Sync/Root/GIS/Biodiversity%20Data/obs_native.csv?type=csv&maxFields=10000&detectTypes=yes&xField=longitude&yField=latitude&crs=EPSG:4326&spatialIndex=no&subsetIndex=no&watchFile=no
"10781",Camassia leichtlinii ssp. suksdorfii,Camassia,leichtlinii,,suksdorfii,,native,S4,,48.872611110000001,-123.312705600000001,,NA,NA,"24701369",obs_native,file:///D:/Simon/Sync/Root/GIS/Biodiversity%20Data/obs_native.csv?type=csv&maxFields=10000&detectTypes=yes&xField=longitude&yField=latitude&crs=EPSG:4326&spatialIndex=no&subsetIndex=no&watchFile=no
"10791",Ranunculus occidentalis var. occidentalis,Ranunculus,occidentalis,,,,native,S5,,48.871788889999998,-123.310652800000000,,NA,NA,"24701386",obs_native,file:///D:/Simon/Sync/Root/GIS/Biodiversity%20Data/obs_native.csv?type=csv&maxFields=10000&detectTypes=yes&xField=longitude&yField=latitude&crs=EPSG:4326&spatialIndex=no&subsetIndex=no&watchFile=no
"10801",Quercus garryana var. garryana,Quercus,garryana,,,,native,S5,,48.871613889999999,-123.310713899999996,,NA,NA,"24701389",obs_native,file:///D:/Simon/Sync/Root/GIS/Biodiversity%20Data/obs_native.csv?type=csv&maxFields=10000&detectTypes=yes&xField=longitude&yField=latitude&crs=EPSG:4326&spatialIndex=no&subsetIndex=no&watchFile=no
"10812",Pseudotsuga menziesii var. menziesii,Pseudotsuga,menziesii,,,,native,S5,,48.871711110000000,-123.312416700000000,,NA,NA,"24701409",obs_native,file:///D:/Simon/Sync/Root/GIS/Biodiversity%20Data/obs_native.csv?type=csv&maxFields=10000&detectTypes=yes&xField=longitude&yField=latitude&crs=EPSG:4326&spatialIndex=no&subsetIndex=no&watchFile=no
"10821",Pteridium aquilinum ssp. pubescens,Pteridium,aquilinum,,pubescens,,native,S5,,48.871899999999997,-123.313019400000002,,NA,NA,"24701413",obs_native,file:///D:/Simon/Sync/Root/GIS/Biodiversity%20Data/obs_native.csv?type=csv&maxFields=10000&detectTypes=yes&xField=longitude&yField=latitude&crs=EPSG:4326&spatialIndex=no&subsetIndex=no&watchFile=no
"10831",Camassia quamash ssp. quamash,Camassia,quamash,,,,native,S4,,48.872447219999998,-123.312727800000005,,NA,NA,"24701423",obs_native,file:///D:/Simon/Sync/Root/GIS/Biodiversity%20Data/obs_native.csv?type=csv&maxFields=10000&detectTypes=yes&xField=longitude&yField=latitude&crs=EPSG:4326&spatialIndex=no&subsetIndex=no&watchFile=no
"10841",Holodiscus discolor var. discolor,Holodiscus,discolor,,,,native,S5,,48.866916670000002,-123.329147199999994,,NA,NA,"24701432",obs_native,file:///D:/Simon/Sync/Root/GIS/Biodiversity%20Data/obs_native.csv?type=csv&maxFields=10000&detectTypes=yes&xField=longitude&yField=latitude&crs=EPSG:4326&spatialIndex=no&subsetIndex=no&watchFile=no
"10851",Pseudotsuga menziesii var. menziesii,Pseudotsuga,menziesii,,,,native,S5,,48.866588890000003,-123.329452799999999,,NA,NA,"24701445",obs_native,file:///D:/Simon/Sync/Root/GIS/Biodiversity%20Data/obs_native.csv?type=csv&maxFields=10000&detectTypes=yes&xField=longitude&yField=latitude&crs=EPSG:4326&spatialIndex=no&subsetIndex=no&watchFile=no
"10861",Quercus garryana var. garryana,Quercus,garryana,,,,native,S5,,48.901145000000000,-123.405331700000005,,NA,NA,"24702047",obs_native,file:///D:/Simon/Sync/Root/GIS/Biodiversity%20Data/obs_native.csv?type=csv&maxFields=10000&detectTypes=yes&xField=longitude&yField=latitude&crs=EPSG:4326&spatialIndex=no&subsetIndex=no&watchFile=no
"10871",Corallorhiza maculata var. occidentalis,Corallorhiza,maculata,,,occidentalis,native,S5,,48.901331669999998,-123.404870000000003,,NA,NA,"24702050",obs_native,file:///D:/Simon/Sync/Root/GIS/Biodiversity%20Data/obs_native.csv?type=csv&maxFields=10000&detectTypes=yes&xField=longitude&yField=latitude&crs=EPSG:4326&spatialIndex=no&subsetIndex=no&watchFile=no
"10881",Plectritis congesta ssp. congesta,Plectritis,congesta,,,,native,S5,,48.900581670000001,-123.404701700000004,,NA,NA,"24702201",obs_native,file:///D:/Simon/Sync/Root/GIS/Biodiversity%20Data/obs_native.csv?type=csv&maxFields=10000&detectTypes=yes&xField=longitude&yField=latitude&crs=EPSG:4326&spatialIndex=no&subsetIndex=no&watchFile=no
"10891",Pentagramma triangularis ssp. triangularis,Pentagramma,triangularis,,,,native,S5,,48.900751669999998,-123.405326700000003,,NA,NA,"24702202",obs_native,file:///D:/Simon/Sync/Root/GIS/Biodiversity%20Data/obs_native.csv?type=csv&maxFields=10000&detectTypes=yes&xField=longitude&yField=latitude&crs=EPSG:4326&spatialIndex=no&subsetIndex=no&watchFile=no
"10901",Pseudotsuga menziesii var. menziesii,Pseudotsuga,menziesii,,,,native,S5,,48.957716670000003,-123.542013299999994,,NA,NA,"24702212",obs_native,file:///D:/Simon/Sync/Root/GIS/Biodiversity%20Data/obs_native.csv?type=csv&maxFields=10000&detectTypes=yes&xField=longitude&yField=latitude&crs=EPSG:4326&spatialIndex=no&subsetIndex=no&watchFile=no
"10912",Plectritis congesta ssp. congesta,Plectritis,congesta,,,,native,S5,,48.957306670000001,-123.541790000000006,,NA,NA,"24702224",obs_native,file:///D:/Simon/Sync/Root/GIS/Biodiversity%20Data/obs_native.csv?type=csv&maxFields=10000&detectTypes=yes&xField=longitude&yField=latitude&crs=EPSG:4326&spatialIndex=no&subsetIndex=no&watchFile=no
"10921",Pseudotsuga menziesii var. menziesii,Pseudotsuga,menziesii,,,,native,S5,,48.866608329999998,-123.329444400000000,,NA,NA,"24702305",obs_native,file:///D:/Simon/Sync/Root/GIS/Biodiversity%20Data/obs_native.csv?type=csv&maxFields=10000&detectTypes=yes&xField=longitude&yField=latitude&crs=EPSG:4326&spatialIndex=no&subsetIndex=no&watchFile=no
"10931",Ranunculus occidentalis var. occidentalis,Ranunculus,occidentalis,,,,native,S5,,48.866252780000003,-123.331641700000006,,NA,NA,"24702371",obs_native,file:///D:/Simon/Sync/Root/GIS/Biodiversity%20Data/obs_native.csv?type=csv&maxFields=10000&detectTypes=yes&xField=longitude&yField=latitude&crs=EPSG:4326&spatialIndex=no&subsetIndex=no&watchFile=no
"10941",Holodiscus discolor var. discolor,Holodiscus,discolor,,,,native,S5,,48.865669439999998,-123.332475000000002,,NA,NA,"24702383",obs_native,file:///D:/Simon/Sync/Root/GIS/Biodiversity%20Data/obs_native.csv?type=csv&maxFields=10000&detectTypes=yes&xField=longitude&yField=latitude&crs=EPSG:4326&spatialIndex=no&subsetIndex=no&watchFile=no
"10951",Sanicula crassicaulis var. crassicaulis,Sanicula,crassicaulis,,,,native,S5,,48.865019439999998,-123.332083299999994,,NA,NA,"24702389",obs_native,file:///D:/Simon/Sync/Root/GIS/Biodiversity%20Data/obs_native.csv?type=csv&maxFields=10000&detectTypes=yes&xField=longitude&yField=latitude&crs=EPSG:4326&spatialIndex=no&subsetIndex=no&watchFile=no
"10961",Sanicula crassicaulis var. crassicaulis,Sanicula,crassicaulis,,,,native,S5,,48.872216260000002,-123.311920499999999,,NA,NA,"24707750",obs_native,file:///D:/Simon/Sync/Root/GIS/Biodiversity%20Data/obs_native.csv?type=csv&maxFields=10000&detectTypes=yes&xField=longitude&yField=latitude&crs=EPSG:4326&spatialIndex=no&subsetIndex=no&watchFile=no
"10971",Ranunculus occidentalis var. occidentalis,Ranunculus,occidentalis,,,,native,S5,,48.872155370000002,-123.311765899999997,,NA,NA,"24707806",obs_native,file:///D:/Simon/Sync/Root/GIS/Biodiversity%20Data/obs_native.csv?type=csv&maxFields=10000&detectTypes=yes&xField=longitude&yField=latitude&crs=EPSG:4326&spatialIndex=no&subsetIndex=no&watchFile=no
"10981",Camassia quamash ssp. quamash,Camassia,quamash,,,,native,S4,,48.872202690000002,-123.311597599999999,,NA,NA,"24707820",obs_native,file:///D:/Simon/Sync/Root/GIS/Biodiversity%20Data/obs_native.csv?type=csv&maxFields=10000&detectTypes=yes&xField=longitude&yField=latitude&crs=EPSG:4326&spatialIndex=no&subsetIndex=no&watchFile=no
"10991",Pseudotsuga menziesii var. menziesii,Pseudotsuga,menziesii,,,,native,S5,,48.872153990000001,-123.311676800000001,,NA,NA,"24707835",obs_native,file:///D:/Simon/Sync/Root/GIS/Biodiversity%20Data/obs_native.csv?type=csv&maxFields=10000&detectTypes=yes&xField=longitude&yField=latitude&crs=EPSG:4326&spatialIndex=no&subsetIndex=no&watchFile=no
"11002",Sanicula crassicaulis var. crassicaulis,Sanicula,crassicaulis,,,,native,S5,,48.871746539999997,-123.310966600000000,,NA,NA,"24707919",obs_native,file:///D:/Simon/Sync/Root/GIS/Biodiversity%20Data/obs_native.csv?type=csv&maxFields=10000&detectTypes=yes&xField=longitude&yField=latitude&crs=EPSG:4326&spatialIndex=no&subsetIndex=no&watchFile=no
"11012",Ranunculus occidentalis var. occidentalis,Ranunculus,occidentalis,,,,native,S5,,48.871738960000002,-123.310777599999994,,NA,NA,"24707968",obs_native,file:///D:/Simon/Sync/Root/GIS/Biodiversity%20Data/obs_native.csv?type=csv&maxFields=10000&detectTypes=yes&xField=longitude&yField=latitude&crs=EPSG:4326&spatialIndex=no&subsetIndex=no&watchFile=no
"11021",Camassia leichtlinii ssp. suksdorfii,Camassia,leichtlinii,,suksdorfii,,native,S4,,48.871738960000002,-123.310777599999994,,NA,NA,"24707982",obs_native,file:///D:/Simon/Sync/Root/GIS/Biodiversity%20Data/obs_native.csv?type=csv&maxFields=10000&detectTypes=yes&xField=longitude&yField=latitude&crs=EPSG:4326&spatialIndex=no&subsetIndex=no&watchFile=no
"11031",Symphoricarpos albus var. laevigatus,Symphoricarpos,albus,,,laevigatus,native,S5,,48.871738960000002,-123.310777599999994,,NA,NA,"24708028",obs_native,file:///D:/Simon/Sync/Root/GIS/Biodiversity%20Data/obs_native.csv?type=csv&maxFields=10000&detectTypes=yes&xField=longitude&yField=latitude&crs=EPSG:4326&spatialIndex=no&subsetIndex=no&watchFile=no
"11041",Quercus garryana var. garryana,Quercus,garryana,,,,native,S5,,48.871429749999997,-123.311401200000006,,NA,NA,"24708067",obs_native,file:///D:/Simon/Sync/Root/GIS/Biodiversity%20Data/obs_native.csv?type=csv&maxFields=10000&detectTypes=yes&xField=longitude&yField=latitude&crs=EPSG:4326&spatialIndex=no&subsetIndex=no&watchFile=no
"11051",Plectritis congesta ssp. congesta,Plectritis,congesta,,,,native,S5,,48.871549899999998,-123.311333500000003,,NA,NA,"24708124",obs_native,file:///D:/Simon/Sync/Root/GIS/Biodiversity%20Data/obs_native.csv?type=csv&maxFields=10000&detectTypes=yes&xField=longitude&yField=latitude&crs=EPSG:4326&spatialIndex=no&subsetIndex=no&watchFile=no
"11061",Pseudotsuga menziesii var. menziesii,Pseudotsuga,menziesii,,,,native,S5,,48.871877380000001,-123.312269700000002,,NA,NA,"24708270",obs_native,file:///D:/Simon/Sync/Root/GIS/Biodiversity%20Data/obs_native.csv?type=csv&maxFields=10000&detectTypes=yes&xField=longitude&yField=latitude&crs=EPSG:4326&spatialIndex=no&subsetIndex=no&watchFile=no
"11071",Pseudotsuga menziesii var. menziesii,Pseudotsuga,menziesii,,,,native,S5,,48.871816989999999,-123.312162099999995,,NA,NA,"24708312",obs_native,file:///D:/Simon/Sync/Root/GIS/Biodiversity%20Data/obs_native.csv?type=csv&maxFields=10000&detectTypes=yes&xField=longitude&yField=latitude&crs=EPSG:4326&spatialIndex=no&subsetIndex=no&watchFile=no
"11081",Corallorhiza maculata var. occidentalis,Corallorhiza,maculata,,,occidentalis,native,S5,,48.901253990000001,-123.405936499999996,,NA,NA,"24708729",obs_native,file:///D:/Simon/Sync/Root/GIS/Biodiversity%20Data/obs_native.csv?type=csv&maxFields=10000&detectTypes=yes&xField=longitude&yField=latitude&crs=EPSG:4326&spatialIndex=no&subsetIndex=no&watchFile=no
"11091",Pseudotsuga menziesii var. menziesii,Pseudotsuga,menziesii,,,,native,S5,,48.871986669999998,-123.312656700000005,,NA,NA,"24708750",obs_native,file:///D:/Simon/Sync/Root/GIS/Biodiversity%20Data/obs_native.csv?type=csv&maxFields=10000&detectTypes=yes&xField=longitude&yField=latitude&crs=EPSG:4326&spatialIndex=no&subsetIndex=no&watchFile=no
"11102",Sanicula crassicaulis var. crassicaulis,Sanicula,crassicaulis,,,,native,S5,,48.901246059999998,-123.405811799999995,,NA,NA,"24708759",obs_native,file:///D:/Simon/Sync/Root/GIS/Biodiversity%20Data/obs_native.csv?type=csv&maxFields=10000&detectTypes=yes&xField=longitude&yField=latitude&crs=EPSG:4326&spatialIndex=no&subsetIndex=no&watchFile=no
"11112",Pentagramma triangularis ssp. triangularis,Pentagramma,triangularis,,,,native,S5,,48.901484779999997,-123.405670099999995,,NA,NA,"24708788",obs_native,file:///D:/Simon/Sync/Root/GIS/Biodiversity%20Data/obs_native.csv?type=csv&maxFields=10000&detectTypes=yes&xField=longitude&yField=latitude&crs=EPSG:4326&spatialIndex=no&subsetIndex=no&watchFile=no
"11121",Pseudotsuga menziesii var. menziesii,Pseudotsuga,menziesii,,,,native,S5,,48.901555989999999,-123.405743299999997,,NA,NA,"24708813",obs_native,file:///D:/Simon/Sync/Root/GIS/Biodiversity%20Data/obs_native.csv?type=csv&maxFields=10000&detectTypes=yes&xField=longitude&yField=latitude&crs=EPSG:4326&spatialIndex=no&subsetIndex=no&watchFile=no
"11131",Pentagramma triangularis ssp. triangularis,Pentagramma,triangularis,,,,native,S5,,48.900608579999997,-123.404730799999996,,NA,NA,"24709159",obs_native,file:///D:/Simon/Sync/Root/GIS/Biodiversity%20Data/obs_native.csv?type=csv&maxFields=10000&detectTypes=yes&xField=longitude&yField=latitude&crs=EPSG:4326&spatialIndex=no&subsetIndex=no&watchFile=no
"11141",Plectritis congesta ssp. congesta,Plectritis,congesta,,,,native,S5,,48.900559340000001,-123.404523100000006,,NA,NA,"24709177",obs_native,file:///D:/Simon/Sync/Root/GIS/Biodiversity%20Data/obs_native.csv?type=csv&maxFields=10000&detectTypes=yes&xField=longitude&yField=latitude&crs=EPSG:4326&spatialIndex=no&subsetIndex=no&watchFile=no
"11151",Plectritis congesta ssp. congesta,Plectritis,congesta,,,,native,S5,,48.900446260000002,-123.404923499999995,,NA,NA,"24709206",obs_native,file:///D:/Simon/Sync/Root/GIS/Biodiversity%20Data/obs_native.csv?type=csv&maxFields=10000&detectTypes=yes&xField=longitude&yField=latitude&crs=EPSG:4326&spatialIndex=no&subsetIndex=no&watchFile=no
"11161",Pentagramma triangularis ssp. triangularis,Pentagramma,triangularis,,,,native,S5,,48.900746959999999,-123.404900499999997,,NA,NA,"24709225",obs_native,file:///D:/Simon/Sync/Root/GIS/Biodiversity%20Data/obs_native.csv?type=csv&maxFields=10000&detectTypes=yes&xField=longitude&yField=latitude&crs=EPSG:4326&spatialIndex=no&subsetIndex=no&watchFile=no
"11171",Pseudotsuga menziesii var. menziesii,Pseudotsuga,menziesii,,,,native,S5,,48.900678780000000,-123.405167300000002,,NA,NA,"24709366",obs_native,file:///D:/Simon/Sync/Root/GIS/Biodiversity%20Data/obs_native.csv?type=csv&maxFields=10000&detectTypes=yes&xField=longitude&yField=latitude&crs=EPSG:4326&spatialIndex=no&subsetIndex=no&watchFile=no
"11181",Pteridium aquilinum ssp. pubescens,Pteridium,aquilinum,,pubescens,,native,S5,,48.899944020000000,-123.406746100000007,,NA,NA,"24709446",obs_native,file:///D:/Simon/Sync/Root/GIS/Biodiversity%20Data/obs_native.csv?type=csv&maxFields=10000&detectTypes=yes&xField=longitude&yField=latitude&crs=EPSG:4326&spatialIndex=no&subsetIndex=no&watchFile=no
"11191",Rosa gymnocarpa,Rosa,gymnocarpa,,,,native,S5,,48.963437519999999,-123.515994699999993,,NA,NA,"24709894",obs_native,file:///D:/Simon/Sync/Root/GIS/Biodiversity%20Data/obs_native.csv?type=csv&maxFields=10000&detectTypes=yes&xField=longitude&yField=latitude&crs=EPSG:4326&spatialIndex=no&subsetIndex=no&watchFile=no
"11201",Sambucus racemosa var. arborescens,Sambucus,racemosa,,,arborescens,native,S5,,48.963611819999997,-123.515412799999993,,NA,NA,"24709912",obs_native,file:///D:/Simon/Sync/Root/GIS/Biodiversity%20Data/obs_native.csv?type=csv&maxFields=10000&detectTypes=yes&xField=longitude&yField=latitude&crs=EPSG:4326&spatialIndex=no&subsetIndex=no&watchFile=no
"11212",Pseudotsuga menziesii var. menziesii,Pseudotsuga,menziesii,,,,native,S5,,48.963706369999997,-123.515804299999999,,NA,NA,"24709966",obs_native,file:///D:/Simon/Sync/Root/GIS/Biodiversity%20Data/obs_native.csv?type=csv&maxFields=10000&detectTypes=yes&xField=longitude&yField=latitude&crs=EPSG:4326&spatialIndex=no&subsetIndex=no&watchFile=no
"11221",Equisetum hyemale ssp. affine,Equisetum,hyemale,,affine,,native,S5,,48.963401980000000,-123.514920900000007,,NA,NA,"24709982",obs_native,file:///D:/Simon/Sync/Root/GIS/Biodiversity%20Data/obs_native.csv?type=csv&maxFields=10000&detectTypes=yes&xField=longitude&yField=latitude&crs=EPSG:4326&spatialIndex=no&subsetIndex=no&watchFile=no
"11231",Holodiscus discolor var. discolor,Holodiscus,discolor,,,,native,S5,,48.964895929999997,-123.516800799999999,,NA,NA,"24710237",obs_native,file:///D:/Simon/Sync/Root/GIS/Biodiversity%20Data/obs_native.csv?type=csv&maxFields=10000&detectTypes=yes&xField=longitude&yField=latitude&crs=EPSG:4326&spatialIndex=no&subsetIndex=no&watchFile=no
"11241",Pteridium aquilinum ssp. pubescens,Pteridium,aquilinum,,pubescens,,native,S5,,48.963409949999999,-123.519571999999997,,NA,NA,"24710355",obs_native,file:///D:/Simon/Sync/Root/GIS/Biodiversity%20Data/obs_native.csv?type=csv&maxFields=10000&detectTypes=yes&xField=longitude&yField=latitude&crs=EPSG:4326&spatialIndex=no&subsetIndex=no&watchFile=no
"11251",Sanicula crassicaulis var. crassicaulis,Sanicula,crassicaulis,,,,native,S5,,48.872234829999996,-123.311854999999994,,NA,NA,"24711191",obs_native,file:///D:/Simon/Sync/Root/GIS/Biodiversity%20Data/obs_native.csv?type=csv&maxFields=10000&detectTypes=yes&xField=longitude&yField=latitude&crs=EPSG:4326&spatialIndex=no&subsetIndex=no&watchFile=no
"11261",Symphoricarpos albus var. laevigatus,Symphoricarpos,albus,,,laevigatus,native,S5,,48.872160899999997,-123.311486500000001,,NA,NA,"24711550",obs_native,file:///D:/Simon/Sync/Root/GIS/Biodiversity%20Data/obs_native.csv?type=csv&maxFields=10000&detectTypes=yes&xField=longitude&yField=latitude&crs=EPSG:4326&spatialIndex=no&subsetIndex=no&watchFile=no
"11271",Plectritis congesta ssp. congesta,Plectritis,congesta,,,,native,S5,,48.899348650000000,-123.407633000000004,,NA,NA,"24711732",obs_native,file:///D:/Simon/Sync/Root/GIS/Biodiversity%20Data/obs_native.csv?type=csv&maxFields=10000&detectTypes=yes&xField=longitude&yField=latitude&crs=EPSG:4326&spatialIndex=no&subsetIndex=no&watchFile=no
"11291",Sanicula crassicaulis var. crassicaulis,Sanicula,crassicaulis,,,,native,S5,,48.872201429999997,-123.311789200000007,,NA,NA,"24711902",obs_native,file:///D:/Simon/Sync/Root/GIS/Biodiversity%20Data/obs_native.csv?type=csv&maxFields=10000&detectTypes=yes&xField=longitude&yField=latitude&crs=EPSG:4326&spatialIndex=no&subsetIndex=no&watchFile=no
"11301",Plectritis congesta ssp. congesta,Plectritis,congesta,,,,native,S5,,48.871852680000003,-123.311784399999993,,NA,NA,"24711914",obs_native,file:///D:/Simon/Sync/Root/GIS/Biodiversity%20Data/obs_native.csv?type=csv&maxFields=10000&detectTypes=yes&xField=longitude&yField=latitude&crs=EPSG:4326&spatialIndex=no&subsetIndex=no&watchFile=no
"11312",Camassia leichtlinii ssp. suksdorfii,Camassia,leichtlinii,,suksdorfii,,native,S4,,48.872195060000003,-123.311806799999999,,NA,NA,"24711956",obs_native,file:///D:/Simon/Sync/Root/GIS/Biodiversity%20Data/obs_native.csv?type=csv&maxFields=10000&detectTypes=yes&xField=longitude&yField=latitude&crs=EPSG:4326&spatialIndex=no&subsetIndex=no&watchFile=no
"11321",Sarcocornia perennis,Sarcocornia,perennis,,,,native,S5,,48.898162849999999,-123.406135800000001,,NA,NA,"24712130",obs_native,file:///D:/Simon/Sync/Root/GIS/Biodiversity%20Data/obs_native.csv?type=csv&maxFields=10000&detectTypes=yes&xField=longitude&yField=latitude&crs=EPSG:4326&spatialIndex=no&subsetIndex=no&watchFile=no
"11331",Camassia quamash ssp. quamash,Camassia,quamash,,,,native,S4,,48.871994139999998,-123.311424900000006,,NA,NA,"24712286",obs_native,file:///D:/Simon/Sync/Root/GIS/Biodiversity%20Data/obs_native.csv?type=csv&maxFields=10000&detectTypes=yes&xField=longitude&yField=latitude&crs=EPSG:4326&spatialIndex=no&subsetIndex=no&watchFile=no
"11341",Sambucus racemosa var. arborescens,Sambucus,racemosa,,,arborescens,native,S5,,48.899735000000000,-123.405801699999998,,NA,NA,"24712586",obs_native,file:///D:/Simon/Sync/Root/GIS/Biodiversity%20Data/obs_native.csv?type=csv&maxFields=10000&detectTypes=yes&xField=longitude&yField=latitude&crs=EPSG:4326&spatialIndex=no&subsetIndex=no&watchFile=no
"11351",Equisetum hyemale ssp. affine,Equisetum,hyemale,,affine,,native,S5,,48.899740000000001,-123.406006700000006,,NA,NA,"24712588",obs_native,file:///D:/Simon/Sync/Root/GIS/Biodiversity%20Data/obs_native.csv?type=csv&maxFields=10000&detectTypes=yes&xField=longitude&yField=latitude&crs=EPSG:4326&spatialIndex=no&subsetIndex=no&watchFile=no
"11361",Plectritis congesta ssp. congesta,Plectritis,congesta,,,,native,S5,,48.901303329999998,-123.406063300000000,,NA,NA,"24712591",obs_native,file:///D:/Simon/Sync/Root/GIS/Biodiversity%20Data/obs_native.csv?type=csv&maxFields=10000&detectTypes=yes&xField=longitude&yField=latitude&crs=EPSG:4326&spatialIndex=no&subsetIndex=no&watchFile=no
"11371",Plectritis congesta ssp. congesta,Plectritis,congesta,,,,native,S5,,48.900651670000002,-123.404438299999995,,NA,NA,"24712592",obs_native,file:///D:/Simon/Sync/Root/GIS/Biodiversity%20Data/obs_native.csv?type=csv&maxFields=10000&detectTypes=yes&xField=longitude&yField=latitude&crs=EPSG:4326&spatialIndex=no&subsetIndex=no&watchFile=no
"11381",Spiraea douglasii var. douglasii,Spiraea,douglasii,,,,native,S5,,48.899656669999999,-123.405609999999996,,NA,NA,"24712596",obs_native,file:///D:/Simon/Sync/Root/GIS/Biodiversity%20Data/obs_native.csv?type=csv&maxFields=10000&detectTypes=yes&xField=longitude&yField=latitude&crs=EPSG:4326&spatialIndex=no&subsetIndex=no&watchFile=no
"11391",Corallorhiza maculata var. occidentalis,Corallorhiza,maculata,,,occidentalis,native,S5,,48.900741670000002,-123.405586700000001,,NA,NA,"24712597",obs_native,file:///D:/Simon/Sync/Root/GIS/Biodiversity%20Data/obs_native.csv?type=csv&maxFields=10000&detectTypes=yes&xField=longitude&yField=latitude&crs=EPSG:4326&spatialIndex=no&subsetIndex=no&watchFile=no
"11401",Symphoricarpos albus var. laevigatus,Symphoricarpos,albus,,,laevigatus,native,S5,,48.872084500000000,-123.311983100000006,,NA,NA,"24712670",obs_native,file:///D:/Simon/Sync/Root/GIS/Biodiversity%20Data/obs_native.csv?type=csv&maxFields=10000&detectTypes=yes&xField=longitude&yField=latitude&crs=EPSG:4326&spatialIndex=no&subsetIndex=no&watchFile=no
"11421",Ranunculus occidentalis var. occidentalis,Ranunculus,occidentalis,,,,native,S5,,48.872094390000001,-123.312094200000004,,NA,NA,"24712790",obs_native,file:///D:/Simon/Sync/Root/GIS/Biodiversity%20Data/obs_native.csv?type=csv&maxFields=10000&detectTypes=yes&xField=longitude&yField=latitude&crs=EPSG:4326&spatialIndex=no&subsetIndex=no&watchFile=no
"11431",Plectritis congesta ssp. congesta,Plectritis,congesta,,,,native,S5,,48.872070379999997,-123.312034699999998,,NA,NA,"24713008",obs_native,file:///D:/Simon/Sync/Root/GIS/Biodiversity%20Data/obs_native.csv?type=csv&maxFields=10000&detectTypes=yes&xField=longitude&yField=latitude&crs=EPSG:4326&spatialIndex=no&subsetIndex=no&watchFile=no
"11441",Quercus garryana var. garryana,Quercus,garryana,,,,native,S5,,48.871800860000000,-123.311275699999996,,NA,NA,"24713072",obs_native,file:///D:/Simon/Sync/Root/GIS/Biodiversity%20Data/obs_native.csv?type=csv&maxFields=10000&detectTypes=yes&xField=longitude&yField=latitude&crs=EPSG:4326&spatialIndex=no&subsetIndex=no&watchFile=no
"11451",Quercus garryana var. garryana,Quercus,garryana,,,,native,S5,,49.013559229999998,-123.573290099999994,,NA,NA,"24714319",obs_native,file:///D:/Simon/Sync/Root/GIS/Biodiversity%20Data/obs_native.csv?type=csv&maxFields=10000&detectTypes=yes&xField=longitude&yField=latitude&crs=EPSG:4326&spatialIndex=no&subsetIndex=no&watchFile=no
"11461",Plectritis congesta ssp. congesta,Plectritis,congesta,,,,native,S5,,49.013559229999998,-123.573290099999994,,NA,NA,"24714327",obs_native,file:///D:/Simon/Sync/Root/GIS/Biodiversity%20Data/obs_native.csv?type=csv&maxFields=10000&detectTypes=yes&xField=longitude&yField=latitude&crs=EPSG:4326&spatialIndex=no&subsetIndex=no&watchFile=no
"11471",Ranunculus occidentalis var. occidentalis,Ranunculus,occidentalis,,,,native,S5,,49.013559229999998,-123.573290099999994,,NA,NA,"24714332",obs_native,file:///D:/Simon/Sync/Root/GIS/Biodiversity%20Data/obs_native.csv?type=csv&maxFields=10000&detectTypes=yes&xField=longitude&yField=latitude&crs=EPSG:4326&spatialIndex=no&subsetIndex=no&watchFile=no
"11481",Corallorhiza maculata var. occidentalis,Corallorhiza,maculata,,,occidentalis,native,S5,,48.901543550000000,-123.404503199999994,,NA,NA,"24714397",obs_native,file:///D:/Simon/Sync/Root/GIS/Biodiversity%20Data/obs_native.csv?type=csv&maxFields=10000&detectTypes=yes&xField=longitude&yField=latitude&crs=EPSG:4326&spatialIndex=no&subsetIndex=no&watchFile=no
"11491",Corallorhiza maculata var. occidentalis,Corallorhiza,maculata,,,occidentalis,native,S5,,48.901543550000000,-123.404503199999994,,NA,NA,"24714399",obs_native,file:///D:/Simon/Sync/Root/GIS/Biodiversity%20Data/obs_native.csv?type=csv&maxFields=10000&detectTypes=yes&xField=longitude&yField=latitude&crs=EPSG:4326&spatialIndex=no&subsetIndex=no&watchFile=no
"11501",Plectritis congesta ssp. congesta,Plectritis,congesta,,,,native,S5,,48.901543550000000,-123.404503199999994,,NA,NA,"24714407",obs_native,file:///D:/Simon/Sync/Root/GIS/Biodiversity%20Data/obs_native.csv?type=csv&maxFields=10000&detectTypes=yes&xField=longitude&yField=latitude&crs=EPSG:4326&spatialIndex=no&subsetIndex=no&watchFile=no
"11512",Corallorhiza maculata var. occidentalis,Corallorhiza,maculata,,,occidentalis,native,S5,,48.901543550000000,-123.404503199999994,,NA,NA,"24714418",obs_native,file:///D:/Simon/Sync/Root/GIS/Biodiversity%20Data/obs_native.csv?type=csv&maxFields=10000&detectTypes=yes&xField=longitude&yField=latitude&crs=EPSG:4326&spatialIndex=no&subsetIndex=no&watchFile=no
"11521",Corallorhiza maculata var. occidentalis,Corallorhiza,maculata,,,occidentalis,native,S5,,48.901543550000000,-123.404503199999994,,NA,NA,"24714426",obs_native,file:///D:/Simon/Sync/Root/GIS/Biodiversity%20Data/obs_native.csv?type=csv&maxFields=10000&detectTypes=yes&xField=longitude&yField=latitude&crs=EPSG:4326&spatialIndex=no&subsetIndex=no&watchFile=no
"11531",Corallorhiza maculata var. occidentalis,Corallorhiza,maculata,,,occidentalis,native,S5,,48.901543550000000,-123.404503199999994,,NA,NA,"24714428",obs_native,file:///D:/Simon/Sync/Root/GIS/Biodiversity%20Data/obs_native.csv?type=csv&maxFields=10000&detectTypes=yes&xField=longitude&yField=latitude&crs=EPSG:4326&spatialIndex=no&subsetIndex=no&watchFile=no
"11541",Pteridium aquilinum ssp. pubescens,Pteridium,aquilinum,,pubescens,,native,S5,,48.900589170000003,-123.406825100000006,,NA,NA,"24714823",obs_native,file:///D:/Simon/Sync/Root/GIS/Biodiversity%20Data/obs_native.csv?type=csv&maxFields=10000&detectTypes=yes&xField=longitude&yField=latitude&crs=EPSG:4326&spatialIndex=no&subsetIndex=no&watchFile=no
"11551",Ranunculus occidentalis var. occidentalis,Ranunculus,occidentalis,,,,native,S5,,48.871795949999999,-123.311012300000002,,NA,NA,"24714840",obs_native,file:///D:/Simon/Sync/Root/GIS/Biodiversity%20Data/obs_native.csv?type=csv&maxFields=10000&detectTypes=yes&xField=longitude&yField=latitude&crs=EPSG:4326&spatialIndex=no&subsetIndex=no&watchFile=no
"11561",Rosa nutkana ssp. nutkana,Rosa,nutkana,,,,native,S5,,48.872531930000001,-123.310893600000000,,NA,NA,"24715003",obs_native,file:///D:/Simon/Sync/Root/GIS/Biodiversity%20Data/obs_native.csv?type=csv&maxFields=10000&detectTypes=yes&xField=longitude&yField=latitude&crs=EPSG:4326&spatialIndex=no&subsetIndex=no&watchFile=no
"11571",Sanicula crassicaulis var. crassicaulis,Sanicula,crassicaulis,,,,native,S5,,48.900428239999997,-123.406563800000001,,NA,NA,"24715218",obs_native,file:///D:/Simon/Sync/Root/GIS/Biodiversity%20Data/obs_native.csv?type=csv&maxFields=10000&detectTypes=yes&xField=longitude&yField=latitude&crs=EPSG:4326&spatialIndex=no&subsetIndex=no&watchFile=no
"11581",Sanicula crassicaulis var. crassicaulis,Sanicula,crassicaulis,,,,native,S5,,48.901167819999998,-123.405727200000001,,NA,NA,"24715235",obs_native,file:///D:/Simon/Sync/Root/GIS/Biodiversity%20Data/obs_native.csv?type=csv&maxFields=10000&detectTypes=yes&xField=longitude&yField=latitude&crs=EPSG:4326&spatialIndex=no&subsetIndex=no&watchFile=no
"11591",Corallorhiza maculata var. occidentalis,Corallorhiza,maculata,,,occidentalis,native,S5,,48.901491360000001,-123.405830300000005,,NA,NA,"24715248",obs_native,file:///D:/Simon/Sync/Root/GIS/Biodiversity%20Data/obs_native.csv?type=csv&maxFields=10000&detectTypes=yes&xField=longitude&yField=latitude&crs=EPSG:4326&spatialIndex=no&subsetIndex=no&watchFile=no
"11601",Pseudotsuga menziesii var. menziesii,Pseudotsuga,menziesii,,,,native,S5,,48.900394630000001,-123.406360399999997,,NA,NA,"24715308",obs_native,file:///D:/Simon/Sync/Root/GIS/Biodiversity%20Data/obs_native.csv?type=csv&maxFields=10000&detectTypes=yes&xField=longitude&yField=latitude&crs=EPSG:4326&spatialIndex=no&subsetIndex=no&watchFile=no
"11612",Pentagramma triangularis ssp. triangularis,Pentagramma,triangularis,,,,native,S5,,48.901295269999999,-123.405803700000007,,NA,NA,"24715325",obs_native,file:///D:/Simon/Sync/Root/GIS/Biodiversity%20Data/obs_native.csv?type=csv&maxFields=10000&detectTypes=yes&xField=longitude&yField=latitude&crs=EPSG:4326&spatialIndex=no&subsetIndex=no&watchFile=no
"11621",Corallorhiza maculata var. occidentalis,Corallorhiza,maculata,,,occidentalis,native,S5,,48.901342040000003,-123.405832099999998,,NA,NA,"24715356",obs_native,file:///D:/Simon/Sync/Root/GIS/Biodiversity%20Data/obs_native.csv?type=csv&maxFields=10000&detectTypes=yes&xField=longitude&yField=latitude&crs=EPSG:4326&spatialIndex=no&subsetIndex=no&watchFile=no
"11631",Rosa gymnocarpa,Rosa,gymnocarpa,,,,native,S5,,48.900936979999997,-123.406137999999999,,NA,NA,"24715425",obs_native,file:///D:/Simon/Sync/Root/GIS/Biodiversity%20Data/obs_native.csv?type=csv&maxFields=10000&detectTypes=yes&xField=longitude&yField=latitude&crs=EPSG:4326&spatialIndex=no&subsetIndex=no&watchFile=no
"11641",Pseudotsuga menziesii var. menziesii,Pseudotsuga,menziesii,,,,native,S5,,48.901060989999998,-123.406029300000000,,NA,NA,"24715452",obs_native,file:///D:/Simon/Sync/Root/GIS/Biodiversity%20Data/obs_native.csv?type=csv&maxFields=10000&detectTypes=yes&xField=longitude&yField=latitude&crs=EPSG:4326&spatialIndex=no&subsetIndex=no&watchFile=no
"11651",Corallorhiza maculata var. occidentalis,Corallorhiza,maculata,,,occidentalis,native,S5,,48.901784429999999,-123.405842000000007,,NA,NA,"24715573",obs_native,file:///D:/Simon/Sync/Root/GIS/Biodiversity%20Data/obs_native.csv?type=csv&maxFields=10000&detectTypes=yes&xField=longitude&yField=latitude&crs=EPSG:4326&spatialIndex=no&subsetIndex=no&watchFile=no
"11661",Corallorhiza maculata var. occidentalis,Corallorhiza,maculata,,,occidentalis,native,S5,,48.901538840000001,-123.405047900000000,,NA,NA,"24715660",obs_native,file:///D:/Simon/Sync/Root/GIS/Biodiversity%20Data/obs_native.csv?type=csv&maxFields=10000&detectTypes=yes&xField=longitude&yField=latitude&crs=EPSG:4326&spatialIndex=no&subsetIndex=no&watchFile=no
"11671",Sanicula crassicaulis var. crassicaulis,Sanicula,crassicaulis,,,,native,S5,,48.901256840000002,-123.405297899999994,,NA,NA,"24715828",obs_native,file:///D:/Simon/Sync/Root/GIS/Biodiversity%20Data/obs_native.csv?type=csv&maxFields=10000&detectTypes=yes&xField=longitude&yField=latitude&crs=EPSG:4326&spatialIndex=no&subsetIndex=no&watchFile=no
"11681",Camassia quamash ssp. quamash,Camassia,quamash,,,,native,S4,,48.872497840000001,-123.312209899999999,,NA,NA,"24743624",obs_native,file:///D:/Simon/Sync/Root/GIS/Biodiversity%20Data/obs_native.csv?type=csv&maxFields=10000&detectTypes=yes&xField=longitude&yField=latitude&crs=EPSG:4326&spatialIndex=no&subsetIndex=no&watchFile=no
"11691",Sanicula crassicaulis var. crassicaulis,Sanicula,crassicaulis,,,,native,S5,,49.013491549999998,-123.573181300000002,,NA,NA,"24748309",obs_native,file:///D:/Simon/Sync/Root/GIS/Biodiversity%20Data/obs_native.csv?type=csv&maxFields=10000&detectTypes=yes&xField=longitude&yField=latitude&crs=EPSG:4326&spatialIndex=no&subsetIndex=no&watchFile=no
"11701",Camassia leichtlinii ssp. suksdorfii,Camassia,leichtlinii,,suksdorfii,,native,S4,,49.013491549999998,-123.573181300000002,,NA,NA,"24748312",obs_native,file:///D:/Simon/Sync/Root/GIS/Biodiversity%20Data/obs_native.csv?type=csv&maxFields=10000&detectTypes=yes&xField=longitude&yField=latitude&crs=EPSG:4326&spatialIndex=no&subsetIndex=no&watchFile=no
"11712",Rosa nutkana ssp. nutkana,Rosa,nutkana,,,,native,S5,,49.013491549999998,-123.573181300000002,,NA,NA,"24748325",obs_native,file:///D:/Simon/Sync/Root/GIS/Biodiversity%20Data/obs_native.csv?type=csv&maxFields=10000&detectTypes=yes&xField=longitude&yField=latitude&crs=EPSG:4326&spatialIndex=no&subsetIndex=no&watchFile=no
"11721",Holodiscus discolor var. discolor,Holodiscus,discolor,,,,native,S5,,48.861321150000002,-123.367755900000006,,NA,NA,"24768073",obs_native,file:///D:/Simon/Sync/Root/GIS/Biodiversity%20Data/obs_native.csv?type=csv&maxFields=10000&detectTypes=yes&xField=longitude&yField=latitude&crs=EPSG:4326&spatialIndex=no&subsetIndex=no&watchFile=no
"11731",Sedum lanceolatum var. nesioticum,Sedum,lanceolatum,,,nesioticum,native,S3S4,,48.861791699999998,-123.370230599999999,,NA,NA,"24768079",obs_native,file:///D:/Simon/Sync/Root/GIS/Biodiversity%20Data/obs_native.csv?type=csv&maxFields=10000&detectTypes=yes&xField=longitude&yField=latitude&crs=EPSG:4326&spatialIndex=no&subsetIndex=no&watchFile=no
"11741",Quercus garryana var. garryana,Quercus,garryana,,,,native,S5,,48.860593330000000,-123.351971700000007,,NA,NA,"24768125",obs_native,file:///D:/Simon/Sync/Root/GIS/Biodiversity%20Data/obs_native.csv?type=csv&maxFields=10000&detectTypes=yes&xField=longitude&yField=latitude&crs=EPSG:4326&spatialIndex=no&subsetIndex=no&watchFile=no
"11751",Pseudotsuga menziesii var. menziesii,Pseudotsuga,menziesii,,,,native,S5,,48.859748330000002,-123.352074999999999,,NA,NA,"24768131",obs_native,file:///D:/Simon/Sync/Root/GIS/Biodiversity%20Data/obs_native.csv?type=csv&maxFields=10000&detectTypes=yes&xField=longitude&yField=latitude&crs=EPSG:4326&spatialIndex=no&subsetIndex=no&watchFile=no
"11761",Sanicula crassicaulis var. crassicaulis,Sanicula,crassicaulis,,,,native,S5,,48.859535000000001,-123.353171700000004,,NA,NA,"24768153",obs_native,file:///D:/Simon/Sync/Root/GIS/Biodiversity%20Data/obs_native.csv?type=csv&maxFields=10000&detectTypes=yes&xField=longitude&yField=latitude&crs=EPSG:4326&spatialIndex=no&subsetIndex=no&watchFile=no
"11771",Cerastium arvense ssp. strictum,Cerastium,arvense,,strictum,,native,S5,,48.859641670000002,-123.353226699999993,,NA,NA,"24768177",obs_native,file:///D:/Simon/Sync/Root/GIS/Biodiversity%20Data/obs_native.csv?type=csv&maxFields=10000&detectTypes=yes&xField=longitude&yField=latitude&crs=EPSG:4326&spatialIndex=no&subsetIndex=no&watchFile=no
"11781",Ranunculus occidentalis var. occidentalis,Ranunculus,occidentalis,,,,native,S5,,48.872211110000002,-123.312124999999995,,NA,NA,"24806474",obs_native,file:///D:/Simon/Sync/Root/GIS/Biodiversity%20Data/obs_native.csv?type=csv&maxFields=10000&detectTypes=yes&xField=longitude&yField=latitude&crs=EPSG:4326&spatialIndex=no&subsetIndex=no&watchFile=no
"11791",Sanicula crassicaulis var. crassicaulis,Sanicula,crassicaulis,,,,native,S5,,48.872077779999998,-123.312936100000002,,NA,NA,"24806476",obs_native,file:///D:/Simon/Sync/Root/GIS/Biodiversity%20Data/obs_native.csv?type=csv&maxFields=10000&detectTypes=yes&xField=longitude&yField=latitude&crs=EPSG:4326&spatialIndex=no&subsetIndex=no&watchFile=no
"11801",Holodiscus discolor var. discolor,Holodiscus,discolor,,,,native,S5,,48.871527780000001,-123.311691699999997,,NA,NA,"24806489",obs_native,file:///D:/Simon/Sync/Root/GIS/Biodiversity%20Data/obs_native.csv?type=csv&maxFields=10000&detectTypes=yes&xField=longitude&yField=latitude&crs=EPSG:4326&spatialIndex=no&subsetIndex=no&watchFile=no
"11812",Heuchera micrantha var. diversifolia,Heuchera,micrantha,,,diversifolia,native,S5,,48.872055560000000,-123.312399999999997,,NA,NA,"24806491",obs_native,file:///D:/Simon/Sync/Root/GIS/Biodiversity%20Data/obs_native.csv?type=csv&maxFields=10000&detectTypes=yes&xField=longitude&yField=latitude&crs=EPSG:4326&spatialIndex=no&subsetIndex=no&watchFile=no
"11831",Plectritis congesta ssp. congesta,Plectritis,congesta,,,,native,S5,,48.872088890000001,-123.312255600000000,,NA,NA,"24806495",obs_native,file:///D:/Simon/Sync/Root/GIS/Biodiversity%20Data/obs_native.csv?type=csv&maxFields=10000&detectTypes=yes&xField=longitude&yField=latitude&crs=EPSG:4326&spatialIndex=no&subsetIndex=no&watchFile=no
"11841",Fragaria vesca ssp. bracteata,Fragaria,vesca,,bracteata,,native,S5,,48.871747220000003,-123.312155599999997,,NA,NA,"24806496",obs_native,file:///D:/Simon/Sync/Root/GIS/Biodiversity%20Data/obs_native.csv?type=csv&maxFields=10000&detectTypes=yes&xField=longitude&yField=latitude&crs=EPSG:4326&spatialIndex=no&subsetIndex=no&watchFile=no
"11851",Ranunculus occidentalis var. occidentalis,Ranunculus,occidentalis,,,,native,S5,,48.872100000000003,-123.312277800000004,,NA,NA,"24806503",obs_native,file:///D:/Simon/Sync/Root/GIS/Biodiversity%20Data/obs_native.csv?type=csv&maxFields=10000&detectTypes=yes&xField=longitude&yField=latitude&crs=EPSG:4326&spatialIndex=no&subsetIndex=no&watchFile=no
"11861",Symphoricarpos albus var. laevigatus,Symphoricarpos,albus,,,laevigatus,native,S5,,48.871972220000004,-123.312394400000002,,NA,NA,"24806504",obs_native,file:///D:/Simon/Sync/Root/GIS/Biodiversity%20Data/obs_native.csv?type=csv&maxFields=10000&detectTypes=yes&xField=longitude&yField=latitude&crs=EPSG:4326&spatialIndex=no&subsetIndex=no&watchFile=no
"11871",Sanicula crassicaulis var. crassicaulis,Sanicula,crassicaulis,,,,native,S5,,48.871936110000000,-123.312408300000001,,NA,NA,"24806516",obs_native,file:///D:/Simon/Sync/Root/GIS/Biodiversity%20Data/obs_native.csv?type=csv&maxFields=10000&detectTypes=yes&xField=longitude&yField=latitude&crs=EPSG:4326&spatialIndex=no&subsetIndex=no&watchFile=no
"11881",Plectritis congesta ssp. congesta,Plectritis,congesta,,,,native,S5,,48.872050000000002,-123.312302799999998,,NA,NA,"24806521",obs_native,file:///D:/Simon/Sync/Root/GIS/Biodiversity%20Data/obs_native.csv?type=csv&maxFields=10000&detectTypes=yes&xField=longitude&yField=latitude&crs=EPSG:4326&spatialIndex=no&subsetIndex=no&watchFile=no
"11901",Plectritis congesta ssp. congesta,Plectritis,congesta,,,,native,S5,,48.872038889999999,-123.312294399999999,,NA,NA,"24806527",obs_native,file:///D:/Simon/Sync/Root/GIS/Biodiversity%20Data/obs_native.csv?type=csv&maxFields=10000&detectTypes=yes&xField=longitude&yField=latitude&crs=EPSG:4326&spatialIndex=no&subsetIndex=no&watchFile=no
"11912",Sanicula crassicaulis var. crassicaulis,Sanicula,crassicaulis,,,,native,S5,,48.871941669999998,-123.312836099999998,,NA,NA,"24806547",obs_native,file:///D:/Simon/Sync/Root/GIS/Biodiversity%20Data/obs_native.csv?type=csv&maxFields=10000&detectTypes=yes&xField=longitude&yField=latitude&crs=EPSG:4326&spatialIndex=no&subsetIndex=no&watchFile=no
"11921",Camassia quamash ssp. quamash,Camassia,quamash,,,,native,S4,,48.872344439999999,-123.312788900000001,,NA,NA,"24806549",obs_native,file:///D:/Simon/Sync/Root/GIS/Biodiversity%20Data/obs_native.csv?type=csv&maxFields=10000&detectTypes=yes&xField=longitude&yField=latitude&crs=EPSG:4326&spatialIndex=no&subsetIndex=no&watchFile=no
"11931",Sanicula crassicaulis var. crassicaulis,Sanicula,crassicaulis,,,,native,S5,,48.871844439999997,-123.312194399999996,,NA,NA,"24806719",obs_native,file:///D:/Simon/Sync/Root/GIS/Biodiversity%20Data/obs_native.csv?type=csv&maxFields=10000&detectTypes=yes&xField=longitude&yField=latitude&crs=EPSG:4326&spatialIndex=no&subsetIndex=no&watchFile=no
"11941",Sanicula crassicaulis var. crassicaulis,Sanicula,crassicaulis,,,,native,S5,,48.871605559999999,-123.311552800000001,,NA,NA,"24806721",obs_native,file:///D:/Simon/Sync/Root/GIS/Biodiversity%20Data/obs_native.csv?type=csv&maxFields=10000&detectTypes=yes&xField=longitude&yField=latitude&crs=EPSG:4326&spatialIndex=no&subsetIndex=no&watchFile=no
"11951",Cerastium arvense ssp. strictum,Cerastium,arvense,,strictum,,native,S5,,48.952944969999997,-123.522347499999995,,NA,NA,"24819462",obs_native,file:///D:/Simon/Sync/Root/GIS/Biodiversity%20Data/obs_native.csv?type=csv&maxFields=10000&detectTypes=yes&xField=longitude&yField=latitude&crs=EPSG:4326&spatialIndex=no&subsetIndex=no&watchFile=no
"11961",Fragaria vesca ssp. bracteata,Fragaria,vesca,,bracteata,,native,S5,,48.897263660000000,-123.408967099999998,,NA,NA,"24822534",obs_native,file:///D:/Simon/Sync/Root/GIS/Biodiversity%20Data/obs_native.csv?type=csv&maxFields=10000&detectTypes=yes&xField=longitude&yField=latitude&crs=EPSG:4326&spatialIndex=no&subsetIndex=no&watchFile=no
"11971",Plectritis congesta ssp. congesta,Plectritis,congesta,,,,native,S5,,48.872036110000003,-123.312347200000005,,NA,NA,"24824073",obs_native,file:///D:/Simon/Sync/Root/GIS/Biodiversity%20Data/obs_native.csv?type=csv&maxFields=10000&detectTypes=yes&xField=longitude&yField=latitude&crs=EPSG:4326&spatialIndex=no&subsetIndex=no&watchFile=no
"11981",Heuchera micrantha var. diversifolia,Heuchera,micrantha,,,diversifolia,native,S5,,48.872033330000001,-123.312775000000002,,NA,NA,"24824082",obs_native,file:///D:/Simon/Sync/Root/GIS/Biodiversity%20Data/obs_native.csv?type=csv&maxFields=10000&detectTypes=yes&xField=longitude&yField=latitude&crs=EPSG:4326&spatialIndex=no&subsetIndex=no&watchFile=no
"11991",Plectritis congesta ssp. congesta,Plectritis,congesta,,,,native,S5,,48.872050000000002,-123.312302799999998,,NA,NA,"24824091",obs_native,file:///D:/Simon/Sync/Root/GIS/Biodiversity%20Data/obs_native.csv?type=csv&maxFields=10000&detectTypes=yes&xField=longitude&yField=latitude&crs=EPSG:4326&spatialIndex=no&subsetIndex=no&watchFile=no
"12001",Plectritis congesta ssp. congesta,Plectritis,congesta,,,,native,S5,,48.872044440000003,-123.312302799999998,,NA,NA,"24824095",obs_native,file:///D:/Simon/Sync/Root/GIS/Biodiversity%20Data/obs_native.csv?type=csv&maxFields=10000&detectTypes=yes&xField=longitude&yField=latitude&crs=EPSG:4326&spatialIndex=no&subsetIndex=no&watchFile=no
"12031",Ranunculus occidentalis var. occidentalis,Ranunculus,occidentalis,,,,native,S5,,48.872038889999999,-123.312294399999999,,NA,NA,"24824100",obs_native,file:///D:/Simon/Sync/Root/GIS/Biodiversity%20Data/obs_native.csv?type=csv&maxFields=10000&detectTypes=yes&xField=longitude&yField=latitude&crs=EPSG:4326&spatialIndex=no&subsetIndex=no&watchFile=no
"12041",Camassia leichtlinii ssp. suksdorfii,Camassia,leichtlinii,,suksdorfii,,native,S4,,48.872436110000002,-123.312644399999996,,NA,NA,"24824103",obs_native,file:///D:/Simon/Sync/Root/GIS/Biodiversity%20Data/obs_native.csv?type=csv&maxFields=10000&detectTypes=yes&xField=longitude&yField=latitude&crs=EPSG:4326&spatialIndex=no&subsetIndex=no&watchFile=no
"12051",Sanicula crassicaulis var. crassicaulis,Sanicula,crassicaulis,,,,native,S5,,48.871666670000003,-123.311736100000005,,NA,NA,"24824113",obs_native,file:///D:/Simon/Sync/Root/GIS/Biodiversity%20Data/obs_native.csv?type=csv&maxFields=10000&detectTypes=yes&xField=longitude&yField=latitude&crs=EPSG:4326&spatialIndex=no&subsetIndex=no&watchFile=no
"12061",Sanicula crassicaulis var. crassicaulis,Sanicula,crassicaulis,,,,native,S5,,48.871605559999999,-123.311552800000001,,NA,NA,"24824119",obs_native,file:///D:/Simon/Sync/Root/GIS/Biodiversity%20Data/obs_native.csv?type=csv&maxFields=10000&detectTypes=yes&xField=longitude&yField=latitude&crs=EPSG:4326&spatialIndex=no&subsetIndex=no&watchFile=no
"12071",Sanicula crassicaulis var. crassicaulis,Sanicula,crassicaulis,,,,native,S5,,48.871811110000003,-123.312155599999997,,NA,NA,"24824120",obs_native,file:///D:/Simon/Sync/Root/GIS/Biodiversity%20Data/obs_native.csv?type=csv&maxFields=10000&detectTypes=yes&xField=longitude&yField=latitude&crs=EPSG:4326&spatialIndex=no&subsetIndex=no&watchFile=no
"12081",Sanicula crassicaulis var. crassicaulis,Sanicula,crassicaulis,,,,native,S5,,48.871788889999998,-123.312338900000000,,NA,NA,"24824141",obs_native,file:///D:/Simon/Sync/Root/GIS/Biodiversity%20Data/obs_native.csv?type=csv&maxFields=10000&detectTypes=yes&xField=longitude&yField=latitude&crs=EPSG:4326&spatialIndex=no&subsetIndex=no&watchFile=no
"12091",Plectritis congesta ssp. congesta,Plectritis,congesta,,,,native,S5,,48.872038889999999,-123.312347200000005,,NA,NA,"24824143",obs_native,file:///D:/Simon/Sync/Root/GIS/Biodiversity%20Data/obs_native.csv?type=csv&maxFields=10000&detectTypes=yes&xField=longitude&yField=latitude&crs=EPSG:4326&spatialIndex=no&subsetIndex=no&watchFile=no
"12102",Lathyrus nevadensis var. pilosellus,Lathyrus,nevadensis,,,pilosellus,native,S5,,48.871788889999998,-123.312347200000005,,NA,NA,"24824144",obs_native,file:///D:/Simon/Sync/Root/GIS/Biodiversity%20Data/obs_native.csv?type=csv&maxFields=10000&detectTypes=yes&xField=longitude&yField=latitude&crs=EPSG:4326&spatialIndex=no&subsetIndex=no&watchFile=no
"12112",Heuchera micrantha var. diversifolia,Heuchera,micrantha,,,diversifolia,native,S5,,48.872063890000000,-123.312425000000005,,NA,NA,"24824148",obs_native,file:///D:/Simon/Sync/Root/GIS/Biodiversity%20Data/obs_native.csv?type=csv&maxFields=10000&detectTypes=yes&xField=longitude&yField=latitude&crs=EPSG:4326&spatialIndex=no&subsetIndex=no&watchFile=no
"12121",Camassia leichtlinii ssp. suksdorfii,Camassia,leichtlinii,,suksdorfii,,native,S4,,48.872075000000002,-123.312247200000002,,NA,NA,"24824150",obs_native,file:///D:/Simon/Sync/Root/GIS/Biodiversity%20Data/obs_native.csv?type=csv&maxFields=10000&detectTypes=yes&xField=longitude&yField=latitude&crs=EPSG:4326&spatialIndex=no&subsetIndex=no&watchFile=no
"12131",Heuchera micrantha var. diversifolia,Heuchera,micrantha,,,diversifolia,native,S5,,48.872033330000001,-123.312775000000002,,NA,NA,"24824151",obs_native,file:///D:/Simon/Sync/Root/GIS/Biodiversity%20Data/obs_native.csv?type=csv&maxFields=10000&detectTypes=yes&xField=longitude&yField=latitude&crs=EPSG:4326&spatialIndex=no&subsetIndex=no&watchFile=no
"12141",Sanicula crassicaulis var. crassicaulis,Sanicula,crassicaulis,,,,native,S5,,48.871966669999999,-123.312394400000002,,NA,NA,"24824154",obs_native,file:///D:/Simon/Sync/Root/GIS/Biodiversity%20Data/obs_native.csv?type=csv&maxFields=10000&detectTypes=yes&xField=longitude&yField=latitude&crs=EPSG:4326&spatialIndex=no&subsetIndex=no&watchFile=no
"12151",Plectritis congesta ssp. congesta,Plectritis,congesta,,,,native,S5,,48.872097220000001,-123.312308299999998,,NA,NA,"24824158",obs_native,file:///D:/Simon/Sync/Root/GIS/Biodiversity%20Data/obs_native.csv?type=csv&maxFields=10000&detectTypes=yes&xField=longitude&yField=latitude&crs=EPSG:4326&spatialIndex=no&subsetIndex=no&watchFile=no
"12161",Sanicula crassicaulis var. crassicaulis,Sanicula,crassicaulis,,,,native,S5,,48.872100000000003,-123.312758299999999,,NA,NA,"24824161",obs_native,file:///D:/Simon/Sync/Root/GIS/Biodiversity%20Data/obs_native.csv?type=csv&maxFields=10000&detectTypes=yes&xField=longitude&yField=latitude&crs=EPSG:4326&spatialIndex=no&subsetIndex=no&watchFile=no
"12171",Camassia leichtlinii ssp. suksdorfii,Camassia,leichtlinii,,suksdorfii,,native,S4,,48.872066670000002,-123.312294399999999,,NA,NA,"24824163",obs_native,file:///D:/Simon/Sync/Root/GIS/Biodiversity%20Data/obs_native.csv?type=csv&maxFields=10000&detectTypes=yes&xField=longitude&yField=latitude&crs=EPSG:4326&spatialIndex=no&subsetIndex=no&watchFile=no
"12181",Plectritis congesta ssp. congesta,Plectritis,congesta,,,,native,S5,,48.872044440000003,-123.312302799999998,,NA,NA,"24824166",obs_native,file:///D:/Simon/Sync/Root/GIS/Biodiversity%20Data/obs_native.csv?type=csv&maxFields=10000&detectTypes=yes&xField=longitude&yField=latitude&crs=EPSG:4326&spatialIndex=no&subsetIndex=no&watchFile=no
"12191",Sanicula crassicaulis var. crassicaulis,Sanicula,crassicaulis,,,,native,S5,,48.871947220000003,-123.312936100000002,,NA,NA,"24824184",obs_native,file:///D:/Simon/Sync/Root/GIS/Biodiversity%20Data/obs_native.csv?type=csv&maxFields=10000&detectTypes=yes&xField=longitude&yField=latitude&crs=EPSG:4326&spatialIndex=no&subsetIndex=no&watchFile=no
"12201",Sanicula crassicaulis var. crassicaulis,Sanicula,crassicaulis,,,,native,S5,,48.871605559999999,-123.311552800000001,,NA,NA,"24824185",obs_native,file:///D:/Simon/Sync/Root/GIS/Biodiversity%20Data/obs_native.csv?type=csv&maxFields=10000&detectTypes=yes&xField=longitude&yField=latitude&crs=EPSG:4326&spatialIndex=no&subsetIndex=no&watchFile=no
"12212",Pseudotsuga menziesii var. menziesii,Pseudotsuga,menziesii,,,,native,S5,,48.893626670000003,-123.406019999999998,,NA,NA,"24873202",obs_native,file:///D:/Simon/Sync/Root/GIS/Biodiversity%20Data/obs_native.csv?type=csv&maxFields=10000&detectTypes=yes&xField=longitude&yField=latitude&crs=EPSG:4326&spatialIndex=no&subsetIndex=no&watchFile=no
"12221",Fragaria vesca ssp. bracteata,Fragaria,vesca,,bracteata,,native,S5,,48.899245000000001,-123.407526700000005,,NA,NA,"24873203",obs_native,file:///D:/Simon/Sync/Root/GIS/Biodiversity%20Data/obs_native.csv?type=csv&maxFields=10000&detectTypes=yes&xField=longitude&yField=latitude&crs=EPSG:4326&spatialIndex=no&subsetIndex=no&watchFile=no
"12231",Quercus garryana var. garryana,Quercus,garryana,,,,native,S5,,48.894925000000001,-123.404356699999994,,NA,NA,"24873205",obs_native,file:///D:/Simon/Sync/Root/GIS/Biodiversity%20Data/obs_native.csv?type=csv&maxFields=10000&detectTypes=yes&xField=longitude&yField=latitude&crs=EPSG:4326&spatialIndex=no&subsetIndex=no&watchFile=no
"12241",Rosa nutkana ssp. nutkana,Rosa,nutkana,,,,native,S5,,48.895711669999997,-123.409440000000004,,NA,NA,"24873215",obs_native,file:///D:/Simon/Sync/Root/GIS/Biodiversity%20Data/obs_native.csv?type=csv&maxFields=10000&detectTypes=yes&xField=longitude&yField=latitude&crs=EPSG:4326&spatialIndex=no&subsetIndex=no&watchFile=no
"12251",Sarcocornia perennis,Sarcocornia,perennis,,,,native,S5,,48.893578329999997,-123.403441700000002,,NA,NA,"24873223",obs_native,file:///D:/Simon/Sync/Root/GIS/Biodiversity%20Data/obs_native.csv?type=csv&maxFields=10000&detectTypes=yes&xField=longitude&yField=latitude&crs=EPSG:4326&spatialIndex=no&subsetIndex=no&watchFile=no
"12261",Fragaria vesca ssp. bracteata,Fragaria,vesca,,bracteata,,native,S5,,48.893644999999999,-123.405901700000001,,NA,NA,"24873226",obs_native,file:///D:/Simon/Sync/Root/GIS/Biodiversity%20Data/obs_native.csv?type=csv&maxFields=10000&detectTypes=yes&xField=longitude&yField=latitude&crs=EPSG:4326&spatialIndex=no&subsetIndex=no&watchFile=no
"12271",Plectritis congesta ssp. congesta,Plectritis,congesta,,,,native,S5,,48.894033329999999,-123.403926700000000,,NA,NA,"24873231",obs_native,file:///D:/Simon/Sync/Root/GIS/Biodiversity%20Data/obs_native.csv?type=csv&maxFields=10000&detectTypes=yes&xField=longitude&yField=latitude&crs=EPSG:4326&spatialIndex=no&subsetIndex=no&watchFile=no
"12281",Camassia leichtlinii ssp. suksdorfii,Camassia,leichtlinii,,suksdorfii,,native,S4,,48.872563329999998,-123.312758299999999,,NA,NA,"24874178",obs_native,file:///D:/Simon/Sync/Root/GIS/Biodiversity%20Data/obs_native.csv?type=csv&maxFields=10000&detectTypes=yes&xField=longitude&yField=latitude&crs=EPSG:4326&spatialIndex=no&subsetIndex=no&watchFile=no
"12291",Camassia leichtlinii ssp. suksdorfii,Camassia,leichtlinii,,suksdorfii,,native,S4,,48.872296669999997,-123.311075000000002,,NA,NA,"24874180",obs_native,file:///D:/Simon/Sync/Root/GIS/Biodiversity%20Data/obs_native.csv?type=csv&maxFields=10000&detectTypes=yes&xField=longitude&yField=latitude&crs=EPSG:4326&spatialIndex=no&subsetIndex=no&watchFile=no
"12301",Linnaea borealis ssp. longiflora,Linnaea,borealis,,longiflora,,native,S5,,48.866853329999998,-123.330961700000003,,NA,NA,"24874398",obs_native,file:///D:/Simon/Sync/Root/GIS/Biodiversity%20Data/obs_native.csv?type=csv&maxFields=10000&detectTypes=yes&xField=longitude&yField=latitude&crs=EPSG:4326&spatialIndex=no&subsetIndex=no&watchFile=no
"12312",Camassia leichtlinii ssp. suksdorfii,Camassia,leichtlinii,,suksdorfii,,native,S4,,48.872508330000002,-123.312629999999999,,NA,NA,"24892541",obs_native,file:///D:/Simon/Sync/Root/GIS/Biodiversity%20Data/obs_native.csv?type=csv&maxFields=10000&detectTypes=yes&xField=longitude&yField=latitude&crs=EPSG:4326&spatialIndex=no&subsetIndex=no&watchFile=no
"12321",Sanicula crassicaulis var. crassicaulis,Sanicula,crassicaulis,,,,native,S5,,48.963373570000002,-123.519884800000000,,NA,NA,"24915914",obs_native,file:///D:/Simon/Sync/Root/GIS/Biodiversity%20Data/obs_native.csv?type=csv&maxFields=10000&detectTypes=yes&xField=longitude&yField=latitude&crs=EPSG:4326&spatialIndex=no&subsetIndex=no&watchFile=no
"12331",Plectritis congesta ssp. congesta,Plectritis,congesta,,,,native,S5,,48.899618169999997,-123.407451199999997,,NA,NA,"24916381",obs_native,file:///D:/Simon/Sync/Root/GIS/Biodiversity%20Data/obs_native.csv?type=csv&maxFields=10000&detectTypes=yes&xField=longitude&yField=latitude&crs=EPSG:4326&spatialIndex=no&subsetIndex=no&watchFile=no
"12341",Pentagramma triangularis ssp. triangularis,Pentagramma,triangularis,,,,native,S5,,48.900783680000004,-123.404439100000005,,NA,NA,"24919283",obs_native,file:///D:/Simon/Sync/Root/GIS/Biodiversity%20Data/obs_native.csv?type=csv&maxFields=10000&detectTypes=yes&xField=longitude&yField=latitude&crs=EPSG:4326&spatialIndex=no&subsetIndex=no&watchFile=no
"12351",Plectritis congesta ssp. congesta,Plectritis,congesta,,,,native,S5,,48.900811210000001,-123.404344399999999,,NA,NA,"24919417",obs_native,file:///D:/Simon/Sync/Root/GIS/Biodiversity%20Data/obs_native.csv?type=csv&maxFields=10000&detectTypes=yes&xField=longitude&yField=latitude&crs=EPSG:4326&spatialIndex=no&subsetIndex=no&watchFile=no
"12361",Corallorhiza maculata var. occidentalis,Corallorhiza,maculata,,,occidentalis,native,S5,,48.900326780000000,-123.405899700000006,,NA,NA,"24919456",obs_native,file:///D:/Simon/Sync/Root/GIS/Biodiversity%20Data/obs_native.csv?type=csv&maxFields=10000&detectTypes=yes&xField=longitude&yField=latitude&crs=EPSG:4326&spatialIndex=no&subsetIndex=no&watchFile=no
"12371",Pteridium aquilinum ssp. pubescens,Pteridium,aquilinum,,pubescens,,native,S5,,48.900124939999998,-123.406938499999995,,NA,NA,"24919508",obs_native,file:///D:/Simon/Sync/Root/GIS/Biodiversity%20Data/obs_native.csv?type=csv&maxFields=10000&detectTypes=yes&xField=longitude&yField=latitude&crs=EPSG:4326&spatialIndex=no&subsetIndex=no&watchFile=no
"12381",Pseudotsuga menziesii var. menziesii,Pseudotsuga,menziesii,,,,native,S5,,48.962165779999999,-123.517993599999997,,NA,NA,"24919763",obs_native,file:///D:/Simon/Sync/Root/GIS/Biodiversity%20Data/obs_native.csv?type=csv&maxFields=10000&detectTypes=yes&xField=longitude&yField=latitude&crs=EPSG:4326&spatialIndex=no&subsetIndex=no&watchFile=no
"12391",Pteridium aquilinum ssp. pubescens,Pteridium,aquilinum,,pubescens,,native,S5,,48.962405500000003,-123.517887900000005,,NA,NA,"24919784",obs_native,file:///D:/Simon/Sync/Root/GIS/Biodiversity%20Data/obs_native.csv?type=csv&maxFields=10000&detectTypes=yes&xField=longitude&yField=latitude&crs=EPSG:4326&spatialIndex=no&subsetIndex=no&watchFile=no
"12401",Pseudotsuga menziesii var. menziesii,Pseudotsuga,menziesii,,,,native,S5,,48.963078570000000,-123.516913299999999,,NA,NA,"24920006",obs_native,file:///D:/Simon/Sync/Root/GIS/Biodiversity%20Data/obs_native.csv?type=csv&maxFields=10000&detectTypes=yes&xField=longitude&yField=latitude&crs=EPSG:4326&spatialIndex=no&subsetIndex=no&watchFile=no
"12421",Symphoricarpos albus var. laevigatus,Symphoricarpos,albus,,,laevigatus,native,S5,,48.963131420000003,-123.516198000000003,,NA,NA,"24920067",obs_native,file:///D:/Simon/Sync/Root/GIS/Biodiversity%20Data/obs_native.csv?type=csv&maxFields=10000&detectTypes=yes&xField=longitude&yField=latitude&crs=EPSG:4326&spatialIndex=no&subsetIndex=no&watchFile=no
"12441",Rosa nutkana ssp. nutkana,Rosa,nutkana,,,,native,S5,,48.963583280000002,-123.514758200000003,,NA,NA,"24920122",obs_native,file:///D:/Simon/Sync/Root/GIS/Biodiversity%20Data/obs_native.csv?type=csv&maxFields=10000&detectTypes=yes&xField=longitude&yField=latitude&crs=EPSG:4326&spatialIndex=no&subsetIndex=no&watchFile=no
"12451",Holodiscus discolor var. discolor,Holodiscus,discolor,,,,native,S5,,48.964687980000001,-123.516882100000004,,NA,NA,"24920300",obs_native,file:///D:/Simon/Sync/Root/GIS/Biodiversity%20Data/obs_native.csv?type=csv&maxFields=10000&detectTypes=yes&xField=longitude&yField=latitude&crs=EPSG:4326&spatialIndex=no&subsetIndex=no&watchFile=no
"12461",Pseudotsuga menziesii var. menziesii,Pseudotsuga,menziesii,,,,native,S5,,48.963491040000001,-123.519956100000002,,NA,NA,"24920326",obs_native,file:///D:/Simon/Sync/Root/GIS/Biodiversity%20Data/obs_native.csv?type=csv&maxFields=10000&detectTypes=yes&xField=longitude&yField=latitude&crs=EPSG:4326&spatialIndex=no&subsetIndex=no&watchFile=no
"12481",Castilleja hispida,Castilleja,hispida,,,,native,S5,,48.900133789999998,-123.406504699999999,,NA,NA,"24936994",obs_native,file:///D:/Simon/Sync/Root/GIS/Biodiversity%20Data/obs_native.csv?type=csv&maxFields=10000&detectTypes=yes&xField=longitude&yField=latitude&crs=EPSG:4326&spatialIndex=no&subsetIndex=no&watchFile=no
"12491",Symphoricarpos albus var. laevigatus,Symphoricarpos,albus,,,laevigatus,native,S5,,48.898896110000003,-123.407722600000000,,NA,NA,"24937045",obs_native,file:///D:/Simon/Sync/Root/GIS/Biodiversity%20Data/obs_native.csv?type=csv&maxFields=10000&detectTypes=yes&xField=longitude&yField=latitude&crs=EPSG:4326&spatialIndex=no&subsetIndex=no&watchFile=no
"12501",Lathyrus nevadensis var. pilosellus,Lathyrus,nevadensis,,,pilosellus,native,S5,,48.896070989999998,-123.410174900000001,,NA,NA,"24937374",obs_native,file:///D:/Simon/Sync/Root/GIS/Biodiversity%20Data/obs_native.csv?type=csv&maxFields=10000&detectTypes=yes&xField=longitude&yField=latitude&crs=EPSG:4326&spatialIndex=no&subsetIndex=no&watchFile=no
"12512",Pteridium aquilinum ssp. pubescens,Pteridium,aquilinum,,pubescens,,native,S5,,48.896004990000002,-123.410300100000001,,NA,NA,"24937385",obs_native,file:///D:/Simon/Sync/Root/GIS/Biodiversity%20Data/obs_native.csv?type=csv&maxFields=10000&detectTypes=yes&xField=longitude&yField=latitude&crs=EPSG:4326&spatialIndex=no&subsetIndex=no&watchFile=no
"12521",Sanicula crassicaulis var. crassicaulis,Sanicula,crassicaulis,,,,native,S5,,48.897345760000000,-123.408785699999996,,NA,NA,"24937474",obs_native,file:///D:/Simon/Sync/Root/GIS/Biodiversity%20Data/obs_native.csv?type=csv&maxFields=10000&detectTypes=yes&xField=longitude&yField=latitude&crs=EPSG:4326&spatialIndex=no&subsetIndex=no&watchFile=no
"12531",Corallorhiza maculata var. occidentalis,Corallorhiza,maculata,,,occidentalis,native,S5,,48.901234369999997,-123.404815499999998,,NA,NA,"24939331",obs_native,file:///D:/Simon/Sync/Root/GIS/Biodiversity%20Data/obs_native.csv?type=csv&maxFields=10000&detectTypes=yes&xField=longitude&yField=latitude&crs=EPSG:4326&spatialIndex=no&subsetIndex=no&watchFile=no
"12541",Pseudotsuga menziesii var. menziesii,Pseudotsuga,menziesii,,,,native,S5,,48.901111489999998,-123.404929600000003,,NA,NA,"24939360",obs_native,file:///D:/Simon/Sync/Root/GIS/Biodiversity%20Data/obs_native.csv?type=csv&maxFields=10000&detectTypes=yes&xField=longitude&yField=latitude&crs=EPSG:4326&spatialIndex=no&subsetIndex=no&watchFile=no
"12551",Pentagramma triangularis ssp. triangularis,Pentagramma,triangularis,,,,native,S5,,48.900748720000003,-123.404386599999995,,NA,NA,"24939455",obs_native,file:///D:/Simon/Sync/Root/GIS/Biodiversity%20Data/obs_native.csv?type=csv&maxFields=10000&detectTypes=yes&xField=longitude&yField=latitude&crs=EPSG:4326&spatialIndex=no&subsetIndex=no&watchFile=no
"12561",Plectritis congesta ssp. congesta,Plectritis,congesta,,,,native,S5,,48.900713690000003,-123.404472100000007,,NA,NA,"24939547",obs_native,file:///D:/Simon/Sync/Root/GIS/Biodiversity%20Data/obs_native.csv?type=csv&maxFields=10000&detectTypes=yes&xField=longitude&yField=latitude&crs=EPSG:4326&spatialIndex=no&subsetIndex=no&watchFile=no
"12571",Plectritis congesta ssp. congesta,Plectritis,congesta,,,,native,S5,,48.900677860000002,-123.404808200000005,,NA,NA,"24939730",obs_native,file:///D:/Simon/Sync/Root/GIS/Biodiversity%20Data/obs_native.csv?type=csv&maxFields=10000&detectTypes=yes&xField=longitude&yField=latitude&crs=EPSG:4326&spatialIndex=no&subsetIndex=no&watchFile=no
"12581",Pteridium aquilinum ssp. pubescens,Pteridium,aquilinum,,pubescens,,native,S5,,48.962570079999999,-123.517631800000004,,NA,NA,"24940147",obs_native,file:///D:/Simon/Sync/Root/GIS/Biodiversity%20Data/obs_native.csv?type=csv&maxFields=10000&detectTypes=yes&xField=longitude&yField=latitude&crs=EPSG:4326&spatialIndex=no&subsetIndex=no&watchFile=no
"12591",Pseudotsuga menziesii var. menziesii,Pseudotsuga,menziesii,,,,native,S5,,48.962368410000003,-123.517806399999998,,NA,NA,"24940174",obs_native,file:///D:/Simon/Sync/Root/GIS/Biodiversity%20Data/obs_native.csv?type=csv&maxFields=10000&detectTypes=yes&xField=longitude&yField=latitude&crs=EPSG:4326&spatialIndex=no&subsetIndex=no&watchFile=no
"12601",Sanicula crassicaulis var. crassicaulis,Sanicula,crassicaulis,,,,native,S5,,48.963218710000000,-123.520043700000002,,NA,NA,"24942006",obs_native,file:///D:/Simon/Sync/Root/GIS/Biodiversity%20Data/obs_native.csv?type=csv&maxFields=10000&detectTypes=yes&xField=longitude&yField=latitude&crs=EPSG:4326&spatialIndex=no&subsetIndex=no&watchFile=no
"12612",Quercus garryana var. garryana,Quercus,garryana,,,,native,S5,,48.893770539999998,-123.406992099999997,,NA,NA,"25015698",obs_native,file:///D:/Simon/Sync/Root/GIS/Biodiversity%20Data/obs_native.csv?type=csv&maxFields=10000&detectTypes=yes&xField=longitude&yField=latitude&crs=EPSG:4326&spatialIndex=no&subsetIndex=no&watchFile=no
"12621",Pseudotsuga menziesii var. menziesii,Pseudotsuga,menziesii,,,,native,S5,,48.893966669999998,-123.406921400000002,,NA,NA,"25015715",obs_native,file:///D:/Simon/Sync/Root/GIS/Biodiversity%20Data/obs_native.csv?type=csv&maxFields=10000&detectTypes=yes&xField=longitude&yField=latitude&crs=EPSG:4326&spatialIndex=no&subsetIndex=no&watchFile=no
"12631",Camassia leichtlinii ssp. suksdorfii,Camassia,leichtlinii,,suksdorfii,,native,S4,,48.872658330000000,-123.312691700000002,,NA,NA,"25048255",obs_native,file:///D:/Simon/Sync/Root/GIS/Biodiversity%20Data/obs_native.csv?type=csv&maxFields=10000&detectTypes=yes&xField=longitude&yField=latitude&crs=EPSG:4326&spatialIndex=no&subsetIndex=no&watchFile=no
"12641",Pteridium aquilinum ssp. pubescens,Pteridium,aquilinum,,pubescens,,native,S5,,48.871911109999999,-123.312783300000007,,NA,NA,"25048257",obs_native,file:///D:/Simon/Sync/Root/GIS/Biodiversity%20Data/obs_native.csv?type=csv&maxFields=10000&detectTypes=yes&xField=longitude&yField=latitude&crs=EPSG:4326&spatialIndex=no&subsetIndex=no&watchFile=no
"12661",Symphoricarpos albus var. laevigatus,Symphoricarpos,albus,,,laevigatus,native,S5,,48.872222219999998,-123.312513899999999,,NA,NA,"25048262",obs_native,file:///D:/Simon/Sync/Root/GIS/Biodiversity%20Data/obs_native.csv?type=csv&maxFields=10000&detectTypes=yes&xField=longitude&yField=latitude&crs=EPSG:4326&spatialIndex=no&subsetIndex=no&watchFile=no
"12671",Quercus garryana var. garryana,Quercus,garryana,,,,native,S5,,48.872700000000002,-123.312766699999997,,NA,NA,"25048273",obs_native,file:///D:/Simon/Sync/Root/GIS/Biodiversity%20Data/obs_native.csv?type=csv&maxFields=10000&detectTypes=yes&xField=longitude&yField=latitude&crs=EPSG:4326&spatialIndex=no&subsetIndex=no&watchFile=no
"12681",Ranunculus occidentalis var. occidentalis,Ranunculus,occidentalis,,,,native,S5,,48.872374999999998,-123.312272199999995,,NA,NA,"25048278",obs_native,file:///D:/Simon/Sync/Root/GIS/Biodiversity%20Data/obs_native.csv?type=csv&maxFields=10000&detectTypes=yes&xField=longitude&yField=latitude&crs=EPSG:4326&spatialIndex=no&subsetIndex=no&watchFile=no
"12701",Holodiscus discolor var. discolor,Holodiscus,discolor,,,,native,S5,,48.872188889999997,-123.312561099999996,,NA,NA,"25048300",obs_native,file:///D:/Simon/Sync/Root/GIS/Biodiversity%20Data/obs_native.csv?type=csv&maxFields=10000&detectTypes=yes&xField=longitude&yField=latitude&crs=EPSG:4326&spatialIndex=no&subsetIndex=no&watchFile=no
"12712",Sanicula crassicaulis var. crassicaulis,Sanicula,crassicaulis,,,,native,S5,,48.872413889999997,-123.312325000000001,,NA,NA,"25048301",obs_native,file:///D:/Simon/Sync/Root/GIS/Biodiversity%20Data/obs_native.csv?type=csv&maxFields=10000&detectTypes=yes&xField=longitude&yField=latitude&crs=EPSG:4326&spatialIndex=no&subsetIndex=no&watchFile=no
"12731",Plectritis congesta ssp. congesta,Plectritis,congesta,,,,native,S5,,48.872161110000000,-123.312233300000003,,NA,NA,"25048313",obs_native,file:///D:/Simon/Sync/Root/GIS/Biodiversity%20Data/obs_native.csv?type=csv&maxFields=10000&detectTypes=yes&xField=longitude&yField=latitude&crs=EPSG:4326&spatialIndex=no&subsetIndex=no&watchFile=no
"12741",Lathyrus nevadensis var. pilosellus,Lathyrus,nevadensis,,,pilosellus,native,S5,,48.871974999999999,-123.312636100000006,,NA,NA,"25048314",obs_native,file:///D:/Simon/Sync/Root/GIS/Biodiversity%20Data/obs_native.csv?type=csv&maxFields=10000&detectTypes=yes&xField=longitude&yField=latitude&crs=EPSG:4326&spatialIndex=no&subsetIndex=no&watchFile=no
"12751",Camassia leichtlinii ssp. suksdorfii,Camassia,leichtlinii,,suksdorfii,,native,S4,,48.872230559999998,-123.312513899999999,,NA,NA,"25048315",obs_native,file:///D:/Simon/Sync/Root/GIS/Biodiversity%20Data/obs_native.csv?type=csv&maxFields=10000&detectTypes=yes&xField=longitude&yField=latitude&crs=EPSG:4326&spatialIndex=no&subsetIndex=no&watchFile=no
"12761",Ranunculus occidentalis var. occidentalis,Ranunculus,occidentalis,,,,native,S5,,48.872366669999998,-123.312255600000000,,NA,NA,"25048324",obs_native,file:///D:/Simon/Sync/Root/GIS/Biodiversity%20Data/obs_native.csv?type=csv&maxFields=10000&detectTypes=yes&xField=longitude&yField=latitude&crs=EPSG:4326&spatialIndex=no&subsetIndex=no&watchFile=no
"12771",Cerastium arvense ssp. strictum,Cerastium,arvense,,strictum,,native,S5,,48.868461650000000,-123.336844099999993,,NA,NA,"25074669",obs_native,file:///D:/Simon/Sync/Root/GIS/Biodiversity%20Data/obs_native.csv?type=csv&maxFields=10000&detectTypes=yes&xField=longitude&yField=latitude&crs=EPSG:4326&spatialIndex=no&subsetIndex=no&watchFile=no
"12781",Ranunculus occidentalis var. occidentalis,Ranunculus,occidentalis,,,,native,S5,,48.868467950000003,-123.337798699999993,,NA,NA,"25074796",obs_native,file:///D:/Simon/Sync/Root/GIS/Biodiversity%20Data/obs_native.csv?type=csv&maxFields=10000&detectTypes=yes&xField=longitude&yField=latitude&crs=EPSG:4326&spatialIndex=no&subsetIndex=no&watchFile=no
"12791",Eriophyllum lanatum var. leucophyllum,Eriophyllum,lanatum,,,leucophyllum,native,S5,,48.867653330000003,-123.339179999999999,,NA,NA,"25085302",obs_native,file:///D:/Simon/Sync/Root/GIS/Biodiversity%20Data/obs_native.csv?type=csv&maxFields=10000&detectTypes=yes&xField=longitude&yField=latitude&crs=EPSG:4326&spatialIndex=no&subsetIndex=no&watchFile=no
"12801",Ranunculus occidentalis var. occidentalis,Ranunculus,occidentalis,,,,native,S5,,48.867303839999998,-123.376039500000005,,NA,NA,"25148261",obs_native,file:///D:/Simon/Sync/Root/GIS/Biodiversity%20Data/obs_native.csv?type=csv&maxFields=10000&detectTypes=yes&xField=longitude&yField=latitude&crs=EPSG:4326&spatialIndex=no&subsetIndex=no&watchFile=no
"12812",Cerastium arvense ssp. strictum,Cerastium,arvense,,strictum,,native,S5,,48.867282469999999,-123.376026800000005,,NA,NA,"25148269",obs_native,file:///D:/Simon/Sync/Root/GIS/Biodiversity%20Data/obs_native.csv?type=csv&maxFields=10000&detectTypes=yes&xField=longitude&yField=latitude&crs=EPSG:4326&spatialIndex=no&subsetIndex=no&watchFile=no
"12821",Quercus garryana var. garryana,Quercus,garryana,,,,native,S5,,48.867206899999999,-123.375953899999999,,NA,NA,"25148275",obs_native,file:///D:/Simon/Sync/Root/GIS/Biodiversity%20Data/obs_native.csv?type=csv&maxFields=10000&detectTypes=yes&xField=longitude&yField=latitude&crs=EPSG:4326&spatialIndex=no&subsetIndex=no&watchFile=no
"12831",Cerastium arvense ssp. strictum,Cerastium,arvense,,strictum,,native,S5,,48.867217170000004,-123.375837500000003,,NA,NA,"25148278",obs_native,file:///D:/Simon/Sync/Root/GIS/Biodiversity%20Data/obs_native.csv?type=csv&maxFields=10000&detectTypes=yes&xField=longitude&yField=latitude&crs=EPSG:4326&spatialIndex=no&subsetIndex=no&watchFile=no
"12841",Quercus garryana var. garryana,Quercus,garryana,,,,native,S5,,48.867096670000002,-123.375778299999993,,NA,NA,"25148301",obs_native,file:///D:/Simon/Sync/Root/GIS/Biodiversity%20Data/obs_native.csv?type=csv&maxFields=10000&detectTypes=yes&xField=longitude&yField=latitude&crs=EPSG:4326&spatialIndex=no&subsetIndex=no&watchFile=no
"12851",Camassia leichtlinii ssp. suksdorfii,Camassia,leichtlinii,,suksdorfii,,native,S4,,48.872689800000003,-123.311788100000001,,NA,NA,"25148304",obs_native,file:///D:/Simon/Sync/Root/GIS/Biodiversity%20Data/obs_native.csv?type=csv&maxFields=10000&detectTypes=yes&xField=longitude&yField=latitude&crs=EPSG:4326&spatialIndex=no&subsetIndex=no&watchFile=no
"12871",Sanicula crassicaulis var. crassicaulis,Sanicula,crassicaulis,,,,native,S5,,48.895961669999998,-123.339163299999996,,NA,NA,"25189303",obs_native,file:///D:/Simon/Sync/Root/GIS/Biodiversity%20Data/obs_native.csv?type=csv&maxFields=10000&detectTypes=yes&xField=longitude&yField=latitude&crs=EPSG:4326&spatialIndex=no&subsetIndex=no&watchFile=no
"12881",Pseudotsuga menziesii var. menziesii,Pseudotsuga,menziesii,,,,native,S5,,48.872703590000000,-123.312131399999998,,NA,NA,"25199030",obs_native,file:///D:/Simon/Sync/Root/GIS/Biodiversity%20Data/obs_native.csv?type=csv&maxFields=10000&detectTypes=yes&xField=longitude&yField=latitude&crs=EPSG:4326&spatialIndex=no&subsetIndex=no&watchFile=no
"12891",Elymus glaucus ssp. glaucus,Elymus,glaucus,,,,native,S5,,48.872665529999999,-123.312251500000002,,NA,NA,"25199047",obs_native,file:///D:/Simon/Sync/Root/GIS/Biodiversity%20Data/obs_native.csv?type=csv&maxFields=10000&detectTypes=yes&xField=longitude&yField=latitude&crs=EPSG:4326&spatialIndex=no&subsetIndex=no&watchFile=no
"12901",Sanicula crassicaulis var. crassicaulis,Sanicula,crassicaulis,,,,native,S5,,48.872710210000001,-123.312248600000004,,NA,NA,"25199060",obs_native,file:///D:/Simon/Sync/Root/GIS/Biodiversity%20Data/obs_native.csv?type=csv&maxFields=10000&detectTypes=yes&xField=longitude&yField=latitude&crs=EPSG:4326&spatialIndex=no&subsetIndex=no&watchFile=no
"12912",Ranunculus occidentalis var. occidentalis,Ranunculus,occidentalis,,,,native,S5,,48.872694449999997,-123.312703600000006,,NA,NA,"25199116",obs_native,file:///D:/Simon/Sync/Root/GIS/Biodiversity%20Data/obs_native.csv?type=csv&maxFields=10000&detectTypes=yes&xField=longitude&yField=latitude&crs=EPSG:4326&spatialIndex=no&subsetIndex=no&watchFile=no
"12921",Ranunculus occidentalis var. occidentalis,Ranunculus,occidentalis,,,,native,S5,,48.872581670000002,-123.312563800000007,,NA,NA,"25199147",obs_native,file:///D:/Simon/Sync/Root/GIS/Biodiversity%20Data/obs_native.csv?type=csv&maxFields=10000&detectTypes=yes&xField=longitude&yField=latitude&crs=EPSG:4326&spatialIndex=no&subsetIndex=no&watchFile=no
"12931",Symphoricarpos albus var. laevigatus,Symphoricarpos,albus,,,laevigatus,native,S5,,48.872566079999999,-123.312628700000005,,NA,NA,"25199163",obs_native,file:///D:/Simon/Sync/Root/GIS/Biodiversity%20Data/obs_native.csv?type=csv&maxFields=10000&detectTypes=yes&xField=longitude&yField=latitude&crs=EPSG:4326&spatialIndex=no&subsetIndex=no&watchFile=no
"12941",Camassia leichtlinii ssp. suksdorfii,Camassia,leichtlinii,,suksdorfii,,native,S4,,48.872700569999999,-123.312104099999999,,NA,NA,"25199200",obs_native,file:///D:/Simon/Sync/Root/GIS/Biodiversity%20Data/obs_native.csv?type=csv&maxFields=10000&detectTypes=yes&xField=longitude&yField=latitude&crs=EPSG:4326&spatialIndex=no&subsetIndex=no&watchFile=no
"12951",Ranunculus occidentalis var. occidentalis,Ranunculus,occidentalis,,,,native,S5,,48.872636030000002,-123.311590699999996,,NA,NA,"25199249",obs_native,file:///D:/Simon/Sync/Root/GIS/Biodiversity%20Data/obs_native.csv?type=csv&maxFields=10000&detectTypes=yes&xField=longitude&yField=latitude&crs=EPSG:4326&spatialIndex=no&subsetIndex=no&watchFile=no
"12961",Ranunculus occidentalis var. occidentalis,Ranunculus,occidentalis,,,,native,S5,,48.872542869999997,-123.311581300000000,,NA,NA,"25199286",obs_native,file:///D:/Simon/Sync/Root/GIS/Biodiversity%20Data/obs_native.csv?type=csv&maxFields=10000&detectTypes=yes&xField=longitude&yField=latitude&crs=EPSG:4326&spatialIndex=no&subsetIndex=no&watchFile=no
"12971",Camassia leichtlinii ssp. suksdorfii,Camassia,leichtlinii,,suksdorfii,,native,S4,,48.872537379999997,-123.311597699999993,,NA,NA,"25199293",obs_native,file:///D:/Simon/Sync/Root/GIS/Biodiversity%20Data/obs_native.csv?type=csv&maxFields=10000&detectTypes=yes&xField=longitude&yField=latitude&crs=EPSG:4326&spatialIndex=no&subsetIndex=no&watchFile=no
"12981",Plectritis congesta ssp. congesta,Plectritis,congesta,,,,native,S5,,48.872822440000000,-123.313683600000005,,NA,NA,"25199329",obs_native,file:///D:/Simon/Sync/Root/GIS/Biodiversity%20Data/obs_native.csv?type=csv&maxFields=10000&detectTypes=yes&xField=longitude&yField=latitude&crs=EPSG:4326&spatialIndex=no&subsetIndex=no&watchFile=no
"12991",Sanicula crassicaulis var. crassicaulis,Sanicula,crassicaulis,,,,native,S5,,48.872775879999999,-123.313481199999998,,NA,NA,"25199347",obs_native,file:///D:/Simon/Sync/Root/GIS/Biodiversity%20Data/obs_native.csv?type=csv&maxFields=10000&detectTypes=yes&xField=longitude&yField=latitude&crs=EPSG:4326&spatialIndex=no&subsetIndex=no&watchFile=no
"13001",Plectritis congesta ssp. congesta,Plectritis,congesta,,,,native,S5,,48.872719560000000,-123.313654900000003,,NA,NA,"25199358",obs_native,file:///D:/Simon/Sync/Root/GIS/Biodiversity%20Data/obs_native.csv?type=csv&maxFields=10000&detectTypes=yes&xField=longitude&yField=latitude&crs=EPSG:4326&spatialIndex=no&subsetIndex=no&watchFile=no
"13012",Ranunculus occidentalis var. occidentalis,Ranunculus,occidentalis,,,,native,S5,,48.872835060000000,-123.313731300000001,,NA,NA,"25199364",obs_native,file:///D:/Simon/Sync/Root/GIS/Biodiversity%20Data/obs_native.csv?type=csv&maxFields=10000&detectTypes=yes&xField=longitude&yField=latitude&crs=EPSG:4326&spatialIndex=no&subsetIndex=no&watchFile=no
"13021",Plectritis congesta ssp. congesta,Plectritis,congesta,,,,native,S5,,48.872871670000002,-123.313728299999994,,NA,NA,"25199370",obs_native,file:///D:/Simon/Sync/Root/GIS/Biodiversity%20Data/obs_native.csv?type=csv&maxFields=10000&detectTypes=yes&xField=longitude&yField=latitude&crs=EPSG:4326&spatialIndex=no&subsetIndex=no&watchFile=no
"13031",Plectritis congesta ssp. congesta,Plectritis,congesta,,,,native,S5,,48.872963300000002,-123.313857600000006,,NA,NA,"25199389",obs_native,file:///D:/Simon/Sync/Root/GIS/Biodiversity%20Data/obs_native.csv?type=csv&maxFields=10000&detectTypes=yes&xField=longitude&yField=latitude&crs=EPSG:4326&spatialIndex=no&subsetIndex=no&watchFile=no
"13051",Ranunculus occidentalis var. occidentalis,Ranunculus,occidentalis,,,,native,S5,,48.872200669999998,-123.312375399999993,,NA,NA,"25199473",obs_native,file:///D:/Simon/Sync/Root/GIS/Biodiversity%20Data/obs_native.csv?type=csv&maxFields=10000&detectTypes=yes&xField=longitude&yField=latitude&crs=EPSG:4326&spatialIndex=no&subsetIndex=no&watchFile=no
"13061",Quercus garryana var. garryana,Quercus,garryana,,,,native,S5,,48.872288310000002,-123.312191700000000,,NA,NA,"25199488",obs_native,file:///D:/Simon/Sync/Root/GIS/Biodiversity%20Data/obs_native.csv?type=csv&maxFields=10000&detectTypes=yes&xField=longitude&yField=latitude&crs=EPSG:4326&spatialIndex=no&subsetIndex=no&watchFile=no
"13071",Rosa nutkana ssp. nutkana,Rosa,nutkana,,,,native,S5,,48.872430299999998,-123.310807600000004,,NA,NA,"25199563",obs_native,file:///D:/Simon/Sync/Root/GIS/Biodiversity%20Data/obs_native.csv?type=csv&maxFields=10000&detectTypes=yes&xField=longitude&yField=latitude&crs=EPSG:4326&spatialIndex=no&subsetIndex=no&watchFile=no
"13081",Plectritis congesta ssp. congesta,Plectritis,congesta,,,,native,S5,,48.871890000000000,-123.312371999999996,,NA,NA,"25199589",obs_native,file:///D:/Simon/Sync/Root/GIS/Biodiversity%20Data/obs_native.csv?type=csv&maxFields=10000&detectTypes=yes&xField=longitude&yField=latitude&crs=EPSG:4326&spatialIndex=no&subsetIndex=no&watchFile=no
"13091",Sanicula crassicaulis var. crassicaulis,Sanicula,crassicaulis,,,,native,S5,,48.899560510000001,-123.407133999999999,,NA,NA,"25199704",obs_native,file:///D:/Simon/Sync/Root/GIS/Biodiversity%20Data/obs_native.csv?type=csv&maxFields=10000&detectTypes=yes&xField=longitude&yField=latitude&crs=EPSG:4326&spatialIndex=no&subsetIndex=no&watchFile=no
"13102",Plectritis congesta ssp. congesta,Plectritis,congesta,,,,native,S5,,48.899575470000002,-123.407542300000003,,NA,NA,"25200222",obs_native,file:///D:/Simon/Sync/Root/GIS/Biodiversity%20Data/obs_native.csv?type=csv&maxFields=10000&detectTypes=yes&xField=longitude&yField=latitude&crs=EPSG:4326&spatialIndex=no&subsetIndex=no&watchFile=no
"13112",Rosa nutkana ssp. nutkana,Rosa,nutkana,,,,native,S5,,48.899524509999999,-123.407510599999995,,NA,NA,"25200229",obs_native,file:///D:/Simon/Sync/Root/GIS/Biodiversity%20Data/obs_native.csv?type=csv&maxFields=10000&detectTypes=yes&xField=longitude&yField=latitude&crs=EPSG:4326&spatialIndex=no&subsetIndex=no&watchFile=no
"13121",Quercus garryana var. garryana,Quercus,garryana,,,,native,S5,,48.899450620000003,-123.407438499999998,,NA,NA,"25200247",obs_native,file:///D:/Simon/Sync/Root/GIS/Biodiversity%20Data/obs_native.csv?type=csv&maxFields=10000&detectTypes=yes&xField=longitude&yField=latitude&crs=EPSG:4326&spatialIndex=no&subsetIndex=no&watchFile=no
"13141",Holodiscus discolor var. discolor,Holodiscus,discolor,,,,native,S5,,48.899340100000003,-123.407466099999994,,NA,NA,"25200255",obs_native,file:///D:/Simon/Sync/Root/GIS/Biodiversity%20Data/obs_native.csv?type=csv&maxFields=10000&detectTypes=yes&xField=longitude&yField=latitude&crs=EPSG:4326&spatialIndex=no&subsetIndex=no&watchFile=no
"13151",Fragaria vesca ssp. bracteata,Fragaria,vesca,,bracteata,,native,S5,,48.899336419999997,-123.407495600000004,,NA,NA,"25200264",obs_native,file:///D:/Simon/Sync/Root/GIS/Biodiversity%20Data/obs_native.csv?type=csv&maxFields=10000&detectTypes=yes&xField=longitude&yField=latitude&crs=EPSG:4326&spatialIndex=no&subsetIndex=no&watchFile=no
"13171",Camassia quamash ssp. quamash,Camassia,quamash,,,,native,S4,,48.867730999999999,-123.340151000000006,,NA,NA,"25393543",obs_native,file:///D:/Simon/Sync/Root/GIS/Biodiversity%20Data/obs_native.csv?type=csv&maxFields=10000&detectTypes=yes&xField=longitude&yField=latitude&crs=EPSG:4326&spatialIndex=no&subsetIndex=no&watchFile=no
"13181",Fragaria vesca ssp. bracteata,Fragaria,vesca,,bracteata,,native,S5,,48.899267680000001,-123.407054299999999,,NA,NA,"25476139",obs_native,file:///D:/Simon/Sync/Root/GIS/Biodiversity%20Data/obs_native.csv?type=csv&maxFields=10000&detectTypes=yes&xField=longitude&yField=latitude&crs=EPSG:4326&spatialIndex=no&subsetIndex=no&watchFile=no
"13191",Pteridium aquilinum ssp. pubescens,Pteridium,aquilinum,,pubescens,,native,S5,,48.898697499999997,-123.407021900000004,,NA,NA,"25476529",obs_native,file:///D:/Simon/Sync/Root/GIS/Biodiversity%20Data/obs_native.csv?type=csv&maxFields=10000&detectTypes=yes&xField=longitude&yField=latitude&crs=EPSG:4326&spatialIndex=no&subsetIndex=no&watchFile=no
"13201",Pseudotsuga menziesii var. menziesii,Pseudotsuga,menziesii,,,,native,S5,,48.898518379999999,-123.406938699999998,,NA,NA,"25477660",obs_native,file:///D:/Simon/Sync/Root/GIS/Biodiversity%20Data/obs_native.csv?type=csv&maxFields=10000&detectTypes=yes&xField=longitude&yField=latitude&crs=EPSG:4326&spatialIndex=no&subsetIndex=no&watchFile=no
"13212",Pteridium aquilinum ssp. pubescens,Pteridium,aquilinum,,pubescens,,native,S5,,48.898540470000000,-123.406935599999997,,NA,NA,"25477676",obs_native,file:///D:/Simon/Sync/Root/GIS/Biodiversity%20Data/obs_native.csv?type=csv&maxFields=10000&detectTypes=yes&xField=longitude&yField=latitude&crs=EPSG:4326&spatialIndex=no&subsetIndex=no&watchFile=no
"13221",Cerastium arvense ssp. strictum,Cerastium,arvense,,strictum,,native,S5,,48.898375049999999,-123.407955200000004,,NA,NA,"25477762",obs_native,file:///D:/Simon/Sync/Root/GIS/Biodiversity%20Data/obs_native.csv?type=csv&maxFields=10000&detectTypes=yes&xField=longitude&yField=latitude&crs=EPSG:4326&spatialIndex=no&subsetIndex=no&watchFile=no
"13231",Sanicula crassicaulis var. crassicaulis,Sanicula,crassicaulis,,,,native,S5,,48.900763060000003,-123.406872500000006,,NA,NA,"25477965",obs_native,file:///D:/Simon/Sync/Root/GIS/Biodiversity%20Data/obs_native.csv?type=csv&maxFields=10000&detectTypes=yes&xField=longitude&yField=latitude&crs=EPSG:4326&spatialIndex=no&subsetIndex=no&watchFile=no
"13241",Pteridium aquilinum ssp. pubescens,Pteridium,aquilinum,,pubescens,,native,S5,,48.899323469999999,-123.403442100000007,,NA,NA,"25478143",obs_native,file:///D:/Simon/Sync/Root/GIS/Biodiversity%20Data/obs_native.csv?type=csv&maxFields=10000&detectTypes=yes&xField=longitude&yField=latitude&crs=EPSG:4326&spatialIndex=no&subsetIndex=no&watchFile=no
"13251",Linnaea borealis ssp. longiflora,Linnaea,borealis,,longiflora,,native,S5,,48.899311560000001,-123.403504600000005,,NA,NA,"25478160",obs_native,file:///D:/Simon/Sync/Root/GIS/Biodiversity%20Data/obs_native.csv?type=csv&maxFields=10000&detectTypes=yes&xField=longitude&yField=latitude&crs=EPSG:4326&spatialIndex=no&subsetIndex=no&watchFile=no
"13261",Pteridium aquilinum ssp. pubescens,Pteridium,aquilinum,,pubescens,,native,S5,,48.899384320000003,-123.403733399999993,,NA,NA,"25478228",obs_native,file:///D:/Simon/Sync/Root/GIS/Biodiversity%20Data/obs_native.csv?type=csv&maxFields=10000&detectTypes=yes&xField=longitude&yField=latitude&crs=EPSG:4326&spatialIndex=no&subsetIndex=no&watchFile=no
"13271",Athyrium filix-femina ssp. cyclosorum,Athyrium,filix-femina,,cyclosorum,,native,S5,,48.899302339999998,-123.404109000000005,,NA,NA,"25478308",obs_native,file:///D:/Simon/Sync/Root/GIS/Biodiversity%20Data/obs_native.csv?type=csv&maxFields=10000&detectTypes=yes&xField=longitude&yField=latitude&crs=EPSG:4326&spatialIndex=no&subsetIndex=no&watchFile=no
"13281",Rosa nutkana ssp. nutkana,Rosa,nutkana,,,,native,S5,,48.899187009999999,-123.404124300000007,,NA,NA,"25478383",obs_native,file:///D:/Simon/Sync/Root/GIS/Biodiversity%20Data/obs_native.csv?type=csv&maxFields=10000&detectTypes=yes&xField=longitude&yField=latitude&crs=EPSG:4326&spatialIndex=no&subsetIndex=no&watchFile=no
"13291",Fragaria vesca ssp. bracteata,Fragaria,vesca,,bracteata,,native,S5,,48.899849009999997,-123.405378499999998,,NA,NA,"25478519",obs_native,file:///D:/Simon/Sync/Root/GIS/Biodiversity%20Data/obs_native.csv?type=csv&maxFields=10000&detectTypes=yes&xField=longitude&yField=latitude&crs=EPSG:4326&spatialIndex=no&subsetIndex=no&watchFile=no
"13301",Spiraea douglasii var. douglasii,Spiraea,douglasii,,,,native,S5,,48.899599190000004,-123.405543800000004,,NA,NA,"25478526",obs_native,file:///D:/Simon/Sync/Root/GIS/Biodiversity%20Data/obs_native.csv?type=csv&maxFields=10000&detectTypes=yes&xField=longitude&yField=latitude&crs=EPSG:4326&spatialIndex=no&subsetIndex=no&watchFile=no
"13312",Sambucus racemosa var. arborescens,Sambucus,racemosa,,,arborescens,native,S5,,48.899871349999998,-123.405636500000000,,NA,NA,"25478678",obs_native,file:///D:/Simon/Sync/Root/GIS/Biodiversity%20Data/obs_native.csv?type=csv&maxFields=10000&detectTypes=yes&xField=longitude&yField=latitude&crs=EPSG:4326&spatialIndex=no&subsetIndex=no&watchFile=no
"13321",Quercus garryana var. garryana,Quercus,garryana,,,,native,S5,,48.866829170000003,-123.376136500000001,,NA,NA,"25478902",obs_native,file:///D:/Simon/Sync/Root/GIS/Biodiversity%20Data/obs_native.csv?type=csv&maxFields=10000&detectTypes=yes&xField=longitude&yField=latitude&crs=EPSG:4326&spatialIndex=no&subsetIndex=no&watchFile=no
"13331",Cerastium arvense ssp. strictum,Cerastium,arvense,,strictum,,native,S5,,48.867147690000003,-123.375760600000007,,NA,NA,"25478958",obs_native,file:///D:/Simon/Sync/Root/GIS/Biodiversity%20Data/obs_native.csv?type=csv&maxFields=10000&detectTypes=yes&xField=longitude&yField=latitude&crs=EPSG:4326&spatialIndex=no&subsetIndex=no&watchFile=no
"13341",Cerastium arvense ssp. strictum,Cerastium,arvense,,strictum,,native,S5,,48.867154220000003,-123.375810599999994,,NA,NA,"25478967",obs_native,file:///D:/Simon/Sync/Root/GIS/Biodiversity%20Data/obs_native.csv?type=csv&maxFields=10000&detectTypes=yes&xField=longitude&yField=latitude&crs=EPSG:4326&spatialIndex=no&subsetIndex=no&watchFile=no
"13351",Agoseris grandiflora var. leptophylla,Agoseris,grandiflora,,,leptophylla,native,S5,,48.867160849999998,-123.375707500000004,,NA,NA,"25479020",obs_native,file:///D:/Simon/Sync/Root/GIS/Biodiversity%20Data/obs_native.csv?type=csv&maxFields=10000&detectTypes=yes&xField=longitude&yField=latitude&crs=EPSG:4326&spatialIndex=no&subsetIndex=no&watchFile=no
"13361",Cerastium arvense ssp. strictum,Cerastium,arvense,,strictum,,native,S5,,48.866936420000002,-123.375612099999998,,NA,NA,"25479071",obs_native,file:///D:/Simon/Sync/Root/GIS/Biodiversity%20Data/obs_native.csv?type=csv&maxFields=10000&detectTypes=yes&xField=longitude&yField=latitude&crs=EPSG:4326&spatialIndex=no&subsetIndex=no&watchFile=no
"13371",Sanicula crassicaulis var. crassicaulis,Sanicula,crassicaulis,,,,native,S5,,48.978773349999997,-123.556278300000002,,NA,NA,"25479288",obs_native,file:///D:/Simon/Sync/Root/GIS/Biodiversity%20Data/obs_native.csv?type=csv&maxFields=10000&detectTypes=yes&xField=longitude&yField=latitude&crs=EPSG:4326&spatialIndex=no&subsetIndex=no&watchFile=no
"13381",Holodiscus discolor var. discolor,Holodiscus,discolor,,,,native,S5,,48.978741079999999,-123.556265900000000,,NA,NA,"25479310",obs_native,file:///D:/Simon/Sync/Root/GIS/Biodiversity%20Data/obs_native.csv?type=csv&maxFields=10000&detectTypes=yes&xField=longitude&yField=latitude&crs=EPSG:4326&spatialIndex=no&subsetIndex=no&watchFile=no
"13391",Pteridium aquilinum ssp. pubescens,Pteridium,aquilinum,,pubescens,,native,S5,,48.978640409999997,-123.556125300000005,,NA,NA,"25479375",obs_native,file:///D:/Simon/Sync/Root/GIS/Biodiversity%20Data/obs_native.csv?type=csv&maxFields=10000&detectTypes=yes&xField=longitude&yField=latitude&crs=EPSG:4326&spatialIndex=no&subsetIndex=no&watchFile=no
"13401",Holodiscus discolor var. discolor,Holodiscus,discolor,,,,native,S5,,48.978657130000002,-123.555582599999994,,NA,NA,"25479452",obs_native,file:///D:/Simon/Sync/Root/GIS/Biodiversity%20Data/obs_native.csv?type=csv&maxFields=10000&detectTypes=yes&xField=longitude&yField=latitude&crs=EPSG:4326&spatialIndex=no&subsetIndex=no&watchFile=no
"13412",Pteridium aquilinum ssp. pubescens,Pteridium,aquilinum,,pubescens,,native,S5,,48.978630899999999,-123.555679200000000,,NA,NA,"25479533",obs_native,file:///D:/Simon/Sync/Root/GIS/Biodiversity%20Data/obs_native.csv?type=csv&maxFields=10000&detectTypes=yes&xField=longitude&yField=latitude&crs=EPSG:4326&spatialIndex=no&subsetIndex=no&watchFile=no
"13421",Pteridium aquilinum ssp. pubescens,Pteridium,aquilinum,,pubescens,,native,S5,,48.979070989999997,-123.557509300000007,,NA,NA,"25480219",obs_native,file:///D:/Simon/Sync/Root/GIS/Biodiversity%20Data/obs_native.csv?type=csv&maxFields=10000&detectTypes=yes&xField=longitude&yField=latitude&crs=EPSG:4326&spatialIndex=no&subsetIndex=no&watchFile=no
"13431",Athyrium filix-femina ssp. cyclosorum,Athyrium,filix-femina,,cyclosorum,,native,S5,,48.979046089999997,-123.557868299999996,,NA,NA,"25480370",obs_native,file:///D:/Simon/Sync/Root/GIS/Biodiversity%20Data/obs_native.csv?type=csv&maxFields=10000&detectTypes=yes&xField=longitude&yField=latitude&crs=EPSG:4326&spatialIndex=no&subsetIndex=no&watchFile=no
"13451",Sanicula crassicaulis var. crassicaulis,Sanicula,crassicaulis,,,,native,S5,,48.981725030000000,-123.557265099999995,,NA,NA,"25482734",obs_native,file:///D:/Simon/Sync/Root/GIS/Biodiversity%20Data/obs_native.csv?type=csv&maxFields=10000&detectTypes=yes&xField=longitude&yField=latitude&crs=EPSG:4326&spatialIndex=no&subsetIndex=no&watchFile=no
"13461",Plectritis congesta ssp. congesta,Plectritis,congesta,,,,native,S5,,48.863397999999997,-123.326407700000004,,NA,NA,"25482803",obs_native,file:///D:/Simon/Sync/Root/GIS/Biodiversity%20Data/obs_native.csv?type=csv&maxFields=10000&detectTypes=yes&xField=longitude&yField=latitude&crs=EPSG:4326&spatialIndex=no&subsetIndex=no&watchFile=no
"13471",Sanicula crassicaulis var. crassicaulis,Sanicula,crassicaulis,,,,native,S5,,48.863297039999999,-123.328305599999993,,NA,NA,"25482902",obs_native,file:///D:/Simon/Sync/Root/GIS/Biodiversity%20Data/obs_native.csv?type=csv&maxFields=10000&detectTypes=yes&xField=longitude&yField=latitude&crs=EPSG:4326&spatialIndex=no&subsetIndex=no&watchFile=no
"13481",Pseudotsuga menziesii var. menziesii,Pseudotsuga,menziesii,,,,native,S5,,48.863349970000002,-123.328296600000002,,NA,NA,"25482932",obs_native,file:///D:/Simon/Sync/Root/GIS/Biodiversity%20Data/obs_native.csv?type=csv&maxFields=10000&detectTypes=yes&xField=longitude&yField=latitude&crs=EPSG:4326&spatialIndex=no&subsetIndex=no&watchFile=no
"13491",Plectritis congesta ssp. congesta,Plectritis,congesta,,,,native,S5,,48.863548119999997,-123.329206299999996,,NA,NA,"25483001",obs_native,file:///D:/Simon/Sync/Root/GIS/Biodiversity%20Data/obs_native.csv?type=csv&maxFields=10000&detectTypes=yes&xField=longitude&yField=latitude&crs=EPSG:4326&spatialIndex=no&subsetIndex=no&watchFile=no
"13501",Ranunculus occidentalis var. occidentalis,Ranunculus,occidentalis,,,,native,S5,,48.863513920000003,-123.329388100000003,,NA,NA,"25483007",obs_native,file:///D:/Simon/Sync/Root/GIS/Biodiversity%20Data/obs_native.csv?type=csv&maxFields=10000&detectTypes=yes&xField=longitude&yField=latitude&crs=EPSG:4326&spatialIndex=no&subsetIndex=no&watchFile=no
"13512",Pseudotsuga menziesii var. menziesii,Pseudotsuga,menziesii,,,,native,S5,,48.864341420000002,-123.330846699999995,,NA,NA,"25483112",obs_native,file:///D:/Simon/Sync/Root/GIS/Biodiversity%20Data/obs_native.csv?type=csv&maxFields=10000&detectTypes=yes&xField=longitude&yField=latitude&crs=EPSG:4326&spatialIndex=no&subsetIndex=no&watchFile=no
"13521",Ranunculus occidentalis var. occidentalis,Ranunculus,occidentalis,,,,native,S5,,48.863373690000003,-123.326239200000003,,NA,NA,"25483175",obs_native,file:///D:/Simon/Sync/Root/GIS/Biodiversity%20Data/obs_native.csv?type=csv&maxFields=10000&detectTypes=yes&xField=longitude&yField=latitude&crs=EPSG:4326&spatialIndex=no&subsetIndex=no&watchFile=no
"13531",Plectritis congesta ssp. congesta,Plectritis,congesta,,,,native,S5,,48.863449590000002,-123.326233500000001,,NA,NA,"25483196",obs_native,file:///D:/Simon/Sync/Root/GIS/Biodiversity%20Data/obs_native.csv?type=csv&maxFields=10000&detectTypes=yes&xField=longitude&yField=latitude&crs=EPSG:4326&spatialIndex=no&subsetIndex=no&watchFile=no
"13541",Symphoricarpos albus var. laevigatus,Symphoricarpos,albus,,,laevigatus,native,S5,,48.872061700000003,-123.311016199999997,,NA,NA,"25483337",obs_native,file:///D:/Simon/Sync/Root/GIS/Biodiversity%20Data/obs_native.csv?type=csv&maxFields=10000&detectTypes=yes&xField=longitude&yField=latitude&crs=EPSG:4326&spatialIndex=no&subsetIndex=no&watchFile=no
"13551",Camassia leichtlinii ssp. suksdorfii,Camassia,leichtlinii,,suksdorfii,,native,S4,,48.872023100000000,-123.310938600000000,,NA,NA,"25483342",obs_native,file:///D:/Simon/Sync/Root/GIS/Biodiversity%20Data/obs_native.csv?type=csv&maxFields=10000&detectTypes=yes&xField=longitude&yField=latitude&crs=EPSG:4326&spatialIndex=no&subsetIndex=no&watchFile=no
"13561",Ranunculus occidentalis var. occidentalis,Ranunculus,occidentalis,,,,native,S5,,48.871994229999999,-123.310974900000005,,NA,NA,"25483348",obs_native,file:///D:/Simon/Sync/Root/GIS/Biodiversity%20Data/obs_native.csv?type=csv&maxFields=10000&detectTypes=yes&xField=longitude&yField=latitude&crs=EPSG:4326&spatialIndex=no&subsetIndex=no&watchFile=no
"13571",Quercus garryana var. garryana,Quercus,garryana,,,,native,S5,,48.871662350000001,-123.310703399999994,,NA,NA,"25483365",obs_native,file:///D:/Simon/Sync/Root/GIS/Biodiversity%20Data/obs_native.csv?type=csv&maxFields=10000&detectTypes=yes&xField=longitude&yField=latitude&crs=EPSG:4326&spatialIndex=no&subsetIndex=no&watchFile=no
"13581",Sanicula crassicaulis var. crassicaulis,Sanicula,crassicaulis,,,,native,S5,,48.871611129999998,-123.310843500000004,,NA,NA,"25483391",obs_native,file:///D:/Simon/Sync/Root/GIS/Biodiversity%20Data/obs_native.csv?type=csv&maxFields=10000&detectTypes=yes&xField=longitude&yField=latitude&crs=EPSG:4326&spatialIndex=no&subsetIndex=no&watchFile=no
"13591",Pteridium aquilinum ssp. pubescens,Pteridium,aquilinum,,pubescens,,native,S5,,48.877338330000001,-123.359046699999993,,NA,NA,"25487842",obs_native,file:///D:/Simon/Sync/Root/GIS/Biodiversity%20Data/obs_native.csv?type=csv&maxFields=10000&detectTypes=yes&xField=longitude&yField=latitude&crs=EPSG:4326&spatialIndex=no&subsetIndex=no&watchFile=no
"13601",Sanicula crassicaulis var. crassicaulis,Sanicula,crassicaulis,,,,native,S5,,48.937854999999999,-123.447555600000001,,NA,NA,"25488206",obs_native,file:///D:/Simon/Sync/Root/GIS/Biodiversity%20Data/obs_native.csv?type=csv&maxFields=10000&detectTypes=yes&xField=longitude&yField=latitude&crs=EPSG:4326&spatialIndex=no&subsetIndex=no&watchFile=no
"13621",Pteridium aquilinum ssp. pubescens,Pteridium,aquilinum,,pubescens,,native,S5,,48.899830559999998,-123.406661099999994,,NA,NA,"25540441",obs_native,file:///D:/Simon/Sync/Root/GIS/Biodiversity%20Data/obs_native.csv?type=csv&maxFields=10000&detectTypes=yes&xField=longitude&yField=latitude&crs=EPSG:4326&spatialIndex=no&subsetIndex=no&watchFile=no
"13631",Rosa nutkana ssp. nutkana,Rosa,nutkana,,,,native,S5,,48.899830559999998,-123.406569399999995,,NA,NA,"25540452",obs_native,file:///D:/Simon/Sync/Root/GIS/Biodiversity%20Data/obs_native.csv?type=csv&maxFields=10000&detectTypes=yes&xField=longitude&yField=latitude&crs=EPSG:4326&spatialIndex=no&subsetIndex=no&watchFile=no
"13641",Sanicula crassicaulis var. crassicaulis,Sanicula,crassicaulis,,,,native,S5,,48.899850000000001,-123.406800000000004,,NA,NA,"25541275",obs_native,file:///D:/Simon/Sync/Root/GIS/Biodiversity%20Data/obs_native.csv?type=csv&maxFields=10000&detectTypes=yes&xField=longitude&yField=latitude&crs=EPSG:4326&spatialIndex=no&subsetIndex=no&watchFile=no
"13651",Pteridium aquilinum ssp. pubescens,Pteridium,aquilinum,,pubescens,,native,S5,,48.900661110000001,-123.406036099999994,,NA,NA,"25542480",obs_native,file:///D:/Simon/Sync/Root/GIS/Biodiversity%20Data/obs_native.csv?type=csv&maxFields=10000&detectTypes=yes&xField=longitude&yField=latitude&crs=EPSG:4326&spatialIndex=no&subsetIndex=no&watchFile=no
"13661",Pseudotsuga menziesii var. menziesii,Pseudotsuga,menziesii,,,,native,S5,,48.901316670000000,-123.404341700000003,,NA,NA,"25543610",obs_native,file:///D:/Simon/Sync/Root/GIS/Biodiversity%20Data/obs_native.csv?type=csv&maxFields=10000&detectTypes=yes&xField=longitude&yField=latitude&crs=EPSG:4326&spatialIndex=no&subsetIndex=no&watchFile=no
"13671",Athyrium filix-femina ssp. cyclosorum,Athyrium,filix-femina,,cyclosorum,,native,S5,,48.899916670000003,-123.406630600000000,,NA,NA,"25543615",obs_native,file:///D:/Simon/Sync/Root/GIS/Biodiversity%20Data/obs_native.csv?type=csv&maxFields=10000&detectTypes=yes&xField=longitude&yField=latitude&crs=EPSG:4326&spatialIndex=no&subsetIndex=no&watchFile=no
"13681",Corallorhiza maculata var. occidentalis,Corallorhiza,maculata,,,occidentalis,native,S5,,48.900422220000003,-123.405769399999997,,NA,NA,"25559598",obs_native,file:///D:/Simon/Sync/Root/GIS/Biodiversity%20Data/obs_native.csv?type=csv&maxFields=10000&detectTypes=yes&xField=longitude&yField=latitude&crs=EPSG:4326&spatialIndex=no&subsetIndex=no&watchFile=no
"13691",Pentagramma triangularis ssp. triangularis,Pentagramma,triangularis,,,,native,S5,,48.900772220000000,-123.404761100000002,,NA,NA,"25559827",obs_native,file:///D:/Simon/Sync/Root/GIS/Biodiversity%20Data/obs_native.csv?type=csv&maxFields=10000&detectTypes=yes&xField=longitude&yField=latitude&crs=EPSG:4326&spatialIndex=no&subsetIndex=no&watchFile=no
"13701",Pentagramma triangularis ssp. triangularis,Pentagramma,triangularis,,,,native,S5,,48.901477780000000,-123.405716699999999,,NA,NA,"25559828",obs_native,file:///D:/Simon/Sync/Root/GIS/Biodiversity%20Data/obs_native.csv?type=csv&maxFields=10000&detectTypes=yes&xField=longitude&yField=latitude&crs=EPSG:4326&spatialIndex=no&subsetIndex=no&watchFile=no
"13712",Pentagramma triangularis ssp. triangularis,Pentagramma,triangularis,,,,native,S5,,48.901583330000001,-123.405730599999998,,NA,NA,"25559829",obs_native,file:///D:/Simon/Sync/Root/GIS/Biodiversity%20Data/obs_native.csv?type=csv&maxFields=10000&detectTypes=yes&xField=longitude&yField=latitude&crs=EPSG:4326&spatialIndex=no&subsetIndex=no&watchFile=no
"13721",Holodiscus discolor var. discolor,Holodiscus,discolor,,,,native,S5,,48.901358330000001,-123.405166699999995,,NA,NA,"25559832",obs_native,file:///D:/Simon/Sync/Root/GIS/Biodiversity%20Data/obs_native.csv?type=csv&maxFields=10000&detectTypes=yes&xField=longitude&yField=latitude&crs=EPSG:4326&spatialIndex=no&subsetIndex=no&watchFile=no
"13731",Holodiscus discolor var. discolor,Holodiscus,discolor,,,,native,S5,,48.900863889999997,-123.405869400000000,,NA,NA,"25559835",obs_native,file:///D:/Simon/Sync/Root/GIS/Biodiversity%20Data/obs_native.csv?type=csv&maxFields=10000&detectTypes=yes&xField=longitude&yField=latitude&crs=EPSG:4326&spatialIndex=no&subsetIndex=no&watchFile=no
"13741",Sanicula crassicaulis var. crassicaulis,Sanicula,crassicaulis,,,,native,S5,,48.900605560000002,-123.404761100000002,,NA,NA,"25559837",obs_native,file:///D:/Simon/Sync/Root/GIS/Biodiversity%20Data/obs_native.csv?type=csv&maxFields=10000&detectTypes=yes&xField=longitude&yField=latitude&crs=EPSG:4326&spatialIndex=no&subsetIndex=no&watchFile=no
"13751",Pteridium aquilinum ssp. pubescens,Pteridium,aquilinum,,pubescens,,native,S5,,48.962208330000003,-123.518005599999995,,NA,NA,"25578150",obs_native,file:///D:/Simon/Sync/Root/GIS/Biodiversity%20Data/obs_native.csv?type=csv&maxFields=10000&detectTypes=yes&xField=longitude&yField=latitude&crs=EPSG:4326&spatialIndex=no&subsetIndex=no&watchFile=no
"13761",Pseudotsuga menziesii var. menziesii,Pseudotsuga,menziesii,,,,native,S5,,48.962594439999997,-123.517433299999993,,NA,NA,"25578170",obs_native,file:///D:/Simon/Sync/Root/GIS/Biodiversity%20Data/obs_native.csv?type=csv&maxFields=10000&detectTypes=yes&xField=longitude&yField=latitude&crs=EPSG:4326&spatialIndex=no&subsetIndex=no&watchFile=no
"13771",Prunus emarginata var. emarginata,Prunus,emarginata,,,,native,S5,,48.962269440000000,-123.517922200000001,,NA,NA,"25595372",obs_native,file:///D:/Simon/Sync/Root/GIS/Biodiversity%20Data/obs_native.csv?type=csv&maxFields=10000&detectTypes=yes&xField=longitude&yField=latitude&crs=EPSG:4326&spatialIndex=no&subsetIndex=no&watchFile=no
"13781",Cerastium arvense ssp. strictum,Cerastium,arvense,,strictum,,native,S5,,48.867172220000000,-123.375763899999995,,NA,NA,"25595845",obs_native,file:///D:/Simon/Sync/Root/GIS/Biodiversity%20Data/obs_native.csv?type=csv&maxFields=10000&detectTypes=yes&xField=longitude&yField=latitude&crs=EPSG:4326&spatialIndex=no&subsetIndex=no&watchFile=no
"13801",Holodiscus discolor var. discolor,Holodiscus,discolor,,,,native,S5,,48.964822220000002,-123.516900000000007,,NA,NA,"25599944",obs_native,file:///D:/Simon/Sync/Root/GIS/Biodiversity%20Data/obs_native.csv?type=csv&maxFields=10000&detectTypes=yes&xField=longitude&yField=latitude&crs=EPSG:4326&spatialIndex=no&subsetIndex=no&watchFile=no
"13812",Holodiscus discolor var. discolor,Holodiscus,discolor,,,,native,S5,,48.964972220000000,-123.516783300000000,,NA,NA,"25599947",obs_native,file:///D:/Simon/Sync/Root/GIS/Biodiversity%20Data/obs_native.csv?type=csv&maxFields=10000&detectTypes=yes&xField=longitude&yField=latitude&crs=EPSG:4326&spatialIndex=no&subsetIndex=no&watchFile=no
"13821",Holodiscus discolor var. discolor,Holodiscus,discolor,,,,native,S5,,48.964961109999997,-123.516769400000001,,NA,NA,"25599949",obs_native,file:///D:/Simon/Sync/Root/GIS/Biodiversity%20Data/obs_native.csv?type=csv&maxFields=10000&detectTypes=yes&xField=longitude&yField=latitude&crs=EPSG:4326&spatialIndex=no&subsetIndex=no&watchFile=no
"13841",Sanicula crassicaulis var. crassicaulis,Sanicula,crassicaulis,,,,native,S5,,48.963622219999998,-123.519163899999995,,NA,NA,"25654996",obs_native,file:///D:/Simon/Sync/Root/GIS/Biodiversity%20Data/obs_native.csv?type=csv&maxFields=10000&detectTypes=yes&xField=longitude&yField=latitude&crs=EPSG:4326&spatialIndex=no&subsetIndex=no&watchFile=no
"13851",Pteridium aquilinum ssp. pubescens,Pteridium,aquilinum,,pubescens,,native,S5,,48.894550000000002,-123.404913899999997,,NA,NA,"25655030",obs_native,file:///D:/Simon/Sync/Root/GIS/Biodiversity%20Data/obs_native.csv?type=csv&maxFields=10000&detectTypes=yes&xField=longitude&yField=latitude&crs=EPSG:4326&spatialIndex=no&subsetIndex=no&watchFile=no
"13861",Symphoricarpos albus var. laevigatus,Symphoricarpos,albus,,,laevigatus,native,S5,,48.898261110000000,-123.408102799999995,,NA,NA,"25655033",obs_native,file:///D:/Simon/Sync/Root/GIS/Biodiversity%20Data/obs_native.csv?type=csv&maxFields=10000&detectTypes=yes&xField=longitude&yField=latitude&crs=EPSG:4326&spatialIndex=no&subsetIndex=no&watchFile=no
"13871",Pseudotsuga menziesii var. menziesii,Pseudotsuga,menziesii,,,,native,S5,,48.898066669999999,-123.408225000000002,,NA,NA,"25655039",obs_native,file:///D:/Simon/Sync/Root/GIS/Biodiversity%20Data/obs_native.csv?type=csv&maxFields=10000&detectTypes=yes&xField=longitude&yField=latitude&crs=EPSG:4326&spatialIndex=no&subsetIndex=no&watchFile=no
"13881",Quercus garryana var. garryana,Quercus,garryana,,,,native,S5,,48.897713889999999,-123.399124999999998,,NA,NA,"25655198",obs_native,file:///D:/Simon/Sync/Root/GIS/Biodiversity%20Data/obs_native.csv?type=csv&maxFields=10000&detectTypes=yes&xField=longitude&yField=latitude&crs=EPSG:4326&spatialIndex=no&subsetIndex=no&watchFile=no
"13891",Cerastium arvense ssp. strictum,Cerastium,arvense,,strictum,,native,S5,,48.893933330000003,-123.403580599999998,,NA,NA,"25655220",obs_native,file:///D:/Simon/Sync/Root/GIS/Biodiversity%20Data/obs_native.csv?type=csv&maxFields=10000&detectTypes=yes&xField=longitude&yField=latitude&crs=EPSG:4326&spatialIndex=no&subsetIndex=no&watchFile=no
"13901",Athyrium filix-femina ssp. cyclosorum,Athyrium,filix-femina,,cyclosorum,,native,S5,,48.897941670000002,-123.399391699999995,,NA,NA,"25655348",obs_native,file:///D:/Simon/Sync/Root/GIS/Biodiversity%20Data/obs_native.csv?type=csv&maxFields=10000&detectTypes=yes&xField=longitude&yField=latitude&crs=EPSG:4326&spatialIndex=no&subsetIndex=no&watchFile=no
"13912",Leymus mollis ssp. mollis,Leymus,mollis,,,,native,S5,,48.896958329999997,-123.406777800000000,,NA,NA,"25655349",obs_native,file:///D:/Simon/Sync/Root/GIS/Biodiversity%20Data/obs_native.csv?type=csv&maxFields=10000&detectTypes=yes&xField=longitude&yField=latitude&crs=EPSG:4326&spatialIndex=no&subsetIndex=no&watchFile=no
"13941",Lathyrus nevadensis var. pilosellus,Lathyrus,nevadensis,,,pilosellus,native,S5,,48.897080559999999,-123.409744399999994,,NA,NA,"25656198",obs_native,file:///D:/Simon/Sync/Root/GIS/Biodiversity%20Data/obs_native.csv?type=csv&maxFields=10000&detectTypes=yes&xField=longitude&yField=latitude&crs=EPSG:4326&spatialIndex=no&subsetIndex=no&watchFile=no
"13951",Holodiscus discolor var. discolor,Holodiscus,discolor,,,,native,S5,,48.893700000000003,-123.406738899999993,,NA,NA,"25656205",obs_native,file:///D:/Simon/Sync/Root/GIS/Biodiversity%20Data/obs_native.csv?type=csv&maxFields=10000&detectTypes=yes&xField=longitude&yField=latitude&crs=EPSG:4326&spatialIndex=no&subsetIndex=no&watchFile=no
"13961",Holodiscus discolor var. discolor,Holodiscus,discolor,,,,native,S5,,48.895480560000003,-123.405150000000006,,NA,NA,"25656209",obs_native,file:///D:/Simon/Sync/Root/GIS/Biodiversity%20Data/obs_native.csv?type=csv&maxFields=10000&detectTypes=yes&xField=longitude&yField=latitude&crs=EPSG:4326&spatialIndex=no&subsetIndex=no&watchFile=no
"13971",Holodiscus discolor var. discolor,Holodiscus,discolor,,,,native,S5,,48.895338889999998,-123.405136100000007,,NA,NA,"25656211",obs_native,file:///D:/Simon/Sync/Root/GIS/Biodiversity%20Data/obs_native.csv?type=csv&maxFields=10000&detectTypes=yes&xField=longitude&yField=latitude&crs=EPSG:4326&spatialIndex=no&subsetIndex=no&watchFile=no
"13981",Ranunculus occidentalis var. occidentalis,Ranunculus,occidentalis,,,,native,S5,,48.897969439999997,-123.408272199999999,,NA,NA,"25656473",obs_native,file:///D:/Simon/Sync/Root/GIS/Biodiversity%20Data/obs_native.csv?type=csv&maxFields=10000&detectTypes=yes&xField=longitude&yField=latitude&crs=EPSG:4326&spatialIndex=no&subsetIndex=no&watchFile=no
"13991",Ribes divaricatum var. divaricatum,Ribes,divaricatum,,,,native,S5,,48.898363889999999,-123.407769400000006,,NA,NA,"25656479",obs_native,file:///D:/Simon/Sync/Root/GIS/Biodiversity%20Data/obs_native.csv?type=csv&maxFields=10000&detectTypes=yes&xField=longitude&yField=latitude&crs=EPSG:4326&spatialIndex=no&subsetIndex=no&watchFile=no
"14001",Ribes divaricatum var. divaricatum,Ribes,divaricatum,,,,native,S5,,48.898322219999997,-123.408041699999998,,NA,NA,"25656481",obs_native,file:///D:/Simon/Sync/Root/GIS/Biodiversity%20Data/obs_native.csv?type=csv&maxFields=10000&detectTypes=yes&xField=longitude&yField=latitude&crs=EPSG:4326&spatialIndex=no&subsetIndex=no&watchFile=no
"14012",Ranunculus occidentalis var. occidentalis,Ranunculus,occidentalis,,,,native,S5,,48.872852780000002,-123.311477800000006,,NA,NA,"25657925",obs_native,file:///D:/Simon/Sync/Root/GIS/Biodiversity%20Data/obs_native.csv?type=csv&maxFields=10000&detectTypes=yes&xField=longitude&yField=latitude&crs=EPSG:4326&spatialIndex=no&subsetIndex=no&watchFile=no
"14021",Pseudotsuga menziesii var. menziesii,Pseudotsuga,menziesii,,,,native,S5,,48.866744439999998,-123.331261100000006,,NA,NA,"25658030",obs_native,file:///D:/Simon/Sync/Root/GIS/Biodiversity%20Data/obs_native.csv?type=csv&maxFields=10000&detectTypes=yes&xField=longitude&yField=latitude&crs=EPSG:4326&spatialIndex=no&subsetIndex=no&watchFile=no
"14031",Fragaria vesca ssp. bracteata,Fragaria,vesca,,bracteata,,native,S5,,48.866005559999998,-123.331627800000007,,NA,NA,"25658042",obs_native,file:///D:/Simon/Sync/Root/GIS/Biodiversity%20Data/obs_native.csv?type=csv&maxFields=10000&detectTypes=yes&xField=longitude&yField=latitude&crs=EPSG:4326&spatialIndex=no&subsetIndex=no&watchFile=no
"14041",Linnaea borealis ssp. longiflora,Linnaea,borealis,,longiflora,,native,S5,,48.866786110000000,-123.332427800000005,,NA,NA,"25658098",obs_native,file:///D:/Simon/Sync/Root/GIS/Biodiversity%20Data/obs_native.csv?type=csv&maxFields=10000&detectTypes=yes&xField=longitude&yField=latitude&crs=EPSG:4326&spatialIndex=no&subsetIndex=no&watchFile=no
"14051",Holodiscus discolor var. discolor,Holodiscus,discolor,,,,native,S5,,48.866827780000001,-123.329169399999998,,NA,NA,"25658102",obs_native,file:///D:/Simon/Sync/Root/GIS/Biodiversity%20Data/obs_native.csv?type=csv&maxFields=10000&detectTypes=yes&xField=longitude&yField=latitude&crs=EPSG:4326&spatialIndex=no&subsetIndex=no&watchFile=no
"14061",Sanicula crassicaulis var. crassicaulis,Sanicula,crassicaulis,,,,native,S5,,48.864869440000000,-123.331824999999995,,NA,NA,"25658106",obs_native,file:///D:/Simon/Sync/Root/GIS/Biodiversity%20Data/obs_native.csv?type=csv&maxFields=10000&detectTypes=yes&xField=longitude&yField=latitude&crs=EPSG:4326&spatialIndex=no&subsetIndex=no&watchFile=no
"14071",Plectritis congesta ssp. congesta,Plectritis,congesta,,,,native,S5,,48.894599999999997,-123.404724999999999,,NA,NA,"25658156",obs_native,file:///D:/Simon/Sync/Root/GIS/Biodiversity%20Data/obs_native.csv?type=csv&maxFields=10000&detectTypes=yes&xField=longitude&yField=latitude&crs=EPSG:4326&spatialIndex=no&subsetIndex=no&watchFile=no
"14081",Lathyrus nevadensis var. pilosellus,Lathyrus,nevadensis,,,pilosellus,native,S5,,48.894622220000002,-123.408927800000001,,NA,NA,"25658159",obs_native,file:///D:/Simon/Sync/Root/GIS/Biodiversity%20Data/obs_native.csv?type=csv&maxFields=10000&detectTypes=yes&xField=longitude&yField=latitude&crs=EPSG:4326&spatialIndex=no&subsetIndex=no&watchFile=no
"14091",Juncus bufonius var. bufonius,Juncus,bufonius,,,,native,S5,,48.872537000000001,-123.312425000000005,,NA,NA,"25831115",obs_native,file:///D:/Simon/Sync/Root/GIS/Biodiversity%20Data/obs_native.csv?type=csv&maxFields=10000&detectTypes=yes&xField=longitude&yField=latitude&crs=EPSG:4326&spatialIndex=no&subsetIndex=no&watchFile=no
"14102",Pinus ponderosa var. ponderosa,Pinus,ponderosa,,,,native,S4S5,,48.952388939999999,-123.518623199999993,,NA,NA,"26161428",obs_native,file:///D:/Simon/Sync/Root/GIS/Biodiversity%20Data/obs_native.csv?type=csv&maxFields=10000&detectTypes=yes&xField=longitude&yField=latitude&crs=EPSG:4326&spatialIndex=no&subsetIndex=no&watchFile=no
"14112",Salix lasiandra var. lasiandra,Salix,lasiandra,,,,native,S5,,48.910579149999997,-123.382470499999997,,NA,NA,"26279764",obs_native,file:///D:/Simon/Sync/Root/GIS/Biodiversity%20Data/obs_native.csv?type=csv&maxFields=10000&detectTypes=yes&xField=longitude&yField=latitude&crs=EPSG:4326&spatialIndex=no&subsetIndex=no&watchFile=no
"14121",Rumex transitorius,Rumex,transitorius,,,,native,S5 (2019),,48.897383359999999,-123.338711000000004,,NA,NA,"26288926",obs_native,file:///D:/Simon/Sync/Root/GIS/Biodiversity%20Data/obs_native.csv?type=csv&maxFields=10000&detectTypes=yes&xField=longitude&yField=latitude&crs=EPSG:4326&spatialIndex=no&subsetIndex=no&watchFile=no
"14131",Corallorhiza maculata var. occidentalis,Corallorhiza,maculata,,,occidentalis,native,S5,,48.892879999999998,-123.355391699999998,,NA,NA,"26402903",obs_native,file:///D:/Simon/Sync/Root/GIS/Biodiversity%20Data/obs_native.csv?type=csv&maxFields=10000&detectTypes=yes&xField=longitude&yField=latitude&crs=EPSG:4326&spatialIndex=no&subsetIndex=no&watchFile=no
"14141",Tiarella trifoliata var. trifoliata,Tiarella,trifoliata,,,,native,S5,,48.932861670000001,-123.475563300000005,,NA,NA,"26683475",obs_native,file:///D:/Simon/Sync/Root/GIS/Biodiversity%20Data/obs_native.csv?type=csv&maxFields=10000&detectTypes=yes&xField=longitude&yField=latitude&crs=EPSG:4326&spatialIndex=no&subsetIndex=no&watchFile=no
"14151",Linnaea borealis ssp. longiflora,Linnaea,borealis,,longiflora,,native,S5,,48.883266669999998,-123.322599999999994,,NA,NA,"26767106",obs_native,file:///D:/Simon/Sync/Root/GIS/Biodiversity%20Data/obs_native.csv?type=csv&maxFields=10000&detectTypes=yes&xField=longitude&yField=latitude&crs=EPSG:4326&spatialIndex=no&subsetIndex=no&watchFile=no
"14161",Corallorhiza maculata var. occidentalis,Corallorhiza,maculata,,,occidentalis,native,S5,,48.901158330000001,-123.405586700000001,,NA,NA,"27367682",obs_native,file:///D:/Simon/Sync/Root/GIS/Biodiversity%20Data/obs_native.csv?type=csv&maxFields=10000&detectTypes=yes&xField=longitude&yField=latitude&crs=EPSG:4326&spatialIndex=no&subsetIndex=no&watchFile=no
"14171",Callitriche heterophylla var. bolanderi,Callitriche,heterophylla,,,bolanderi,native,S4S5,,48.990967050000002,-123.570255099999997,,NA,NA,"27436596",obs_native,file:///D:/Simon/Sync/Root/GIS/Biodiversity%20Data/obs_native.csv?type=csv&maxFields=10000&detectTypes=yes&xField=longitude&yField=latitude&crs=EPSG:4326&spatialIndex=no&subsetIndex=no&watchFile=no
"14191",Sarcocornia perennis,Sarcocornia,perennis,,,,native,S5,,48.898353329999999,-123.406738300000001,,NA,NA,"28067745",obs_native,file:///D:/Simon/Sync/Root/GIS/Biodiversity%20Data/obs_native.csv?type=csv&maxFields=10000&detectTypes=yes&xField=longitude&yField=latitude&crs=EPSG:4326&spatialIndex=no&subsetIndex=no&watchFile=no
"14201",Spiraea douglasii var. douglasii,Spiraea,douglasii,,,,native,S5,,48.948238060000001,-123.502001800000002,,NA,NA,"28440092",obs_native,file:///D:/Simon/Sync/Root/GIS/Biodiversity%20Data/obs_native.csv?type=csv&maxFields=10000&detectTypes=yes&xField=longitude&yField=latitude&crs=EPSG:4326&spatialIndex=no&subsetIndex=no&watchFile=no
"14221",Pseudotsuga menziesii var. menziesii,Pseudotsuga,menziesii,,,,native,S5,,48.952758330000002,-123.533461700000004,,NA,NA,"28440157",obs_native,file:///D:/Simon/Sync/Root/GIS/Biodiversity%20Data/obs_native.csv?type=csv&maxFields=10000&detectTypes=yes&xField=longitude&yField=latitude&crs=EPSG:4326&spatialIndex=no&subsetIndex=no&watchFile=no
"14231",Amelanchier alnifolia,Amelanchier,alnifolia,,,,native,S5,,48.991235000000003,-123.580058300000005,,NA,NA,"28440169",obs_native,file:///D:/Simon/Sync/Root/GIS/Biodiversity%20Data/obs_native.csv?type=csv&maxFields=10000&detectTypes=yes&xField=longitude&yField=latitude&crs=EPSG:4326&spatialIndex=no&subsetIndex=no&watchFile=no
"14241",Elymus glaucus ssp. glaucus,Elymus,glaucus,,,,native,S5,,48.951515000000001,-123.518799999999999,,NA,NA,"28440201",obs_native,file:///D:/Simon/Sync/Root/GIS/Biodiversity%20Data/obs_native.csv?type=csv&maxFields=10000&detectTypes=yes&xField=longitude&yField=latitude&crs=EPSG:4326&spatialIndex=no&subsetIndex=no&watchFile=no
"14251",Holodiscus discolor var. discolor,Holodiscus,discolor,,,,native,S5,,48.952705000000002,-123.520300000000006,,NA,NA,"28440248",obs_native,file:///D:/Simon/Sync/Root/GIS/Biodiversity%20Data/obs_native.csv?type=csv&maxFields=10000&detectTypes=yes&xField=longitude&yField=latitude&crs=EPSG:4326&spatialIndex=no&subsetIndex=no&watchFile=no
"14261",Prunus emarginata var. emarginata,Prunus,emarginata,,,,native,S5,,48.943359999999998,-123.503429999999994,,NA,NA,"28440257",obs_native,file:///D:/Simon/Sync/Root/GIS/Biodiversity%20Data/obs_native.csv?type=csv&maxFields=10000&detectTypes=yes&xField=longitude&yField=latitude&crs=EPSG:4326&spatialIndex=no&subsetIndex=no&watchFile=no
"14271",Chimaphila umbellata ssp. umbellata,Chimaphila,umbellata,,,,native,S5,,48.916503910000003,-123.423988300000005,,NA,NA,"29271435",obs_native,file:///D:/Simon/Sync/Root/GIS/Biodiversity%20Data/obs_native.csv?type=csv&maxFields=10000&detectTypes=yes&xField=longitude&yField=latitude&crs=EPSG:4326&spatialIndex=no&subsetIndex=no&watchFile=no
"14281",Prunus emarginata var. emarginata,Prunus,emarginata,,,,native,S5,,48.909777040000002,-123.393941100000006,,NA,NA,"29664789",obs_native,file:///D:/Simon/Sync/Root/GIS/Biodiversity%20Data/obs_native.csv?type=csv&maxFields=10000&detectTypes=yes&xField=longitude&yField=latitude&crs=EPSG:4326&spatialIndex=no&subsetIndex=no&watchFile=no
"14291",Grindelia hirsutula var. hirsutula,Grindelia,hirsutula,,,,native,S4,,48.867510520000003,-123.338978999999995,,NA,NA,"29757617",obs_native,file:///D:/Simon/Sync/Root/GIS/Biodiversity%20Data/obs_native.csv?type=csv&maxFields=10000&detectTypes=yes&xField=longitude&yField=latitude&crs=EPSG:4326&spatialIndex=no&subsetIndex=no&watchFile=no
"14301",Sarcocornia perennis,Sarcocornia,perennis,,,,native,S5,,48.892672019999999,-123.391404399999999,,NA,NA,"29759535",obs_native,file:///D:/Simon/Sync/Root/GIS/Biodiversity%20Data/obs_native.csv?type=csv&maxFields=10000&detectTypes=yes&xField=longitude&yField=latitude&crs=EPSG:4326&spatialIndex=no&subsetIndex=no&watchFile=no
"14321",Heuchera micrantha var. diversifolia,Heuchera,micrantha,,,diversifolia,native,S5,,48.950536810000003,-123.500756600000003,,NA,NA,"30667647",obs_native,file:///D:/Simon/Sync/Root/GIS/Biodiversity%20Data/obs_native.csv?type=csv&maxFields=10000&detectTypes=yes&xField=longitude&yField=latitude&crs=EPSG:4326&spatialIndex=no&subsetIndex=no&watchFile=no
"14331",Holodiscus discolor var. discolor,Holodiscus,discolor,,,,native,S5,,48.997374999999998,-123.564246699999998,,NA,NA,"30736613",obs_native,file:///D:/Simon/Sync/Root/GIS/Biodiversity%20Data/obs_native.csv?type=csv&maxFields=10000&detectTypes=yes&xField=longitude&yField=latitude&crs=EPSG:4326&spatialIndex=no&subsetIndex=no&watchFile=no
"14341",Quercus garryana var. garryana,Quercus,garryana,,,,native,S5,,48.977685530000002,-123.567233700000003,,NA,NA,"31099510",obs_native,file:///D:/Simon/Sync/Root/GIS/Biodiversity%20Data/obs_native.csv?type=csv&maxFields=10000&detectTypes=yes&xField=longitude&yField=latitude&crs=EPSG:4326&spatialIndex=no&subsetIndex=no&watchFile=no
"14351",Rosa nutkana ssp. nutkana,Rosa,nutkana,,,,native,S5,,48.978253379999998,-123.566979799999999,,NA,NA,"31236438",obs_native,file:///D:/Simon/Sync/Root/GIS/Biodiversity%20Data/obs_native.csv?type=csv&maxFields=10000&detectTypes=yes&xField=longitude&yField=latitude&crs=EPSG:4326&spatialIndex=no&subsetIndex=no&watchFile=no
"14361",Pseudotsuga menziesii var. menziesii,Pseudotsuga,menziesii,,,,native,S5,,48.861057209999998,-123.321321900000001,,NA,NA,"31481265",obs_native,file:///D:/Simon/Sync/Root/GIS/Biodiversity%20Data/obs_native.csv?type=csv&maxFields=10000&detectTypes=yes&xField=longitude&yField=latitude&crs=EPSG:4326&spatialIndex=no&subsetIndex=no&watchFile=no
"14371",Corallorhiza maculata var. occidentalis,Corallorhiza,maculata,,,occidentalis,native,S5,,48.974536669999999,-123.550224999999998,,NA,NA,"31531032",obs_native,file:///D:/Simon/Sync/Root/GIS/Biodiversity%20Data/obs_native.csv?type=csv&maxFields=10000&detectTypes=yes&xField=longitude&yField=latitude&crs=EPSG:4326&spatialIndex=no&subsetIndex=no&watchFile=no
"14381",Pteridium aquilinum ssp. pubescens,Pteridium,aquilinum,,pubescens,,native,S5,,48.895936669999998,-123.406028300000003,,NA,NA,"32119768",obs_native,file:///D:/Simon/Sync/Root/GIS/Biodiversity%20Data/obs_native.csv?type=csv&maxFields=10000&detectTypes=yes&xField=longitude&yField=latitude&crs=EPSG:4326&spatialIndex=no&subsetIndex=no&watchFile=no
"14391",Sanicula crassicaulis var. crassicaulis,Sanicula,crassicaulis,,,,native,S5,,48.894771669999997,-123.404638300000002,,NA,NA,"32119789",obs_native,file:///D:/Simon/Sync/Root/GIS/Biodiversity%20Data/obs_native.csv?type=csv&maxFields=10000&detectTypes=yes&xField=longitude&yField=latitude&crs=EPSG:4326&spatialIndex=no&subsetIndex=no&watchFile=no
"14401",Plectritis congesta ssp. congesta,Plectritis,congesta,,,,native,S5,,48.894030000000001,-123.403824999999998,,NA,NA,"32119797",obs_native,file:///D:/Simon/Sync/Root/GIS/Biodiversity%20Data/obs_native.csv?type=csv&maxFields=10000&detectTypes=yes&xField=longitude&yField=latitude&crs=EPSG:4326&spatialIndex=no&subsetIndex=no&watchFile=no
"14412",Cerastium arvense ssp. strictum,Cerastium,arvense,,strictum,,native,S5,,48.893475000000002,-123.403130000000004,,NA,NA,"32119801",obs_native,file:///D:/Simon/Sync/Root/GIS/Biodiversity%20Data/obs_native.csv?type=csv&maxFields=10000&detectTypes=yes&xField=longitude&yField=latitude&crs=EPSG:4326&spatialIndex=no&subsetIndex=no&watchFile=no
"14421",Castilleja hispida,Castilleja,hispida,,,,native,S5,,48.893849170000003,-123.405236299999999,,NA,NA,"32120942",obs_native,file:///D:/Simon/Sync/Root/GIS/Biodiversity%20Data/obs_native.csv?type=csv&maxFields=10000&detectTypes=yes&xField=longitude&yField=latitude&crs=EPSG:4326&spatialIndex=no&subsetIndex=no&watchFile=no
"14431",Pteridium aquilinum ssp. pubescens,Pteridium,aquilinum,,pubescens,,native,S5,,48.896788330000000,-123.409936700000003,,NA,NA,"32120961",obs_native,file:///D:/Simon/Sync/Root/GIS/Biodiversity%20Data/obs_native.csv?type=csv&maxFields=10000&detectTypes=yes&xField=longitude&yField=latitude&crs=EPSG:4326&spatialIndex=no&subsetIndex=no&watchFile=no
"14441",Sarcocornia perennis,Sarcocornia,perennis,,,,native,S5,,48.897258330000000,-123.406446700000004,,NA,NA,"32120966",obs_native,file:///D:/Simon/Sync/Root/GIS/Biodiversity%20Data/obs_native.csv?type=csv&maxFields=10000&detectTypes=yes&xField=longitude&yField=latitude&crs=EPSG:4326&spatialIndex=no&subsetIndex=no&watchFile=no
"14451",Sanicula crassicaulis var. crassicaulis,Sanicula,crassicaulis,,,,native,S5,,48.871686670000003,-123.312103300000004,,NA,NA,"32125267",obs_native,file:///D:/Simon/Sync/Root/GIS/Biodiversity%20Data/obs_native.csv?type=csv&maxFields=10000&detectTypes=yes&xField=longitude&yField=latitude&crs=EPSG:4326&spatialIndex=no&subsetIndex=no&watchFile=no
"14461",Pentagramma triangularis ssp. triangularis,Pentagramma,triangularis,,,,native,S5,,48.901158330000001,-123.405595000000005,,NA,NA,"32125293",obs_native,file:///D:/Simon/Sync/Root/GIS/Biodiversity%20Data/obs_native.csv?type=csv&maxFields=10000&detectTypes=yes&xField=longitude&yField=latitude&crs=EPSG:4326&spatialIndex=no&subsetIndex=no&watchFile=no
"14471",Plectritis congesta ssp. congesta,Plectritis,congesta,,,,native,S5,,48.901350330000000,-123.405084599999995,,NA,NA,"32128799",obs_native,file:///D:/Simon/Sync/Root/GIS/Biodiversity%20Data/obs_native.csv?type=csv&maxFields=10000&detectTypes=yes&xField=longitude&yField=latitude&crs=EPSG:4326&spatialIndex=no&subsetIndex=no&watchFile=no
"14481",Asplenium trichomanes ssp. trichomanes,Asplenium,trichomanes,,,,native,S5,,48.901508980000003,-123.404617700000003,,NA,NA,"32128801",obs_native,file:///D:/Simon/Sync/Root/GIS/Biodiversity%20Data/obs_native.csv?type=csv&maxFields=10000&detectTypes=yes&xField=longitude&yField=latitude&crs=EPSG:4326&spatialIndex=no&subsetIndex=no&watchFile=no
"14491",Pentagramma triangularis ssp. triangularis,Pentagramma,triangularis,,,,native,S5,,48.958011669999998,-123.541358299999999,,NA,NA,"32128816",obs_native,file:///D:/Simon/Sync/Root/GIS/Biodiversity%20Data/obs_native.csv?type=csv&maxFields=10000&detectTypes=yes&xField=longitude&yField=latitude&crs=EPSG:4326&spatialIndex=no&subsetIndex=no&watchFile=no
"14501",Pinus contorta ssp. contorta,Pinus,contorta,,,,native,S5,,48.910918400000000,-123.378946400000004,,NA,NA,"35033482",obs_native,file:///D:/Simon/Sync/Root/GIS/Biodiversity%20Data/obs_native.csv?type=csv&maxFields=10000&detectTypes=yes&xField=longitude&yField=latitude&crs=EPSG:4326&spatialIndex=no&subsetIndex=no&watchFile=no
"14512",Pseudotsuga menziesii var. menziesii,Pseudotsuga,menziesii,,,,native,S5,,48.869292299999998,-123.379341800000006,,NA,NA,"35113506",obs_native,file:///D:/Simon/Sync/Root/GIS/Biodiversity%20Data/obs_native.csv?type=csv&maxFields=10000&detectTypes=yes&xField=longitude&yField=latitude&crs=EPSG:4326&spatialIndex=no&subsetIndex=no&watchFile=no
"14521",Symphoricarpos albus var. laevigatus,Symphoricarpos,albus,,,laevigatus,native,S5,,48.864566680000003,-123.351380000000006,,NA,NA,"35113781",obs_native,file:///D:/Simon/Sync/Root/GIS/Biodiversity%20Data/obs_native.csv?type=csv&maxFields=10000&detectTypes=yes&xField=longitude&yField=latitude&crs=EPSG:4326&spatialIndex=no&subsetIndex=no&watchFile=no
"14531",Pseudotsuga menziesii var. menziesii,Pseudotsuga,menziesii,,,,native,S5,,48.879654000000002,-123.327777999999995,,NA,NA,"35396013",obs_native,file:///D:/Simon/Sync/Root/GIS/Biodiversity%20Data/obs_native.csv?type=csv&maxFields=10000&detectTypes=yes&xField=longitude&yField=latitude&crs=EPSG:4326&spatialIndex=no&subsetIndex=no&watchFile=no
"14541",Pentagramma triangularis ssp. triangularis,Pentagramma,triangularis,,,,native,S5,,48.965298539999999,-123.552849600000002,,NA,NA,"35979661",obs_native,file:///D:/Simon/Sync/Root/GIS/Biodiversity%20Data/obs_native.csv?type=csv&maxFields=10000&detectTypes=yes&xField=longitude&yField=latitude&crs=EPSG:4326&spatialIndex=no&subsetIndex=no&watchFile=no
"14551",Sarcocornia perennis,Sarcocornia,perennis,,,,native,S5,,48.892602359999998,-123.415225599999999,,NA,NA,"37239709",obs_native,file:///D:/Simon/Sync/Root/GIS/Biodiversity%20Data/obs_native.csv?type=csv&maxFields=10000&detectTypes=yes&xField=longitude&yField=latitude&crs=EPSG:4326&spatialIndex=no&subsetIndex=no&watchFile=no
"14561",Cuscuta pacifica var. pacifica,Cuscuta,pacifica,,,,native,S4,,48.892359399999997,-123.415011000000007,,NA,NA,"37239710",obs_native,file:///D:/Simon/Sync/Root/GIS/Biodiversity%20Data/obs_native.csv?type=csv&maxFields=10000&detectTypes=yes&xField=longitude&yField=latitude&crs=EPSG:4326&spatialIndex=no&subsetIndex=no&watchFile=no
"14571",Ribes divaricatum var. divaricatum,Ribes,divaricatum,,,,native,S5,,48.897950770000001,-123.407700599999998,,NA,NA,"37239714",obs_native,file:///D:/Simon/Sync/Root/GIS/Biodiversity%20Data/obs_native.csv?type=csv&maxFields=10000&detectTypes=yes&xField=longitude&yField=latitude&crs=EPSG:4326&spatialIndex=no&subsetIndex=no&watchFile=no
"14581",Chimaphila umbellata ssp. umbellata,Chimaphila,umbellata,,,,native,S5,,49.010859390000000,-123.576060299999995,,NA,NA,"38191913",obs_native,file:///D:/Simon/Sync/Root/GIS/Biodiversity%20Data/obs_native.csv?type=csv&maxFields=10000&detectTypes=yes&xField=longitude&yField=latitude&crs=EPSG:4326&spatialIndex=no&subsetIndex=no&watchFile=no
"14591",Quercus garryana var. garryana,Quercus,garryana,,,,native,S5,,49.013206660000002,-123.572432599999999,,NA,NA,"38191914",obs_native,file:///D:/Simon/Sync/Root/GIS/Biodiversity%20Data/obs_native.csv?type=csv&maxFields=10000&detectTypes=yes&xField=longitude&yField=latitude&crs=EPSG:4326&spatialIndex=no&subsetIndex=no&watchFile=no
"14601",Pseudotsuga menziesii var. menziesii,Pseudotsuga,menziesii,,,,native,S5,,49.010641270000001,-123.575060199999996,,NA,NA,"38191922",obs_native,file:///D:/Simon/Sync/Root/GIS/Biodiversity%20Data/obs_native.csv?type=csv&maxFields=10000&detectTypes=yes&xField=longitude&yField=latitude&crs=EPSG:4326&spatialIndex=no&subsetIndex=no&watchFile=no
"14612",Sanicula crassicaulis var. crassicaulis,Sanicula,crassicaulis,,,,native,S5,,48.948156630000000,-123.480053900000001,,NA,NA,"38438845",obs_native,file:///D:/Simon/Sync/Root/GIS/Biodiversity%20Data/obs_native.csv?type=csv&maxFields=10000&detectTypes=yes&xField=longitude&yField=latitude&crs=EPSG:4326&spatialIndex=no&subsetIndex=no&watchFile=no
"14621",Linnaea borealis ssp. longiflora,Linnaea,borealis,,longiflora,,native,S5,,48.947180830000001,-123.479162299999999,,NA,NA,"38468542",obs_native,file:///D:/Simon/Sync/Root/GIS/Biodiversity%20Data/obs_native.csv?type=csv&maxFields=10000&detectTypes=yes&xField=longitude&yField=latitude&crs=EPSG:4326&spatialIndex=no&subsetIndex=no&watchFile=no
"14631",Sanicula crassicaulis var. crassicaulis,Sanicula,crassicaulis,,,,native,S5,,48.948415310000001,-123.479655399999999,,NA,NA,"38468593",obs_native,file:///D:/Simon/Sync/Root/GIS/Biodiversity%20Data/obs_native.csv?type=csv&maxFields=10000&detectTypes=yes&xField=longitude&yField=latitude&crs=EPSG:4326&spatialIndex=no&subsetIndex=no&watchFile=no
"14641",Sanicula crassicaulis var. crassicaulis,Sanicula,crassicaulis,,,,native,S5,,48.872246599999997,-123.310903900000000,,NA,NA,"38545500",obs_native,file:///D:/Simon/Sync/Root/GIS/Biodiversity%20Data/obs_native.csv?type=csv&maxFields=10000&detectTypes=yes&xField=longitude&yField=latitude&crs=EPSG:4326&spatialIndex=no&subsetIndex=no&watchFile=no
"14661",Castilleja hispida,Castilleja,hispida,,,,native,S5,,48.965155000000003,-123.552978300000007,,NA,NA,"41121629",obs_native,file:///D:/Simon/Sync/Root/GIS/Biodiversity%20Data/obs_native.csv?type=csv&maxFields=10000&detectTypes=yes&xField=longitude&yField=latitude&crs=EPSG:4326&spatialIndex=no&subsetIndex=no&watchFile=no
"14681",Calandrinia ciliata,Calandrinia,ciliata,,,,native,S3S4,,48.866453329999999,-123.369113299999995,,NA,NA,"41788593",obs_native,file:///D:/Simon/Sync/Root/GIS/Biodiversity%20Data/obs_native.csv?type=csv&maxFields=10000&detectTypes=yes&xField=longitude&yField=latitude&crs=EPSG:4326&spatialIndex=no&subsetIndex=no&watchFile=no
"14691",Pentagramma triangularis ssp. triangularis,Pentagramma,triangularis,,,,native,S5,,48.866005559999998,-123.368180600000002,,NA,NA,"41788648",obs_native,file:///D:/Simon/Sync/Root/GIS/Biodiversity%20Data/obs_native.csv?type=csv&maxFields=10000&detectTypes=yes&xField=longitude&yField=latitude&crs=EPSG:4326&spatialIndex=no&subsetIndex=no&watchFile=no
"14701",Ribes divaricatum var. divaricatum,Ribes,divaricatum,,,,native,S5,,48.910880519999999,-123.415964099999997,,NA,NA,"41827113",obs_native,file:///D:/Simon/Sync/Root/GIS/Biodiversity%20Data/obs_native.csv?type=csv&maxFields=10000&detectTypes=yes&xField=longitude&yField=latitude&crs=EPSG:4326&spatialIndex=no&subsetIndex=no&watchFile=no
"14721",Heuchera micrantha var. diversifolia,Heuchera,micrantha,,,diversifolia,native,S5,,48.910646880000002,-123.376750900000005,,NA,NA,"41879793",obs_native,file:///D:/Simon/Sync/Root/GIS/Biodiversity%20Data/obs_native.csv?type=csv&maxFields=10000&detectTypes=yes&xField=longitude&yField=latitude&crs=EPSG:4326&spatialIndex=no&subsetIndex=no&watchFile=no
"14731",Plectritis congesta ssp. congesta,Plectritis,congesta,,,,native,S5,,48.911588889999997,-123.380455600000005,,NA,NA,"41879808",obs_native,file:///D:/Simon/Sync/Root/GIS/Biodiversity%20Data/obs_native.csv?type=csv&maxFields=10000&detectTypes=yes&xField=longitude&yField=latitude&crs=EPSG:4326&spatialIndex=no&subsetIndex=no&watchFile=no
"14741",Plectritis congesta ssp. congesta,Plectritis,congesta,,,,native,S5,,48.911549999999998,-123.380416699999998,,NA,NA,"41879809",obs_native,file:///D:/Simon/Sync/Root/GIS/Biodiversity%20Data/obs_native.csv?type=csv&maxFields=10000&detectTypes=yes&xField=longitude&yField=latitude&crs=EPSG:4326&spatialIndex=no&subsetIndex=no&watchFile=no
"14751",Heuchera micrantha var. diversifolia,Heuchera,micrantha,,,diversifolia,native,S5,,48.912382280000003,-123.384046499999997,,NA,NA,"41879819",obs_native,file:///D:/Simon/Sync/Root/GIS/Biodiversity%20Data/obs_native.csv?type=csv&maxFields=10000&detectTypes=yes&xField=longitude&yField=latitude&crs=EPSG:4326&spatialIndex=no&subsetIndex=no&watchFile=no
"14761",Ranunculus occidentalis var. occidentalis,Ranunculus,occidentalis,,,,native,S5,,48.868944300000003,-123.346125599999993,,NA,NA,"42363879",obs_native,file:///D:/Simon/Sync/Root/GIS/Biodiversity%20Data/obs_native.csv?type=csv&maxFields=10000&detectTypes=yes&xField=longitude&yField=latitude&crs=EPSG:4326&spatialIndex=no&subsetIndex=no&watchFile=no
"14771",Ranunculus occidentalis var. occidentalis,Ranunculus,occidentalis,,,,native,S5,,48.867341670000002,-123.376263300000005,,NA,NA,"42365198",obs_native,file:///D:/Simon/Sync/Root/GIS/Biodiversity%20Data/obs_native.csv?type=csv&maxFields=10000&detectTypes=yes&xField=longitude&yField=latitude&crs=EPSG:4326&spatialIndex=no&subsetIndex=no&watchFile=no
"14781",Eriophyllum lanatum var. leucophyllum,Eriophyllum,lanatum,,,leucophyllum,native,S5,,48.867426670000000,-123.376400000000004,,NA,NA,"42365215",obs_native,file:///D:/Simon/Sync/Root/GIS/Biodiversity%20Data/obs_native.csv?type=csv&maxFields=10000&detectTypes=yes&xField=longitude&yField=latitude&crs=EPSG:4326&spatialIndex=no&subsetIndex=no&watchFile=no
"14801",Cerastium arvense ssp. strictum,Cerastium,arvense,,strictum,,native,S5,,48.867783330000002,-123.340063299999997,,NA,NA,"42423529",obs_native,file:///D:/Simon/Sync/Root/GIS/Biodiversity%20Data/obs_native.csv?type=csv&maxFields=10000&detectTypes=yes&xField=longitude&yField=latitude&crs=EPSG:4326&spatialIndex=no&subsetIndex=no&watchFile=no
"14812",Cerastium arvense ssp. strictum,Cerastium,arvense,,strictum,,native,S5,,48.867771670000003,-123.340149999999994,,NA,NA,"42431562",obs_native,file:///D:/Simon/Sync/Root/GIS/Biodiversity%20Data/obs_native.csv?type=csv&maxFields=10000&detectTypes=yes&xField=longitude&yField=latitude&crs=EPSG:4326&spatialIndex=no&subsetIndex=no&watchFile=no
"14821",Calandrinia ciliata,Calandrinia,ciliata,,,,native,S3S4,,48.865661109999998,-123.367836100000005,,NA,NA,"42637582",obs_native,file:///D:/Simon/Sync/Root/GIS/Biodiversity%20Data/obs_native.csv?type=csv&maxFields=10000&detectTypes=yes&xField=longitude&yField=latitude&crs=EPSG:4326&spatialIndex=no&subsetIndex=no&watchFile=no
"14831",Quercus garryana var. garryana,Quercus,garryana,,,,native,S5,,48.865470000000002,-123.367671700000002,,NA,NA,"42637588",obs_native,file:///D:/Simon/Sync/Root/GIS/Biodiversity%20Data/obs_native.csv?type=csv&maxFields=10000&detectTypes=yes&xField=longitude&yField=latitude&crs=EPSG:4326&spatialIndex=no&subsetIndex=no&watchFile=no
"14841",Ranunculus occidentalis var. occidentalis,Ranunculus,occidentalis,,,,native,S5,,48.865038329999997,-123.367218300000005,,NA,NA,"42637592",obs_native,file:///D:/Simon/Sync/Root/GIS/Biodiversity%20Data/obs_native.csv?type=csv&maxFields=10000&detectTypes=yes&xField=longitude&yField=latitude&crs=EPSG:4326&spatialIndex=no&subsetIndex=no&watchFile=no
"14851",Ranunculus occidentalis var. occidentalis,Ranunculus,occidentalis,,,,native,S5,,48.865547810000002,-123.364960199999999,,NA,NA,"42637603",obs_native,file:///D:/Simon/Sync/Root/GIS/Biodiversity%20Data/obs_native.csv?type=csv&maxFields=10000&detectTypes=yes&xField=longitude&yField=latitude&crs=EPSG:4326&spatialIndex=no&subsetIndex=no&watchFile=no
"14861",Quercus garryana var. garryana,Quercus,garryana,,,,native,S5,,48.865668329999998,-123.365146699999997,,NA,NA,"42637614",obs_native,file:///D:/Simon/Sync/Root/GIS/Biodiversity%20Data/obs_native.csv?type=csv&maxFields=10000&detectTypes=yes&xField=longitude&yField=latitude&crs=EPSG:4326&spatialIndex=no&subsetIndex=no&watchFile=no
"14871",Quercus garryana var. garryana,Quercus,garryana,,,,native,S5,,48.865693329999999,-123.365255000000005,,NA,NA,"42637626",obs_native,file:///D:/Simon/Sync/Root/GIS/Biodiversity%20Data/obs_native.csv?type=csv&maxFields=10000&detectTypes=yes&xField=longitude&yField=latitude&crs=EPSG:4326&spatialIndex=no&subsetIndex=no&watchFile=no
"14881",Cerastium arvense ssp. strictum,Cerastium,arvense,,strictum,,native,S5,,48.866061109999997,-123.365572200000003,,NA,NA,"42637631",obs_native,file:///D:/Simon/Sync/Root/GIS/Biodiversity%20Data/obs_native.csv?type=csv&maxFields=10000&detectTypes=yes&xField=longitude&yField=latitude&crs=EPSG:4326&spatialIndex=no&subsetIndex=no&watchFile=no
"14891",Quercus garryana var. garryana,Quercus,garryana,,,,native,S5,,48.863468400000002,-123.361341699999997,,NA,NA,"42637648",obs_native,file:///D:/Simon/Sync/Root/GIS/Biodiversity%20Data/obs_native.csv?type=csv&maxFields=10000&detectTypes=yes&xField=longitude&yField=latitude&crs=EPSG:4326&spatialIndex=no&subsetIndex=no&watchFile=no
"14901",Plectritis congesta ssp. congesta,Plectritis,congesta,,,,native,S5,,48.913595899999997,-123.387063600000005,,NA,NA,"42681988",obs_native,file:///D:/Simon/Sync/Root/GIS/Biodiversity%20Data/obs_native.csv?type=csv&maxFields=10000&detectTypes=yes&xField=longitude&yField=latitude&crs=EPSG:4326&spatialIndex=no&subsetIndex=no&watchFile=no
"14912",Symphoricarpos albus var. laevigatus,Symphoricarpos,albus,,,laevigatus,native,S5,,48.977368079999998,-123.566527600000001,,NA,NA,"42813399",obs_native,file:///D:/Simon/Sync/Root/GIS/Biodiversity%20Data/obs_native.csv?type=csv&maxFields=10000&detectTypes=yes&xField=longitude&yField=latitude&crs=EPSG:4326&spatialIndex=no&subsetIndex=no&watchFile=no
"14921",Pteridium aquilinum ssp. pubescens,Pteridium,aquilinum,,pubescens,,native,S5,,48.972810000000003,-123.561284999999998,,NA,NA,"42813451",obs_native,file:///D:/Simon/Sync/Root/GIS/Biodiversity%20Data/obs_native.csv?type=csv&maxFields=10000&detectTypes=yes&xField=longitude&yField=latitude&crs=EPSG:4326&spatialIndex=no&subsetIndex=no&watchFile=no
"14931",Lathyrus nevadensis var. pilosellus,Lathyrus,nevadensis,,,pilosellus,native,S5,,48.963704880000002,-123.550323500000005,,NA,NA,"42813453",obs_native,file:///D:/Simon/Sync/Root/GIS/Biodiversity%20Data/obs_native.csv?type=csv&maxFields=10000&detectTypes=yes&xField=longitude&yField=latitude&crs=EPSG:4326&spatialIndex=no&subsetIndex=no&watchFile=no
"14941",Heuchera micrantha var. diversifolia,Heuchera,micrantha,,,diversifolia,native,S5,,48.963704880000002,-123.550323500000005,,NA,NA,"42813464",obs_native,file:///D:/Simon/Sync/Root/GIS/Biodiversity%20Data/obs_native.csv?type=csv&maxFields=10000&detectTypes=yes&xField=longitude&yField=latitude&crs=EPSG:4326&spatialIndex=no&subsetIndex=no&watchFile=no
"14951",Aquilegia formosa var. formosa,Aquilegia,formosa,,,,native,S5,,48.867498089999998,-123.337091299999997,,NA,NA,"43252959",obs_native,file:///D:/Simon/Sync/Root/GIS/Biodiversity%20Data/obs_native.csv?type=csv&maxFields=10000&detectTypes=yes&xField=longitude&yField=latitude&crs=EPSG:4326&spatialIndex=no&subsetIndex=no&watchFile=no
"14961",Sedum lanceolatum var. nesioticum,Sedum,lanceolatum,,,nesioticum,native,S3S4,,48.865839559999998,-123.337755900000005,,NA,NA,"43253056",obs_native,file:///D:/Simon/Sync/Root/GIS/Biodiversity%20Data/obs_native.csv?type=csv&maxFields=10000&detectTypes=yes&xField=longitude&yField=latitude&crs=EPSG:4326&spatialIndex=no&subsetIndex=no&watchFile=no
"14971",Quercus garryana var. garryana,Quercus,garryana,,,,native,S5,,48.865761540000001,-123.337191000000004,,NA,NA,"43253069",obs_native,file:///D:/Simon/Sync/Root/GIS/Biodiversity%20Data/obs_native.csv?type=csv&maxFields=10000&detectTypes=yes&xField=longitude&yField=latitude&crs=EPSG:4326&spatialIndex=no&subsetIndex=no&watchFile=no
"14991",Heuchera micrantha var. diversifolia,Heuchera,micrantha,,,diversifolia,native,S5,,48.866804700000003,-123.342733899999999,,NA,NA,"43253125",obs_native,file:///D:/Simon/Sync/Root/GIS/Biodiversity%20Data/obs_native.csv?type=csv&maxFields=10000&detectTypes=yes&xField=longitude&yField=latitude&crs=EPSG:4326&spatialIndex=no&subsetIndex=no&watchFile=no
"15001",Salix lasiandra var. lasiandra,Salix,lasiandra,,,,native,S5,,48.910565530000000,-123.382617400000001,,NA,NA,"43493109",obs_native,file:///D:/Simon/Sync/Root/GIS/Biodiversity%20Data/obs_native.csv?type=csv&maxFields=10000&detectTypes=yes&xField=longitude&yField=latitude&crs=EPSG:4326&spatialIndex=no&subsetIndex=no&watchFile=no
"15021",Fragaria vesca ssp. bracteata,Fragaria,vesca,,bracteata,,native,S5,,48.866043910000002,-123.350611799999996,,NA,NA,"43555528",obs_native,file:///D:/Simon/Sync/Root/GIS/Biodiversity%20Data/obs_native.csv?type=csv&maxFields=10000&detectTypes=yes&xField=longitude&yField=latitude&crs=EPSG:4326&spatialIndex=no&subsetIndex=no&watchFile=no
"15031",Pentagramma triangularis ssp. triangularis,Pentagramma,triangularis,,,,native,S5,,48.865793810000000,-123.349925200000001,,NA,NA,"43555549",obs_native,file:///D:/Simon/Sync/Root/GIS/Biodiversity%20Data/obs_native.csv?type=csv&maxFields=10000&detectTypes=yes&xField=longitude&yField=latitude&crs=EPSG:4326&spatialIndex=no&subsetIndex=no&watchFile=no
"15041",Lathyrus nevadensis var. pilosellus,Lathyrus,nevadensis,,,pilosellus,native,S5,,48.869325019999998,-123.347278099999997,,NA,NA,"43555582",obs_native,file:///D:/Simon/Sync/Root/GIS/Biodiversity%20Data/obs_native.csv?type=csv&maxFields=10000&detectTypes=yes&xField=longitude&yField=latitude&crs=EPSG:4326&spatialIndex=no&subsetIndex=no&watchFile=no
"15051",Sambucus racemosa var. arborescens,Sambucus,racemosa,,,arborescens,native,S5,,48.878557000000001,-123.336877000000001,,NA,NA,"43751889",obs_native,file:///D:/Simon/Sync/Root/GIS/Biodiversity%20Data/obs_native.csv?type=csv&maxFields=10000&detectTypes=yes&xField=longitude&yField=latitude&crs=EPSG:4326&spatialIndex=no&subsetIndex=no&watchFile=no
"15061",Sambucus racemosa var. arborescens,Sambucus,racemosa,,,arborescens,native,S5,,48.910580000000003,-123.414208299999999,,NA,NA,"44446876",obs_native,file:///D:/Simon/Sync/Root/GIS/Biodiversity%20Data/obs_native.csv?type=csv&maxFields=10000&detectTypes=yes&xField=longitude&yField=latitude&crs=EPSG:4326&spatialIndex=no&subsetIndex=no&watchFile=no
"15071",Cerastium arvense ssp. strictum,Cerastium,arvense,,strictum,,native,S5,,48.867572979999998,-123.376532699999998,,NA,NA,"44447001",obs_native,file:///D:/Simon/Sync/Root/GIS/Biodiversity%20Data/obs_native.csv?type=csv&maxFields=10000&detectTypes=yes&xField=longitude&yField=latitude&crs=EPSG:4326&spatialIndex=no&subsetIndex=no&watchFile=no
"15081",Erythranthe cf guttata,Erythranthe,guttata,,,,native,S5,,48.958416669999998,-123.506889999999999,,NA,NA,"44448624",obs_native,file:///D:/Simon/Sync/Root/GIS/Biodiversity%20Data/obs_native.csv?type=csv&maxFields=10000&detectTypes=yes&xField=longitude&yField=latitude&crs=EPSG:4326&spatialIndex=no&subsetIndex=no&watchFile=no
"15091",Erythranthe cf guttata,Erythranthe,guttata,,,,native,S5,,48.979425159999998,-123.536163500000001,,NA,NA,"44459085",obs_native,file:///D:/Simon/Sync/Root/GIS/Biodiversity%20Data/obs_native.csv?type=csv&maxFields=10000&detectTypes=yes&xField=longitude&yField=latitude&crs=EPSG:4326&spatialIndex=no&subsetIndex=no&watchFile=no
"15102",Plectritis congesta ssp. congesta,Plectritis,congesta,,,,native,S5,,48.978768879999997,-123.535079899999999,,NA,NA,"44459096",obs_native,file:///D:/Simon/Sync/Root/GIS/Biodiversity%20Data/obs_native.csv?type=csv&maxFields=10000&detectTypes=yes&xField=longitude&yField=latitude&crs=EPSG:4326&spatialIndex=no&subsetIndex=no&watchFile=no
"15112",Erythranthe cf guttata,Erythranthe,guttata,,,,native,S5,,48.978988330000000,-123.535250000000005,,NA,NA,"44459109",obs_native,file:///D:/Simon/Sync/Root/GIS/Biodiversity%20Data/obs_native.csv?type=csv&maxFields=10000&detectTypes=yes&xField=longitude&yField=latitude&crs=EPSG:4326&spatialIndex=no&subsetIndex=no&watchFile=no
"15121",Symphoricarpos albus var. laevigatus,Symphoricarpos,albus,,,laevigatus,native,S5,,48.978438330000003,-123.534966699999998,,NA,NA,"44459115",obs_native,file:///D:/Simon/Sync/Root/GIS/Biodiversity%20Data/obs_native.csv?type=csv&maxFields=10000&detectTypes=yes&xField=longitude&yField=latitude&crs=EPSG:4326&spatialIndex=no&subsetIndex=no&watchFile=no
"15131",Athyrium filix-femina ssp. cyclosorum,Athyrium,filix-femina,,cyclosorum,,native,S5,,48.958115149999998,-123.509313899999995,,NA,NA,"44569708",obs_native,file:///D:/Simon/Sync/Root/GIS/Biodiversity%20Data/obs_native.csv?type=csv&maxFields=10000&detectTypes=yes&xField=longitude&yField=latitude&crs=EPSG:4326&spatialIndex=no&subsetIndex=no&watchFile=no
"15151",Plectritis congesta ssp. congesta,Plectritis,congesta,,,,native,S5,,48.909050000000001,-123.368039999999993,,NA,NA,"44950139",obs_native,file:///D:/Simon/Sync/Root/GIS/Biodiversity%20Data/obs_native.csv?type=csv&maxFields=10000&detectTypes=yes&xField=longitude&yField=latitude&crs=EPSG:4326&spatialIndex=no&subsetIndex=no&watchFile=no
"15171",Pseudotsuga menziesii var. menziesii,Pseudotsuga,menziesii,,,,native,S5,,48.906235819999999,-123.369752300000002,,NA,NA,"44951282",obs_native,file:///D:/Simon/Sync/Root/GIS/Biodiversity%20Data/obs_native.csv?type=csv&maxFields=10000&detectTypes=yes&xField=longitude&yField=latitude&crs=EPSG:4326&spatialIndex=no&subsetIndex=no&watchFile=no
"15181",Fragaria vesca ssp. bracteata,Fragaria,vesca,,bracteata,,native,S5,,48.907890000000002,-123.368735000000001,,NA,NA,"44951814",obs_native,file:///D:/Simon/Sync/Root/GIS/Biodiversity%20Data/obs_native.csv?type=csv&maxFields=10000&detectTypes=yes&xField=longitude&yField=latitude&crs=EPSG:4326&spatialIndex=no&subsetIndex=no&watchFile=no
"15191",Fragaria vesca ssp. bracteata,Fragaria,vesca,,bracteata,,native,S5,,48.907808330000002,-123.368833300000006,,NA,NA,"44951817",obs_native,file:///D:/Simon/Sync/Root/GIS/Biodiversity%20Data/obs_native.csv?type=csv&maxFields=10000&detectTypes=yes&xField=longitude&yField=latitude&crs=EPSG:4326&spatialIndex=no&subsetIndex=no&watchFile=no
"15201",Prunus emarginata var. emarginata,Prunus,emarginata,,,,native,S5,,48.985185319999999,-123.558525299999999,,NA,NA,"45033218",obs_native,file:///D:/Simon/Sync/Root/GIS/Biodiversity%20Data/obs_native.csv?type=csv&maxFields=10000&detectTypes=yes&xField=longitude&yField=latitude&crs=EPSG:4326&spatialIndex=no&subsetIndex=no&watchFile=no
"15212",Cerastium arvense ssp. strictum,Cerastium,arvense,,strictum,,native,S5,,48.926589630000002,-123.467056200000002,,NA,NA,"45037032",obs_native,file:///D:/Simon/Sync/Root/GIS/Biodiversity%20Data/obs_native.csv?type=csv&maxFields=10000&detectTypes=yes&xField=longitude&yField=latitude&crs=EPSG:4326&spatialIndex=no&subsetIndex=no&watchFile=no
"15241",Lathyrus nevadensis var. pilosellus,Lathyrus,nevadensis,,,pilosellus,native,S5,,48.940061669999999,-123.500585000000001,,NA,NA,"45326907",obs_native,file:///D:/Simon/Sync/Root/GIS/Biodiversity%20Data/obs_native.csv?type=csv&maxFields=10000&detectTypes=yes&xField=longitude&yField=latitude&crs=EPSG:4326&spatialIndex=no&subsetIndex=no&watchFile=no
"15251",Corallorhiza maculata var. occidentalis,Corallorhiza,maculata,,,occidentalis,native,S5,,48.879996669999997,-123.335121700000002,,NA,NA,"45747400",obs_native,file:///D:/Simon/Sync/Root/GIS/Biodiversity%20Data/obs_native.csv?type=csv&maxFields=10000&detectTypes=yes&xField=longitude&yField=latitude&crs=EPSG:4326&spatialIndex=no&subsetIndex=no&watchFile=no
"15261",Tiarella trifoliata var. trifoliata,Tiarella,trifoliata,,,,native,S5,,48.867763719999999,-123.342618200000004,,NA,NA,"45751457",obs_native,file:///D:/Simon/Sync/Root/GIS/Biodiversity%20Data/obs_native.csv?type=csv&maxFields=10000&detectTypes=yes&xField=longitude&yField=latitude&crs=EPSG:4326&spatialIndex=no&subsetIndex=no&watchFile=no
"15271",Eriophyllum lanatum var. leucophyllum,Eriophyllum,lanatum,,,leucophyllum,native,S5,,48.866911260000002,-123.341152899999997,,NA,NA,"45751467",obs_native,file:///D:/Simon/Sync/Root/GIS/Biodiversity%20Data/obs_native.csv?type=csv&maxFields=10000&detectTypes=yes&xField=longitude&yField=latitude&crs=EPSG:4326&spatialIndex=no&subsetIndex=no&watchFile=no
"15281",Corallorhiza maculata var. occidentalis,Corallorhiza,maculata,,,occidentalis,native,S5,,48.880118000000003,-123.338828000000007,,NA,NA,"45920034",obs_native,file:///D:/Simon/Sync/Root/GIS/Biodiversity%20Data/obs_native.csv?type=csv&maxFields=10000&detectTypes=yes&xField=longitude&yField=latitude&crs=EPSG:4326&spatialIndex=no&subsetIndex=no&watchFile=no
"15291",Pentagramma triangularis ssp. triangularis,Pentagramma,triangularis,,,,native,S5,,48.867270449999999,-123.338970700000004,,NA,NA,"45945142",obs_native,file:///D:/Simon/Sync/Root/GIS/Biodiversity%20Data/obs_native.csv?type=csv&maxFields=10000&detectTypes=yes&xField=longitude&yField=latitude&crs=EPSG:4326&spatialIndex=no&subsetIndex=no&watchFile=no
"15301",Fragaria vesca ssp. bracteata,Fragaria,vesca,,bracteata,,native,S5,,48.892896669999999,-123.355278299999995,,NA,NA,"46121088",obs_native,file:///D:/Simon/Sync/Root/GIS/Biodiversity%20Data/obs_native.csv?type=csv&maxFields=10000&detectTypes=yes&xField=longitude&yField=latitude&crs=EPSG:4326&spatialIndex=no&subsetIndex=no&watchFile=no
"15312",Spiraea douglasii var. douglasii,Spiraea,douglasii,,,,native,S5,,48.948088329999997,-123.501700000000000,,NA,NA,"46234714",obs_native,file:///D:/Simon/Sync/Root/GIS/Biodiversity%20Data/obs_native.csv?type=csv&maxFields=10000&detectTypes=yes&xField=longitude&yField=latitude&crs=EPSG:4326&spatialIndex=no&subsetIndex=no&watchFile=no
"15321",Juncus bufonius var. bufonius,Juncus,bufonius,,,,native,S5,,48.878966669999997,-123.319963900000005,,NA,NA,"46563587",obs_native,file:///D:/Simon/Sync/Root/GIS/Biodiversity%20Data/obs_native.csv?type=csv&maxFields=10000&detectTypes=yes&xField=longitude&yField=latitude&crs=EPSG:4326&spatialIndex=no&subsetIndex=no&watchFile=no
"15331",Heuchera micrantha var. diversifolia,Heuchera,micrantha,,,diversifolia,native,S5,,48.861878400000002,-123.359643199999994,,NA,NA,"46668419",obs_native,file:///D:/Simon/Sync/Root/GIS/Biodiversity%20Data/obs_native.csv?type=csv&maxFields=10000&detectTypes=yes&xField=longitude&yField=latitude&crs=EPSG:4326&spatialIndex=no&subsetIndex=no&watchFile=no
"15351",Quercus garryana var. garryana,Quercus,garryana,,,,native,S5,,48.869228329999999,-123.378820000000005,,NA,NA,"46668428",obs_native,file:///D:/Simon/Sync/Root/GIS/Biodiversity%20Data/obs_native.csv?type=csv&maxFields=10000&detectTypes=yes&xField=longitude&yField=latitude&crs=EPSG:4326&spatialIndex=no&subsetIndex=no&watchFile=no
"15361",Quercus garryana var. garryana,Quercus,garryana,,,,native,S5,,48.869062479999997,-123.379396900000003,,NA,NA,"46668430",obs_native,file:///D:/Simon/Sync/Root/GIS/Biodiversity%20Data/obs_native.csv?type=csv&maxFields=10000&detectTypes=yes&xField=longitude&yField=latitude&crs=EPSG:4326&spatialIndex=no&subsetIndex=no&watchFile=no
"15371",Pinus contorta ssp. contorta,Pinus,contorta,,,,native,S5,,48.905490999999998,-123.350215000000006,,NA,NA,"46757904",obs_native,file:///D:/Simon/Sync/Root/GIS/Biodiversity%20Data/obs_native.csv?type=csv&maxFields=10000&detectTypes=yes&xField=longitude&yField=latitude&crs=EPSG:4326&spatialIndex=no&subsetIndex=no&watchFile=no
"15381",Corallorhiza maculata var. occidentalis,Corallorhiza,maculata,,,occidentalis,native,S5,,49.011133440000002,-123.574850900000001,,NA,NA,"47036509",obs_native,file:///D:/Simon/Sync/Root/GIS/Biodiversity%20Data/obs_native.csv?type=csv&maxFields=10000&detectTypes=yes&xField=longitude&yField=latitude&crs=EPSG:4326&spatialIndex=no&subsetIndex=no&watchFile=no
"15391",Rosa nutkana ssp. nutkana,Rosa,nutkana,,,,native,S5,,48.919411160000003,-123.404441000000006,,NA,NA,"47219847",obs_native,file:///D:/Simon/Sync/Root/GIS/Biodiversity%20Data/obs_native.csv?type=csv&maxFields=10000&detectTypes=yes&xField=longitude&yField=latitude&crs=EPSG:4326&spatialIndex=no&subsetIndex=no&watchFile=no
"15401",Rumex transitorius,Rumex,transitorius,,,,native,S5 (2019),,48.897371669999998,-123.338586699999993,,NA,NA,"47400911",obs_native,file:///D:/Simon/Sync/Root/GIS/Biodiversity%20Data/obs_native.csv?type=csv&maxFields=10000&detectTypes=yes&xField=longitude&yField=latitude&crs=EPSG:4326&spatialIndex=no&subsetIndex=no&watchFile=no
"15412",Stellaria borealis ssp. sitchana,Stellaria,borealis,,sitchana,,native,S5,,48.910775000000001,-123.416046699999995,,NA,NA,"47483018",obs_native,file:///D:/Simon/Sync/Root/GIS/Biodiversity%20Data/obs_native.csv?type=csv&maxFields=10000&detectTypes=yes&xField=longitude&yField=latitude&crs=EPSG:4326&spatialIndex=no&subsetIndex=no&watchFile=no
"15441",Argentina anserina,Argentina,anserina,,,,native,S5,,48.896946669999998,-123.406391700000000,,NA,NA,"48092276",obs_native,file:///D:/Simon/Sync/Root/GIS/Biodiversity%20Data/obs_native.csv?type=csv&maxFields=10000&detectTypes=yes&xField=longitude&yField=latitude&crs=EPSG:4326&spatialIndex=no&subsetIndex=no&watchFile=no
"15451",Corallorhiza maculata var. occidentalis,Corallorhiza,maculata,,,occidentalis,native,S5,,48.972739920000002,-123.562118799999993,,NA,NA,"48194947",obs_native,file:///D:/Simon/Sync/Root/GIS/Biodiversity%20Data/obs_native.csv?type=csv&maxFields=10000&detectTypes=yes&xField=longitude&yField=latitude&crs=EPSG:4326&spatialIndex=no&subsetIndex=no&watchFile=no
"15461",Corallorhiza maculata var. occidentalis,Corallorhiza,maculata,,,occidentalis,native,S5,,48.963623509999998,-123.550455299999996,,NA,NA,"48201539",obs_native,file:///D:/Simon/Sync/Root/GIS/Biodiversity%20Data/obs_native.csv?type=csv&maxFields=10000&detectTypes=yes&xField=longitude&yField=latitude&crs=EPSG:4326&spatialIndex=no&subsetIndex=no&watchFile=no
"15471",Quercus garryana var. garryana,Quercus,garryana,,,,native,S5,,48.962587040000003,-123.549680100000003,,NA,NA,"48201544",obs_native,file:///D:/Simon/Sync/Root/GIS/Biodiversity%20Data/obs_native.csv?type=csv&maxFields=10000&detectTypes=yes&xField=longitude&yField=latitude&crs=EPSG:4326&spatialIndex=no&subsetIndex=no&watchFile=no
"15481",Pseudotsuga menziesii var. menziesii,Pseudotsuga,menziesii,,,,native,S5,,48.963516849999998,-123.550366800000006,,NA,NA,"48201551",obs_native,file:///D:/Simon/Sync/Root/GIS/Biodiversity%20Data/obs_native.csv?type=csv&maxFields=10000&detectTypes=yes&xField=longitude&yField=latitude&crs=EPSG:4326&spatialIndex=no&subsetIndex=no&watchFile=no
"15491",Holodiscus discolor var. discolor,Holodiscus,discolor,,,,native,S5,,48.963585350000002,-123.550468300000006,,NA,NA,"48205061",obs_native,file:///D:/Simon/Sync/Root/GIS/Biodiversity%20Data/obs_native.csv?type=csv&maxFields=10000&detectTypes=yes&xField=longitude&yField=latitude&crs=EPSG:4326&spatialIndex=no&subsetIndex=no&watchFile=no
"15501",Pseudotsuga menziesii var. menziesii,Pseudotsuga,menziesii,,,,native,S5,,48.963585350000002,-123.550468300000006,,NA,NA,"48205064",obs_native,file:///D:/Simon/Sync/Root/GIS/Biodiversity%20Data/obs_native.csv?type=csv&maxFields=10000&detectTypes=yes&xField=longitude&yField=latitude&crs=EPSG:4326&spatialIndex=no&subsetIndex=no&watchFile=no
"15521",Holodiscus discolor var. discolor,Holodiscus,discolor,,,,native,S5,,48.865907540000002,-123.350621899999993,,NA,NA,"48304586",obs_native,file:///D:/Simon/Sync/Root/GIS/Biodiversity%20Data/obs_native.csv?type=csv&maxFields=10000&detectTypes=yes&xField=longitude&yField=latitude&crs=EPSG:4326&spatialIndex=no&subsetIndex=no&watchFile=no
"15531",Bromus carinatus var. carinatus,Bromus,carinatus,,,,native,S5,,48.865981669999996,-123.350780000000000,,NA,NA,"48304587",obs_native,file:///D:/Simon/Sync/Root/GIS/Biodiversity%20Data/obs_native.csv?type=csv&maxFields=10000&detectTypes=yes&xField=longitude&yField=latitude&crs=EPSG:4326&spatialIndex=no&subsetIndex=no&watchFile=no
"15541",Symphoricarpos albus var. laevigatus,Symphoricarpos,albus,,,laevigatus,native,S5,,48.865781669999997,-123.350801700000005,,NA,NA,"48304588",obs_native,file:///D:/Simon/Sync/Root/GIS/Biodiversity%20Data/obs_native.csv?type=csv&maxFields=10000&detectTypes=yes&xField=longitude&yField=latitude&crs=EPSG:4326&spatialIndex=no&subsetIndex=no&watchFile=no
"15551",Rosa nutkana ssp. nutkana,Rosa,nutkana,,,,native,S5,,48.865868329999998,-123.350758299999995,,NA,NA,"48304602",obs_native,file:///D:/Simon/Sync/Root/GIS/Biodiversity%20Data/obs_native.csv?type=csv&maxFields=10000&detectTypes=yes&xField=longitude&yField=latitude&crs=EPSG:4326&spatialIndex=no&subsetIndex=no&watchFile=no
"15561",Symphoricarpos albus var. laevigatus,Symphoricarpos,albus,,,laevigatus,native,S5,,48.865945379999999,-123.349704099999997,,NA,NA,"48408583",obs_native,file:///D:/Simon/Sync/Root/GIS/Biodiversity%20Data/obs_native.csv?type=csv&maxFields=10000&detectTypes=yes&xField=longitude&yField=latitude&crs=EPSG:4326&spatialIndex=no&subsetIndex=no&watchFile=no
"15571",Heuchera micrantha var. diversifolia,Heuchera,micrantha,,,diversifolia,native,S5,,48.865945379999999,-123.349704099999997,,NA,NA,"48408602",obs_native,file:///D:/Simon/Sync/Root/GIS/Biodiversity%20Data/obs_native.csv?type=csv&maxFields=10000&detectTypes=yes&xField=longitude&yField=latitude&crs=EPSG:4326&spatialIndex=no&subsetIndex=no&watchFile=no
"15601",Holodiscus discolor var. discolor,Holodiscus,discolor,,,,native,S5,,48.877994440000002,-123.322969400000005,,NA,NA,"48489325",obs_native,file:///D:/Simon/Sync/Root/GIS/Biodiversity%20Data/obs_native.csv?type=csv&maxFields=10000&detectTypes=yes&xField=longitude&yField=latitude&crs=EPSG:4326&spatialIndex=no&subsetIndex=no&watchFile=no
"15631",Pentagramma triangularis ssp. triangularis,Pentagramma,triangularis,,,,native,S5,,48.867526669999997,-123.339363300000002,,NA,NA,"48856324",obs_native,file:///D:/Simon/Sync/Root/GIS/Biodiversity%20Data/obs_native.csv?type=csv&maxFields=10000&detectTypes=yes&xField=longitude&yField=latitude&crs=EPSG:4326&spatialIndex=no&subsetIndex=no&watchFile=no
"15641",Plectritis congesta ssp. congesta,Plectritis,congesta,,,,native,S5,,48.869494430000003,-123.343203299999999,,NA,NA,"48856340",obs_native,file:///D:/Simon/Sync/Root/GIS/Biodiversity%20Data/obs_native.csv?type=csv&maxFields=10000&detectTypes=yes&xField=longitude&yField=latitude&crs=EPSG:4326&spatialIndex=no&subsetIndex=no&watchFile=no
"15651",Corallorhiza maculata var. occidentalis,Corallorhiza,maculata,,,occidentalis,native,S5,,48.985158329999997,-123.556044999999997,,NA,NA,"48871969",obs_native,file:///D:/Simon/Sync/Root/GIS/Biodiversity%20Data/obs_native.csv?type=csv&maxFields=10000&detectTypes=yes&xField=longitude&yField=latitude&crs=EPSG:4326&spatialIndex=no&subsetIndex=no&watchFile=no
"15671",Plectritis congesta ssp. congesta,Plectritis,congesta,,,,native,S5,,48.938463329999998,-123.499808299999998,,NA,NA,"49133645",obs_native,file:///D:/Simon/Sync/Root/GIS/Biodiversity%20Data/obs_native.csv?type=csv&maxFields=10000&detectTypes=yes&xField=longitude&yField=latitude&crs=EPSG:4326&spatialIndex=no&subsetIndex=no&watchFile=no
"15681",Eriophyllum lanatum var. leucophyllum,Eriophyllum,lanatum,,,leucophyllum,native,S5,,48.938263329999998,-123.499619999999993,,NA,NA,"49134259",obs_native,file:///D:/Simon/Sync/Root/GIS/Biodiversity%20Data/obs_native.csv?type=csv&maxFields=10000&detectTypes=yes&xField=longitude&yField=latitude&crs=EPSG:4326&spatialIndex=no&subsetIndex=no&watchFile=no
"15691",Heuchera micrantha var. diversifolia,Heuchera,micrantha,,,diversifolia,native,S5,,48.939321669999998,-123.500870000000006,,NA,NA,"49134332",obs_native,file:///D:/Simon/Sync/Root/GIS/Biodiversity%20Data/obs_native.csv?type=csv&maxFields=10000&detectTypes=yes&xField=longitude&yField=latitude&crs=EPSG:4326&spatialIndex=no&subsetIndex=no&watchFile=no
"15712",Corylus cornuta ssp. californica,Corylus,cornuta,,californica,,native,S5,,48.948222399999999,-123.501997799999998,,NA,NA,"49134622",obs_native,file:///D:/Simon/Sync/Root/GIS/Biodiversity%20Data/obs_native.csv?type=csv&maxFields=10000&detectTypes=yes&xField=longitude&yField=latitude&crs=EPSG:4326&spatialIndex=no&subsetIndex=no&watchFile=no
"15721",Sarcocornia perennis,Sarcocornia,perennis,,,,native,S5,,48.898425000000003,-123.407258299999995,,NA,NA,"49172957",obs_native,file:///D:/Simon/Sync/Root/GIS/Biodiversity%20Data/obs_native.csv?type=csv&maxFields=10000&detectTypes=yes&xField=longitude&yField=latitude&crs=EPSG:4326&spatialIndex=no&subsetIndex=no&watchFile=no
"15731",Linnaea borealis ssp. longiflora,Linnaea,borealis,,longiflora,,native,S5,,48.898895000000003,-123.407058300000003,,NA,NA,"49173526",obs_native,file:///D:/Simon/Sync/Root/GIS/Biodiversity%20Data/obs_native.csv?type=csv&maxFields=10000&detectTypes=yes&xField=longitude&yField=latitude&crs=EPSG:4326&spatialIndex=no&subsetIndex=no&watchFile=no
"15741",Quercus garryana var. garryana,Quercus,garryana,,,,native,S5,,48.899078330000002,-123.407349999999994,,NA,NA,"49173572",obs_native,file:///D:/Simon/Sync/Root/GIS/Biodiversity%20Data/obs_native.csv?type=csv&maxFields=10000&detectTypes=yes&xField=longitude&yField=latitude&crs=EPSG:4326&spatialIndex=no&subsetIndex=no&watchFile=no
"15751",Brodiaea coronaria,Brodiaea,coronaria,,,,native,S5,,48.872538329999998,-123.312363300000001,,NA,NA,"50203247",obs_native,file:///D:/Simon/Sync/Root/GIS/Biodiversity%20Data/obs_native.csv?type=csv&maxFields=10000&detectTypes=yes&xField=longitude&yField=latitude&crs=EPSG:4326&spatialIndex=no&subsetIndex=no&watchFile=no
"15761",Quercus garryana var. garryana,Quercus,garryana,,,,native,S5,,48.876921670000002,-123.401351700000006,,NA,NA,"50505462",obs_native,file:///D:/Simon/Sync/Root/GIS/Biodiversity%20Data/obs_native.csv?type=csv&maxFields=10000&detectTypes=yes&xField=longitude&yField=latitude&crs=EPSG:4326&spatialIndex=no&subsetIndex=no&watchFile=no
"15771",Holodiscus discolor var. discolor,Holodiscus,discolor,,,,native,S5,,48.877536669999998,-123.400769999999994,,NA,NA,"50840869",obs_native,file:///D:/Simon/Sync/Root/GIS/Biodiversity%20Data/obs_native.csv?type=csv&maxFields=10000&detectTypes=yes&xField=longitude&yField=latitude&crs=EPSG:4326&spatialIndex=no&subsetIndex=no&watchFile=no
"15791",Plectritis congesta ssp. congesta,Plectritis,congesta,,,,native,S5,,48.863603859999998,-123.329308600000005,,NA,NA,"51434377",obs_native,file:///D:/Simon/Sync/Root/GIS/Biodiversity%20Data/obs_native.csv?type=csv&maxFields=10000&detectTypes=yes&xField=longitude&yField=latitude&crs=EPSG:4326&spatialIndex=no&subsetIndex=no&watchFile=no
"15801",Equisetum telmateia ssp. braunii,Equisetum,telmateia,,braunii,,native,S5,,48.948394380000003,-123.502000400000000,,NA,NA,"51434546",obs_native,file:///D:/Simon/Sync/Root/GIS/Biodiversity%20Data/obs_native.csv?type=csv&maxFields=10000&detectTypes=yes&xField=longitude&yField=latitude&crs=EPSG:4326&spatialIndex=no&subsetIndex=no&watchFile=no
"15812",Pteridium aquilinum ssp. pubescens,Pteridium,aquilinum,,pubescens,,native,S5,,48.948336990000001,-123.502154700000006,,NA,NA,"51434569",obs_native,file:///D:/Simon/Sync/Root/GIS/Biodiversity%20Data/obs_native.csv?type=csv&maxFields=10000&detectTypes=yes&xField=longitude&yField=latitude&crs=EPSG:4326&spatialIndex=no&subsetIndex=no&watchFile=no
"15831",Corallorhiza maculata var. occidentalis,Corallorhiza,maculata,,,occidentalis,native,S5,,48.928609999999999,-123.460261000000003,,NA,NA,"52441730",obs_native,file:///D:/Simon/Sync/Root/GIS/Biodiversity%20Data/obs_native.csv?type=csv&maxFields=10000&detectTypes=yes&xField=longitude&yField=latitude&crs=EPSG:4326&spatialIndex=no&subsetIndex=no&watchFile=no
"15841",Elymus glaucus ssp. glaucus,Elymus,glaucus,,,,native,S5,,48.869407230000000,-123.378921099999999,,NA,NA,"52495734",obs_native,file:///D:/Simon/Sync/Root/GIS/Biodiversity%20Data/obs_native.csv?type=csv&maxFields=10000&detectTypes=yes&xField=longitude&yField=latitude&crs=EPSG:4326&spatialIndex=no&subsetIndex=no&watchFile=no
"15861",Pseudotsuga menziesii var. menziesii,Pseudotsuga,menziesii,,,,native,S5,,48.930520909999998,-123.467838799999996,,NA,NA,"52512242",obs_native,file:///D:/Simon/Sync/Root/GIS/Biodiversity%20Data/obs_native.csv?type=csv&maxFields=10000&detectTypes=yes&xField=longitude&yField=latitude&crs=EPSG:4326&spatialIndex=no&subsetIndex=no&watchFile=no
"15871",Pseudotsuga menziesii var. menziesii,Pseudotsuga,menziesii,,,,native,S5,,48.930453870000001,-123.467689199999995,,NA,NA,"52513844",obs_native,file:///D:/Simon/Sync/Root/GIS/Biodiversity%20Data/obs_native.csv?type=csv&maxFields=10000&detectTypes=yes&xField=longitude&yField=latitude&crs=EPSG:4326&spatialIndex=no&subsetIndex=no&watchFile=no
"15881",Pseudotsuga menziesii var. menziesii,Pseudotsuga,menziesii,,,,native,S5,,48.930397849999999,-123.467504300000002,,NA,NA,"52514132",obs_native,file:///D:/Simon/Sync/Root/GIS/Biodiversity%20Data/obs_native.csv?type=csv&maxFields=10000&detectTypes=yes&xField=longitude&yField=latitude&crs=EPSG:4326&spatialIndex=no&subsetIndex=no&watchFile=no
"15891",Pseudotsuga menziesii var. menziesii,Pseudotsuga,menziesii,,,,native,S5,,48.930370099999998,-123.467551499999999,,NA,NA,"52516365",obs_native,file:///D:/Simon/Sync/Root/GIS/Biodiversity%20Data/obs_native.csv?type=csv&maxFields=10000&detectTypes=yes&xField=longitude&yField=latitude&crs=EPSG:4326&spatialIndex=no&subsetIndex=no&watchFile=no
"15912",Pseudotsuga menziesii var. menziesii,Pseudotsuga,menziesii,,,,native,S5,,48.930069789999997,-123.467664799999994,,NA,NA,"52518202",obs_native,file:///D:/Simon/Sync/Root/GIS/Biodiversity%20Data/obs_native.csv?type=csv&maxFields=10000&detectTypes=yes&xField=longitude&yField=latitude&crs=EPSG:4326&spatialIndex=no&subsetIndex=no&watchFile=no
"15921",Cornus sericea ssp. occidentalis,Cornus,sericea,,occidentalis,,native,S5,,48.930346219999997,-123.467321600000005,,NA,NA,"52518634",obs_native,file:///D:/Simon/Sync/Root/GIS/Biodiversity%20Data/obs_native.csv?type=csv&maxFields=10000&detectTypes=yes&xField=longitude&yField=latitude&crs=EPSG:4326&spatialIndex=no&subsetIndex=no&watchFile=no
"15931",Salix lasiandra var. lasiandra,Salix,lasiandra,,,,native,S5,,48.929921499999999,-123.467379500000007,,NA,NA,"52520408",obs_native,file:///D:/Simon/Sync/Root/GIS/Biodiversity%20Data/obs_native.csv?type=csv&maxFields=10000&detectTypes=yes&xField=longitude&yField=latitude&crs=EPSG:4326&spatialIndex=no&subsetIndex=no&watchFile=no
"15941",Pseudotsuga menziesii var. menziesii,Pseudotsuga,menziesii,,,,native,S5,,48.929880220000001,-123.466713999999996,,NA,NA,"52589175",obs_native,file:///D:/Simon/Sync/Root/GIS/Biodiversity%20Data/obs_native.csv?type=csv&maxFields=10000&detectTypes=yes&xField=longitude&yField=latitude&crs=EPSG:4326&spatialIndex=no&subsetIndex=no&watchFile=no
"15971",Symphoricarpos albus var. laevigatus,Symphoricarpos,albus,,,laevigatus,native,S5,,48.929974829999999,-123.467070800000002,,NA,NA,"52921559",obs_native,file:///D:/Simon/Sync/Root/GIS/Biodiversity%20Data/obs_native.csv?type=csv&maxFields=10000&detectTypes=yes&xField=longitude&yField=latitude&crs=EPSG:4326&spatialIndex=no&subsetIndex=no&watchFile=no
"15981",Pseudotsuga menziesii var. menziesii,Pseudotsuga,menziesii,,,,native,S5,,48.930248110000001,-123.467253700000001,,NA,NA,"52925103",obs_native,file:///D:/Simon/Sync/Root/GIS/Biodiversity%20Data/obs_native.csv?type=csv&maxFields=10000&detectTypes=yes&xField=longitude&yField=latitude&crs=EPSG:4326&spatialIndex=no&subsetIndex=no&watchFile=no
"15991",Corylus cornuta ssp. californica,Corylus,cornuta,,californica,,native,S5,,48.929879380000003,-123.467487700000007,,NA,NA,"52925365",obs_native,file:///D:/Simon/Sync/Root/GIS/Biodiversity%20Data/obs_native.csv?type=csv&maxFields=10000&detectTypes=yes&xField=longitude&yField=latitude&crs=EPSG:4326&spatialIndex=no&subsetIndex=no&watchFile=no
"16001",Rosa nutkana ssp. nutkana,Rosa,nutkana,,,,native,S5,,48.929853029999997,-123.467549199999993,,NA,NA,"52925488",obs_native,file:///D:/Simon/Sync/Root/GIS/Biodiversity%20Data/obs_native.csv?type=csv&maxFields=10000&detectTypes=yes&xField=longitude&yField=latitude&crs=EPSG:4326&spatialIndex=no&subsetIndex=no&watchFile=no
"16012",Salix lasiandra var. lasiandra,Salix,lasiandra,,,,native,S5,,48.884451849999998,-123.370966100000004,,NA,NA,"53020595",obs_native,file:///D:/Simon/Sync/Root/GIS/Biodiversity%20Data/obs_native.csv?type=csv&maxFields=10000&detectTypes=yes&xField=longitude&yField=latitude&crs=EPSG:4326&spatialIndex=no&subsetIndex=no&watchFile=no
"16021",Spiraea douglasii var. douglasii,Spiraea,douglasii,,,,native,S5,,48.884398930000003,-123.370633499999997,,NA,NA,"53020596",obs_native,file:///D:/Simon/Sync/Root/GIS/Biodiversity%20Data/obs_native.csv?type=csv&maxFields=10000&detectTypes=yes&xField=longitude&yField=latitude&crs=EPSG:4326&spatialIndex=no&subsetIndex=no&watchFile=no
"16031",Holodiscus discolor var. discolor,Holodiscus,discolor,,,,native,S5,,48.883718999999999,-123.368884699999995,,NA,NA,"53020599",obs_native,file:///D:/Simon/Sync/Root/GIS/Biodiversity%20Data/obs_native.csv?type=csv&maxFields=10000&detectTypes=yes&xField=longitude&yField=latitude&crs=EPSG:4326&spatialIndex=no&subsetIndex=no&watchFile=no
"16041",Carex inops ssp. inops,Carex,inops,,,,native,S4S5,,48.886575000000001,-123.372861700000001,,NA,NA,"53022066",obs_native,file:///D:/Simon/Sync/Root/GIS/Biodiversity%20Data/obs_native.csv?type=csv&maxFields=10000&detectTypes=yes&xField=longitude&yField=latitude&crs=EPSG:4326&spatialIndex=no&subsetIndex=no&watchFile=no
"16051",Rumex transitorius,Rumex,transitorius,,,,native,S5 (2019),,48.929828329999999,-123.467636700000000,,NA,NA,"53087007",obs_native,file:///D:/Simon/Sync/Root/GIS/Biodiversity%20Data/obs_native.csv?type=csv&maxFields=10000&detectTypes=yes&xField=longitude&yField=latitude&crs=EPSG:4326&spatialIndex=no&subsetIndex=no&watchFile=no
"16061",Symphoricarpos albus var. laevigatus,Symphoricarpos,albus,,,laevigatus,native,S5,,48.929891519999998,-123.467259900000002,,NA,NA,"53212483",obs_native,file:///D:/Simon/Sync/Root/GIS/Biodiversity%20Data/obs_native.csv?type=csv&maxFields=10000&detectTypes=yes&xField=longitude&yField=latitude&crs=EPSG:4326&spatialIndex=no&subsetIndex=no&watchFile=no
"16071",Grindelia hirsutula var. hirsutula,Grindelia,hirsutula,,,,native,S4,,48.861412500000000,-123.365914399999994,,NA,NA,"53215325",obs_native,file:///D:/Simon/Sync/Root/GIS/Biodiversity%20Data/obs_native.csv?type=csv&maxFields=10000&detectTypes=yes&xField=longitude&yField=latitude&crs=EPSG:4326&spatialIndex=no&subsetIndex=no&watchFile=no
"16081",Holodiscus discolor var. discolor,Holodiscus,discolor,,,,native,S5,,48.929768119999999,-123.467286900000005,,NA,NA,"53259621",obs_native,file:///D:/Simon/Sync/Root/GIS/Biodiversity%20Data/obs_native.csv?type=csv&maxFields=10000&detectTypes=yes&xField=longitude&yField=latitude&crs=EPSG:4326&spatialIndex=no&subsetIndex=no&watchFile=no
"16091",Symphoricarpos albus var. laevigatus,Symphoricarpos,albus,,,laevigatus,native,S5,,48.927203390000003,-123.468533600000001,,NA,NA,"53333284",obs_native,file:///D:/Simon/Sync/Root/GIS/Biodiversity%20Data/obs_native.csv?type=csv&maxFields=10000&detectTypes=yes&xField=longitude&yField=latitude&crs=EPSG:4326&spatialIndex=no&subsetIndex=no&watchFile=no
"16102",Pseudotsuga menziesii var. menziesii,Pseudotsuga,menziesii,,,,native,S5,,48.927185059999999,-123.468539500000006,,NA,NA,"53333464",obs_native,file:///D:/Simon/Sync/Root/GIS/Biodiversity%20Data/obs_native.csv?type=csv&maxFields=10000&detectTypes=yes&xField=longitude&yField=latitude&crs=EPSG:4326&spatialIndex=no&subsetIndex=no&watchFile=no
"16112",Prunus emarginata var. emarginata,Prunus,emarginata,,,,native,S5,,48.927145199999998,-123.468531600000006,,NA,NA,"53378776",obs_native,file:///D:/Simon/Sync/Root/GIS/Biodiversity%20Data/obs_native.csv?type=csv&maxFields=10000&detectTypes=yes&xField=longitude&yField=latitude&crs=EPSG:4326&spatialIndex=no&subsetIndex=no&watchFile=no
"16121",Pseudotsuga menziesii var. menziesii,Pseudotsuga,menziesii,,,,native,S5,,48.926303660000002,-123.469229900000002,,NA,NA,"53381239",obs_native,file:///D:/Simon/Sync/Root/GIS/Biodiversity%20Data/obs_native.csv?type=csv&maxFields=10000&detectTypes=yes&xField=longitude&yField=latitude&crs=EPSG:4326&spatialIndex=no&subsetIndex=no&watchFile=no
"16131",Symphoricarpos albus var. laevigatus,Symphoricarpos,albus,,,laevigatus,native,S5,,48.927173140000001,-123.468506399999995,,NA,NA,"53381444",obs_native,file:///D:/Simon/Sync/Root/GIS/Biodiversity%20Data/obs_native.csv?type=csv&maxFields=10000&detectTypes=yes&xField=longitude&yField=latitude&crs=EPSG:4326&spatialIndex=no&subsetIndex=no&watchFile=no
"16141",Pteridium aquilinum ssp. pubescens,Pteridium,aquilinum,,pubescens,,native,S5,,48.932263310000003,-123.478862399999997,,NA,NA,"53383489",obs_native,file:///D:/Simon/Sync/Root/GIS/Biodiversity%20Data/obs_native.csv?type=csv&maxFields=10000&detectTypes=yes&xField=longitude&yField=latitude&crs=EPSG:4326&spatialIndex=no&subsetIndex=no&watchFile=no
"16151",Fragaria vesca ssp. bracteata,Fragaria,vesca,,bracteata,,native,S5,,48.932321580000000,-123.479100599999995,,NA,NA,"53385303",obs_native,file:///D:/Simon/Sync/Root/GIS/Biodiversity%20Data/obs_native.csv?type=csv&maxFields=10000&detectTypes=yes&xField=longitude&yField=latitude&crs=EPSG:4326&spatialIndex=no&subsetIndex=no&watchFile=no
"16161",Elymus glaucus ssp. glaucus,Elymus,glaucus,,,,native,S5,,48.931730580000000,-123.477796200000000,,NA,NA,"53385570",obs_native,file:///D:/Simon/Sync/Root/GIS/Biodiversity%20Data/obs_native.csv?type=csv&maxFields=10000&detectTypes=yes&xField=longitude&yField=latitude&crs=EPSG:4326&spatialIndex=no&subsetIndex=no&watchFile=no
"16171",Bromus carinatus var. carinatus,Bromus,carinatus,,,,native,S5,,48.932229980000002,-123.479118900000003,,NA,NA,"53385807",obs_native,file:///D:/Simon/Sync/Root/GIS/Biodiversity%20Data/obs_native.csv?type=csv&maxFields=10000&detectTypes=yes&xField=longitude&yField=latitude&crs=EPSG:4326&spatialIndex=no&subsetIndex=no&watchFile=no
"16191",Pseudotsuga menziesii var. menziesii,Pseudotsuga,menziesii,,,,native,S5,,48.932296630000003,-123.478750899999994,,NA,NA,"53390318",obs_native,file:///D:/Simon/Sync/Root/GIS/Biodiversity%20Data/obs_native.csv?type=csv&maxFields=10000&detectTypes=yes&xField=longitude&yField=latitude&crs=EPSG:4326&spatialIndex=no&subsetIndex=no&watchFile=no
"16201",Brodiaea coronaria,Brodiaea,coronaria,,,,native,S5,,48.909681990000003,-123.374854799999994,,NA,NA,"53641427",obs_native,file:///D:/Simon/Sync/Root/GIS/Biodiversity%20Data/obs_native.csv?type=csv&maxFields=10000&detectTypes=yes&xField=longitude&yField=latitude&crs=EPSG:4326&spatialIndex=no&subsetIndex=no&watchFile=no
"16212",Brodiaea coronaria,Brodiaea,coronaria,,,,native,S5,,49.007616669999997,-123.567488299999994,,NA,NA,"53807053",obs_native,file:///D:/Simon/Sync/Root/GIS/Biodiversity%20Data/obs_native.csv?type=csv&maxFields=10000&detectTypes=yes&xField=longitude&yField=latitude&crs=EPSG:4326&spatialIndex=no&subsetIndex=no&watchFile=no
"16221",Cornus sericea ssp. occidentalis,Cornus,sericea,,occidentalis,,native,S5,,48.942841950000002,-123.492441099999994,,NA,NA,"54114686",obs_native,file:///D:/Simon/Sync/Root/GIS/Biodiversity%20Data/obs_native.csv?type=csv&maxFields=10000&detectTypes=yes&xField=longitude&yField=latitude&crs=EPSG:4326&spatialIndex=no&subsetIndex=no&watchFile=no
"16231",Stachys cooleyae,Stachys,cooleyae,,,,native,S5,,48.907300030000002,-123.378103699999997,,NA,NA,"54358445",obs_native,file:///D:/Simon/Sync/Root/GIS/Biodiversity%20Data/obs_native.csv?type=csv&maxFields=10000&detectTypes=yes&xField=longitude&yField=latitude&crs=EPSG:4326&spatialIndex=no&subsetIndex=no&watchFile=no
"16241",Elymus glaucus ssp. glaucus,Elymus,glaucus,,,,native,S5,,48.932330469999997,-123.479377400000004,,NA,NA,"54409032",obs_native,file:///D:/Simon/Sync/Root/GIS/Biodiversity%20Data/obs_native.csv?type=csv&maxFields=10000&detectTypes=yes&xField=longitude&yField=latitude&crs=EPSG:4326&spatialIndex=no&subsetIndex=no&watchFile=no
"16251",Pteridium aquilinum ssp. pubescens,Pteridium,aquilinum,,pubescens,,native,S5,,48.932482350000001,-123.479511799999997,,NA,NA,"54412464",obs_native,file:///D:/Simon/Sync/Root/GIS/Biodiversity%20Data/obs_native.csv?type=csv&maxFields=10000&detectTypes=yes&xField=longitude&yField=latitude&crs=EPSG:4326&spatialIndex=no&subsetIndex=no&watchFile=no
"16261",Bromus carinatus var. carinatus,Bromus,carinatus,,,,native,S5,,48.928577930000003,-123.468996500000003,,NA,NA,"54673991",obs_native,file:///D:/Simon/Sync/Root/GIS/Biodiversity%20Data/obs_native.csv?type=csv&maxFields=10000&detectTypes=yes&xField=longitude&yField=latitude&crs=EPSG:4326&spatialIndex=no&subsetIndex=no&watchFile=no
"16271",Pteridium aquilinum ssp. pubescens,Pteridium,aquilinum,,pubescens,,native,S5,,48.928503530000000,-123.469053299999999,,NA,NA,"54689159",obs_native,file:///D:/Simon/Sync/Root/GIS/Biodiversity%20Data/obs_native.csv?type=csv&maxFields=10000&detectTypes=yes&xField=longitude&yField=latitude&crs=EPSG:4326&spatialIndex=no&subsetIndex=no&watchFile=no
"16281",Elymus glaucus ssp. glaucus,Elymus,glaucus,,,,native,S5,,48.928562990000003,-123.468999600000004,,NA,NA,"54689799",obs_native,file:///D:/Simon/Sync/Root/GIS/Biodiversity%20Data/obs_native.csv?type=csv&maxFields=10000&detectTypes=yes&xField=longitude&yField=latitude&crs=EPSG:4326&spatialIndex=no&subsetIndex=no&watchFile=no
"16301",Elymus glaucus ssp. glaucus,Elymus,glaucus,,,,native,S5,,48.928796480000003,-123.469040100000001,,NA,NA,"54691466",obs_native,file:///D:/Simon/Sync/Root/GIS/Biodiversity%20Data/obs_native.csv?type=csv&maxFields=10000&detectTypes=yes&xField=longitude&yField=latitude&crs=EPSG:4326&spatialIndex=no&subsetIndex=no&watchFile=no
"16312",Holodiscus discolor var. discolor,Holodiscus,discolor,,,,native,S5,,48.928790350000000,-123.469047599999996,,NA,NA,"54691547",obs_native,file:///D:/Simon/Sync/Root/GIS/Biodiversity%20Data/obs_native.csv?type=csv&maxFields=10000&detectTypes=yes&xField=longitude&yField=latitude&crs=EPSG:4326&spatialIndex=no&subsetIndex=no&watchFile=no
"16321",Bromus carinatus var. carinatus,Bromus,carinatus,,,,native,S5,,48.928808050000001,-123.469081700000004,,NA,NA,"54691924",obs_native,file:///D:/Simon/Sync/Root/GIS/Biodiversity%20Data/obs_native.csv?type=csv&maxFields=10000&detectTypes=yes&xField=longitude&yField=latitude&crs=EPSG:4326&spatialIndex=no&subsetIndex=no&watchFile=no
"16331",Pteridium aquilinum ssp. pubescens,Pteridium,aquilinum,,pubescens,,native,S5,,48.928819879999999,-123.468895799999999,,NA,NA,"54691972",obs_native,file:///D:/Simon/Sync/Root/GIS/Biodiversity%20Data/obs_native.csv?type=csv&maxFields=10000&detectTypes=yes&xField=longitude&yField=latitude&crs=EPSG:4326&spatialIndex=no&subsetIndex=no&watchFile=no
"16341",Prunus emarginata var. emarginata,Prunus,emarginata,,,,native,S5,,48.928973360000001,-123.468887499999994,,NA,NA,"54692362",obs_native,file:///D:/Simon/Sync/Root/GIS/Biodiversity%20Data/obs_native.csv?type=csv&maxFields=10000&detectTypes=yes&xField=longitude&yField=latitude&crs=EPSG:4326&spatialIndex=no&subsetIndex=no&watchFile=no
"16351",Salix lasiandra var. lasiandra,Salix,lasiandra,,,,native,S5,,48.877651040000003,-123.359004600000006,,NA,NA,"55179128",obs_native,file:///D:/Simon/Sync/Root/GIS/Biodiversity%20Data/obs_native.csv?type=csv&maxFields=10000&detectTypes=yes&xField=longitude&yField=latitude&crs=EPSG:4326&spatialIndex=no&subsetIndex=no&watchFile=no
"16361",Prunus emarginata var. emarginata,Prunus,emarginata,,,,native,S5,,48.978851079999998,-123.541573600000007,,NA,NA,"55203979",obs_native,file:///D:/Simon/Sync/Root/GIS/Biodiversity%20Data/obs_native.csv?type=csv&maxFields=10000&detectTypes=yes&xField=longitude&yField=latitude&crs=EPSG:4326&spatialIndex=no&subsetIndex=no&watchFile=no
"16371",Sarcocornia perennis,Sarcocornia,perennis,,,,native,S5,,48.987347020000001,-123.576230300000006,,NA,NA,"55231426",obs_native,file:///D:/Simon/Sync/Root/GIS/Biodiversity%20Data/obs_native.csv?type=csv&maxFields=10000&detectTypes=yes&xField=longitude&yField=latitude&crs=EPSG:4326&spatialIndex=no&subsetIndex=no&watchFile=no
"16381",Prunus emarginata var. emarginata,Prunus,emarginata,,,,native,S5,,48.911050000000003,-123.390153299999994,,NA,NA,"55336387",obs_native,file:///D:/Simon/Sync/Root/GIS/Biodiversity%20Data/obs_native.csv?type=csv&maxFields=10000&detectTypes=yes&xField=longitude&yField=latitude&crs=EPSG:4326&spatialIndex=no&subsetIndex=no&watchFile=no
"16391",Holodiscus discolor var. discolor,Holodiscus,discolor,,,,native,S5,,48.959091379999997,-123.507593200000002,,NA,NA,"55386877",obs_native,file:///D:/Simon/Sync/Root/GIS/Biodiversity%20Data/obs_native.csv?type=csv&maxFields=10000&detectTypes=yes&xField=longitude&yField=latitude&crs=EPSG:4326&spatialIndex=no&subsetIndex=no&watchFile=no
"16401",Pseudotsuga menziesii var. menziesii,Pseudotsuga,menziesii,,,,native,S5,,48.959959370000000,-123.509183500000006,,NA,NA,"55388663",obs_native,file:///D:/Simon/Sync/Root/GIS/Biodiversity%20Data/obs_native.csv?type=csv&maxFields=10000&detectTypes=yes&xField=longitude&yField=latitude&crs=EPSG:4326&spatialIndex=no&subsetIndex=no&watchFile=no
"16412",Carex echinata ssp. echinata,Carex,echinata,,,,native,S5,,48.983211109999999,-123.555544400000002,,NA,NA,"55633563",obs_native,file:///D:/Simon/Sync/Root/GIS/Biodiversity%20Data/obs_native.csv?type=csv&maxFields=10000&detectTypes=yes&xField=longitude&yField=latitude&crs=EPSG:4326&spatialIndex=no&subsetIndex=no&watchFile=no
"16421",Cuscuta pacifica var. pacifica,Cuscuta,pacifica,,,,native,S4,,48.898461670000003,-123.407376700000000,,NA,NA,"56194846",obs_native,file:///D:/Simon/Sync/Root/GIS/Biodiversity%20Data/obs_native.csv?type=csv&maxFields=10000&detectTypes=yes&xField=longitude&yField=latitude&crs=EPSG:4326&spatialIndex=no&subsetIndex=no&watchFile=no
"16431",Elymus glaucus ssp. glaucus,Elymus,glaucus,,,,native,S5,,48.898035000000000,-123.406440000000003,,NA,NA,"56194848",obs_native,file:///D:/Simon/Sync/Root/GIS/Biodiversity%20Data/obs_native.csv?type=csv&maxFields=10000&detectTypes=yes&xField=longitude&yField=latitude&crs=EPSG:4326&spatialIndex=no&subsetIndex=no&watchFile=no
"16441",Prunus emarginata var. emarginata,Prunus,emarginata,,,,native,S5,,48.877681279999997,-123.358806999999999,,NA,NA,"56714571",obs_native,file:///D:/Simon/Sync/Root/GIS/Biodiversity%20Data/obs_native.csv?type=csv&maxFields=10000&detectTypes=yes&xField=longitude&yField=latitude&crs=EPSG:4326&spatialIndex=no&subsetIndex=no&watchFile=no
"16451",Pseudotsuga menziesii var. menziesii,Pseudotsuga,menziesii,,,,native,S5,,48.867876500000001,-123.340011399999995,,NA,NA,"56902301",obs_native,file:///D:/Simon/Sync/Root/GIS/Biodiversity%20Data/obs_native.csv?type=csv&maxFields=10000&detectTypes=yes&xField=longitude&yField=latitude&crs=EPSG:4326&spatialIndex=no&subsetIndex=no&watchFile=no
"16461",Quercus garryana var. garryana,Quercus,garryana,,,,native,S5,,49.013021670000001,-123.572533300000003,,NA,NA,"57099209",obs_native,file:///D:/Simon/Sync/Root/GIS/Biodiversity%20Data/obs_native.csv?type=csv&maxFields=10000&detectTypes=yes&xField=longitude&yField=latitude&crs=EPSG:4326&spatialIndex=no&subsetIndex=no&watchFile=no
"16481",Rosa nutkana ssp. nutkana,Rosa,nutkana,,,,native,S5,,49.012793330000001,-123.572961699999993,,NA,NA,"57127944",obs_native,file:///D:/Simon/Sync/Root/GIS/Biodiversity%20Data/obs_native.csv?type=csv&maxFields=10000&detectTypes=yes&xField=longitude&yField=latitude&crs=EPSG:4326&spatialIndex=no&subsetIndex=no&watchFile=no
"16491",Quercus garryana var. garryana,Quercus,garryana,,,,native,S5,,49.013311670000000,-123.573376699999997,,NA,NA,"57127968",obs_native,file:///D:/Simon/Sync/Root/GIS/Biodiversity%20Data/obs_native.csv?type=csv&maxFields=10000&detectTypes=yes&xField=longitude&yField=latitude&crs=EPSG:4326&spatialIndex=no&subsetIndex=no&watchFile=no
"16501",Holodiscus discolor var. discolor,Holodiscus,discolor,,,,native,S5,,49.013145000000002,-123.572888300000002,,NA,NA,"57128005",obs_native,file:///D:/Simon/Sync/Root/GIS/Biodiversity%20Data/obs_native.csv?type=csv&maxFields=10000&detectTypes=yes&xField=longitude&yField=latitude&crs=EPSG:4326&spatialIndex=no&subsetIndex=no&watchFile=no
"16512",Quercus garryana var. garryana,Quercus,garryana,,,,native,S5,,49.012913330000003,-123.572990000000004,,NA,NA,"57128010",obs_native,file:///D:/Simon/Sync/Root/GIS/Biodiversity%20Data/obs_native.csv?type=csv&maxFields=10000&detectTypes=yes&xField=longitude&yField=latitude&crs=EPSG:4326&spatialIndex=no&subsetIndex=no&watchFile=no
"16521",Rosa nutkana ssp. nutkana,Rosa,nutkana,,,,native,S5,,49.013113330000003,-123.572550000000007,,NA,NA,"57128012",obs_native,file:///D:/Simon/Sync/Root/GIS/Biodiversity%20Data/obs_native.csv?type=csv&maxFields=10000&detectTypes=yes&xField=longitude&yField=latitude&crs=EPSG:4326&spatialIndex=no&subsetIndex=no&watchFile=no
"16531",Symphoricarpos albus var. laevigatus,Symphoricarpos,albus,,,laevigatus,native,S5,,48.901626039999996,-123.444856700000003,,NA,NA,"57374500",obs_native,file:///D:/Simon/Sync/Root/GIS/Biodiversity%20Data/obs_native.csv?type=csv&maxFields=10000&detectTypes=yes&xField=longitude&yField=latitude&crs=EPSG:4326&spatialIndex=no&subsetIndex=no&watchFile=no
"16541",Sarcocornia perennis,Sarcocornia,perennis,,,,native,S5,,48.898491669999999,-123.407600000000002,,NA,NA,"57789696",obs_native,file:///D:/Simon/Sync/Root/GIS/Biodiversity%20Data/obs_native.csv?type=csv&maxFields=10000&detectTypes=yes&xField=longitude&yField=latitude&crs=EPSG:4326&spatialIndex=no&subsetIndex=no&watchFile=no
"16561",Rosa nutkana ssp. nutkana,Rosa,nutkana,,,,native,S5,,48.875161390000002,-123.319296399999999,,NA,NA,"59943202",obs_native,file:///D:/Simon/Sync/Root/GIS/Biodiversity%20Data/obs_native.csv?type=csv&maxFields=10000&detectTypes=yes&xField=longitude&yField=latitude&crs=EPSG:4326&spatialIndex=no&subsetIndex=no&watchFile=no
"16571",Pseudotsuga menziesii var. menziesii,Pseudotsuga,menziesii,,,,native,S5,,48.872528060000000,-123.311556400000001,,NA,NA,"59943216",obs_native,file:///D:/Simon/Sync/Root/GIS/Biodiversity%20Data/obs_native.csv?type=csv&maxFields=10000&detectTypes=yes&xField=longitude&yField=latitude&crs=EPSG:4326&spatialIndex=no&subsetIndex=no&watchFile=no
"16581",Holodiscus discolor var. discolor,Holodiscus,discolor,,,,native,S5,,48.952039090000000,-123.517898400000007,,NA,NA,"60492139",obs_native,file:///D:/Simon/Sync/Root/GIS/Biodiversity%20Data/obs_native.csv?type=csv&maxFields=10000&detectTypes=yes&xField=longitude&yField=latitude&crs=EPSG:4326&spatialIndex=no&subsetIndex=no&watchFile=no
"16591",Pseudotsuga menziesii var. menziesii,Pseudotsuga,menziesii,,,,native,S5,,48.894560589999998,-123.408009199999995,,NA,NA,"60492251",obs_native,file:///D:/Simon/Sync/Root/GIS/Biodiversity%20Data/obs_native.csv?type=csv&maxFields=10000&detectTypes=yes&xField=longitude&yField=latitude&crs=EPSG:4326&spatialIndex=no&subsetIndex=no&watchFile=no
"16601",Pseudotsuga menziesii var. menziesii,Pseudotsuga,menziesii,,,,native,S5,,48.894449659999999,-123.408156700000006,,NA,NA,"60492277",obs_native,file:///D:/Simon/Sync/Root/GIS/Biodiversity%20Data/obs_native.csv?type=csv&maxFields=10000&detectTypes=yes&xField=longitude&yField=latitude&crs=EPSG:4326&spatialIndex=no&subsetIndex=no&watchFile=no
"16612",Quercus garryana var. garryana,Quercus,garryana,,,,native,S5,,48.867764370000003,-123.339976600000000,,NA,NA,"60492316",obs_native,file:///D:/Simon/Sync/Root/GIS/Biodiversity%20Data/obs_native.csv?type=csv&maxFields=10000&detectTypes=yes&xField=longitude&yField=latitude&crs=EPSG:4326&spatialIndex=no&subsetIndex=no&watchFile=no
"16621",Pseudotsuga menziesii var. menziesii,Pseudotsuga,menziesii,,,,native,S5,,48.895555100000003,-123.406530799999999,,NA,NA,"61365883",obs_native,file:///D:/Simon/Sync/Root/GIS/Biodiversity%20Data/obs_native.csv?type=csv&maxFields=10000&detectTypes=yes&xField=longitude&yField=latitude&crs=EPSG:4326&spatialIndex=no&subsetIndex=no&watchFile=no
"16631",Quercus garryana var. garryana,Quercus,garryana,,,,native,S5,,48.895216529999999,-123.407045800000006,,NA,NA,"61365884",obs_native,file:///D:/Simon/Sync/Root/GIS/Biodiversity%20Data/obs_native.csv?type=csv&maxFields=10000&detectTypes=yes&xField=longitude&yField=latitude&crs=EPSG:4326&spatialIndex=no&subsetIndex=no&watchFile=no
"16641",Sedum lanceolatum var. nesioticum,Sedum,lanceolatum,,,nesioticum,native,S3S4,,48.868727000000000,-123.378372999999996,,NA,NA,"61509862",obs_native,file:///D:/Simon/Sync/Root/GIS/Biodiversity%20Data/obs_native.csv?type=csv&maxFields=10000&detectTypes=yes&xField=longitude&yField=latitude&crs=EPSG:4326&spatialIndex=no&subsetIndex=no&watchFile=no
"16651",Pteridium aquilinum ssp. pubescens,Pteridium,aquilinum,,pubescens,,native,S5,,48.930430000000001,-123.471999999999994,,NA,NA,"62512843",obs_native,file:///D:/Simon/Sync/Root/GIS/Biodiversity%20Data/obs_native.csv?type=csv&maxFields=10000&detectTypes=yes&xField=longitude&yField=latitude&crs=EPSG:4326&spatialIndex=no&subsetIndex=no&watchFile=no
"16671",Sanicula crassicaulis var. crassicaulis,Sanicula,crassicaulis,,,,native,S5,,48.872220890000001,-123.311092900000006,,NA,NA,"68992570",obs_native,file:///D:/Simon/Sync/Root/GIS/Biodiversity%20Data/obs_native.csv?type=csv&maxFields=10000&detectTypes=yes&xField=longitude&yField=latitude&crs=EPSG:4326&spatialIndex=no&subsetIndex=no&watchFile=no
"16681",Sanicula crassicaulis var. crassicaulis,Sanicula,crassicaulis,,,,native,S5,,48.871646669999997,-123.310640000000006,,NA,NA,"68992571",obs_native,file:///D:/Simon/Sync/Root/GIS/Biodiversity%20Data/obs_native.csv?type=csv&maxFields=10000&detectTypes=yes&xField=longitude&yField=latitude&crs=EPSG:4326&spatialIndex=no&subsetIndex=no&watchFile=no
"16691",Pseudotsuga menziesii var. menziesii,Pseudotsuga,menziesii,,,,native,S5,,48.867898330000003,-123.340538300000006,,NA,NA,"68992575",obs_native,file:///D:/Simon/Sync/Root/GIS/Biodiversity%20Data/obs_native.csv?type=csv&maxFields=10000&detectTypes=yes&xField=longitude&yField=latitude&crs=EPSG:4326&spatialIndex=no&subsetIndex=no&watchFile=no
"16701",Sanicula crassicaulis var. crassicaulis,Sanicula,crassicaulis,,,,native,S5,,48.867976669999997,-123.340675000000005,,NA,NA,"68992579",obs_native,file:///D:/Simon/Sync/Root/GIS/Biodiversity%20Data/obs_native.csv?type=csv&maxFields=10000&detectTypes=yes&xField=longitude&yField=latitude&crs=EPSG:4326&spatialIndex=no&subsetIndex=no&watchFile=no
"16712",Chimaphila umbellata ssp. umbellata,Chimaphila,umbellata,,,,native,S5,,49.005025000000003,-123.565004999999999,,NA,NA,"68992593",obs_native,file:///D:/Simon/Sync/Root/GIS/Biodiversity%20Data/obs_native.csv?type=csv&maxFields=10000&detectTypes=yes&xField=longitude&yField=latitude&crs=EPSG:4326&spatialIndex=no&subsetIndex=no&watchFile=no
"16721",Sanicula crassicaulis var. crassicaulis,Sanicula,crassicaulis,,,,native,S5,,49.013679830000001,-123.573173299999993,,NA,NA,"68992596",obs_native,file:///D:/Simon/Sync/Root/GIS/Biodiversity%20Data/obs_native.csv?type=csv&maxFields=10000&detectTypes=yes&xField=longitude&yField=latitude&crs=EPSG:4326&spatialIndex=no&subsetIndex=no&watchFile=no
"16731",Sanicula crassicaulis var. crassicaulis,Sanicula,crassicaulis,,,,native,S5,,49.013853330000003,-123.573836700000001,,NA,NA,"68992598",obs_native,file:///D:/Simon/Sync/Root/GIS/Biodiversity%20Data/obs_native.csv?type=csv&maxFields=10000&detectTypes=yes&xField=longitude&yField=latitude&crs=EPSG:4326&spatialIndex=no&subsetIndex=no&watchFile=no
"16741",Pseudotsuga menziesii var. menziesii,Pseudotsuga,menziesii,,,,native,S5,,48.942566669999998,-123.500838299999998,,NA,NA,"70065799",obs_native,file:///D:/Simon/Sync/Root/GIS/Biodiversity%20Data/obs_native.csv?type=csv&maxFields=10000&detectTypes=yes&xField=longitude&yField=latitude&crs=EPSG:4326&spatialIndex=no&subsetIndex=no&watchFile=no
"16751",Spiraea douglasii var. douglasii,Spiraea,douglasii,,,,native,S5,,48.948048329999999,-123.501818299999996,,NA,NA,"70065806",obs_native,file:///D:/Simon/Sync/Root/GIS/Biodiversity%20Data/obs_native.csv?type=csv&maxFields=10000&detectTypes=yes&xField=longitude&yField=latitude&crs=EPSG:4326&spatialIndex=no&subsetIndex=no&watchFile=no
"16761",Pseudotsuga menziesii var. menziesii,Pseudotsuga,menziesii,,,,native,S5,,48.943743329999997,-123.502718299999998,,NA,NA,"70065836",obs_native,file:///D:/Simon/Sync/Root/GIS/Biodiversity%20Data/obs_native.csv?type=csv&maxFields=10000&detectTypes=yes&xField=longitude&yField=latitude&crs=EPSG:4326&spatialIndex=no&subsetIndex=no&watchFile=no
"16771",Holodiscus discolor var. discolor,Holodiscus,discolor,,,,native,S5,,48.945063330000004,-123.505731699999998,,NA,NA,"70065843",obs_native,file:///D:/Simon/Sync/Root/GIS/Biodiversity%20Data/obs_native.csv?type=csv&maxFields=10000&detectTypes=yes&xField=longitude&yField=latitude&crs=EPSG:4326&spatialIndex=no&subsetIndex=no&watchFile=no
"16781",Pinus contorta ssp. contorta,Pinus,contorta,,,,native,S5,,48.908418779999998,-123.365934999999993,,NA,NA,"70072458",obs_native,file:///D:/Simon/Sync/Root/GIS/Biodiversity%20Data/obs_native.csv?type=csv&maxFields=10000&detectTypes=yes&xField=longitude&yField=latitude&crs=EPSG:4326&spatialIndex=no&subsetIndex=no&watchFile=no
"16791",Heuchera micrantha var. diversifolia,Heuchera,micrantha,,,diversifolia,native,S5,,48.860917000000001,-123.361520999999996,,NA,NA,"70638813",obs_native,file:///D:/Simon/Sync/Root/GIS/Biodiversity%20Data/obs_native.csv?type=csv&maxFields=10000&detectTypes=yes&xField=longitude&yField=latitude&crs=EPSG:4326&spatialIndex=no&subsetIndex=no&watchFile=no
"16801",Pseudotsuga menziesii var. menziesii,Pseudotsuga,menziesii,,,,native,S5,,48.863903100000002,-123.330166199999994,,NA,NA,"72138629",obs_native,file:///D:/Simon/Sync/Root/GIS/Biodiversity%20Data/obs_native.csv?type=csv&maxFields=10000&detectTypes=yes&xField=longitude&yField=latitude&crs=EPSG:4326&spatialIndex=no&subsetIndex=no&watchFile=no
"16812",Sanicula crassicaulis var. crassicaulis,Sanicula,crassicaulis,,,,native,S5,,48.867301560000001,-123.354247700000002,,NA,NA,"72142273",obs_native,file:///D:/Simon/Sync/Root/GIS/Biodiversity%20Data/obs_native.csv?type=csv&maxFields=10000&detectTypes=yes&xField=longitude&yField=latitude&crs=EPSG:4326&spatialIndex=no&subsetIndex=no&watchFile=no
"16831",Pentagramma triangularis ssp. triangularis,Pentagramma,triangularis,,,,native,S5,,48.943024510000001,-123.507315100000000,,NA,NA,"72213445",obs_native,file:///D:/Simon/Sync/Root/GIS/Biodiversity%20Data/obs_native.csv?type=csv&maxFields=10000&detectTypes=yes&xField=longitude&yField=latitude&crs=EPSG:4326&spatialIndex=no&subsetIndex=no&watchFile=no
"16841",Sanicula crassicaulis var. crassicaulis,Sanicula,crassicaulis,,,,native,S5,,49.014093690000003,-123.573613800000004,,NA,NA,"72229772",obs_native,file:///D:/Simon/Sync/Root/GIS/Biodiversity%20Data/obs_native.csv?type=csv&maxFields=10000&detectTypes=yes&xField=longitude&yField=latitude&crs=EPSG:4326&spatialIndex=no&subsetIndex=no&watchFile=no
"16851",Pseudotsuga menziesii var. menziesii,Pseudotsuga,menziesii,,,,native,S5,,49.014085880000003,-123.573620300000002,,NA,NA,"72229812",obs_native,file:///D:/Simon/Sync/Root/GIS/Biodiversity%20Data/obs_native.csv?type=csv&maxFields=10000&detectTypes=yes&xField=longitude&yField=latitude&crs=EPSG:4326&spatialIndex=no&subsetIndex=no&watchFile=no
"16861",Chimaphila umbellata ssp. umbellata,Chimaphila,umbellata,,,,native,S5,,49.007963889999999,-123.568494799999996,,NA,NA,"72313942",obs_native,file:///D:/Simon/Sync/Root/GIS/Biodiversity%20Data/obs_native.csv?type=csv&maxFields=10000&detectTypes=yes&xField=longitude&yField=latitude&crs=EPSG:4326&spatialIndex=no&subsetIndex=no&watchFile=no
"16871",Plectritis congesta ssp. congesta,Plectritis,congesta,,,,native,S5,,48.939573570000000,-123.501320000000007,,NA,NA,"72314229",obs_native,file:///D:/Simon/Sync/Root/GIS/Biodiversity%20Data/obs_native.csv?type=csv&maxFields=10000&detectTypes=yes&xField=longitude&yField=latitude&crs=EPSG:4326&spatialIndex=no&subsetIndex=no&watchFile=no
"16881",Quercus garryana var. garryana,Quercus,garryana,,,,native,S5,,48.938690000000001,-123.500378299999994,,NA,NA,"72321416",obs_native,file:///D:/Simon/Sync/Root/GIS/Biodiversity%20Data/obs_native.csv?type=csv&maxFields=10000&detectTypes=yes&xField=longitude&yField=latitude&crs=EPSG:4326&spatialIndex=no&subsetIndex=no&watchFile=no
"16891",Pentagramma triangularis ssp. triangularis,Pentagramma,triangularis,,,,native,S5,,48.938658330000003,-123.500270000000000,,NA,NA,"72321419",obs_native,file:///D:/Simon/Sync/Root/GIS/Biodiversity%20Data/obs_native.csv?type=csv&maxFields=10000&detectTypes=yes&xField=longitude&yField=latitude&crs=EPSG:4326&spatialIndex=no&subsetIndex=no&watchFile=no
"16901",Pentagramma triangularis ssp. triangularis,Pentagramma,triangularis,,,,native,S5,,48.938668329999999,-123.500213299999999,,NA,NA,"72321428",obs_native,file:///D:/Simon/Sync/Root/GIS/Biodiversity%20Data/obs_native.csv?type=csv&maxFields=10000&detectTypes=yes&xField=longitude&yField=latitude&crs=EPSG:4326&spatialIndex=no&subsetIndex=no&watchFile=no
"16912",Pseudotsuga menziesii var. menziesii,Pseudotsuga,menziesii,,,,native,S5,,48.938678330000002,-123.500198299999994,,NA,NA,"72321430",obs_native,file:///D:/Simon/Sync/Root/GIS/Biodiversity%20Data/obs_native.csv?type=csv&maxFields=10000&detectTypes=yes&xField=longitude&yField=latitude&crs=EPSG:4326&spatialIndex=no&subsetIndex=no&watchFile=no
"16921",Pseudotsuga menziesii var. menziesii,Pseudotsuga,menziesii,,,,native,S5,,48.938646669999997,-123.499901699999995,,NA,NA,"72321437",obs_native,file:///D:/Simon/Sync/Root/GIS/Biodiversity%20Data/obs_native.csv?type=csv&maxFields=10000&detectTypes=yes&xField=longitude&yField=latitude&crs=EPSG:4326&spatialIndex=no&subsetIndex=no&watchFile=no
"16931",Holodiscus discolor var. discolor,Holodiscus,discolor,,,,native,S5,,48.941710000000000,-123.500933300000000,,NA,NA,"72321456",obs_native,file:///D:/Simon/Sync/Root/GIS/Biodiversity%20Data/obs_native.csv?type=csv&maxFields=10000&detectTypes=yes&xField=longitude&yField=latitude&crs=EPSG:4326&spatialIndex=no&subsetIndex=no&watchFile=no
"16941",Pentagramma triangularis ssp. triangularis,Pentagramma,triangularis,,,,native,S5,,48.938711900000001,-123.500347199999993,,NA,NA,"72923673",obs_native,file:///D:/Simon/Sync/Root/GIS/Biodiversity%20Data/obs_native.csv?type=csv&maxFields=10000&detectTypes=yes&xField=longitude&yField=latitude&crs=EPSG:4326&spatialIndex=no&subsetIndex=no&watchFile=no
"16951",Sanicula crassicaulis var. crassicaulis,Sanicula,crassicaulis,,,,native,S5,,48.939278330000000,-123.501495000000006,,NA,NA,"72980143",obs_native,file:///D:/Simon/Sync/Root/GIS/Biodiversity%20Data/obs_native.csv?type=csv&maxFields=10000&detectTypes=yes&xField=longitude&yField=latitude&crs=EPSG:4326&spatialIndex=no&subsetIndex=no&watchFile=no
"16971",Cerastium arvense ssp. strictum,Cerastium,arvense,,strictum,,native,S5,,48.867263330000000,-123.376026699999997,,NA,NA,"74104775",obs_native,file:///D:/Simon/Sync/Root/GIS/Biodiversity%20Data/obs_native.csv?type=csv&maxFields=10000&detectTypes=yes&xField=longitude&yField=latitude&crs=EPSG:4326&spatialIndex=no&subsetIndex=no&watchFile=no
"16981",Sanicula crassicaulis var. crassicaulis,Sanicula,crassicaulis,,,,native,S5,,48.871639999999999,-123.310951700000004,,NA,NA,"74104800",obs_native,file:///D:/Simon/Sync/Root/GIS/Biodiversity%20Data/obs_native.csv?type=csv&maxFields=10000&detectTypes=yes&xField=longitude&yField=latitude&crs=EPSG:4326&spatialIndex=no&subsetIndex=no&watchFile=no
"16991",Sanicula crassicaulis var. crassicaulis,Sanicula,crassicaulis,,,,native,S5,,48.871596670000002,-123.310741699999994,,NA,NA,"74104803",obs_native,file:///D:/Simon/Sync/Root/GIS/Biodiversity%20Data/obs_native.csv?type=csv&maxFields=10000&detectTypes=yes&xField=longitude&yField=latitude&crs=EPSG:4326&spatialIndex=no&subsetIndex=no&watchFile=no
"17001",Amelanchier alnifolia,Amelanchier,alnifolia,,,,native,S5,,48.978698010000002,-123.567234400000004,,NA,NA,"74938696",obs_native,file:///D:/Simon/Sync/Root/GIS/Biodiversity%20Data/obs_native.csv?type=csv&maxFields=10000&detectTypes=yes&xField=longitude&yField=latitude&crs=EPSG:4326&spatialIndex=no&subsetIndex=no&watchFile=no
"17012",Erythranthe cf guttata,Erythranthe,guttata,,,,native,S5,,49.000101340000001,-123.560241000000005,,NA,NA,"75114158",obs_native,file:///D:/Simon/Sync/Root/GIS/Biodiversity%20Data/obs_native.csv?type=csv&maxFields=10000&detectTypes=yes&xField=longitude&yField=latitude&crs=EPSG:4326&spatialIndex=no&subsetIndex=no&watchFile=no
"17021",Plectritis congesta ssp. congesta,Plectritis,congesta,,,,native,S5,,48.949626000000002,-123.484874000000005,,NA,NA,"75374361",obs_native,file:///D:/Simon/Sync/Root/GIS/Biodiversity%20Data/obs_native.csv?type=csv&maxFields=10000&detectTypes=yes&xField=longitude&yField=latitude&crs=EPSG:4326&spatialIndex=no&subsetIndex=no&watchFile=no
"17031",Ranunculus occidentalis var. occidentalis,Ranunculus,occidentalis,,,,native,S5,,48.868153329999998,-123.377121700000004,,NA,NA,"75427932",obs_native,file:///D:/Simon/Sync/Root/GIS/Biodiversity%20Data/obs_native.csv?type=csv&maxFields=10000&detectTypes=yes&xField=longitude&yField=latitude&crs=EPSG:4326&spatialIndex=no&subsetIndex=no&watchFile=no
"17041",Plectritis congesta ssp. congesta,Plectritis,congesta,,,,native,S5,,48.893821670000001,-123.403350000000003,,NA,NA,"75593975",obs_native,file:///D:/Simon/Sync/Root/GIS/Biodiversity%20Data/obs_native.csv?type=csv&maxFields=10000&detectTypes=yes&xField=longitude&yField=latitude&crs=EPSG:4326&spatialIndex=no&subsetIndex=no&watchFile=no
"17051",Camassia leichtlinii ssp. suksdorfii,Camassia,leichtlinii,,suksdorfii,,native,S4,,49.013262330000003,-123.573193000000003,,NA,NA,"75625814",obs_native,file:///D:/Simon/Sync/Root/GIS/Biodiversity%20Data/obs_native.csv?type=csv&maxFields=10000&detectTypes=yes&xField=longitude&yField=latitude&crs=EPSG:4326&spatialIndex=no&subsetIndex=no&watchFile=no
"17061",Corallorhiza maculata var. occidentalis,Corallorhiza,maculata,,,occidentalis,native,S5,,48.879722219999998,-123.330833299999995,,NA,NA,"75730004",obs_native,file:///D:/Simon/Sync/Root/GIS/Biodiversity%20Data/obs_native.csv?type=csv&maxFields=10000&detectTypes=yes&xField=longitude&yField=latitude&crs=EPSG:4326&spatialIndex=no&subsetIndex=no&watchFile=no
"17071",Brodiaea coronaria,Brodiaea,coronaria,,,,native,S5,,48.872462489999997,-123.312141800000006,,NA,NA,"75986890",obs_native,file:///D:/Simon/Sync/Root/GIS/Biodiversity%20Data/obs_native.csv?type=csv&maxFields=10000&detectTypes=yes&xField=longitude&yField=latitude&crs=EPSG:4326&spatialIndex=no&subsetIndex=no&watchFile=no
"17081",Cerastium arvense ssp. strictum,Cerastium,arvense,,strictum,,native,S5,,48.867880069999998,-123.340507200000005,,NA,NA,"76696765",obs_native,file:///D:/Simon/Sync/Root/GIS/Biodiversity%20Data/obs_native.csv?type=csv&maxFields=10000&detectTypes=yes&xField=longitude&yField=latitude&crs=EPSG:4326&spatialIndex=no&subsetIndex=no&watchFile=no
"17091",Holodiscus discolor var. discolor,Holodiscus,discolor,,,,native,S5,,48.866971040000003,-123.329216900000006,,NA,NA,"76725070",obs_native,file:///D:/Simon/Sync/Root/GIS/Biodiversity%20Data/obs_native.csv?type=csv&maxFields=10000&detectTypes=yes&xField=longitude&yField=latitude&crs=EPSG:4326&spatialIndex=no&subsetIndex=no&watchFile=no
"17102",Prunus emarginata var. emarginata,Prunus,emarginata,,,,native,S5,,48.889528300000002,-123.348239399999997,,NA,NA,"77486613",obs_native,file:///D:/Simon/Sync/Root/GIS/Biodiversity%20Data/obs_native.csv?type=csv&maxFields=10000&detectTypes=yes&xField=longitude&yField=latitude&crs=EPSG:4326&spatialIndex=no&subsetIndex=no&watchFile=no
"17112",Amelanchier alnifolia,Amelanchier,alnifolia,,,,native,S5,,48.897620439999997,-123.405132199999997,,NA,NA,"77825522",obs_native,file:///D:/Simon/Sync/Root/GIS/Biodiversity%20Data/obs_native.csv?type=csv&maxFields=10000&detectTypes=yes&xField=longitude&yField=latitude&crs=EPSG:4326&spatialIndex=no&subsetIndex=no&watchFile=no
"17121",Plectritis congesta ssp. congesta,Plectritis,congesta,,,,native,S5,,48.894025120000002,-123.404209499999993,,NA,NA,"77825524",obs_native,file:///D:/Simon/Sync/Root/GIS/Biodiversity%20Data/obs_native.csv?type=csv&maxFields=10000&detectTypes=yes&xField=longitude&yField=latitude&crs=EPSG:4326&spatialIndex=no&subsetIndex=no&watchFile=no
"17131",Quercus garryana var. garryana,Quercus,garryana,,,,native,S5,,48.894335470000001,-123.407342299999996,,NA,NA,"77825525",obs_native,file:///D:/Simon/Sync/Root/GIS/Biodiversity%20Data/obs_native.csv?type=csv&maxFields=10000&detectTypes=yes&xField=longitude&yField=latitude&crs=EPSG:4326&spatialIndex=no&subsetIndex=no&watchFile=no
"17141",Camassia leichtlinii ssp. suksdorfii,Camassia,leichtlinii,,suksdorfii,,native,S4,,48.952653329999997,-123.519454999999994,,NA,NA,"77833708",obs_native,file:///D:/Simon/Sync/Root/GIS/Biodiversity%20Data/obs_native.csv?type=csv&maxFields=10000&detectTypes=yes&xField=longitude&yField=latitude&crs=EPSG:4326&spatialIndex=no&subsetIndex=no&watchFile=no
"17151",Heuchera micrantha var. diversifolia,Heuchera,micrantha,,,diversifolia,native,S5,,48.876791670000003,-123.386808299999998,,NA,NA,"77854381",obs_native,file:///D:/Simon/Sync/Root/GIS/Biodiversity%20Data/obs_native.csv?type=csv&maxFields=10000&detectTypes=yes&xField=longitude&yField=latitude&crs=EPSG:4326&spatialIndex=no&subsetIndex=no&watchFile=no
"17161",Holodiscus discolor var. discolor,Holodiscus,discolor,,,,native,S5,,48.876348380000003,-123.386245799999998,,NA,NA,"77854387",obs_native,file:///D:/Simon/Sync/Root/GIS/Biodiversity%20Data/obs_native.csv?type=csv&maxFields=10000&detectTypes=yes&xField=longitude&yField=latitude&crs=EPSG:4326&spatialIndex=no&subsetIndex=no&watchFile=no
"17171",Quercus garryana var. garryana,Quercus,garryana,,,,native,S5,,48.874606000000000,-123.384373400000001,,NA,NA,"77854406",obs_native,file:///D:/Simon/Sync/Root/GIS/Biodiversity%20Data/obs_native.csv?type=csv&maxFields=10000&detectTypes=yes&xField=longitude&yField=latitude&crs=EPSG:4326&spatialIndex=no&subsetIndex=no&watchFile=no
"17181",Eriophyllum lanatum var. leucophyllum,Eriophyllum,lanatum,,,leucophyllum,native,S5,,48.873976669999998,-123.383861699999997,,NA,NA,"77854412",obs_native,file:///D:/Simon/Sync/Root/GIS/Biodiversity%20Data/obs_native.csv?type=csv&maxFields=10000&detectTypes=yes&xField=longitude&yField=latitude&crs=EPSG:4326&spatialIndex=no&subsetIndex=no&watchFile=no
"17191",Eriophyllum lanatum var. leucophyllum,Eriophyllum,lanatum,,,leucophyllum,native,S5,,48.872444999999999,-123.382689999999997,,NA,NA,"77854430",obs_native,file:///D:/Simon/Sync/Root/GIS/Biodiversity%20Data/obs_native.csv?type=csv&maxFields=10000&detectTypes=yes&xField=longitude&yField=latitude&crs=EPSG:4326&spatialIndex=no&subsetIndex=no&watchFile=no
"17201",Corallorhiza maculata var. occidentalis,Corallorhiza,maculata,,,occidentalis,native,S5,,48.873333330000001,-123.382644999999997,,NA,NA,"77854443",obs_native,file:///D:/Simon/Sync/Root/GIS/Biodiversity%20Data/obs_native.csv?type=csv&maxFields=10000&detectTypes=yes&xField=longitude&yField=latitude&crs=EPSG:4326&spatialIndex=no&subsetIndex=no&watchFile=no
"17212",Pteridium aquilinum ssp. pubescens,Pteridium,aquilinum,,pubescens,,native,S5,,48.877319440000001,-123.340088899999998,,NA,NA,"77959697",obs_native,file:///D:/Simon/Sync/Root/GIS/Biodiversity%20Data/obs_native.csv?type=csv&maxFields=10000&detectTypes=yes&xField=longitude&yField=latitude&crs=EPSG:4326&spatialIndex=no&subsetIndex=no&watchFile=no
"17221",Chimaphila umbellata ssp. umbellata,Chimaphila,umbellata,,,,native,S5,,48.918804999999999,-123.402420000000006,,NA,NA,"77990251",obs_native,file:///D:/Simon/Sync/Root/GIS/Biodiversity%20Data/obs_native.csv?type=csv&maxFields=10000&detectTypes=yes&xField=longitude&yField=latitude&crs=EPSG:4326&spatialIndex=no&subsetIndex=no&watchFile=no
"17231",Heuchera micrantha var. diversifolia,Heuchera,micrantha,,,diversifolia,native,S5,,48.926546670000000,-123.467200000000005,,NA,NA,"77994621",obs_native,file:///D:/Simon/Sync/Root/GIS/Biodiversity%20Data/obs_native.csv?type=csv&maxFields=10000&detectTypes=yes&xField=longitude&yField=latitude&crs=EPSG:4326&spatialIndex=no&subsetIndex=no&watchFile=no
"17241",Leymus mollis ssp. mollis,Leymus,mollis,,,,native,S5,,49.012413879999997,-123.573769999999996,,NA,NA,"78217478",obs_native,file:///D:/Simon/Sync/Root/GIS/Biodiversity%20Data/obs_native.csv?type=csv&maxFields=10000&detectTypes=yes&xField=longitude&yField=latitude&crs=EPSG:4326&spatialIndex=no&subsetIndex=no&watchFile=no
"17251",Pentagramma triangularis ssp. triangularis,Pentagramma,triangularis,,,,native,S5,,48.929200000000002,-123.475638300000000,,NA,NA,"78230952",obs_native,file:///D:/Simon/Sync/Root/GIS/Biodiversity%20Data/obs_native.csv?type=csv&maxFields=10000&detectTypes=yes&xField=longitude&yField=latitude&crs=EPSG:4326&spatialIndex=no&subsetIndex=no&watchFile=no
"17261",Plectritis congesta ssp. congesta,Plectritis,congesta,,,,native,S5,,48.944950360000000,-123.464326299999996,,NA,NA,"78261263",obs_native,file:///D:/Simon/Sync/Root/GIS/Biodiversity%20Data/obs_native.csv?type=csv&maxFields=10000&detectTypes=yes&xField=longitude&yField=latitude&crs=EPSG:4326&spatialIndex=no&subsetIndex=no&watchFile=no
"17271",Claytonia rubra ssp. rubra,Claytonia,rubra,,,,native,S5?,,48.863740000000000,-123.376710000000003,,NA,NA,"79112155",obs_native,file:///D:/Simon/Sync/Root/GIS/Biodiversity%20Data/obs_native.csv?type=csv&maxFields=10000&detectTypes=yes&xField=longitude&yField=latitude&crs=EPSG:4326&spatialIndex=no&subsetIndex=no&watchFile=no
"17281",Agoseris grandiflora var. leptophylla,Agoseris,grandiflora,,,leptophylla,native,S5,,48.865228330000001,-123.381288299999994,,NA,NA,"79112169",obs_native,file:///D:/Simon/Sync/Root/GIS/Biodiversity%20Data/obs_native.csv?type=csv&maxFields=10000&detectTypes=yes&xField=longitude&yField=latitude&crs=EPSG:4326&spatialIndex=no&subsetIndex=no&watchFile=no
"17291",Artemisia campestris ssp. pacifica,Artemisia,campestris,,pacifica,,native,S5,,48.865056670000001,-123.381373300000007,,NA,NA,"79112170",obs_native,file:///D:/Simon/Sync/Root/GIS/Biodiversity%20Data/obs_native.csv?type=csv&maxFields=10000&detectTypes=yes&xField=longitude&yField=latitude&crs=EPSG:4326&spatialIndex=no&subsetIndex=no&watchFile=no
"17301",Sanicula crassicaulis var. crassicaulis,Sanicula,crassicaulis,,,,native,S5,,48.865245000000002,-123.381286700000004,,NA,NA,"79112172",obs_native,file:///D:/Simon/Sync/Root/GIS/Biodiversity%20Data/obs_native.csv?type=csv&maxFields=10000&detectTypes=yes&xField=longitude&yField=latitude&crs=EPSG:4326&spatialIndex=no&subsetIndex=no&watchFile=no
"17312",Agoseris grandiflora var. leptophylla,Agoseris,grandiflora,,,leptophylla,native,S5,,48.865286670000003,-123.380621700000006,,NA,NA,"79112174",obs_native,file:///D:/Simon/Sync/Root/GIS/Biodiversity%20Data/obs_native.csv?type=csv&maxFields=10000&detectTypes=yes&xField=longitude&yField=latitude&crs=EPSG:4326&spatialIndex=no&subsetIndex=no&watchFile=no
"17321",Camassia quamash ssp. quamash,Camassia,quamash,,,,native,S4,,48.872472219999999,-123.312530600000002,,NA,NA,"79576569",obs_native,file:///D:/Simon/Sync/Root/GIS/Biodiversity%20Data/obs_native.csv?type=csv&maxFields=10000&detectTypes=yes&xField=longitude&yField=latitude&crs=EPSG:4326&spatialIndex=no&subsetIndex=no&watchFile=no
"17331",Rosa nutkana ssp. nutkana,Rosa,nutkana,,,,native,S5,,48.872487999999997,-123.310854000000006,,NA,NA,"80008836",obs_native,file:///D:/Simon/Sync/Root/GIS/Biodiversity%20Data/obs_native.csv?type=csv&maxFields=10000&detectTypes=yes&xField=longitude&yField=latitude&crs=EPSG:4326&spatialIndex=no&subsetIndex=no&watchFile=no
"17341",Rosa nutkana ssp. nutkana,Rosa,nutkana,,,,native,S5,,48.910829999999997,-123.383628299999998,,NA,NA,"80182918",obs_native,file:///D:/Simon/Sync/Root/GIS/Biodiversity%20Data/obs_native.csv?type=csv&maxFields=10000&detectTypes=yes&xField=longitude&yField=latitude&crs=EPSG:4326&spatialIndex=no&subsetIndex=no&watchFile=no
"17351",Corallorhiza maculata var. occidentalis,Corallorhiza,maculata,,,occidentalis,native,S5,,48.895478330000003,-123.405211699999995,,NA,NA,"80184951",obs_native,file:///D:/Simon/Sync/Root/GIS/Biodiversity%20Data/obs_native.csv?type=csv&maxFields=10000&detectTypes=yes&xField=longitude&yField=latitude&crs=EPSG:4326&spatialIndex=no&subsetIndex=no&watchFile=no
"17361",Rosa nutkana ssp. nutkana,Rosa,nutkana,,,,native,S5,,48.895103329999998,-123.409141700000006,,NA,NA,"80186309",obs_native,file:///D:/Simon/Sync/Root/GIS/Biodiversity%20Data/obs_native.csv?type=csv&maxFields=10000&detectTypes=yes&xField=longitude&yField=latitude&crs=EPSG:4326&spatialIndex=no&subsetIndex=no&watchFile=no
"17371",Rosa nutkana ssp. nutkana,Rosa,nutkana,,,,native,S5,,48.865299999999998,-123.350302799999994,,NA,NA,"80277831",obs_native,file:///D:/Simon/Sync/Root/GIS/Biodiversity%20Data/obs_native.csv?type=csv&maxFields=10000&detectTypes=yes&xField=longitude&yField=latitude&crs=EPSG:4326&spatialIndex=no&subsetIndex=no&watchFile=no
"17381",Fragaria vesca ssp. bracteata,Fragaria,vesca,,bracteata,,native,S5,,48.877170000000000,-123.358846700000001,,NA,NA,"80896026",obs_native,file:///D:/Simon/Sync/Root/GIS/Biodiversity%20Data/obs_native.csv?type=csv&maxFields=10000&detectTypes=yes&xField=longitude&yField=latitude&crs=EPSG:4326&spatialIndex=no&subsetIndex=no&watchFile=no
"17391",Sedum lanceolatum var. nesioticum,Sedum,lanceolatum,,,nesioticum,native,S3S4,,48.868350000000000,-123.378103300000006,,NA,NA,"81146994",obs_native,file:///D:/Simon/Sync/Root/GIS/Biodiversity%20Data/obs_native.csv?type=csv&maxFields=10000&detectTypes=yes&xField=longitude&yField=latitude&crs=EPSG:4326&spatialIndex=no&subsetIndex=no&watchFile=no
"17401",Sedum lanceolatum var. nesioticum,Sedum,lanceolatum,,,nesioticum,native,S3S4,,48.868310000000001,-123.378200000000007,,NA,NA,"81146999",obs_native,file:///D:/Simon/Sync/Root/GIS/Biodiversity%20Data/obs_native.csv?type=csv&maxFields=10000&detectTypes=yes&xField=longitude&yField=latitude&crs=EPSG:4326&spatialIndex=no&subsetIndex=no&watchFile=no
"17412",Agoseris grandiflora var. leptophylla,Agoseris,grandiflora,,,leptophylla,native,S5,,48.868578329999998,-123.379228299999994,,NA,NA,"81147009",obs_native,file:///D:/Simon/Sync/Root/GIS/Biodiversity%20Data/obs_native.csv?type=csv&maxFields=10000&detectTypes=yes&xField=longitude&yField=latitude&crs=EPSG:4326&spatialIndex=no&subsetIndex=no&watchFile=no
"17421",Agoseris grandiflora var. leptophylla,Agoseris,grandiflora,,,leptophylla,native,S5,,48.868573329999997,-123.379238299999997,,NA,NA,"81147010",obs_native,file:///D:/Simon/Sync/Root/GIS/Biodiversity%20Data/obs_native.csv?type=csv&maxFields=10000&detectTypes=yes&xField=longitude&yField=latitude&crs=EPSG:4326&spatialIndex=no&subsetIndex=no&watchFile=no
"17431",Quercus garryana var. garryana,Quercus,garryana,,,,native,S5,,48.868789999999997,-123.379496700000004,,NA,NA,"81147013",obs_native,file:///D:/Simon/Sync/Root/GIS/Biodiversity%20Data/obs_native.csv?type=csv&maxFields=10000&detectTypes=yes&xField=longitude&yField=latitude&crs=EPSG:4326&spatialIndex=no&subsetIndex=no&watchFile=no
"17441",Eriophyllum lanatum var. leucophyllum,Eriophyllum,lanatum,,,leucophyllum,native,S5,,48.868614999999998,-123.379476699999998,,NA,NA,"81147020",obs_native,file:///D:/Simon/Sync/Root/GIS/Biodiversity%20Data/obs_native.csv?type=csv&maxFields=10000&detectTypes=yes&xField=longitude&yField=latitude&crs=EPSG:4326&spatialIndex=no&subsetIndex=no&watchFile=no
"17451",Heuchera micrantha var. diversifolia,Heuchera,micrantha,,,diversifolia,native,S5,,48.869394999999997,-123.380278300000001,,NA,NA,"81147029",obs_native,file:///D:/Simon/Sync/Root/GIS/Biodiversity%20Data/obs_native.csv?type=csv&maxFields=10000&detectTypes=yes&xField=longitude&yField=latitude&crs=EPSG:4326&spatialIndex=no&subsetIndex=no&watchFile=no
"17461",Sanicula crassicaulis var. crassicaulis,Sanicula,crassicaulis,,,,native,S5,,48.869826670000002,-123.380633300000000,,NA,NA,"81147031",obs_native,file:///D:/Simon/Sync/Root/GIS/Biodiversity%20Data/obs_native.csv?type=csv&maxFields=10000&detectTypes=yes&xField=longitude&yField=latitude&crs=EPSG:4326&spatialIndex=no&subsetIndex=no&watchFile=no
"17471",Plectritis congesta ssp. congesta,Plectritis,congesta,,,,native,S5,,48.870998329999999,-123.382125000000002,,NA,NA,"81147040",obs_native,file:///D:/Simon/Sync/Root/GIS/Biodiversity%20Data/obs_native.csv?type=csv&maxFields=10000&detectTypes=yes&xField=longitude&yField=latitude&crs=EPSG:4326&spatialIndex=no&subsetIndex=no&watchFile=no
"17481",Agoseris grandiflora var. leptophylla,Agoseris,grandiflora,,,leptophylla,native,S5,,48.870413329999998,-123.382384999999999,,NA,NA,"81147058",obs_native,file:///D:/Simon/Sync/Root/GIS/Biodiversity%20Data/obs_native.csv?type=csv&maxFields=10000&detectTypes=yes&xField=longitude&yField=latitude&crs=EPSG:4326&spatialIndex=no&subsetIndex=no&watchFile=no
"17491",Sedum lanceolatum var. nesioticum,Sedum,lanceolatum,,,nesioticum,native,S3S4,,48.870764999999999,-123.382644999999997,,NA,NA,"81147060",obs_native,file:///D:/Simon/Sync/Root/GIS/Biodiversity%20Data/obs_native.csv?type=csv&maxFields=10000&detectTypes=yes&xField=longitude&yField=latitude&crs=EPSG:4326&spatialIndex=no&subsetIndex=no&watchFile=no
"17501",Sanicula crassicaulis var. crassicaulis,Sanicula,crassicaulis,,,,native,S5,,48.929521670000000,-123.450591700000004,,NA,NA,"81641905",obs_native,file:///D:/Simon/Sync/Root/GIS/Biodiversity%20Data/obs_native.csv?type=csv&maxFields=10000&detectTypes=yes&xField=longitude&yField=latitude&crs=EPSG:4326&spatialIndex=no&subsetIndex=no&watchFile=no
"17512",Tiarella trifoliata var. trifoliata,Tiarella,trifoliata,,,,native,S5,,48.929355240000000,-123.450729600000003,,NA,NA,"81656802",obs_native,file:///D:/Simon/Sync/Root/GIS/Biodiversity%20Data/obs_native.csv?type=csv&maxFields=10000&detectTypes=yes&xField=longitude&yField=latitude&crs=EPSG:4326&spatialIndex=no&subsetIndex=no&watchFile=no
"17521",Camassia leichtlinii ssp. suksdorfii,Camassia,leichtlinii,,suksdorfii,,native,S4,,48.872300000000003,-123.311896700000005,,NA,NA,"81819894",obs_native,file:///D:/Simon/Sync/Root/GIS/Biodiversity%20Data/obs_native.csv?type=csv&maxFields=10000&detectTypes=yes&xField=longitude&yField=latitude&crs=EPSG:4326&spatialIndex=no&subsetIndex=no&watchFile=no
"17531",Plectritis congesta ssp. congesta,Plectritis,congesta,,,,native,S5,,48.872019999999999,-123.312354999999997,,NA,NA,"81820585",obs_native,file:///D:/Simon/Sync/Root/GIS/Biodiversity%20Data/obs_native.csv?type=csv&maxFields=10000&detectTypes=yes&xField=longitude&yField=latitude&crs=EPSG:4326&spatialIndex=no&subsetIndex=no&watchFile=no
"17541",Lathyrus nevadensis var. pilosellus,Lathyrus,nevadensis,,,pilosellus,native,S5,,48.977633330000003,-123.554680000000005,,NA,NA,"81821372",obs_native,file:///D:/Simon/Sync/Root/GIS/Biodiversity%20Data/obs_native.csv?type=csv&maxFields=10000&detectTypes=yes&xField=longitude&yField=latitude&crs=EPSG:4326&spatialIndex=no&subsetIndex=no&watchFile=no
"17551",Linnaea borealis ssp. longiflora,Linnaea,borealis,,longiflora,,native,S5,,48.919109530000000,-123.403387899999998,,NA,NA,"81920613",obs_native,file:///D:/Simon/Sync/Root/GIS/Biodiversity%20Data/obs_native.csv?type=csv&maxFields=10000&detectTypes=yes&xField=longitude&yField=latitude&crs=EPSG:4326&spatialIndex=no&subsetIndex=no&watchFile=no
"17561",Linnaea borealis ssp. longiflora,Linnaea,borealis,,longiflora,,native,S5,,48.949600220000001,-123.484802200000004,,NA,NA,"82249211",obs_native,file:///D:/Simon/Sync/Root/GIS/Biodiversity%20Data/obs_native.csv?type=csv&maxFields=10000&detectTypes=yes&xField=longitude&yField=latitude&crs=EPSG:4326&spatialIndex=no&subsetIndex=no&watchFile=no
"17571",Linnaea borealis ssp. longiflora,Linnaea,borealis,,longiflora,,native,S5,,48.943716670000001,-123.506758300000001,,NA,NA,"82358904",obs_native,file:///D:/Simon/Sync/Root/GIS/Biodiversity%20Data/obs_native.csv?type=csv&maxFields=10000&detectTypes=yes&xField=longitude&yField=latitude&crs=EPSG:4326&spatialIndex=no&subsetIndex=no&watchFile=no
"17581",Plectritis congesta ssp. congesta,Plectritis,congesta,,,,native,S5,,48.905538329999999,-123.350508300000001,,NA,NA,"82513144",obs_native,file:///D:/Simon/Sync/Root/GIS/Biodiversity%20Data/obs_native.csv?type=csv&maxFields=10000&detectTypes=yes&xField=longitude&yField=latitude&crs=EPSG:4326&spatialIndex=no&subsetIndex=no&watchFile=no
"17591",Pinus contorta ssp. contorta,Pinus,contorta,,,,native,S5,,48.905603409999998,-123.350358099999994,,NA,NA,"82513153",obs_native,file:///D:/Simon/Sync/Root/GIS/Biodiversity%20Data/obs_native.csv?type=csv&maxFields=10000&detectTypes=yes&xField=longitude&yField=latitude&crs=EPSG:4326&spatialIndex=no&subsetIndex=no&watchFile=no
"17601",Cuscuta pacifica var. pacifica,Cuscuta,pacifica,,,,native,S4,,48.898811670000001,-123.407433299999994,,NA,NA,"82840663",obs_native,file:///D:/Simon/Sync/Root/GIS/Biodiversity%20Data/obs_native.csv?type=csv&maxFields=10000&detectTypes=yes&xField=longitude&yField=latitude&crs=EPSG:4326&spatialIndex=no&subsetIndex=no&watchFile=no
"17612",Ranunculus flammula var. reptans,Ranunculus,flammula,,,reptans,native,S5,,48.869115729999997,-123.371478600000003,,NA,NA,"82929638",obs_native,file:///D:/Simon/Sync/Root/GIS/Biodiversity%20Data/obs_native.csv?type=csv&maxFields=10000&detectTypes=yes&xField=longitude&yField=latitude&crs=EPSG:4326&spatialIndex=no&subsetIndex=no&watchFile=no
"17621",Sanicula crassicaulis var. crassicaulis,Sanicula,crassicaulis,,,,native,S5,,48.871656670000000,-123.311776699999996,,NA,NA,"82960306",obs_native,file:///D:/Simon/Sync/Root/GIS/Biodiversity%20Data/obs_native.csv?type=csv&maxFields=10000&detectTypes=yes&xField=longitude&yField=latitude&crs=EPSG:4326&spatialIndex=no&subsetIndex=no&watchFile=no
"17631",Quercus garryana var. garryana,Quercus,garryana,,,,native,S5,,48.871560000000002,-123.311381699999998,,NA,NA,"82960314",obs_native,file:///D:/Simon/Sync/Root/GIS/Biodiversity%20Data/obs_native.csv?type=csv&maxFields=10000&detectTypes=yes&xField=longitude&yField=latitude&crs=EPSG:4326&spatialIndex=no&subsetIndex=no&watchFile=no
"17641",Linnaea borealis ssp. longiflora,Linnaea,borealis,,longiflora,,native,S5,,48.893291670000004,-123.356788300000005,,NA,NA,"83012273",obs_native,file:///D:/Simon/Sync/Root/GIS/Biodiversity%20Data/obs_native.csv?type=csv&maxFields=10000&detectTypes=yes&xField=longitude&yField=latitude&crs=EPSG:4326&spatialIndex=no&subsetIndex=no&watchFile=no
"17651",Pseudotsuga menziesii var. menziesii,Pseudotsuga,menziesii,,,,native,S5,,48.885188890000002,-123.356697199999999,,NA,NA,"83097983",obs_native,file:///D:/Simon/Sync/Root/GIS/Biodiversity%20Data/obs_native.csv?type=csv&maxFields=10000&detectTypes=yes&xField=longitude&yField=latitude&crs=EPSG:4326&spatialIndex=no&subsetIndex=no&watchFile=no
"17661",Symphoricarpos albus var. laevigatus,Symphoricarpos,albus,,,laevigatus,native,S5,,48.885316170000003,-123.355071199999998,,NA,NA,"83098044",obs_native,file:///D:/Simon/Sync/Root/GIS/Biodiversity%20Data/obs_native.csv?type=csv&maxFields=10000&detectTypes=yes&xField=longitude&yField=latitude&crs=EPSG:4326&spatialIndex=no&subsetIndex=no&watchFile=no
"17671",Aquilegia formosa var. formosa,Aquilegia,formosa,,,,native,S5,,48.867747219999998,-123.337194400000001,,NA,NA,"83098050",obs_native,file:///D:/Simon/Sync/Root/GIS/Biodiversity%20Data/obs_native.csv?type=csv&maxFields=10000&detectTypes=yes&xField=longitude&yField=latitude&crs=EPSG:4326&spatialIndex=no&subsetIndex=no&watchFile=no
"17681",Aquilegia formosa var. formosa,Aquilegia,formosa,,,,native,S5,,48.867711669999998,-123.337149999999994,,NA,NA,"83168127",obs_native,file:///D:/Simon/Sync/Root/GIS/Biodiversity%20Data/obs_native.csv?type=csv&maxFields=10000&detectTypes=yes&xField=longitude&yField=latitude&crs=EPSG:4326&spatialIndex=no&subsetIndex=no&watchFile=no
"17691",Linnaea borealis ssp. longiflora,Linnaea,borealis,,longiflora,,native,S5,,48.883692949999997,-123.329208300000005,,NA,NA,"83216650",obs_native,file:///D:/Simon/Sync/Root/GIS/Biodiversity%20Data/obs_native.csv?type=csv&maxFields=10000&detectTypes=yes&xField=longitude&yField=latitude&crs=EPSG:4326&spatialIndex=no&subsetIndex=no&watchFile=no
"17701",Sambucus racemosa var. arborescens,Sambucus,racemosa,,,arborescens,native,S5,,48.872222219999998,-123.348888900000006,,NA,NA,"83219622",obs_native,file:///D:/Simon/Sync/Root/GIS/Biodiversity%20Data/obs_native.csv?type=csv&maxFields=10000&detectTypes=yes&xField=longitude&yField=latitude&crs=EPSG:4326&spatialIndex=no&subsetIndex=no&watchFile=no
"17712",Linnaea borealis ssp. longiflora,Linnaea,borealis,,longiflora,,native,S5,,48.947553329999998,-123.479753299999999,,NA,NA,"83417876",obs_native,file:///D:/Simon/Sync/Root/GIS/Biodiversity%20Data/obs_native.csv?type=csv&maxFields=10000&detectTypes=yes&xField=longitude&yField=latitude&crs=EPSG:4326&spatialIndex=no&subsetIndex=no&watchFile=no
"17721",Corallorhiza maculata var. occidentalis,Corallorhiza,maculata,,,occidentalis,native,S5,,48.865666670000003,-123.362808299999998,,NA,NA,"83568150",obs_native,file:///D:/Simon/Sync/Root/GIS/Biodiversity%20Data/obs_native.csv?type=csv&maxFields=10000&detectTypes=yes&xField=longitude&yField=latitude&crs=EPSG:4326&spatialIndex=no&subsetIndex=no&watchFile=no
"17731",Brodiaea coronaria,Brodiaea,coronaria,,,,native,S5,,48.868918389999997,-123.311648599999998,,NA,NA,"83576663",obs_native,file:///D:/Simon/Sync/Root/GIS/Biodiversity%20Data/obs_native.csv?type=csv&maxFields=10000&detectTypes=yes&xField=longitude&yField=latitude&crs=EPSG:4326&spatialIndex=no&subsetIndex=no&watchFile=no
"17741",Aquilegia formosa var. formosa,Aquilegia,formosa,,,,native,S5,,48.868346670000001,-123.344046700000007,,NA,NA,"83594319",obs_native,file:///D:/Simon/Sync/Root/GIS/Biodiversity%20Data/obs_native.csv?type=csv&maxFields=10000&detectTypes=yes&xField=longitude&yField=latitude&crs=EPSG:4326&spatialIndex=no&subsetIndex=no&watchFile=no
"17751",Agoseris grandiflora var. leptophylla,Agoseris,grandiflora,,,leptophylla,native,S5,,48.860334389999998,-123.353512699999996,,NA,NA,"83596925",obs_native,file:///D:/Simon/Sync/Root/GIS/Biodiversity%20Data/obs_native.csv?type=csv&maxFields=10000&detectTypes=yes&xField=longitude&yField=latitude&crs=EPSG:4326&spatialIndex=no&subsetIndex=no&watchFile=no
"17761",Quercus garryana var. garryana,Quercus,garryana,,,,native,S5,,48.860334389999998,-123.353512699999996,,NA,NA,"83596927",obs_native,file:///D:/Simon/Sync/Root/GIS/Biodiversity%20Data/obs_native.csv?type=csv&maxFields=10000&detectTypes=yes&xField=longitude&yField=latitude&crs=EPSG:4326&spatialIndex=no&subsetIndex=no&watchFile=no
"17771",Aquilegia formosa var. formosa,Aquilegia,formosa,,,,native,S5,,48.868415100000000,-123.343911100000000,,NA,NA,"83597093",obs_native,file:///D:/Simon/Sync/Root/GIS/Biodiversity%20Data/obs_native.csv?type=csv&maxFields=10000&detectTypes=yes&xField=longitude&yField=latitude&crs=EPSG:4326&spatialIndex=no&subsetIndex=no&watchFile=no
"17781",Plectritis congesta ssp. congesta,Plectritis,congesta,,,,native,S5,,49.011940050000000,-123.575297000000006,,NA,NA,"83603071",obs_native,file:///D:/Simon/Sync/Root/GIS/Biodiversity%20Data/obs_native.csv?type=csv&maxFields=10000&detectTypes=yes&xField=longitude&yField=latitude&crs=EPSG:4326&spatialIndex=no&subsetIndex=no&watchFile=no
"17791",Leymus mollis ssp. mollis,Leymus,mollis,,,,native,S5,,49.011714200000000,-123.575701699999996,,NA,NA,"83603415",obs_native,file:///D:/Simon/Sync/Root/GIS/Biodiversity%20Data/obs_native.csv?type=csv&maxFields=10000&detectTypes=yes&xField=longitude&yField=latitude&crs=EPSG:4326&spatialIndex=no&subsetIndex=no&watchFile=no
"17801",Rosa nutkana ssp. nutkana,Rosa,nutkana,,,,native,S5,,49.011952360000002,-123.575868999999997,,NA,NA,"83603444",obs_native,file:///D:/Simon/Sync/Root/GIS/Biodiversity%20Data/obs_native.csv?type=csv&maxFields=10000&detectTypes=yes&xField=longitude&yField=latitude&crs=EPSG:4326&spatialIndex=no&subsetIndex=no&watchFile=no
"17812",Sarcocornia perennis,Sarcocornia,perennis,,,,native,S5,,49.011693749999999,-123.574686099999994,,NA,NA,"83605107",obs_native,file:///D:/Simon/Sync/Root/GIS/Biodiversity%20Data/obs_native.csv?type=csv&maxFields=10000&detectTypes=yes&xField=longitude&yField=latitude&crs=EPSG:4326&spatialIndex=no&subsetIndex=no&watchFile=no
"17821",Quercus garryana var. garryana,Quercus,garryana,,,,native,S5,,49.010655110000002,-123.574672699999994,,NA,NA,"83605307",obs_native,file:///D:/Simon/Sync/Root/GIS/Biodiversity%20Data/obs_native.csv?type=csv&maxFields=10000&detectTypes=yes&xField=longitude&yField=latitude&crs=EPSG:4326&spatialIndex=no&subsetIndex=no&watchFile=no
"17831",Pseudotsuga menziesii var. menziesii,Pseudotsuga,menziesii,,,,native,S5,,49.005321029999998,-123.567325100000005,,NA,NA,"83606219",obs_native,file:///D:/Simon/Sync/Root/GIS/Biodiversity%20Data/obs_native.csv?type=csv&maxFields=10000&detectTypes=yes&xField=longitude&yField=latitude&crs=EPSG:4326&spatialIndex=no&subsetIndex=no&watchFile=no
"17841",Corallorhiza maculata var. occidentalis,Corallorhiza,maculata,,,occidentalis,native,S5,,49.007286350000001,-123.569761600000007,,NA,NA,"83606278",obs_native,file:///D:/Simon/Sync/Root/GIS/Biodiversity%20Data/obs_native.csv?type=csv&maxFields=10000&detectTypes=yes&xField=longitude&yField=latitude&crs=EPSG:4326&spatialIndex=no&subsetIndex=no&watchFile=no
"17851",Elymus glaucus ssp. glaucus,Elymus,glaucus,,,,native,S5,,48.876040000000003,-123.384811700000000,,NA,NA,"83738281",obs_native,file:///D:/Simon/Sync/Root/GIS/Biodiversity%20Data/obs_native.csv?type=csv&maxFields=10000&detectTypes=yes&xField=longitude&yField=latitude&crs=EPSG:4326&spatialIndex=no&subsetIndex=no&watchFile=no
"17861",Ranunculus occidentalis var. occidentalis,Ranunculus,occidentalis,,,,native,S5,,48.876441669999998,-123.384798300000000,,NA,NA,"83738294",obs_native,file:///D:/Simon/Sync/Root/GIS/Biodiversity%20Data/obs_native.csv?type=csv&maxFields=10000&detectTypes=yes&xField=longitude&yField=latitude&crs=EPSG:4326&spatialIndex=no&subsetIndex=no&watchFile=no
"17871",Pseudotsuga menziesii var. menziesii,Pseudotsuga,menziesii,,,,native,S5,,48.876249000000001,-123.384576999999993,,NA,NA,"83738303",obs_native,file:///D:/Simon/Sync/Root/GIS/Biodiversity%20Data/obs_native.csv?type=csv&maxFields=10000&detectTypes=yes&xField=longitude&yField=latitude&crs=EPSG:4326&spatialIndex=no&subsetIndex=no&watchFile=no
"17881",Pseudotsuga menziesii var. menziesii,Pseudotsuga,menziesii,,,,native,S5,,48.875222999999998,-123.384011999999998,,NA,NA,"83738324",obs_native,file:///D:/Simon/Sync/Root/GIS/Biodiversity%20Data/obs_native.csv?type=csv&maxFields=10000&detectTypes=yes&xField=longitude&yField=latitude&crs=EPSG:4326&spatialIndex=no&subsetIndex=no&watchFile=no
"17891",Festuca roemeri var. roemeri,Festuca,roemeri,,,,native,S4S5,,48.875676669999997,-123.384490000000000,,NA,NA,"83738325",obs_native,file:///D:/Simon/Sync/Root/GIS/Biodiversity%20Data/obs_native.csv?type=csv&maxFields=10000&detectTypes=yes&xField=longitude&yField=latitude&crs=EPSG:4326&spatialIndex=no&subsetIndex=no&watchFile=no
"17901",Eriophyllum lanatum var. leucophyllum,Eriophyllum,lanatum,,,leucophyllum,native,S5,,48.859891640000001,-123.355761599999994,,NA,NA,"83739707",obs_native,file:///D:/Simon/Sync/Root/GIS/Biodiversity%20Data/obs_native.csv?type=csv&maxFields=10000&detectTypes=yes&xField=longitude&yField=latitude&crs=EPSG:4326&spatialIndex=no&subsetIndex=no&watchFile=no
"17912",Rosa nutkana ssp. nutkana,Rosa,nutkana,,,,native,S5,,48.872488330000003,-123.310800000000000,,NA,NA,"83747843",obs_native,file:///D:/Simon/Sync/Root/GIS/Biodiversity%20Data/obs_native.csv?type=csv&maxFields=10000&detectTypes=yes&xField=longitude&yField=latitude&crs=EPSG:4326&spatialIndex=no&subsetIndex=no&watchFile=no
"17931",Equisetum telmateia ssp. braunii,Equisetum,telmateia,,braunii,,native,S5,,48.928933330000000,-123.469108300000002,,NA,NA,"83856778",obs_native,file:///D:/Simon/Sync/Root/GIS/Biodiversity%20Data/obs_native.csv?type=csv&maxFields=10000&detectTypes=yes&xField=longitude&yField=latitude&crs=EPSG:4326&spatialIndex=no&subsetIndex=no&watchFile=no
"17951",Pteridium aquilinum ssp. pubescens,Pteridium,aquilinum,,pubescens,,native,S5,,48.928303890000002,-123.467979400000004,,NA,NA,"83966516",obs_native,file:///D:/Simon/Sync/Root/GIS/Biodiversity%20Data/obs_native.csv?type=csv&maxFields=10000&detectTypes=yes&xField=longitude&yField=latitude&crs=EPSG:4326&spatialIndex=no&subsetIndex=no&watchFile=no
"17961",Pteridium aquilinum ssp. pubescens,Pteridium,aquilinum,,pubescens,,native,S5,,48.928721670000002,-123.468405000000004,,NA,NA,"83971387",obs_native,file:///D:/Simon/Sync/Root/GIS/Biodiversity%20Data/obs_native.csv?type=csv&maxFields=10000&detectTypes=yes&xField=longitude&yField=latitude&crs=EPSG:4326&spatialIndex=no&subsetIndex=no&watchFile=no
"18001",Pteridium aquilinum ssp. pubescens,Pteridium,aquilinum,,pubescens,,native,S5,,48.928096670000002,-123.467963299999994,,NA,NA,"83993947",obs_native,file:///D:/Simon/Sync/Root/GIS/Biodiversity%20Data/obs_native.csv?type=csv&maxFields=10000&detectTypes=yes&xField=longitude&yField=latitude&crs=EPSG:4326&spatialIndex=no&subsetIndex=no&watchFile=no
"18012",Pteridium aquilinum ssp. pubescens,Pteridium,aquilinum,,pubescens,,native,S5,,48.928725000000000,-123.469025000000002,,NA,NA,"83994437",obs_native,file:///D:/Simon/Sync/Root/GIS/Biodiversity%20Data/obs_native.csv?type=csv&maxFields=10000&detectTypes=yes&xField=longitude&yField=latitude&crs=EPSG:4326&spatialIndex=no&subsetIndex=no&watchFile=no
"18031",Eriophyllum lanatum var. leucophyllum,Eriophyllum,lanatum,,,leucophyllum,native,S5,,48.929897810000000,-123.469872100000003,,NA,NA,"84009808",obs_native,file:///D:/Simon/Sync/Root/GIS/Biodiversity%20Data/obs_native.csv?type=csv&maxFields=10000&detectTypes=yes&xField=longitude&yField=latitude&crs=EPSG:4326&spatialIndex=no&subsetIndex=no&watchFile=no
"18041",Holodiscus discolor var. discolor,Holodiscus,discolor,,,,native,S5,,48.930509940000000,-123.468760700000004,,NA,NA,"84009927",obs_native,file:///D:/Simon/Sync/Root/GIS/Biodiversity%20Data/obs_native.csv?type=csv&maxFields=10000&detectTypes=yes&xField=longitude&yField=latitude&crs=EPSG:4326&spatialIndex=no&subsetIndex=no&watchFile=no
"18051",Pteridium aquilinum ssp. pubescens,Pteridium,aquilinum,,pubescens,,native,S5,,48.930649369999998,-123.469357500000001,,NA,NA,"84010097",obs_native,file:///D:/Simon/Sync/Root/GIS/Biodiversity%20Data/obs_native.csv?type=csv&maxFields=10000&detectTypes=yes&xField=longitude&yField=latitude&crs=EPSG:4326&spatialIndex=no&subsetIndex=no&watchFile=no
"18061",Ranunculus occidentalis var. occidentalis,Ranunculus,occidentalis,,,,native,S5,,48.928494890000003,-123.467988500000004,,NA,NA,"84062612",obs_native,file:///D:/Simon/Sync/Root/GIS/Biodiversity%20Data/obs_native.csv?type=csv&maxFields=10000&detectTypes=yes&xField=longitude&yField=latitude&crs=EPSG:4326&spatialIndex=no&subsetIndex=no&watchFile=no
"18071",Stachys cooleyae,Stachys,cooleyae,,,,native,S5,,48.928036149999997,-123.467953499999993,,NA,NA,"84063934",obs_native,file:///D:/Simon/Sync/Root/GIS/Biodiversity%20Data/obs_native.csv?type=csv&maxFields=10000&detectTypes=yes&xField=longitude&yField=latitude&crs=EPSG:4326&spatialIndex=no&subsetIndex=no&watchFile=no
"18081",Pteridium aquilinum ssp. pubescens,Pteridium,aquilinum,,pubescens,,native,S5,,48.928181430000002,-123.467650199999994,,NA,NA,"84084619",obs_native,file:///D:/Simon/Sync/Root/GIS/Biodiversity%20Data/obs_native.csv?type=csv&maxFields=10000&detectTypes=yes&xField=longitude&yField=latitude&crs=EPSG:4326&spatialIndex=no&subsetIndex=no&watchFile=no
"18091",Sanicula crassicaulis var. crassicaulis,Sanicula,crassicaulis,,,,native,S5,,49.011436119999999,-123.574150000000003,,NA,NA,"84085127",obs_native,file:///D:/Simon/Sync/Root/GIS/Biodiversity%20Data/obs_native.csv?type=csv&maxFields=10000&detectTypes=yes&xField=longitude&yField=latitude&crs=EPSG:4326&spatialIndex=no&subsetIndex=no&watchFile=no
"18102",Pseudotsuga menziesii var. menziesii,Pseudotsuga,menziesii,,,,native,S5,,48.927775070000003,-123.467773699999995,,NA,NA,"84145586",obs_native,file:///D:/Simon/Sync/Root/GIS/Biodiversity%20Data/obs_native.csv?type=csv&maxFields=10000&detectTypes=yes&xField=longitude&yField=latitude&crs=EPSG:4326&spatialIndex=no&subsetIndex=no&watchFile=no
"18112",Pteridium aquilinum ssp. pubescens,Pteridium,aquilinum,,pubescens,,native,S5,,48.927986670000003,-123.467453300000003,,NA,NA,"84182771",obs_native,file:///D:/Simon/Sync/Root/GIS/Biodiversity%20Data/obs_native.csv?type=csv&maxFields=10000&detectTypes=yes&xField=longitude&yField=latitude&crs=EPSG:4326&spatialIndex=no&subsetIndex=no&watchFile=no
"18121",Rosa nutkana ssp. nutkana,Rosa,nutkana,,,,native,S5,,48.929862620000002,-123.467533900000006,,NA,NA,"84198449",obs_native,file:///D:/Simon/Sync/Root/GIS/Biodiversity%20Data/obs_native.csv?type=csv&maxFields=10000&detectTypes=yes&xField=longitude&yField=latitude&crs=EPSG:4326&spatialIndex=no&subsetIndex=no&watchFile=no
"18141",Corallorhiza maculata var. occidentalis,Corallorhiza,maculata,,,occidentalis,native,S5,,48.925803920000000,-123.463458900000006,,NA,NA,"84242402",obs_native,file:///D:/Simon/Sync/Root/GIS/Biodiversity%20Data/obs_native.csv?type=csv&maxFields=10000&detectTypes=yes&xField=longitude&yField=latitude&crs=EPSG:4326&spatialIndex=no&subsetIndex=no&watchFile=no
"18161",Fragaria vesca ssp. bracteata,Fragaria,vesca,,bracteata,,native,S5,,48.927955820000001,-123.468159799999995,,NA,NA,"84243611",obs_native,file:///D:/Simon/Sync/Root/GIS/Biodiversity%20Data/obs_native.csv?type=csv&maxFields=10000&detectTypes=yes&xField=longitude&yField=latitude&crs=EPSG:4326&spatialIndex=no&subsetIndex=no&watchFile=no
"18171",Fragaria vesca ssp. bracteata,Fragaria,vesca,,bracteata,,native,S5,,48.928126010000000,-123.467537300000004,,NA,NA,"84252551",obs_native,file:///D:/Simon/Sync/Root/GIS/Biodiversity%20Data/obs_native.csv?type=csv&maxFields=10000&detectTypes=yes&xField=longitude&yField=latitude&crs=EPSG:4326&spatialIndex=no&subsetIndex=no&watchFile=no
"18181",Pteridium aquilinum ssp. pubescens,Pteridium,aquilinum,,pubescens,,native,S5,,48.928055000000001,-123.467470000000006,,NA,NA,"84252711",obs_native,file:///D:/Simon/Sync/Root/GIS/Biodiversity%20Data/obs_native.csv?type=csv&maxFields=10000&detectTypes=yes&xField=longitude&yField=latitude&crs=EPSG:4326&spatialIndex=no&subsetIndex=no&watchFile=no
"18191",Equisetum telmateia ssp. braunii,Equisetum,telmateia,,braunii,,native,S5,,48.930320000000002,-123.467071700000005,,NA,NA,"84252885",obs_native,file:///D:/Simon/Sync/Root/GIS/Biodiversity%20Data/obs_native.csv?type=csv&maxFields=10000&detectTypes=yes&xField=longitude&yField=latitude&crs=EPSG:4326&spatialIndex=no&subsetIndex=no&watchFile=no
"18201",Holodiscus discolor var. discolor,Holodiscus,discolor,,,,native,S5,,48.930283330000002,-123.467055000000002,,NA,NA,"84252964",obs_native,file:///D:/Simon/Sync/Root/GIS/Biodiversity%20Data/obs_native.csv?type=csv&maxFields=10000&detectTypes=yes&xField=longitude&yField=latitude&crs=EPSG:4326&spatialIndex=no&subsetIndex=no&watchFile=no
"18212",Pteridium aquilinum ssp. pubescens,Pteridium,aquilinum,,pubescens,,native,S5,,48.928748640000002,-123.468780199999998,,NA,NA,"84258401",obs_native,file:///D:/Simon/Sync/Root/GIS/Biodiversity%20Data/obs_native.csv?type=csv&maxFields=10000&detectTypes=yes&xField=longitude&yField=latitude&crs=EPSG:4326&spatialIndex=no&subsetIndex=no&watchFile=no
"18221",Eriophyllum lanatum var. leucophyllum,Eriophyllum,lanatum,,,leucophyllum,native,S5,,48.927249680000003,-123.464955900000007,,NA,NA,"84269501",obs_native,file:///D:/Simon/Sync/Root/GIS/Biodiversity%20Data/obs_native.csv?type=csv&maxFields=10000&detectTypes=yes&xField=longitude&yField=latitude&crs=EPSG:4326&spatialIndex=no&subsetIndex=no&watchFile=no
"18231",Fragaria vesca ssp. bracteata,Fragaria,vesca,,bracteata,,native,S5,,48.927224459999998,-123.465320700000007,,NA,NA,"84269503",obs_native,file:///D:/Simon/Sync/Root/GIS/Biodiversity%20Data/obs_native.csv?type=csv&maxFields=10000&detectTypes=yes&xField=longitude&yField=latitude&crs=EPSG:4326&spatialIndex=no&subsetIndex=no&watchFile=no
"18251",Eriophyllum lanatum var. leucophyllum,Eriophyllum,lanatum,,,leucophyllum,native,S5,,48.927973719999997,-123.467073499999998,,NA,NA,"84273509",obs_native,file:///D:/Simon/Sync/Root/GIS/Biodiversity%20Data/obs_native.csv?type=csv&maxFields=10000&detectTypes=yes&xField=longitude&yField=latitude&crs=EPSG:4326&spatialIndex=no&subsetIndex=no&watchFile=no
"18261",Fragaria vesca ssp. bracteata,Fragaria,vesca,,bracteata,,native,S5,,48.929211670000001,-123.465911700000007,,NA,NA,"84311500",obs_native,file:///D:/Simon/Sync/Root/GIS/Biodiversity%20Data/obs_native.csv?type=csv&maxFields=10000&detectTypes=yes&xField=longitude&yField=latitude&crs=EPSG:4326&spatialIndex=no&subsetIndex=no&watchFile=no
"18281",Corallorhiza maculata var. occidentalis,Corallorhiza,maculata,,,occidentalis,native,S5,,48.878036670000000,-123.329369999999997,,NA,NA,"84332928",obs_native,file:///D:/Simon/Sync/Root/GIS/Biodiversity%20Data/obs_native.csv?type=csv&maxFields=10000&detectTypes=yes&xField=longitude&yField=latitude&crs=EPSG:4326&spatialIndex=no&subsetIndex=no&watchFile=no
"18291",Linnaea borealis ssp. longiflora,Linnaea,borealis,,longiflora,,native,S5,,48.930889299999997,-123.470119999999994,,NA,NA,"84336551",obs_native,file:///D:/Simon/Sync/Root/GIS/Biodiversity%20Data/obs_native.csv?type=csv&maxFields=10000&detectTypes=yes&xField=longitude&yField=latitude&crs=EPSG:4326&spatialIndex=no&subsetIndex=no&watchFile=no
"18301",Stachys cooleyae,Stachys,cooleyae,,,,native,S5,,48.929526189999997,-123.470553600000002,,NA,NA,"84336736",obs_native,file:///D:/Simon/Sync/Root/GIS/Biodiversity%20Data/obs_native.csv?type=csv&maxFields=10000&detectTypes=yes&xField=longitude&yField=latitude&crs=EPSG:4326&spatialIndex=no&subsetIndex=no&watchFile=no
"18312",Corallorhiza maculata var. occidentalis,Corallorhiza,maculata,,,occidentalis,native,S5,,48.930549999999997,-123.470916700000004,,NA,NA,"84336780",obs_native,file:///D:/Simon/Sync/Root/GIS/Biodiversity%20Data/obs_native.csv?type=csv&maxFields=10000&detectTypes=yes&xField=longitude&yField=latitude&crs=EPSG:4326&spatialIndex=no&subsetIndex=no&watchFile=no
"18321",Stachys cooleyae,Stachys,cooleyae,,,,native,S5,,48.929324999999999,-123.470016700000002,,NA,NA,"84337429",obs_native,file:///D:/Simon/Sync/Root/GIS/Biodiversity%20Data/obs_native.csv?type=csv&maxFields=10000&detectTypes=yes&xField=longitude&yField=latitude&crs=EPSG:4326&spatialIndex=no&subsetIndex=no&watchFile=no
"18331",Stachys cooleyae,Stachys,cooleyae,,,,native,S5,,48.929119999999998,-123.469933299999994,,NA,NA,"84339069",obs_native,file:///D:/Simon/Sync/Root/GIS/Biodiversity%20Data/obs_native.csv?type=csv&maxFields=10000&detectTypes=yes&xField=longitude&yField=latitude&crs=EPSG:4326&spatialIndex=no&subsetIndex=no&watchFile=no
"18341",Holodiscus discolor var. discolor,Holodiscus,discolor,,,,native,S5,,48.930843779999996,-123.468227700000000,,NA,NA,"84340367",obs_native,file:///D:/Simon/Sync/Root/GIS/Biodiversity%20Data/obs_native.csv?type=csv&maxFields=10000&detectTypes=yes&xField=longitude&yField=latitude&crs=EPSG:4326&spatialIndex=no&subsetIndex=no&watchFile=no
"18351",Stachys cooleyae,Stachys,cooleyae,,,,native,S5,,48.929683930000003,-123.467877500000000,,NA,NA,"84370704",obs_native,file:///D:/Simon/Sync/Root/GIS/Biodiversity%20Data/obs_native.csv?type=csv&maxFields=10000&detectTypes=yes&xField=longitude&yField=latitude&crs=EPSG:4326&spatialIndex=no&subsetIndex=no&watchFile=no
"18361",Holodiscus discolor var. discolor,Holodiscus,discolor,,,,native,S5,,48.928294999999999,-123.467955000000003,,NA,NA,"84378240",obs_native,file:///D:/Simon/Sync/Root/GIS/Biodiversity%20Data/obs_native.csv?type=csv&maxFields=10000&detectTypes=yes&xField=longitude&yField=latitude&crs=EPSG:4326&spatialIndex=no&subsetIndex=no&watchFile=no
"18371",Tiarella trifoliata var. trifoliata,Tiarella,trifoliata,,,,native,S5,,48.930515909999997,-123.466967699999998,,NA,NA,"84388543",obs_native,file:///D:/Simon/Sync/Root/GIS/Biodiversity%20Data/obs_native.csv?type=csv&maxFields=10000&detectTypes=yes&xField=longitude&yField=latitude&crs=EPSG:4326&spatialIndex=no&subsetIndex=no&watchFile=no
"18381",Holodiscus discolor var. discolor,Holodiscus,discolor,,,,native,S5,,48.930688600000003,-123.469027699999998,,NA,NA,"84388548",obs_native,file:///D:/Simon/Sync/Root/GIS/Biodiversity%20Data/obs_native.csv?type=csv&maxFields=10000&detectTypes=yes&xField=longitude&yField=latitude&crs=EPSG:4326&spatialIndex=no&subsetIndex=no&watchFile=no
"18391",Lathyrus nevadensis var. pilosellus,Lathyrus,nevadensis,,,pilosellus,native,S5,,48.997711670000001,-123.587220000000002,,NA,NA,"84390165",obs_native,file:///D:/Simon/Sync/Root/GIS/Biodiversity%20Data/obs_native.csv?type=csv&maxFields=10000&detectTypes=yes&xField=longitude&yField=latitude&crs=EPSG:4326&spatialIndex=no&subsetIndex=no&watchFile=no
"18412",Pteridium aquilinum ssp. pubescens,Pteridium,aquilinum,,pubescens,,native,S5,,48.928644920000004,-123.469461999999993,,NA,NA,"84485655",obs_native,file:///D:/Simon/Sync/Root/GIS/Biodiversity%20Data/obs_native.csv?type=csv&maxFields=10000&detectTypes=yes&xField=longitude&yField=latitude&crs=EPSG:4326&spatialIndex=no&subsetIndex=no&watchFile=no
"18421",Equisetum telmateia ssp. braunii,Equisetum,telmateia,,braunii,,native,S5,,48.943761790000003,-123.492174100000000,,NA,NA,"84485659",obs_native,file:///D:/Simon/Sync/Root/GIS/Biodiversity%20Data/obs_native.csv?type=csv&maxFields=10000&detectTypes=yes&xField=longitude&yField=latitude&crs=EPSG:4326&spatialIndex=no&subsetIndex=no&watchFile=no
"18431",Corallorhiza striata var. striata,Corallorhiza,striata,,,,native,S5,,48.928183019999999,-123.467622199999994,,NA,NA,"84486810",obs_native,file:///D:/Simon/Sync/Root/GIS/Biodiversity%20Data/obs_native.csv?type=csv&maxFields=10000&detectTypes=yes&xField=longitude&yField=latitude&crs=EPSG:4326&spatialIndex=no&subsetIndex=no&watchFile=no
"18441",Sanicula crassicaulis var. crassicaulis,Sanicula,crassicaulis,,,,native,S5,,48.927813389999997,-123.467596999999998,,NA,NA,"84489518",obs_native,file:///D:/Simon/Sync/Root/GIS/Biodiversity%20Data/obs_native.csv?type=csv&maxFields=10000&detectTypes=yes&xField=longitude&yField=latitude&crs=EPSG:4326&spatialIndex=no&subsetIndex=no&watchFile=no
"18461",Stachys cooleyae,Stachys,cooleyae,,,,native,S5,,48.930530310000002,-123.474196000000006,,NA,NA,"84493822",obs_native,file:///D:/Simon/Sync/Root/GIS/Biodiversity%20Data/obs_native.csv?type=csv&maxFields=10000&detectTypes=yes&xField=longitude&yField=latitude&crs=EPSG:4326&spatialIndex=no&subsetIndex=no&watchFile=no
"18471",Rosa nutkana ssp. nutkana,Rosa,nutkana,,,,native,S5,,48.929355000000001,-123.475279999999998,,NA,NA,"84493956",obs_native,file:///D:/Simon/Sync/Root/GIS/Biodiversity%20Data/obs_native.csv?type=csv&maxFields=10000&detectTypes=yes&xField=longitude&yField=latitude&crs=EPSG:4326&spatialIndex=no&subsetIndex=no&watchFile=no
"18481",Rosa nutkana ssp. nutkana,Rosa,nutkana,,,,native,S5,,48.929469930000003,-123.475122400000004,,NA,NA,"84494616",obs_native,file:///D:/Simon/Sync/Root/GIS/Biodiversity%20Data/obs_native.csv?type=csv&maxFields=10000&detectTypes=yes&xField=longitude&yField=latitude&crs=EPSG:4326&spatialIndex=no&subsetIndex=no&watchFile=no
"18491",Holodiscus discolor var. discolor,Holodiscus,discolor,,,,native,S5,,48.928996669999997,-123.468841699999999,,NA,NA,"84494640",obs_native,file:///D:/Simon/Sync/Root/GIS/Biodiversity%20Data/obs_native.csv?type=csv&maxFields=10000&detectTypes=yes&xField=longitude&yField=latitude&crs=EPSG:4326&spatialIndex=no&subsetIndex=no&watchFile=no
"18501",Pseudotsuga menziesii var. menziesii,Pseudotsuga,menziesii,,,,native,S5,,48.929328329999997,-123.475219999999993,,NA,NA,"84496304",obs_native,file:///D:/Simon/Sync/Root/GIS/Biodiversity%20Data/obs_native.csv?type=csv&maxFields=10000&detectTypes=yes&xField=longitude&yField=latitude&crs=EPSG:4326&spatialIndex=no&subsetIndex=no&watchFile=no
"18512",Pteridium aquilinum ssp. pubescens,Pteridium,aquilinum,,pubescens,,native,S5,,48.927697119999998,-123.467693299999993,,NA,NA,"84499155",obs_native,file:///D:/Simon/Sync/Root/GIS/Biodiversity%20Data/obs_native.csv?type=csv&maxFields=10000&detectTypes=yes&xField=longitude&yField=latitude&crs=EPSG:4326&spatialIndex=no&subsetIndex=no&watchFile=no
"18521",Pteridium aquilinum ssp. pubescens,Pteridium,aquilinum,,pubescens,,native,S5,,48.929825119999997,-123.469969699999993,,NA,NA,"84499310",obs_native,file:///D:/Simon/Sync/Root/GIS/Biodiversity%20Data/obs_native.csv?type=csv&maxFields=10000&detectTypes=yes&xField=longitude&yField=latitude&crs=EPSG:4326&spatialIndex=no&subsetIndex=no&watchFile=no
"18531",Rosa nutkana ssp. nutkana,Rosa,nutkana,,,,native,S5,,48.929366670000000,-123.475066699999999,,NA,NA,"84499545",obs_native,file:///D:/Simon/Sync/Root/GIS/Biodiversity%20Data/obs_native.csv?type=csv&maxFields=10000&detectTypes=yes&xField=longitude&yField=latitude&crs=EPSG:4326&spatialIndex=no&subsetIndex=no&watchFile=no
"18541",Equisetum telmateia ssp. braunii,Equisetum,telmateia,,braunii,,native,S5,,48.928745829999997,-123.469373700000006,,NA,NA,"84581057",obs_native,file:///D:/Simon/Sync/Root/GIS/Biodiversity%20Data/obs_native.csv?type=csv&maxFields=10000&detectTypes=yes&xField=longitude&yField=latitude&crs=EPSG:4326&spatialIndex=no&subsetIndex=no&watchFile=no
"18551",Rosa nutkana ssp. nutkana,Rosa,nutkana,,,,native,S5,,48.927948409999999,-123.466605200000004,,NA,NA,"84581221",obs_native,file:///D:/Simon/Sync/Root/GIS/Biodiversity%20Data/obs_native.csv?type=csv&maxFields=10000&detectTypes=yes&xField=longitude&yField=latitude&crs=EPSG:4326&spatialIndex=no&subsetIndex=no&watchFile=no
"18561",Rumex transitorius,Rumex,transitorius,,,,native,S5 (2019),,48.927959620000003,-123.468656400000000,,NA,NA,"84594303",obs_native,file:///D:/Simon/Sync/Root/GIS/Biodiversity%20Data/obs_native.csv?type=csv&maxFields=10000&detectTypes=yes&xField=longitude&yField=latitude&crs=EPSG:4326&spatialIndex=no&subsetIndex=no&watchFile=no
"18571",Pseudotsuga menziesii var. menziesii,Pseudotsuga,menziesii,,,,native,S5,,48.927532820000003,-123.468090500000002,,NA,NA,"84595127",obs_native,file:///D:/Simon/Sync/Root/GIS/Biodiversity%20Data/obs_native.csv?type=csv&maxFields=10000&detectTypes=yes&xField=longitude&yField=latitude&crs=EPSG:4326&spatialIndex=no&subsetIndex=no&watchFile=no
"18581",Pteridium aquilinum ssp. pubescens,Pteridium,aquilinum,,pubescens,,native,S5,,48.932522249999998,-123.479732499999997,,NA,NA,"84595997",obs_native,file:///D:/Simon/Sync/Root/GIS/Biodiversity%20Data/obs_native.csv?type=csv&maxFields=10000&detectTypes=yes&xField=longitude&yField=latitude&crs=EPSG:4326&spatialIndex=no&subsetIndex=no&watchFile=no
"18591",Stachys cooleyae,Stachys,cooleyae,,,,native,S5,,48.874991670000000,-123.320471699999999,,NA,NA,"84632118",obs_native,file:///D:/Simon/Sync/Root/GIS/Biodiversity%20Data/obs_native.csv?type=csv&maxFields=10000&detectTypes=yes&xField=longitude&yField=latitude&crs=EPSG:4326&spatialIndex=no&subsetIndex=no&watchFile=no
"18601",Holodiscus discolor var. discolor,Holodiscus,discolor,,,,native,S5,,48.927596670000000,-123.469130000000007,,NA,NA,"84635069",obs_native,file:///D:/Simon/Sync/Root/GIS/Biodiversity%20Data/obs_native.csv?type=csv&maxFields=10000&detectTypes=yes&xField=longitude&yField=latitude&crs=EPSG:4326&spatialIndex=no&subsetIndex=no&watchFile=no
"18612",Holodiscus discolor var. discolor,Holodiscus,discolor,,,,native,S5,,48.927533330000003,-123.469038299999994,,NA,NA,"84635309",obs_native,file:///D:/Simon/Sync/Root/GIS/Biodiversity%20Data/obs_native.csv?type=csv&maxFields=10000&detectTypes=yes&xField=longitude&yField=latitude&crs=EPSG:4326&spatialIndex=no&subsetIndex=no&watchFile=no
"18621",Equisetum telmateia ssp. braunii,Equisetum,telmateia,,braunii,,native,S5,,48.930850000000000,-123.476150000000004,,NA,NA,"84652762",obs_native,file:///D:/Simon/Sync/Root/GIS/Biodiversity%20Data/obs_native.csv?type=csv&maxFields=10000&detectTypes=yes&xField=longitude&yField=latitude&crs=EPSG:4326&spatialIndex=no&subsetIndex=no&watchFile=no
"18631",Pseudotsuga menziesii var. menziesii,Pseudotsuga,menziesii,,,,native,S5,,48.930950000000003,-123.476394999999997,,NA,NA,"84652832",obs_native,file:///D:/Simon/Sync/Root/GIS/Biodiversity%20Data/obs_native.csv?type=csv&maxFields=10000&detectTypes=yes&xField=longitude&yField=latitude&crs=EPSG:4326&spatialIndex=no&subsetIndex=no&watchFile=no
"18641",Pseudotsuga menziesii var. menziesii,Pseudotsuga,menziesii,,,,native,S5,,48.927528330000001,-123.468863299999995,,NA,NA,"84749452",obs_native,file:///D:/Simon/Sync/Root/GIS/Biodiversity%20Data/obs_native.csv?type=csv&maxFields=10000&detectTypes=yes&xField=longitude&yField=latitude&crs=EPSG:4326&spatialIndex=no&subsetIndex=no&watchFile=no
"18651",Corallorhiza maculata var. occidentalis,Corallorhiza,maculata,,,occidentalis,native,S5,,48.927754510000000,-123.467459899999994,,NA,NA,"84750430",obs_native,file:///D:/Simon/Sync/Root/GIS/Biodiversity%20Data/obs_native.csv?type=csv&maxFields=10000&detectTypes=yes&xField=longitude&yField=latitude&crs=EPSG:4326&spatialIndex=no&subsetIndex=no&watchFile=no
"18661",Spiraea douglasii var. douglasii,Spiraea,douglasii,,,,native,S5,,48.928933330000000,-123.468819999999994,,NA,NA,"84751621",obs_native,file:///D:/Simon/Sync/Root/GIS/Biodiversity%20Data/obs_native.csv?type=csv&maxFields=10000&detectTypes=yes&xField=longitude&yField=latitude&crs=EPSG:4326&spatialIndex=no&subsetIndex=no&watchFile=no
"18671",Equisetum telmateia ssp. braunii,Equisetum,telmateia,,braunii,,native,S5,,48.928963330000002,-123.468824999999995,,NA,NA,"84752300",obs_native,file:///D:/Simon/Sync/Root/GIS/Biodiversity%20Data/obs_native.csv?type=csv&maxFields=10000&detectTypes=yes&xField=longitude&yField=latitude&crs=EPSG:4326&spatialIndex=no&subsetIndex=no&watchFile=no
"18681",Corallorhiza striata var. striata,Corallorhiza,striata,,,,native,S5,,48.927691670000002,-123.469283300000001,,NA,NA,"84753209",obs_native,file:///D:/Simon/Sync/Root/GIS/Biodiversity%20Data/obs_native.csv?type=csv&maxFields=10000&detectTypes=yes&xField=longitude&yField=latitude&crs=EPSG:4326&spatialIndex=no&subsetIndex=no&watchFile=no
"18691",Eriophyllum lanatum var. leucophyllum,Eriophyllum,lanatum,,,leucophyllum,native,S5,,48.929813410000001,-123.467922000000002,,NA,NA,"84753433",obs_native,file:///D:/Simon/Sync/Root/GIS/Biodiversity%20Data/obs_native.csv?type=csv&maxFields=10000&detectTypes=yes&xField=longitude&yField=latitude&crs=EPSG:4326&spatialIndex=no&subsetIndex=no&watchFile=no
"18701",Pseudotsuga menziesii var. menziesii,Pseudotsuga,menziesii,,,,native,S5,,48.931105000000002,-123.475686699999997,,NA,NA,"84806511",obs_native,file:///D:/Simon/Sync/Root/GIS/Biodiversity%20Data/obs_native.csv?type=csv&maxFields=10000&detectTypes=yes&xField=longitude&yField=latitude&crs=EPSG:4326&spatialIndex=no&subsetIndex=no&watchFile=no
"18721",Symphoricarpos albus var. laevigatus,Symphoricarpos,albus,,,laevigatus,native,S5,,48.898261669999997,-123.408103299999993,,NA,NA,"85288488",obs_native,file:///D:/Simon/Sync/Root/GIS/Biodiversity%20Data/obs_native.csv?type=csv&maxFields=10000&detectTypes=yes&xField=longitude&yField=latitude&crs=EPSG:4326&spatialIndex=no&subsetIndex=no&watchFile=no
"18731",Sarcocornia perennis,Sarcocornia,perennis,,,,native,S5,,48.898086669999998,-123.408005000000003,,NA,NA,"85288627",obs_native,file:///D:/Simon/Sync/Root/GIS/Biodiversity%20Data/obs_native.csv?type=csv&maxFields=10000&detectTypes=yes&xField=longitude&yField=latitude&crs=EPSG:4326&spatialIndex=no&subsetIndex=no&watchFile=no
"18741",Elymus glaucus ssp. glaucus,Elymus,glaucus,,,,native,S5,,48.863826670000002,-123.362285000000000,,NA,NA,"85291223",obs_native,file:///D:/Simon/Sync/Root/GIS/Biodiversity%20Data/obs_native.csv?type=csv&maxFields=10000&detectTypes=yes&xField=longitude&yField=latitude&crs=EPSG:4326&spatialIndex=no&subsetIndex=no&watchFile=no
"18751",Holodiscus discolor var. discolor,Holodiscus,discolor,,,,native,S5,,48.864975000000001,-123.363883299999998,,NA,NA,"85291224",obs_native,file:///D:/Simon/Sync/Root/GIS/Biodiversity%20Data/obs_native.csv?type=csv&maxFields=10000&detectTypes=yes&xField=longitude&yField=latitude&crs=EPSG:4326&spatialIndex=no&subsetIndex=no&watchFile=no
"18761",Amelanchier alnifolia,Amelanchier,alnifolia,,,,native,S5,,48.864958330000000,-123.363879999999995,,NA,NA,"85291226",obs_native,file:///D:/Simon/Sync/Root/GIS/Biodiversity%20Data/obs_native.csv?type=csv&maxFields=10000&detectTypes=yes&xField=longitude&yField=latitude&crs=EPSG:4326&spatialIndex=no&subsetIndex=no&watchFile=no
"18771",Ranunculus flammula var. reptans,Ranunculus,flammula,,,reptans,native,S5,,48.864890000000003,-123.364156699999995,,NA,NA,"85291233",obs_native,file:///D:/Simon/Sync/Root/GIS/Biodiversity%20Data/obs_native.csv?type=csv&maxFields=10000&detectTypes=yes&xField=longitude&yField=latitude&crs=EPSG:4326&spatialIndex=no&subsetIndex=no&watchFile=no
"18791",Amelanchier alnifolia,Amelanchier,alnifolia,,,,native,S5,,48.894403619999999,-123.404794800000005,,NA,NA,"85701687",obs_native,file:///D:/Simon/Sync/Root/GIS/Biodiversity%20Data/obs_native.csv?type=csv&maxFields=10000&detectTypes=yes&xField=longitude&yField=latitude&crs=EPSG:4326&spatialIndex=no&subsetIndex=no&watchFile=no
"18812",Pteridium aquilinum ssp. pubescens,Pteridium,aquilinum,,pubescens,,native,S5,,48.874248330000000,-123.319595000000007,,NA,NA,"86360304",obs_native,file:///D:/Simon/Sync/Root/GIS/Biodiversity%20Data/obs_native.csv?type=csv&maxFields=10000&detectTypes=yes&xField=longitude&yField=latitude&crs=EPSG:4326&spatialIndex=no&subsetIndex=no&watchFile=no
"18821",Pteridium aquilinum ssp. pubescens,Pteridium,aquilinum,,pubescens,,native,S5,,48.874316669999999,-123.319646700000007,,NA,NA,"86360307",obs_native,file:///D:/Simon/Sync/Root/GIS/Biodiversity%20Data/obs_native.csv?type=csv&maxFields=10000&detectTypes=yes&xField=longitude&yField=latitude&crs=EPSG:4326&spatialIndex=no&subsetIndex=no&watchFile=no
"18831",Rosa nutkana ssp. nutkana,Rosa,nutkana,,,,native,S5,,48.874245000000002,-123.319583300000005,,NA,NA,"86360318",obs_native,file:///D:/Simon/Sync/Root/GIS/Biodiversity%20Data/obs_native.csv?type=csv&maxFields=10000&detectTypes=yes&xField=longitude&yField=latitude&crs=EPSG:4326&spatialIndex=no&subsetIndex=no&watchFile=no
"18841",Stachys cooleyae,Stachys,cooleyae,,,,native,S5,,48.874479999999998,-123.319789999999998,,NA,NA,"86360320",obs_native,file:///D:/Simon/Sync/Root/GIS/Biodiversity%20Data/obs_native.csv?type=csv&maxFields=10000&detectTypes=yes&xField=longitude&yField=latitude&crs=EPSG:4326&spatialIndex=no&subsetIndex=no&watchFile=no
"18851",Sambucus racemosa var. arborescens,Sambucus,racemosa,,,arborescens,native,S5,,48.874339999999997,-123.319648299999997,,NA,NA,"86360325",obs_native,file:///D:/Simon/Sync/Root/GIS/Biodiversity%20Data/obs_native.csv?type=csv&maxFields=10000&detectTypes=yes&xField=longitude&yField=latitude&crs=EPSG:4326&spatialIndex=no&subsetIndex=no&watchFile=no
"18861",Fragaria vesca ssp. bracteata,Fragaria,vesca,,bracteata,,native,S5,,48.874318330000001,-123.319451700000002,,NA,NA,"86360329",obs_native,file:///D:/Simon/Sync/Root/GIS/Biodiversity%20Data/obs_native.csv?type=csv&maxFields=10000&detectTypes=yes&xField=longitude&yField=latitude&crs=EPSG:4326&spatialIndex=no&subsetIndex=no&watchFile=no
"18881",Rosa nutkana ssp. nutkana,Rosa,nutkana,,,,native,S5,,48.874251670000000,-123.319148299999995,,NA,NA,"86360336",obs_native,file:///D:/Simon/Sync/Root/GIS/Biodiversity%20Data/obs_native.csv?type=csv&maxFields=10000&detectTypes=yes&xField=longitude&yField=latitude&crs=EPSG:4326&spatialIndex=no&subsetIndex=no&watchFile=no
"18891",Pseudotsuga menziesii var. menziesii,Pseudotsuga,menziesii,,,,native,S5,,48.874274999999997,-123.319178300000004,,NA,NA,"86360338",obs_native,file:///D:/Simon/Sync/Root/GIS/Biodiversity%20Data/obs_native.csv?type=csv&maxFields=10000&detectTypes=yes&xField=longitude&yField=latitude&crs=EPSG:4326&spatialIndex=no&subsetIndex=no&watchFile=no
"18901",Holodiscus discolor var. discolor,Holodiscus,discolor,,,,native,S5,,48.874943330000001,-123.320470000000000,,NA,NA,"86360407",obs_native,file:///D:/Simon/Sync/Root/GIS/Biodiversity%20Data/obs_native.csv?type=csv&maxFields=10000&detectTypes=yes&xField=longitude&yField=latitude&crs=EPSG:4326&spatialIndex=no&subsetIndex=no&watchFile=no
"18912",Stachys cooleyae,Stachys,cooleyae,,,,native,S5,,48.874776670000003,-123.320665000000005,,NA,NA,"86360409",obs_native,file:///D:/Simon/Sync/Root/GIS/Biodiversity%20Data/obs_native.csv?type=csv&maxFields=10000&detectTypes=yes&xField=longitude&yField=latitude&crs=EPSG:4326&spatialIndex=no&subsetIndex=no&watchFile=no
"18921",Cuscuta pacifica var. pacifica,Cuscuta,pacifica,,,,native,S4,,48.897886890000002,-123.407351800000001,,NA,NA,"86518610",obs_native,file:///D:/Simon/Sync/Root/GIS/Biodiversity%20Data/obs_native.csv?type=csv&maxFields=10000&detectTypes=yes&xField=longitude&yField=latitude&crs=EPSG:4326&spatialIndex=no&subsetIndex=no&watchFile=no
"18931",Tiarella trifoliata var. trifoliata,Tiarella,trifoliata,,,,native,S5,,48.870983330000001,-123.340705000000000,,NA,NA,"86657426",obs_native,file:///D:/Simon/Sync/Root/GIS/Biodiversity%20Data/obs_native.csv?type=csv&maxFields=10000&detectTypes=yes&xField=longitude&yField=latitude&crs=EPSG:4326&spatialIndex=no&subsetIndex=no&watchFile=no
"18941",Holodiscus discolor var. discolor,Holodiscus,discolor,,,,native,S5,,48.876210980000003,-123.400874900000005,,NA,NA,"86685772",obs_native,file:///D:/Simon/Sync/Root/GIS/Biodiversity%20Data/obs_native.csv?type=csv&maxFields=10000&detectTypes=yes&xField=longitude&yField=latitude&crs=EPSG:4326&spatialIndex=no&subsetIndex=no&watchFile=no
"18951",Pseudotsuga menziesii var. menziesii,Pseudotsuga,menziesii,,,,native,S5,,48.876168040000003,-123.400225800000001,,NA,NA,"86685778",obs_native,file:///D:/Simon/Sync/Root/GIS/Biodiversity%20Data/obs_native.csv?type=csv&maxFields=10000&detectTypes=yes&xField=longitude&yField=latitude&crs=EPSG:4326&spatialIndex=no&subsetIndex=no&watchFile=no
"18961",Pseudotsuga menziesii var. menziesii,Pseudotsuga,menziesii,,,,native,S5,,48.873880000000000,-123.343703300000001,,NA,NA,"87960715",obs_native,file:///D:/Simon/Sync/Root/GIS/Biodiversity%20Data/obs_native.csv?type=csv&maxFields=10000&detectTypes=yes&xField=longitude&yField=latitude&crs=EPSG:4326&spatialIndex=no&subsetIndex=no&watchFile=no
"18971",Athyrium filix-femina ssp. cyclosorum,Athyrium,filix-femina,,cyclosorum,,native,S5,,48.873728329999999,-123.343461700000006,,NA,NA,"87960717",obs_native,file:///D:/Simon/Sync/Root/GIS/Biodiversity%20Data/obs_native.csv?type=csv&maxFields=10000&detectTypes=yes&xField=longitude&yField=latitude&crs=EPSG:4326&spatialIndex=no&subsetIndex=no&watchFile=no
"18981",Symphoricarpos albus var. laevigatus,Symphoricarpos,albus,,,laevigatus,native,S5,,48.876810700000000,-123.315622800000000,,NA,NA,"88628300",obs_native,file:///D:/Simon/Sync/Root/GIS/Biodiversity%20Data/obs_native.csv?type=csv&maxFields=10000&detectTypes=yes&xField=longitude&yField=latitude&crs=EPSG:4326&spatialIndex=no&subsetIndex=no&watchFile=no
"18991",Sarcocornia perennis,Sarcocornia,perennis,,,,native,S5,,48.899120750000002,-123.407306199999994,,NA,NA,"89030262",obs_native,file:///D:/Simon/Sync/Root/GIS/Biodiversity%20Data/obs_native.csv?type=csv&maxFields=10000&detectTypes=yes&xField=longitude&yField=latitude&crs=EPSG:4326&spatialIndex=no&subsetIndex=no&watchFile=no
"19001",Corallorhiza maculata var. occidentalis,Corallorhiza,maculata,,,occidentalis,native,S5,,48.895035999999998,-123.405150000000006,,NA,NA,"89033544",obs_native,file:///D:/Simon/Sync/Root/GIS/Biodiversity%20Data/obs_native.csv?type=csv&maxFields=10000&detectTypes=yes&xField=longitude&yField=latitude&crs=EPSG:4326&spatialIndex=no&subsetIndex=no&watchFile=no
"19012",Spiraea douglasii var. douglasii,Spiraea,douglasii,,,,native,S5,,48.984093330000000,-123.556808300000000,,NA,NA,"89513139",obs_native,file:///D:/Simon/Sync/Root/GIS/Biodiversity%20Data/obs_native.csv?type=csv&maxFields=10000&detectTypes=yes&xField=longitude&yField=latitude&crs=EPSG:4326&spatialIndex=no&subsetIndex=no&watchFile=no
"19031",Holodiscus discolor var. discolor,Holodiscus,discolor,,,,native,S5,,48.977021669999999,-123.554119999999998,,NA,NA,"89513182",obs_native,file:///D:/Simon/Sync/Root/GIS/Biodiversity%20Data/obs_native.csv?type=csv&maxFields=10000&detectTypes=yes&xField=longitude&yField=latitude&crs=EPSG:4326&spatialIndex=no&subsetIndex=no&watchFile=no
"19041",Ranunculus flammula var. reptans,Ranunculus,flammula,,,reptans,native,S5,,48.977028330000003,-123.552476700000000,,NA,NA,"89513215",obs_native,file:///D:/Simon/Sync/Root/GIS/Biodiversity%20Data/obs_native.csv?type=csv&maxFields=10000&detectTypes=yes&xField=longitude&yField=latitude&crs=EPSG:4326&spatialIndex=no&subsetIndex=no&watchFile=no
"19051",Holodiscus discolor var. discolor,Holodiscus,discolor,,,,native,S5,,48.978509180000003,-123.555201800000006,,NA,NA,"89513242",obs_native,file:///D:/Simon/Sync/Root/GIS/Biodiversity%20Data/obs_native.csv?type=csv&maxFields=10000&detectTypes=yes&xField=longitude&yField=latitude&crs=EPSG:4326&spatialIndex=no&subsetIndex=no&watchFile=no
"19061",Pteridium aquilinum ssp. pubescens,Pteridium,aquilinum,,pubescens,,native,S5,,48.979206830000003,-123.557561300000003,,NA,NA,"89513316",obs_native,file:///D:/Simon/Sync/Root/GIS/Biodiversity%20Data/obs_native.csv?type=csv&maxFields=10000&detectTypes=yes&xField=longitude&yField=latitude&crs=EPSG:4326&spatialIndex=no&subsetIndex=no&watchFile=no
"19071",Sambucus racemosa var. arborescens,Sambucus,racemosa,,,arborescens,native,S5,,48.944733329999998,-123.505775000000000,,NA,NA,"90354588",obs_native,file:///D:/Simon/Sync/Root/GIS/Biodiversity%20Data/obs_native.csv?type=csv&maxFields=10000&detectTypes=yes&xField=longitude&yField=latitude&crs=EPSG:4326&spatialIndex=no&subsetIndex=no&watchFile=no
"19081",Erythranthe cf guttata,Erythranthe,guttata,,,,native,S5,,48.988300000000002,-123.549049999999994,,NA,NA,"90750700",obs_native,file:///D:/Simon/Sync/Root/GIS/Biodiversity%20Data/obs_native.csv?type=csv&maxFields=10000&detectTypes=yes&xField=longitude&yField=latitude&crs=EPSG:4326&spatialIndex=no&subsetIndex=no&watchFile=no
"19102",Stachys cooleyae,Stachys,cooleyae,,,,native,S5,,48.870326910000003,-123.320368400000007,,NA,NA,"90849794",obs_native,file:///D:/Simon/Sync/Root/GIS/Biodiversity%20Data/obs_native.csv?type=csv&maxFields=10000&detectTypes=yes&xField=longitude&yField=latitude&crs=EPSG:4326&spatialIndex=no&subsetIndex=no&watchFile=no
"19112",Stachys cooleyae,Stachys,cooleyae,,,,native,S5,,48.882670849999997,-123.323196300000006,,NA,NA,"91586084",obs_native,file:///D:/Simon/Sync/Root/GIS/Biodiversity%20Data/obs_native.csv?type=csv&maxFields=10000&detectTypes=yes&xField=longitude&yField=latitude&crs=EPSG:4326&spatialIndex=no&subsetIndex=no&watchFile=no
"19121",Cornus sericea ssp. occidentalis,Cornus,sericea,,occidentalis,,native,S5,,48.900350000000003,-123.442970000000003,,NA,NA,"92834923",obs_native,file:///D:/Simon/Sync/Root/GIS/Biodiversity%20Data/obs_native.csv?type=csv&maxFields=10000&detectTypes=yes&xField=longitude&yField=latitude&crs=EPSG:4326&spatialIndex=no&subsetIndex=no&watchFile=no
"19131",Spiraea douglasii var. douglasii,Spiraea,douglasii,,,,native,S5,,48.884640189999999,-123.371316399999998,,NA,NA,"93550054",obs_native,file:///D:/Simon/Sync/Root/GIS/Biodiversity%20Data/obs_native.csv?type=csv&maxFields=10000&detectTypes=yes&xField=longitude&yField=latitude&crs=EPSG:4326&spatialIndex=no&subsetIndex=no&watchFile=no
"19141",Salix lasiandra var. lasiandra,Salix,lasiandra,,,,native,S5,,48.884493329999998,-123.369873299999995,,NA,NA,"93550060",obs_native,file:///D:/Simon/Sync/Root/GIS/Biodiversity%20Data/obs_native.csv?type=csv&maxFields=10000&detectTypes=yes&xField=longitude&yField=latitude&crs=EPSG:4326&spatialIndex=no&subsetIndex=no&watchFile=no
"19151",Spiraea douglasii var. douglasii,Spiraea,douglasii,,,,native,S5,,48.884481670000000,-123.370073300000001,,NA,NA,"93550065",obs_native,file:///D:/Simon/Sync/Root/GIS/Biodiversity%20Data/obs_native.csv?type=csv&maxFields=10000&detectTypes=yes&xField=longitude&yField=latitude&crs=EPSG:4326&spatialIndex=no&subsetIndex=no&watchFile=no
"19161",Salix lasiandra var. lasiandra,Salix,lasiandra,,,,native,S5,,48.884703330000001,-123.370464999999996,,NA,NA,"93550071",obs_native,file:///D:/Simon/Sync/Root/GIS/Biodiversity%20Data/obs_native.csv?type=csv&maxFields=10000&detectTypes=yes&xField=longitude&yField=latitude&crs=EPSG:4326&spatialIndex=no&subsetIndex=no&watchFile=no
"19171",Holodiscus discolor var. discolor,Holodiscus,discolor,,,,native,S5,,48.983928329999998,-123.543961699999997,,NA,NA,"93747207",obs_native,file:///D:/Simon/Sync/Root/GIS/Biodiversity%20Data/obs_native.csv?type=csv&maxFields=10000&detectTypes=yes&xField=longitude&yField=latitude&crs=EPSG:4326&spatialIndex=no&subsetIndex=no&watchFile=no
"19181",Athyrium filix-femina ssp. cyclosorum,Athyrium,filix-femina,,cyclosorum,,native,S5,,48.984569999999998,-123.544808300000000,,NA,NA,"93750679",obs_native,file:///D:/Simon/Sync/Root/GIS/Biodiversity%20Data/obs_native.csv?type=csv&maxFields=10000&detectTypes=yes&xField=longitude&yField=latitude&crs=EPSG:4326&spatialIndex=no&subsetIndex=no&watchFile=no
"19191",Rosa nutkana ssp. nutkana,Rosa,nutkana,,,,native,S5,,48.874445000000001,-123.317599999999999,,NA,NA,"94301113",obs_native,file:///D:/Simon/Sync/Root/GIS/Biodiversity%20Data/obs_native.csv?type=csv&maxFields=10000&detectTypes=yes&xField=longitude&yField=latitude&crs=EPSG:4326&spatialIndex=no&subsetIndex=no&watchFile=no
"19201",Fragaria vesca ssp. bracteata,Fragaria,vesca,,bracteata,,native,S5,,48.999605559999999,-123.561094400000002,,NA,NA,"94679673",obs_native,file:///D:/Simon/Sync/Root/GIS/Biodiversity%20Data/obs_native.csv?type=csv&maxFields=10000&detectTypes=yes&xField=longitude&yField=latitude&crs=EPSG:4326&spatialIndex=no&subsetIndex=no&watchFile=no
"19212",Holodiscus discolor var. discolor,Holodiscus,discolor,,,,native,S5,,49.000297220000000,-123.560613900000007,,NA,NA,"94679678",obs_native,file:///D:/Simon/Sync/Root/GIS/Biodiversity%20Data/obs_native.csv?type=csv&maxFields=10000&detectTypes=yes&xField=longitude&yField=latitude&crs=EPSG:4326&spatialIndex=no&subsetIndex=no&watchFile=no
"19221",Pinus contorta ssp. contorta,Pinus,contorta,,,,native,S5,,49.000884999999997,-123.561201699999998,,NA,NA,"94679698",obs_native,file:///D:/Simon/Sync/Root/GIS/Biodiversity%20Data/obs_native.csv?type=csv&maxFields=10000&detectTypes=yes&xField=longitude&yField=latitude&crs=EPSG:4326&spatialIndex=no&subsetIndex=no&watchFile=no
"19231",Pseudotsuga menziesii var. menziesii,Pseudotsuga,menziesii,,,,native,S5,,49.000884999999997,-123.561203300000003,,NA,NA,"94679700",obs_native,file:///D:/Simon/Sync/Root/GIS/Biodiversity%20Data/obs_native.csv?type=csv&maxFields=10000&detectTypes=yes&xField=longitude&yField=latitude&crs=EPSG:4326&spatialIndex=no&subsetIndex=no&watchFile=no
"19241",Equisetum telmateia ssp. braunii,Equisetum,telmateia,,braunii,,native,S5,,48.995688330000000,-123.563339999999997,,NA,NA,"94679717",obs_native,file:///D:/Simon/Sync/Root/GIS/Biodiversity%20Data/obs_native.csv?type=csv&maxFields=10000&detectTypes=yes&xField=longitude&yField=latitude&crs=EPSG:4326&spatialIndex=no&subsetIndex=no&watchFile=no
"19251",Athyrium filix-femina ssp. cyclosorum,Athyrium,filix-femina,,cyclosorum,,native,S5,,48.995564999999999,-123.563163299999999,,NA,NA,"94679718",obs_native,file:///D:/Simon/Sync/Root/GIS/Biodiversity%20Data/obs_native.csv?type=csv&maxFields=10000&detectTypes=yes&xField=longitude&yField=latitude&crs=EPSG:4326&spatialIndex=no&subsetIndex=no&watchFile=no
"19261",Equisetum hyemale ssp. affine,Equisetum,hyemale,,affine,,native,S5,,48.995933330000000,-123.563393300000001,,NA,NA,"94679724",obs_native,file:///D:/Simon/Sync/Root/GIS/Biodiversity%20Data/obs_native.csv?type=csv&maxFields=10000&detectTypes=yes&xField=longitude&yField=latitude&crs=EPSG:4326&spatialIndex=no&subsetIndex=no&watchFile=no
"19271",Pteridium aquilinum ssp. pubescens,Pteridium,aquilinum,,pubescens,,native,S5,,48.994433330000000,-123.562926700000006,,NA,NA,"94679730",obs_native,file:///D:/Simon/Sync/Root/GIS/Biodiversity%20Data/obs_native.csv?type=csv&maxFields=10000&detectTypes=yes&xField=longitude&yField=latitude&crs=EPSG:4326&spatialIndex=no&subsetIndex=no&watchFile=no
"19281",Prunus emarginata var. emarginata,Prunus,emarginata,,,,native,S5,,48.994203910000003,-123.561173299999993,,NA,NA,"94679751",obs_native,file:///D:/Simon/Sync/Root/GIS/Biodiversity%20Data/obs_native.csv?type=csv&maxFields=10000&detectTypes=yes&xField=longitude&yField=latitude&crs=EPSG:4326&spatialIndex=no&subsetIndex=no&watchFile=no
"19291",Prunus emarginata var. emarginata,Prunus,emarginata,,,,native,S5,,48.994198130000001,-123.556165899999996,,NA,NA,"94679766",obs_native,file:///D:/Simon/Sync/Root/GIS/Biodiversity%20Data/obs_native.csv?type=csv&maxFields=10000&detectTypes=yes&xField=longitude&yField=latitude&crs=EPSG:4326&spatialIndex=no&subsetIndex=no&watchFile=no
"19301",Prunus emarginata var. emarginata,Prunus,emarginata,,,,native,S5,,48.994571669999999,-123.556441699999993,,NA,NA,"94679790",obs_native,file:///D:/Simon/Sync/Root/GIS/Biodiversity%20Data/obs_native.csv?type=csv&maxFields=10000&detectTypes=yes&xField=longitude&yField=latitude&crs=EPSG:4326&spatialIndex=no&subsetIndex=no&watchFile=no
"19312",Holodiscus discolor var. discolor,Holodiscus,discolor,,,,native,S5,,48.994700000000002,-123.556399999999996,,NA,NA,"94679797",obs_native,file:///D:/Simon/Sync/Root/GIS/Biodiversity%20Data/obs_native.csv?type=csv&maxFields=10000&detectTypes=yes&xField=longitude&yField=latitude&crs=EPSG:4326&spatialIndex=no&subsetIndex=no&watchFile=no
"193210",Holodiscus discolor var. discolor,Holodiscus,discolor,,,,native,S5,,48.994493329999997,-123.555366699999993,,NA,NA,"94679799",obs_native,file:///D:/Simon/Sync/Root/GIS/Biodiversity%20Data/obs_native.csv?type=csv&maxFields=10000&detectTypes=yes&xField=longitude&yField=latitude&crs=EPSG:4326&spatialIndex=no&subsetIndex=no&watchFile=no
"19331",Pseudotsuga menziesii var. menziesii,Pseudotsuga,menziesii,,,,native,S5,,48.994594890000002,-123.554896400000004,,NA,NA,"94679807",obs_native,file:///D:/Simon/Sync/Root/GIS/Biodiversity%20Data/obs_native.csv?type=csv&maxFields=10000&detectTypes=yes&xField=longitude&yField=latitude&crs=EPSG:4326&spatialIndex=no&subsetIndex=no&watchFile=no
"19341",Pinus contorta ssp. contorta,Pinus,contorta,,,,native,S5,,48.994594890000002,-123.554896400000004,,NA,NA,"94679809",obs_native,file:///D:/Simon/Sync/Root/GIS/Biodiversity%20Data/obs_native.csv?type=csv&maxFields=10000&detectTypes=yes&xField=longitude&yField=latitude&crs=EPSG:4326&spatialIndex=no&subsetIndex=no&watchFile=no
"19351",Pseudotsuga menziesii var. menziesii,Pseudotsuga,menziesii,,,,native,S5,,48.986065000000004,-123.549395000000004,,NA,NA,"94679841",obs_native,file:///D:/Simon/Sync/Root/GIS/Biodiversity%20Data/obs_native.csv?type=csv&maxFields=10000&detectTypes=yes&xField=longitude&yField=latitude&crs=EPSG:4326&spatialIndex=no&subsetIndex=no&watchFile=no
"19361",Quercus garryana var. garryana,Quercus,garryana,,,,native,S5,,48.866956670000000,-123.337050000000005,,NA,NA,"94748738",obs_native,file:///D:/Simon/Sync/Root/GIS/Biodiversity%20Data/obs_native.csv?type=csv&maxFields=10000&detectTypes=yes&xField=longitude&yField=latitude&crs=EPSG:4326&spatialIndex=no&subsetIndex=no&watchFile=no
"19371",Heuchera micrantha var. diversifolia,Heuchera,micrantha,,,diversifolia,native,S5,,48.941863329999997,-123.501341699999998,,NA,NA,"95668925",obs_native,file:///D:/Simon/Sync/Root/GIS/Biodiversity%20Data/obs_native.csv?type=csv&maxFields=10000&detectTypes=yes&xField=longitude&yField=latitude&crs=EPSG:4326&spatialIndex=no&subsetIndex=no&watchFile=no
"19381",Pteridium aquilinum ssp. pubescens,Pteridium,aquilinum,,pubescens,,native,S5,,48.901221769999999,-123.406985300000002,,NA,NA,"95899291",obs_native,file:///D:/Simon/Sync/Root/GIS/Biodiversity%20Data/obs_native.csv?type=csv&maxFields=10000&detectTypes=yes&xField=longitude&yField=latitude&crs=EPSG:4326&spatialIndex=no&subsetIndex=no&watchFile=no
"19391",Sarcocornia perennis,Sarcocornia,perennis,,,,native,S5,,48.904248670000001,-123.403210700000002,,NA,NA,"95900320",obs_native,file:///D:/Simon/Sync/Root/GIS/Biodiversity%20Data/obs_native.csv?type=csv&maxFields=10000&detectTypes=yes&xField=longitude&yField=latitude&crs=EPSG:4326&spatialIndex=no&subsetIndex=no&watchFile=no
"19401",Cerastium arvense ssp. strictum,Cerastium,arvense,,strictum,,native,S5,,48.956074999999998,-123.527741700000007,,NA,NA,"96498826",obs_native,file:///D:/Simon/Sync/Root/GIS/Biodiversity%20Data/obs_native.csv?type=csv&maxFields=10000&detectTypes=yes&xField=longitude&yField=latitude&crs=EPSG:4326&spatialIndex=no&subsetIndex=no&watchFile=no
"19412",Salix lasiandra var. lasiandra,Salix,lasiandra,,,,native,S5,,48.973144439999999,-123.560524999999998,,NA,NA,"97202756",obs_native,file:///D:/Simon/Sync/Root/GIS/Biodiversity%20Data/obs_native.csv?type=csv&maxFields=10000&detectTypes=yes&xField=longitude&yField=latitude&crs=EPSG:4326&spatialIndex=no&subsetIndex=no&watchFile=no
"19421",Castilleja hispida,Castilleja,hispida,,,,native,S5,,48.894729069999997,-123.409239200000002,,NA,NA,"97267972",obs_native,file:///D:/Simon/Sync/Root/GIS/Biodiversity%20Data/obs_native.csv?type=csv&maxFields=10000&detectTypes=yes&xField=longitude&yField=latitude&crs=EPSG:4326&spatialIndex=no&subsetIndex=no&watchFile=no
"19431",Sarcocornia perennis,Sarcocornia,perennis,,,,native,S5,,48.929510800000003,-123.475748199999998,,NA,NA,"98115491",obs_native,file:///D:/Simon/Sync/Root/GIS/Biodiversity%20Data/obs_native.csv?type=csv&maxFields=10000&detectTypes=yes&xField=longitude&yField=latitude&crs=EPSG:4326&spatialIndex=no&subsetIndex=no&watchFile=no
"19441",Pseudotsuga menziesii var. menziesii,Pseudotsuga,menziesii,,,,native,S5,,49.001581760000001,-123.563884700000003,,NA,NA,"98167995",obs_native,file:///D:/Simon/Sync/Root/GIS/Biodiversity%20Data/obs_native.csv?type=csv&maxFields=10000&detectTypes=yes&xField=longitude&yField=latitude&crs=EPSG:4326&spatialIndex=no&subsetIndex=no&watchFile=no
"19461",Calypso bulbosa var. occidentalis,Calypso,bulbosa,,,occidentalis,native,S5,,48.985541670000003,-123.556283300000004,,NA,NA,"98854724",obs_native,file:///D:/Simon/Sync/Root/GIS/Biodiversity%20Data/obs_native.csv?type=csv&maxFields=10000&detectTypes=yes&xField=longitude&yField=latitude&crs=EPSG:4326&spatialIndex=no&subsetIndex=no&watchFile=no
"19481",Quercus garryana var. garryana,Quercus,garryana,,,,native,S5,,48.866320000000002,-123.368713299999996,,NA,NA,"99510047",obs_native,file:///D:/Simon/Sync/Root/GIS/Biodiversity%20Data/obs_native.csv?type=csv&maxFields=10000&detectTypes=yes&xField=longitude&yField=latitude&crs=EPSG:4326&spatialIndex=no&subsetIndex=no&watchFile=no
"19491",Pentagramma triangularis ssp. triangularis,Pentagramma,triangularis,,,,native,S5,,48.865655310000001,-123.367958599999994,,NA,NA,"99661805",obs_native,file:///D:/Simon/Sync/Root/GIS/Biodiversity%20Data/obs_native.csv?type=csv&maxFields=10000&detectTypes=yes&xField=longitude&yField=latitude&crs=EPSG:4326&spatialIndex=no&subsetIndex=no&watchFile=no
"19501",Sanicula crassicaulis var. crassicaulis,Sanicula,crassicaulis,,,,native,S5,,48.899794970000002,-123.343297000000007,,NA,NA,"100436439",obs_native,file:///D:/Simon/Sync/Root/GIS/Biodiversity%20Data/obs_native.csv?type=csv&maxFields=10000&detectTypes=yes&xField=longitude&yField=latitude&crs=EPSG:4326&spatialIndex=no&subsetIndex=no&watchFile=no
"19512",Sambucus racemosa var. arborescens,Sambucus,racemosa,,,arborescens,native,S5,,48.987368330000002,-123.553465000000003,,NA,NA,"100641799",obs_native,file:///D:/Simon/Sync/Root/GIS/Biodiversity%20Data/obs_native.csv?type=csv&maxFields=10000&detectTypes=yes&xField=longitude&yField=latitude&crs=EPSG:4326&spatialIndex=no&subsetIndex=no&watchFile=no
"19521",Prunus emarginata var. emarginata,Prunus,emarginata,,,,native,S5,,48.988005129999998,-123.550893000000002,,NA,NA,"100641800",obs_native,file:///D:/Simon/Sync/Root/GIS/Biodiversity%20Data/obs_native.csv?type=csv&maxFields=10000&detectTypes=yes&xField=longitude&yField=latitude&crs=EPSG:4326&spatialIndex=no&subsetIndex=no&watchFile=no
"19531",Pinus contorta ssp. contorta,Pinus,contorta,,,,native,S5,,48.987666670000003,-123.548791699999995,,NA,NA,"100641825",obs_native,file:///D:/Simon/Sync/Root/GIS/Biodiversity%20Data/obs_native.csv?type=csv&maxFields=10000&detectTypes=yes&xField=longitude&yField=latitude&crs=EPSG:4326&spatialIndex=no&subsetIndex=no&watchFile=no
"19541",Pteridium aquilinum ssp. pubescens,Pteridium,aquilinum,,pubescens,,native,S5,,48.989676670000001,-123.550648300000006,,NA,NA,"100641839",obs_native,file:///D:/Simon/Sync/Root/GIS/Biodiversity%20Data/obs_native.csv?type=csv&maxFields=10000&detectTypes=yes&xField=longitude&yField=latitude&crs=EPSG:4326&spatialIndex=no&subsetIndex=no&watchFile=no
"19551",Holodiscus discolor var. discolor,Holodiscus,discolor,,,,native,S5,,48.990643329999997,-123.551254999999998,,NA,NA,"100641881",obs_native,file:///D:/Simon/Sync/Root/GIS/Biodiversity%20Data/obs_native.csv?type=csv&maxFields=10000&detectTypes=yes&xField=longitude&yField=latitude&crs=EPSG:4326&spatialIndex=no&subsetIndex=no&watchFile=no
"19561",Pseudotsuga menziesii var. menziesii,Pseudotsuga,menziesii,,,,native,S5,,48.992451670000001,-123.553723300000001,,NA,NA,"100641919",obs_native,file:///D:/Simon/Sync/Root/GIS/Biodiversity%20Data/obs_native.csv?type=csv&maxFields=10000&detectTypes=yes&xField=longitude&yField=latitude&crs=EPSG:4326&spatialIndex=no&subsetIndex=no&watchFile=no
"19571",Pinus contorta ssp. contorta,Pinus,contorta,,,,native,S5,,48.993452840000003,-123.554223800000003,,NA,NA,"100641923",obs_native,file:///D:/Simon/Sync/Root/GIS/Biodiversity%20Data/obs_native.csv?type=csv&maxFields=10000&detectTypes=yes&xField=longitude&yField=latitude&crs=EPSG:4326&spatialIndex=no&subsetIndex=no&watchFile=no
"19581",Pinus contorta ssp. contorta,Pinus,contorta,,,,native,S5,,48.993452840000003,-123.554223800000003,,NA,NA,"100641928",obs_native,file:///D:/Simon/Sync/Root/GIS/Biodiversity%20Data/obs_native.csv?type=csv&maxFields=10000&detectTypes=yes&xField=longitude&yField=latitude&crs=EPSG:4326&spatialIndex=no&subsetIndex=no&watchFile=no
"19591",Pteridium aquilinum ssp. pubescens,Pteridium,aquilinum,,pubescens,,native,S5,,48.993452840000003,-123.554223800000003,,NA,NA,"100641968",obs_native,file:///D:/Simon/Sync/Root/GIS/Biodiversity%20Data/obs_native.csv?type=csv&maxFields=10000&detectTypes=yes&xField=longitude&yField=latitude&crs=EPSG:4326&spatialIndex=no&subsetIndex=no&watchFile=no
"19601",Quercus garryana var. garryana,Quercus,garryana,,,,native,S5,,48.863576700000003,-123.362295099999997,,NA,NA,"100647269",obs_native,file:///D:/Simon/Sync/Root/GIS/Biodiversity%20Data/obs_native.csv?type=csv&maxFields=10000&detectTypes=yes&xField=longitude&yField=latitude&crs=EPSG:4326&spatialIndex=no&subsetIndex=no&watchFile=no
"19612",Pseudotsuga menziesii var. menziesii,Pseudotsuga,menziesii,,,,native,S5,,48.894398000000002,-123.407320999999996,,NA,NA,"100722975",obs_native,file:///D:/Simon/Sync/Root/GIS/Biodiversity%20Data/obs_native.csv?type=csv&maxFields=10000&detectTypes=yes&xField=longitude&yField=latitude&crs=EPSG:4326&spatialIndex=no&subsetIndex=no&watchFile=no
"19621",Holodiscus discolor var. discolor,Holodiscus,discolor,,,,native,S5,,48.952278499999998,-123.518342899999993,,NA,NA,"100723307",obs_native,file:///D:/Simon/Sync/Root/GIS/Biodiversity%20Data/obs_native.csv?type=csv&maxFields=10000&detectTypes=yes&xField=longitude&yField=latitude&crs=EPSG:4326&spatialIndex=no&subsetIndex=no&watchFile=no
"19631",Quercus garryana var. garryana,Quercus,garryana,,,,native,S5,,48.872082300000002,-123.312289199999995,,NA,NA,"101067955",obs_native,file:///D:/Simon/Sync/Root/GIS/Biodiversity%20Data/obs_native.csv?type=csv&maxFields=10000&detectTypes=yes&xField=longitude&yField=latitude&crs=EPSG:4326&spatialIndex=no&subsetIndex=no&watchFile=no
"19641",Quercus garryana var. garryana,Quercus,garryana,,,,native,S5,,48.866582870000002,-123.334854100000001,,NA,NA,"101303901",obs_native,file:///D:/Simon/Sync/Root/GIS/Biodiversity%20Data/obs_native.csv?type=csv&maxFields=10000&detectTypes=yes&xField=longitude&yField=latitude&crs=EPSG:4326&spatialIndex=no&subsetIndex=no&watchFile=no
"19651",Quercus garryana var. garryana,Quercus,garryana,,,,native,S5,,48.868128159999998,-123.340679399999999,,NA,NA,"101304229",obs_native,file:///D:/Simon/Sync/Root/GIS/Biodiversity%20Data/obs_native.csv?type=csv&maxFields=10000&detectTypes=yes&xField=longitude&yField=latitude&crs=EPSG:4326&spatialIndex=no&subsetIndex=no&watchFile=no
"19661",Sarcocornia perennis,Sarcocornia,perennis,,,,native,S5,,48.898104609999997,-123.407944299999997,,NA,NA,"101359306",obs_native,file:///D:/Simon/Sync/Root/GIS/Biodiversity%20Data/obs_native.csv?type=csv&maxFields=10000&detectTypes=yes&xField=longitude&yField=latitude&crs=EPSG:4326&spatialIndex=no&subsetIndex=no&watchFile=no
"19671",Festuca rubra ssp. pruinosa,Festuca,rubra,,pruinosa,,native,S5? (2020),,48.900253329999998,-123.444991700000003,,NA,NA,"104941876",obs_native,file:///D:/Simon/Sync/Root/GIS/Biodiversity%20Data/obs_native.csv?type=csv&maxFields=10000&detectTypes=yes&xField=longitude&yField=latitude&crs=EPSG:4326&spatialIndex=no&subsetIndex=no&watchFile=no
"19681",Sanicula crassicaulis var. crassicaulis,Sanicula,crassicaulis,,,,native,S5,,48.872588329999999,-123.310424999999995,,NA,NA,"105893725",obs_native,file:///D:/Simon/Sync/Root/GIS/Biodiversity%20Data/obs_native.csv?type=csv&maxFields=10000&detectTypes=yes&xField=longitude&yField=latitude&crs=EPSG:4326&spatialIndex=no&subsetIndex=no&watchFile=no
"19691",Fragaria vesca ssp. bracteata,Fragaria,vesca,,bracteata,,native,S5,,49.011249999999997,-123.585449999999994,,NA,NA,"105994724",obs_native,file:///D:/Simon/Sync/Root/GIS/Biodiversity%20Data/obs_native.csv?type=csv&maxFields=10000&detectTypes=yes&xField=longitude&yField=latitude&crs=EPSG:4326&spatialIndex=no&subsetIndex=no&watchFile=no
"19701",Pseudotsuga menziesii var. menziesii,Pseudotsuga,menziesii,,,,native,S5,,48.947789999999998,-123.501413299999996,,NA,NA,"107022563",obs_native,file:///D:/Simon/Sync/Root/GIS/Biodiversity%20Data/obs_native.csv?type=csv&maxFields=10000&detectTypes=yes&xField=longitude&yField=latitude&crs=EPSG:4326&spatialIndex=no&subsetIndex=no&watchFile=no
"19712",Holodiscus discolor var. discolor,Holodiscus,discolor,,,,native,S5,,48.947350000000000,-123.502381700000001,,NA,NA,"107022572",obs_native,file:///D:/Simon/Sync/Root/GIS/Biodiversity%20Data/obs_native.csv?type=csv&maxFields=10000&detectTypes=yes&xField=longitude&yField=latitude&crs=EPSG:4326&spatialIndex=no&subsetIndex=no&watchFile=no
"19721",Pseudotsuga menziesii var. menziesii,Pseudotsuga,menziesii,,,,native,S5,,48.947116670000000,-123.502116700000002,,NA,NA,"107022577",obs_native,file:///D:/Simon/Sync/Root/GIS/Biodiversity%20Data/obs_native.csv?type=csv&maxFields=10000&detectTypes=yes&xField=longitude&yField=latitude&crs=EPSG:4326&spatialIndex=no&subsetIndex=no&watchFile=no
"19731",Pseudotsuga menziesii var. menziesii,Pseudotsuga,menziesii,,,,native,S5,,48.947591670000001,-123.500924999999995,,NA,NA,"107022583",obs_native,file:///D:/Simon/Sync/Root/GIS/Biodiversity%20Data/obs_native.csv?type=csv&maxFields=10000&detectTypes=yes&xField=longitude&yField=latitude&crs=EPSG:4326&spatialIndex=no&subsetIndex=no&watchFile=no
"19741",Sanicula crassicaulis var. crassicaulis,Sanicula,crassicaulis,,,,native,S5,,48.976793450000002,-123.566061700000006,,NA,NA,"107151212",obs_native,file:///D:/Simon/Sync/Root/GIS/Biodiversity%20Data/obs_native.csv?type=csv&maxFields=10000&detectTypes=yes&xField=longitude&yField=latitude&crs=EPSG:4326&spatialIndex=no&subsetIndex=no&watchFile=no
"19751",Pentagramma triangularis ssp. triangularis,Pentagramma,triangularis,,,,native,S5,,48.942360000000001,-123.511206700000002,,NA,NA,"107193925",obs_native,file:///D:/Simon/Sync/Root/GIS/Biodiversity%20Data/obs_native.csv?type=csv&maxFields=10000&detectTypes=yes&xField=longitude&yField=latitude&crs=EPSG:4326&spatialIndex=no&subsetIndex=no&watchFile=no
"19761",Pentagramma triangularis ssp. triangularis,Pentagramma,triangularis,,,,native,S5,,48.867576669999998,-123.339496699999998,,NA,NA,"107521174",obs_native,file:///D:/Simon/Sync/Root/GIS/Biodiversity%20Data/obs_native.csv?type=csv&maxFields=10000&detectTypes=yes&xField=longitude&yField=latitude&crs=EPSG:4326&spatialIndex=no&subsetIndex=no&watchFile=no
"19771",Pentagramma triangularis ssp. triangularis,Pentagramma,triangularis,,,,native,S5,,48.867628330000002,-123.339470000000006,,NA,NA,"107521179",obs_native,file:///D:/Simon/Sync/Root/GIS/Biodiversity%20Data/obs_native.csv?type=csv&maxFields=10000&detectTypes=yes&xField=longitude&yField=latitude&crs=EPSG:4326&spatialIndex=no&subsetIndex=no&watchFile=no
"19781",Sanicula crassicaulis var. crassicaulis,Sanicula,crassicaulis,,,,native,S5,,49.013313330000003,-123.573110000000000,,NA,NA,"107521185",obs_native,file:///D:/Simon/Sync/Root/GIS/Biodiversity%20Data/obs_native.csv?type=csv&maxFields=10000&detectTypes=yes&xField=longitude&yField=latitude&crs=EPSG:4326&spatialIndex=no&subsetIndex=no&watchFile=no
"19791",Sanicula crassicaulis var. crassicaulis,Sanicula,crassicaulis,,,,native,S5,,49.013533330000001,-123.573250000000002,,NA,NA,"107595222",obs_native,file:///D:/Simon/Sync/Root/GIS/Biodiversity%20Data/obs_native.csv?type=csv&maxFields=10000&detectTypes=yes&xField=longitude&yField=latitude&crs=EPSG:4326&spatialIndex=no&subsetIndex=no&watchFile=no
"19801",Chimaphila umbellata ssp. umbellata,Chimaphila,umbellata,,,,native,S5,,49.008133330000000,-123.571371700000000,,NA,NA,"107595998",obs_native,file:///D:/Simon/Sync/Root/GIS/Biodiversity%20Data/obs_native.csv?type=csv&maxFields=10000&detectTypes=yes&xField=longitude&yField=latitude&crs=EPSG:4326&spatialIndex=no&subsetIndex=no&watchFile=no
"19812",Calypso bulbosa var. occidentalis,Calypso,bulbosa,,,occidentalis,native,S5,,49.008805549999998,-123.571663299999997,,NA,NA,"107596933",obs_native,file:///D:/Simon/Sync/Root/GIS/Biodiversity%20Data/obs_native.csv?type=csv&maxFields=10000&detectTypes=yes&xField=longitude&yField=latitude&crs=EPSG:4326&spatialIndex=no&subsetIndex=no&watchFile=no
"19821",Calypso bulbosa var. occidentalis,Calypso,bulbosa,,,occidentalis,native,S5,,49.008899999999997,-123.571516700000004,,NA,NA,"107597010",obs_native,file:///D:/Simon/Sync/Root/GIS/Biodiversity%20Data/obs_native.csv?type=csv&maxFields=10000&detectTypes=yes&xField=longitude&yField=latitude&crs=EPSG:4326&spatialIndex=no&subsetIndex=no&watchFile=no
"19831",Calypso bulbosa var. occidentalis,Calypso,bulbosa,,,occidentalis,native,S5,,49.009063879999999,-123.571791700000006,,NA,NA,"107597083",obs_native,file:///D:/Simon/Sync/Root/GIS/Biodiversity%20Data/obs_native.csv?type=csv&maxFields=10000&detectTypes=yes&xField=longitude&yField=latitude&crs=EPSG:4326&spatialIndex=no&subsetIndex=no&watchFile=no
"19841",Calypso bulbosa var. occidentalis,Calypso,bulbosa,,,occidentalis,native,S5,,49.008850000000002,-123.571633300000002,,NA,NA,"107597123",obs_native,file:///D:/Simon/Sync/Root/GIS/Biodiversity%20Data/obs_native.csv?type=csv&maxFields=10000&detectTypes=yes&xField=longitude&yField=latitude&crs=EPSG:4326&spatialIndex=no&subsetIndex=no&watchFile=no
"19851",Pseudotsuga menziesii var. menziesii,Pseudotsuga,menziesii,,,,native,S5,,48.869815699999997,-123.349089100000000,,NA,NA,"107652464",obs_native,file:///D:/Simon/Sync/Root/GIS/Biodiversity%20Data/obs_native.csv?type=csv&maxFields=10000&detectTypes=yes&xField=longitude&yField=latitude&crs=EPSG:4326&spatialIndex=no&subsetIndex=no&watchFile=no
"19861",Chimaphila umbellata ssp. umbellata,Chimaphila,umbellata,,,,native,S5,,49.008372219999998,-123.571158299999993,,NA,NA,"107678394",obs_native,file:///D:/Simon/Sync/Root/GIS/Biodiversity%20Data/obs_native.csv?type=csv&maxFields=10000&detectTypes=yes&xField=longitude&yField=latitude&crs=EPSG:4326&spatialIndex=no&subsetIndex=no&watchFile=no
"19881",Calandrinia ciliata,Calandrinia,ciliata,,,,native,S3S4,,48.867527199999998,-123.339487800000001,,NA,NA,"107976656",obs_native,file:///D:/Simon/Sync/Root/GIS/Biodiversity%20Data/obs_native.csv?type=csv&maxFields=10000&detectTypes=yes&xField=longitude&yField=latitude&crs=EPSG:4326&spatialIndex=no&subsetIndex=no&watchFile=no
"19891",Claytonia rubra ssp. rubra,Claytonia,rubra,,,,native,S5?,,48.928493379999999,-123.468389799999997,,NA,NA,"108894605",obs_native,file:///D:/Simon/Sync/Root/GIS/Biodiversity%20Data/obs_native.csv?type=csv&maxFields=10000&detectTypes=yes&xField=longitude&yField=latitude&crs=EPSG:4326&spatialIndex=no&subsetIndex=no&watchFile=no
"19901",Sanicula crassicaulis var. crassicaulis,Sanicula,crassicaulis,,,,native,S5,,48.929811100000002,-123.473358599999997,,NA,NA,"108910574",obs_native,file:///D:/Simon/Sync/Root/GIS/Biodiversity%20Data/obs_native.csv?type=csv&maxFields=10000&detectTypes=yes&xField=longitude&yField=latitude&crs=EPSG:4326&spatialIndex=no&subsetIndex=no&watchFile=no
"19912",Erythranthe cf guttata,Erythranthe,guttata,,,,native,S5,,48.865916669999997,-123.349791699999997,,NA,NA,"109270126",obs_native,file:///D:/Simon/Sync/Root/GIS/Biodiversity%20Data/obs_native.csv?type=csv&maxFields=10000&detectTypes=yes&xField=longitude&yField=latitude&crs=EPSG:4326&spatialIndex=no&subsetIndex=no&watchFile=no
"19921",Calandrinia ciliata,Calandrinia,ciliata,,,,native,S3S4,,48.956143679999997,-123.527953900000000,,NA,NA,"109429657",obs_native,file:///D:/Simon/Sync/Root/GIS/Biodiversity%20Data/obs_native.csv?type=csv&maxFields=10000&detectTypes=yes&xField=longitude&yField=latitude&crs=EPSG:4326&spatialIndex=no&subsetIndex=no&watchFile=no
"19931",Plectritis congesta ssp. congesta,Plectritis,congesta,,,,native,S5,,48.956968330000002,-123.529866699999999,,NA,NA,"109429668",obs_native,file:///D:/Simon/Sync/Root/GIS/Biodiversity%20Data/obs_native.csv?type=csv&maxFields=10000&detectTypes=yes&xField=longitude&yField=latitude&crs=EPSG:4326&spatialIndex=no&subsetIndex=no&watchFile=no
"19941",Sanicula crassicaulis var. crassicaulis,Sanicula,crassicaulis,,,,native,S5,,48.939993280000003,-123.501096599999997,,NA,NA,"109615952",obs_native,file:///D:/Simon/Sync/Root/GIS/Biodiversity%20Data/obs_native.csv?type=csv&maxFields=10000&detectTypes=yes&xField=longitude&yField=latitude&crs=EPSG:4326&spatialIndex=no&subsetIndex=no&watchFile=no
"19951",Sanicula crassicaulis var. crassicaulis,Sanicula,crassicaulis,,,,native,S5,,48.895088330000000,-123.409386699999999,,NA,NA,"109620225",obs_native,file:///D:/Simon/Sync/Root/GIS/Biodiversity%20Data/obs_native.csv?type=csv&maxFields=10000&detectTypes=yes&xField=longitude&yField=latitude&crs=EPSG:4326&spatialIndex=no&subsetIndex=no&watchFile=no
"19961",Holodiscus discolor var. discolor,Holodiscus,discolor,,,,native,S5,,49.000022219999998,-123.586211700000007,,NA,NA,"109623268",obs_native,file:///D:/Simon/Sync/Root/GIS/Biodiversity%20Data/obs_native.csv?type=csv&maxFields=10000&detectTypes=yes&xField=longitude&yField=latitude&crs=EPSG:4326&spatialIndex=no&subsetIndex=no&watchFile=no
"19971",Pseudotsuga menziesii var. menziesii,Pseudotsuga,menziesii,,,,native,S5,,48.952494999999999,-123.533036699999997,,NA,NA,"109624107",obs_native,file:///D:/Simon/Sync/Root/GIS/Biodiversity%20Data/obs_native.csv?type=csv&maxFields=10000&detectTypes=yes&xField=longitude&yField=latitude&crs=EPSG:4326&spatialIndex=no&subsetIndex=no&watchFile=no
"19991",Calandrinia ciliata,Calandrinia,ciliata,,,,native,S3S4,,48.871791670000000,-123.310608299999998,,NA,NA,"109707334",obs_native,file:///D:/Simon/Sync/Root/GIS/Biodiversity%20Data/obs_native.csv?type=csv&maxFields=10000&detectTypes=yes&xField=longitude&yField=latitude&crs=EPSG:4326&spatialIndex=no&subsetIndex=no&watchFile=no
"20001",Quercus garryana var. garryana,Quercus,garryana,,,,native,S5,,48.871516669999998,-123.310974999999999,,NA,NA,"109724545",obs_native,file:///D:/Simon/Sync/Root/GIS/Biodiversity%20Data/obs_native.csv?type=csv&maxFields=10000&detectTypes=yes&xField=longitude&yField=latitude&crs=EPSG:4326&spatialIndex=no&subsetIndex=no&watchFile=no
"20012",Sanicula crassicaulis var. crassicaulis,Sanicula,crassicaulis,,,,native,S5,,48.871524999999998,-123.310928300000000,,NA,NA,"109724682",obs_native,file:///D:/Simon/Sync/Root/GIS/Biodiversity%20Data/obs_native.csv?type=csv&maxFields=10000&detectTypes=yes&xField=longitude&yField=latitude&crs=EPSG:4326&spatialIndex=no&subsetIndex=no&watchFile=no
"20021",Ribes divaricatum var. divaricatum,Ribes,divaricatum,,,,native,S5,,48.949486669999999,-123.488595000000004,,NA,NA,"109885017",obs_native,file:///D:/Simon/Sync/Root/GIS/Biodiversity%20Data/obs_native.csv?type=csv&maxFields=10000&detectTypes=yes&xField=longitude&yField=latitude&crs=EPSG:4326&spatialIndex=no&subsetIndex=no&watchFile=no
"20031",Pinus contorta ssp. contorta,Pinus,contorta,,,,native,S5,,48.916244990000003,-123.394152800000001,,NA,NA,"110152169",obs_native,file:///D:/Simon/Sync/Root/GIS/Biodiversity%20Data/obs_native.csv?type=csv&maxFields=10000&detectTypes=yes&xField=longitude&yField=latitude&crs=EPSG:4326&spatialIndex=no&subsetIndex=no&watchFile=no
"20041",Ranunculus occidentalis var. occidentalis,Ranunculus,occidentalis,,,,native,S5,,49.013683329999999,-123.573608300000004,,NA,NA,"110305729",obs_native,file:///D:/Simon/Sync/Root/GIS/Biodiversity%20Data/obs_native.csv?type=csv&maxFields=10000&detectTypes=yes&xField=longitude&yField=latitude&crs=EPSG:4326&spatialIndex=no&subsetIndex=no&watchFile=no
"20051",Claytonia rubra ssp. rubra,Claytonia,rubra,,,,native,S5?,,49.013144449999999,-123.573288300000002,,NA,NA,"110305894",obs_native,file:///D:/Simon/Sync/Root/GIS/Biodiversity%20Data/obs_native.csv?type=csv&maxFields=10000&detectTypes=yes&xField=longitude&yField=latitude&crs=EPSG:4326&spatialIndex=no&subsetIndex=no&watchFile=no
"20071",Cerastium arvense ssp. strictum,Cerastium,arvense,,strictum,,native,S5,,48.867363330000003,-123.338293300000004,,NA,NA,"110820829",obs_native,file:///D:/Simon/Sync/Root/GIS/Biodiversity%20Data/obs_native.csv?type=csv&maxFields=10000&detectTypes=yes&xField=longitude&yField=latitude&crs=EPSG:4326&spatialIndex=no&subsetIndex=no&watchFile=no
"20081",Ranunculus occidentalis var. occidentalis,Ranunculus,occidentalis,,,,native,S5,,48.871706670000002,-123.310635000000005,,NA,NA,"110820834",obs_native,file:///D:/Simon/Sync/Root/GIS/Biodiversity%20Data/obs_native.csv?type=csv&maxFields=10000&detectTypes=yes&xField=longitude&yField=latitude&crs=EPSG:4326&spatialIndex=no&subsetIndex=no&watchFile=no
"20091",Sanicula crassicaulis var. crassicaulis,Sanicula,crassicaulis,,,,native,S5,,48.871508329999997,-123.310725000000005,,NA,NA,"110820839",obs_native,file:///D:/Simon/Sync/Root/GIS/Biodiversity%20Data/obs_native.csv?type=csv&maxFields=10000&detectTypes=yes&xField=longitude&yField=latitude&crs=EPSG:4326&spatialIndex=no&subsetIndex=no&watchFile=no
"20102",Sanicula crassicaulis var. crassicaulis,Sanicula,crassicaulis,,,,native,S5,,48.871588330000002,-123.310834999999997,,NA,NA,"110820847",obs_native,file:///D:/Simon/Sync/Root/GIS/Biodiversity%20Data/obs_native.csv?type=csv&maxFields=10000&detectTypes=yes&xField=longitude&yField=latitude&crs=EPSG:4326&spatialIndex=no&subsetIndex=no&watchFile=no
"20112",Ranunculus occidentalis var. occidentalis,Ranunculus,occidentalis,,,,native,S5,,48.871638330000003,-123.311118300000004,,NA,NA,"110820848",obs_native,file:///D:/Simon/Sync/Root/GIS/Biodiversity%20Data/obs_native.csv?type=csv&maxFields=10000&detectTypes=yes&xField=longitude&yField=latitude&crs=EPSG:4326&spatialIndex=no&subsetIndex=no&watchFile=no
"20121",Rosa nutkana ssp. nutkana,Rosa,nutkana,,,,native,S5,,48.897900000000000,-123.401702000000000,,NA,NA,"110820866",obs_native,file:///D:/Simon/Sync/Root/GIS/Biodiversity%20Data/obs_native.csv?type=csv&maxFields=10000&detectTypes=yes&xField=longitude&yField=latitude&crs=EPSG:4326&spatialIndex=no&subsetIndex=no&watchFile=no
"20131",Sanicula crassicaulis var. crassicaulis,Sanicula,crassicaulis,,,,native,S5,,49.009887999999997,-123.570778000000004,,NA,NA,"110922017",obs_native,file:///D:/Simon/Sync/Root/GIS/Biodiversity%20Data/obs_native.csv?type=csv&maxFields=10000&detectTypes=yes&xField=longitude&yField=latitude&crs=EPSG:4326&spatialIndex=no&subsetIndex=no&watchFile=no
"20141",Pentagramma triangularis ssp. triangularis,Pentagramma,triangularis,,,,native,S5,,48.862774999999999,-123.369600000000005,,NA,NA,"110932086",obs_native,file:///D:/Simon/Sync/Root/GIS/Biodiversity%20Data/obs_native.csv?type=csv&maxFields=10000&detectTypes=yes&xField=longitude&yField=latitude&crs=EPSG:4326&spatialIndex=no&subsetIndex=no&watchFile=no
"20161",Pseudotsuga menziesii var. menziesii,Pseudotsuga,menziesii,,,,native,S5,,49.010303000000000,-123.573441000000003,,NA,NA,"110936357",obs_native,file:///D:/Simon/Sync/Root/GIS/Biodiversity%20Data/obs_native.csv?type=csv&maxFields=10000&detectTypes=yes&xField=longitude&yField=latitude&crs=EPSG:4326&spatialIndex=no&subsetIndex=no&watchFile=no
"20171",Plectritis congesta ssp. congesta,Plectritis,congesta,,,,native,S5,,49.012839999999997,-123.573097000000004,,NA,NA,"110936371",obs_native,file:///D:/Simon/Sync/Root/GIS/Biodiversity%20Data/obs_native.csv?type=csv&maxFields=10000&detectTypes=yes&xField=longitude&yField=latitude&crs=EPSG:4326&spatialIndex=no&subsetIndex=no&watchFile=no
"20181",Quercus garryana var. garryana,Quercus,garryana,,,,native,S5,,49.014133000000001,-123.573853000000000,,NA,NA,"110936378",obs_native,file:///D:/Simon/Sync/Root/GIS/Biodiversity%20Data/obs_native.csv?type=csv&maxFields=10000&detectTypes=yes&xField=longitude&yField=latitude&crs=EPSG:4326&spatialIndex=no&subsetIndex=no&watchFile=no
"20191",Sanicula crassicaulis var. crassicaulis,Sanicula,crassicaulis,,,,native,S5,,49.013022999999997,-123.573143000000002,,NA,NA,"110936381",obs_native,file:///D:/Simon/Sync/Root/GIS/Biodiversity%20Data/obs_native.csv?type=csv&maxFields=10000&detectTypes=yes&xField=longitude&yField=latitude&crs=EPSG:4326&spatialIndex=no&subsetIndex=no&watchFile=no
"20201",Pentagramma triangularis ssp. triangularis,Pentagramma,triangularis,,,,native,S5,,48.867615000000001,-123.339516000000003,,NA,NA,"110937714",obs_native,file:///D:/Simon/Sync/Root/GIS/Biodiversity%20Data/obs_native.csv?type=csv&maxFields=10000&detectTypes=yes&xField=longitude&yField=latitude&crs=EPSG:4326&spatialIndex=no&subsetIndex=no&watchFile=no
"20212",Sanicula crassicaulis var. crassicaulis,Sanicula,crassicaulis,,,,native,S5,,48.906341670000003,-123.361368299999995,,NA,NA,"111052850",obs_native,file:///D:/Simon/Sync/Root/GIS/Biodiversity%20Data/obs_native.csv?type=csv&maxFields=10000&detectTypes=yes&xField=longitude&yField=latitude&crs=EPSG:4326&spatialIndex=no&subsetIndex=no&watchFile=no
"20221",Sanicula crassicaulis var. crassicaulis,Sanicula,crassicaulis,,,,native,S5,,48.906368329999999,-123.361886699999999,,NA,NA,"111052908",obs_native,file:///D:/Simon/Sync/Root/GIS/Biodiversity%20Data/obs_native.csv?type=csv&maxFields=10000&detectTypes=yes&xField=longitude&yField=latitude&crs=EPSG:4326&spatialIndex=no&subsetIndex=no&watchFile=no
"20241",Plectritis congesta ssp. congesta,Plectritis,congesta,,,,native,S5,,48.909681669999998,-123.372226699999999,,NA,NA,"111053107",obs_native,file:///D:/Simon/Sync/Root/GIS/Biodiversity%20Data/obs_native.csv?type=csv&maxFields=10000&detectTypes=yes&xField=longitude&yField=latitude&crs=EPSG:4326&spatialIndex=no&subsetIndex=no&watchFile=no
"20251",Pseudotsuga menziesii var. menziesii,Pseudotsuga,menziesii,,,,native,S5,,49.001694450000002,-123.563521699999995,,NA,NA,"111104742",obs_native,file:///D:/Simon/Sync/Root/GIS/Biodiversity%20Data/obs_native.csv?type=csv&maxFields=10000&detectTypes=yes&xField=longitude&yField=latitude&crs=EPSG:4326&spatialIndex=no&subsetIndex=no&watchFile=no
"20261",Castilleja hispida,Castilleja,hispida,,,,native,S5,,48.952694999999999,-123.533569999999997,,NA,NA,"111105491",obs_native,file:///D:/Simon/Sync/Root/GIS/Biodiversity%20Data/obs_native.csv?type=csv&maxFields=10000&detectTypes=yes&xField=longitude&yField=latitude&crs=EPSG:4326&spatialIndex=no&subsetIndex=no&watchFile=no
"20271",Pentagramma triangularis ssp. triangularis,Pentagramma,triangularis,,,,native,S5,,48.952471670000001,-123.533203299999997,,NA,NA,"111106740",obs_native,file:///D:/Simon/Sync/Root/GIS/Biodiversity%20Data/obs_native.csv?type=csv&maxFields=10000&detectTypes=yes&xField=longitude&yField=latitude&crs=EPSG:4326&spatialIndex=no&subsetIndex=no&watchFile=no
"20291",Erythranthe cf guttata,Erythranthe,guttata,,,,native,S5,,48.871661670000002,-123.310591700000003,,NA,NA,"111116109",obs_native,file:///D:/Simon/Sync/Root/GIS/Biodiversity%20Data/obs_native.csv?type=csv&maxFields=10000&detectTypes=yes&xField=longitude&yField=latitude&crs=EPSG:4326&spatialIndex=no&subsetIndex=no&watchFile=no
"20301",Pseudotsuga menziesii var. menziesii,Pseudotsuga,menziesii,,,,native,S5,,49.013666999999998,-123.573704000000006,,NA,NA,"111592791",obs_native,file:///D:/Simon/Sync/Root/GIS/Biodiversity%20Data/obs_native.csv?type=csv&maxFields=10000&detectTypes=yes&xField=longitude&yField=latitude&crs=EPSG:4326&spatialIndex=no&subsetIndex=no&watchFile=no
"20312",Plectritis congesta ssp. congesta,Plectritis,congesta,,,,native,S5,,48.902958329999997,-123.448804999999993,,NA,NA,"111599206",obs_native,file:///D:/Simon/Sync/Root/GIS/Biodiversity%20Data/obs_native.csv?type=csv&maxFields=10000&detectTypes=yes&xField=longitude&yField=latitude&crs=EPSG:4326&spatialIndex=no&subsetIndex=no&watchFile=no
"20321",Pentagramma triangularis ssp. triangularis,Pentagramma,triangularis,,,,native,S5,,48.865765439999997,-123.369791199999995,,NA,NA,"111609840",obs_native,file:///D:/Simon/Sync/Root/GIS/Biodiversity%20Data/obs_native.csv?type=csv&maxFields=10000&detectTypes=yes&xField=longitude&yField=latitude&crs=EPSG:4326&spatialIndex=no&subsetIndex=no&watchFile=no
"20331",Claytonia exigua ssp. exigua,Claytonia,exigua,,,,native,S4,,48.866113890000001,-123.368836099999996,,NA,NA,"111609873",obs_native,file:///D:/Simon/Sync/Root/GIS/Biodiversity%20Data/obs_native.csv?type=csv&maxFields=10000&detectTypes=yes&xField=longitude&yField=latitude&crs=EPSG:4326&spatialIndex=no&subsetIndex=no&watchFile=no
"20341",Claytonia rubra ssp. rubra,Claytonia,rubra,,,,native,S5?,,48.866103330000001,-123.368821699999998,,NA,NA,"111609875",obs_native,file:///D:/Simon/Sync/Root/GIS/Biodiversity%20Data/obs_native.csv?type=csv&maxFields=10000&detectTypes=yes&xField=longitude&yField=latitude&crs=EPSG:4326&spatialIndex=no&subsetIndex=no&watchFile=no
"20361",Pseudotsuga menziesii var. menziesii,Pseudotsuga,menziesii,,,,native,S5,,48.865203219999998,-123.368926400000007,,NA,NA,"111610121",obs_native,file:///D:/Simon/Sync/Root/GIS/Biodiversity%20Data/obs_native.csv?type=csv&maxFields=10000&detectTypes=yes&xField=longitude&yField=latitude&crs=EPSG:4326&spatialIndex=no&subsetIndex=no&watchFile=no
"20371",Calandrinia ciliata,Calandrinia,ciliata,,,,native,S3S4,,48.959204999999997,-123.533661699999996,,NA,NA,"111709163",obs_native,file:///D:/Simon/Sync/Root/GIS/Biodiversity%20Data/obs_native.csv?type=csv&maxFields=10000&detectTypes=yes&xField=longitude&yField=latitude&crs=EPSG:4326&spatialIndex=no&subsetIndex=no&watchFile=no
"20381",Carex inops ssp. inops,Carex,inops,,,,native,S4S5,,48.861210000000000,-123.363770000000002,,NA,NA,"111867195",obs_native,file:///D:/Simon/Sync/Root/GIS/Biodiversity%20Data/obs_native.csv?type=csv&maxFields=10000&detectTypes=yes&xField=longitude&yField=latitude&crs=EPSG:4326&spatialIndex=no&subsetIndex=no&watchFile=no
"20391",Quercus garryana var. garryana,Quercus,garryana,,,,native,S5,,48.861250609999999,-123.364863700000001,,NA,NA,"111867199",obs_native,file:///D:/Simon/Sync/Root/GIS/Biodiversity%20Data/obs_native.csv?type=csv&maxFields=10000&detectTypes=yes&xField=longitude&yField=latitude&crs=EPSG:4326&spatialIndex=no&subsetIndex=no&watchFile=no
"20401",Pseudotsuga menziesii var. menziesii,Pseudotsuga,menziesii,,,,native,S5,,48.861250609999999,-123.364863700000001,,NA,NA,"111867200",obs_native,file:///D:/Simon/Sync/Root/GIS/Biodiversity%20Data/obs_native.csv?type=csv&maxFields=10000&detectTypes=yes&xField=longitude&yField=latitude&crs=EPSG:4326&spatialIndex=no&subsetIndex=no&watchFile=no
"20412",Symphoricarpos albus var. laevigatus,Symphoricarpos,albus,,,laevigatus,native,S5,,48.861250609999999,-123.364863700000001,,NA,NA,"111867206",obs_native,file:///D:/Simon/Sync/Root/GIS/Biodiversity%20Data/obs_native.csv?type=csv&maxFields=10000&detectTypes=yes&xField=longitude&yField=latitude&crs=EPSG:4326&spatialIndex=no&subsetIndex=no&watchFile=no
"20421",Quercus garryana var. garryana,Quercus,garryana,,,,native,S5,,48.861316670000001,-123.365171700000005,,NA,NA,"111867207",obs_native,file:///D:/Simon/Sync/Root/GIS/Biodiversity%20Data/obs_native.csv?type=csv&maxFields=10000&detectTypes=yes&xField=longitude&yField=latitude&crs=EPSG:4326&spatialIndex=no&subsetIndex=no&watchFile=no
"20431",Quercus garryana var. garryana,Quercus,garryana,,,,native,S5,,48.861454999999999,-123.366041699999997,,NA,NA,"111867224",obs_native,file:///D:/Simon/Sync/Root/GIS/Biodiversity%20Data/obs_native.csv?type=csv&maxFields=10000&detectTypes=yes&xField=longitude&yField=latitude&crs=EPSG:4326&spatialIndex=no&subsetIndex=no&watchFile=no
"20441",Pseudotsuga menziesii var. menziesii,Pseudotsuga,menziesii,,,,native,S5,,48.862316000000000,-123.310196000000005,,NA,NA,"111994733",obs_native,file:///D:/Simon/Sync/Root/GIS/Biodiversity%20Data/obs_native.csv?type=csv&maxFields=10000&detectTypes=yes&xField=longitude&yField=latitude&crs=EPSG:4326&spatialIndex=no&subsetIndex=no&watchFile=no
"20451",Sanicula crassicaulis var. crassicaulis,Sanicula,crassicaulis,,,,native,S5,,49.013257920000001,-123.573117699999997,,NA,NA,"112013222",obs_native,file:///D:/Simon/Sync/Root/GIS/Biodiversity%20Data/obs_native.csv?type=csv&maxFields=10000&detectTypes=yes&xField=longitude&yField=latitude&crs=EPSG:4326&spatialIndex=no&subsetIndex=no&watchFile=no
"20461",Pteridium aquilinum ssp. pubescens,Pteridium,aquilinum,,pubescens,,native,S5,,48.948398740000002,-123.488858199999996,,NA,NA,"112018031",obs_native,file:///D:/Simon/Sync/Root/GIS/Biodiversity%20Data/obs_native.csv?type=csv&maxFields=10000&detectTypes=yes&xField=longitude&yField=latitude&crs=EPSG:4326&spatialIndex=no&subsetIndex=no&watchFile=no
"20481",Claytonia exigua ssp. exigua,Claytonia,exigua,,,,native,S4,,48.866243330000003,-123.374831700000001,,NA,NA,"114122104",obs_native,file:///D:/Simon/Sync/Root/GIS/Biodiversity%20Data/obs_native.csv?type=csv&maxFields=10000&detectTypes=yes&xField=longitude&yField=latitude&crs=EPSG:4326&spatialIndex=no&subsetIndex=no&watchFile=no
"20491",Cerastium arvense ssp. strictum,Cerastium,arvense,,strictum,,native,S5,,48.868577469999998,-123.377857399999996,,NA,NA,"114122163",obs_native,file:///D:/Simon/Sync/Root/GIS/Biodiversity%20Data/obs_native.csv?type=csv&maxFields=10000&detectTypes=yes&xField=longitude&yField=latitude&crs=EPSG:4326&spatialIndex=no&subsetIndex=no&watchFile=no
"20501",Quercus garryana var. garryana,Quercus,garryana,,,,native,S5,,48.868395000000000,-123.377965000000003,,NA,NA,"114122165",obs_native,file:///D:/Simon/Sync/Root/GIS/Biodiversity%20Data/obs_native.csv?type=csv&maxFields=10000&detectTypes=yes&xField=longitude&yField=latitude&crs=EPSG:4326&spatialIndex=no&subsetIndex=no&watchFile=no
"20512",Eriophyllum lanatum var. leucophyllum,Eriophyllum,lanatum,,,leucophyllum,native,S5,,48.868680540000000,-123.378116199999994,,NA,NA,"114122168",obs_native,file:///D:/Simon/Sync/Root/GIS/Biodiversity%20Data/obs_native.csv?type=csv&maxFields=10000&detectTypes=yes&xField=longitude&yField=latitude&crs=EPSG:4326&spatialIndex=no&subsetIndex=no&watchFile=no
"20521",Sedum lanceolatum var. nesioticum,Sedum,lanceolatum,,,nesioticum,native,S3S4,,48.869301219999997,-123.379017599999997,,NA,NA,"114122180",obs_native,file:///D:/Simon/Sync/Root/GIS/Biodiversity%20Data/obs_native.csv?type=csv&maxFields=10000&detectTypes=yes&xField=longitude&yField=latitude&crs=EPSG:4326&spatialIndex=no&subsetIndex=no&watchFile=no
"20531",Agoseris heterophylla ssp. heterophylla,Agoseris,heterophylla,,,,native,S5,,48.869970140000000,-123.379623800000005,,NA,NA,"114122184",obs_native,file:///D:/Simon/Sync/Root/GIS/Biodiversity%20Data/obs_native.csv?type=csv&maxFields=10000&detectTypes=yes&xField=longitude&yField=latitude&crs=EPSG:4326&spatialIndex=no&subsetIndex=no&watchFile=no
"20541",Carex inops ssp. inops,Carex,inops,,,,native,S4S5,,48.869970140000000,-123.379623800000005,,NA,NA,"114122189",obs_native,file:///D:/Simon/Sync/Root/GIS/Biodiversity%20Data/obs_native.csv?type=csv&maxFields=10000&detectTypes=yes&xField=longitude&yField=latitude&crs=EPSG:4326&spatialIndex=no&subsetIndex=no&watchFile=no
"20551",Plectritis congesta ssp. congesta,Plectritis,congesta,,,,native,S5,,48.870916670000000,-123.380579999999995,,NA,NA,"114122207",obs_native,file:///D:/Simon/Sync/Root/GIS/Biodiversity%20Data/obs_native.csv?type=csv&maxFields=10000&detectTypes=yes&xField=longitude&yField=latitude&crs=EPSG:4326&spatialIndex=no&subsetIndex=no&watchFile=no
"20561",Claytonia rubra ssp. rubra,Claytonia,rubra,,,,native,S5?,,48.873271670000001,-123.383316699999995,,NA,NA,"114122221",obs_native,file:///D:/Simon/Sync/Root/GIS/Biodiversity%20Data/obs_native.csv?type=csv&maxFields=10000&detectTypes=yes&xField=longitude&yField=latitude&crs=EPSG:4326&spatialIndex=no&subsetIndex=no&watchFile=no
"20571",Plectritis congesta ssp. congesta,Plectritis,congesta,,,,native,S5,,48.909478329999999,-123.371046699999994,,NA,NA,"114482008",obs_native,file:///D:/Simon/Sync/Root/GIS/Biodiversity%20Data/obs_native.csv?type=csv&maxFields=10000&detectTypes=yes&xField=longitude&yField=latitude&crs=EPSG:4326&spatialIndex=no&subsetIndex=no&watchFile=no
"20581",Pseudotsuga menziesii var. menziesii,Pseudotsuga,menziesii,,,,native,S5,,48.909477780000003,-123.371044400000002,,NA,NA,"114482020",obs_native,file:///D:/Simon/Sync/Root/GIS/Biodiversity%20Data/obs_native.csv?type=csv&maxFields=10000&detectTypes=yes&xField=longitude&yField=latitude&crs=EPSG:4326&spatialIndex=no&subsetIndex=no&watchFile=no
"20591",Holodiscus discolor var. discolor,Holodiscus,discolor,,,,native,S5,,48.909483330000000,-123.371021700000000,,NA,NA,"114482025",obs_native,file:///D:/Simon/Sync/Root/GIS/Biodiversity%20Data/obs_native.csv?type=csv&maxFields=10000&detectTypes=yes&xField=longitude&yField=latitude&crs=EPSG:4326&spatialIndex=no&subsetIndex=no&watchFile=no
"20601",Rosa nutkana ssp. nutkana,Rosa,nutkana,,,,native,S5,,48.909394440000000,-123.370802800000007,,NA,NA,"114482046",obs_native,file:///D:/Simon/Sync/Root/GIS/Biodiversity%20Data/obs_native.csv?type=csv&maxFields=10000&detectTypes=yes&xField=longitude&yField=latitude&crs=EPSG:4326&spatialIndex=no&subsetIndex=no&watchFile=no
"20612",Sanicula crassicaulis var. crassicaulis,Sanicula,crassicaulis,,,,native,S5,,48.909314999999999,-123.370468299999999,,NA,NA,"114482173",obs_native,file:///D:/Simon/Sync/Root/GIS/Biodiversity%20Data/obs_native.csv?type=csv&maxFields=10000&detectTypes=yes&xField=longitude&yField=latitude&crs=EPSG:4326&spatialIndex=no&subsetIndex=no&watchFile=no
"20621",Pinus contorta ssp. contorta,Pinus,contorta,,,,native,S5,,48.910094440000002,-123.374422199999998,,NA,NA,"114482273",obs_native,file:///D:/Simon/Sync/Root/GIS/Biodiversity%20Data/obs_native.csv?type=csv&maxFields=10000&detectTypes=yes&xField=longitude&yField=latitude&crs=EPSG:4326&spatialIndex=no&subsetIndex=no&watchFile=no
"20631",Sanicula crassicaulis var. crassicaulis,Sanicula,crassicaulis,,,,native,S5,,48.909910000000004,-123.374866699999998,,NA,NA,"114482311",obs_native,file:///D:/Simon/Sync/Root/GIS/Biodiversity%20Data/obs_native.csv?type=csv&maxFields=10000&detectTypes=yes&xField=longitude&yField=latitude&crs=EPSG:4326&spatialIndex=no&subsetIndex=no&watchFile=no
"20641",Sanicula crassicaulis var. crassicaulis,Sanicula,crassicaulis,,,,native,S5,,48.910074999999999,-123.375001699999999,,NA,NA,"114482324",obs_native,file:///D:/Simon/Sync/Root/GIS/Biodiversity%20Data/obs_native.csv?type=csv&maxFields=10000&detectTypes=yes&xField=longitude&yField=latitude&crs=EPSG:4326&spatialIndex=no&subsetIndex=no&watchFile=no
"20651",Grindelia hirsutula var. hirsutula,Grindelia,hirsutula,,,,native,S4,,48.866336670000003,-123.334244999999996,,NA,NA,"114482384",obs_native,file:///D:/Simon/Sync/Root/GIS/Biodiversity%20Data/obs_native.csv?type=csv&maxFields=10000&detectTypes=yes&xField=longitude&yField=latitude&crs=EPSG:4326&spatialIndex=no&subsetIndex=no&watchFile=no
"20671",Calandrinia ciliata,Calandrinia,ciliata,,,,native,S3S4,,48.864342749999999,-123.330130199999999,,NA,NA,"114482545",obs_native,file:///D:/Simon/Sync/Root/GIS/Biodiversity%20Data/obs_native.csv?type=csv&maxFields=10000&detectTypes=yes&xField=longitude&yField=latitude&crs=EPSG:4326&spatialIndex=no&subsetIndex=no&watchFile=no
"20681",Sanicula crassicaulis var. crassicaulis,Sanicula,crassicaulis,,,,native,S5,,48.863753389999999,-123.330738600000004,,NA,NA,"114482735",obs_native,file:///D:/Simon/Sync/Root/GIS/Biodiversity%20Data/obs_native.csv?type=csv&maxFields=10000&detectTypes=yes&xField=longitude&yField=latitude&crs=EPSG:4326&spatialIndex=no&subsetIndex=no&watchFile=no
"20691",Amelanchier alnifolia,Amelanchier,alnifolia,,,,native,S5,,48.863753389999999,-123.330738600000004,,NA,NA,"114482739",obs_native,file:///D:/Simon/Sync/Root/GIS/Biodiversity%20Data/obs_native.csv?type=csv&maxFields=10000&detectTypes=yes&xField=longitude&yField=latitude&crs=EPSG:4326&spatialIndex=no&subsetIndex=no&watchFile=no
"20701",Linnaea borealis ssp. longiflora,Linnaea,borealis,,longiflora,,native,S5,,48.880569440000002,-123.340583300000006,,NA,NA,"114559711",obs_native,file:///D:/Simon/Sync/Root/GIS/Biodiversity%20Data/obs_native.csv?type=csv&maxFields=10000&detectTypes=yes&xField=longitude&yField=latitude&crs=EPSG:4326&spatialIndex=no&subsetIndex=no&watchFile=no
"20712",Corallorhiza maculata var. occidentalis,Corallorhiza,maculata,,,occidentalis,native,S5,,48.985785829999998,-123.548929700000002,,NA,NA,"114577752",obs_native,file:///D:/Simon/Sync/Root/GIS/Biodiversity%20Data/obs_native.csv?type=csv&maxFields=10000&detectTypes=yes&xField=longitude&yField=latitude&crs=EPSG:4326&spatialIndex=no&subsetIndex=no&watchFile=no
"20721",Plectritis congesta ssp. congesta,Plectritis,congesta,,,,native,S5,,48.872615519999997,-123.311655099999996,,NA,NA,"114579589",obs_native,file:///D:/Simon/Sync/Root/GIS/Biodiversity%20Data/obs_native.csv?type=csv&maxFields=10000&detectTypes=yes&xField=longitude&yField=latitude&crs=EPSG:4326&spatialIndex=no&subsetIndex=no&watchFile=no
"20731",Agoseris heterophylla ssp. heterophylla,Agoseris,heterophylla,,,,native,S5,,48.867749889999999,-123.377724099999995,,NA,NA,"114745471",obs_native,file:///D:/Simon/Sync/Root/GIS/Biodiversity%20Data/obs_native.csv?type=csv&maxFields=10000&detectTypes=yes&xField=longitude&yField=latitude&crs=EPSG:4326&spatialIndex=no&subsetIndex=no&watchFile=no
"20741",Carex inops ssp. inops,Carex,inops,,,,native,S4S5,,48.868296899999997,-123.377464900000007,,NA,NA,"114745479",obs_native,file:///D:/Simon/Sync/Root/GIS/Biodiversity%20Data/obs_native.csv?type=csv&maxFields=10000&detectTypes=yes&xField=longitude&yField=latitude&crs=EPSG:4326&spatialIndex=no&subsetIndex=no&watchFile=no
"20751",Calandrinia ciliata,Calandrinia,ciliata,,,,native,S3S4,,48.870413980000002,-123.380100299999995,,NA,NA,"114745519",obs_native,file:///D:/Simon/Sync/Root/GIS/Biodiversity%20Data/obs_native.csv?type=csv&maxFields=10000&detectTypes=yes&xField=longitude&yField=latitude&crs=EPSG:4326&spatialIndex=no&subsetIndex=no&watchFile=no
"20761",Calandrinia ciliata,Calandrinia,ciliata,,,,native,S3S4,,48.863987819999998,-123.329829099999998,,NA,NA,"114745560",obs_native,file:///D:/Simon/Sync/Root/GIS/Biodiversity%20Data/obs_native.csv?type=csv&maxFields=10000&detectTypes=yes&xField=longitude&yField=latitude&crs=EPSG:4326&spatialIndex=no&subsetIndex=no&watchFile=no
"20771",Erythranthe cf guttata,Erythranthe,guttata,,,,native,S5,,48.929690139999998,-123.467816400000004,,NA,NA,"115203047",obs_native,file:///D:/Simon/Sync/Root/GIS/Biodiversity%20Data/obs_native.csv?type=csv&maxFields=10000&detectTypes=yes&xField=longitude&yField=latitude&crs=EPSG:4326&spatialIndex=no&subsetIndex=no&watchFile=no
"20781",Camassia quamash ssp. quamash,Camassia,quamash,,,,native,S4,,48.928307889999999,-123.467787599999994,,NA,NA,"115820986",obs_native,file:///D:/Simon/Sync/Root/GIS/Biodiversity%20Data/obs_native.csv?type=csv&maxFields=10000&detectTypes=yes&xField=longitude&yField=latitude&crs=EPSG:4326&spatialIndex=no&subsetIndex=no&watchFile=no
"20791",Camassia leichtlinii ssp. suksdorfii,Camassia,leichtlinii,,suksdorfii,,native,S4,,48.958493189999999,-123.533036899999999,,NA,NA,"116029553",obs_native,file:///D:/Simon/Sync/Root/GIS/Biodiversity%20Data/obs_native.csv?type=csv&maxFields=10000&detectTypes=yes&xField=longitude&yField=latitude&crs=EPSG:4326&spatialIndex=no&subsetIndex=no&watchFile=no
"20801",Calandrinia ciliata,Calandrinia,ciliata,,,,native,S3S4,,48.956078339999998,-123.528031100000007,,NA,NA,"116029558",obs_native,file:///D:/Simon/Sync/Root/GIS/Biodiversity%20Data/obs_native.csv?type=csv&maxFields=10000&detectTypes=yes&xField=longitude&yField=latitude&crs=EPSG:4326&spatialIndex=no&subsetIndex=no&watchFile=no
"20812",Cerastium arvense ssp. strictum,Cerastium,arvense,,strictum,,native,S5,,48.958537069999998,-123.533023299999996,,NA,NA,"116029561",obs_native,file:///D:/Simon/Sync/Root/GIS/Biodiversity%20Data/obs_native.csv?type=csv&maxFields=10000&detectTypes=yes&xField=longitude&yField=latitude&crs=EPSG:4326&spatialIndex=no&subsetIndex=no&watchFile=no
"20821",Quercus garryana var. garryana,Quercus,garryana,,,,native,S5,,48.958551989999997,-123.533008100000004,,NA,NA,"116029568",obs_native,file:///D:/Simon/Sync/Root/GIS/Biodiversity%20Data/obs_native.csv?type=csv&maxFields=10000&detectTypes=yes&xField=longitude&yField=latitude&crs=EPSG:4326&spatialIndex=no&subsetIndex=no&watchFile=no
"20831",Corallorhiza maculata var. occidentalis,Corallorhiza,maculata,,,occidentalis,native,S5,,48.957363890000003,-123.529411100000004,,NA,NA,"116033743",obs_native,file:///D:/Simon/Sync/Root/GIS/Biodiversity%20Data/obs_native.csv?type=csv&maxFields=10000&detectTypes=yes&xField=longitude&yField=latitude&crs=EPSG:4326&spatialIndex=no&subsetIndex=no&watchFile=no
"20841",Camassia leichtlinii ssp. suksdorfii,Camassia,leichtlinii,,suksdorfii,,native,S4,,48.871788330000001,-123.311028300000004,,NA,NA,"116239340",obs_native,file:///D:/Simon/Sync/Root/GIS/Biodiversity%20Data/obs_native.csv?type=csv&maxFields=10000&detectTypes=yes&xField=longitude&yField=latitude&crs=EPSG:4326&spatialIndex=no&subsetIndex=no&watchFile=no
"20851",Castilleja hispida,Castilleja,hispida,,,,native,S5,,48.899596670000001,-123.407753299999996,,NA,NA,"116239640",obs_native,file:///D:/Simon/Sync/Root/GIS/Biodiversity%20Data/obs_native.csv?type=csv&maxFields=10000&detectTypes=yes&xField=longitude&yField=latitude&crs=EPSG:4326&spatialIndex=no&subsetIndex=no&watchFile=no
"20861",Quercus garryana var. garryana,Quercus,garryana,,,,native,S5,,48.868555000000001,-123.377118300000006,,NA,NA,"116636204",obs_native,file:///D:/Simon/Sync/Root/GIS/Biodiversity%20Data/obs_native.csv?type=csv&maxFields=10000&detectTypes=yes&xField=longitude&yField=latitude&crs=EPSG:4326&spatialIndex=no&subsetIndex=no&watchFile=no
"20871",Perideridia montana,Perideridia,montana,,,,native,S5,,48.863988999999997,-123.365296999999998,,NA,NA,"116636224",obs_native,file:///D:/Simon/Sync/Root/GIS/Biodiversity%20Data/obs_native.csv?type=csv&maxFields=10000&detectTypes=yes&xField=longitude&yField=latitude&crs=EPSG:4326&spatialIndex=no&subsetIndex=no&watchFile=no
"20881",Perideridia montana,Perideridia,montana,,,,native,S5,,48.864048330000003,-123.365263299999995,,NA,NA,"116636227",obs_native,file:///D:/Simon/Sync/Root/GIS/Biodiversity%20Data/obs_native.csv?type=csv&maxFields=10000&detectTypes=yes&xField=longitude&yField=latitude&crs=EPSG:4326&spatialIndex=no&subsetIndex=no&watchFile=no
"20891",Perideridia montana,Perideridia,montana,,,,native,S5,,48.864266669999999,-123.365226699999994,,NA,NA,"116636235",obs_native,file:///D:/Simon/Sync/Root/GIS/Biodiversity%20Data/obs_native.csv?type=csv&maxFields=10000&detectTypes=yes&xField=longitude&yField=latitude&crs=EPSG:4326&spatialIndex=no&subsetIndex=no&watchFile=no
"20901",Perideridia montana,Perideridia,montana,,,,native,S5,,48.863875000000000,-123.365285000000000,,NA,NA,"116636263",obs_native,file:///D:/Simon/Sync/Root/GIS/Biodiversity%20Data/obs_native.csv?type=csv&maxFields=10000&detectTypes=yes&xField=longitude&yField=latitude&crs=EPSG:4326&spatialIndex=no&subsetIndex=no&watchFile=no
"20912",Camassia leichtlinii ssp. suksdorfii,Camassia,leichtlinii,,suksdorfii,,native,S4,,48.865028330000001,-123.367493300000007,,NA,NA,"116636270",obs_native,file:///D:/Simon/Sync/Root/GIS/Biodiversity%20Data/obs_native.csv?type=csv&maxFields=10000&detectTypes=yes&xField=longitude&yField=latitude&crs=EPSG:4326&spatialIndex=no&subsetIndex=no&watchFile=no
"20921",Plectritis congesta ssp. congesta,Plectritis,congesta,,,,native,S5,,48.863258330000001,-123.314696699999999,,NA,NA,"116784680",obs_native,file:///D:/Simon/Sync/Root/GIS/Biodiversity%20Data/obs_native.csv?type=csv&maxFields=10000&detectTypes=yes&xField=longitude&yField=latitude&crs=EPSG:4326&spatialIndex=no&subsetIndex=no&watchFile=no
"20931",Corallorhiza maculata var. occidentalis,Corallorhiza,maculata,,,occidentalis,native,S5,,48.894804999999998,-123.404746700000004,,NA,NA,"116919578",obs_native,file:///D:/Simon/Sync/Root/GIS/Biodiversity%20Data/obs_native.csv?type=csv&maxFields=10000&detectTypes=yes&xField=longitude&yField=latitude&crs=EPSG:4326&spatialIndex=no&subsetIndex=no&watchFile=no
"20941",Quercus garryana var. garryana,Quercus,garryana,,,,native,S5,,49.013019999999997,-123.573066699999998,,NA,NA,"117151466",obs_native,file:///D:/Simon/Sync/Root/GIS/Biodiversity%20Data/obs_native.csv?type=csv&maxFields=10000&detectTypes=yes&xField=longitude&yField=latitude&crs=EPSG:4326&spatialIndex=no&subsetIndex=no&watchFile=no
"20951",Sanicula crassicaulis var. crassicaulis,Sanicula,crassicaulis,,,,native,S5,,49.013396669999999,-123.573258300000006,,NA,NA,"117151467",obs_native,file:///D:/Simon/Sync/Root/GIS/Biodiversity%20Data/obs_native.csv?type=csv&maxFields=10000&detectTypes=yes&xField=longitude&yField=latitude&crs=EPSG:4326&spatialIndex=no&subsetIndex=no&watchFile=no
"20961",Plectritis congesta ssp. congesta,Plectritis,congesta,,,,native,S5,,49.013629999999999,-123.573471699999999,,NA,NA,"117151478",obs_native,file:///D:/Simon/Sync/Root/GIS/Biodiversity%20Data/obs_native.csv?type=csv&maxFields=10000&detectTypes=yes&xField=longitude&yField=latitude&crs=EPSG:4326&spatialIndex=no&subsetIndex=no&watchFile=no
"20971",Ranunculus occidentalis var. occidentalis,Ranunculus,occidentalis,,,,native,S5,,49.013653329999997,-123.573570000000004,,NA,NA,"117151479",obs_native,file:///D:/Simon/Sync/Root/GIS/Biodiversity%20Data/obs_native.csv?type=csv&maxFields=10000&detectTypes=yes&xField=longitude&yField=latitude&crs=EPSG:4326&spatialIndex=no&subsetIndex=no&watchFile=no
"20981",Quercus garryana var. garryana,Quercus,garryana,,,,native,S5,,48.866579999999999,-123.334829999999997,,NA,NA,"117176170",obs_native,file:///D:/Simon/Sync/Root/GIS/Biodiversity%20Data/obs_native.csv?type=csv&maxFields=10000&detectTypes=yes&xField=longitude&yField=latitude&crs=EPSG:4326&spatialIndex=no&subsetIndex=no&watchFile=no
"20991",Quercus garryana var. garryana,Quercus,garryana,,,,native,S5,,48.957326790000003,-123.530194100000003,,NA,NA,"117203499",obs_native,file:///D:/Simon/Sync/Root/GIS/Biodiversity%20Data/obs_native.csv?type=csv&maxFields=10000&detectTypes=yes&xField=longitude&yField=latitude&crs=EPSG:4326&spatialIndex=no&subsetIndex=no&watchFile=no
"21002",Quercus garryana var. garryana,Quercus,garryana,,,,native,S5,,48.863788370000002,-123.362727599999999,,NA,NA,"117239131",obs_native,file:///D:/Simon/Sync/Root/GIS/Biodiversity%20Data/obs_native.csv?type=csv&maxFields=10000&detectTypes=yes&xField=longitude&yField=latitude&crs=EPSG:4326&spatialIndex=no&subsetIndex=no&watchFile=no
"21012",Ranunculus occidentalis var. occidentalis,Ranunculus,occidentalis,,,,native,S5,,48.878821590000001,-123.316763699999996,,NA,NA,"117305839",obs_native,file:///D:/Simon/Sync/Root/GIS/Biodiversity%20Data/obs_native.csv?type=csv&maxFields=10000&detectTypes=yes&xField=longitude&yField=latitude&crs=EPSG:4326&spatialIndex=no&subsetIndex=no&watchFile=no
"21021",Erythranthe cf guttata,Erythranthe,guttata,,,,native,S5,,48.913640239999999,-123.387079799999995,,NA,NA,"117325517",obs_native,file:///D:/Simon/Sync/Root/GIS/Biodiversity%20Data/obs_native.csv?type=csv&maxFields=10000&detectTypes=yes&xField=longitude&yField=latitude&crs=EPSG:4326&spatialIndex=no&subsetIndex=no&watchFile=no
"21031",Plectritis congesta ssp. congesta,Plectritis,congesta,,,,native,S5,,48.954388330000000,-123.494688300000007,,NA,NA,"117511619",obs_native,file:///D:/Simon/Sync/Root/GIS/Biodiversity%20Data/obs_native.csv?type=csv&maxFields=10000&detectTypes=yes&xField=longitude&yField=latitude&crs=EPSG:4326&spatialIndex=no&subsetIndex=no&watchFile=no
"21041",Sanicula crassicaulis var. crassicaulis,Sanicula,crassicaulis,,,,native,S5,,48.954388330000000,-123.494688300000007,,NA,NA,"117511625",obs_native,file:///D:/Simon/Sync/Root/GIS/Biodiversity%20Data/obs_native.csv?type=csv&maxFields=10000&detectTypes=yes&xField=longitude&yField=latitude&crs=EPSG:4326&spatialIndex=no&subsetIndex=no&watchFile=no
"21051",Camassia leichtlinii ssp. suksdorfii,Camassia,leichtlinii,,suksdorfii,,native,S4,,48.872455000000002,-123.310996700000004,,NA,NA,"117554639",obs_native,file:///D:/Simon/Sync/Root/GIS/Biodiversity%20Data/obs_native.csv?type=csv&maxFields=10000&detectTypes=yes&xField=longitude&yField=latitude&crs=EPSG:4326&spatialIndex=no&subsetIndex=no&watchFile=no
"21061",Calandrinia ciliata,Calandrinia,ciliata,,,,native,S3S4,,48.863494830000000,-123.360989599999996,,NA,NA,"117653870",obs_native,file:///D:/Simon/Sync/Root/GIS/Biodiversity%20Data/obs_native.csv?type=csv&maxFields=10000&detectTypes=yes&xField=longitude&yField=latitude&crs=EPSG:4326&spatialIndex=no&subsetIndex=no&watchFile=no
"21071",Sarcocornia perennis,Sarcocornia,perennis,,,,native,S5,,48.898561669999999,-123.407700000000006,,NA,NA,"117927062",obs_native,file:///D:/Simon/Sync/Root/GIS/Biodiversity%20Data/obs_native.csv?type=csv&maxFields=10000&detectTypes=yes&xField=longitude&yField=latitude&crs=EPSG:4326&spatialIndex=no&subsetIndex=no&watchFile=no
"21081",Plectritis congesta ssp. congesta,Plectritis,congesta,,,,native,S5,,48.909593889999996,-123.373758100000003,,NA,NA,"117935882",obs_native,file:///D:/Simon/Sync/Root/GIS/Biodiversity%20Data/obs_native.csv?type=csv&maxFields=10000&detectTypes=yes&xField=longitude&yField=latitude&crs=EPSG:4326&spatialIndex=no&subsetIndex=no&watchFile=no
"21091",Camassia quamash ssp. quamash,Camassia,quamash,,,,native,S4,,48.867400000000004,-123.337813299999993,,NA,NA,"117943667",obs_native,file:///D:/Simon/Sync/Root/GIS/Biodiversity%20Data/obs_native.csv?type=csv&maxFields=10000&detectTypes=yes&xField=longitude&yField=latitude&crs=EPSG:4326&spatialIndex=no&subsetIndex=no&watchFile=no
"21102",Pseudotsuga menziesii var. menziesii,Pseudotsuga,menziesii,,,,native,S5,,48.876017959999999,-123.371617200000003,,NA,NA,"118608389",obs_native,file:///D:/Simon/Sync/Root/GIS/Biodiversity%20Data/obs_native.csv?type=csv&maxFields=10000&detectTypes=yes&xField=longitude&yField=latitude&crs=EPSG:4326&spatialIndex=no&subsetIndex=no&watchFile=no
"21112",Pseudotsuga menziesii var. menziesii,Pseudotsuga,menziesii,,,,native,S5,,48.876936669999999,-123.371560000000002,,NA,NA,"118608420",obs_native,file:///D:/Simon/Sync/Root/GIS/Biodiversity%20Data/obs_native.csv?type=csv&maxFields=10000&detectTypes=yes&xField=longitude&yField=latitude&crs=EPSG:4326&spatialIndex=no&subsetIndex=no&watchFile=no
"21121",Rosa nutkana ssp. nutkana,Rosa,nutkana,,,,native,S5,,48.900458329999999,-123.445070000000001,,NA,NA,"118882169",obs_native,file:///D:/Simon/Sync/Root/GIS/Biodiversity%20Data/obs_native.csv?type=csv&maxFields=10000&detectTypes=yes&xField=longitude&yField=latitude&crs=EPSG:4326&spatialIndex=no&subsetIndex=no&watchFile=no
"21131",Carex aquatilis var. dives,Carex,aquatilis,,,dives,native,S5,,48.929163330000002,-123.470138300000002,,NA,NA,"118944656",obs_native,file:///D:/Simon/Sync/Root/GIS/Biodiversity%20Data/obs_native.csv?type=csv&maxFields=10000&detectTypes=yes&xField=longitude&yField=latitude&crs=EPSG:4326&spatialIndex=no&subsetIndex=no&watchFile=no
"21141",Fragaria vesca ssp. bracteata,Fragaria,vesca,,bracteata,,native,S5,,48.873609999999999,-123.315488299999998,,NA,NA,"119369460",obs_native,file:///D:/Simon/Sync/Root/GIS/Biodiversity%20Data/obs_native.csv?type=csv&maxFields=10000&detectTypes=yes&xField=longitude&yField=latitude&crs=EPSG:4326&spatialIndex=no&subsetIndex=no&watchFile=no
"21161",Rosa nutkana ssp. nutkana,Rosa,nutkana,,,,native,S5,,48.871871669999997,-123.315529999999995,,NA,NA,"119369491",obs_native,file:///D:/Simon/Sync/Root/GIS/Biodiversity%20Data/obs_native.csv?type=csv&maxFields=10000&detectTypes=yes&xField=longitude&yField=latitude&crs=EPSG:4326&spatialIndex=no&subsetIndex=no&watchFile=no
"21171",Camassia leichtlinii ssp. suksdorfii,Camassia,leichtlinii,,suksdorfii,,native,S4,,48.910043330000001,-123.374700000000004,,NA,NA,"119369493",obs_native,file:///D:/Simon/Sync/Root/GIS/Biodiversity%20Data/obs_native.csv?type=csv&maxFields=10000&detectTypes=yes&xField=longitude&yField=latitude&crs=EPSG:4326&spatialIndex=no&subsetIndex=no&watchFile=no
"21181",Erythranthe cf guttata,Erythranthe,guttata,,,,native,S5,,48.910015000000001,-123.374096699999996,,NA,NA,"119369496",obs_native,file:///D:/Simon/Sync/Root/GIS/Biodiversity%20Data/obs_native.csv?type=csv&maxFields=10000&detectTypes=yes&xField=longitude&yField=latitude&crs=EPSG:4326&spatialIndex=no&subsetIndex=no&watchFile=no
"21191",Plectritis congesta ssp. congesta,Plectritis,congesta,,,,native,S5,,48.909841669999999,-123.373208300000002,,NA,NA,"119369500",obs_native,file:///D:/Simon/Sync/Root/GIS/Biodiversity%20Data/obs_native.csv?type=csv&maxFields=10000&detectTypes=yes&xField=longitude&yField=latitude&crs=EPSG:4326&spatialIndex=no&subsetIndex=no&watchFile=no
"21201",Ranunculus occidentalis var. occidentalis,Ranunculus,occidentalis,,,,native,S5,,48.872398459999999,-123.312291299999998,,NA,NA,"119504311",obs_native,file:///D:/Simon/Sync/Root/GIS/Biodiversity%20Data/obs_native.csv?type=csv&maxFields=10000&detectTypes=yes&xField=longitude&yField=latitude&crs=EPSG:4326&spatialIndex=no&subsetIndex=no&watchFile=no
"21212",Erythranthe cf guttata,Erythranthe,guttata,,,,native,S5,,48.871729459999997,-123.310626200000002,,NA,NA,"119505214",obs_native,file:///D:/Simon/Sync/Root/GIS/Biodiversity%20Data/obs_native.csv?type=csv&maxFields=10000&detectTypes=yes&xField=longitude&yField=latitude&crs=EPSG:4326&spatialIndex=no&subsetIndex=no&watchFile=no
"21221",Rosa nutkana ssp. nutkana,Rosa,nutkana,,,,native,S5,,48.990073080000002,-123.566564000000000,,NA,NA,"119680211",obs_native,file:///D:/Simon/Sync/Root/GIS/Biodiversity%20Data/obs_native.csv?type=csv&maxFields=10000&detectTypes=yes&xField=longitude&yField=latitude&crs=EPSG:4326&spatialIndex=no&subsetIndex=no&watchFile=no
"21231",Pteridium aquilinum ssp. pubescens,Pteridium,aquilinum,,pubescens,,native,S5,,48.990073080000002,-123.566564000000000,,NA,NA,"119680218",obs_native,file:///D:/Simon/Sync/Root/GIS/Biodiversity%20Data/obs_native.csv?type=csv&maxFields=10000&detectTypes=yes&xField=longitude&yField=latitude&crs=EPSG:4326&spatialIndex=no&subsetIndex=no&watchFile=no
"21251",Pteridium aquilinum ssp. pubescens,Pteridium,aquilinum,,pubescens,,native,S5,,48.909395000000004,-123.388496700000005,,NA,NA,"119801367",obs_native,file:///D:/Simon/Sync/Root/GIS/Biodiversity%20Data/obs_native.csv?type=csv&maxFields=10000&detectTypes=yes&xField=longitude&yField=latitude&crs=EPSG:4326&spatialIndex=no&subsetIndex=no&watchFile=no
"21261",Athyrium filix-femina ssp. cyclosorum,Athyrium,filix-femina,,cyclosorum,,native,S5,,48.909088330000003,-123.389563300000006,,NA,NA,"119801470",obs_native,file:///D:/Simon/Sync/Root/GIS/Biodiversity%20Data/obs_native.csv?type=csv&maxFields=10000&detectTypes=yes&xField=longitude&yField=latitude&crs=EPSG:4326&spatialIndex=no&subsetIndex=no&watchFile=no
"21271",Erythranthe cf guttata,Erythranthe,guttata,,,,native,S5,,48.909449830000000,-123.371625100000003,,NA,NA,"119918768",obs_native,file:///D:/Simon/Sync/Root/GIS/Biodiversity%20Data/obs_native.csv?type=csv&maxFields=10000&detectTypes=yes&xField=longitude&yField=latitude&crs=EPSG:4326&spatialIndex=no&subsetIndex=no&watchFile=no
"21281",Camassia leichtlinii ssp. suksdorfii,Camassia,leichtlinii,,suksdorfii,,native,S4,,48.913313889999998,-123.386444400000002,,NA,NA,"119958857",obs_native,file:///D:/Simon/Sync/Root/GIS/Biodiversity%20Data/obs_native.csv?type=csv&maxFields=10000&detectTypes=yes&xField=longitude&yField=latitude&crs=EPSG:4326&spatialIndex=no&subsetIndex=no&watchFile=no
"21291",Cerastium arvense ssp. strictum,Cerastium,arvense,,strictum,,native,S5,,49.013005560000003,-123.573044400000001,,NA,NA,"119972220",obs_native,file:///D:/Simon/Sync/Root/GIS/Biodiversity%20Data/obs_native.csv?type=csv&maxFields=10000&detectTypes=yes&xField=longitude&yField=latitude&crs=EPSG:4326&spatialIndex=no&subsetIndex=no&watchFile=no
"21301",Corallorhiza maculata var. occidentalis,Corallorhiza,maculata,,,occidentalis,native,S5,,48.909630600000000,-123.374259899999998,,NA,NA,"120088953",obs_native,file:///D:/Simon/Sync/Root/GIS/Biodiversity%20Data/obs_native.csv?type=csv&maxFields=10000&detectTypes=yes&xField=longitude&yField=latitude&crs=EPSG:4326&spatialIndex=no&subsetIndex=no&watchFile=no
"21312",Camassia leichtlinii ssp. suksdorfii,Camassia,leichtlinii,,suksdorfii,,native,S4,,48.865561669999998,-123.367801700000001,,NA,NA,"120470359",obs_native,file:///D:/Simon/Sync/Root/GIS/Biodiversity%20Data/obs_native.csv?type=csv&maxFields=10000&detectTypes=yes&xField=longitude&yField=latitude&crs=EPSG:4326&spatialIndex=no&subsetIndex=no&watchFile=no
"21321",Perideridia montana,Perideridia,montana,,,,native,S5,,48.864193329999999,-123.365528299999994,,NA,NA,"120470371",obs_native,file:///D:/Simon/Sync/Root/GIS/Biodiversity%20Data/obs_native.csv?type=csv&maxFields=10000&detectTypes=yes&xField=longitude&yField=latitude&crs=EPSG:4326&spatialIndex=no&subsetIndex=no&watchFile=no
"21331",Grindelia hirsutula var. hirsutula,Grindelia,hirsutula,,,,native,S4,,48.863466670000001,-123.363861700000001,,NA,NA,"120470373",obs_native,file:///D:/Simon/Sync/Root/GIS/Biodiversity%20Data/obs_native.csv?type=csv&maxFields=10000&detectTypes=yes&xField=longitude&yField=latitude&crs=EPSG:4326&spatialIndex=no&subsetIndex=no&watchFile=no
"21341",Cerastium arvense ssp. strictum,Cerastium,arvense,,strictum,,native,S5,,48.863549999999996,-123.363641700000002,,NA,NA,"120470379",obs_native,file:///D:/Simon/Sync/Root/GIS/Biodiversity%20Data/obs_native.csv?type=csv&maxFields=10000&detectTypes=yes&xField=longitude&yField=latitude&crs=EPSG:4326&spatialIndex=no&subsetIndex=no&watchFile=no
"21351",Heuchera micrantha var. diversifolia,Heuchera,micrantha,,,diversifolia,native,S5,,48.897478329999998,-123.338464999999999,,NA,NA,"120494835",obs_native,file:///D:/Simon/Sync/Root/GIS/Biodiversity%20Data/obs_native.csv?type=csv&maxFields=10000&detectTypes=yes&xField=longitude&yField=latitude&crs=EPSG:4326&spatialIndex=no&subsetIndex=no&watchFile=no
"21361",Corallorhiza maculata var. occidentalis,Corallorhiza,maculata,,,occidentalis,native,S5,,48.867680000000000,-123.365105000000000,,NA,NA,"120589119",obs_native,file:///D:/Simon/Sync/Root/GIS/Biodiversity%20Data/obs_native.csv?type=csv&maxFields=10000&detectTypes=yes&xField=longitude&yField=latitude&crs=EPSG:4326&spatialIndex=no&subsetIndex=no&watchFile=no
"21371",Juncus bufonius var. bufonius,Juncus,bufonius,,,,native,S5,,48.931494440000002,-123.476738900000001,,NA,NA,"120618092",obs_native,file:///D:/Simon/Sync/Root/GIS/Biodiversity%20Data/obs_native.csv?type=csv&maxFields=10000&detectTypes=yes&xField=longitude&yField=latitude&crs=EPSG:4326&spatialIndex=no&subsetIndex=no&watchFile=no
"21381",Bromus carinatus var. carinatus,Bromus,carinatus,,,,native,S5,,48.939755560000002,-123.504075000000000,,NA,NA,"120768659",obs_native,file:///D:/Simon/Sync/Root/GIS/Biodiversity%20Data/obs_native.csv?type=csv&maxFields=10000&detectTypes=yes&xField=longitude&yField=latitude&crs=EPSG:4326&spatialIndex=no&subsetIndex=no&watchFile=no
"21391",Pteridium aquilinum ssp. pubescens,Pteridium,aquilinum,,pubescens,,native,S5,,48.942580000000000,-123.490769999999998,,NA,NA,"120771804",obs_native,file:///D:/Simon/Sync/Root/GIS/Biodiversity%20Data/obs_native.csv?type=csv&maxFields=10000&detectTypes=yes&xField=longitude&yField=latitude&crs=EPSG:4326&spatialIndex=no&subsetIndex=no&watchFile=no
"21401",Erythranthe cf guttata,Erythranthe,guttata,,,,native,S5,,48.871916669999997,-123.310730000000007,,NA,NA,"120837847",obs_native,file:///D:/Simon/Sync/Root/GIS/Biodiversity%20Data/obs_native.csv?type=csv&maxFields=10000&detectTypes=yes&xField=longitude&yField=latitude&crs=EPSG:4326&spatialIndex=no&subsetIndex=no&watchFile=no
"21421",Sanicula crassicaulis var. crassicaulis,Sanicula,crassicaulis,,,,native,S5,,48.871825000000001,-123.310691700000007,,NA,NA,"120889624",obs_native,file:///D:/Simon/Sync/Root/GIS/Biodiversity%20Data/obs_native.csv?type=csv&maxFields=10000&detectTypes=yes&xField=longitude&yField=latitude&crs=EPSG:4326&spatialIndex=no&subsetIndex=no&watchFile=no
"21431",Corallorhiza maculata var. occidentalis,Corallorhiza,maculata,,,occidentalis,native,S5,,48.904609690000001,-123.367231700000005,,NA,NA,"120891209",obs_native,file:///D:/Simon/Sync/Root/GIS/Biodiversity%20Data/obs_native.csv?type=csv&maxFields=10000&detectTypes=yes&xField=longitude&yField=latitude&crs=EPSG:4326&spatialIndex=no&subsetIndex=no&watchFile=no
"21441",Corallorhiza maculata var. occidentalis,Corallorhiza,maculata,,,occidentalis,native,S5,,48.904609690000001,-123.367231700000005,,NA,NA,"120891213",obs_native,file:///D:/Simon/Sync/Root/GIS/Biodiversity%20Data/obs_native.csv?type=csv&maxFields=10000&detectTypes=yes&xField=longitude&yField=latitude&crs=EPSG:4326&spatialIndex=no&subsetIndex=no&watchFile=no
"21451",Corallorhiza maculata var. occidentalis,Corallorhiza,maculata,,,occidentalis,native,S5,,48.904486669999997,-123.366950000000003,,NA,NA,"120891257",obs_native,file:///D:/Simon/Sync/Root/GIS/Biodiversity%20Data/obs_native.csv?type=csv&maxFields=10000&detectTypes=yes&xField=longitude&yField=latitude&crs=EPSG:4326&spatialIndex=no&subsetIndex=no&watchFile=no
"21461",Fragaria vesca ssp. bracteata,Fragaria,vesca,,bracteata,,native,S5,,48.904519999999998,-123.367904999999993,,NA,NA,"120891290",obs_native,file:///D:/Simon/Sync/Root/GIS/Biodiversity%20Data/obs_native.csv?type=csv&maxFields=10000&detectTypes=yes&xField=longitude&yField=latitude&crs=EPSG:4326&spatialIndex=no&subsetIndex=no&watchFile=no
"21471",Pseudotsuga menziesii var. menziesii,Pseudotsuga,menziesii,,,,native,S5,,48.904578330000000,-123.367963300000000,,NA,NA,"120891300",obs_native,file:///D:/Simon/Sync/Root/GIS/Biodiversity%20Data/obs_native.csv?type=csv&maxFields=10000&detectTypes=yes&xField=longitude&yField=latitude&crs=EPSG:4326&spatialIndex=no&subsetIndex=no&watchFile=no
"21491",Elymus glaucus ssp. glaucus,Elymus,glaucus,,,,native,S5,,48.869999929999999,-123.379999999999995,,NA,NA,"121003817",obs_native,file:///D:/Simon/Sync/Root/GIS/Biodiversity%20Data/obs_native.csv?type=csv&maxFields=10000&detectTypes=yes&xField=longitude&yField=latitude&crs=EPSG:4326&spatialIndex=no&subsetIndex=no&watchFile=no
"21501",Cerastium arvense ssp. strictum,Cerastium,arvense,,strictum,,native,S5,,48.869999929999999,-123.379999999999995,,NA,NA,"121004184",obs_native,file:///D:/Simon/Sync/Root/GIS/Biodiversity%20Data/obs_native.csv?type=csv&maxFields=10000&detectTypes=yes&xField=longitude&yField=latitude&crs=EPSG:4326&spatialIndex=no&subsetIndex=no&watchFile=no
"21512",Cerastium arvense ssp. strictum,Cerastium,arvense,,strictum,,native,S5,,48.869999929999999,-123.379999999999995,,NA,NA,"121006598",obs_native,file:///D:/Simon/Sync/Root/GIS/Biodiversity%20Data/obs_native.csv?type=csv&maxFields=10000&detectTypes=yes&xField=longitude&yField=latitude&crs=EPSG:4326&spatialIndex=no&subsetIndex=no&watchFile=no
"21531",Agoseris grandiflora var. leptophylla,Agoseris,grandiflora,,,leptophylla,native,S5,,48.869377780000001,-123.378905599999996,,NA,NA,"121010870",obs_native,file:///D:/Simon/Sync/Root/GIS/Biodiversity%20Data/obs_native.csv?type=csv&maxFields=10000&detectTypes=yes&xField=longitude&yField=latitude&crs=EPSG:4326&spatialIndex=no&subsetIndex=no&watchFile=no
"21541",Elymus glaucus ssp. glaucus,Elymus,glaucus,,,,native,S5,,48.869999929999999,-123.379999999999995,,NA,NA,"121012169",obs_native,file:///D:/Simon/Sync/Root/GIS/Biodiversity%20Data/obs_native.csv?type=csv&maxFields=10000&detectTypes=yes&xField=longitude&yField=latitude&crs=EPSG:4326&spatialIndex=no&subsetIndex=no&watchFile=no
"21551",Festuca rubra ssp. pruinosa,Festuca,rubra,,pruinosa,,native,S5? (2020),,48.994367959999998,-123.583519100000004,,NA,NA,"121373881",obs_native,file:///D:/Simon/Sync/Root/GIS/Biodiversity%20Data/obs_native.csv?type=csv&maxFields=10000&detectTypes=yes&xField=longitude&yField=latitude&crs=EPSG:4326&spatialIndex=no&subsetIndex=no&watchFile=no
"21561",Juncus bufonius var. bufonius,Juncus,bufonius,,,,native,S5,,48.870308330000000,-123.318929999999995,,NA,NA,"121538410",obs_native,file:///D:/Simon/Sync/Root/GIS/Biodiversity%20Data/obs_native.csv?type=csv&maxFields=10000&detectTypes=yes&xField=longitude&yField=latitude&crs=EPSG:4326&spatialIndex=no&subsetIndex=no&watchFile=no
"21571",Juncus bufonius var. bufonius,Juncus,bufonius,,,,native,S5,,48.870328330000000,-123.318928299999996,,NA,NA,"121538416",obs_native,file:///D:/Simon/Sync/Root/GIS/Biodiversity%20Data/obs_native.csv?type=csv&maxFields=10000&detectTypes=yes&xField=longitude&yField=latitude&crs=EPSG:4326&spatialIndex=no&subsetIndex=no&watchFile=no
"21601",Sisyrinchium idahoense var. idahoense,Sisyrinchium,idahoense,,,,native,S3S4,,48.870671670000000,-123.320971700000001,,NA,NA,"121538450",obs_native,file:///D:/Simon/Sync/Root/GIS/Biodiversity%20Data/obs_native.csv?type=csv&maxFields=10000&detectTypes=yes&xField=longitude&yField=latitude&crs=EPSG:4326&spatialIndex=no&subsetIndex=no&watchFile=no
"21612",Pteridium aquilinum ssp. pubescens,Pteridium,aquilinum,,pubescens,,native,S5,,48.870680000000000,-123.320980000000006,,NA,NA,"121538451",obs_native,file:///D:/Simon/Sync/Root/GIS/Biodiversity%20Data/obs_native.csv?type=csv&maxFields=10000&detectTypes=yes&xField=longitude&yField=latitude&crs=EPSG:4326&spatialIndex=no&subsetIndex=no&watchFile=no
"21631",Rosa nutkana ssp. nutkana,Rosa,nutkana,,,,native,S5,,48.872158329999998,-123.316178300000004,,NA,NA,"121538463",obs_native,file:///D:/Simon/Sync/Root/GIS/Biodiversity%20Data/obs_native.csv?type=csv&maxFields=10000&detectTypes=yes&xField=longitude&yField=latitude&crs=EPSG:4326&spatialIndex=no&subsetIndex=no&watchFile=no
"21641",Symphoricarpos albus var. laevigatus,Symphoricarpos,albus,,,laevigatus,native,S5,,48.888430000000000,-123.336151700000002,,NA,NA,"121538477",obs_native,file:///D:/Simon/Sync/Root/GIS/Biodiversity%20Data/obs_native.csv?type=csv&maxFields=10000&detectTypes=yes&xField=longitude&yField=latitude&crs=EPSG:4326&spatialIndex=no&subsetIndex=no&watchFile=no
"21651",Corallorhiza maculata var. occidentalis,Corallorhiza,maculata,,,occidentalis,native,S5,,48.908931670000001,-123.374641699999998,,NA,NA,"121538495",obs_native,file:///D:/Simon/Sync/Root/GIS/Biodiversity%20Data/obs_native.csv?type=csv&maxFields=10000&detectTypes=yes&xField=longitude&yField=latitude&crs=EPSG:4326&spatialIndex=no&subsetIndex=no&watchFile=no
"21661",Elymus glaucus ssp. glaucus,Elymus,glaucus,,,,native,S5,,48.910114999999998,-123.374603300000004,,NA,NA,"121538505",obs_native,file:///D:/Simon/Sync/Root/GIS/Biodiversity%20Data/obs_native.csv?type=csv&maxFields=10000&detectTypes=yes&xField=longitude&yField=latitude&crs=EPSG:4326&spatialIndex=no&subsetIndex=no&watchFile=no
"21671",Rosa nutkana ssp. nutkana,Rosa,nutkana,,,,native,S5,,48.910151669999998,-123.374501699999996,,NA,NA,"121538508",obs_native,file:///D:/Simon/Sync/Root/GIS/Biodiversity%20Data/obs_native.csv?type=csv&maxFields=10000&detectTypes=yes&xField=longitude&yField=latitude&crs=EPSG:4326&spatialIndex=no&subsetIndex=no&watchFile=no
"21681",Festuca rubra ssp. pruinosa,Festuca,rubra,,pruinosa,,native,S5? (2020),,48.910178330000001,-123.375188300000005,,NA,NA,"121538512",obs_native,file:///D:/Simon/Sync/Root/GIS/Biodiversity%20Data/obs_native.csv?type=csv&maxFields=10000&detectTypes=yes&xField=longitude&yField=latitude&crs=EPSG:4326&spatialIndex=no&subsetIndex=no&watchFile=no
"21691",Heuchera micrantha var. diversifolia,Heuchera,micrantha,,,diversifolia,native,S5,,48.910194439999998,-123.375194399999998,,NA,NA,"121538513",obs_native,file:///D:/Simon/Sync/Root/GIS/Biodiversity%20Data/obs_native.csv?type=csv&maxFields=10000&detectTypes=yes&xField=longitude&yField=latitude&crs=EPSG:4326&spatialIndex=no&subsetIndex=no&watchFile=no
"21712",Holodiscus discolor var. discolor,Holodiscus,discolor,,,,native,S5,,48.862846670000003,-123.350463300000001,,NA,NA,"121538576",obs_native,file:///D:/Simon/Sync/Root/GIS/Biodiversity%20Data/obs_native.csv?type=csv&maxFields=10000&detectTypes=yes&xField=longitude&yField=latitude&crs=EPSG:4326&spatialIndex=no&subsetIndex=no&watchFile=no
"21731",Pseudotsuga menziesii var. menziesii,Pseudotsuga,menziesii,,,,native,S5,,48.929229999999997,-123.472245000000001,,NA,NA,"121737984",obs_native,file:///D:/Simon/Sync/Root/GIS/Biodiversity%20Data/obs_native.csv?type=csv&maxFields=10000&detectTypes=yes&xField=longitude&yField=latitude&crs=EPSG:4326&spatialIndex=no&subsetIndex=no&watchFile=no
"21751",Linnaea borealis ssp. longiflora,Linnaea,borealis,,longiflora,,native,S5,,48.927883330000000,-123.470078299999997,,NA,NA,"121747734",obs_native,file:///D:/Simon/Sync/Root/GIS/Biodiversity%20Data/obs_native.csv?type=csv&maxFields=10000&detectTypes=yes&xField=longitude&yField=latitude&crs=EPSG:4326&spatialIndex=no&subsetIndex=no&watchFile=no
"21761",Rosa nutkana ssp. nutkana,Rosa,nutkana,,,,native,S5,,48.931063330000001,-123.475166700000003,,NA,NA,"121748047",obs_native,file:///D:/Simon/Sync/Root/GIS/Biodiversity%20Data/obs_native.csv?type=csv&maxFields=10000&detectTypes=yes&xField=longitude&yField=latitude&crs=EPSG:4326&spatialIndex=no&subsetIndex=no&watchFile=no
"21771",Aquilegia formosa var. formosa,Aquilegia,formosa,,,,native,S5,,48.929724999999998,-123.467803300000000,,NA,NA,"121748076",obs_native,file:///D:/Simon/Sync/Root/GIS/Biodiversity%20Data/obs_native.csv?type=csv&maxFields=10000&detectTypes=yes&xField=longitude&yField=latitude&crs=EPSG:4326&spatialIndex=no&subsetIndex=no&watchFile=no
"21781",Aquilegia formosa var. formosa,Aquilegia,formosa,,,,native,S5,,48.929679999999998,-123.467741700000005,,NA,NA,"121748235",obs_native,file:///D:/Simon/Sync/Root/GIS/Biodiversity%20Data/obs_native.csv?type=csv&maxFields=10000&detectTypes=yes&xField=longitude&yField=latitude&crs=EPSG:4326&spatialIndex=no&subsetIndex=no&watchFile=no
"21791",Quercus garryana var. garryana,Quercus,garryana,,,,native,S5,,48.997520280000003,-123.587423500000000,,NA,NA,"121780611",obs_native,file:///D:/Simon/Sync/Root/GIS/Biodiversity%20Data/obs_native.csv?type=csv&maxFields=10000&detectTypes=yes&xField=longitude&yField=latitude&crs=EPSG:4326&spatialIndex=no&subsetIndex=no&watchFile=no
"21801",Linnaea borealis ssp. longiflora,Linnaea,borealis,,longiflora,,native,S5,,48.997631820000002,-123.587242099999997,,NA,NA,"121781788",obs_native,file:///D:/Simon/Sync/Root/GIS/Biodiversity%20Data/obs_native.csv?type=csv&maxFields=10000&detectTypes=yes&xField=longitude&yField=latitude&crs=EPSG:4326&spatialIndex=no&subsetIndex=no&watchFile=no
"21812",Stellaria borealis ssp. sitchana,Stellaria,borealis,,sitchana,,native,S5,,48.983229999999999,-123.556169999999995,,NA,NA,"121838576",obs_native,file:///D:/Simon/Sync/Root/GIS/Biodiversity%20Data/obs_native.csv?type=csv&maxFields=10000&detectTypes=yes&xField=longitude&yField=latitude&crs=EPSG:4326&spatialIndex=no&subsetIndex=no&watchFile=no
"21821",Carex canescens ssp. canescens,Carex,canescens,,,,native,S5,,48.983170000000001,-123.556128299999997,,NA,NA,"121838577",obs_native,file:///D:/Simon/Sync/Root/GIS/Biodiversity%20Data/obs_native.csv?type=csv&maxFields=10000&detectTypes=yes&xField=longitude&yField=latitude&crs=EPSG:4326&spatialIndex=no&subsetIndex=no&watchFile=no
"21831",Carex echinata ssp. echinata,Carex,echinata,,,,native,S5,,48.983233329999997,-123.556176699999995,,NA,NA,"121838579",obs_native,file:///D:/Simon/Sync/Root/GIS/Biodiversity%20Data/obs_native.csv?type=csv&maxFields=10000&detectTypes=yes&xField=longitude&yField=latitude&crs=EPSG:4326&spatialIndex=no&subsetIndex=no&watchFile=no
"21841",Pseudotsuga menziesii var. menziesii,Pseudotsuga,menziesii,,,,native,S5,,48.983543330000003,-123.556066700000002,,NA,NA,"121838580",obs_native,file:///D:/Simon/Sync/Root/GIS/Biodiversity%20Data/obs_native.csv?type=csv&maxFields=10000&detectTypes=yes&xField=longitude&yField=latitude&crs=EPSG:4326&spatialIndex=no&subsetIndex=no&watchFile=no
"21851",Carex echinata ssp. echinata,Carex,echinata,,,,native,S5,,48.983376669999998,-123.555589999999995,,NA,NA,"121838589",obs_native,file:///D:/Simon/Sync/Root/GIS/Biodiversity%20Data/obs_native.csv?type=csv&maxFields=10000&detectTypes=yes&xField=longitude&yField=latitude&crs=EPSG:4326&spatialIndex=no&subsetIndex=no&watchFile=no
"21871",Lysimachia europaea ssp. arctica,Lysimachia,europaea,,arctica,,native,S5,,48.983286669999998,-123.555539999999993,,NA,NA,"121838594",obs_native,file:///D:/Simon/Sync/Root/GIS/Biodiversity%20Data/obs_native.csv?type=csv&maxFields=10000&detectTypes=yes&xField=longitude&yField=latitude&crs=EPSG:4326&spatialIndex=no&subsetIndex=no&watchFile=no
"21881",Kalmia microphylla var. occidentalis,Kalmia,microphylla,,,occidentalis,native,S5,,48.983358330000002,-123.555991700000007,,NA,NA,"121838601",obs_native,file:///D:/Simon/Sync/Root/GIS/Biodiversity%20Data/obs_native.csv?type=csv&maxFields=10000&detectTypes=yes&xField=longitude&yField=latitude&crs=EPSG:4326&spatialIndex=no&subsetIndex=no&watchFile=no
"21891",Athyrium filix-femina ssp. cyclosorum,Athyrium,filix-femina,,cyclosorum,,native,S5,,48.928886669999997,-123.468924999999999,,NA,NA,"122094650",obs_native,file:///D:/Simon/Sync/Root/GIS/Biodiversity%20Data/obs_native.csv?type=csv&maxFields=10000&detectTypes=yes&xField=longitude&yField=latitude&crs=EPSG:4326&spatialIndex=no&subsetIndex=no&watchFile=no
"21901",Holodiscus discolor var. discolor,Holodiscus,discolor,,,,native,S5,,48.862744999999997,-123.351416700000001,,NA,NA,"122258271",obs_native,file:///D:/Simon/Sync/Root/GIS/Biodiversity%20Data/obs_native.csv?type=csv&maxFields=10000&detectTypes=yes&xField=longitude&yField=latitude&crs=EPSG:4326&spatialIndex=no&subsetIndex=no&watchFile=no
"21912",Fragaria vesca ssp. bracteata,Fragaria,vesca,,bracteata,,native,S5,,48.862920000000003,-123.351079999999996,,NA,NA,"122258282",obs_native,file:///D:/Simon/Sync/Root/GIS/Biodiversity%20Data/obs_native.csv?type=csv&maxFields=10000&detectTypes=yes&xField=longitude&yField=latitude&crs=EPSG:4326&spatialIndex=no&subsetIndex=no&watchFile=no
"21921",Aquilegia formosa var. formosa,Aquilegia,formosa,,,,native,S5,,48.863031669999998,-123.351013300000005,,NA,NA,"122258284",obs_native,file:///D:/Simon/Sync/Root/GIS/Biodiversity%20Data/obs_native.csv?type=csv&maxFields=10000&detectTypes=yes&xField=longitude&yField=latitude&crs=EPSG:4326&spatialIndex=no&subsetIndex=no&watchFile=no
"21931",Eriophyllum lanatum var. leucophyllum,Eriophyllum,lanatum,,,leucophyllum,native,S5,,48.930154999999999,-123.478316699999993,,NA,NA,"122333621",obs_native,file:///D:/Simon/Sync/Root/GIS/Biodiversity%20Data/obs_native.csv?type=csv&maxFields=10000&detectTypes=yes&xField=longitude&yField=latitude&crs=EPSG:4326&spatialIndex=no&subsetIndex=no&watchFile=no
"21941",Linnaea borealis ssp. longiflora,Linnaea,borealis,,longiflora,,native,S5,,48.927911670000000,-123.470070000000007,,NA,NA,"122333755",obs_native,file:///D:/Simon/Sync/Root/GIS/Biodiversity%20Data/obs_native.csv?type=csv&maxFields=10000&detectTypes=yes&xField=longitude&yField=latitude&crs=EPSG:4326&spatialIndex=no&subsetIndex=no&watchFile=no
"21951",Juncus bufonius var. bufonius,Juncus,bufonius,,,,native,S5,,48.931033329999998,-123.475716700000007,,NA,NA,"122335791",obs_native,file:///D:/Simon/Sync/Root/GIS/Biodiversity%20Data/obs_native.csv?type=csv&maxFields=10000&detectTypes=yes&xField=longitude&yField=latitude&crs=EPSG:4326&spatialIndex=no&subsetIndex=no&watchFile=no
"21961",Stachys cooleyae,Stachys,cooleyae,,,,native,S5,,48.931377779999998,-123.476638899999998,,NA,NA,"122335795",obs_native,file:///D:/Simon/Sync/Root/GIS/Biodiversity%20Data/obs_native.csv?type=csv&maxFields=10000&detectTypes=yes&xField=longitude&yField=latitude&crs=EPSG:4326&spatialIndex=no&subsetIndex=no&watchFile=no
"21971",Corallorhiza striata var. striata,Corallorhiza,striata,,,,native,S5,,48.928004399999999,-123.467888500000001,,NA,NA,"122361819",obs_native,file:///D:/Simon/Sync/Root/GIS/Biodiversity%20Data/obs_native.csv?type=csv&maxFields=10000&detectTypes=yes&xField=longitude&yField=latitude&crs=EPSG:4326&spatialIndex=no&subsetIndex=no&watchFile=no
"21981",Stachys cooleyae,Stachys,cooleyae,,,,native,S5,,48.931186529999998,-123.476239800000002,,NA,NA,"122693225",obs_native,file:///D:/Simon/Sync/Root/GIS/Biodiversity%20Data/obs_native.csv?type=csv&maxFields=10000&detectTypes=yes&xField=longitude&yField=latitude&crs=EPSG:4326&spatialIndex=no&subsetIndex=no&watchFile=no
"21991",Ranunculus occidentalis var. occidentalis,Ranunculus,occidentalis,,,,native,S5,,49.014127000000002,-123.573778000000004,,NA,NA,"122904473",obs_native,file:///D:/Simon/Sync/Root/GIS/Biodiversity%20Data/obs_native.csv?type=csv&maxFields=10000&detectTypes=yes&xField=longitude&yField=latitude&crs=EPSG:4326&spatialIndex=no&subsetIndex=no&watchFile=no
"22001",Sanicula crassicaulis var. crassicaulis,Sanicula,crassicaulis,,,,native,S5,,49.013950000000001,-123.573630600000001,,NA,NA,"122904474",obs_native,file:///D:/Simon/Sync/Root/GIS/Biodiversity%20Data/obs_native.csv?type=csv&maxFields=10000&detectTypes=yes&xField=longitude&yField=latitude&crs=EPSG:4326&spatialIndex=no&subsetIndex=no&watchFile=no
"22012",Festuca rubra ssp. pruinosa,Festuca,rubra,,pruinosa,,native,S5? (2020),,49.013950000000001,-123.573630600000001,,NA,NA,"122904475",obs_native,file:///D:/Simon/Sync/Root/GIS/Biodiversity%20Data/obs_native.csv?type=csv&maxFields=10000&detectTypes=yes&xField=longitude&yField=latitude&crs=EPSG:4326&spatialIndex=no&subsetIndex=no&watchFile=no
"22021",Linnaea borealis ssp. longiflora,Linnaea,borealis,,longiflora,,native,S5,,48.927888170000003,-123.469685100000007,,NA,NA,"123036649",obs_native,file:///D:/Simon/Sync/Root/GIS/Biodiversity%20Data/obs_native.csv?type=csv&maxFields=10000&detectTypes=yes&xField=longitude&yField=latitude&crs=EPSG:4326&spatialIndex=no&subsetIndex=no&watchFile=no
"22041",Sanicula crassicaulis var. crassicaulis,Sanicula,crassicaulis,,,,native,S5,,49.012184800000000,-123.574609300000006,,NA,NA,"123316774",obs_native,file:///D:/Simon/Sync/Root/GIS/Biodiversity%20Data/obs_native.csv?type=csv&maxFields=10000&detectTypes=yes&xField=longitude&yField=latitude&crs=EPSG:4326&spatialIndex=no&subsetIndex=no&watchFile=no
"22051",Pseudotsuga menziesii var. menziesii,Pseudotsuga,menziesii,,,,native,S5,,48.895084810000000,-123.410309999999996,,NA,NA,"123934387",obs_native,file:///D:/Simon/Sync/Root/GIS/Biodiversity%20Data/obs_native.csv?type=csv&maxFields=10000&detectTypes=yes&xField=longitude&yField=latitude&crs=EPSG:4326&spatialIndex=no&subsetIndex=no&watchFile=no
"22061",Holodiscus discolor var. discolor,Holodiscus,discolor,,,,native,S5,,48.927662920000003,-123.472024800000000,,NA,NA,"123934408",obs_native,file:///D:/Simon/Sync/Root/GIS/Biodiversity%20Data/obs_native.csv?type=csv&maxFields=10000&detectTypes=yes&xField=longitude&yField=latitude&crs=EPSG:4326&spatialIndex=no&subsetIndex=no&watchFile=no
"22071",Holodiscus discolor var. discolor,Holodiscus,discolor,,,,native,S5,,48.927662920000003,-123.472024800000000,,NA,NA,"123934409",obs_native,file:///D:/Simon/Sync/Root/GIS/Biodiversity%20Data/obs_native.csv?type=csv&maxFields=10000&detectTypes=yes&xField=longitude&yField=latitude&crs=EPSG:4326&spatialIndex=no&subsetIndex=no&watchFile=no
"22081",Agoseris grandiflora var. leptophylla,Agoseris,grandiflora,,,leptophylla,native,S5,,48.947756640000001,-123.525931000000000,,NA,NA,"123934420",obs_native,file:///D:/Simon/Sync/Root/GIS/Biodiversity%20Data/obs_native.csv?type=csv&maxFields=10000&detectTypes=yes&xField=longitude&yField=latitude&crs=EPSG:4326&spatialIndex=no&subsetIndex=no&watchFile=no
"22102",Grindelia stricta,Grindelia,stricta,,,,native,S5,,48.961975760000001,-123.548885700000000,,NA,NA,"123934451",obs_native,file:///D:/Simon/Sync/Root/GIS/Biodiversity%20Data/obs_native.csv?type=csv&maxFields=10000&detectTypes=yes&xField=longitude&yField=latitude&crs=EPSG:4326&spatialIndex=no&subsetIndex=no&watchFile=no
"22112",Pteridium aquilinum ssp. pubescens,Pteridium,aquilinum,,pubescens,,native,S5,,49.011680679999998,-123.574486500000006,,NA,NA,"123934465",obs_native,file:///D:/Simon/Sync/Root/GIS/Biodiversity%20Data/obs_native.csv?type=csv&maxFields=10000&detectTypes=yes&xField=longitude&yField=latitude&crs=EPSG:4326&spatialIndex=no&subsetIndex=no&watchFile=no
"22121",Plectritis congesta ssp. congesta,Plectritis,congesta,,,,native,S5,,49.012279999999997,-123.574711699999995,,NA,NA,"123934474",obs_native,file:///D:/Simon/Sync/Root/GIS/Biodiversity%20Data/obs_native.csv?type=csv&maxFields=10000&detectTypes=yes&xField=longitude&yField=latitude&crs=EPSG:4326&spatialIndex=no&subsetIndex=no&watchFile=no
"22131",Pseudotsuga menziesii var. menziesii,Pseudotsuga,menziesii,,,,native,S5,,49.012160000000002,-123.574571700000007,,NA,NA,"123934481",obs_native,file:///D:/Simon/Sync/Root/GIS/Biodiversity%20Data/obs_native.csv?type=csv&maxFields=10000&detectTypes=yes&xField=longitude&yField=latitude&crs=EPSG:4326&spatialIndex=no&subsetIndex=no&watchFile=no
"22141",Leymus mollis ssp. mollis,Leymus,mollis,,,,native,S5,,49.012126670000001,-123.574453300000002,,NA,NA,"123934499",obs_native,file:///D:/Simon/Sync/Root/GIS/Biodiversity%20Data/obs_native.csv?type=csv&maxFields=10000&detectTypes=yes&xField=longitude&yField=latitude&crs=EPSG:4326&spatialIndex=no&subsetIndex=no&watchFile=no
"22151",Sanicula crassicaulis var. crassicaulis,Sanicula,crassicaulis,,,,native,S5,,49.012996670000000,-123.575959999999995,,NA,NA,"123934510",obs_native,file:///D:/Simon/Sync/Root/GIS/Biodiversity%20Data/obs_native.csv?type=csv&maxFields=10000&detectTypes=yes&xField=longitude&yField=latitude&crs=EPSG:4326&spatialIndex=no&subsetIndex=no&watchFile=no
"22161",Sanicula crassicaulis var. crassicaulis,Sanicula,crassicaulis,,,,native,S5,,49.012911670000001,-123.576041700000005,,NA,NA,"123934522",obs_native,file:///D:/Simon/Sync/Root/GIS/Biodiversity%20Data/obs_native.csv?type=csv&maxFields=10000&detectTypes=yes&xField=longitude&yField=latitude&crs=EPSG:4326&spatialIndex=no&subsetIndex=no&watchFile=no
"22171",Lathyrus nevadensis var. pilosellus,Lathyrus,nevadensis,,,pilosellus,native,S5,,49.012135000000001,-123.575599999999994,,NA,NA,"123934534",obs_native,file:///D:/Simon/Sync/Root/GIS/Biodiversity%20Data/obs_native.csv?type=csv&maxFields=10000&detectTypes=yes&xField=longitude&yField=latitude&crs=EPSG:4326&spatialIndex=no&subsetIndex=no&watchFile=no
"22181",Pteridium aquilinum ssp. pubescens,Pteridium,aquilinum,,pubescens,,native,S5,,49.011744999999998,-123.574848299999999,,NA,NA,"123934540",obs_native,file:///D:/Simon/Sync/Root/GIS/Biodiversity%20Data/obs_native.csv?type=csv&maxFields=10000&detectTypes=yes&xField=longitude&yField=latitude&crs=EPSG:4326&spatialIndex=no&subsetIndex=no&watchFile=no
"22191",Rosa nutkana ssp. nutkana,Rosa,nutkana,,,,native,S5,,49.012241449999998,-123.573845199999994,,NA,NA,"123934548",obs_native,file:///D:/Simon/Sync/Root/GIS/Biodiversity%20Data/obs_native.csv?type=csv&maxFields=10000&detectTypes=yes&xField=longitude&yField=latitude&crs=EPSG:4326&spatialIndex=no&subsetIndex=no&watchFile=no
"22212",Quercus garryana var. garryana,Quercus,garryana,,,,native,S5,,49.012754999999999,-123.572734999999994,,NA,NA,"123934580",obs_native,file:///D:/Simon/Sync/Root/GIS/Biodiversity%20Data/obs_native.csv?type=csv&maxFields=10000&detectTypes=yes&xField=longitude&yField=latitude&crs=EPSG:4326&spatialIndex=no&subsetIndex=no&watchFile=no
"22221",Pseudotsuga menziesii var. menziesii,Pseudotsuga,menziesii,,,,native,S5,,49.012770000000003,-123.572760000000002,,NA,NA,"123934582",obs_native,file:///D:/Simon/Sync/Root/GIS/Biodiversity%20Data/obs_native.csv?type=csv&maxFields=10000&detectTypes=yes&xField=longitude&yField=latitude&crs=EPSG:4326&spatialIndex=no&subsetIndex=no&watchFile=no
"22231",Juncus bufonius var. bufonius,Juncus,bufonius,,,,native,S5,,49.014135000000003,-123.573836700000001,,NA,NA,"123934614",obs_native,file:///D:/Simon/Sync/Root/GIS/Biodiversity%20Data/obs_native.csv?type=csv&maxFields=10000&detectTypes=yes&xField=longitude&yField=latitude&crs=EPSG:4326&spatialIndex=no&subsetIndex=no&watchFile=no
"22251",Quercus garryana var. garryana,Quercus,garryana,,,,native,S5,,49.013386670000003,-123.573623299999994,,NA,NA,"123934633",obs_native,file:///D:/Simon/Sync/Root/GIS/Biodiversity%20Data/obs_native.csv?type=csv&maxFields=10000&detectTypes=yes&xField=longitude&yField=latitude&crs=EPSG:4326&spatialIndex=no&subsetIndex=no&watchFile=no
"22261",Corallorhiza maculata var. occidentalis,Corallorhiza,maculata,,,occidentalis,native,S5,,49.011232929999998,-123.574107799999993,,NA,NA,"124067881",obs_native,file:///D:/Simon/Sync/Root/GIS/Biodiversity%20Data/obs_native.csv?type=csv&maxFields=10000&detectTypes=yes&xField=longitude&yField=latitude&crs=EPSG:4326&spatialIndex=no&subsetIndex=no&watchFile=no
"22271",Elymus glaucus ssp. glaucus,Elymus,glaucus,,,,native,S5,,49.011232929999998,-123.574107799999993,,NA,NA,"124067887",obs_native,file:///D:/Simon/Sync/Root/GIS/Biodiversity%20Data/obs_native.csv?type=csv&maxFields=10000&detectTypes=yes&xField=longitude&yField=latitude&crs=EPSG:4326&spatialIndex=no&subsetIndex=no&watchFile=no
"22301",Fragaria vesca ssp. bracteata,Fragaria,vesca,,bracteata,,native,S5,,48.996383330000000,-123.585838300000006,,NA,NA,"124508831",obs_native,file:///D:/Simon/Sync/Root/GIS/Biodiversity%20Data/obs_native.csv?type=csv&maxFields=10000&detectTypes=yes&xField=longitude&yField=latitude&crs=EPSG:4326&spatialIndex=no&subsetIndex=no&watchFile=no
"22312",Pteridium aquilinum ssp. pubescens,Pteridium,aquilinum,,pubescens,,native,S5,,48.950180979999999,-123.514009400000006,,NA,NA,"124667662",obs_native,file:///D:/Simon/Sync/Root/GIS/Biodiversity%20Data/obs_native.csv?type=csv&maxFields=10000&detectTypes=yes&xField=longitude&yField=latitude&crs=EPSG:4326&spatialIndex=no&subsetIndex=no&watchFile=no
"22321",Holodiscus discolor var. discolor,Holodiscus,discolor,,,,native,S5,,48.952653329999997,-123.520150000000001,,NA,NA,"124667718",obs_native,file:///D:/Simon/Sync/Root/GIS/Biodiversity%20Data/obs_native.csv?type=csv&maxFields=10000&detectTypes=yes&xField=longitude&yField=latitude&crs=EPSG:4326&spatialIndex=no&subsetIndex=no&watchFile=no
"22331",Corallorhiza maculata var. occidentalis,Corallorhiza,maculata,,,occidentalis,native,S5,,48.971539149999998,-123.548965600000002,,NA,NA,"124667868",obs_native,file:///D:/Simon/Sync/Root/GIS/Biodiversity%20Data/obs_native.csv?type=csv&maxFields=10000&detectTypes=yes&xField=longitude&yField=latitude&crs=EPSG:4326&spatialIndex=no&subsetIndex=no&watchFile=no
"22341",Corallorhiza maculata var. occidentalis,Corallorhiza,maculata,,,occidentalis,native,S5,,48.956469519999999,-123.530822400000005,,NA,NA,"124842328",obs_native,file:///D:/Simon/Sync/Root/GIS/Biodiversity%20Data/obs_native.csv?type=csv&maxFields=10000&detectTypes=yes&xField=longitude&yField=latitude&crs=EPSG:4326&spatialIndex=no&subsetIndex=no&watchFile=no
"22351",Elymus glaucus ssp. glaucus,Elymus,glaucus,,,,native,S5,,48.910338889999998,-123.415358299999994,,NA,NA,"125189718",obs_native,file:///D:/Simon/Sync/Root/GIS/Biodiversity%20Data/obs_native.csv?type=csv&maxFields=10000&detectTypes=yes&xField=longitude&yField=latitude&crs=EPSG:4326&spatialIndex=no&subsetIndex=no&watchFile=no
"22361",Athyrium filix-femina ssp. cyclosorum,Athyrium,filix-femina,,cyclosorum,,native,S5,,48.910861109999999,-123.415955600000004,,NA,NA,"125189746",obs_native,file:///D:/Simon/Sync/Root/GIS/Biodiversity%20Data/obs_native.csv?type=csv&maxFields=10000&detectTypes=yes&xField=longitude&yField=latitude&crs=EPSG:4326&spatialIndex=no&subsetIndex=no&watchFile=no
"22371",Bromus carinatus var. carinatus,Bromus,carinatus,,,,native,S5,,48.910958229999999,-123.415985899999995,,NA,NA,"125219489",obs_native,file:///D:/Simon/Sync/Root/GIS/Biodiversity%20Data/obs_native.csv?type=csv&maxFields=10000&detectTypes=yes&xField=longitude&yField=latitude&crs=EPSG:4326&spatialIndex=no&subsetIndex=no&watchFile=no
"22381",Stachys cooleyae,Stachys,cooleyae,,,,native,S5,,48.931252780000001,-123.476630599999993,,NA,NA,"125381630",obs_native,file:///D:/Simon/Sync/Root/GIS/Biodiversity%20Data/obs_native.csv?type=csv&maxFields=10000&detectTypes=yes&xField=longitude&yField=latitude&crs=EPSG:4326&spatialIndex=no&subsetIndex=no&watchFile=no
"22391",Holodiscus discolor var. discolor,Holodiscus,discolor,,,,native,S5,,48.952120000000001,-123.518446699999998,,NA,NA,"125612500",obs_native,file:///D:/Simon/Sync/Root/GIS/Biodiversity%20Data/obs_native.csv?type=csv&maxFields=10000&detectTypes=yes&xField=longitude&yField=latitude&crs=EPSG:4326&spatialIndex=no&subsetIndex=no&watchFile=no
"22401",Holodiscus discolor var. discolor,Holodiscus,discolor,,,,native,S5,,48.984217479999998,-123.543579500000007,,NA,NA,"125655650",obs_native,file:///D:/Simon/Sync/Root/GIS/Biodiversity%20Data/obs_native.csv?type=csv&maxFields=10000&detectTypes=yes&xField=longitude&yField=latitude&crs=EPSG:4326&spatialIndex=no&subsetIndex=no&watchFile=no
"22412",Adiantum aleuticum var. aleuticum,Adiantum,aleuticum,,,,native,S5,,48.983103280000002,-123.542757899999998,,NA,NA,"125686134",obs_native,file:///D:/Simon/Sync/Root/GIS/Biodiversity%20Data/obs_native.csv?type=csv&maxFields=10000&detectTypes=yes&xField=longitude&yField=latitude&crs=EPSG:4326&spatialIndex=no&subsetIndex=no&watchFile=no
"22421",Symphoricarpos albus var. laevigatus,Symphoricarpos,albus,,,laevigatus,native,S5,,48.877767050000003,-123.317714600000002,,NA,NA,"125707052",obs_native,file:///D:/Simon/Sync/Root/GIS/Biodiversity%20Data/obs_native.csv?type=csv&maxFields=10000&detectTypes=yes&xField=longitude&yField=latitude&crs=EPSG:4326&spatialIndex=no&subsetIndex=no&watchFile=no
"22451",Salix lasiandra var. lasiandra,Salix,lasiandra,,,,native,S5,,48.938744440000001,-123.477874999999997,,NA,NA,"126017364",obs_native,file:///D:/Simon/Sync/Root/GIS/Biodiversity%20Data/obs_native.csv?type=csv&maxFields=10000&detectTypes=yes&xField=longitude&yField=latitude&crs=EPSG:4326&spatialIndex=no&subsetIndex=no&watchFile=no
"22461",Sanicula crassicaulis var. crassicaulis,Sanicula,crassicaulis,,,,native,S5,,48.897792940000002,-123.408378700000000,,NA,NA,"126113288",obs_native,file:///D:/Simon/Sync/Root/GIS/Biodiversity%20Data/obs_native.csv?type=csv&maxFields=10000&detectTypes=yes&xField=longitude&yField=latitude&crs=EPSG:4326&spatialIndex=no&subsetIndex=no&watchFile=no
"22471",Corallorhiza maculata var. occidentalis,Corallorhiza,maculata,,,occidentalis,native,S5,,48.895686670000003,-123.405874999999995,,NA,NA,"126309800",obs_native,file:///D:/Simon/Sync/Root/GIS/Biodiversity%20Data/obs_native.csv?type=csv&maxFields=10000&detectTypes=yes&xField=longitude&yField=latitude&crs=EPSG:4326&spatialIndex=no&subsetIndex=no&watchFile=no
"22481",Corallorhiza maculata var. occidentalis,Corallorhiza,maculata,,,occidentalis,native,S5,,48.894325000000002,-123.404816699999998,,NA,NA,"126310320",obs_native,file:///D:/Simon/Sync/Root/GIS/Biodiversity%20Data/obs_native.csv?type=csv&maxFields=10000&detectTypes=yes&xField=longitude&yField=latitude&crs=EPSG:4326&spatialIndex=no&subsetIndex=no&watchFile=no
"22491",Ribes divaricatum var. divaricatum,Ribes,divaricatum,,,,native,S5,,48.898196669999997,-123.408111700000006,,NA,NA,"126351785",obs_native,file:///D:/Simon/Sync/Root/GIS/Biodiversity%20Data/obs_native.csv?type=csv&maxFields=10000&detectTypes=yes&xField=longitude&yField=latitude&crs=EPSG:4326&spatialIndex=no&subsetIndex=no&watchFile=no
"22501",Cerastium arvense ssp. strictum,Cerastium,arvense,,strictum,,native,S5,,48.866888330000002,-123.336486699999995,,NA,NA,"126385756",obs_native,file:///D:/Simon/Sync/Root/GIS/Biodiversity%20Data/obs_native.csv?type=csv&maxFields=10000&detectTypes=yes&xField=longitude&yField=latitude&crs=EPSG:4326&spatialIndex=no&subsetIndex=no&watchFile=no
"22512",Quercus garryana var. garryana,Quercus,garryana,,,,native,S5,,48.866721669999997,-123.335525000000004,,NA,NA,"126388100",obs_native,file:///D:/Simon/Sync/Root/GIS/Biodiversity%20Data/obs_native.csv?type=csv&maxFields=10000&detectTypes=yes&xField=longitude&yField=latitude&crs=EPSG:4326&spatialIndex=no&subsetIndex=no&watchFile=no
"22521",Pseudotsuga menziesii var. menziesii,Pseudotsuga,menziesii,,,,native,S5,,48.866728330000001,-123.335480000000004,,NA,NA,"126388370",obs_native,file:///D:/Simon/Sync/Root/GIS/Biodiversity%20Data/obs_native.csv?type=csv&maxFields=10000&detectTypes=yes&xField=longitude&yField=latitude&crs=EPSG:4326&spatialIndex=no&subsetIndex=no&watchFile=no
"22531",Quercus garryana var. garryana,Quercus,garryana,,,,native,S5,,48.866855000000001,-123.335371699999996,,NA,NA,"126388590",obs_native,file:///D:/Simon/Sync/Root/GIS/Biodiversity%20Data/obs_native.csv?type=csv&maxFields=10000&detectTypes=yes&xField=longitude&yField=latitude&crs=EPSG:4326&spatialIndex=no&subsetIndex=no&watchFile=no
"22561",Holodiscus discolor var. discolor,Holodiscus,discolor,,,,native,S5,,48.952135079999998,-123.518632600000004,,NA,NA,"126551874",obs_native,file:///D:/Simon/Sync/Root/GIS/Biodiversity%20Data/obs_native.csv?type=csv&maxFields=10000&detectTypes=yes&xField=longitude&yField=latitude&crs=EPSG:4326&spatialIndex=no&subsetIndex=no&watchFile=no
"22571",Cerastium arvense ssp. strictum,Cerastium,arvense,,strictum,,native,S5,,48.952676449999998,-123.520329099999998,,NA,NA,"126552809",obs_native,file:///D:/Simon/Sync/Root/GIS/Biodiversity%20Data/obs_native.csv?type=csv&maxFields=10000&detectTypes=yes&xField=longitude&yField=latitude&crs=EPSG:4326&spatialIndex=no&subsetIndex=no&watchFile=no
"22591",Eriophyllum lanatum var. leucophyllum,Eriophyllum,lanatum,,,leucophyllum,native,S5,,48.956682819999997,-123.528857299999999,,NA,NA,"126557506",obs_native,file:///D:/Simon/Sync/Root/GIS/Biodiversity%20Data/obs_native.csv?type=csv&maxFields=10000&detectTypes=yes&xField=longitude&yField=latitude&crs=EPSG:4326&spatialIndex=no&subsetIndex=no&watchFile=no
"22601",Corallorhiza maculata var. occidentalis,Corallorhiza,maculata,,,occidentalis,native,S5,,48.984965039999999,-123.555563699999993,,NA,NA,"126719040",obs_native,file:///D:/Simon/Sync/Root/GIS/Biodiversity%20Data/obs_native.csv?type=csv&maxFields=10000&detectTypes=yes&xField=longitude&yField=latitude&crs=EPSG:4326&spatialIndex=no&subsetIndex=no&watchFile=no
"22612",Pseudotsuga menziesii var. menziesii,Pseudotsuga,menziesii,,,,native,S5,,48.990743379999998,-123.561459499999998,,NA,NA,"126719947",obs_native,file:///D:/Simon/Sync/Root/GIS/Biodiversity%20Data/obs_native.csv?type=csv&maxFields=10000&detectTypes=yes&xField=longitude&yField=latitude&crs=EPSG:4326&spatialIndex=no&subsetIndex=no&watchFile=no
"22631",Quercus garryana var. garryana,Quercus,garryana,,,,native,S5,,48.894100000000002,-123.407013300000003,,NA,NA,"126768657",obs_native,file:///D:/Simon/Sync/Root/GIS/Biodiversity%20Data/obs_native.csv?type=csv&maxFields=10000&detectTypes=yes&xField=longitude&yField=latitude&crs=EPSG:4326&spatialIndex=no&subsetIndex=no&watchFile=no
"22641",Stachys cooleyae,Stachys,cooleyae,,,,native,S5,,48.865758919999998,-123.321690899999993,,NA,NA,"127157352",obs_native,file:///D:/Simon/Sync/Root/GIS/Biodiversity%20Data/obs_native.csv?type=csv&maxFields=10000&detectTypes=yes&xField=longitude&yField=latitude&crs=EPSG:4326&spatialIndex=no&subsetIndex=no&watchFile=no
"22671",Pseudotsuga menziesii var. menziesii,Pseudotsuga,menziesii,,,,native,S5,,48.885281110000001,-123.321794199999999,,NA,NA,"127159466",obs_native,file:///D:/Simon/Sync/Root/GIS/Biodiversity%20Data/obs_native.csv?type=csv&maxFields=10000&detectTypes=yes&xField=longitude&yField=latitude&crs=EPSG:4326&spatialIndex=no&subsetIndex=no&watchFile=no
"22681",Sedum lanceolatum var. nesioticum,Sedum,lanceolatum,,,nesioticum,native,S3S4,,48.862020240000000,-123.320684499999999,,NA,NA,"127180971",obs_native,file:///D:/Simon/Sync/Root/GIS/Biodiversity%20Data/obs_native.csv?type=csv&maxFields=10000&detectTypes=yes&xField=longitude&yField=latitude&crs=EPSG:4326&spatialIndex=no&subsetIndex=no&watchFile=no
"22691",Eriophyllum lanatum var. leucophyllum,Eriophyllum,lanatum,,,leucophyllum,native,S5,,48.867570000000001,-123.339033299999997,,NA,NA,"127181966",obs_native,file:///D:/Simon/Sync/Root/GIS/Biodiversity%20Data/obs_native.csv?type=csv&maxFields=10000&detectTypes=yes&xField=longitude&yField=latitude&crs=EPSG:4326&spatialIndex=no&subsetIndex=no&watchFile=no
"22701",Pseudotsuga menziesii var. menziesii,Pseudotsuga,menziesii,,,,native,S5,,48.897938330000002,-123.408036699999997,,NA,NA,"127183240",obs_native,file:///D:/Simon/Sync/Root/GIS/Biodiversity%20Data/obs_native.csv?type=csv&maxFields=10000&detectTypes=yes&xField=longitude&yField=latitude&crs=EPSG:4326&spatialIndex=no&subsetIndex=no&watchFile=no
"22712",Cuscuta pacifica var. pacifica,Cuscuta,pacifica,,,,native,S4,,48.897983330000002,-123.408040000000000,,NA,NA,"127183242",obs_native,file:///D:/Simon/Sync/Root/GIS/Biodiversity%20Data/obs_native.csv?type=csv&maxFields=10000&detectTypes=yes&xField=longitude&yField=latitude&crs=EPSG:4326&spatialIndex=no&subsetIndex=no&watchFile=no
"22721",Sarcocornia perennis,Sarcocornia,perennis,,,,native,S5,,48.897889620000001,-123.408026100000001,,NA,NA,"127183247",obs_native,file:///D:/Simon/Sync/Root/GIS/Biodiversity%20Data/obs_native.csv?type=csv&maxFields=10000&detectTypes=yes&xField=longitude&yField=latitude&crs=EPSG:4326&spatialIndex=no&subsetIndex=no&watchFile=no
"22731",Pseudotsuga menziesii var. menziesii,Pseudotsuga,menziesii,,,,native,S5,,48.881405000000001,-123.323293300000003,,NA,NA,"127183994",obs_native,file:///D:/Simon/Sync/Root/GIS/Biodiversity%20Data/obs_native.csv?type=csv&maxFields=10000&detectTypes=yes&xField=longitude&yField=latitude&crs=EPSG:4326&spatialIndex=no&subsetIndex=no&watchFile=no
"22741",Sarcocornia perennis,Sarcocornia,perennis,,,,native,S5,,48.881128330000003,-123.323828300000002,,NA,NA,"127184022",obs_native,file:///D:/Simon/Sync/Root/GIS/Biodiversity%20Data/obs_native.csv?type=csv&maxFields=10000&detectTypes=yes&xField=longitude&yField=latitude&crs=EPSG:4326&spatialIndex=no&subsetIndex=no&watchFile=no
"22751",Tiarella trifoliata var. trifoliata,Tiarella,trifoliata,,,,native,S5,,48.934944440000002,-123.476563900000002,,NA,NA,"127949341",obs_native,file:///D:/Simon/Sync/Root/GIS/Biodiversity%20Data/obs_native.csv?type=csv&maxFields=10000&detectTypes=yes&xField=longitude&yField=latitude&crs=EPSG:4326&spatialIndex=no&subsetIndex=no&watchFile=no
"22761",Spiraea douglasii var. douglasii,Spiraea,douglasii,,,,native,S5,,48.993179370000000,-123.577560199999994,,NA,NA,"129284241",obs_native,file:///D:/Simon/Sync/Root/GIS/Biodiversity%20Data/obs_native.csv?type=csv&maxFields=10000&detectTypes=yes&xField=longitude&yField=latitude&crs=EPSG:4326&spatialIndex=no&subsetIndex=no&watchFile=no
"22771",Quercus garryana var. garryana,Quercus,garryana,,,,native,S5,,48.871728330000003,-123.310770000000005,,NA,NA,"129443897",obs_native,file:///D:/Simon/Sync/Root/GIS/Biodiversity%20Data/obs_native.csv?type=csv&maxFields=10000&detectTypes=yes&xField=longitude&yField=latitude&crs=EPSG:4326&spatialIndex=no&subsetIndex=no&watchFile=no
"22781",Aquilegia formosa var. formosa,Aquilegia,formosa,,,,native,S5,,48.877516669999999,-123.367561699999996,,NA,NA,"129712041",obs_native,file:///D:/Simon/Sync/Root/GIS/Biodiversity%20Data/obs_native.csv?type=csv&maxFields=10000&detectTypes=yes&xField=longitude&yField=latitude&crs=EPSG:4326&spatialIndex=no&subsetIndex=no&watchFile=no
"22791",Quercus garryana var. garryana,Quercus,garryana,,,,native,S5,,48.990805000000002,-123.579620000000006,,NA,NA,"129714497",obs_native,file:///D:/Simon/Sync/Root/GIS/Biodiversity%20Data/obs_native.csv?type=csv&maxFields=10000&detectTypes=yes&xField=longitude&yField=latitude&crs=EPSG:4326&spatialIndex=no&subsetIndex=no&watchFile=no
"22812",Ranunculus flammula var. reptans,Ranunculus,flammula,,,reptans,native,S5,,48.877186670000000,-123.367111699999995,,NA,NA,"129778436",obs_native,file:///D:/Simon/Sync/Root/GIS/Biodiversity%20Data/obs_native.csv?type=csv&maxFields=10000&detectTypes=yes&xField=longitude&yField=latitude&crs=EPSG:4326&spatialIndex=no&subsetIndex=no&watchFile=no
"22821",Stachys cooleyae,Stachys,cooleyae,,,,native,S5,,48.877548330000003,-123.366438299999999,,NA,NA,"129778449",obs_native,file:///D:/Simon/Sync/Root/GIS/Biodiversity%20Data/obs_native.csv?type=csv&maxFields=10000&detectTypes=yes&xField=longitude&yField=latitude&crs=EPSG:4326&spatialIndex=no&subsetIndex=no&watchFile=no
"22831",Athyrium filix-femina ssp. cyclosorum,Athyrium,filix-femina,,cyclosorum,,native,S5,,48.876433329999998,-123.367596700000007,,NA,NA,"129778458",obs_native,file:///D:/Simon/Sync/Root/GIS/Biodiversity%20Data/obs_native.csv?type=csv&maxFields=10000&detectTypes=yes&xField=longitude&yField=latitude&crs=EPSG:4326&spatialIndex=no&subsetIndex=no&watchFile=no
"22841",Elymus glaucus ssp. glaucus,Elymus,glaucus,,,,native,S5,,48.869979999999998,-123.379019999999997,,NA,NA,"130111410",obs_native,file:///D:/Simon/Sync/Root/GIS/Biodiversity%20Data/obs_native.csv?type=csv&maxFields=10000&detectTypes=yes&xField=longitude&yField=latitude&crs=EPSG:4326&spatialIndex=no&subsetIndex=no&watchFile=no
"22861",Stachys cooleyae,Stachys,cooleyae,,,,native,S5,,48.870246670000000,-123.318619999999996,,NA,NA,"130431852",obs_native,file:///D:/Simon/Sync/Root/GIS/Biodiversity%20Data/obs_native.csv?type=csv&maxFields=10000&detectTypes=yes&xField=longitude&yField=latitude&crs=EPSG:4326&spatialIndex=no&subsetIndex=no&watchFile=no
"22871",Pteridium aquilinum ssp. pubescens,Pteridium,aquilinum,,pubescens,,native,S5,,48.870258329999999,-123.318420000000003,,NA,NA,"130437831",obs_native,file:///D:/Simon/Sync/Root/GIS/Biodiversity%20Data/obs_native.csv?type=csv&maxFields=10000&detectTypes=yes&xField=longitude&yField=latitude&crs=EPSG:4326&spatialIndex=no&subsetIndex=no&watchFile=no
"22891",Pseudotsuga menziesii var. menziesii,Pseudotsuga,menziesii,,,,native,S5,,48.870963330000002,-123.312553300000005,,NA,NA,"131337230",obs_native,file:///D:/Simon/Sync/Root/GIS/Biodiversity%20Data/obs_native.csv?type=csv&maxFields=10000&detectTypes=yes&xField=longitude&yField=latitude&crs=EPSG:4326&spatialIndex=no&subsetIndex=no&watchFile=no
"22901",Perideridia montana,Perideridia,montana,,,,native,S5,,48.866296669999997,-123.367733299999998,,NA,NA,"132069984",obs_native,file:///D:/Simon/Sync/Root/GIS/Biodiversity%20Data/obs_native.csv?type=csv&maxFields=10000&detectTypes=yes&xField=longitude&yField=latitude&crs=EPSG:4326&spatialIndex=no&subsetIndex=no&watchFile=no
"22912",Quercus garryana var. garryana,Quercus,garryana,,,,native,S5,,48.866284999999998,-123.367681700000006,,NA,NA,"132069985",obs_native,file:///D:/Simon/Sync/Root/GIS/Biodiversity%20Data/obs_native.csv?type=csv&maxFields=10000&detectTypes=yes&xField=longitude&yField=latitude&crs=EPSG:4326&spatialIndex=no&subsetIndex=no&watchFile=no
"22921",Perideridia montana,Perideridia,montana,,,,native,S5,,48.865618329999997,-123.366968299999996,,NA,NA,"132069987",obs_native,file:///D:/Simon/Sync/Root/GIS/Biodiversity%20Data/obs_native.csv?type=csv&maxFields=10000&detectTypes=yes&xField=longitude&yField=latitude&crs=EPSG:4326&spatialIndex=no&subsetIndex=no&watchFile=no
"22931",Elymus glaucus ssp. glaucus,Elymus,glaucus,,,,native,S5,,48.865501670000000,-123.367045000000005,,NA,NA,"132069989",obs_native,file:///D:/Simon/Sync/Root/GIS/Biodiversity%20Data/obs_native.csv?type=csv&maxFields=10000&detectTypes=yes&xField=longitude&yField=latitude&crs=EPSG:4326&spatialIndex=no&subsetIndex=no&watchFile=no
"22941",Quercus garryana var. garryana,Quercus,garryana,,,,native,S5,,48.865486670000003,-123.367090000000005,,NA,NA,"132069990",obs_native,file:///D:/Simon/Sync/Root/GIS/Biodiversity%20Data/obs_native.csv?type=csv&maxFields=10000&detectTypes=yes&xField=longitude&yField=latitude&crs=EPSG:4326&spatialIndex=no&subsetIndex=no&watchFile=no
"22961",Perideridia montana,Perideridia,montana,,,,native,S5,,48.866250000000001,-123.367408299999994,,NA,NA,"132412166",obs_native,file:///D:/Simon/Sync/Root/GIS/Biodiversity%20Data/obs_native.csv?type=csv&maxFields=10000&detectTypes=yes&xField=longitude&yField=latitude&crs=EPSG:4326&spatialIndex=no&subsetIndex=no&watchFile=no
"22971",Hordeum brachyantherum ssp. brachyantherum,Hordeum,brachyantherum,,,,native,S5,,48.897903329999998,-123.407066700000001,,NA,NA,"132886308",obs_native,file:///D:/Simon/Sync/Root/GIS/Biodiversity%20Data/obs_native.csv?type=csv&maxFields=10000&detectTypes=yes&xField=longitude&yField=latitude&crs=EPSG:4326&spatialIndex=no&subsetIndex=no&watchFile=no
"22981",Ribes divaricatum var. divaricatum,Ribes,divaricatum,,,,native,S5,,48.898363330000002,-123.408111700000006,,NA,NA,"132886913",obs_native,file:///D:/Simon/Sync/Root/GIS/Biodiversity%20Data/obs_native.csv?type=csv&maxFields=10000&detectTypes=yes&xField=longitude&yField=latitude&crs=EPSG:4326&spatialIndex=no&subsetIndex=no&watchFile=no
"22991",Perideridia montana,Perideridia,montana,,,,native,S5,,48.866705000000003,-123.356369999999998,,NA,NA,"132887194",obs_native,file:///D:/Simon/Sync/Root/GIS/Biodiversity%20Data/obs_native.csv?type=csv&maxFields=10000&detectTypes=yes&xField=longitude&yField=latitude&crs=EPSG:4326&spatialIndex=no&subsetIndex=no&watchFile=no
"23001",Prunus emarginata var. emarginata,Prunus,emarginata,,,,native,S5,,48.868736669999997,-123.354804999999999,,NA,NA,"132887282",obs_native,file:///D:/Simon/Sync/Root/GIS/Biodiversity%20Data/obs_native.csv?type=csv&maxFields=10000&detectTypes=yes&xField=longitude&yField=latitude&crs=EPSG:4326&spatialIndex=no&subsetIndex=no&watchFile=no
"23012",Sarcocornia perennis,Sarcocornia,perennis,,,,native,S5,,48.898364039999997,-123.407420299999998,,NA,NA,"133375020",obs_native,file:///D:/Simon/Sync/Root/GIS/Biodiversity%20Data/obs_native.csv?type=csv&maxFields=10000&detectTypes=yes&xField=longitude&yField=latitude&crs=EPSG:4326&spatialIndex=no&subsetIndex=no&watchFile=no
"23021",Corallorhiza maculata var. occidentalis,Corallorhiza,maculata,,,occidentalis,native,S5,,48.872164210000001,-123.364438699999994,,NA,NA,"133375141",obs_native,file:///D:/Simon/Sync/Root/GIS/Biodiversity%20Data/obs_native.csv?type=csv&maxFields=10000&detectTypes=yes&xField=longitude&yField=latitude&crs=EPSG:4326&spatialIndex=no&subsetIndex=no&watchFile=no
"23031",Stachys cooleyae,Stachys,cooleyae,,,,native,S5,,48.959152510000003,-123.509147299999995,,NA,NA,"135389799",obs_native,file:///D:/Simon/Sync/Root/GIS/Biodiversity%20Data/obs_native.csv?type=csv&maxFields=10000&detectTypes=yes&xField=longitude&yField=latitude&crs=EPSG:4326&spatialIndex=no&subsetIndex=no&watchFile=no
"23041",Holodiscus discolor var. discolor,Holodiscus,discolor,,,,native,S5,,48.964380200000001,-123.515690300000003,,NA,NA,"135679393",obs_native,file:///D:/Simon/Sync/Root/GIS/Biodiversity%20Data/obs_native.csv?type=csv&maxFields=10000&detectTypes=yes&xField=longitude&yField=latitude&crs=EPSG:4326&spatialIndex=no&subsetIndex=no&watchFile=no
"23051",Equisetum hyemale ssp. affine,Equisetum,hyemale,,affine,,native,S5,,48.964380200000001,-123.515690300000003,,NA,NA,"135679418",obs_native,file:///D:/Simon/Sync/Root/GIS/Biodiversity%20Data/obs_native.csv?type=csv&maxFields=10000&detectTypes=yes&xField=longitude&yField=latitude&crs=EPSG:4326&spatialIndex=no&subsetIndex=no&watchFile=no
"23061",Stachys cooleyae,Stachys,cooleyae,,,,native,S5,,48.892083329999998,-123.386825000000002,,NA,NA,"135830414",obs_native,file:///D:/Simon/Sync/Root/GIS/Biodiversity%20Data/obs_native.csv?type=csv&maxFields=10000&detectTypes=yes&xField=longitude&yField=latitude&crs=EPSG:4326&spatialIndex=no&subsetIndex=no&watchFile=no
"23071",Equisetum telmateia ssp. braunii,Equisetum,telmateia,,braunii,,native,S5,,48.892446669999998,-123.388213300000004,,NA,NA,"135830771",obs_native,file:///D:/Simon/Sync/Root/GIS/Biodiversity%20Data/obs_native.csv?type=csv&maxFields=10000&detectTypes=yes&xField=longitude&yField=latitude&crs=EPSG:4326&spatialIndex=no&subsetIndex=no&watchFile=no
"23081",Argentina anserina,Argentina,anserina,,,,native,S5,,48.898388330000003,-123.402680000000004,,NA,NA,"135832266",obs_native,file:///D:/Simon/Sync/Root/GIS/Biodiversity%20Data/obs_native.csv?type=csv&maxFields=10000&detectTypes=yes&xField=longitude&yField=latitude&crs=EPSG:4326&spatialIndex=no&subsetIndex=no&watchFile=no
"23091",Sarcocornia perennis,Sarcocornia,perennis,,,,native,S5,,48.898033329999997,-123.402046700000000,,NA,NA,"135833559",obs_native,file:///D:/Simon/Sync/Root/GIS/Biodiversity%20Data/obs_native.csv?type=csv&maxFields=10000&detectTypes=yes&xField=longitude&yField=latitude&crs=EPSG:4326&spatialIndex=no&subsetIndex=no&watchFile=no
"23102",Stachys cooleyae,Stachys,cooleyae,,,,native,S5,,48.910290349999997,-123.381528200000005,,NA,NA,"136358113",obs_native,file:///D:/Simon/Sync/Root/GIS/Biodiversity%20Data/obs_native.csv?type=csv&maxFields=10000&detectTypes=yes&xField=longitude&yField=latitude&crs=EPSG:4326&spatialIndex=no&subsetIndex=no&watchFile=no
